-6
-28
-12
32
8
-13
5
8
-29
-1
-3
-30
-25
-7
-24
-11
11
-42
-3
-18
-16
16
-21
18
-24
1
24
-7
14
8
-4
20
-15
-6
12
-30
2
-25
-14
-27
-35
-31
-79
-28
-79
-58
-77
-69
-24
-69
9
-60
14
-24
28
12
-12
61
-22
62
-25
100
22
21
112
-6
105
59
106
87
93
111
78
81
-14
46
23
-35
63
-29
-13
89
-88
8
89
-55
35
48
-73
24
21
-111
59
-29
-34
66
12
24
81
80
12
94
-24
134
-81
-24
139
-198
107
-22
-90
31
-113
-31
-76
-150
5
-122
-104
3
-115
-15
-25
-55
74
24
-36
147
16
-14
83
-30
-49
57
-42
-19
46
-34
19
-111
2
-65
-116
-64
-144
-23
-95
-127
-65
-16
-172
-120
-18
-234
-52
-116
-159
-117
-52
-21
-130
37
16
-41
-30
57
7
-27
39
-7
-90
-9
-52
-35
20
-63
121
-56
-9
90
49
-58
52
159
-115
105
18
7
15
7
38
5
109
41
187
55
204
172
120
276
93
234
77
180
131
13
212
150
35
104
161
86
3
164
105
18
80
-14
95
-78
79
40
-67
132
-38
83
89
-30
93
25
-3
42
43
41
52
-40
72
-32
11
-25
-41
39
-310
50
-95
-298
11
-119
-241
-142
-46
-216
-174
12
-198
-140
30
-239
57
-27
-93
-27
51
-85
-75
99
-111
-33
-23
-7
-88
-22
118
31
-98
152
46
-84
179
-29
116
-32
-64
120
-168
39
26
-120
84
-106
109
-6
-4
229
-153
127
156
-98
128
10
47
-20
-86
171
-20
-32
231
-35
-55
210
-94
52
34
-82
66
-16
-139
44
161
-239
298
113
-73
257
-29
243
-66
177
220
-191
304
-206
145
42
-281
305
-153
92
-68
70
-92
-223
304
-485
247
-185
0
32
-297
382
-514
204
-58
-104
34
-67
263
-248
232
21
96
-17
-179
320
-585
183
-84
-367
235
-424
220
-364
104
-100
-235
175
-325
174
-299
223
-336
-51
90
-436
328
-418
349
-77
-110
362
-245
59
5
-49
-222
171
-284
34
-126
-293
47
-426
-2
-164
-149
-111
106
-375
141
-72
-209
338
-433
335
-288
16
-34
-51
85
55
159
-133
580
-477
589
-127
68
235
-172
330
-390
354
-393
251
-367
278
-150
-186
304
-371
80
-199
10
-272
314
-496
318
-119
-55
302
-247
473
-75
252
124
259
1
148
32
107
50
-170
330
-160
22
1
102
-183
-43
129
-211
128
-166
255
-172
35
174
-53
-112
222
-6
-173
314
-194
180
79
2
124
211
-108
382
64
8
339
-240
266
-189
-97
258
-461
229
-26
-225
405
-441
340
-22
-355
553
-349
-30
239
-289
256
-64
104
357
-293
575
-127
-2
482
-257
239
55
99
-4
-32
87
-28
-169
300
-38
-35
110
-99
234
-627
423
-149
-403
427
-369
59
-5
-162
50
37
-257
405
-182
-54
448
-240
189
87
89
16
177
15
217
-145
204
2
-145
260
-319
327
-456
366
-343
78
-12
-344
413
-727
418
-263
-229
191
-323
115
-206
124
-244
206
-233
203
-234
-118
292
-491
265
-254
163
-339
-49
300
-389
54
187
-254
-7
233
-335
454
-502
243
-111
-233
181
-237
194
-310
297
-257
42
217
-317
287
-168
148
-257
-28
242
-529
451
-97
-91
214
-290
274
-201
-68
279
-359
81
-212
188
-432
-67
193
-634
411
-449
205
-39
-244
267
-87
0
121
32
72
43
-21
282
-108
143
90
17
33
172
-185
279
-160
-12
111
100
-114
-20
476
-605
575
-300
93
79
-183
261
-202
145
-86
42
-136
102
-294
89
-184
-42
-33
-153
126
-336
195
-242
16
86
-127
-73
85
-6
-315
475
-306
144
122
-201
284
-229
247
-86
212
-52
72
179
-162
243
-198
132
-300
-29
-69
-331
260
-592
476
-608
118
210
-776
828
-720
292
16
-246
499
-454
435
57
-166
443
-260
262
-147
24
-40
-83
-63
-196
237
-511
462
-408
232
42
-270
565
-571
635
-503
168
49
-366
382
-605
685
-582
323
35
-86
291
-449
848
-703
353
148
-199
120
-4
88
-151
103
156
-332
304
-174
-106
202
-300
283
-345
372
-358
112
109
-460
620
-782
598
-236
-74
246
8
115
-153
631
-658
754
-281
58
428
-532
780
-666
437
125
-403
429
-232
189
-333
385
-281
34
230
-581
703
-587
278
89
-172
155
32
-147
164
113
-242
496
-273
340
-142
369
-52
46
372
-219
399
-199
517
-471
609
-210
-142
618
-875
927
-775
448
-14
-297
172
-98
-23
-292
453
-572
377
-201
39
190
-222
267
-42
56
-20
18
50
34
-270
368
-434
284
-123
-9
150
-164
262
-412
574
-560
519
-387
298
-53
-567
813
-895
652
-642
482
-7
-622
970
-794
550
-308
152
204
-490
655
-439
379
-149
-70
383
-512
478
-462
310
-256
-226
322
-540
516
-703
628
-374
-110
378
-563
676
-888
709
-360
-283
409
-443
92
-39
-188
91
64
-360
278
-46
-311
385
-188
-57
429
-596
465
-192
-267
231
-170
-154
19
131
-398
508
-532
266
186
-616
615
-346
-157
402
-457
355
-34
-301
508
-623
417
-311
125
-3
-248
341
-663
856
-921
550
-3
-596
760
-667
397
-17
-58
-30
198
-251
150
22
-69
277
-511
551
-504
149
-104
-32
63
-312
352
-460
323
-447
215
-18
-603
701
-700
24
262
-591
277
-166
-113
-59
198
-379
332
-120
-195
484
-538
405
-24
23
161
141
-18
164
77
-81
459
-304
250
75
94
-161
274
2
-54
155
-91
194
-271
308
-298
325
-151
-179
685
-620
351
160
-15
-115
463
-242
258
-31
165
3
-12
135
-138
238
-448
666
-652
401
-119
-38
13
-243
514
-918
739
-608
83
-117
-262
387
-864
842
-713
253
149
-585
1001
-1240
901
-175
-601
834
-491
245
-30
216
-134
176
-89
301
-411
216
11
-388
342
-555
593
-756
489
-178
-231
380
-473
506
-443
250
-170
103
-172
261
28
-103
518
-487
582
-233
283
170
-138
454
-242
287
-165
258
-67
115
-89
144
160
-590
732
-446
-59
305
-376
385
-413
265
-212
98
-175
48
307
-628
975
-742
444
215
-404
639
-471
361
-165
-95
272
-323
28
145
-365
81
-254
2
-302
-20
60
-561
582
-774
476
-241
-110
447
-678
625
-386
142
201
-114
196
84
17
359
86
-25
712
-779
655
-10
-231
665
-471
441
-209
-143
383
-476
282
-156
-252
350
-785
553
-325
-330
429
-591
392
-168
-285
811
-1057
834
-236
-335
825
-678
482
-203
141
-32
-118
-21
59
-312
-200
658
-1193
1009
-716
-167
836
-1675
1597
-1109
-5
623
-1075
1191
-1345
1049
-319
-573
1065
-1141
966
-636
95
690
-1328
1463
-943
70
675
-1340
1667
-1542
430
637
-1628
1494
-1019
329
331
-976
990
-849
57
444
-530
238
-76
75
25
149
127
227
6
164
118
182
191
-62
596
-589
809
-470
287
148
-420
1044
-1379
1095
-442
-667
1318
-1291
504
299
-838
1002
-905
448
293
-808
847
-496
357
73
-245
592
-432
332
-196
191
-52
-311
804
-1036
886
-443
-377
874
-1061
713
-442
128
-156
-411
458
-245
-265
-135
517
-989
469
137
-544
549
-543
428
-112
-227
628
-310
-38
667
-784
800
-336
45
75
11
196
-639
672
-484
-57
-198
31
-328
-42
-366
337
-180
-439
882
-843
658
-302
94
461
-681
869
-562
458
-220
273
-38
-10
408
-536
1028
-774
705
-30
-273
810
-897
576
-214
-164
-43
-52
-209
-153
-52
-258
316
-416
501
-173
208
64
-125
298
-22
61
34
298
-214
337
-132
135
245
-240
282
107
-105
-2
63
-324
192
-329
117
-366
301
-331
-307
881
-1301
1202
-633
135
406
-837
1162
-1242
1242
-911
752
-75
-450
1228
-1231
1124
-472
208
270
-291
200
44
-439
291
-308
-323
176
-547
175
-421
304
-552
544
-179
-168
675
-651
688
-532
437
-112
65
-21
163
223
-487
856
-389
198
22
164
158
-235
167
214
-571
42
162
-707
420
-539
69
-224
-2
-330
387
-318
103
239
-600
989
-1171
771
-66
-363
368
116
-131
315
-57
110
497
-680
945
-579
240
45
-303
229
-348
-98
100
-242
-394
626
-873
256
128
-285
254
-224
295
-529
309
-333
209
-153
-195
775
-783
572
-175
314
-53
71
282
-2
-126
2
286
-495
272
-288
-144
132
-684
318
39
-715
985
-933
975
-598
169
455
-702
921
-832
905
-611
191
460
-953
1229
-826
296
378
-633
854
-790
545
-300
-311
148
-62
-589
389
-325
-480
595
-1133
969
-736
18
623
-950
859
-477
76
337
-289
376
-172
388
-199
295
106
-276
662
-650
651
-197
-162
229
-284
-281
296
-699
217
-34
-626
322
-124
-625
490
-225
-132
571
-804
1026
-820
342
257
-204
449
-331
813
-764
872
-446
569
39
-189
787
-754
806
-620
238
-60
-146
-149
144
-46
-517
447
-231
-152
62
49
113
-107
40
634
-711
683
60
-204
722
-728
795
-233
-253
461
-210
-167
378
-281
131
193
-468
122
194
-681
408
-81
-554
457
-686
196
112
-289
177
143
-207
307
-29
187
102
-153
372
-352
361
-202
347
-259
225
-144
150
-68
-285
456
-757
294
-374
159
-571
81
99
-870
818
-739
410
-392
133
247
-879
1160
-742
208
54
32
-75
106
15
430
-171
-80
994
-991
734
180
-366
532
-319
200
161
-471
380
-458
65
-180
-431
654
-972
702
-496
106
232
-725
1008
-548
493
-291
314
-84
-314
643
-377
507
-450
653
-261
198
181
4
396
-367
552
-385
276
27
-482
480
-435
-212
235
-437
85
-183
-186
159
-302
-28
390
-657
339
42
-470
477
-234
116
-33
74
33
38
242
-7
67
64
181
-232
130
268
-536
179
10
-200
157
-238
345
-476
-71
200
-201
-219
200
107
-496
508
-218
93
81
-67
620
-811
751
-11
-356
654
-400
453
-589
542
-94
-549
525
-420
-129
-188
-173
31
-513
96
-110
-294
-138
71
-194
228
-219
83
251
-562
691
-305
135
333
-253
613
-497
321
331
-579
585
-141
-287
421
-591
549
-466
-131
258
-718
514
-459
350
-392
117
220
-579
340
208
-179
163
196
52
137
-59
620
-406
407
208
-389
638
-373
398
22
-122
512
-665
262
275
-900
824
-316
-456
456
-543
325
-801
831
-596
-9
307
-340
751
-819
1216
-504
284
21
-63
270
-321
591
-541
432
-216
-314
147
-103
-223
-213
-6
-20
-521
274
-286
-159
242
-574
810
-737
683
-30
-384
886
-882
824
-490
631
-468
128
308
-450
297
51
171
-299
377
-361
394
-488
608
-174
-224
489
-998
1114
-1123
410
393
-965
839
-904
618
-454
-224
656
-636
572
-370
586
-124
-38
607
-536
670
-358
438
-195
173
131
-628
703
-591
-29
117
43
-429
-96
535
-791
205
500
-824
758
-740
685
-93
-659
1306
-952
482
35
12
162
-117
212
51
-180
-24
357
-414
240
222
-396
464
-202
-91
298
-345
127
-38
-76
-105
29
-143
101
-328
165
324
-831
735
-147
-385
374
186
23
-169
570
-599
477
-253
-33
641
-840
1060
-869
731
-32
-576
1245
-978
488
-139
142
147
-584
620
-511
-83
165
-227
413
-570
362
-53
-515
661
-676
615
-329
129
116
-325
412
-514
360
175
-294
263
168
-301
129
-37
-129
-74
52
-338
221
-261
-129
-7
-500
509
-438
-20
472
-658
92
131
-342
542
-595
450
135
-859
1173
-893
198
321
-769
956
-740
263
452
-712
697
-368
59
368
-650
416
-114
-206
354
-638
678
-484
-260
850
-913
611
-146
74
470
-619
873
-520
121
324
-58
138
-66
295
-388
27
188
21
-152
106
70
-151
-162
-18
65
-375
-5
184
-319
118
-184
61
199
-341
630
-261
226
56
-193
545
-497
169
322
-433
263
-232
-62
55
-490
245
-75
-456
318
-224
-193
269
-405
98
-116
-301
12
-164
-154
-92
-105
28
10
323
-83
204
159
-88
292
18
297
-64
204
-39
129
98
-183
409
-295
77
-51
-112
-129
-262
-80
-211
-145
-278
9
-139
-505
68
-77
-297
138
-32
100
-90
109
105
-48
-30
-65
126
-26
11
154
-81
-149
83
-245
199
184
-132
348
-274
-49
-33
-202
205
-219
185
-72
-100
-23
-22
10
47
128
87
-11
127
34
-94
24
33
12
-8
-31
74
-63
-174
202
-41
-79
136
155
31
145
125
148
-26
135
284
175
18
259
-82
247
32
127
384
-156
331
-152
220
-29
15
-80
-251
-19
-335
-104
-226
-308
-455
-252
-518
-141
-389
-378
-354
-538
-366
-515
-361
-273
-395
-471
-519
-635
-685
-640
-558
-579
-600
-579
-645
-554
-328
-166
-57
-133
-80
-118
-14
107
499
732
471
668
917
732
905
1043
1116
1063
1044
1173
1035
950
812
876
826
758
778
734
396
271
67
-104
-4
-167
-18
-46
-93
-249
-269
-34
-89
163
378
279
431
246
383
562
352
746
538
658
770
508
926
437
538
363
202
416
-137
254
-289
-274
-599
-601
-592
-861
-590
-879
-828
-1020
-1089
-1253
-1254
-1278
-1105
-1287
-1285
-1310
-1747
-1571
-1823
-1686
-1520
-1657
-1432
-1453
-894
-258
-499
-692
-552
-419
-115
452
1348
1325
379
431
785
962
1278
1909
2227
1623
1439
1437
1534
1075
917
1332
1188
798
730
342
-357
-877
-957
-442
-672
-833
-1038
-1127
-1411
-1664
-1209
-973
-944
-739
-357
-333
-410
-444
-24
325
610
1213
1326
1415
1125
1264
1648
1801
1956
2135
2268
1960
1792
1640
1581
1383
1271
1328
1234
887
360
69
-221
-363
-284
-256
-301
-527
-951
-943
-1007
-1098
-849
-708
-542
-739
-686
-748
-814
-591
-431
-60
-39
-198
-154
-241
-271
-169
-42
44
26
-183
-320
-668
-986
-1000
-1122
-1151
-1361
-1748
-2104
-2566
-2724
-2805
-2640
-2945
-2288
-1065
-439
-1035
-2182
-1573
-1061
-312
1729
3212
2294
175
274
1470
2215
3083
4250
4206
2504
1739
1990
2234
1436
1427
2092
1578
615
-314
-768
-1953
-2584
-1791
-1079
-1493
-2944
-3216
-3534
-3661
-3087
-2144
-1377
-1615
-1576
-1209
-1039
-958
-355
723
1705
2119
2311
2416
2080
1918
2697
3654
3844
3605
3003
2522
1969
1688
1854
1976
1730
1350
852
302
-371
-879
-712
-400
-107
-566
-782
-1420
-1657
-1386
-813
-132
-42
-97
-226
-301
-214
71
614
1033
1065
938
721
410
284
392
818
810
566
112
-404
-638
-800
-676
-648
-751
-1193
-1678
-2036
-2295
-2388
-2220
-1911
-2159
-2381
-2844
-3214
-3272
-3211
-2625
-2388
-2058
-441
656
-147
-1845
-1443
37
1274
3089
4632
3724
138
-640
1479
3436
4110
4582
4625
2018
219
686
2018
1855
1288
1633
866
-950
-2238
-2297
-2375
-2488
-1987
-1296
-2192
-3995
-4573
-3777
-2766
-2135
-1264
-888
-1331
-1605
-1022
-96
543
1197
2140
2840
2722
2512
2493
2746
3325
3847
4524
4034
3013
1935
1791
2120
2131
2069
1346
534
-788
-665
-374
-303
-805
-1122
-1009
-1551
-1075
-1125
-791
-926
-837
-87
-77
141
245
530
873
1059
1368
1519
1316
1249
1283
1299
1114
931
734
296
81
-359
-386
-672
-866
-984
-1337
-1540
-2092
-2160
-2151
-2159
-2086
-2385
-2537
-2839
-2803
-2803
-2305
-2278
-2406
-2654
-2963
-2682
-2480
-319
1761
1750
-1175
-2229
-537
970
3143
4784
4744
622
-2096
104
3075
4367
3992
3824
1705
-911
-714
1141
2044
1018
615
146
-1544
-3072
-2976
-2066
-1980
-1838
-1813
-2569
-4388
-4972
-3510
-1771
-878
-946
-1031
-1337
-1227
-42
1256
2112
2236
2504
2883
2963
2941
3118
3776
4157
4344
4128
3319
2300
1771
1972
2427
2212
1231
70
-966
-1289
-1218
-479
-212
-697
-1761
-2180
-1996
-1445
-341
125
301
-445
-578
6
828
1800
2199
2121
1634
1336
1576
2043
2417
2381
1872
1228
558
307
335
320
159
-418
-1160
-1750
-2131
-2185
-2078
-2165
-2462
-2925
-3241
-3211
-2913
-2667
-2594
-2613
-2709
-2821
-2581
-2477
-2227
-2304
-2139
-2272
-2456
-2359
-1612
1050
2079
588
-2225
-1765
253
1906
4046
4751
2635
-1769
-1694
2048
4615
4615
3507
2489
41
-769
965
2891
2579
1008
183
-920
-2039
-2261
-1347
-868
-1282
-1763
-2503
-3627
-4219
-3051
-1246
-382
-796
-1527
-1737
-1397
-9
1426
2151
1999
1702
1707
2090
2663
3406
3789
3701
3489
3078
2712
2316
2361
2489
2407
1650
530
-347
-841
-613
-157
-216
-628
-1578
-2075
-2173
-1270
-345
-102
-355
-823
-443
20
807
1526
1846
1585
1209
1247
1736
2275
2308
2257
1682
1160
591
566
754
598
61
-776
-1296
-1744
-1778
-1566
-1537
-2032
-2574
-2940
-2896
-2703
-2499
-2298
-2447
-2703
-2857
-2499
-2288
-1896
-1899
-2078
-2337
-2398
-2168
-2065
-1931
-561
2043
2222
-731
-3228
-1182
1561
3384
4564
4286
539
-3621
-1144
3804
6090
4351
2487
739
-1381
-513
2445
4510
2668
189
-1151
-2062
-2112
-1204
10
-521
-1875
-3067
-3676
-3971
-3456
-1782
-612
-958
-2208
-2781
-2224
-637
1208
2309
1811
989
777
1588
2776
3804
4348
3944
3087
2610
2996
3309
3291
3115
2843
2026
913
177
120
185
303
178
-465
-1524
-2287
-1984
-1370
-308
-249
-810
-1534
-1604
-490
561
1516
1560
1230
684
714
1475
2416
2786
2315
1641
982
780
895
1379
1356
496
-561
-1233
-1309
-1156
-1025
-1153
-1735
-2674
-3147
-3074
-2661
-2418
-2541
-2886
-3273
-3307
-3098
-2559
-2338
-2489
-2653
-2879
-2718
-2965
-2517
-2238
-1282
1015
2070
264
-3418
-2168
1212
3790
4533
3899
1559
-2782
-1672
3367
6885
5567
2452
702
-904
22
2788
5004
3641
352
-1479
-2264
-1633
-322
753
-162
-2376
-3643
-4080
-3592
-2845
-1341
-701
-1847
-3252
-3565
-2231
-509
1150
1754
919
-200
-242
1248
3041
4032
4035
3415
2535
2218
3021
3978
4333
3628
2630
1958
1393
1153
1093
1137
988
76
-974
-1598
-1354
-1013
-875
-572
-913
-1463
-1899
-1205
-25
523
578
230
318
555
987
1448
1838
2020
1571
1237
1057
1256
1337
1264
1155
547
-227
-903
-883
-653
-555
-812
-1561
-2282
-2654
-2401
-2038
-1931
-2308
-2868
-3080
-3113
-2737
-2403
-2217
-2392
-2487
-2626
-2775
-2823
-2572
-2168
-2282
-632
1295
984
-2445
-3781
-477
2387
3756
3376
2460
-1125
-3365
515
5363
6587
3163
781
-437
-551
1697
4267
4876
1640
-1244
-2168
-1540
113
1157
895
-1596
-3465
-3906
-3260
-2185
-1496
-1069
-2181
-3493
-3851
-2583
-710
470
798
95
-795
-709
625
2512
3416
3313
2661
2172
2247
2939
4246
4767
4070
2811
2136
2255
2302
2388
2049
1688
1274
113
-371
-617
104
-214
-329
-166
-808
-1263
-1803
-336
597
569
274
-243
131
247
895
1350
1610
1317
706
687
955
1391
1301
1152
904
391
-149
-341
-90
131
-30
-558
-1260
-1849
-1948
-1641
-1348
-1531
-2324
-3009
-3224
-2836
-2533
-2406
-2786
-3259
-3451
-3703
-3294
-3459
-3274
-3418
-2340
-33
202
-1921
-4683
-2466
866
2973
3287
2169
-181
-3379
-726
4538
7293
5135
1608
423
-31
2221
5007
6340
3920
9
-1394
-939
1230
2446
1883
-728
-3348
-3761
-3070
-1816
-1248
-1561
-2747
-4262
-4313
-3165
-1516
-597
-708
-1258
-2039
-1562
-342
1295
2168
2097
1850
1535
2098
2819
3935
4441
3975
3203
2696
3099
3481
3440
3102
2631
1900
927
584
952
1052
626
-100
-655
-1085
-1322
-966
-425
-232
-629
-1255
-1319
-743
-19
192
75
-60
21
112
362
781
960
759
472
673
949
774
437
280
473
586
388
64
-355
-703
-856
-686
-682
-1140
-1868
-2409
-2454
-2425
-2408
-2640
-3033
-3518
-3663
-3406
-3415
-3657
-3846
-3763
-2360
-760
-740
-3008
-4224
-2278
244
2064
2369
1542
-1141
-2607
483
4766
6315
4059
1708
600
877
3382
5841
6135
3087
32
-587
708
2671
2987
1532
-1174
-2831
-2570
-1464
-571
-946
-2209
-3636
-4163
-3372
-2180
-1393
-1542
-2130
-2380
-2054
-1001
-163
489
693
738
1003
1306
1971
2437
2949
3138
2977
2951
2930
3280
3165
3146
3136
2816
2212
1475
1671
1685
1647
1198
480
-108
-659
-256
203
409
-97
-887
-1174
-943
-229
-28
-202
-741
-922
-678
-488
-183
-196
-303
-496
-351
80
197
-38
-343
-242
154
404
363
-111
-526
-577
-303
-51
-221
-750
-1466
-1617
-1415
-1197
-1313
-1751
-2155
-2538
-2481
-2352
-2247
-2535
-2823
-2852
-2751
-1975
-1410
-1410
-2490
-3008
-1974
-576
536
621
137
-973
-1397
124
2197
3492
2862
1601
824
1068
2663
4035
4216
2899
1356
781
1218
2368
2780
1975
285
-835
-680
-39
306
-172
-932
-1815
-2117
-1613
-1085
-1037
-1512
-1703
-1579
-1443
-1210
-1002
-695
-561
-279
148
429
490
536
1025
1503
1808
1875
1809
1692
1608
1700
2039
2332
2098
1619
1250
1339
1485
1538
1641
1484
1183
851
900
1046
1026
960
762
587
201
-43
-110
-82
-254
-665
-829
-826
-701
-652
-600
-628
-817
-990
-967
-568
-446
-356
-534
-701
-588
-472
-251
-202
-238
-425
-516
-353
-120
-71
-364
-543
-629
-644
-651
-717
-799
-944
-1192
-1247
-1272
-1549
-1645
-1571
-1615
-1821
-1909
-1848
-1894
-1992
-1644
-1381
-1368
-1383
-1259
-991
-731
-533
-367
-147
-16
68
167
351
618
732
817
932
1053
1067
948
1019
1174
1244
1104
947
826
712
656
655
688
470
249
201
118
33
-113
-53
30
14
-53
-81
-22
-106
-110
96
392
478
385
370
523
650
649
788
955
1077
939
835
971
1097
1106
1004
1047
1187
1208
1008
885
975
963
821
877
1019
869
457
340
491
486
275
192
204
147
-7
-82
-99
-315
-463
-387
-110
-124
-512
-862
-884
-649
-473
-356
-433
-649
-837
-752
-379
-261
-425
-611
-600
-400
-391
-443
-558
-681
-744
-636
-447
-492
-691
-911
-1050
-929
-721
-647
-758
-924
-964
-922
-792
-567
-360
-322
-408
-439
-352
-124
68
180
222
174
186
229
418
524
565
445
323
334
390
447
367
326
157
-25
-71
-64
-124
-278
-349
-361
-450
-682
-735
-550
-419
-440
-629
-638
-738
-776
-513
-126
100
-190
-427
-372
-45
245
380
560
524
347
289
643
1067
1127
928
847
1027
1186
1230
1234
1328
1315
1234
1309
1479
1544
1221
918
967
1164
1150
927
773
610
474
446
518
443
65
-223
-175
27
-38
-323
-572
-634
-586
-513
-442
-505
-733
-848
-669
-452
-409
-599
-670
-591
-461
-408
-435
-402
-504
-581
-598
-521
-536
-669
-697
-680
-569
-601
-629
-647
-631
-588
-655
-613
-520
-348
-305
-315
-284
-298
-146
67
290
279
166
101
252
488
643
698
602
493
386
516
686
737
564
298
213
214
226
196
210
199
39
-211
-429
-379
-282
-258
-321
-444
-617
-847
-790
-452
-214
-346
-747
-899
-781
-529
-337
-220
-153
-334
-465
-319
99
406
366
250
278
413
480
560
768
921
834
701
751
982
1056
957
885
817
694
605
694
858
809
531
380
359
286
128
70
68
-77
-244
-250
-158
-228
-394
-392
-329
-359
-474
-536
-502
-534
-539
-459
-376
-358
-408
-418
-330
-236
-276
-388
-538
-538
-458
-317
-265
-341
-420
-525
-460
-347
-247
-262
-355
-315
-233
-99
-38
-96
-191
-212
-94
50
78
30
2
33
98
170
223
287
268
243
256
320
391
307
179
90
99
122
152
196
215
96
-54
-124
-39
108
174
100
-98
-289
-399
-350
-214
-62
-53
-298
-491
-485
-256
-96
-87
-119
-198
-216
-199
-43
182
251
140
78
204
404
456
483
617
718
699
611
712
884
923
840
801
787
659
612
715
861
793
585
459
425
432
395
373
279
115
-11
-34
-12
-30
-80
-120
-175
-283
-364
-364
-386
-446
-498
-471
-420
-482
-605
-645
-551
-470
-444
-505
-573
-633
-654
-612
-557
-490
-519
-570
-587
-511
-471
-441
-333
-207
-121
-126
-91
-87
-95
-46
14
43
-30
-51
18
59
55
36
82
82
118
163
165
142
74
59
4
31
67
111
117
94
111
51
32
10
91
150
87
-15
-127
-140
-144
-118
-65
-32
-147
-367
-457
-356
-182
-168
-245
-334
-366
-340
-230
-56
28
-25
-151
-168
-8
163
215
166
167
210
267
415
581
640
530
449
505
619
648
670
749
750
656
575
633
698
643
584
538
509
423
353
332
315
271
191
118
28
-101
-183
-164
-213
-349
-497
-502
-452
-461
-499
-519
-511
-512
-471
-433
-446
-471
-456
-396
-296
-229
-193
-177
-157
-90
22
109
155
169
186
190
196
217
251
293
232
148
61
22
39
-12
-62
-178
-254
-299
-266
-186
-205
-286
-425
-476
-429
-313
-257
-239
-297
-364
-396
-351
-213
-128
-94
-146
-152
-145
-112
-34
1
28
46
74
6
-56
-53
52
149
156
124
76
73
76
118
161
134
52
-43
-20
66
119
86
44
43
49
111
193
258
188
95
95
181
223
236
286
333
358
355
406
468
518
515
501
474
416
381
388
357
329
288
253
199
112
27
-79
-198
-294
-355
-390
-418
-480
-589
-672
-689
-695
-722
-777
-831
-893
-878
-832
-718
-615
-551
-501
-470
-350
-205
-48
70
133
204
289
385
485
553
611
648
633
598
567
581
611
581
507
424
363
289
265
295
277
162
37
4
28
50
48
25
-46
-144
-217
-216
-176
-143
-120
-183
-255
-282
-185
-65
-9
-35
-68
-65
-81
-21
93
186
179
97
114
155
177
186
187
224
154
64
36
76
104
43
7
-32
-24
3
45
60
39
23
23
50
65
60
39
65
57
66
76
60
50
55
152
205
171
108
107
132
103
85
78
54
3
-17
5
-35
-111
-163
-184
-194
-230
-258
-299
-362
-438
-481
-481
-472
-509
-569
-606
-581
-543
-473
-416
-397
-427
-416
-294
-189
-139
-141
-112
-30
4
46
117
239
341
327
309
343
396
387
374
398
386
287
225
272
313
218
67
-2
-26
-78
-102
-53
-21
-80
-156
-111
-42
-38
-101
-147
-170
-225
-245
-193
-117
-121
-159
-155
-112
-88
-79
-37
24
60
40
75
120
130
122
132
211
218
145
107
175
238
209
142
133
152
146
158
181
197
176
139
145
181
203
170
142
131
128
126
141
200
222
235
232
257
261
244
193
172
177
186
179
126
92
4
-71
-104
-93
-117
-213
-296
-288
-239
-266
-331
-385
-447
-491
-535
-528
-527
-535
-529
-467
-396
-401
-414
-405
-315
-209
-141
-87
-24
47
80
117
164
222
208
142
142
202
273
291
311
361
364
362
387
428
410
315
236
168
154
132
123
119
91
26
-53
-63
-38
-50
-98
-119
-117
-130
-175
-189
-175
-175
-186
-213
-224
-242
-234
-207
-158
-134
-145
-151
-143
-54
32
64
25
-44
-75
-33
12
25
-17
-102
-108
-60
8
35
7
-9
-47
-73
-60
0
18
-19
-40
-32
2
7
54
133
199
181
151
184
226
269
276
315
313
249
208
213
242
202
139
109
110
86
57
32
16
-16
-96
-170
-201
-189
-177
-186
-186
-211
-245
-247
-232
-215
-212
-195
-183
-154
-103
-64
-7
36
68
77
67
95
123
119
99
99
119
127
97
101
141
163
161
163
151
132
117
103
96
47
15
18
-2
-44
-88
-108
-92
-83
-106
-133
-151
-144
-131
-106
-47
-14
6
38
52
50
28
16
36
46
55
48
22
33
87
178
189
129
83
42
65
79
95
36
-49
-48
-27
0
-32
-77
-103
-132
-144
-95
-27
-23
-67
-121
-124
-131
-122
-95
-85
-112
-147
-108
-57
-16
5
48
99
100
69
73
110
123
98
56
30
-20
-86
-115
-112
-114
-162
-200
-185
-152
-144
-167
-180
-221
-232
-210
-198
-195
-239
-243
-212
-142
-99
-98
-81
-65
-5
49
97
157
197
241
235
238
260
278
268
261
284
293
274
268
281
290
293
241
206
185
182
196
176
105
10
-78
-115
-107
-119
-144
-174
-199
-202
-164
-118
-75
-87
-88
-84
-80
-77
-81
-63
-62
-55
-50
-49
-78
-73
-22
25
38
28
43
62
89
119
104
26
-53
-80
-88
-101
-121
-114
-126
-156
-148
-104
-87
-112
-150
-136
-87
-74
-48
-36
-34
-57
-61
-21
13
13
14
68
108
124
134
156
158
127
134
162
163
102
55
69
83
73
71
91
97
94
97
96
45
-13
-3
2
-4
-59
-115
-124
-102
-76
-58
-73
-115
-112
-62
-3
30
46
60
59
77
95
142
164
144
119
105
119
99
84
90
119
114
92
94
109
120
106
87
46
29
-7
-25
-23
-36
-62
-104
-104
-86
-67
-65
-66
-54
-37
-32
-53
-61
-62
-71
-89
-66
-30
-44
-86
-99
-68
-37
-44
-70
-79
-82
-60
-28
-7
-22
-59
-69
-68
-90
-110
-127
-142
-168
-161
-109
-57
-37
-63
-64
-52
-54
-73
-91
-111
-131
-137
-133
-111
-105
-85
-68
-41
-9
-7
1
-1
20
55
79
86
72
74
85
107
132
150
142
93
54
46
75
99
95
111
106
81
47
66
115
107
83
46
36
33
36
82
108
116
120
150
196
218
220
233
231
225
201
182
175
165
150
134
116
67
20
-8
-2
1
-22
-38
-50
-55
-74
-78
-73
-78
-115
-160
-169
-162
-168
-187
-206
-204
-193
-189
-175
-139
-106
-96
-98
-74
-45
-64
-76
-71
-45
-39
-33
-3
-12
-36
-56
-22
2
-18
-36
-54
-56
-77
-63
-26
-14
-52
-74
-45
-9
19
14
-14
-24
-48
-41
-4
4
-7
-52
-75
-88
-91
-77
-66
-68
-94
-83
-47
-12
7
30
66
94
86
79
103
130
144
152
150
133
116
101
118
118
107
91
65
60
67
106
113
86
54
4
-11
-30
-18
-24
-59
-65
-62
-37
-21
-7
22
57
86
123
149
153
155
157
179
194
173
156
138
125
126
110
95
76
53
30
21
9
9
1
-22
-33
-50
-47
-50
-68
-68
-63
-42
-55
-57
-52
-53
-59
-66
-46
-41
-45
-67
-67
-76
-80
-68
-51
-68
-112
-136
-144
-132
-136
-150
-155
-185
-180
-137
-76
-57
-88
-92
-94
-80
-70
-57
-65
-109
-116
-97
-64
-65
-80
-94
-96
-84
-69
-36
-29
-36
-39
-31
-20
-9
1
9
-1
-10
6
32
85
107
142
177
188
205
230
255
256
228
216
221
195
176
185
194
187
165
137
132
145
152
136
108
77
65
66
61
44
15
19
22
16
12
17
5
-13
-15
-18
-9
-34
-64
-67
-82
-83
-76
-68
-38
-15
-9
-3
10
20
16
-9
-34
-40
-44
-36
-45
-47
-42
-46
-42
-39
-35
-63
-100
-102
-89
-96
-123
-135
-129
-123
-144
-161
-178
-198
-211
-223
-215
-225
-224
-217
-205
-195
-189
-162
-161
-143
-136
-111
-80
-56
-22
-8
15
31
50
52
67
59
67
77
89
115
118
128
125
122
124
133
118
117
127
112
78
68
85
116
127
126
144
146
144
140
168
174
172
185
200
230
222
224
248
239
216
201
183
167
159
144
135
102
72
76
61
56
18
-19
-24
-49
-50
-50
-55
-83
-100
-83
-55
-22
-45
-47
-55
-68
-67
-73
-84
-86
-101
-122
-130
-117
-87
-64
-76
-80
-71
-66
-58
-60
-40
-30
-65
-78
-66
-52
-61
-72
-76
-48
-62
-67
-71
-98
-112
-134
-130
-123
-111
-139
-147
-150
-143
-136
-149
-160
-181
-181
-160
-136
-123
-107
-90
-37
-20
3
-18
3
4
26
50
29
24
-26
14
-15
52
46
85
90
92
136
141
154
155
163
117
119
15
53
-38
-76
-132
-249
-264
-341
-334
-308
-326
-272
-222
-165
-40
47
197
309
434
546
597
684
672
696
620
561
467
301
228
175
85
109
41
151
64
-74
205
-195
212
-71
-168
-3
-582
-317
-367
-610
-181
-283
-411
49
-291
1
28
-116
153
-119
29
-61
-50
-129
-70
-74
-175
71
-177
20
-178
30
-141
-231
62
-406
-12
-310
-121
-166
-181
-144
-113
-66
-229
40
-146
-97
-73
-74
-230
103
-245
-59
107
-390
442
-633
273
-244
-317
103
-720
440
-904
199
-183
-398
312
-480
317
-356
106
105
-127
112
146
228
-74
505
48
237
396
-44
606
-295
503
37
-197
481
-147
155
71
134
-7
211
-148
273
-139
-14
284
-421
457
-220
142
148
111
108
38
146
156
8
425
194
159
539
-209
813
-192
604
125
-74
817
-693
895
-484
190
315
-804
1116
-850
433
52
-396
648
-436
591
67
-27
359
-176
92
101
-232
201
-41
-141
-50
54
-136
-17
78
-233
136
-397
191
-356
-65
-239
-343
76
-540
321
-494
-2
-107
-559
356
-618
335
-435
-22
43
-574
596
-419
71
270
-411
51
-162
-259
131
-580
413
-471
96
-31
-526
665
-921
453
3
-395
477
-387
234
-107
-58
240
-221
332
-116
393
57
-10
359
-112
160
108
263
107
132
211
-100
83
85
27
139
-97
155
-90
-62
78
11
148
161
-120
394
-219
395
108
17
483
-252
351
249
-58
386
177
21
309
93
145
95
234
-48
-22
336
-437
681
-413
447
-77
-324
467
-370
286
-84
188
-182
-36
7
-182
221
-329
278
-209
-381
219
-703
255
-229
-314
283
-436
170
-247
-5
-55
-251
-34
-171
-169
-271
-185
-126
-401
-73
-118
-240
-95
-69
-4
-288
221
-569
303
-636
-165
158
-509
313
-196
-432
300
-703
168
-10
-251
312
-376
246
-197
-220
360
-315
239
9
-138
367
-338
475
-132
106
253
49
209
216
104
331
-337
338
-290
3
268
-214
445
-283
199
43
-60
240
158
-18
141
32
156
46
-92
384
-91
-101
488
-469
792
-236
190
585
-653
660
-120
104
376
-79
275
98
1
280
202
-197
335
38
-130
226
-66
158
157
-12
-17
141
-285
179
55
-334
332
-361
135
-215
-155
340
-448
199
-114
-48
-327
-174
327
-716
374
-11
-336
217
-411
214
-159
-271
436
-236
14
65
-208
140
-251
192
-64
-84
377
-529
498
-37
-182
376
-706
409
-602
31
277
-482
243
-477
-171
-61
-439
234
-363
-41
-172
-167
171
-212
422
-487
516
-238
1
314
-345
301
-59
-219
460
-282
306
103
128
152
-188
463
-279
54
261
-197
376
-314
268
142
-529
691
-765
648
-145
-364
759
-849
555
-258
-89
514
-631
580
-191
-69
298
-563
685
-595
-50
598
-499
338
83
-132
183
-448
510
-412
427
-174
219
69
-354
664
-518
712
-70
28
347
-326
399
-164
282
157
-49
267
-206
340
-455
409
-140
-147
219
-390
4
47
-165
-68
104
-73
-69
-66
117
-413
251
-154
-20
545
-706
1086
-540
80
602
-730
796
-593
381
5
-459
656
-725
542
-338
75
-77
-118
307
-861
667
-901
180
-103
-463
536
-728
368
-352
68
33
-360
338
-476
148
-94
-117
38
47
-193
153
-73
-51
280
-315
135
-209
-124
116
-421
611
-394
120
224
-621
507
-439
-214
484
-867
407
-144
1
106
-322
878
-1178
970
-660
-52
408
-830
1197
-925
468
288
-799
839
-651
479
-58
-103
249
2
-358
172
102
-628
696
-505
-64
433
-755
530
-310
-173
331
-714
534
-417
90
-100
-51
-123
19
-37
-65
324
-198
-86
406
-664
720
-211
-35
503
-611
508
-393
370
-210
464
15
-117
652
-504
660
-77
-235
564
-528
204
127
-21
244
-107
238
-257
81
261
-261
239
125
51
19
106
11
221
36
-162
771
-848
678
-318
-57
105
-211
394
-521
518
-570
538
-337
-127
316
-358
34
-131
152
-76
-63
354
-137
105
96
-282
507
-680
518
5
-310
567
-464
660
-388
243
-33
-73
200
-211
43
-17
-342
269
-339
177
-54
-303
530
-778
729
-446
152
307
-647
560
-367
-37
424
-581
334
168
-810
995
-658
471
249
-384
918
-715
121
421
-513
-24
250
-401
102
-6
120
21
-148
354
-337
162
-8
-131
233
-246
61
15
-192
365
-353
254
-130
-5
28
-408
603
-719
471
-2
-249
486
-492
235
-187
-215
83
-280
149
-158
16
-65
-285
99
-310
322
-204
318
-298
155
-11
-632
642
-304
3
83
147
-460
335
-355
146
111
-373
597
-396
-81
369
-234
117
405
-304
514
-175
-212
649
-786
610
92
-493
696
-306
-204
676
-435
334
386
-650
846
-455
-188
316
-426
130
11
83
-89
198
-303
468
-25
-129
535
-123
58
12
174
-100
111
-66
83
104
-245
96
58
-304
296
-335
237
-169
-132
-11
25
-92
70
-6
-196
268
-572
437
-155
-81
89
222
-340
392
-353
317
35
-421
686
-840
433
-464
47
96
-353
350
-433
26
-263
51
-205
-103
22
-184
-71
-11
54
-56
145
-163
307
-563
523
-168
-203
417
-387
305
-122
-120
408
-455
404
-40
-34
73
251
-377
411
-340
-8
204
-575
451
-254
-117
342
-285
288
-129
248
-97
205
-94
172
27
-326
260
-134
-164
173
-355
397
-348
29
177
-278
155
89
-209
362
-241
70
153
-373
476
-419
506
-239
127
222
-173
212
273
-259
435
-22
-227
515
-724
378
49
-703
1073
-1025
619
-190
-228
409
-583
610
-275
-46
463
-553
334
120
-309
297
18
-189
231
-69
-179
477
-589
444
185
-555
985
-940
655
-362
-150
447
-581
605
-446
92
-121
-312
40
-136
163
-1
-373
647
-806
390
341
-601
745
-313
-255
364
-548
333
19
-137
323
-192
218
-121
38
382
-757
823
-519
-252
748
-1120
792
-392
-494
577
-672
293
11
-307
489
-307
-81
312
-455
403
-355
156
-145
222
-253
149
167
-443
789
-763
575
148
-544
650
-473
295
-2
-172
425
-400
304
-136
223
-312
501
-302
-49
150
-499
350
-318
14
245
-73
-433
577
-400
89
211
-289
330
-586
346
-339
149
-136
70
126
-418
544
-187
137
321
-78
-81
454
-458
292
160
-312
526
-367
322
282
-514
824
-329
263
39
-79
62
-94
29
-171
-11
-120
31
-217
148
-32
-3
-188
301
-422
159
-181
-80
352
-726
666
-685
262
18
-437
696
-630
360
-98
-89
73
-153
170
-207
-2
-49
105
-155
-123
521
-421
-20
485
-864
626
-430
20
205
-201
194
-104
11
-3
190
-265
471
-51
-321
571
-511
-65
463
-534
315
18
-94
86
284
-392
649
-345
-113
644
-945
735
-160
-395
769
-610
416
531
-795
1284
-918
566
27
-472
825
-623
319
116
-429
383
-330
222
120
-280
312
-377
180
-295
122
154
-558
520
-419
76
228
-354
639
-429
145
224
-369
379
-232
-5
291
-670
467
-242
-179
274
-254
227
-318
296
-414
219
-394
-139
152
-578
344
-56
-281
168
1
-125
123
142
-127
259
-157
-35
79
-199
232
-259
228
-74
219
-197
90
133
-389
256
13
-434
265
-11
-652
888
-811
482
257
-497
738
-292
107
553
-125
-23
380
-141
-131
269
-32
-125
356
-376
379
-377
85
78
-330
74
-70
-79
-369
696
-932
637
-82
-685
1045
-891
534
258
-699
915
-506
-334
929
-974
670
-243
-2
268
-505
575
-454
221
-134
-81
219
-376
331
-144
-26
138
-209
269
-242
51
53
-153
237
-157
-68
138
-339
231
-116
416
-384
556
-194
-181
459
-429
366
-162
18
108
-264
-39
121
-223
-114
173
-424
264
-386
-116
230
-316
-41
181
-109
-197
394
-352
447
-307
157
311
-375
402
-63
202
48
-311
546
-448
162
21
-176
289
-532
260
-175
-401
427
-652
508
-538
198
-17
-245
239
-334
544
-493
464
2
-440
749
-737
460
14
-494
852
-781
591
-218
-34
159
-475
611
-659
253
243
-698
622
-504
204
45
-224
424
-196
32
96
-38
75
-31
63
218
-190
-8
295
-327
262
33
-34
212
-210
212
-75
97
-116
-61
259
-347
318
-51
-199
425
-637
401
116
-266
296
142
-156
24
8
22
31
172
68
56
-17
-164
42
-70
216
-361
426
-116
-520
678
-858
244
96
-608
342
-182
-497
530
-403
-106
384
-393
387
-354
273
-19
-207
398
-231
192
8
-28
37
-117
52
174
-148
255
-78
-49
83
-441
536
-468
217
318
-473
374
-105
-134
267
-167
7
332
-290
285
19
108
-177
162
98
-350
481
-160
-66
223
-411
207
115
-421
506
-85
-392
539
-719
568
-257
-253
598
-558
161
84
-264
139
-175
-179
226
-542
285
-284
113
-2
-135
218
-320
280
-71
-119
429
-330
291
-184
65
90
-344
166
85
-279
202
-12
-140
118
-391
384
-150
-1
184
46
-135
61
178
-183
171
-175
175
-86
-229
473
-452
410
-199
-181
382
-595
370
-29
-248
326
-371
127
79
-138
-55
215
-241
2
74
-7
116
-82
81
-35
-30
262
-223
283
-240
-18
281
-504
465
-87
-298
240
-285
-38
-60
-25
30
7
-185
31
298
-576
550
-274
-143
443
-421
175
292
-377
284
-104
-165
235
-96
-1
74
43
-223
157
4
18
105
148
-118
80
132
-452
452
-325
-207
478
-702
248
0
-115
73
39
-66
-73
149
-129
91
116
100
-203
253
-200
1
82
-215
320
-262
39
-86
-19
-28
-378
653
-542
297
134
-305
202
27
-213
405
-122
-109
365
-336
183
-103
-70
181
-276
317
-272
284
-30
-348
552
-523
153
45
-238
229
-163
-122
362
-388
321
-10
-134
350
-266
142
93
187
-413
676
-511
191
103
-474
789
-791
471
56
-297
307
-244
61
124
-361
284
168
-562
622
-296
-140
570
-540
251
397
-738
709
-350
27
470
-605
706
-327
217
169
-285
580
-303
-60
509
-404
82
295
-467
576
-165
-198
610
-419
-13
444
-327
307
-149
264
-109
-94
218
-262
375
-308
304
-56
-37
229
-314
390
-157
-59
311
-438
289
-142
-247
560
-505
96
186
-287
315
-195
12
344
-418
-92
499
-532
169
139
-353
401
-469
31
379
-770
510
-231
-271
303
-407
280
-153
8
-21
121
-362
445
-418
210
111
-490
444
-532
484
-430
70
215
-375
181
-172
353
-551
462
-187
-317
361
-545
100
-35
-376
134
-10
-159
40
-94
4
-120
4
68
-2
-32
112
-427
382
-295
-184
428
-566
346
-162
-327
418
-358
36
121
-44
58
35
98
14
166
-338
368
-389
216
-107
42
34
-278
132
-290
71
-51
232
-80
85
111
-81
163
-28
93
319
-447
527
-340
131
202
-486
593
-245
-303
599
-502
79
248
-554
539
-352
41
183
78
-146
78
307
-416
185
335
-634
628
-461
141
169
-476
638
-618
442
-520
207
194
-770
929
-760
269
23
-258
528
-362
373
-103
-94
253
-347
335
63
-128
175
17
155
-427
578
-387
49
186
-506
776
-805
336
512
-901
882
-453
-30
446
-524
505
-270
39
71
-263
464
-334
510
-365
244
150
-472
589
-253
58
334
-195
323
-69
-84
409
-499
379
58
-230
291
-144
-109
84
-269
338
-400
146
245
-472
132
225
-496
199
-87
-169
59
-97
35
-15
21
-270
302
-219
-272
269
-233
14
-117
12
-55
-97
-50
266
-204
180
-41
-169
336
-418
352
33
-179
242
-215
40
50
-318
253
-84
-50
102
-59
183
-236
298
-80
251
0
-87
331
-239
-53
62
-111
-203
75
-173
-89
176
-345
238
-145
22
206
-117
233
-61
223
25
40
146
123
-243
267
-228
114
-225
-77
106
-362
244
-353
172
-159
-120
174
-226
178
-85
-2
130
-67
-8
195
-168
-147
208
-218
-4
76
112
-16
-37
171
130
-186
277
176
-238
416
-110
37
404
-588
891
-591
88
462
-723
238
40
-288
69
-88
96
16
-229
237
105
-516
402
-137
-67
58
-9
56
-28
99
-24
210
-212
157
-75
-210
122
-53
-215
397
-355
89
110
-141
-189
314
-187
-49
192
-184
182
-77
-69
235
10
-128
338
-218
37
-12
-170
37
94
-151
118
-38
-65
93
-200
462
-377
187
126
-430
340
-323
21
175
-214
-70
299
-406
175
2
-165
149
2
-42
111
159
-257
384
-170
-113
140
-150
130
-257
293
-192
31
195
-280
309
-163
-204
364
-361
147
-78
159
-289
360
-355
111
97
-415
501
-386
36
279
-470
361
22
-419
662
-456
137
296
-284
251
121
-352
432
-2
-587
625
-308
-383
633
-609
190
2
-257
173
-61
-158
271
-54
-191
401
-215
12
233
-299
306
-235
149
119
-29
-59
262
-175
-200
426
-438
206
-48
-142
56
-74
104
-58
223
-147
179
24
-274
331
-270
105
23
-133
326
-363
291
7
-69
420
-310
335
33
-118
201
98
-51
153
119
59
62
298
-58
126
197
-323
383
-126
-120
290
-204
57
67
1
45
-11
194
-290
356
-242
-144
308
-339
42
-96
-26
-151
-85
-9
-261
207
-372
-6
169
-424
88
-191
-34
-120
-213
240
-353
163
14
-121
307
-395
203
-67
-123
-62
2
-1
-288
135
-179
-73
36
-287
285
-226
-30
-37
-62
-30
-362
366
-239
-103
367
-484
374
-98
-257
272
-86
-48
-63
250
-418
236
98
-406
712
-474
342
17
-18
65
-153
271
-398
266
-73
25
27
8
118
1
151
-99
230
37
-116
299
97
-76
275
141
2
299
84
154
114
241
-57
217
42
50
10
71
183
-156
323
-187
243
-42
-102
410
-317
149
226
-245
169
247
-408
406
-87
-252
615
-542
421
-113
-190
462
-544
327
141
-399
135
14
-154
24
17
-109
99
-66
-272
385
-433
35
189
-476
308
-178
-119
165
-52
-134
176
-122
4
-53
-5
43
-205
86
-176
-106
-42
-163
-63
-137
-34
-37
-74
88
-14
-279
246
-290
-21
218
-270
367
-200
16
308
-372
266
9
-168
142
-185
-31
65
-197
135
-42
2
38
-35
-95
-109
183
-202
191
-45
58
115
-201
343
-159
119
81
58
-69
138
86
6
204
11
139
-69
-31
79
-76
20
75
80
-6
48
130
-49
154
52
78
43
-64
191
-119
46
94
-128
168
-43
83
-114
37
64
-99
242
-75
219
-88
-75
152
-224
72
51
-94
51
-96
14
-22
-144
72
7
-212
111
-85
-165
34
-42
-13
100
-74
33
-21
-56
-37
10
-6
42
22
-47
115
-270
52
-31
-231
128
-132
-21
72
-185
114
-10
-104
196
-66
58
66
33
137
-1
21
133
-102
101
-52
28
-21
-81
17
-155
54
-86
-14
31
-77
46
0
9
-5
63
56
-95
148
-22
48
39
-30
168
-91
51
67
-34
44
67
18
71
-50
80
-117
116
7
-7
85
-151
-25
-137
67
-61
63
17
-33
38
-243
158
-111
1
133
-45
73
-50
-46
31
-49
37
-50
23
52
-182
51
-107
-85
-29
-32
81
-51
35
-5
-98
-116
-24
-18
6
134
-52
44
-57
-71
-48
-121
32
-162
-86
-8
-68
-61
75
-27
-124
37
-112
-8
-97
15
7
-58
-143
95
-42
-201
139
-137
-39
25
-75
62
-28
-113
95
-236
27
-41
-203
185
-83
62
42
-119
11
-112
-93
45
-88
44
-137
-38
-136
-132
-41
-93
74
-103
73
-25
83
69
84
89
83
-62
8
-8
-22
153
170
108
171
58
41
-14
-81
168
5
62
130
-73
-124
-27
-261
0
-19
-23
175
-34
60
-42
-72
15
-43
86
94
51
201
0
38
124
-44
133
27
97
105
48
-89
48
-22
3
104
38
181
51
27
85
74
-1
54
39
15
78
68
71
190
-32
-8
30
-169
-47
82
-28
110
-9
-82
34
-209
-17
108
64
180
111
-5
-67
-34
-101
-8
96
-2
107
11
-72
-9
-102
-51
-56
-87
-10
-2
-34
-39
47
-90
-43
-80
-91
30
-40
-38
58
-112
-82
-7
-73
35
-66
-65
-87
-122
-88
-21
-13
23
8
25
-7
86
21
25
163
15
153
43
55
-16
-45
107
16
122
88
23
40
-72
-19
-2
-66
47
77
35
4
80
15
36
91
61
93
35
-2
15
7
58
91
86
112
113
63
21
-44
4
-31
49
118
84
55
-7
-42
-76
26
165
127
152
147
4
57
-75
88
40
-1
112
90
-54
56
42
-42
132
-62
28
33
-95
-97
-36
-95
-46
-88
-14
-22
-148
-94
-97
-136
-43
-71
34
-12
-196
-16
-175
-136
-3
-33
99
-35
17
1
-20
-20
-75
123
-72
-27
4
-94
-22
-45
34
18
-86
-33
-32
-143
-8
-66
-34
47
-36
-27
-72
-102
-66
-93
29
17
-36
38
-79
-144
-137
-120
-86
-89
-57
1
-41
-85
-76
-119
-139
-90
-37
-48
-8
-54
-105
-45
-129
-84
-5
-36
-60
5
4
-23
12
35
-28
51
3
-19
128
13
31
30
-11
38
-59
17
57
27
69
67
80
-59
48
-24
25
29
82
50
-50
18
-82
21
26
77
19
112
84
-27
85
56
47
3
-25
84
-27
-46
136
22
11
101
6
110
81
9
135
39
27
80
75
140
64
-8
65
-39
-34
79
66
105
55
-15
21
-8
19
71
49
62
4
35
-3
-21
62
75
56
61
37
67
21
-4
17
-11
-29
-20
66
26
35
42
-51
-17
-84
-23
-1
9
61
13
28
-17
-37
-42
-20
-2
-62
19
6
-11
-50
-41
13
-32
11
7
11
-4
54
52
64
17
34
7
7
-18
1
54
-19
26
-54
-45
-87
-122
-18
-73
28
-11
23
-10
-42
-3
4
27
-2
71
-8
44
-14
-2
-27
-69
-66
-104
-89
-87
-90
-70
-77
-87
-109
-101
-92
-102
-56
-49
-34
-47
-11
38
20
52
62
43
22
-32
7
-30
-42
-3
-48
-24
-32
-72
-14
-21
-13
7
44
1
14
-9
-4
40
21
42
77
-8
26
32
-32
19
-25
-5
20
2
-1
52
-17
1
-21
-52
-14
-5
27
122
92
70
97
29
54
15
20
44
21
56
6
27
14
-12
-14
-7
7
-7
55
27
38
46
67
59
68
62
70
57
51
76
54
32
42
37
-11
6
-42
-36
-16
-45
-21
-2
-14
-36
-21
-39
4
-22
5
23
-6
20
6
-12
4
-4
-37
16
-34
-20
-17
-68
-53
-43
-74
-53
-38
-67
-24
-53
-59
-35
-17
-34
-23
-46
-39
-52
-79
-65
-61
-41
-61
-26
-40
-26
-15
-11
38
20
43
31
29
-14
-23
-45
-7
-8
-16
43
-30
-11
-46
-64
-52
-51
-5
16
13
12
23
-11
8
13
41
54
39
90
35
66
41
11
54
21
13
20
31
45
32
56
44
18
28
-34
11
-34
0
14
20
21
-3
43
-2
60
53
47
80
32
46
62
29
72
50
37
56
-10
32
-26
-24
-30
-70
-28
-54
-35
-25
1
-31
-12
-10
-8
-4
-1
1
11
23
-2
52
16
45
29
-11
-8
-39
-17
-29
-11
-21
-21
-17
-52
-30
-61
-16
-38
-2
0
-9
13
-6
37
23
25
19
1
0
-29
-32
-35
-45
3
-19
-8
18
-8
29
14
13
36
54
15
24
39
-11
27
5
17
4
17
-16
-5
8
-38
17
-4
17
16
16
32
19
46
15
54
40
42
68
44
50
55
42
22
45
12
23
11
-17
-27
-48
-33
-78
-30
-50
-60
-29
-30
-39
-18
-22
-9
29
15
36
45
44
30
31
20
6
9
-3
-7
-26
-14
-41
-17
-29
-52
-49
-50
-82
-47
-53
-66
-26
-50
-44
-12
-35
-17
1
-23
-14
3
0
11
43
-2
21
16
-13
-6
-6
-26
-7
-32
-31
-36
-32
-26
-37
-22
-36
-24
-28
-22
-27
1
-5
8
36
26
26
35
16
8
40
4
32
58
38
60
47
42
34
21
16
-10
9
-13
-11
6
-24
-4
-18
-21
-28
-14
-30
-20
12
-13
29
32
28
29
41
17
22
35
14
49
36
45
36
42
17
18
25
-8
20
-20
-3
-5
-30
-6
-13
12
-9
19
9
16
24
5
17
14
24
5
30
22
-9
22
-19
-16
1
-34
-3
-13
-12
-1
-7
24
-5
15
3
-16
3
-2
-9
-2
-11
-26
-5
-30
-14
-3
-17
-7
-31
-10
-34
-5
-12
-16
-13
-26
-27
-12
-27
-29
-22
-30
-34
-36
-20
-24
-4
-22
-20
-25
-47
-35
-46
-52
-46
-41
-41
-14
-35
-22
-14
-14
-22
-19
3
-6
22
23
29
29
17
14
0
-9
-16
-18
-9
-20
-23
-12
-7
-18
3
-30
-8
-23
-37
-21
-21
-28
-5
9
-2
26
17
34
25
42
35
47
63
53
60
63
47
34
42
15
13
15
7
14
19
19
34
49
30
47
36
43
38
34
43
34
39
34
22
19
-1
-4
-7
-18
-19
-2
-4
8
19
9
41
29
20
51
33
34
53
29
28
25
17
11
15
-1
-21
1
-29
-25
-13
-22
-15
-18
-29
-18
-31
-18
-19
-25
-18
-39
-29
-28
-36
-30
-27
-25
-40
-28
-50
-33
-30
-60
-23
-56
-49
-28
-50
-27
-34
-31
-28
-16
-27
-14
0
-15
9
-8
10
8
2
11
-14
-4
-23
-29
-23
-47
-33
-27
-42
-30
-35
-26
-28
-17
-32
-20
-11
-22
12
4
10
19
9
12
2
0
7
8
14
13
28
32
29
42
39
32
45
32
34
47
34
47
43
37
24
18
18
13
-7
6
-8
-8
17
-7
17
18
1
22
-1
10
12
9
22
18
24
20
31
29
22
