-24
-31
-36
-37
-35
-30
-25
-19
-12
-6
-2
1
4
8
15
24
35
42
47
51
57
58
57
54
47
35
24
14
6
1
-7
-12
-19
-29
-39
-47
-54
-58
-62
-61
-56
-46
-36
-31
-25
-20
-19
-19
-16
-15
-17
-21
-28
-38
-50
-57
-60
-62
-64
-64
-68
-75
-89
-105
-123
-140
-154
-155
-145
-133
-119
-106
-89
-74
-56
-37
-16
-1
10
24
35
41
41
44
48
55
57
58
51
34
16
2
-9
-19
-25
-32
-38
-51
-63
-79
-93
-107
-109
-98
-80
-58
-33
-3
26
56
83
118
148
181
208
232
246
254
264
276
292
304
317
325
330
322
308
284
257
232
215
203
190
176
152
121
86
49
13
-17
-47
-76
-107
-138
-169
-196
-216
-232
-244
-258
-268
-284
-306
-331
-352
-369
-370
-355
-323
-292
-264
-239
-216
-189
-157
-115
-69
-22
19
58
88
111
130
153
177
196
211
220
221
202
174
142
110
73
42
17
-13
-55
-105
-153
-202
-247
-282
-295
-301
-297
-279
-248
-218
-190
-157
-119
-80
-44
0
44
89
129
177
225
269
306
342
370
383
379
366
348
316
285
253
221
181
139
96
49
-8
-65
-109
-142
-168
-188
-197
-207
-212
-209
-191
-169
-149
-128
-98
-64
-41
-22
-8
14
37
77
122
164
188
198
205
201
185
161
149
138
128
118
118
105
80
50
30
7
-28
-49
-59
-60
-69
-73
-73
-74
-79
-74
-61
-52
-59
-65
-71
-81
-93
-100
-95
-89
-78
-61
-34
-25
-40
-57
-71
-96
-114
-123
-129
-141
-148
-136
-120
-103
-88
-63
-51
-50
-61
-76
-93
-108
-111
-97
-77
-69
-58
-60
-73
-103
-121
-128
-120
-107
-85
-60
-47
-40
-33
-21
-13
-2
13
37
53
68
88
115
143
175
223
270
313
345
372
383
382
376
373
375
374
364
366
371
362
353
342
328
303
275
248
231
204
167
145
126
102
78
63
41
7
-33
-68
-107
-151
-181
-198
-222
-251
-278
-295
-324
-369
-417
-469
-505
-541
-560
-575
-591
-610
-609
-600
-590
-572
-541
-483
-437
-402
-371
-327
-286
-227
-163
-92
-25
33
88
124
143
141
152
162
170
172
172
158
131
93
50
13
-30
-73
-109
-143
-177
-193
-183
-154
-119
-90
-57
-21
2
20
46
77
104
140
200
264
307
347
391
432
452
462
475
481
479
469
455
431
392
361
344
323
290
260
249
238
202
161
128
96
68
72
91
106
115
124
143
131
120
114
108
96
94
107
117
134
140
156
163
153
129
118
102
74
39
1
-10
-27
-47
-68
-89
-120
-159
-194
-224
-276
-323
-354
-387
-423
-460
-485
-515
-554
-590
-610
-613
-605
-589
-580
-577
-581
-561
-513
-459
-402
-345
-277
-211
-162
-118
-87
-57
-35
-5
51
103
133
167
196
218
224
222
211
187
153
112
68
24
-13
-49
-70
-90
-115
-136
-139
-128
-113
-88
-72
-41
-10
27
74
112
139
167
230
293
366
439
506
557
590
610
630
632
604
576
553
529
505
481
432
390
337
296
267
239
216
183
149
105
58
21
9
-5
-28
-32
-4
15
17
16
10
-1
-16
-28
-31
-39
-48
-46
-49
-63
-85
-101
-111
-138
-208
-280
-309
-335
-389
-431
-434
-475
-514
-535
-552
-585
-647
-662
-676
-672
-671
-632
-594
-565
-530
-459
-370
-338
-279
-211
-152
-125
-68
15
63
100
142
205
227
269
321
366
356
308
282
240
173
90
72
31
-22
-47
-24
-21
-58
-78
-97
-110
-176
-207
-203
-197
-209
-176
-97
-37
13
74
152
178
182
198
244
288
315
373
446
461
449
460
482
475
455
480
497
473
433
404
374
313
236
189
150
120
109
114
105
69
39
28
11
-29
-44
-42
-25
-27
-16
22
49
51
60
88
94
77
65
73
79
64
55
64
56
13
-30
-64
-123
-181
-247
-297
-335
-376
-415
-456
-501
-578
-641
-668
-648
-610
-566
-526
-478
-434
-392
-332
-284
-242
-222
-154
-51
65
126
172
223
233
246
249
260
241
242
249
278
272
217
176
141
110
38
-1
-24
-60
-87
-88
-58
-41
-61
-85
-60
-30
-19
31
89
111
129
176
204
234
267
295
348
390
404
440
529
558
523
500
504
469
429
440
450
431
385
374
399
377
315
288
283
249
221
230
238
207
178
150
131
89
50
62
84
67
40
59
69
50
10
0
7
-29
-66
-103
-110
-144
-181
-195
-245
-314
-388
-401
-422
-498
-601
-660
-686
-735
-752
-834
-967
-1085
-1109
-1061
-994
-929
-935
-859
-719
-663
-656
-595
-508
-466
-295
-51
120
180
223
293
394
452
446
501
541
576
642
730
707
569
454
389
329
186
76
31
-10
-70
-94
-126
-224
-307
-320
-302
-311
-338
-303
-199
-84
-3
32
86
111
106
156
254
291
309
406
547
594
563
539
530
497
448
437
438
389
362
394
403
352
242
167
123
92
58
80
144
145
119
113
111
57
18
42
56
37
32
74
136
168
142
127
98
95
111
131
153
132
126
119
123
80
19
-17
-56
-123
-181
-209
-242
-284
-310
-318
-373
-483
-566
-622
-708
-795
-859
-924
-995
-1038
-1087
-1135
-1213
-1300
-1304
-1289
-1202
-986
-719
-663
-808
-795
-676
-494
-255
54
230
231
278
477
764
812
746
759
873
936
1019
1172
1158
922
717
723
657
396
147
119
88
-64
-154
-168
-260
-424
-477
-437
-484
-601
-560
-357
-204
-229
-279
-157
-19
32
81
209
283
282
432
705
825
717
649
744
805
719
614
614
609
546
538
569
513
322
212
243
232
98
38
133
256
283
290
311
261
217
242
353
413
401
434
552
619
579
523
518
505
475
475
500
504
467
459
469
416
281
169
121
90
22
-59
-110
-167
-256
-325
-406
-494
-578
-664
-698
-769
-878
-993
-1057
-1077
-1130
-1211
-1293
-1340
-1397
-1470
-1528
-1571
-1641
-1674
-1628
-1522
-1263
-980
-909
-1073
-1131
-1010
-794
-514
-159
83
74
94
264
531
606
544
530
658
777
882
1065
1057
836
589
601
593
367
118
86
153
62
-10
-9
-66
-268
-372
-335
-317
-406
-431
-210
57
134
91
195
350
377
365
506
656
655
754
1013
1188
1098
924
906
929
853
727
678
695
677
614
584
542
390
226
141
131
51
-60
-51
106
212
186
128
79
26
-56
-48
40
128
160
243
381
470
432
321
289
278
245
227
277
344
350
313
311
295
183
22
-57
-88
-174
-230
-220
-167
-224
-361
-489
-549
-640
-757
-778
-751
-772
-842
-832
-838
-924
-1095
-1206
-1221
-1267
-1302
-1305
-1255
-1304
-1374
-1406
-1394
-1369
-1365
-1121
-740
-473
-623
-775
-672
-499
-294
-16
375
407
328
401
722
925
798
723
777
929
974
1142
1254
1130
853
723
788
653
351
124
187
183
53
-44
-53
-126
-286
-307
-255
-263
-379
-294
13
252
193
98
261
437
441
452
583
642
635
756
1033
1140
975
824
831
907
821
653
571
569
543
486
472
393
234
58
21
-5
-114
-253
-282
-119
-18
-13
-117
-135
-172
-210
-200
-143
-30
4
135
255
399
375
304
311
368
364
301
321
354
412
345
319
291
202
60
-26
-20
-100
-209
-258
-216
-234
-338
-456
-527
-578
-664
-721
-699
-686
-747
-780
-749
-747
-836
-929
-955
-928
-929
-955
-972
-989
-1042
-1155
-1241
-1325
-1384
-1411
-1168
-729
-476
-653
-975
-932
-798
-596
-274
163
201
38
153
599
917
726
541
561
756
787
924
1101
1017
695
527
715
699
383
53
121
256
197
133
233
275
107
-22
-12
-6
-182
-236
15
327
331
142
208
418
498
412
393
507
554
679
908
1131
1094
899
901
1035
1074
893
709
654
675
675
591
469
384
241
42
-20
-34
-137
-318
-299
-156
-60
-62
-85
-24
-51
-129
-228
-156
-61
-41
41
168
224
107
22
37
66
-22
-112
-54
59
101
74
64
0
-143
-292
-390
-465
-560
-669
-687
-624
-653
-712
-750
-743
-780
-832
-805
-741
-681
-661
-603
-549
-559
-705
-758
-780
-833
-982
-1070
-1095
-1164
-1254
-1416
-1526
-1704
-1696
-1531
-648
520
1039
628
438
864
1098
1418
1815
2005
1490
1305
1502
1446
1067
641
498
278
216
137
100
-160
-523
-791
-900
-846
-964
-1123
-1111
-781
-669
-627
-403
-59
104
195
454
686
850
1059
1503
1909
1980
1715
1545
1551
1464
1186
919
878
822
609
521
522
248
-323
-625
-619
-711
-985
-1077
-919
-810
-785
-759
-662
-672
-662
-527
-244
26
147
257
449
702
782
733
608
707
841
857
734
691
572
273
175
97
-97
-456
-560
-558
-560
-607
-612
-495
-340
-246
-203
-38
80
122
122
239
343
324
296
353
438
302
167
139
184
122
39
21
-43
-202
-372
-387
-346
-430
-621
-736
-795
-893
-1087
-1236
-1475
-1653
-1804
-1790
-1752
-1777
-1825
-2000
-1960
-1902
-1532
-162
1788
2653
1904
1455
1790
1852
1933
2203
1962
876
427
449
-167
-967
-1139
-1004
-1133
-1024
-677
-708
-1077
-1146
-936
-753
-557
-252
-40
175
496
563
443
481
695
847
1031
1212
1238
1232
1413
1766
1808
1450
917
701
660
529
390
320
337
230
53
-15
-30
-271
-633
-711
-518
-503
-624
-547
-346
-340
-517
-472
-260
-147
-6
255
476
496
475
479
453
344
209
339
548
707
606
441
154
-95
-185
-387
-432
-358
-128
-100
-76
-72
-84
-76
19
171
279
403
494
630
658
571
356
194
76
20
-30
-80
-64
-92
-115
-126
-128
-204
-336
-416
-352
-312
-326
-379
-449
-623
-918
-1210
-1434
-1606
-1734
-1777
-1864
-1944
-2020
-1956
-1992
-2036
-2100
-2155
-2216
-1550
575
2913
3761
2529
1812
1808
1717
1951
2294
1773
198
-67
-2
-917
-1815
-1586
-1096
-1023
-606
-57
-94
-583
-551
-268
-52
15
195
268
369
607
389
4
-175
4
133
382
782
1008
1101
1399
1900
2035
1682
1082
964
1005
902
655
426
387
186
-42
-188
-220
-412
-753
-753
-416
-319
-535
-581
-364
-200
-206
-82
69
113
172
318
399
243
18
-152
-213
-255
-165
-84
116
452
633
530
171
32
-31
46
186
326
454
488
427
297
200
59
-60
71
389
596
775
826
763
600
347
178
27
-4
24
133
198
113
-63
-246
-320
-362
-425
-421
-273
-99
-51
-142
-265
-495
-849
-1145
-1356
-1459
-1567
-1639
-1621
-1800
-1882
-2013
-1985
-2144
-2307
-2095
-1841
-193
2491
4397
3496
1781
1676
1515
1642
2144
2151
506
-770
-689
-1372
-2402
-2348
-1552
-1275
-973
-262
95
-397
-571
-327
-239
-179
-35
189
145
377
310
-236
-626
-608
-330
24
576
1031
1197
1367
1847
2108
1918
1345
1005
956
812
760
537
282
-91
-445
-614
-665
-627
-720
-719
-381
-100
-106
-195
-157
-23
-40
49
197
205
257
331
406
175
-262
-512
-570
-424
-415
-210
54
213
266
269
143
-188
-93
201
396
462
670
570
346
193
11
-189
-274
-152
63
433
698
874
869
708
428
239
134
107
255
385
509
426
272
29
-184
-369
-373
-285
-193
42
211
273
109
-73
-429
-793
-1047
-1145
-1205
-1310
-1430
-1655
-1804
-1894
-1881
-2140
-2170
-2003
-1824
-1782
-1234
1007
3638
4727
3154
1646
1248
1097
1758
2377
1684
-412
-1350
-1600
-2481
-2665
-1813
-1121
-1030
-466
363
361
-172
-218
-278
-400
-223
286
414
254
384
-37
-742
-1077
-733
-206
331
973
1358
1400
1531
1989
2211
1881
1217
935
786
631
435
17
-339
-675
-844
-969
-891
-629
-583
-577
-377
-180
-219
-333
-167
60
64
64
142
267
323
285
160
-146
-407
-399
-299
65
246
600
899
1015
975
603
512
115
333
615
721
695
584
448
15
-274
-355
-309
-99
229
653
1062
1008
890
601
332
105
39
219
287
434
390
272
17
-293
-430
-439
-309
-103
109
273
404
306
-3
-436
-789
-1029
-1303
-1494
-1658
-1767
-2034
-2272
-2414
-2472
-2467
-2436
-2262
-2125
-1914
-1846
-1801
-377
2477
4496
3661
1531
798
481
1073
2224
2106
-84
-1967
-2070
-2573
-2781
-1770
-687
-535
-256
859
1246
623
169
13
-105
203
928
1177
643
325
-66
-768
-1104
-887
-240
323
1144
1831
1825
1575
1726
2180
2192
1642
1289
1212
979
677
191
-267
-720
-1039
-1065
-829
-256
-77
-219
-157
45
93
-102
-57
213
396
564
645
629
483
194
-118
-428
-591
-648
-530
-271
5
-55
228
597
818
703
372
244
-84
520
863
717
289
-124
-495
-958
-912
-693
-377
56
409
691
725
441
239
-109
-196
-161
48
267
222
255
-66
-406
-862
-1069
-826
-455
-3
371
593
567
419
153
-139
-560
-788
-973
-1059
-1202
-1445
-1708
-2071
-2290
-2379
-2318
-2401
-2155
-1854
-1686
-1769
-1796
-1614
480
3866
5131
3160
1151
771
646
1841
2894
1715
-1135
-2312
-2269
-2568
-1882
-541
-6
-391
204
1220
1087
381
73
-59
36
924
1601
1209
276
-172
-790
-1361
-1324
-650
194
904
1722
1972
1693
1379
1703
2106
2050
1664
1452
1224
801
320
-378
-965
-1364
-1390
-1119
-498
131
65
-159
-144
15
-1
44
408
760
1019
1101
957
617
201
-206
-478
-636
-525
-351
-115
-21
-10
-239
-312
200
652
868
640
704
502
798
1028
590
-37
-529
-713
-917
-539
-159
22
120
319
451
492
388
311
158
137
380
501
412
68
-100
-471
-853
-1084
-1018
-663
-356
-81
52
81
-76
-194
-297
-408
-561
-735
-887
-1172
-1522
-2023
-2371
-2474
-2578
-2469
-2312
-2204
-2192
-1826
-1706
-1924
-2096
-1425
1495
4651
5317
2667
759
138
591
2500
3370
1533
-1656
-2474
-2563
-2414
-1332
-143
-148
-558
445
1418
1205
273
-185
-339
410
1653
2055
1142
96
-470
-1183
-1294
-832
16
596
1317
1933
1947
1468
1098
1524
2012
2234
1953
1779
1212
334
-515
-1189
-1365
-1538
-1432
-1058
-282
175
-142
-491
-518
-374
-177
362
1033
1408
1371
1119
696
341
63
-279
-471
-474
-206
-142
-221
-393
-593
-488
-231
369
869
1141
904
732
902
814
554
135
-198
-549
-586
-455
-261
-158
-172
-138
34
278
372
448
418
525
671
758
624
347
118
-8
-225
-584
-817
-862
-655
-389
-160
-105
-71
-69
-106
-104
-234
-412
-670
-845
-1076
-1394
-1774
-2235
-2525
-2509
-2275
-2192
-2094
-2020
-1883
-1736
-1600
-1547
-922
1723
4430
4718
2454
854
352
913
2794
3477
1371
-1774
-2641
-2547
-2140
-1020
84
-34
-499
181
667
209
-622
-687
-335
687
1820
1739
507
-665
-1147
-1517
-1264
-367
559
979
1271
1420
1106
537
417
1220
2193
2686
2323
1650
646
-450
-1273
-1561
-1236
-997
-780
-486
-116
-240
-913
-1283
-1081
-508
196
944
1429
1407
946
427
40
-115
-64
-27
93
158
159
-178
-502
-748
-607
-59
547
1106
1273
1208
693
684
758
706
456
335
221
-43
-96
-234
-248
-306
-97
133
434
572
550
456
406
587
803
941
839
711
507
309
-157
-624
-868
-793
-468
-221
-91
-236
-289
-335
-310
-241
-231
-290
-444
-598
-835
-1236
-1751
-2228
-2415
-2214
-2186
-2148
-2240
-2234
-2300
-2292
-2013
-1922
-256
2808
4860
3667
1209
250
356
2218
4166
3613
-82
-2670
-2833
-2466
-1617
-541
165
-576
-660
-274
-483
-1060
-1167
-286
637
1835
2262
1170
-478
-1472
-1567
-993
-48
920
1124
950
754
382
176
-20
820
2215
3284
3121
1826
588
-525
-925
-785
-297
80
-63
-328
-528
-727
-1145
-1356
-961
-166
556
1045
1089
674
278
71
223
473
727
732
450
84
-252
-550
-693
-532
-315
95
379
701
598
449
259
266
727
1082
1179
617
121
-346
-362
-283
-136
42
134
271
166
74
-77
-55
116
423
794
1011
873
507
224
118
60
-175
-395
-552
-522
-462
-445
-482
-568
-441
-325
-163
-198
-393
-634
-760
-738
-901
-1134
-1479
-1770
-2147
-2179
-2260
-2281
-2349
-2175
-2024
-2203
-2177
-2051
102
3087
4728
2861
504
11
1042
3537
4906
3440
-773
-2599
-2310
-1493
-521
422
572
-843
-1239
-1290
-1254
-1190
-432
550
1159
1785
1506
179
-1136
-1137
-236
899
1580
1688
1038
427
120
143
489
986
2084
2965
3078
1807
346
-427
-497
48
584
789
224
-602
-1192
-1179
-828
-533
-267
-41
141
126
45
-65
-55
232
560
763
620
283
-77
-292
-237
-82
101
98
22
-347
-388
-145
308
581
697
675
275
370
333
341
-23
-39
-198
-273
-206
-299
-228
-326
-114
-116
-3
30
-3
-66
-104
128
375
457
301
135
-73
-238
-534
-713
-676
-429
-195
-207
-333
-530
-557
-544
-470
-424
-459
-590
-833
-1110
-1408
-1653
-1767
-1940
-2008
-2028
-2126
-2263
-2325
-2052
-2065
-2031
-2047
-752
1928
4046
3339
792
25
820
3396
5371
4806
970
-2101
-2019
-1026
303
1119
1279
-461
-1993
-2305
-1978
-1242
-397
542
730
788
529
-328
-1142
-792
450
1609
1963
1495
516
-197
43
822
1618
1759
1823
1915
1796
1129
317
192
415
719
656
237
-508
-1194
-1264
-738
-21
95
-354
-910
-1101
-867
-375
221
530
561
401
120
-114
-107
97
363
543
515
188
-285
-510
-530
101
686
1043
741
296
-198
-357
303
745
907
323
-36
-576
-675
-451
-148
232
246
177
-149
-328
-433
-272
-46
192
370
459
367
162
54
22
120
31
-143
-375
-408
-337
-296
-370
-417
-377
-427
-579
-677
-633
-608
-711
-1013
-1221
-1390
-1447
-1693
-1950
-2106
-1914
-1852
-1921
-2301
-2473
-2510
-1692
863
3007
2907
259
-565
567
3296
5761
5689
2380
-1531
-1437
85
1681
2216
1900
97
-2071
-2348
-1906
-1039
-330
230
-50
-642
-882
-1029
-1091
-441
718
1470
1326
615
1
-194
596
1517
2137
1835
1144
779
817
1144
1210
1298
1111
719
247
-225
-625
-787
-478
-14
229
-141
-1034
-1696
-1606
-819
-45
281
65
-478
-711
-416
164
609
799
756
537
282
239
272
502
472
720
744
513
42
-278
-25
71
720
648
325
-421
-554
-393
-94
250
32
-101
-332
-194
-94
120
146
20
-77
-169
-198
-154
102
301
417
218
3
-202
-197
-73
32
17
-183
-394
-581
-500
-360
-381
-640
-847
-918
-970
-1080
-1175
-1184
-1165
-1308
-1681
-1951
-2016
-1891
-1592
-1665
-1904
-2266
-1905
-211
1990
2317
152
-975
295
2716
4865
5105
2476
-945
-836
1363
2719
2814
2124
425
-1673
-2002
-1106
-243
81
-202
-1141
-2162
-2194
-1607
-1016
-266
319
111
-555
-714
-212
591
1503
1880
1520
820
447
818
1551
2055
1853
1451
993
492
218
239
329
64
-285
-453
-502
-655
-988
-1155
-1096
-938
-901
-970
-1066
-1089
-831
-404
-89
5
35
154
300
492
636
704
721
656
814
728
703
627
700
545
262
305
234
312
162
97
-178
-279
-206
-103
16
21
4
-43
28
36
24
4
64
129
78
-30
-13
156
324
443
400
317
237
244
177
108
60
-24
-11
-129
-297
-650
-842
-980
-1040
-1168
-1375
-1492
-1507
-1426
-1641
-1942
-2300
-2222
-1935
-1641
-1559
-1711
-1471
-234
1276
1029
-572
-693
1142
3033
3935
3219
985
-595
762
2835
3089
2211
1139
-14
-861
-439
284
460
106
-745
-1800
-2339
-1802
-1045
-652
-620
-855
-1378
-1521
-773
406
1294
1563
1251
706
548
1117
2126
2678
2351
1515
1056
1068
1256
1488
1547
1134
222
-559
-606
-26
289
-199
-974
-1393
-1490
-1397
-1123
-908
-1006
-1190
-1203
-1082
-824
-415
40
244
280
138
119
421
1032
1579
1611
1193
622
499
708
1062
1114
883
257
-306
-417
-91
273
202
-126
-509
-605
-471
-229
-33
-21
-172
-379
-486
-484
-284
-50
19
-113
-192
-85
101
388
583
596
295
-26
-76
170
500
510
215
-351
-782
-978
-974
-1039
-1193
-1347
-1460
-1629
-1814
-2123
-2308
-2053
-1651
-1472
-1847
-1869
-1895
-703
749
1023
-460
-1145
637
2304
3395
2812
1321
-132
810
2815
3028
2241
1352
772
83
247
722
829
474
-257
-1290
-1855
-1424
-731
-538
-1043
-1618
-2152
-1854
-919
136
596
463
110
-167
246
1032
1950
2270
1896
1222
1015
1407
1816
1998
1804
1284
545
34
139
694
883
220
-780
-1244
-1139
-817
-598
-745
-1220
-1680
-1721
-1486
-1041
-555
-335
-433
-638
-591
-300
325
977
1348
1162
726
527
785
1383
1678
1516
838
301
136
442
751
723
253
-367
-636
-479
-116
37
-84
-430
-702
-705
-452
-236
-233
-409
-653
-782
-658
-299
18
119
59
-1
-25
9
117
280
396
385
136
-135
-349
-367
-488
-750
-1131
-1322
-1320
-1325
-1526
-1958
-2205
-2348
-1960
-1928
-1891
-2073
-1987
-1465
-373
324
-443
-998
21
1586
2231
2125
1361
515
995
2560
2893
2087
1619
1549
1266
1050
1239
1152
887
417
-363
-832
-656
-177
-351
-1058
-1758
-2033
-1679
-981
-419
-350
-547
-631
-404
46
728
1328
1644
1511
1244
1357
1850
2265
2200
1879
1501
1153
1037
1214
1442
1212
385
-415
-594
-253
-83
-325
-850
-1443
-1691
-1502
-1173
-1027
-1008
-1072
-1180
-1155
-916
-630
-233
51
230
420
517
660
774
1283
1448
1419
1165
851
714
837
1149
985
511
-68
-197
45
239
62
-244
-531
-694
-660
-494
-331
-458
-635
-898
-941
-831
-578
-371
-354
-389
-444
-373
-233
-103
-16
7
95
167
133
8
-64
-27
-255
-524
-844
-760
-877
-995
-1473
-1894
-2052
-1979
-1698
-2016
-2108
-2415
-2287
-1489
-323
-177
-1213
-1103
291
1390
1676
1370
767
529
1542
2565
2196
1724
1793
1903
1602
1334
1397
1316
1264
777
30
-190
52
243
-273
-971
-1444
-1564
-1259
-886
-735
-805
-919
-849
-662
-301
140
571
894
884
827
1071
1608
1883
1709
1417
1223
1178
1306
1458
1384
907
280
-16
101
312
142
-310
-800
-1121
-1156
-1003
-892
-921
-1043
-1143
-1127
-1046
-854
-667
-339
-290
-134
-29
197
432
658
984
801
911
843
1037
1035
1063
1010
714
555
370
509
526
393
63
-168
-241
-235
-240
-269
-419
-581
-649
-702
-666
-697
-634
-620
-574
-487
-420
-284
-209
-85
-72
-8
115
188
159
55
46
-49
-31
-185
-262
-518
-605
-785
-1100
-1239
-1361
-1320
-1697
-1883
-2049
-2005
-1902
-1868
-1669
-943
-430
-621
-1048
-214
847
1216
1255
830
595
829
2059
2422
1859
1516
1511
1635
1520
1558
1496
1357
1062
420
0
155
365
101
-612
-1181
-1336
-1210
-794
-613
-728
-1190
-1441
-1035
-423
35
176
383
465
404
648
1319
1825
1658
1120
928
1225
1535
1477
1153
966
677
362
331
540
507
12
-448
-707
-726
-649
-636
-694
-838
-1053
-1237
-1112
-768
-551
-698
-750
-701
-287
15
178
231
271
587
640
945
923
935
882
922
1018
872
805
679
680
546
327
173
219
213
57
-195
-289
-329
-458
-577
-680
-577
-551
-545
-585
-601
-512
-414
-281
-293
-292
-221
-51
42
63
-22
-12
34
26
-88
-261
-244
-412
-489
-742
-803
-1062
-1259
-1357
-1460
-1517
-1831
-1937
-2004
-1810
-1126
-491
-596
-1278
-1127
71
765
1060
685
307
206
1040
1973
1815
1513
1286
1414
1474
1564
1531
1402
1348
956
324
219
524
518
-22
-693
-898
-931
-712
-559
-647
-897
-1225
-1159
-802
-326
-100
-69
9
118
274
618
998
1106
958
835
956
1096
1188
1075
964
896
740
645
632
601
307
-3
-103
-174
-274
-401
-504
-571
-659
-747
-786
-707
-570
-523
-600
-607
-505
-264
-119
58
204
296
357
364
569
691
778
730
700
696
648
660
702
677
514
315
218
218
177
55
-170
-323
-360
-347
-360
-457
-526
-603
-636
-549
-431
-376
-431
-478
-426
-331
-159
-71
-108
-155
-213
-128
-67
11
-143
-370
-518
-558
-571
-653
-821
-917
-1153
-1377
-1576
-1634
-1545
-1664
-1571
-1656
-985
-732
-735
-1085
-628
246
562
829
394
259
261
1303
1974
1906
1456
1091
1273
1649
1995
1736
1431
1209
936
564
521
532
340
-43
-367
-621
-897
-837
-583
-423
-748
-1251
-1292
-785
-209
0
-72
-214
-259
-85
389
776
871
642
471
544
750
919
1001
1084
948
610
357
472
701
715
450
41
-304
-366
-182
46
19
-326
-703
-764
-585
-361
-363
-407
-544
-565
-391
-172
122
57
128
10
229
353
514
617
519
592
475
588
586
731
752
662
537
419
361
304
296
231
59
-156
-208
-165
-78
-147
-319
-491
-520
-395
-293
-296
-381
-402
-352
-270
-199
-148
-126
-134
-161
-262
-307
-286
-251
-305
-407
-529
-657
-800
-860
-911
-965
-1097
-1300
-1443
-1576
-1580
-1557
-1435
-975
-634
-583
-917
-803
-224
167
631
634
531
187
494
1190
1589
1619
1172
969
1041
1336
1451
1506
1426
984
371
301
521
534
212
-141
-228
-398
-613
-817
-630
-416
-538
-799
-780
-567
-491
-441
-241
56
85
-45
-124
124
445
612
624
577
536
528
669
831
849
686
484
460
580
567
349
147
119
183
135
-15
-174
-262
-264
-283
-305
-344
-390
-469
-445
-323
-203
-248
-295
-233
-112
-4
0
60
102
181
234
302
378
394
406
369
348
354
377
394
363
299
207
132
149
185
165
75
10
28
4
-45
-106
-89
-43
-73
-125
-113
-21
-15
-88
-167
-163
-143
-186
-234
-247
-296
-429
-544
-563
-498
-516
-660
-861
-994
-1020
-1037
-1082
-1150
-1234
-1309
-1290
-1153
-930
-762
-712
-735
-599
-396
-285
-140
173
404
245
105
357
827
963
867
897
1076
1043
926
1096
1315
1197
829
762
911
957
710
418
297
283
189
71
105
133
-67
-334
-283
-99
-88
-276
-350
-242
-132
-141
-222
-233
-173
-96
-39
36
77
47
14
98
274
343
256
203
309
462
445
324
243
243
253
227
232
229
137
-54
-169
-107
-91
-187
-297
-313
-262
-247
-235
-248
-221
-179
-123
-23
40
44
23
60
109
130
136
144
187
252
317
328
314
361
468
579
613
544
443
409
433
423
391
350
298
213
144
95
46
60
61
2
-91
-151
-195
-280
-373
-437
-491
-545
-614
-735
-874
-996
-1086
-1152
-1190
-1225
-1293
-1360
-1355
-1325
-1357
-1312
-1074
-845
-804
-805
-635
-503
-484
-301
96
265
101
71
395
673
658
683
946
1135
965
831
1018
1219
1055
817
812
875
723
432
321
300
174
-90
-144
-13
-15
-227
-336
-252
-247
-319
-312
-145
-36
-140
-253
-166
18
63
18
62
207
313
321
332
431
555
560
517
568
688
702
616
568
555
504
425
395
376
286
128
3
-40
-81
-195
-298
-332
-350
-406
-426
-335
-270
-301
-365
-326
-210
-134
-143
-200
-168
-79
-16
-11
-38
-12
68
151
200
283
369
377
370
411
476
458
359
297
325
350
276
161
146
149
127
111
92
29
-89
-132
-130
-115
-178
-271
-318
-364
-456
-539
-531
-527
-616
-739
-756
-726
-752
-870
-973
-1003
-1008
-977
-988
-905
-742
-620
-602
-581
-442
-411
-357
-99
202
185
-53
-14
275
504
539
604
754
794
711
827
1110
1088
763
631
852
935
694
387
268
206
66
-26
20
73
-101
-300
-243
-85
-148
-347
-327
-133
-88
-182
-205
-112
-113
-220
-205
-17
152
151
90
141
281
366
371
428
540
572
483
448
483
457
348
273
301
297
207
97
61
33
-66
-203
-249
-195
-168
-207
-241
-211
-209
-247
-271
-227
-179
-187
-182
-158
-154
-228
-286
-230
-87
11
31
35
81
167
215
264
298
321
320
305
304
275
217
148
159
187
182
161
130
98
48
44
71
92
108
54
-21
-80
-87
-121
-202
-285
-378
-448
-506
-520
-550
-618
-727
-819
-862
-888
-938
-1019
-1052
-1082
-1063
-948
-821
-789
-808
-699
-596
-587
-459
-125
106
17
-56
149
446
541
557
734
911
853
771
985
1185
1012
729
756
916
801
544
400
411
341
153
71
144
139
-89
-194
-74
-21
-189
-306
-204
-99
-167
-299
-270
-160
-122
-168
-127
10
86
125
224
376
426
396
405
521
630
585
469
403
398
382
369
376
343
178
-12
-44
40
26
-130
-273
-277
-224
-238
-261
-273
-281
-354
-353
-234
-140
-180
-287
-244
-139
-78
-89
-73
22
89
132
186
276
323
303
304
380
433
367
311
353
389
283
165
135
182
184
135
124
115
82
22
21
66
51
-40
-107
-109
-155
-230
-253
-261
-344
-481
-533
-517
-510
-584
-690
-745
-767
-786
-848
-890
-912
-989
-1091
-1106
-964
-823
-829
-880
-810
-677
-645
-538
-237
12
-53
-186
11
413
597
549
639
878
942
847
942
1148
1086
841
834
1043
1031
760
543
558
578
437
323
340
346
143
-42
-23
3
-120
-275
-262
-198
-237
-351
-349
-251
-216
-211
-118
54
117
103
148
273
376
371
339
401
504
467
323
256
246
201
136
118
121
77
-22
-99
-112
-139
-236
-321
-316
-335
-429
-507
-510
-502
-532
-536
-470
-383
-360
-334
-275
-226
-213
-180
-67
54
135
194
270
317
346
386
424
469
501
499
459
434
417
377
370
393
405
390
373
343
320
297
254
211
172
160
138
110
68
37
-8
-76
-97
-102
-153
-247
-306
-317
-361
-438
-543
-612
-656
-727
-814
-902
-980
-1076
-1141
-1196
-1198
-1095
-975
-942
-975
-882
-751
-662
-505
-246
-105
-189
-142
108
344
405
474
690
870
847
792
960
1074
915
765
901
1022
858
607
510
537
476
330
253
261
155
-98
-186
-102
-154
-376
-445
-278
-172
-238
-307
-223
-141
-142
-111
36
171
180
187
294
413
396
319
360
479
516
423
354
354
312
209
164
183
165
73
-23
-64
-96
-194
-305
-324
-336
-386
-453
-479
-449
-462
-464
-416
-342
-301
-284
-226
-143
-82
-83
-47
40
132
202
246
280
300
336
349
350
350
365
364
355
366
359
345
326
334
334
335
317
299
271
221
187
163
141
125
122
109
74
51
25
25
12
-35
-65
-84
-103
-152
-205
-287
-381
-468
-538
-593
-644
-701
-807
-916
-983
-1003
-1008
-996
-989
-969
-905
-830
-772
-683
-592
-534
-411
-206
-10
73
126
262
450
613
722
843
956
984
936
964
1049
987
834
773
779
685
514
356
231
90
-61
-155
-182
-213
-355
-468
-460
-446
-510
-553
-464
-362
-338
-339
-272
-182
-124
-58
94
254
298
324
389
481
528
505
486
512
550
516
445
404
344
250
170
124
55
-71
-173
-218
-270
-341
-417
-472
-469
-465
-462
-447
-442
-443
-431
-373
-315
-306
-310
-236
-107
-27
1
40
99
149
213
294
370
384
388
434
475
477
450
447
441
436
415
385
351
332
329
298
273
253
226
194
176
158
120
61
18
-8
-44
-62
-73
-97
-152
-203
-213
-208
-213
-259
-305
-316
-325
-366
-430
-457
-463
-494
-527
-537
-538
-562
-580
-595
-614
-639
-633
-534
-383
-300
-331
-324
-263
-196
-95
78
231
222
151
164
285
369
386
448
542
528
445
435
477
409
270
271
339
297
151
26
-2
-54
-178
-251
-214
-163
-227
-295
-274
-263
-336
-351
-224
-117
-139
-185
-126
-25
21
27
62
138
175
214
306
394
363
258
226
310
392
391
348
305
265
226
216
206
170
102
51
59
72
12
-78
-109
-100
-99
-129
-128
-120
-150
-165
-148
-122
-109
-106
-72
-27
4
26
59
90
70
75
132
185
182
175
217
225
187
186
218
218
205
193
205
200
141
71
61
71
27
-22
-22
-11
-54
-109
-131
-136
-158
-207
-228
-216
-241
-302
-347
-346
-355
-379
-358
-324
-323
-348
-350
-320
-285
-268
-238
-177
-134
-120
-104
-49
6
51
107
168
229
262
275
289
319
346
346
339
333
315
283
263
251
222
158
108
63
23
-8
-66
-106
-152
-220
-293
-345
-361
-373
-393
-432
-461
-450
-426
-402
-385
-369
-359
-336
-291
-237
-197
-172
-154
-134
-83
-28
3
39
83
122
159
185
212
219
229
251
278
281
274
292
329
332
311
304
331
363
371
385
369
329
294
285
282
266
240
232
220
187
170
165
151
117
86
80
84
72
55
38
17
7
-19
-36
-57
-74
-65
-31
-28
-84
-140
-164
-150
-143
-160
-182
-207
-254
-310
-345
-388
-447
-503
-522
-525
-539
-519
-515
-551
-599
-600
-571
-520
-445
-358
-294
-294
-258
-184
-90
-29
40
154
251
304
361
452
491
487
506
603
684
681
646
633
623
557
494
477
476
405
339
326
297
201
94
64
51
26
-37
-68
-59
-86
-133
-143
-101
-105
-140
-128
-95
-88
-111
-109
-94
-92
-101
-94
-84
-100
-120
-136
-129
-133
-180
-230
-228
-212
-224
-264
-285
-267
-250
-231
-224
-222
-232
-229
-191
-155
-149
-167
-142
-81
-20
12
21
44
84
122
157
200
237
236
226
226
231
226
229
233
226
199
157
128
112
82
50
54
55
39
6
-9
6
2
-21
-24
-7
5
21
32
59
68
52
43
57
93
111
123
146
149
120
78
58
67
58
11
-30
-48
-70
-106
-138
-159
-190
-241
-275
-280
-276
-292
-315
-328
-332
-321
-294
-244
-203
-186
-174
-132
-79
-38
-7
39
106
155
192
227
276
322
344
350
359
369
378
387
378
359
321
281
261
251
220
160
113
83
52
3
-60
-107
-141
-161
-172
-180
-194
-223
-248
-253
-252
-268
-294
-299
-275
-247
-222
-204
-182
-178
-179
-165
-131
-94
-91
-101
-106
-82
-59
-38
-14
3
22
36
61
80
75
52
47
66
85
104
111
119
126
123
129
154
175
181
181
173
155
129
112
102
92
87
77
51
25
6
-13
-27
-50
-82
-109
-118
-107
-82
-63
-57
-58
-55
-43
-24
1
23
42
57
77
97
101
109
124
133
129
111
88
67
43
21
1
-25
-71
-115
-131
-129
-134
-154
-187
-227
-258
-273
-269
-276
-272
-259
-234
-202
-174
-147
-110
-73
-36
6
47
82
119
149
176
206
237
271
298
325
341
350
335
306
273
246
239
222
200
168
135
109
81
43
0
-33
-62
-86
-107
-116
-135
-164
-185
-197
-206
-207
-189
-164
-155
-169
-172
-160
-145
-133
-132
-132
-126
-116
-102
-86
-77
-85
-101
-99
-78
-60
-40
-19
-6
-2
4
17
33
50
52
53
69
88
100
99
108
116
125
137
151
155
143
135
123
103
79
57
52
58
51
40
21
-6
-31
-45
-53
-57
-60
-71
-82
-90
-91
-92
-79
-70
-62
-60
-42
-20
-11
-5
10
27
37
38
37
53
66
55
37
39
49
42
28
20
2
-22
-35
-23
-5
-15
-35
-49
-56
-65
-66
-52
-32
-32
-28
-11
12
38
54
70
87
103
107
119
147
168
173
171
175
182
175
170
169
161
147
118
89
74
55
29
8
-10
-32
-51
-70
-93
-118
-144
-165
-188
-216
-236
-232
-225
-222
-231
-236
-241
-240
-226
-209
-191
-185
-181
-175
-166
-148
-131
-116
-99
-80
-59
-32
-12
0
8
22
42
62
83
103
121
137
149
160
174
184
191
196
208
222
230
229
232
243
234
206
183
171
158
141
125
91
54
26
-2
-28
-50
-69
-89
-98
-111
-124
-147
-169
-185
-198
-199
-188
-174
-156
-138
-134
-126
-108
-97
-90
-74
-53
-36
-29
-30
-26
-20
-11
4
11
19
18
14
6
-8
-21
-32
-41
-40
-32
-20
-7
-1
-3
-15
-21
-11
16
30
40
51
66
76
87
108
130
143
153
173
196
212
208
208
216
213
204
193
194
196
178
162
147
121
85
57
40
22
6
-15
-34
-49
-64
-89
-111
-124
-142
-159
-176
-181
-188
-200
-204
-200
-192
-179
-174
-161
-149
-152
-164
-171
-159
-150
-134
-116
-94
-74
-58
-43
-27
-12
-3
10
18
30
40
55
78
98
114
125
135
143
148
146
144
139
126
120
119
117
113
100
87
75
70
66
53
31
4
-20
-28
-35
-40
-49
-57
-59
-60
-60
-56
-61
-66
-59
-57
-53
-52
-49
-38
-24
-18
-15
-14
-10
-6
-3
-4
-15
-25
-31
-32
-31
-27
-26
-24
-32
-42
-49
-54
-57
-62
-73
-76
-72
-60
-43
-29
-19
-14
-9
1
12
23
36
49
62
75
86
100
115
125
131
131
131
126
113
102
99
94
78
65
66
75
76
66
48
29
13
0
-6
-11
-24
-37
-41
-36
-38
-44
-47
-48
-56
-62
-67
-72
-74
-74
-76
-81
-78
-81
-83
-76
-71
-72
-81
-90
-93
-92
-90
-83
-71
-58
-48
-43
-36
-21
-10
-5
5
19
35
51
69
83
90
96
102
110
120
125
122
114
103
90
80
79
75
62
43
31
22
12
-1
-20
-43
-60
-72
-79
-77
-70
-66
-62
-60
-60
-58
-49
-36
-24
-11
-6
-3
2
14
26
30
32
36
38
40
38
35
23
9
-4
-12
-18
-21
-21
-22
-31
-47
-61
-70
-77
-82
-83
-81
-76
-67
-58
-46
-38
-31
-21
-11
1
17
32
44
50
53
55
59
68
76
78
75
66
53
43
36
32
26
13
9
11
17
20
14
2
-6
-11
-9
-2
11
22
33
42
48
50
52
57
66
70
71
74
74
69
60
52
43
28
16
7
4
1
-15
-38
-58
-76
-90
-96
-95
-94
-98
-101
-101
-99
-99
-100
-95
-83
-67
-51
-34
-14
5
14
20
24
30
41
57
68
73
64
51
42
38
35
26
16
9
0
-13
-30
-47
-64
-80
-91
-91
-86
-78
-74
-71
-70
-70
-66
-52
-31
-11
10
27
45
60
67
77
90
102
115
126
134
140
141
135
124
112
98
87
83
80
71
52
28
4
-19
-38
-49
-57
-62
-70
-79
-84
-91
-97
-109
-115
-113
-105
-95
-81
-71
-67
-66
-65
-61
-55
-44
-31
-20
-13
-13
-18
-17
-12
-8
-8
-4
2
8
12
15
12
6
3
6
16
27
37
43
46
49
49
47
51
59
66
73
76
77
71
65
61
55
50
41
35
34
33
25
10
-6
-18
-29
-34
-29
-28
-27
-32
-38
-45
-49
-50
-46
-39
-31
-25
-18
-8
-1
0
-2
-4
-1
6
14
22
24
19
9
-4
-12
-14
-17
-21
-25
-34
-44
-54
-61
-69
-76
-82
-83
-78
-70
-63
-58
-56
-56
-53
-46
-29
-11
8
25
38
47
53
65
77
89
100
109
114
116
116
115
110
104
94
83
76
72
68
54
36
15
-3
-13
-18
-20
-26
-36
-46
-57
-64
-69
-73
-74
-72
-69
-65
-57
-46
-41
-40
-41
-42
-38
-28
-17
-7
-2
-4
-7
-10
-7
-2
0
3
2
0
-1
-1
-1
-3
-6
-9
-6
0
6
8
8
9
5
3
5
13
22
29
35
34
34
36
39
41
43
40
35
34
35
37
35
31
25
18
13
12
13
12
6
-1
-10
-13
-12
-10
-9
-11
-14
-16
-17
-16
-16
-17
-19
-20
-19
-17
-11
-7
-7
-10
-16
-21
-21
-20
-21
-25
-30
-35
-39
-39
-38
-38
-37
-41
-43
-43
-42
-39
-34
-32
-31
-30
-23
-14
-4
3
6
9
11
16
22
30
40
46
52
56
59
62
66
65
60
52
46
45
45
45
42
35
27
21
20
19
16
11
1
-7
-14
-17
-18
-20
-23
-29
-31
-32
-29
-28
-31
-36
-41
-45
-46
-44
-41
-36
-33
-34
-36
-33
-30
-27
-23
-23
-23
-18
-8
2
10
16
19
21
23
29
36
41
44
42
40
39
43
45
47
45
39
33
28
25
23
19
13
5
-1
-4
-4
-3
-3
-8
-14
-20
-18
-13
-10
-8
-8
-8
-6
0
7
14
18
18
16
14
15
20
21
20
14
8
4
3
3
-1
-9
-21
-32
-40
-44
-48
-51
-57
-64
-70
-71
-67
-65
-62
-63
-65
-63
-57
-49
-38
-29
-23
-16
-8
1
13
24
31
36
40
46
53
60
65
66
62
57
55
57
59
56
50
40
33
26
24
23
21
15
7
3
-1
0
-1
-7
-14
-22
-26
-26
-21
-19
-19
-22
-27
-31
-30
-26
-24
-23
-25
-30
-30
-29
-25
-24
-25
-29
-31
-31
-28
-25
-22
-20
-19
-19
-15
-7
2
8
13
16
18
23
30
36
40
42
45
49
53
57
58
57
53
48
47
46
46
44
38
30
20
13
10
6
3
-3
-9
-13
-18
-18
-17
-19
-18
-18
-19
-13
-5
2
4
6
5
7
9
14
19
21
17
12
9
5
3
0
-5
-11
-18
-25
-31
-35
-39
-49
-59
-65
-68
-67
-65
-64
-64
-64
-65
-61
-53
-43
-32
-24
-15
-6
5
14
24
32
40
47
53
60
67
71
70
68
65
63
60
61
57
51
42
32
23
16
10
4
-3
-10
-17
-22
-25
-29
-31
-34
-38
-38
-34
-28
-23
-19
-17
-18
-16
-12
-7
0
5
6
6
4
4
3
2
-1
-5
-11
-14
-16
-15
-15
-18
-23
-25
-25
-23
-18
-15
-12
-11
-10
-6
0
9
16
23
28
34
38
43
47
51
52
53
53
54
52
50
45
38
29
20
13
7
0
-6
-14
-23
-28
-33
-34
-34
-36
-37
-36
-35
-32
-25
-20
-14
-9
-6
1
8
15
20
22
24
25
24
25
25
23
18
12
6
-1
-8
-15
-24
-33
-43
-53
-62
-66
-69
-72
-75
-76
-77
-73
-68
-62
-57
-54
-50
-43
-33
-20
-8
5
12
19
24
29
33
38
41
41
41
39
39
39
38
33
27
21
11
4
-2
-11
-18
-22
-26
-28
-28
-28
-29
-28
-28
-26
-22
-15
-8
0
7
14
22
28
36
42
47
51
51
52
52
50
49
47
44
41
38
34
29
25
19
12
4
-1
-8
-11
-14
-16
-17
-17
-16
-13
-9
-7
-5
-3
-3
0
5
11
17
25
30
32
35
37
39
39
37
33
30
29
27
26
25
22
19
13
9
4
0
-3
-7
-10
-12
-12
-9
-7
-5
-4
-5
-5
-3
-1
2
7
10
12
14
16
16
19
18
