14
20
23
33
40
49
58
63
69
76
78
83
82
83
82
78
77
71
67
62
56
52
51
45
47
45
44
44
44
44
44
43
44
42
43
45
42
41
37
37
35
34
32
29
25
20
14
8
-2
-14
-26
-39
-52
-65
-79
-90
-102
-111
-120
-126
-132
-137
-138
-138
-140
-135
-134
-132
-127
-124
-117
-113
-106
-98
-90
-82
-73
-67
-60
-56
-54
-50
-52
-52
-52
-52
-49
-48
-42
-36
-30
-18
-8
5
22
33
50
66
78
93
103
115
126
134
146
153
159
167
167
170
172
167
168
161
153
148
138
132
123
111
105
93
84
76
64
60
53
46
43
36
35
37
33
31
27
22
21
12
7
-2
-16
-21
-34
-47
-56
-71
-80
-94
-100
-105
-113
-120
-127
-138
-144
-152
-161
-166
-182
-190
-200
-207
-210
-218
-226
-232
-240
-246
-251
-264
-269
-275
-273
-268
-262
-251
-235
-208
-176
-139
-95
-41
8
65
123
175
231
273
310
342
365
385
395
396
388
373
365
351
332
311
278
244
215
183
155
128
98
77
61
48
42
35
37
52
64
85
105
125
137
147
163
177
192
199
191
187
179
166
151
122
90
60
26
-11
-46
-84
-123
-153
-181
-201
-224
-246
-270
-292
-308
-323
-336
-343
-350
-358
-366
-376
-377
-379
-382
-387
-393
-396
-399
-409
-422
-437
-458
-457
-451
-423
-380
-312
-221
-118
-19
63
149
220
304
364
409
413
402
393
369
372
357
336
302
280
261
249
227
192
139
76
43
2
-26
-69
-96
-121
-127
-106
-76
-51
-40
-4
23
76
129
180
213
235
280
324
359
377
362
327
281
235
199
149
98
47
4
-19
-22
-38
-51
-79
-110
-129
-149
-166
-178
-189
-203
-205
-198
-155
-122
-54
-4
31
71
112
153
167
183
172
183
167
166
156
141
139
136
138
115
110
87
63
33
20
14
6
22
20
26
23
27
35
33
39
15
2
-10
-2
11
17
26
21
22
24
21
-5
-32
-58
-90
-115
-154
-183
-214
-255
-289
-322
-352
-389
-426
-467
-504
-529
-544
-527
-489
-403
-313
-207
-113
-27
83
167
253
299
329
315
291
273
252
232
192
169
128
130
120
104
77
36
-5
-71
-103
-133
-155
-193
-210
-212
-188
-153
-124
-93
-70
-14
48
117
172
219
272
315
377
440
471
480
462
426
405
358
316
272
229
187
153
134
131
139
117
107
83
78
59
44
7
-33
-57
-76
-67
-80
-59
-55
-25
0
22
31
17
17
2
-1
-22
-29
-45
-53
-57
-70
-90
-107
-121
-149
-164
-180
-192
-201
-214
-241
-250
-254
-269
-281
-289
-300
-329
-347
-373
-410
-456
-503
-551
-597
-644
-685
-717
-720
-601
-431
-259
-147
-11
90
191
374
532
593
524
492
439
434
430
438
380
290
281
285
356
364
336
195
114
96
59
-1
-105
-209
-354
-371
-317
-272
-287
-304
-272
-217
-119
-8
76
107
159
248
378
517
602
590
571
574
565
533
493
427
303
207
177
173
134
88
30
4
1
-4
-8
-57
-115
-171
-199
-207
-196
-222
-271
-272
-253
-221
-163
-123
-104
-79
-28
46
100
118
104
94
92
92
89
83
75
58
45
54
70
78
78
83
85
80
82
75
65
50
20
-18
-38
-50
-68
-90
-105
-112
-114
-94
-84
-69
-61
-55
-32
-27
-30
-32
-38
-44
-50
-58
-64
-75
-98
-102
-85
-72
-66
-68
-60
-60
-62
-71
-83
-91
-99
-110
-130
-152
-182
-213
-230
-242
-272
-305
-333
-350
-375
-405
-415
-427
-445
-464
-458
-443
-428
-401
-363
-318
-248
-157
-63
36
125
219
303
389
467
516
542
556
575
573
555
542
525
505
476
452
425
393
343
290
226
168
115
70
36
-12
-59
-92
-109
-115
-114
-129
-117
-102
-78
-39
11
65
119
186
252
314
341
359
347
327
311
294
255
204
156
103
74
43
31
9
-4
-17
-32
-57
-85
-124
-159
-186
-226
-251
-273
-279
-276
-270
-259
-226
-197
-157
-126
-100
-69
-61
-39
-30
-12
-11
-16
-25
-37
-61
-84
-105
-138
-162
-209
-232
-248
-271
-271
-287
-302
-293
-297
-304
-306
-328
-363
-383
-408
-423
-443
-441
-401
-340
-250
-160
-51
46
134
230
320
385
423
450
456
462
452
436
419
389
367
340
311
282
257
231
179
138
101
54
22
-3
-45
-71
-84
-107
-119
-147
-159
-156
-157
-111
-57
-8
65
136
201
268
320
366
388
393
388
361
356
353
304
253
226
192
173
154
136
105
77
67
71
66
42
-4
-57
-91
-123
-149
-200
-247
-284
-309
-306
-285
-279
-277
-258
-219
-127
-60
0
38
69
112
143
192
205
188
176
184
179
190
172
129
96
64
88
115
125
129
119
108
117
120
103
62
12
-23
-42
-40
-41
-76
-83
-57
-21
30
57
70
58
45
42
34
1
-28
-67
-111
-132
-163
-195
-226
-246
-266
-290
-291
-304
-339
-364
-394
-420
-425
-438
-448
-461
-488
-495
-502
-518
-527
-532
-508
-476
-434
-380
-316
-231
-146
-62
18
92
156
213
269
309
335
334
337
344
339
331
323
314
302
290
271
260
245
225
201
178
164
129
100
62
21
-7
-28
-41
-47
-43
-31
-1
25
79
120
153
188
217
256
277
289
280
265
246
242
226
212
211
191
176
155
142
123
95
66
46
27
29
27
15
6
-15
-23
-37
-42
-57
-80
-93
-105
-113
-112
-107
-110
-99
-88
-66
-60
-59
-53
-60
-66
-73
-77
-75
-91
-108
-105
-99
-80
-72
-72
-79
-74
-74
-61
-61
-61
-55
-64
-60
-67
-63
-80
-85
-86
-94
-89
-89
-95
-114
-117
-138
-158
-184
-198
-207
-231
-239
-248
-262
-279
-297
-325
-330
-307
-284
-252
-220
-154
-101
-40
44
116
165
189
229
265
295
313
312
295
273
284
271
265
257
230
209
184
183
166
132
102
55
2
-20
-55
-108
-154
-184
-189
-197
-177
-166
-145
-109
-68
-21
22
52
74
97
119
155
180
184
189
189
180
159
135
115
92
68
50
26
3
-8
-19
-36
-54
-58
-68
-79
-70
-79
-100
-104
-104
-88
-49
-13
26
76
134
181
202
224
246
250
240
225
207
185
172
175
159
151
167
172
185
194
201
202
202
211
204
183
172
167
155
142
120
97
62
33
29
10
1
0
-12
-12
-10
-18
-32
-42
-66
-89
-113
-139
-154
-206
-241
-288
-340
-362
-384
-381
-387
-391
-393
-390
-387
-399
-408
-436
-454
-469
-478
-477
-476
-458
-422
-372
-309
-247
-174
-79
8
90
145
205
246
271
297
309
309
301
310
294
294
288
289
286
273
273
250
233
210
187
162
134
108
61
23
-8
-49
-79
-90
-75
-57
-24
8
46
87
135
164
176
187
180
182
171
166
144
110
80
55
34
7
0
-6
-20
-19
-21
-23
-26
-31
-42
-65
-95
-108
-127
-153
-165
-191
-194
-172
-147
-118
-89
-43
0
34
80
106
111
108
108
108
80
56
31
13
2
10
17
26
51
76
99
109
132
133
137
139
145
138
127
117
87
79
55
55
45
48
62
58
66
61
68
45
31
11
-17
-39
-63
-90
-130
-153
-179
-203
-217
-238
-253
-253
-251
-252
-253
-257
-267
-276
-292
-307
-331
-349
-361
-368
-379
-381
-353
-340
-310
-266
-214
-168
-97
-9
58
122
166
223
247
263
269
256
248
225
220
206
199
197
182
178
182
189
169
155
138
112
80
58
33
0
-22
-55
-75
-87
-91
-92
-81
-54
-17
27
76
122
149
157
167
170
159
151
132
111
87
67
54
37
19
20
22
41
73
93
102
101
96
82
68
48
31
-3
-12
-27
-14
16
12
46
65
108
110
155
199
189
195
155
158
98
82
43
-1
-26
-54
-32
-66
-44
-32
5
19
47
65
29
43
24
24
-3
-33
-62
-97
-91
-120
-123
-137
-137
-132
-127
-107
-98
-95
-86
-72
-75
-88
-104
-110
-150
-174
-194
-210
-217
-215
-202
-210
-202
-202
-210
-211
-219
-220
-236
-250
-260
-273
-288
-300
-303
-308
-303
-296
-278
-240
-194
-129
-81
-16
55
127
205
258
299
321
339
352
354
345
331
316
306
286
266
258
236
215
186
152
121
68
29
-26
-98
-139
-182
-216
-247
-269
-271
-259
-236
-183
-139
-97
-34
30
103
162
202
217
229
229
234
219
194
187
160
135
127
108
93
84
69
66
59
63
44
11
-9
-44
-69
-91
-101
-102
-99
-86
-47
-11
43
96
158
216
255
331
367
379
371
370
324
274
244
195
163
123
134
121
119
135
143
142
135
134
90
52
11
-3
-29
-62
-80
-104
-110
-112
-131
-131
-121
-127
-127
-123
-133
-136
-139
-138
-141
-167
-171
-203
-232
-273
-303
-327
-359
-386
-402
-410
-430
-425
-435
-432
-449
-468
-484
-517
-523
-555
-592
-628
-659
-650
-623
-565
-489
-364
-215
-48
123
281
436
547
650
715
748
743
710
667
602
527
458
408
378
356
341
315
276
235
188
121
18
-82
-176
-264
-328
-394
-446
-462
-446
-404
-339
-250
-146
-32
109
234
350
445
524
580
605
603
574
530
482
439
379
325
268
227
197
161
132
94
38
-2
-68
-154
-252
-343
-423
-486
-536
-560
-570
-535
-460
-394
-269
-184
-22
86
241
385
450
544
549
588
529
492
381
284
195
120
90
19
43
10
43
32
47
43
8
6
-70
-113
-169
-193
-219
-225
-195
-175
-124
-80
-14
15
65
96
100
129
114
113
58
53
9
-24
-58
-141
-173
-265
-290
-360
-416
-475
-548
-606
-706
-714
-782
-819
-862
-913
-937
-990
-894
-768
-556
-345
-108
190
409
727
956
1181
1276
1303
1307
1171
1057
837
673
457
332
245
139
82
9
-33
-169
-236
-342
-466
-642
-799
-936
-1068
-1075
-1068
-985
-847
-632
-380
-76
256
530
763
946
1095
1180
1215
1208
1150
1064
966
890
783
692
606
508
418
308
208
65
-75
-244
-409
-559
-675
-743
-808
-816
-800
-716
-624
-487
-339
-218
-79
42
137
255
341
377
405
521
654
704
804
880
902
803
797
665
468
252
-2
-215
-500
-584
-756
-809
-769
-662
-546
-425
-214
-115
-10
24
88
43
-9
-40
-98
-95
-74
-2
53
158
264
319
366
370
318
195
57
-87
-263
-431
-582
-695
-777
-783
-754
-741
-715
-691
-728
-779
-883
-924
-1053
-1162
-1228
-1335
-1346
-1238
-642
-141
289
649
1205
1573
1665
2111
2278
2089
1537
1413
1130
684
445
272
82
-140
93
106
42
-3
-34
-436
-820
-906
-1208
-1599
-1780
-1608
-1533
-1285
-781
-329
10
440
867
1110
1309
1450
1341
1160
1123
1099
988
922
925
796
725
686
597
352
110
-188
-551
-814
-993
-1156
-1314
-1255
-1114
-930
-697
-410
-208
-75
65
152
172
161
168
122
155
252
367
472
576
738
802
806
777
720
536
301
99
-53
-242
-420
-415
-514
-491
-518
-474
-416
-377
-254
-261
-146
-82
51
99
231
393
487
559
571
601
492
430
288
173
55
-70
-164
-212
-181
-203
-197
-175
-166
-192
-262
-341
-461
-616
-742
-884
-960
-1002
-995
-970
-924
-853
-895
-874
-956
-993
-1174
-1355
-1560
-1532
-806
-197
386
604
1434
1824
1821
2395
2593
2385
1372
1254
899
324
72
-13
-111
-356
113
208
149
-17
-83
-737
-1314
-1358
-1604
-1983
-2075
-1581
-1233
-739
-22
564
828
1115
1293
1361
1387
1374
1178
986
1105
1261
1318
1352
1355
1082
796
467
134
-389
-760
-1056
-1340
-1318
-1167
-952
-789
-463
-212
-36
82
181
94
-9
-18
-7
125
256
443
532
673
824
814
679
507
208
-73
-262
-308
-343
-330
-180
-114
71
196
248
114
-21
-184
-407
-566
-612
-553
-487
-236
64
392
626
808
826
726
582
343
78
-156
-285
-384
-368
-230
-86
1
64
102
70
-38
-160
-326
-479
-571
-592
-597
-574
-490
-471
-464
-496
-565
-682
-826
-905
-1023
-1127
-1232
-1347
-1367
-1437
-1467
-1549
-1697
-1074
-219
502
717
1074
1923
1702
2042
2513
2662
1802
1041
1200
552
283
61
100
-364
-252
124
-66
-302
-468
-685
-1587
-1650
-1547
-1645
-1876
-1437
-768
-400
221
781
1072
1082
1235
1274
1337
1409
1418
1222
1178
1386
1466
1373
1210
827
367
-60
-404
-747
-1064
-1163
-1293
-1162
-866
-524
-372
-207
-59
36
71
139
231
196
332
412
646
815
936
902
750
656
435
163
-117
-332
-447
-545
-503
-249
-28
175
128
327
311
97
24
-207
-268
-455
-426
-365
-228
44
194
343
497
636
547
404
262
137
-71
-223
-218
-209
-172
-145
-78
-22
16
-31
-116
-133
-174
-249
-298
-264
-249
-256
-264
-306
-342
-474
-570
-708
-819
-811
-940
-939
-932
-918
-978
-1145
-1216
-1384
-1653
-1744
-2015
-1595
-276
676
1303
1464
2581
2511
2309
2932
2851
2104
644
810
300
-63
-16
72
-162
-289
342
47
-353
-780
-1047
-2093
-2363
-1973
-1814
-1794
-1360
-430
73
659
1077
1186
993
955
877
934
1115
1252
1188
1233
1451
1575
1405
1060
484
-187
-592
-974
-1124
-1273
-1094
-971
-729
-334
-13
78
22
0
-68
-3
53
267
357
592
769
944
1068
951
687
244
-73
-351
-589
-640
-599
-491
-362
-15
316
463
528
389
269
-51
-22
-203
-273
-225
-168
-14
-12
311
285
285
166
192
143
43
50
-1
41
50
131
99
86
-12
-163
-283
-276
-335
-404
-373
-231
-94
6
54
24
-50
-184
-341
-568
-701
-820
-889
-920
-830
-772
-778
-816
-988
-1096
-1359
-1489
-1783
-1871
-1830
-1807
-1605
-1225
369
1384
2120
2030
2537
2699
1893
2377
2233
1990
562
626
654
185
296
133
-68
-764
-317
-545
-1008
-1408
-1300
-1745
-2058
-1395
-871
-704
-659
53
342
576
775
897
717
743
949
1207
1535
1736
1653
1327
1191
1020
676
157
-360
-877
-1005
-1008
-808
-719
-446
-264
-233
-47
55
106
-72
-38
39
303
523
825
958
1031
1001
804
669
316
-6
-445
-621
-656
-574
-437
-308
-69
7
187
268
376
372
192
295
236
323
399
370
408
329
277
35
-144
-221
-322
-423
-302
-92
45
151
206
263
159
46
-116
-274
-351
-430
-426
-327
-150
-21
37
140
191
132
8
-143
-280
-406
-510
-625
-687
-712
-736
-820
-893
-971
-1073
-1261
-1483
-1616
-1647
-1733
-1775
-1727
-1713
-1627
-1548
-111
1385
2301
2325
2519
3188
2322
2594
2769
2500
1095
403
694
-24
-11
-92
-280
-1087
-800
-483
-903
-1343
-1275
-1507
-2125
-1570
-835
-528
-704
-92
363
586
765
884
708
542
717
910
1330
1599
1694
1193
910
805
580
87
-508
-981
-1212
-1097
-884
-585
-327
-29
-5
29
232
302
118
-30
71
364
570
870
1056
1020
881
578
354
-5
-311
-674
-909
-853
-584
-307
-53
247
442
489
404
383
312
320
264
307
383
451
466
375
370
191
-61
-357
-446
-449
-419
-351
-182
57
220
334
262
204
41
-150
-310
-364
-350
-370
-314
-161
3
116
170
192
147
60
-28
-179
-272
-351
-425
-571
-691
-781
-917
-1088
-1222
-1331
-1418
-1487
-1409
-1466
-1480
-1489
-1493
-1413
-1563
-1220
-1360
-137
1355
2356
2566
2352
3242
2219
2301
2520
2410
1129
108
584
-72
-170
-219
-170
-1036
-865
-450
-658
-1136
-1099
-1055
-1744
-1280
-571
-98
-364
95
565
692
815
910
759
514
691
873
1237
1415
1444
939
494
319
129
-241
-652
-1007
-1067
-856
-569
-242
-37
178
45
-1
120
245
183
150
269
551
828
971
981
692
448
4
-296
-508
-717
-893
-986
-728
-456
-150
47
102
109
146
355
426
620
778
704
754
740
856
519
120
-161
-557
-758
-948
-844
-728
-468
-198
52
301
400
329
91
-56
-164
-251
-314
-217
-96
-1
111
177
190
114
6
-72
-147
-136
-138
-151
-140
-182
-256
-482
-677
-927
-1142
-1307
-1438
-1441
-1467
-1399
-1493
-1380
-1398
-1495
-1605
-1775
-1664
-1678
144
1863
2747
2710
2755
3296
2027
2431
2608
2053
505
-47
480
-212
-6
17
-266
-1160
-757
-411
-736
-1141
-1021
-1190
-1704
-909
-150
166
-213
216
556
627
630
675
530
325
487
770
1272
1414
1403
760
271
29
-57
-311
-797
-1101
-1030
-667
-344
-13
184
316
118
29
185
374
370
268
347
653
847
928
844
511
109
-358
-549
-710
-754
-782
-763
-565
-288
-46
54
-16
120
323
491
716
765
1054
865
908
899
730
457
-142
-390
-725
-791
-883
-817
-638
-359
-100
87
213
235
154
-46
-93
-107
-93
-150
-69
41
143
84
-10
-96
-161
-207
-191
-85
-22
84
79
23
-77
-232
-497
-832
-1138
-1268
-1379
-1416
-1420
-1417
-1466
-1528
-1502
-1652
-1741
-1905
-1820
-1859
-1281
740
2303
3102
2614
3009
3033
1915
2342
2355
1896
246
244
582
-76
68
-49
-566
-1441
-880
-575
-874
-1124
-717
-951
-1224
-433
206
284
-131
353
520
627
677
692
544
478
646
852
1178
1195
1040
443
103
-127
-220
-330
-713
-1006
-847
-445
-173
-37
185
370
212
181
302
429
480
463
498
588
674
745
463
137
-169
-502
-690
-869
-767
-742
-652
-465
-202
109
200
305
325
550
696
826
983
971
1024
764
618
400
54
-289
-627
-812
-922
-830
-672
-509
-281
25
141
156
195
190
20
-135
-129
-91
-94
-80
25
45
-25
-133
-193
-238
-219
-149
-100
0
107
113
-12
-153
-309
-607
-964
-1216
-1353
-1486
-1448
-1531
-1520
-1545
-1564
-1484
-1762
-1576
-1897
-1763
-1795
-658
1510
2575
3061
2262
3060
2230
1744
2331
2203
1322
-254
518
127
-249
-293
-307
-1190
-1519
-569
-370
-620
-733
-224
-856
-671
31
543
147
20
542
639
852
809
727
372
504
592
793
955
991
712
245
110
-16
-94
-303
-635
-869
-643
-341
-92
43
324
428
344
355
430
484
487
481
449
478
492
507
215
-19
-297
-601
-810
-925
-754
-660
-504
-226
36
187
310
471
720
747
706
878
694
862
678
560
320
-160
-109
-601
-652
-853
-865
-718
-611
-146
82
277
279
242
208
182
11
-137
-218
-159
-116
-31
95
72
-85
-232
-277
-250
-161
-126
-23
23
162
68
-99
-298
-548
-882
-1195
-1310
-1388
-1411
-1522
-1457
-1547
-1537
-1582
-1687
-1686
-1699
-1611
-1702
-1327
491
2184
2828
2476
2512
2702
1566
1945
2395
1890
494
128
637
-192
-295
-289
-748
-1557
-1097
-282
-272
-498
-288
-275
-690
-202
253
449
51
295
728
958
1141
932
722
428
454
479
719
768
680
368
90
60
-18
-40
-408
-735
-785
-540
-264
-67
176
389
455
445
513
497
491
457
413
395
337
388
237
-86
-297
-529
-676
-889
-803
-656
-579
-349
-100
254
411
579
666
790
753
779
758
871
965
696
676
199
-57
-341
-618
-671
-866
-692
-558
-296
43
254
349
271
173
147
72
-35
-170
-223
-145
-118
-75
-47
-33
-197
-302
-206
-74
28
50
103
170
129
-64
-306
-582
-860
-1133
-1362
-1349
-1323
-1362
-1522
-1603
-1540
-1602
-1772
-1868
-1742
-1755
-1583
-1560
-79
1768
2720
2597
2047
2649
1591
1596
2276
2148
900
-161
553
-141
-615
-547
-598
-1405
-1444
-378
-5
-264
-459
-272
-739
-527
-35
401
337
247
709
952
1230
1004
642
304
241
300
563
806
810
625
265
183
-5
-115
-452
-887
-991
-773
-346
-63
166
385
516
508
565
498
404
400
439
553
506
512
414
29
-363
-667
-807
-972
-1064
-814
-505
-262
-35
174
520
584
570
588
529
560
452
720
798
639
541
209
-66
-335
-481
-624
-746
-605
-358
-72
232
409
441
387
245
103
41
-13
-123
-237
-173
-96
-163
-226
-201
-206
-278
-190
-7
146
238
268
242
181
-10
-294
-609
-810
-979
-1207
-1282
-1314
-1298
-1369
-1457
-1490
-1456
-1415
-1466
-1525
-1463
-1429
-1420
-1179
374
2125
2829
2401
1950
2208
1266
1376
2068
1790
440
-385
208
-431
-902
-700
-722
-1250
-1020
163
629
364
125
33
-275
-43
339
543
475
563
808
854
961
539
-111
-513
-441
-163
210
603
744
583
339
276
219
162
-85
-386
-302
57
355
491
600
560
268
46
-55
-206
-324
-231
-60
13
6
36
-35
-347
-623
-744
-660
-489
-274
54
308
490
605
649
716
500
261
137
194
301
278
475
361
177
7
-120
-199
-354
-388
-409
-267
-39
170
309
431
415
313
232
189
122
-23
-96
-177
-217
-187
-186
-221
-226
-94
-13
38
149
231
235
211
201
74
-185
-461
-640
-808
-912
-1047
-1085
-1181
-1222
-1219
-1330
-1363
-1563
-1570
-1672
-1673
-1665
-1568
-1384
-126
1896
2936
2814
2117
2163
1250
1132
2084
2004
659
-569
-174
-509
-1159
-1079
-1043
-1503
-1323
-176
668
763
568
325
-43
196
691
813
741
726
794
785
845
591
-209
-805
-792
-434
53
486
689
632
489
526
616
559
273
-120
-175
45
245
366
321
163
-75
-252
-256
-327
-511
-568
-439
-141
8
-64
-65
-151
-321
-548
-520
-257
-240
-188
116
412
454
469
539
467
111
51
172
116
132
9
9
-10
17
52
-14
-12
-51
-148
-177
-144
-161
-135
-61
139
288
358
377
314
261
162
6
-161
-284
-329
-337
-268
-195
-131
-75
-92
-128
-131
-111
-135
-179
-217
-347
-567
-751
-835
-922
-1049
-1139
-1216
-1170
-1166
-1221
-1346
-1484
-1654
-1758
-1782
-1650
-1407
-209
1684
2718
2624
2015
2107
1316
985
1991
2321
1084
-262
7
-283
-1158
-1226
-881
-1282
-1285
-180
821
903
585
432
16
112
564
963
1028
976
936
776
801
575
-63
-704
-701
-359
97
534
836
771
452
400
617
842
574
192
-9
99
112
98
148
-90
-402
-568
-333
-180
-234
-353
-412
-350
-235
-99
-10
-9
-165
-271
-198
30
-41
-125
-86
76
97
136
407
421
399
320
333
239
106
-97
-219
-127
39
156
211
338
193
-32
-248
-328
-442
-454
-295
-70
159
335
450
397
311
202
143
71
38
-20
-42
-82
-175
-273
-389
-391
-447
-482
-383
-259
-233
-332
-435
-539
-692
-820
-880
-884
-947
-903
-900
-967
-1163
-1425
-1607
-1787
-1719
-1678
-1502
-1229
190
1763
2435
2119
1765
1705
875
1249
2170
2140
684
-73
-3
-606
-1099
-964
-786
-1339
-971
-33
628
628
323
108
-159
216
673
1097
1236
1140
857
651
696
330
-113
-309
-101
141
480
851
859
496
100
71
370
743
712
477
282
140
-87
-216
-164
-360
-663
-595
-72
275
264
84
-163
-346
-399
-186
49
184
59
-4
39
100
132
-118
-129
-291
-117
60
276
499
369
280
108
96
-99
-71
-92
6
81
218
366
209
109
-162
-302
-338
-292
-281
-222
-115
-139
-123
-43
92
75
33
136
264
266
162
-45
-308
-475
-583
-516
-465
-453
-439
-478
-508
-600
-711
-884
-965
-956
-842
-770
-858
-923
-1126
-1124
-1183
-1310
-1335
-1403
-1394
-1574
-1438
-1089
-10
1252
1867
1685
1386
1439
891
1169
1991
2083
886
121
182
-431
-885
-691
-368
-864
-855
-193
108
47
-183
-169
-274
13
547
984
1267
1204
923
625
594
398
164
205
486
684
832
1005
915
512
89
-10
198
655
918
848
564
156
-289
-544
-456
-436
-590
-600
-252
89
198
163
-74
-388
-580
-365
43
279
385
313
282
158
107
121
47
-17
-128
17
182
274
132
-90
-202
-220
-92
63
255
278
195
97
-12
-32
-63
-66
11
127
171
143
114
1
-223
-403
-362
-166
109
390
582
615
521
367
196
2
-127
-207
-222
-193
-173
-303
-558
-760
-881
-939
-947
-784
-713
-712
-758
-808
-909
-1124
-1145
-1182
-1117
-1042
-989
-948
-1116
-1201
-1366
-664
597
1432
1346
1089
1398
883
808
1545
2019
1113
216
472
110
-493
-509
-29
-286
-614
-279
-171
-342
-556
-499
-440
-251
95
390
736
1010
912
643
537
380
223
385
883
1076
974
977
982
784
445
305
269
308
443
569
568
281
-174
-555
-646
-557
-496
-456
-359
-264
-201
-102
-54
-121
-242
-242
-66
197
342
297
210
107
59
75
235
359
264
139
69
69
-63
-205
-275
-275
-170
19
298
421
317
54
-179
-238
-231
-139
24
171
210
163
131
45
-149
-301
-306
-184
61
310
451
406
307
214
102
31
46
98
46
-12
-88
-288
-589
-842
-959
-1022
-981
-870
-721
-681
-748
-807
-938
-974
-1034
-1036
-1036
-913
-801
-871
-924
-1041
-1122
-1170
-392
651
1184
991
883
1058
605
630
1311
1683
934
477
791
450
-177
-175
264
-36
-291
43
98
-320
-642
-444
-331
-287
-136
92
288
483
633
659
646
432
241
355
826
1121
1113
1182
1173
959
672
615
631
526
432
378
282
71
-198
-387
-431
-509
-628
-664
-530
-439
-410
-251
-163
-223
-272
-160
13
59
61
54
73
89
154
318
381
308
196
159
117
-10
-100
-165
-185
-149
-53
87
142
127
51
-26
-144
-242
-201
-155
-159
-146
-123
-145
-200
-238
-227
-187
-92
83
250
354
330
296
295
310
318
303
306
251
184
82
-62
-284
-543
-734
-832
-808
-794
-807
-789
-790
-844
-867
-852
-818
-791
-741
-633
-654
-661
-673
-681
-781
-786
-714
-666
-230
226
485
267
325
376
244
537
966
1164
753
856
1007
760
476
508
693
413
421
625
666
281
-44
-37
-81
-138
-192
-21
4
50
175
312
316
37
-64
-22
214
446
685
958
1005
897
686
595
546
461
398
379
433
363
287
258
152
-137
-390
-353
-255
-196
-131
-35
-72
-178
-216
-215
-272
-456
-604
-561
-318
-149
-107
-141
-222
-352
-383
-227
-135
-182
-221
-89
75
175
260
313
278
236
310
405
400
296
195
122
17
-109
-196
-232
-246
-208
-89
23
41
-19
-60
-53
-14
42
117
213
250
247
222
216
146
-3
-105
-177
-249
-349
-383
-424
-517
-622
-685
-706
-732
-685
-599
-527
-540
-594
-606
-640
-715
-770
-781
-764
-798
-828
-860
-922
-891
-763
-576
-542
-543
-386
-262
-38
199
464
492
408
525
715
937
977
1082
1058
1081
1164
1258
1248
952
808
752
815
735
621
512
326
231
173
246
145
-3
-52
0
88
31
31
-7
-24
-43
-23
28
-34
-51
-62
30
101
85
60
106
202
204
225
270
246
155
157
223
169
116
129
108
-48
-198
-224
-257
-310
-387
-407
-403
-446
-492
-507
-488
-490
-461
-356
-196
-65
24
123
204
228
213
215
215
174
121
127
149
93
27
22
65
86
94
110
87
96
145
227
249
201
174
193
208
198
154
91
24
-86
-173
-244
-337
-450
-496
-502
-554
-622
-649
-591
-555
-552
-566
-570
-567
-582
-577
-593
-613
-681
-741
-722
-714
-766
-872
-838
-635
-416
-297
-285
-257
-238
-66
189
374
400
366
464
594
783
825
773
697
709
804
875
924
721
509
424
459
442
322
245
127
86
107
145
84
-56
-158
-142
-16
-4
-2
39
127
135
104
136
131
126
129
210
252
245
259
351
437
399
335
311
283
250
289
335
264
151
100
78
9
-138
-241
-298
-321
-346
-301
-265
-341
-429
-432
-335
-294
-221
-104
39
129
159
221
264
243
177
211
263
223
178
201
224
154
117
162
186
168
145
146
135
122
124
144
133
89
64
73
93
77
50
2
-64
-136
-195
-222
-292
-377
-453
-477
-497
-537
-533
-538
-552
-564
-534
-542
-570
-604
-623
-644
-692
-700
-728
-743
-791
-800
-800
-815
-776
-612
-398
-331
-340
-260
-142
-18
156
331
399
382
463
577
680
690
686
702
725
796
837
850
696
530
484
531
507
369
282
193
130
94
105
51
-109
-190
-148
-33
-20
-40
-29
-36
-28
0
87
95
62
78
182
282
287
288
311
332
286
247
268
251
184
189
253
217
127
63
19
-88
-190
-225
-214
-187
-192
-206
-252
-254
-284
-268
-180
-100
-48
39
155
198
206
163
153
133
131
142
149
148
123
151
179
170
95
46
47
49
55
90
109
116
128
141
160
119
87
80
98
72
23
-13
-87
-163
-217
-246
-320
-383
-377
-346
-343
-374
-399
-419
-420
-414
-412
-408
-446
-484
-512
-504
-503
-551
-583
-611
-634
-675
-682
-656
-674
-654
-502
-289
-207
-208
-136
-61
2
141
315
375
363
443
507
570
606
646
627
609
678
723
780
722
619
504
479
468
371
315
242
197
129
136
136
59
-18
-57
-31
-78
-80
-26
16
-17
-82
-66
-29
31
54
106
163
156
138
187
245
197
126
162
220
221
239
230
98
-59
-97
-72
-71
-132
-189
-209
-221
-238
-265
-232
-226
-208
-118
16
72
22
-11
-28
-39
-63
-61
-53
-65
-60
-12
66
81
70
53
11
-22
-33
28
87
127
162
206
232
217
170
112
86
40
-4
-20
-31
-99
-173
-202
-231
-307
-380
-380
-330
-318
-283
-234
-228
-264
-309
-295
-280
-299
-321
-329
-316
-320
-339
-393
-454
-502
-527
-520
-516
-524
-566
-568
-516
-451
-413
-338
-214
-143
-97
-22
59
89
145
269
401
469
525
569
604
650
689
747
787
825
815
820
787
680
577
518
501
413
377
359
328
272
211
154
47
9
-18
-35
-55
-60
-36
-35
-22
-7
19
32
40
54
83
135
161
168
184
202
217
200
217
193
121
64
42
43
4
-12
-90
-135
-183
-246
-270
-251
-187
-156
-96
-53
-44
-76
-113
-154
-206
-219
-207
-181
-170
-143
-82
-33
0
-1
7
-12
-40
-4
65
141
185
226
246
216
196
199
196
138
58
21
4
-29
-53
-99
-177
-252
-265
-229
-222
-221
-210
-189
-177
-181
-200
-240
-259
-262
-241
-221
-205
-223
-268
-300
-333
-357
-394
-401
-410
-429
-426
-427
-434
-458
-448
-422
-392
-352
-324
-295
-267
-190
-130
-100
-69
24
130
200
304
349
370
389
457
522
558
602
609
626
627
627
594
559
535
466
421
402
374
284
200
154
109
62
17
-4
-53
-80
-63
-24
-17
-62
-114
-131
-110
-76
-39
12
68
93
149
210
204
137
88
110
109
110
154
192
174
116
112
59
-12
-28
1
44
76
124
142
100
20
-50
-119
-173
-182
-158
-149
-146
-142
-134
-131
-149
-160
-174
-166
-121
-43
46
101
103
79
75
87
99
93
89
78
54
19
-23
-86
-171
-245
-278
-266
-256
-241
-228
-229
-218
-211
-202
-196
-195
-202
-199
-181
-148
-137
-169
-206
-235
-242
-258
-250
-240
-241
-269
-299
-291
-285
-277
-275
-274
-273
-267
-270
-253
-237
-233
-225
-216
-170
-117
-42
19
65
110
137
192
244
281
330
408
473
505
527
528
510
513
537
522
499
472
447
408
342
271
185
126
81
45
16
-11
-24
-37
-47
-80
-105
-130
-131
-125
-89
-30
16
52
52
53
45
62
64
95
137
139
141
161
174
171
153
109
102
102
100
112
136
135
101
87
64
3
-66
-108
-123
-140
-150
-148
-131
-142
-171
-172
-162
-185
-201
-141
-66
-14
28
91
117
111
113
135
152
144
145
150
135
93
55
27
-20
-87
-145
-158
-154
-161
-155
-169
-199
-220
-220
-204
-212
-246
-258
-215
-181
-181
-191
-202
-226
-256
-259
-240
-231
-252
-253
-226
-217
-221
-213
-211
-234
-237
-205
-164
-150
-169
-177
-156
-126
-111
-101
-98
-87
-70
-39
19
45
53
104
184
253
297
328
348
362
407
465
489
472
446
450
461
448
411
366
294
236
219
205
180
144
127
106
88
77
48
26
6
23
41
52
48
18
-1
-25
-42
-75
-101
-101
-81
-59
-31
-2
-5
-10
-28
-13
23
47
64
71
66
41
41
48
24
-24
-67
-87
-100
-86
-72
-99
-150
-181
-183
-183
-194
-185
-148
-108
-80
-47
-14
-13
-33
-53
-46
-36
-22
-2
25
26
-8
-45
-92
-136
-183
-200
-197
-178
-147
-132
-133
-136
-138
-137
-142
-133
-124
-113
-85
-72
-67
-56
-43
-39
-44
-34
-25
-33
-58
-73
-47
-41
-47
-40
-48
-69
-88
-84
-69
-82
-101
-114
-122
-107
-90
-66
-57
-55
-37
-10
24
47
84
129
180
249
300
334
349
365
387
436
476
482
465
437
416
389
353
304
251
198
168
152
133
97
46
3
-25
-26
-31
-31
-42
-47
-32
-20
-20
-45
-75
-108
-111
-106
-111
-124
-130
-133
-133
-127
-136
-147
-151
-147
-122
-73
-28
-19
-28
-34
-34
-29
-38
-61
-76
-83
-59
-36
-37
-63
-99
-138
-147
-121
-98
-66
-39
22
68
96
115
107
85
66
77
96
105
90
65
53
46
18
-28
-73
-106
-129
-159
-183
-196
-198
-192
-189
-172
-153
-140
-139
-124
-109
-96
-79
-66
-47
-26
-11
-13
-6
-16
-33
-54
-57
-52
-52
-56
-53
-45
-78
-95
-99
-88
-68
-41
-18
-14
-25
-42
-49
-61
-83
-102
-93
-66
-22
1
32
50
69
107
154
198
218
243
271
306
338
359
357
341
329
321
309
272
240
198
157
145
132
104
63
47
47
40
30
36
14
-16
-47
-65
-69
-85
-96
-113
-116
-120
-125
-136
-148
-162
-176
-188
-210
-201
-192
-166
-136
-97
-60
-46
-45
-56
-57
-68
-60
-44
-15
-3
6
25
25
11
-16
-36
-54
-52
-22
15
40
67
84
97
98
104
110
103
112
123
146
144
132
118
112
93
74
62
42
15
-7
-10
-27
-33
-40
-34
-32
-25
-13
-4
7
8
5
12
24
23
9
-5
-9
-12
-18
-31
-34
-37
-40
-28
-12
-17
-36
-47
-34
-23
-16
-20
-19
-28
-39
-50
-81
-101
-128
-137
-128
-129
-130
-126
-114
-103
-89
-69
-47
-19
32
91
138
147
151
171
191
205
208
196
181
185
194
184
154
127
106
91
85
69
23
-1
8
24
26
13
-9
-41
-71
-90
-107
-134
-164
-185
-191
-187
-198
-219
-224
-230
-232
-217
-200
-198
-183
-153
-114
-91
-84
-83
-89
-87
-81
-53
-29
1
23
28
21
-3
-10
-11
-18
-23
2
35
70
95
108
104
97
98
111
131
148
155
145
164
182
195
188
159
135
117
111
88
53
15
0
-1
1
7
-6
-22
-25
-17
-5
-6
-10
-4
-3
1
2
-6
-13
-19
-22
-17
-20
-23
-30
-31
-26
-33
-34
-35
-32
-12
9
26
23
23
27
13
-1
-25
-45
-72
-87
-97
-109
-104
-89
-68
-63
-60
-59
-57
-40
-16
6
26
44
68
93
112
120
116
112
108
126
135
139
140
131
120
106
89
77
64
58
65
63
56
31
5
-19
-35
-50
-69
-83
-100
-113
-114
-119
-140
-170
-201
-212
-204
-186
-171
-154
-141
-118
-96
-89
-93
-108
-119
-112
-85
-56
-38
-38
-33
-26
-20
-14
-28
-54
-64
-55
-26
10
30
43
47
60
86
105
110
119
124
154
175
173
167
152
140
129
130
127
114
98
94
91
81
67
51
46
45
47
40
43
44
38
24
0
-12
-24
-44
-49
-50
-61
-63
-64
-61
-53
-53
-54
-60
-61
-65
-65
-65
-63
-48
-40
-33
-31
-35
-36
-38
-47
-53
-67
-77
-82
-76
-54
-53
-67
-72
-75
-70
-59
-42
-20
-7
7
28
50
63
79
89
89
93
99
100
107
126
140
145
131
126
124
126
132
133
128
114
104
95
74
37
2
-32
-51
-57
-67
-83
-103
-127
-157
-185
-190
-177
-161
-140
-119
-98
-91
-96
-106
-119
-126
-121
-119
-115
-110
-110
-105
-118
-124
-103
-85
-78
-69
-55
-33
-5
21
43
51
54
73
96
104
115
122
149
170
160
149
140
130
124
129
148
167
179
183
172
150
127
104
72
51
46
39
34
20
7
3
-12
-25
-40
-44
-42
-43
-54
-67
-73
-72
-71
-73
-67
-76
-87
-86
-88
-91
-74
-55
-49
-49
-66
-72
-76
-83
-85
-83
-87
-94
-90
-87
-75
-67
-61
-56
-49
-32
-24
-15
-2
18
32
36
39
37
46
55
60
57
56
59
69
83
99
113
117
125
117
115
120
129
140
142
142
125
109
84
61
44
20
0
-9
-17
-34
-44
-63
-90
-111
-114
-109
-102
-88
-83
-72
-76
-89
-105
-123
-126
-130
-119
-115
-104
-93
-80
-76
-79
-81
-86
-80
-62
-33
-14
9
31
43
56
68
74
80
83
86
102
128
149
158
160
153
145
142
140
145
147
152
154
148
145
124
95
78
63
48
32
26
19
21
20
12
7
-8
-26
-31
-32
-34
-42
-49
-52
-53
-46
-49
-57
-73
-82
-82
-81
-74
-76
-74
-72
-68
-69
-67
-75
-86
-80
-67
-59
-56
-48
-55
-60
-62
-62
-60
-59
-57
-44
-26
-7
11
17
22
24
17
18
23
28
37
45
49
60
62
60
68
66
68
76
93
105
106
107
100
98
93
80
63
35
24
23
33
21
5
-11
-27
-45
-62
-60
-70
-72
-72
-68
-68
-76
-83
-100
-104
-106
-105
-107
-110
-109
-104
-89
-89
-85
-87
-84
-78
-55
-35
-22
-18
-10
5
11
27
44
50
47
45
48
65
84
95
106
106
102
99
93
81
72
65
61
64
71
68
53
40
25
19
18
15
13
7
7
6
11
5
-13
-19
-17
-12
-17
-21
-41
-54
-56
-51
-56
-67
-78
-92
-101
-101
-74
-61
-59
-60
-70
-67
-76
-79
-78
-75
-64
-51
-33
-27
-34
-39
-46
-46
-39
-23
-2
7
9
11
21
25
28
31
26
24
27
40
41
37
30
24
24
23
24
25
24
26
35
42
47
51
42
31
30
31
34
26
19
13
8
6
-4
-13
-23
-27
-12
-10
-9
-9
-18
-21
-24
-28
-41
-57
-68
-69
-67
-65
-68
-64
-58
-52
-49
-47
-48
-45
-37
-31
-21
-12
5
17
23
27
34
33
33
40
38
42
45
47
50
49
47
44
43
44
43
41
46
40
45
48
49
49
42
40
30
31
39
44
46
46
51
43
34
24
22
23
15
3
-2
-5
-9
-12
-29
-48
-57
-60
-56
-52
-48
-46
-49
-52
-62
-68
-68
-74
-68
-55
-42
-38
-32
-22
-30
-26
-16
-12
-6
-6
-4
0
10
5
10
12
7
10
8
9
3
4
9
8
8
15
12
5
5
4
8
14
18
25
22
15
10
0
1
-4
-8
-1
5
10
10
10
5
3
4
-2
-2
-4
-5
-10
-9
-19
-35
-42
-55
-59
-64
-74
-74
-65
-55
-50
-41
-38
-43
-46
-42
-35
-23
-11
-8
-8
-3
0
-2
-2
-1
0
4
16
24
33
37
35
34
37
37
50
57
60
61
58
60
66
64
63
62
59
72
80
85
91
89
89
92
87
82
74
59
52
42
36
27
12
3
-14
-25
-30
-36
-42
-46
-51
-49
-40
-33
-25
-29
-35
-39
-34
-32
-26
-22
-27
-27
-24
-22
-20
-22
-22
-16
-13
-9
-11
-9
-3
-4
-4
-2
1
0
-5
-5
-4
-3
-1
5
9
14
20
20
25
29
28
31
32
29
33
30
25
17
5
2
-2
-4
-3
-8
-11
-11
-12
-14
-19
-27
-25
-26
-21
-19
-23
-22
-27
-31
-33
-35
-37
-35
-33
-35
-34
-33
-31
-24
-22
-21
-15
-12
-9
-9
-12
-14
-14
-7
-3
4
4
6
9
15
20
23
29
29
36
37
38
39
40
41
42
45
48
53
54
52
54
62
71
74
73
73
71
68
68
62
54
45
31
23
16
4
-6
-18
-27
-29
-32
-32
-29
-34
-36
-36
-30
-22
-23
