-31
-40
-40
-48
-45
-39
-28
-30
-27
-33
-33
-40
-57
-45
-33
-41
-50
-41
-43
-40
-15
-4
4
25
27
33
59
70
63
60
41
23
22
3
-17
-30
-34
-45
-45
-50
-66
-57
-50
-36
-17
-3
14
18
17
22
37
42
46
38
19
17
5
-10
-23
-25
-30
-34
-31
-41
-40
-29
-12
-7
7
6
3
10
-2
7
2
10
-2
-6
-14
-16
12
21
34
42
57
48
58
57
62
60
45
24
10
12
-7
-8
-15
-46
-62
-58
-45
-48
-24
-38
-6
-7
34
315
462
173
-142
257
503
494
567
488
-54
-225
320
361
175
301
360
-185
-499
-143
39
126
177
53
-467
-730
-487
-283
-90
-10
-86
-539
-729
-425
-137
12
27
13
-170
-204
-70
34
103
160
247
122
-48
-37
86
121
77
38
-89
-244
-299
-370
-451
-556
-557
-528
-536
-554
-579
-575
-491
-297
-77
53
93
74
54
153
318
494
584
570
465
419
406
439
507
507
360
165
40
-79
-114
-108
-144
-268
-409
-559
-571
-502
-452
-426
-402
-349
-301
-165
-13
97
180
295
400
511
613
732
773
812
862
879
868
856
820
730
650
542
460
343
234
118
17
-105
-201
-248
-312
-343
-372
-384
-357
-287
-195
-140
-81
10
56
116
186
266
305
334
376
348
314
313
338
321
249
111
-42
-177
-262
-338
-439
-635
-847
-869
-944
-1124
-1103
-1011
-1249
-1270
-903
-927
-1095
-666
-280
-463
-369
97
177
232
677
970
855
854
997
865
848
1127
1345
1062
678
325
117
234
369
106
-430
-614
-725
-869
-942
-881
-1062
-1276
-1065
-895
-937
-884
-606
-520
-443
-57
280
382
476
730
876
933
1100
1229
1252
1286
1284
1076
877
885
853
660
450
231
-22
-204
-274
-378
-556
-657
-682
-688
-710
-621
-503
-448
-387
-277
-139
-9
149
294
444
553
590
516
569
659
686
655
471
319
202
252
246
118
-42
-212
-319
-408
-371
-425
-512
-532
-540
-556
-574
-484
-458
-462
-394
-368
-329
-281
-189
-254
-280
-183
-236
-421
-436
-40
29
-61
-313
-798
-844
-314
346
118
-175
-383
-824
-612
56
884
624
192
-85
-406
-62
612
1285
713
272
247
6
64
241
754
478
122
-133
-353
-177
-170
58
-182
-227
-249
-465
-480
-498
-228
-237
-75
9
-125
-170
-156
72
175
376
478
387
239
221
383
502
626
601
464
323
265
260
304
438
468
348
107
24
79
191
397
537
438
173
164
240
392
586
685
562
312
285
330
450
459
413
274
48
0
-18
4
18
-3
-112
-271
-299
-260
-183
-146
-141
-153
-270
-306
-260
-180
-160
-141
-117
-251
-300
-317
-346
-467
-501
-560
-739
-813
-948
-1162
-1413
-1448
-1578
-1826
-1920
-1893
-1844
-1951
-1896
-1779
-1472
-375
814
578
-852
-746
832
2221
3066
3351
2059
76
496
2566
3507
3040
2642
1564
-595
-997
665
1493
308
-755
-1340
-2512
-3081
-2228
-1302
-1636
-2138
-2240
-2568
-2615
-1710
-475
-88
-37
324
639
828
1257
2010
2496
2773
2882
2682
2323
2244
2456
2496
2280
1850
1207
387
-185
-367
-435
-673
-1129
-1650
-2152
-2457
-2429
-2080
-1732
-1594
-1558
-1450
-1187
-741
-67
787
1414
1551
1524
1624
1921
2430
2884
2885
2406
1882
1500
1427
1427
1251
843
234
-427
-951
-1141
-1164
-1189
-1395
-1716
-1978
-2108
-1973
-1626
-1268
-1049
-954
-902
-772
-400
88
508
752
846
794
742
803
941
1025
792
421
-1
-257
-513
-800
-1125
-1623
-2030
-2480
-2675
-2955
-3014
-3034
-3072
-3021
-2734
-1122
242
-47
-1844
-1459
881
2769
3897
3988
2412
79
1207
4251
5267
4287
3464
2288
-191
-336
1984
2759
708
-1117
-1662
-2848
-3402
-2423
-1714
-2534
-3439
-3358
-3714
-3819
-2702
-1212
-775
-880
-299
130
519
1297
2508
3292
3586
3714
3372
3067
3280
3922
4063
3603
2881
1998
1141
608
526
370
-137
-996
-1878
-2546
-2836
-2758
-2474
-2290
-2492
-2759
-2625
-2220
-1581
-652
173
480
534
980
1530
2313
3046
3465
3280
2789
2612
2604
2828
2777
2333
1369
443
-6
-278
-490
-861
-1317
-1951
-2464
-2625
-2604
-2474
-2346
-2228
-2189
-2104
-1852
-1497
-1033
-536
-106
184
377
556
739
991
1207
1312
1222
1098
829
458
219
104
-175
-814
-1383
-1865
-2359
-2619
-2688
-2904
-3430
-3596
-3452
-3139
-1722
-167
-316
-2441
-2506
34
2498
3725
3736
2326
-53
836
4165
5900
5011
3867
2895
669
210
2347
3705
1895
-506
-1400
-2341
-2974
-2380
-1654
-2281
-3423
-3695
-4008
-4128
-3179
-1693
-1051
-1286
-1030
-580
-50
838
2048
2968
3294
3410
3193
3106
3584
4342
4602
4130
3456
2623
1869
1439
1359
1203
554
-460
-1494
-2249
-2596
-2579
-2431
-2531
-2953
-3356
-3327
-2923
-2430
-1703
-842
-213
-36
210
749
1576
2555
3443
3615
2961
2390
2485
3166
3524
3233
2252
1135
395
95
58
-174
-705
-1601
-2410
-2848
-2892
-2770
-2732
-2789
-2873
-2884
-2748
-2433
-1923
-1260
-666
-329
-178
20
427
1010
1525
1731
1712
1599
1393
1187
1090
1059
738
231
-451
-1065
-1641
-2028
-2204
-2352
-2848
-3562
-3817
-3766
-3627
-2881
-846
191
-1367
-3396
-2142
1046
3384
4315
3683
1176
-566
1911
5526
6350
5005
3945
2273
177
898
3550
3993
1411
-604
-1424
-2463
-2817
-1760
-1223
-2419
-3585
-3807
-4095
-4113
-2811
-1263
-1051
-1568
-1231
-483
215
1125
2348
3193
3346
3340
3246
3354
3858
4512
4679
4159
3372
2444
1699
1432
1448
1049
22
-1054
-1861
-2448
-2886
-2908
-2821
-3105
-3482
-3550
-3396
-3310
-2775
-1802
-766
-198
-73
-110
306
1529
2908
3668
3278
2463
2045
2476
3299
3626
3011
1736
673
98
80
256
48
-825
-1950
-2674
-2895
-2806
-2615
-2507
-2652
-2979
-3133
-2924
-2327
-1475
-788
-517
-484
-276
262
961
1615
1924
1906
1803
1814
1876
1755
1610
1349
943
446
-21
-550
-1212
-1725
-2098
-2411
-2724
-3213
-3780
-4197
-4008
-3725
-3288
-1777
-303
-950
-3315
-2869
325
3237
4406
3980
1755
-623
1250
5316
6911
5509
4142
2737
350
419
3255
4640
2290
-437
-1512
-2424
-2801
-1831
-1072
-2049
-3412
-3822
-4228
-4356
-3093
-1368
-955
-1594
-1507
-855
-125
909
2182
3118
3350
3275
2937
2965
3910
5019
5153
4199
3298
2680
2171
1790
1709
1479
533
-804
-1862
-2382
-2643
-2844
-2931
-3167
-3710
-4072
-3912
-3514
-3067
-2302
-1436
-894
-711
-592
-102
1059
2415
3286
3155
2428
1934
2544
3634
3928
3256
2112
1188
694
840
1078
705
-387
-1616
-2208
-2252
-2081
-2079
-2359
-2756
-2967
-2935
-2761
-2392
-1776
-1185
-878
-751
-500
-17
563
1269
1810
1972
1826
1692
1713
1867
2076
2027
1451
686
32
-292
-626
-1042
-1628
-2258
-2797
-3310
-3523
-3747
-3899
-4024
-3882
-3547
-2119
-398
-544
-2538
-2696
242
3193
4527
4113
2273
121
1370
5196
6969
5745
4054
2840
897
745
3121
4511
2408
-577
-1698
-2107
-2282
-1760
-1337
-2269
-3564
-3942
-4095
-4254
-3371
-1836
-1328
-1863
-1872
-1013
-208
608
1731
2838
3295
3155
2952
3045
3847
4775
5109
4435
3371
2613
2222
2052
1840
1477
560
-730
-1801
-2281
-2455
-2659
-2864
-3258
-3832
-4141
-3837
-3446
-3102
-2638
-1822
-1131
-932
-826
-350
831
1972
3003
3160
2487
1869
2316
3594
4179
3827
2629
1509
900
985
1317
1055
100
-1163
-1954
-2167
-2041
-1963
-2163
-2558
-2898
-3012
-2797
-2332
-1742
-1227
-959
-820
-709
-290
433
1236
1622
1537
1448
1492
1642
1738
1892
1888
1441
688
140
-203
-564
-953
-1177
-1715
-2575
-3188
-3412
-3397
-3454
-3206
-3220
-3518
-3829
-2651
-432
455
-697
-1703
-460
1586
3709
4767
3832
1595
1348
3666
5151
5118
4685
3790
1494
324
1732
2980
1964
96
-1026
-2059
-2727
-2370
-1951
-2441
-3032
-3217
-3672
-4094
-3315
-1884
-1307
-1434
-1313
-701
-106
640
1536
2346
2947
3201
3166
3032
3491
4142
4238
3760
3348
3106
2475
1638
1110
872
368
-476
-1336
-2096
-2723
-2997
-2984
-3149
-3484
-3606
-3451
-3342
-3026
-2456
-1742
-1205
-633
-43
364
777
1374
2301
2912
3191
2948
2650
2709
3134
3394
2951
2260
1512
876
412
340
233
-382
-1281
-1975
-2263
-2323
-2317
-2452
-2651
-2740
-2589
-2391
-2125
-1661
-1103
-757
-576
-242
179
691
1164
1545
1612
1567
1725
1855
1854
1601
1393
941
460
69
-284
-697
-1291
-1863
-2500
-2814
-3065
-3446
-3728
-3821
-3621
-3608
-3083
-1219
279
-597
-2956
-2125
923
3618
4961
4234
1166
-1056
1846
5575
6218
5314
4311
1836
-742
820
3836
3882
1539
-428
-1929
-3084
-2218
-763
-1227
-2595
-3251
-3667
-4388
-3833
-1961
-988
-1257
-1811
-1538
-853
89
1197
1987
2636
2844
2691
2404
2802
3988
4547
4140
3282
2873
2538
2012
1706
1563
1129
41
-1062
-1761
-2190
-2418
-2476
-2635
-3105
-3469
-3344
-3179
-2954
-2459
-1753
-1379
-1206
-642
-36
619
1234
1920
2202
2272
2439
2580
2912
3118
3126
2648
2115
1684
1349
1063
741
384
-259
-958
-1434
-1658
-1865
-2099
-2313
-2464
-2560
-2548
-2463
-2195
-1795
-1437
-1124
-796
-367
39
417
819
1193
1451
1604
1701
1688
1621
1629
1539
1217
761
331
-89
-519
-869
-1291
-1888
-2451
-2789
-2970
-3310
-3531
-3703
-3674
-3544
-3068
-1617
-501
-856
-2431
-1788
613
2804
3930
3525
1518
-263
1823
4998
5785
4751
3752
2347
497
1219
3360
3697
1704
-238
-1275
-2032
-1759
-963
-1146
-2251
-3046
-3344
-3691
-3430
-2282
-1460
-1440
-1759
-1493
-802
-13
898
1648
2270
2476
2492
2520
2836
3607
4043
3910
3305
2874
2537
2096
1753
1471
1098
262
-651
-1290
-1760
-2098
-2337
-2514
-2896
-3232
-3198
-3051
-2928
-2628
-2043
-1518
-1249
-894
-487
-101
557
1286
2053
2272
2248
2001
2133
2648
3124
3364
2690
1790
1070
1069
1148
1002
588
-239
-1035
-1595
-1602
-1498
-1560
-1880
-2262
-2445
-2341
-1981
-1533
-1292
-1134
-866
-518
-164
171
701
1099
1285
1304
1423
1579
1580
1557
1460
1361
1169
729
157
-361
-512
-779
-1313
-1897
-2369
-2726
-3145
-3390
-3536
-3688
-3586
-3487
-3145
-1944
-678
-846
-2356
-1789
450
2568
3500
3168
1435
-111
1815
4578
5322
4359
3529
2250
542
1325
3309
3612
1656
-150
-1120
-1884
-1501
-683
-934
-2236
-3017
-3102
-3477
-3369
-2319
-1502
-1621
-2011
-1564
-922
-264
587
1384
1850
1864
2142
2402
2630
3039
3487
3792
3427
2917
2392
2054
1888
1696
1486
763
-131
-923
-1398
-1607
-1742
-1807
-2226
-2757
-3031
-2928
-2645
-2366
-1943
-1622
-1393
-1151
-786
-275
527
1286
1692
1633
1626
1725
2222
3017
3228
2722
1786
1468
1474
1712
1792
1224
187
-759
-798
-614
-631
-1048
-1597
-2080
-2373
-2102
-1732
-1629
-1728
-1659
-1441
-1248
-911
-413
-57
168
366
648
900
1130
1363
1397
1416
1341
1206
957
827
735
369
-177
-688
-1060
-1353
-1627
-1983
-2543
-3081
-3396
-3434
-3325
-3281
-3255
-3331
-2349
-760
-110
-1370
-1939
-291
1690
3133
3516
2580
457
697
3430
5081
4780
3920
3056
1114
632
2422
3807
2788
687
-518
-1395
-1584
-914
-511
-1216
-2347
-2947
-3487
-3577
-2575
-1389
-1242
-2009
-2234
-1629
-718
267
965
1341
1432
1618
1841
1971
2588
3337
3601
3031
2445
2282
2099
1918
1735
1611
1009
49
-681
-1022
-1041
-1172
-1401
-1922
-2538
-2787
-2597
-2199
-1974
-1760
-1721
-1742
-1509
-722
44
307
490
939
1255
1222
1718
2257
2440
2237
2160
1878
1564
1826
1878
1492
774
503
217
-217
-479
-630
-860
-1410
-1677
-1660
-1678
-1783
-1810
-1709
-1620
-1455
-1223
-1033
-701
-277
111
252
330
614
898
1089
1106
1141
1120
1073
1032
827
490
88
-222
-551
-858
-1110
-1524
-2049
-2484
-2582
-2759
-3025
-3218
-3224
-3045
-2879
-1908
-803
-545
-1771
-2064
-433
1474
2845
3016
1864
-102
682
3529
4924
4412
3542
2779
1170
1205
2969
3871
2736
984
-147
-1248
-1212
-190
-1
-1249
-2545
-2833
-3133
-3124
-2309
-1499
-1539
-2230
-2300
-1750
-750
257
745
838
807
1187
1634
1911
2346
2854
3191
2808
2301
2164
2246
2223
1960
1832
1376
586
-50
-201
-144
-471
-928
-1476
-1982
-2161
-1969
-1724
-1877
-2029
-1992
-1779
-1533
-1211
-795
-583
-184
379
761
711
836
1327
1737
2059
2122
1750
1308
1451
1725
1611
1275
949
475
-54
-212
-157
-267
-666
-1030
-1261
-1389
-1399
-1289
-1279
-1380
-1376
-1240
-1036
-811
-536
-305
-143
-56
107
390
637
692
690
763
773
757
759
657
375
79
-95
-303
-639
-944
-1205
-1502
-1874
-2194
-2475
-2651
-2664
-2687
-2626
-2659
-2155
-1088
-356
-977
-1852
-905
785
2247
2730
2260
688
259
2325
4137
4276
3474
2998
1818
959
1920
3217
2986
1395
349
-423
-976
-691
-196
-497
-1590
-2177
-2469
-2754
-2526
-1821
-1284
-1614
-1998
-1813
-1258
-633
-86
512
699
621
735
1100
1670
2115
2547
2505
2106
1905
2040
2240
1989
1732
1507
1090
563
209
36
-388
-687
-871
-1227
-1695
-1926
-1720
-1700
-1740
-1722
-1530
-1479
-1368
-895
-502
-320
-262
98
419
866
1127
1010
775
1002
1592
1813
1602
1084
769
760
995
1033
775
351
-87
-345
-408
-301
-335
-623
-1014
-1242
-1251
-1108
-943
-914
-970
-962
-838
-678
-444
-194
-4
71
124
203
361
590
698
616
496
500
397
86
-156
-173
-250
-572
-989
-1349
-1612
-1753
-1755
-1800
-1979
-2212
-2266
-2263
-1823
-771
52
-447
-1610
-1336
111
1658
2398
2118
642
-264
1136
3106
3714
3005
2505
1813
1041
1420
2631
3099
1997
767
-44
-440
-279
127
90
-813
-1544
-1888
-2078
-2105
-1739
-1150
-1227
-1713
-1908
-1476
-869
-477
-81
89
124
265
575
871
1089
1602
1953
1824
1468
1413
1657
1709
1709
1624
1410
1007
624
421
233
156
76
-176
-643
-1000
-1041
-1066
-1031
-931
-867
-1048
-1342
-1347
-1051
-544
-181
-154
-425
-618
-405
93
602
873
812
482
174
321
833
1220
1166
774
399
212
301
448
443
248
-30
-231
-418
-568
-628
-528
-448
-567
-780
-867
-745
-637
-611
-591
-525
-499
-502
-409
-237
-69
-48
-142
-200
-154
-142
-296
-467
-498
-518
-651
-838
-987
-1174
-1356
-1413
-1377
-1400
-1501
-1569
-1579
-1131
-340
41
-628
-1266
-801
378
1501
1866
1190
-145
-188
1361
2733
2809
2249
1827
1157
939
1611
2519
2508
1628
750
-6
-216
172
704
480
-424
-1139
-1475
-1419
-1237
-909
-762
-1056
-1466
-1571
-1146
-665
-300
-161
-292
-403
-215
333
682
780
950
1207
1292
1149
1176
1357
1561
1661
1547
1270
997
965
925
712
530
401
170
-234
-458
-449
-402
-473
-632
-845
-1007
-922
-768
-718
-718
-611
-484
-481
-540
-507
-347
-84
173
210
12
-120
70
391
598
621
510
338
252
353
471
511
463
315
78
-167
-214
-106
-40
-138
-327
-511
-609
-534
-448
-427
-488
-561
-606
-570
-370
-191
-154
-221
-224
-196
-179
-188
-180
-159
-215
-357
-524
-544
-530
-601
-757
-902
-977
-1050
-987
-918
-878
-992
-940
-482
20
40
-508
-707
-282
632
1322
1311
504
-225
256
1378
2110
1949
1557
1190
965
1200
1679
1975
1679
1209
739
381
367
618
773
325
-289
-649
-718
-699
-680
-524
-578
-851
-1133
-1084
-792
-632
-566
-544
-435
-389
-291
-101
112
348
524
638
569
485
604
855
972
901
858
794
647
516
527
604
516
271
4
-118
-102
-93
-120
-226
-390
-594
-660
-585
-500
-535
-616
-650
-704
-713
-692
-552
-392
-243
-195
-337
-483
-381
-20
208
159
4
-54
-25
39
168
275
302
211
68
-39
-36
134
277
244
110
24
39
44
88
165
179
80
-52
-77
-31
73
91
3
-95
-140
-147
-188
-196
-155
-158
-241
-359
-371
-388
-335
-296
-358
-399
-437
-376
-385
-375
-421
-500
-466
-361
-308
-511
-567
-274
131
136
-212
-403
-300
209
771
937
437
-100
41
676
1214
1285
1017
553
279
443
856
1093
934
628
287
70
112
321
487
358
42
-320
-478
-377
-177
-126
-360
-613
-728
-610
-492
-462
-444
-441
-358
-295
-232
-181
-79
103
281
372
302
240
299
483
624
579
465
370
358
372
399
378
296
246
187
106
-24
-53
-25
-66
-149
-189
-175
-301
-453
-500
-376
-250
-245
-370
-516
-517
-408
-266
-215
-203
-224
-275
-304
-202
7
118
71
-19
-31
9
138
306
348
230
96
86
181
277
314
273
150
63
79
166
261
286
232
101
18
82
178
216
126
-29
-108
-93
-59
-71
-81
-125
-163
-148
-146
-154
-110
-76
-157
-239
-202
-120
-111
-213
-303
-325
-356
-323
-304
-351
-413
-404
-335
-308
-235
-118
-31
-81
-197
-214
-17
280
419
278
42
9
218
465
563
547
434
281
225
331
464
475
384
240
100
-18
-70
-90
-105
-110
-166
-318
-475
-485
-369
-258
-240
-271
-263
-243
-199
-143
-46
77
164
237
250
220
180
265
446
540
500
391
338
333
369
376
317
210
104
3
-105
-137
-112
-119
-207
-322
-410
-445
-431
-315
-188
-188
-307
-373
-277
-66
97
93
5
-39
61
149
150
138
201
270
220
95
43
140
251
268
184
67
2
-3
71
192
236
167
51
-6
15
113
202
208
140
86
84
76
82
130
185
186
99
-15
-39
13
69
78
0
-101
-174
-190
-214
-211
-187
-188
-227
-327
-423
-435
-323
-230
-231
-281
-306
-308
-281
-170
-2
77
1
-126
-161
-45
160
307
267
93
-36
-17
73
133
125
29
-110
-227
-259
-235
-226
-262
-374
-480
-516
-498
-500
-557
-560
-492
-423
-426
-464
-433
-316
-120
19
31
-19
12
152
306
405
440
439
441
467
510
562
606
595
526
470
436
437
413
345
245
150
92
46
20
-12
-34
-87
-162
-191
-191
-143
-99
-95
-126
-130
-49
39
87
65
41
47
98
166
190
167
130
152
189
191
148
98
81
94
111
77
16
-29
-16
2
-3
14
46
41
5
18
84
143
172
185
170
141
151
216
234
211
218
207
127
38
26
72
58
-30
-104
-157
-215
-249
-239
-222
-283
-382
-453
-481
-451
-361
-282
-296
-347
-381
-323
-184
-42
56
83
92
107
179
318
470
550
543
525
507
512
525
531
498
404
295
193
91
-5
-59
-121
-255
-413
-531
-593
-642
-679
-683
-683
-706
-741
-731
-667
-553
-432
-369
-354
-325
-241
-105
38
126
170
221
258
262
272
336
403
409
387
361
314
230
185
211
229
182
63
-32
-108
-114
-78
-89
-159
-243
-247
-215
-168
-111
-52
-45
-60
-42
20
89
137
171
187
196
200
208
218
220
219
186
113
50
14
18
22
-9
-52
-72
-69
-68
-74
-53
0
32
12
-25
-28
27
112
160
158
151
169
205
243
252
226
202
189
166
154
142
115
57
-3
-75
-146
-217
-281
-325
-367
-420
-505
-573
-589
-547
-481
-445
-418
-393
-360
-289
-164
-18
79
111
139
238
388
516
593
608
574
554
586
621
631
593
518
427
341
291
248
199
103
-15
-130
-201
-231
-284
-329
-368
-407
-447
-459
-423
-392
-364
-333
-285
-244
-213
-161
-109
-58
11
93
133
144
156
186
214
217
219
192
149
103
65
65
52
7
-76
-159
-189
-175
-169
-229
-283
-291
-259
-239
-223
-198
-158
-123
-94
-33
41
100
108
75
77
161
242
258
220
186
185
220
235
192
112
54
50
62
33
-42
-121
-163
-167
-152
-162
-188
-214
-241
-239
-203
-125
-63
-71
-64
-6
69
119
169
209
202
172
168
195
178
146
116
83
21
-50
-114
-150
-165
-215
-268
-343
-415
-435
-423
-389
-366
-363
-378
-379
-335
-261
-161
-83
-38
-4
30
109
216
327
405
434
456
490
542
591
604
596
573
523
469
398
344
311
289
209
72
-14
-52
-71
-83
-110
-157
-216
-265
-265
-210
-151
-133
-137
-152
-147
-95
-34
21
41
57
99
143
154
134
140
185
226
218
157
71
19
17
49
39
-31
-116
-184
-205
-192
-161
-140
-159
-203
-236
-219
-160
-87
-40
-39
-44
-19
25
74
116
136
154
177
199
214
219
226
239
243
224
170
101
41
5
-17
-80
-157
-202
-237
-280
-296
-269
-254
-271
-271
-238
-190
-135
-77
-24
31
68
118
168
193
212
227
234
237
229
217
185
139
115
103
72
13
-45
-105
-152
-188
-243
-318
-389
-420
-424
-426
-442
-466
-459
-413
-342
-289
-241
-192
-149
-100
-8
113
187
225
256
305
349
374
404
434
430
387
357
337
308
280
254
205
125
46
9
-18
-64
-108
-153
-207
-250
-278
-279
-286
-299
-299
-293
-272
-237
-208
-178
-132
-72
-13
8
4
32
87
128
143
152
144
122
111
109
97
61
27
16
14
-10
-30
-25
-23
-25
-23
-4
19
50
67
81
95
104
108
129
173
206
219
199
184
185
184
180
168
148
118
88
56
33
13
-7
-50
-124
-188
-213
-219
-231
-247
-267
-270
-286
-272
-232
-205
-169
-133
-109
-98
-67
-1
61
100
130
142
159
176
200
228
219
184
127
80
50
14
-36
-82
-114
-155
-204
-238
-250
-243
-242
-257
-264
-263
-235
-179
-140
-120
-89
-44
-4
20
54
107
144
173
215
247
261
264
291
319
340
331
297
242
203
200
176
125
49
-40
-111
-145
-140
-136
-173
-229
-272
-281
-266
-236
-207
-198
-210
-216
-202
-182
-132
-71
-47
-58
-59
-37
-1
48
86
96
71
42
45
67
83
87
63
25
2
13
11
0
7
14
18
7
2
13
55
91
106
115
121
145
192
237
272
287
267
271
282
295
288
265
247
217
167
132
107
64
16
-30
-70
-126
-162
-174
-188
-207
-206
-217
-231
-228
-202
-162
-149
-139
-123
-89
-44
-4
14
22
27
48
76
108
121
105
96
83
60
37
9
-28
-75
-121
-147
-171
-196
-223
-236
-241
-266
-264
-255
-239
-212
-166
-120
-108
-80
-22
42
88
118
145
184
229
283
294
293
289
286
293
300
303
256
185
135
112
91
60
18
-36
-95
-119
-136
-150
-142
-138
-139
-165
-189
-177
-162
-148
-134
-126
-131
-151
-146
-114
-88
-76
-68
-70
-80
-66
-41
-20
-24
-39
-33
-47
-66
-76
-82
-82
-75
-58
-69
-79
-75
-36
13
51
70
90
109
128
151
180
217
241
260
267
279
278
289
297
306
296
270
239
200
174
140
120
92
67
29
-11
-65
-97
-115
-134
-147
-167
-184
-193
-184
-161
-145
-150
-143
-126
-86
-44
-4
15
19
22
39
59
62
80
84
74
56
49
33
10
-2
-29
-72
-121
-143
-156
-163
-176
-176
-188
-219
-227
-223
-201
-177
-154
-146
-138
-103
-47
-9
21
36
52
78
129
185
207
214
214
230
249
267
268
243
198
166
166
178
173
131
64
18
0
-5
-11
-18
-40
-65
-87
-102
-101
-88
-96
-125
-155
-165
-149
-138
-130
-113
-106
-129
-149
-136
-87
-44
-38
-54
-58
-35
-15
-11
-15
-24
-34
-46
-53
-53
-31
-9
-12
-13
1
35
60
81
108
135
156
164
173
177
173
182
191
196
190
185
177
173
164
156
151
138
122
92
64
50
43
20
-21
-57
-75
-85
-87
-107
-122
-123
-125
-146
-155
-130
-107
-88
-81
-70
-58
-39
-21
-9
-2
4
21
27
15
18
19
5
-10
-15
-30
-57
-79
-86
-89
-104
-112
-112
-102
-109
-127
-132
-125
-102
-95
-108
-107
-76
-44
-42
-50
-48
-31
-2
38
70
89
94
98
107
136
159
163
138
107
98
87
84
85
83
52
2
-33
-26
4
20
4
-15
-18
-15
-14
-14
-14
-17
-27
-34
-20
1
20
19
13
33
65
73
61
61
80
96
99
91
81
65
44
22
19
23
17
-5
-21
-11
9
19
12
14
23
38
53
60
65
61
54
55
72
83
66
35
23
28
34
26
13
1
-13
-23
-36
-51
-67
-89
-108
-128
-136
-145
-163
-177
-177
-182
-195
-206
-206
-195
-175
-151
-130
-112
-101
-94
-77
-49
-22
-14
-30
-30
1
35
56
58
45
27
19
21
28
31
26
5
-10
8
31
37
17
0
2
5
8
13
30
45
47
38
36
43
45
37
28
34
50
59
60
59
59
56
50
44
33
18
-2
-20
-20
-8
-18
-53
-90
-106
-102
-101
-99
-94
-83
-81
-85
-74
-52
-37
-37
-44
-37
-12
13
26
39
40
41
47
67
83
90
82
60
62
80
88
81
59
45
46
39
35
35
36
37
33
24
22
40
56
61
62
54
51
61
78
91
92
87
87
89
82
74
67
65
60
46
31
26
24
14
-9
-30
-46
-66
-81
-107
-120
-127
-136
-147
-160
-168
-167
-170
-171
-164
-152
-138
-126
-110
-94
-83
-73
-64
-49
-30
-19
-5
11
21
23
15
17
30
37
36
27
28
38
39
38
47
52
46
29
17
21
30
33
22
26
34
30
18
10
10
19
21
14
18
31
39
33
27
22
19
24
20
8
-2
-13
-20
-21
-23
-34
-53
-73
-78
-72
-53
-35
-35
-46
-54
-49
-23
-8
-5
-8
1
18
34
45
47
56
60
56
50
51
50
51
53
53
58
58
50
32
18
21
23
21
13
6
3
5
3
2
2
6
15
18
20
22
31
43
61
81
89
85
82
84
90
96
94
86
76
68
60
45
33
23
13
-4
-31
-46
-52
-59
-68
-80
-88
-93
-93
-102
-114
-115
-106
-95
-91
-87
-87
-85
-81
-66
-41
-24
-18
-17
-6
13
33
48
47
45
44
43
44
50
60
61
48
32
19
16
13
9
-5
-15
-16
-10
-4
-6
-11
-20
-27
-26
-19
-15
-16
-18
-17
-12
-6
-2
-7
-11
-16
-16
-8
-5
-10
-21
-35
-33
-26
-31
-46
-63
-68
-63
-49
-44
-59
-74
-77
-69
-55
-45
-42
-43
-40
-22
-1
16
31
34
36
44
60
81
91
88
85
89
93
98
97
87
70
52
35
23
22
19
4
-10
-18
-23
-24
-24
-21
-24
-33
-36
-31
-15
-2
8
13
16
21
22
21
27
40
44
37
34
34
32
28
23
22
18
6
-11
-26
-27
-25
-32
-49
-62
-73
-84
-95
-94
-85
-87
-90
-85
-73
-63
-51
-33
-9
14
27
36
44
61
80
90
90
85
86
85
85
93
98
88
69
57
59
62
59
49
35
26
23
17
12
6
-9
-29
-46
-47
-40
-40
-49
-59
-59
-47
-35
-27
-26
-27
-24
-19
-11
-8
-18
-35
-43
-42
-44
-55
-73
-86
-89
-87
-81
-80
-83
-87
-85
-75
-56
-37
-27
-23
-14
1
12
25
41
52
56
54
60
73
87
95
99
102
107
107
103
97
96
92
80
62
51
48
38
21
3
-11
-23
-30
-35
-40
-49
-59
-56
-43
-26
-20
-25
-28
-23
-10
-3
1
3
1
-5
-9
-3
2
3
-2
-9
-13
-14
-19
-26
-30
-31
-36
-49
-57
-56
-57
-63
-66
-65
-61
-57
-54
-47
-32
-16
-3
5
14
27
41
51
59
68
72
74
76
81
84
83
83
82
76
70
68
67
63
59
50
40
30
22
18
13
9
1
-14
-24
-23
-17
-16
-20
-28
-30
-29
-21
-12
-7
-7
-12
-20
-27
-25
-26
-35
-53
-65
-71
-72
-72
-76
-85
-91
-86
-79
-76
-73
-73
-67
-55
-41
-29
-23
-21
-15
-8
1
15
28
32
32
37
50
67
82
91
88
86
88
92
92
90
83
70
55
46
41
30
14
-1
-12
-20
-26
-32
-39
-43
-39
-33
-30
-27
-25
-24
-24
-22
-18
-17
-19
-18
-17
-17
-16
-13
-12
-13
-13
-13
-17
-21
-25
-27
-25
-20
-22
-30
-37
-36
-31
-32
-34
-38
-45
-44
-33
-26
-23
-22
-18
-6
7
20
27
30
36
46
53
58
64
66
63
61
64
71
69
59
52
48
48
46
40
32
26
26
25
24
24
18
10
2
7
14
14
6
-3
-6
-2
4
4
-4
-11
-20
-26
-29
-29
-31
-38
-43
-46
-45
-46
-48
-49
-52
-53
-52
-50
-52
-52
-48
-43
-35
-29
-26
-23
-17
-7
0
4
10
20
30
35
38
45
52
59
63
61
57
51
48
46
47
48
41
26
12
8
7
7
2
-10
-21
-25
-20
-16
-18
-22
-26
-25
-20
-14
-13
-16
-19
-18
-15
-11
-6
-6
-13
-14
-8
1
4
0
-7
-11
-7
-3
0
-1
-2
-4
-8
-11
-10
-9
-15
-23
-27
-25
-19
-17
-17
-18
-15
-9
-4
-1
4
9
12
14
18
26
30
29
27
28
29
30
30
28
24
22
18
16
18
22
20
18
16
15
15
16
17
15
6
-1
-2
1
2
0
-6
-10
-9
-6
-5
-9
-14
-16
-19
-18
-15
-13
-19
-30
-36
-39
-38
-35
-42
-50
-57
-56
-52
-49
-44
-41
-41
-36
-28
-18
-9
-1
8
13
22
32
42
48
49
54
59
66
66
64
57
53
52
49
51
47
41
32
18
14
10
4
-5
-15
-20
-27
-29
-30
-36
-39
-40
-40
-40
-41
-37
-33
-36
-31
-30
-28
-27
-23
-16
-12
-12
-5
0
6
3
1
-1
-4
1
5
1
2
4
-7
-18
-17
-15
-13
-16
-16
-11
-3
12
6
3
5
9
19
22
27
32
35
34
29
27
33
35
33
29
30
37
26
19
15
7
12
14
13
3
-6
-9
-10
-9
-12
-22
-23
-28
-31
-24
-25
-32
-30
-32
-33
-26
-12
-4
-11
-9
-7
-12
-7
1
15
9
5
2
-12
-17
-14
-8
-13
-20
-18
-17
-16
-12
-6
-4
-3
-4
-3
5
19
30
25
28
23
20
35
49
56
55
53
49
41
36
35
41
39
34
31
29
22
10
3
-12
-15
-13
-10
-17
-31
-39
-49
-48
-47
-58
-65
-58
-41
-40
-35
-32
-31
-28
-16
2
2
9
17
23
29
24
23
17
19
22
21
33
32
22
18
12
14
22
22
12
4
-3
-4
11
28
14
0
-5
-8
5
15
15
11
5
6
8
17
11
-4
6
12
15
14
13
10
-5
-2
0
-7
-15
-25
-18
-22
-32
-41
-47
-49
-62
-52
-38
-34
-36
-43
-33
-27
-21
-18
-31
-36
-33
-23
-8
-13
-11
-14
-17
-14
-11
4
7
6
13
15
6
2
-1
-5
5
19
31
26
16
11
6
7
13
14
4
-5
6
13
-4
-8
-11
-22
-20
-15
-7
-7
-8
-2
-5
-4
-3
-8
-6
-10
-14
-15
-24
-26
-22
-20
-17
-25
-27
-29
-39
-35
-28
-29
-29
-23
-24
-32
-32
-11
2
2
4
14
27
32
36
40
54
51
50
62
74
84
74
82
82
104
122
121
117
107
104
93
86
66
40
17
4
-7
-23
-35
-42
-34
-37
-43
-35
-19
-15
-1
15
11
4
3
-21
-20
-13
-20
-5
-34
-27
-28
216
400
-24
-295
-220
-10
142
255
214
-208
-265
-28
-3
-54
0
109
53
-74
-137
-117
-81
-87
-117
-71
85
97
-32
-70
-60
-41
11
123
218
171
175
467
483
117
-193
-196
-87
-56
210
163
-372
-559
-317
-195
-234
-174
165
129
-145
-195
-398
-505
-447
-323
-199
-160
-23
-150
-303
-289
-298
-112
62
227
308
306
182
-143
-216
87
348
365
291
306
146
-64
-90
-97
14
195
360
268
-27
-213
-286
-299
-215
-76
35
12
-81
-223
-358
-282
-94
50
139
187
119
-34
-120
-80
58
205
317
351
264
119
71
137
223
325
420
447
363
220
146
147
210
272
283
239
125
6
-82
-79
-17
29
36
-9
-78
-154
-168
-126
-70
23
64
53
-2
-72
-81
-27
55
124
132
78
25
-18
-12
26
85
121
135
111
36
-13
8
51
93
112
88
44
-37
-89
-102
-85
-58
-54
-76
-123
-182
-217
-185
-126
-82
-57
-64
-92
-121
-105
-59
-29
14
59
58
9
-30
-13
37
58
65
65
33
-7
-45
-58
-44
-19
-5
-21
-67
-126
-160
-152
-135
-90
-74
-87
-123
-148
-159
-157
-126
-99
-62
-45
-66
-84
-65
-17
48
86
104
101
85
85
74
80
81
103
132
115
93
51
32
44
49
59
62
51
10
-36
-47
-44
-23
6
19
16
5
-12
-23
-17
16
61
83
85
70
52
29
6
23
53
79
85
78
74
70
50
58
79
112
124
102
76
31
-11
-48
-46
-23
-16
-22
-38
-60
-57
-43
-20
-9
7
29
36
20
-15
-24
-8
14
27
34
36
42
13
6
20
31
45
57
56
57
63
44
9
-21
-12
11
19
-6
-22
-38
-54
-80
-79
-29
14
20
0
-17
-38
-47
-41
-31
-24
-20
-22
-24
-43
-53
-50
-39
-32
-15
8
7
-10
-19
-19
-43
-38
-9
8
12
-23
-55
-65
-64
-71
-78
-58
-24
-16
-52
-68
-61
-41
-11
-12
-12
-2
1
-32
-61
-60
-38
-30
-43
-45
-55
-62
-62
-44
-15
-10
-12
-6
16
9
-24
-35
-21
-18
-19
-10
20
36
13
14
25
50
69
76
65
56
51
45
45
29
40
55
62
54
47
27
20
26
28
34
24
2
-20
-26
-17
-18
-13
-3
-7
-18
-26
-23
-23
-4
10
18
20
22
6
-14
-26
-15
8
25
35
35
32
24
29
37
63
67
58
55
49
34
5
-7
1
13
28
31
24
4
-19
-35
-41
-27
-20
-15
-12
-10
-8
