37
41
38
38
47
61
72
84
96
98
96
96
103
112
119
120
127
136
140
132
128
126
121
112
101
92
80
73
78
80
78
78
71
63
47
38
30
10
1
8
23
27
26
23
13
3
0
1
-6
-12
-5
-2
-2
-9
-18
-40
-65
-82
-102
-110
-129
-140
-151
-162
-171
-197
-214
-228
-229
-234
-234
-223
-208
-196
-186
-180
-179
-182
-180
-176
-159
-148
-132
-126
-121
-114
-118
-125
-142
-159
-171
-170
-162
-157
-149
-140
-138
-142
-144
-144
-132
-110
-72
-28
19
65
114
164
210
260
313
369
412
461
503
531
534
541
552
556
545
528
506
471
431
389
345
294
245
201
159
118
77
35
2
-38
-58
-72
-77
-87
-85
-60
-40
-24
-7
22
38
59
90
114
131
140
160
156
144
131
113
85
54
27
7
-17
-53
-105
-157
-206
-260
-313
-351
-362
-376
-398
-405
-399
-420
-437
-449
-458
-465
-452
-420
-398
-373
-333
-313
-313
-308
-299
-307
-316
-308
-297
-293
-297
-290
-302
-321
-312
-301
-299
-284
-200
-148
-117
-86
-14
40
87
211
301
358
396
488
520
522
571
598
605
593
634
658
611
533
454
402
311
232
182
143
75
1
-24
-72
-153
-223
-231
-244
-261
-225
-169
-150
-134
-80
-39
-24
-12
42
118
176
212
257
278
256
268
295
305
293
320
353
369
367
376
375
324
265
259
252
199
177
165
138
92
52
9
-31
-63
-83
-72
-92
-117
-118
-109
-115
-125
-100
-84
-68
-28
14
36
18
18
34
45
47
53
68
19
9
-2
-28
-83
-122
-150
-203
-214
-249
-265
-317
-351
-348
-374
-435
-461
-457
-486
-565
-547
-491
-558
-624
-585
-564
-633
-678
-602
-600
-688
-658
-589
-619
-570
-450
-352
-378
-361
-209
-201
-142
10
111
147
156
352
366
414
496
552
571
554
674
648
628
565
582
533
465
430
369
320
210
153
106
46
-46
-99
-55
-87
-128
-74
-33
-64
-52
27
44
32
78
183
225
269
333
387
394
371
424
489
505
529
597
621
561
529
526
477
420
375
394
349
277
251
223
140
30
22
-15
-75
-112
-121
-170
-251
-280
-277
-277
-318
-303
-272
-274
-308
-286
-219
-285
-266
-157
-196
-193
-131
-91
-107
-76
-35
-82
-50
-26
-38
-52
-77
-98
-71
-241
-183
-163
-418
-196
-336
-454
-168
-472
-376
-207
-480
-319
-330
-496
-308
-391
-436
-246
-389
-417
-272
-374
-352
-304
-333
-306
-330
-321
-276
-276
-335
-182
-96
-142
-55
8
-24
-33
55
170
144
153
288
315
370
393
461
517
432
531
623
538
551
537
502
485
420
416
391
287
222
191
140
83
-7
9
0
-38
-3
17
3
-35
-7
42
38
37
86
109
116
125
168
183
163
163
210
236
227
249
288
279
252
250
222
203
160
164
162
97
76
69
59
2
-13
-14
-44
-42
-84
-55
-86
-151
-107
-145
-194
-186
-215
-247
-266
-259
-214
-288
-209
-164
-298
-107
-254
-142
-190
-309
-14
-359
-146
-195
-131
-196
-243
6
-238
-109
-296
-5
-216
-315
108
-304
-71
-148
-86
28
-349
103
-83
-106
-57
-81
199
-231
-49
173
-79
-125
-41
119
-132
-118
2
-49
-169
-214
-11
-172
-317
-73
-231
-321
-158
-163
-259
-138
-103
-120
-109
-145
20
-71
-29
152
112
147
229
238
256
292
392
369
351
445
434
438
424
436
419
349
363
351
330
249
213
223
153
130
73
99
70
3
27
5
-35
-82
-48
-55
-66
-57
-49
-3
-20
-2
8
-32
-33
2
42
31
45
112
102
70
88
161
117
51
154
159
72
134
111
99
122
10
88
83
-11
-11
130
-96
-59
10
-205
-81
-185
-166
-131
-200
-307
-49
-362
-265
-102
-358
-288
-197
-298
-240
-237
-272
-29
-457
81
-186
-196
-50
-90
106
-292
52
135
-179
-104
235
-9
-169
71
175
-217
-10
226
-151
-20
31
121
-227
-124
131
-178
-257
-43
-7
-314
-257
41
-260
-234
-80
-107
-128
-218
1
-144
-199
-54
-95
-91
-78
-61
68
-122
5
114
-20
103
59
86
182
133
160
236
199
260
277
292
320
285
304
263
301
289
212
269
180
202
156
134
179
61
100
105
28
37
0
-39
-20
-134
-52
-70
-175
-53
-112
-147
-116
-149
-148
-85
-71
-110
7
-5
-33
82
-40
90
149
-37
118
178
63
115
163
97
124
92
185
144
45
238
140
5
154
140
17
-3
91
146
-56
-104
332
-210
-187
207
-254
-34
-185
-12
1
-289
143
-143
-123
90
-256
51
-14
-199
141
-104
40
45
-105
215
-136
-57
249
-220
196
-85
9
137
-315
238
-114
-193
198
-286
-134
33
-282
-190
-24
-220
-340
-42
-212
-434
-170
-150
-362
-196
-242
-113
-192
-446
-14
-249
-462
-42
-137
-322
4
-186
-128
-87
-181
-20
-104
-49
-69
118
60
13
121
49
127
57
121
243
129
145
266
196
141
236
256
197
193
263
188
117
158
147
72
89
103
84
84
26
69
103
14
-18
143
-54
15
110
-119
174
-22
-53
163
13
82
3
168
161
-55
222
82
94
167
5
303
107
5
335
61
171
216
26
207
102
116
57
138
86
36
113
-77
156
19
-101
135
-39
0
107
-162
-20
47
-178
-108
103
-223
-79
84
-311
156
-312
41
74
-369
306
-240
107
4
-183
424
-334
64
237
-161
38
-37
144
-158
-106
100
-70
-70
3
-63
-48
-87
-63
11
-314
140
-48
-423
156
-46
-528
127
-251
-342
-7
-360
-168
-207
-150
-263
-250
-91
-309
-173
-251
-53
-143
-479
170
-198
-448
19
-74
-221
-101
-114
94
-172
-100
120
-145
-14
30
5
50
32
75
84
44
87
42
104
111
-28
146
146
17
119
128
132
86
135
193
145
212
158
82
300
149
81
268
139
312
129
133
420
75
129
283
293
103
133
377
186
141
199
285
253
-32
334
260
3
228
184
115
131
58
162
158
-75
109
215
-193
204
41
-173
311
-217
-52
141
-298
160
-268
-206
250
-422
76
-182
53
-7
-531
292
-143
-516
178
-122
-316
-15
-144
-122
-89
-284
-20
-234
-274
87
-421
-136
24
-261
-224
-128
102
-248
-377
287
-123
-430
155
-49
-206
-121
-58
78
-243
-204
292
-168
-359
254
-28
-209
-91
123
-29
-173
-12
3
-16
-166
-56
61
-162
-4
-100
-113
77
-205
-9
-116
25
-59
-175
105
-40
-150
11
39
-77
14
-40
109
26
-163
152
101
-117
161
28
104
167
-59
231
134
50
158
71
223
56
38
216
4
129
110
-13
141
86
31
-31
174
2
-116
208
39
105
-8
53
305
-213
34
226
10
-92
211
151
9
22
150
246
-202
280
244
-86
205
195
202
31
55
377
-27
-25
249
55
23
-23
42
175
-145
46
-67
160
-46
-280
281
-128
-203
106
-247
107
0
-280
-54
167
-68
-413
180
219
-314
-226
457
-92
-181
32
19
194
-306
-220
487
-298
-181
80
-112
288
-510
-60
449
-329
-169
-22
240
-332
-71
88
-255
162
-259
-138
47
-202
3
-295
5
76
-396
10
-80
-164
-299
-15
-64
-451
-51
-99
-254
-231
-133
28
-344
-227
64
-142
-172
-45
88
-83
-113
51
76
-77
-1
70
60
-6
-4
160
5
-12
302
-10
9
222
161
-13
45
315
25
-6
320
19
222
107
-74
427
-125
4
427
-160
153
306
-160
358
122
-64
418
1
4
446
-63
136
402
-137
307
168
-117
540
13
-56
504
-98
104
228
-78
380
-200
188
282
-307
335
-134
225
-172
-114
257
-289
86
-248
157
-150
-228
30
-141
-81
23
-245
14
-38
-94
-159
79
-46
-25
107
-245
270
-389
109
-12
-405
303
-77
-157
-190
312
-30
-505
343
203
-398
-61
-5
272
-601
-305
623
-541
-336
-72
451
-812
-109
387
-673
112
-253
-177
-74
-170
-56
-277
-247
26
-253
-533
225
-51
-730
125
23
-412
-173
4
180
-378
-3
298
-227
17
16
126
28
-11
165
81
54
184
87
101
127
185
86
152
149
85
170
27
102
94
126
98
143
-64
87
243
-191
52
243
-26
20
198
97
24
103
35
239
68
-79
435
15
-119
427
-53
-5
329
73
110
187
153
23
187
127
98
309
20
129
313
-30
247
160
12
288
100
53
153
224
-140
227
-29
-9
223
-263
406
-337
47
130
-422
367
-535
413
-237
-366
321
-544
12
-167
44
-287
79
-144
-241
106
-246
76
-304
99
-20
-262
-31
49
47
-648
394
-24
-456
286
-371
309
-361
-235
204
-480
109
-321
-14
-150
-353
137
-630
-135
-138
-449
-177
-488
-99
-471
-468
-237
-493
-220
-490
-151
-240
-295
-196
-396
-124
-177
-96
-34
112
60
-34
206
102
155
257
290
500
243
466
427
264
416
288
507
358
323
464
147
235
40
97
208
3
120
68
162
-137
-109
74
-97
-114
-25
148
-24
-121
74
-8
2
44
144
217
91
148
131
144
83
45
301
171
132
324
179
159
227
173
204
198
202
286
66
97
165
-11
135
70
110
113
-6
28
-83
42
-167
-148
96
-182
-45
-107
-130
-33
-424
8
-166
-240
134
-493
242
-335
-484
458
-682
196
204
-604
570
-334
-321
300
-309
-45
205
-171
2
-14
-220
39
-193
61
-99
12
-105
-312
-83
-248
-214
-346
-138
-182
-564
-413
-252
-555
-590
-401
-412
-675
-733
-249
-486
-449
-114
-453
-247
-277
-371
219
-46
154
181
-26
385
303
212
512
638
571
574
670
689
502
492
601
682
512
537
398
256
97
-81
81
-45
-175
-188
-200
-230
-359
-381
-262
-250
-314
-137
-68
-215
-215
-145
-16
6
4
232
226
152
159
274
310
224
307
406
421
349
303
382
395
318
356
385
357
260
219
340
306
184
249
312
257
153
155
181
164
20
82
99
10
-121
-71
-24
-82
-114
-134
-83
-135
-222
-256
-43
-166
-136
-67
-99
-139
-259
-53
-31
-100
-33
-1
-85
-38
-11
11
-68
-12
74
-117
-167
-38
-69
-401
-81
-94
-382
-352
-351
-507
-410
-403
-536
-613
-742
-765
-908
-938
-690
-849
-1057
-608
-465
-414
-733
-630
-349
-362
-53
334
574
187
-134
301
637
586
773
1082
1246
754
783
1061
922
820
858
1248
1040
593
515
386
144
-2
119
310
4
-444
-513
-424
-624
-655
-383
-307
-423
-541
-384
-411
-559
-459
-108
171
41
19
170
113
129
312
651
680
559
598
678
572
418
548
690
634
523
524
462
376
177
280
321
284
212
118
198
-11
-168
-83
-14
8
-123
-135
-195
-353
-320
-302
-150
-262
-351
-278
-402
-387
-414
-383
-279
-329
-296
-264
-314
-286
-358
-204
-128
-151
-144
-204
-187
-243
-185
-110
-53
-130
-207
-144
-256
-348
-301
-239
-242
-315
-453
-476
-548
-695
-643
-510
-621
-804
-996
-1009
-1105
-1156
-1011
-1123
-709
-373
-309
-828
-1027
-428
-274
-20
700
956
466
-346
232
1025
1091
1233
1555
1798
954
732
1285
1378
1216
1076
1505
1325
520
268
384
343
12
97
335
-183
-920
-1061
-641
-552
-724
-522
-464
-712
-998
-684
-313
-392
-330
-56
196
-58
-226
188
409
485
597
866
824
487
549
785
980
823
775
794
622
318
281
490
453
239
162
254
102
-150
-283
47
16
-233
-109
-41
-141
-429
-395
-1
-139
-203
-118
-40
-104
-395
-37
88
25
8
-51
113
-110
-124
168
168
50
-106
-17
-8
-140
-69
31
58
-111
-232
-107
-207
-337
-262
-140
-206
-456
-508
-420
-500
-531
-372
-355
-588
-739
-786
-714
-795
-857
-855
-1004
-1152
-1382
-1214
-1336
-885
-194
-154
-784
-1423
-640
-201
33
792
1128
607
-738
-82
1230
1481
1508
1597
1939
971
509
1418
1916
1747
1186
1443
1290
381
255
504
818
168
-124
42
-471
-1117
-1258
-495
-255
-707
-849
-893
-987
-1136
-630
45
-123
-411
-303
2
24
101
556
886
801
552
797
901
751
894
1221
1412
953
699
704
706
608
572
740
485
-28
-215
-104
-6
-111
-40
-125
-393
-555
-579
-233
-218
-279
-320
-420
-430
-463
-241
-44
-25
-44
-91
-74
-132
-42
80
163
231
134
111
44
55
64
113
147
-8
-99
-235
-228
-219
-209
-154
-271
-442
-520
-532
-562
-577
-583
-684
-674
-695
-721
-711
-714
-747
-817
-779
-802
-880
-949
-1128
-1148
-1148
-1257
-1195
-1366
-844
-113
30
-768
-1485
-496
2
228
868
1238
515
-991
-33
1625
1899
1578
1430
1607
839
524
1676
2280
1852
909
912
1076
425
462
778
978
61
-516
-235
-380
-789
-893
-263
-161
-829
-1099
-961
-738
-586
-176
239
-126
-598
-423
273
575
554
742
753
523
480
883
1204
1067
962
994
956
576
490
685
743
594
335
281
75
-229
-273
18
100
-193
-438
-477
-548
-528
-394
-150
-148
-467
-609
-490
-312
-161
-10
52
-82
-318
-184
25
222
290
271
259
63
107
183
283
278
156
121
21
-47
-91
-58
-37
-131
-188
-203
-349
-362
-400
-338
-364
-490
-586
-677
-637
-618
-540
-660
-835
-947
-910
-789
-854
-795
-995
-1168
-1257
-1180
-1044
-1197
-1197
-1363
-646
-124
-297
-1241
-1182
-183
34
373
963
945
-317
-863
734
1978
1705
1273
1190
1285
571
1105
2278
2174
1311
475
919
908
623
813
1032
586
-456
-544
-137
-200
-562
-514
-231
-595
-1103
-960
-563
-306
-269
4
-43
-486
-455
182
807
691
503
585
519
551
830
1246
1275
901
734
813
853
685
723
818
691
358
246
263
217
-69
54
117
-140
-346
-556
-165
-274
-276
-170
-235
-327
-654
-387
-114
-176
-66
-214
-150
-261
-278
177
132
195
11
-3
118
19
290
263
227
30
-99
-2
-19
1
35
-65
-203
-325
-183
-225
-276
-280
-304
-298
-488
-477
-558
-490
-602
-592
-658
-776
-872
-883
-726
-703
-859
-1019
-1075
-1178
-1184
-1080
-1029
-1178
-1445
-1506
-630
-110
-296
-1339
-1206
-199
9
429
945
917
-326
-773
905
1948
1656
1156
1134
1251
705
1345
2325
2191
1300
564
989
995
867
1031
1002
533
-377
-365
70
-42
-420
-555
-447
-650
-949
-764
-565
-354
-354
-248
-321
-572
-383
92
431
313
182
239
253
436
721
967
880
541
503
625
712
601
577
581
425
261
224
255
247
-24
11
15
-93
-170
-243
41
-195
-280
-196
-176
-117
-358
-230
-180
-313
-135
-255
-51
-113
-216
33
-89
105
-19
-4
154
48
214
101
94
62
-102
23
73
107
61
-100
-58
-32
16
-50
-105
-127
-196
-187
-233
-203
-328
-409
-412
-318
-363
-469
-546
-601
-670
-688
-624
-683
-726
-917
-1026
-1036
-1117
-1069
-1189
-1188
-1361
-1345
-473
-304
-651
-1451
-870
-62
-37
440
835
533
-582
-384
1306
1968
1468
1127
1112
1082
791
1754
2450
1962
1048
572
1167
1136
1202
1244
982
236
-450
-62
248
-4
-502
-602
-464
-793
-952
-642
-391
-380
-595
-464
-507
-580
-400
8
221
-55
-169
-107
132
338
553
676
430
209
267
509
646
589
541
394
248
234
336
393
277
188
180
56
-43
9
91
141
140
82
-42
-105
-68
3
1
-89
-159
-209
-256
-200
-86
-23
-125
-155
-125
-101
-96
-82
11
-43
-143
-147
-48
-20
-43
-64
-59
-61
-95
-61
-27
-15
-71
-63
-69
-69
-71
-101
-159
-234
-293
-339
-341
-361
-380
-516
-665
-661
-629
-583
-728
-831
-1029
-1169
-1084
-1161
-1092
-1325
-1428
-1477
-1242
-411
-364
-804
-1376
-735
-52
58
550
769
398
-457
49
1548
1960
1367
1141
1301
1313
1110
1924
2498
1922
1117
857
1430
1311
1261
1252
984
246
-308
25
312
59
-396
-429
-447
-670
-814
-568
-380
-490
-606
-594
-637
-692
-467
-138
-58
-236
-303
-186
-72
101
363
469
269
84
207
458
578
561
525
356
181
245
479
504
329
234
184
114
20
260
346
137
-62
-75
75
-7
-25
3
-94
-242
-331
-195
-113
-171
-166
-190
-251
-309
-218
-71
-89
-111
-95
-103
-124
-85
40
79
31
36
118
118
26
46
135
197
102
90
126
65
61
100
92
-77
-182
-161
-158
-218
-341
-390
-483
-622
-604
-615
-693
-939
-1060
-1063
-1148
-1161
-1313
-1297
-1469
-1512
-1501
-1033
-456
-596
-1155
-1343
-555
-106
148
631
756
55
-468
562
1730
1831
1362
1205
1244
1220
1540
2373
2455
1683
997
1033
1510
1483
1445
1102
548
-35
-144
212
207
-144
-552
-623
-622
-724
-699
-650
-647
-711
-699
-714
-799
-731
-477
-233
-226
-331
-356
-237
22
396
543
439
151
200
472
747
807
684
549
411
480
655
784
585
477
312
392
347
397
458
203
172
5
15
-26
-206
-126
-247
-286
-321
-454
-291
-454
-365
-346
-477
-378
-514
-319
-303
-364
-330
-402
-289
-272
-211
-138
-183
-132
-110
-45
4
-26
22
25
62
8
63
20
-17
-36
-55
-71
-230
-317
-346
-320
-339
-459
-576
-668
-743
-780
-889
-900
-1044
-1188
-1250
-1262
-1292
-1393
-1478
-1414
-1497
-1216
-531
-391
-768
-1291
-527
7
177
608
904
599
-285
396
1737
2099
1621
1437
1627
1539
1511
2275
2602
1995
1233
1100
1551
1347
1256
1100
762
159
-297
-41
62
-205
-620
-645
-557
-801
-1001
-902
-715
-732
-833
-843
-859
-834
-640
-332
-156
-209
-253
-179
54
363
537
576
422
408
555
743
881
822
751
609
617
649
684
572
347
396
350
368
201
190
199
6
53
-3
-7
-137
-320
-197
-244
-262
-277
-304
-180
-361
-264
-223
-282
-135
-254
-114
-185
-184
-39
-68
49
-36
-32
10
13
90
82
71
23
-2
52
38
17
1
-24
-73
-143
-172
-191
-255
-347
-369
-388
-504
-603
-682
-664
-774
-832
-897
-1020
-1149
-1249
-1219
-1262
-1344
-1417
-1393
-1486
-1470
-1421
-807
-319
-474
-1004
-961
-195
13
364
929
1013
225
-146
1001
1919
1855
1583
1656
1637
1316
1566
2368
2352
1707
1183
1253
1359
1060
1086
913
556
7
-185
-42
-229
-524
-744
-627
-635
-908
-1021
-975
-891
-856
-704
-597
-640
-682
-551
-289
-29
74
98
74
205
418
610
694
649
716
731
782
837
849
765
624
612
677
555
494
324
284
234
156
227
36
-92
-181
-246
-192
-287
-287
-321
-483
-405
-407
-321
-354
-415
-285
-362
-285
-255
-182
-74
-149
-78
-52
-37
11
0
67
98
60
113
104
93
41
24
67
59
13
-35
-92
-126
-143
-162
-166
-302
-408
-441
-442
-418
-525
-553
-649
-694
-680
-728
-783
-862
-907
-920
-1011
-1018
-1118
-1134
-1168
-1193
-1173
-1069
-375
-189
-396
-899
-517
-8
143
644
1119
946
66
213
1276
1856
1610
1540
1662
1597
1240
1589
2105
1891
1366
1017
1298
1073
741
616
544
259
-220
-268
-278
-560
-918
-877
-641
-693
-1015
-1119
-985
-907
-805
-652
-553
-634
-639
-427
-205
-82
-25
57
196
375
522
585
556
558
654
768
783
696
588
510
461
497
473
368
185
101
106
61
57
30
-15
-98
-145
-138
-118
-153
-189
-197
-174
-178
-209
-131
-126
-94
-89
-66
-43
-34
30
92
122
132
155
169
187
128
164
211
238
192
123
101
63
55
31
12
-28
-70
-113
-126
-141
-192
-255
-317
-332
-351
-375
-421
-463
-470
-519
-563
-653
-768
-774
-794
-826
-908
-1000
-1069
-1195
-1163
-1133
-1145
-1245
-1195
-618
-257
-335
-783
-610
-145
17
344
831
1032
418
215
915
1504
1420
1302
1554
1706
1311
1257
1649
1774
1379
964
1171
1135
768
454
398
294
-162
-346
-379
-534
-902
-1015
-765
-697
-856
-974
-882
-848
-844
-704
-483
-423
-451
-327
-127
-23
9
147
334
470
551
649
633
597
630
764
858
778
674
563
524
467
498
489
386
188
61
68
13
43
-43
-112
-217
-311
-257
-286
-267
-298
-331
-282
-319
-222
-206
-209
-144
-160
-59
-119
-94
-33
-48
27
15
62
49
-40
1
42
82
23
-23
-46
-82
-17
16
8
-72
-129
-126
-99
-74
-138
-204
-256
-278
-321
-378
-374
-378
-402
-424
-479
-549
-644
-664
-599
-579
-671
-750
-801
-864
-888
-893
-902
-904
-914
-790
-451
-187
-126
-341
-333
-89
146
447
733
989
852
669
762
1059
1293
1356
1472
1604
1550
1463
1398
1381
1250
993
919
887
798
558
287
76
-171
-330
-417
-454
-574
-748
-818
-812
-794
-881
-933
-919
-846
-772
-677
-554
-484
-433
-367
-271
-135
-6
138
261
369
455
525
576
584
600
659
672
652
586
542
494
398
383
320
263
167
169
201
111
34
-8
-4
-61
-131
-110
-91
-135
-207
-207
-164
-184
-203
-160
-107
-99
-131
-87
-57
-79
-81
-48
24
1
-29
23
75
59
-29
-61
-36
-7
-12
2
42
-6
-28
-95
-75
-61
-194
-134
-130
-133
-136
-218
-184
-205
-237
-277
-298
-322
-418
-492
-435
-431
-547
-595
-601
-543
-690
-718
-625
-685
-672
-697
-672
-744
-811
-736
-517
-244
-21
-36
-168
-141
-38
143
318
523
634
627
671
795
901
973
969
1053
1143
1180
1192
1125
1024
829
692
617
587
550
433
264
103
-98
-256
-366
-451
-450
-478
-507
-567
-645
-675
-673
-641
-557
-472
-395
-341
-246
-84
13
61
96
166
239
274
351
427
461
408
393
418
446
422
376
331
289
240
241
242
150
16
-83
-94
-118
-135
-152
-158
-177
-195
-178
-139
-127
-140
-124
-104
-63
-64
-47
-12
3
-20
-71
-58
-49
-45
-18
-3
-11
28
-25
20
33
-37
-40
-79
44
91
30
99
81
19
-128
-81
131
52
60
127
197
99
10
-8
-75
-157
-113
57
12
-16
-137
-231
-258
-352
-369
-417
-244
-116
-233
-310
-407
-549
-648
-557
-399
-434
-517
-456
-429
-520
-568
-489
-306
-120
37
131
169
221
262
323
447
553
615
696
774
867
873
845
839
785
776
792
782
705
530
356
211
143
110
-8
-180
-417
-581
-620
-657
-697
-752
-794
-776
-744
-677
-607
-573
-543
-479
-376
-240
-141
-63
27
97
165
254
374
445
483
531
561
572
578
580
569
527
440
390
320
237
151
109
101
75
34
-40
-68
-92
-104
-81
-89
-120
-150
-124
-57
-56
-89
-112
-101
-40
44
82
96
70
71
50
60
64
28
25
10
64
112
102
98
12
18
-37
-74
-11
-91
49
33
106
93
-80
-79
-135
-129
-141
-73
-19
-29
-171
-296
-332
-387
-406
-312
-223
-242
-248
-330
-448
-511
-585
-549
-460
-488
-442
-454
-561
-612
-660
-641
-608
-580
-431
-219
-26
95
164
161
140
237
444
628
768
816
788
786
782
823
847
838
802
797
801
748
601
377
198
114
23
-85
-201
-336
-446
-540
-613
-656
-718
-795
-803
-756
-648
-524
-473
-432
-360
-247
-99
29
97
146
240
392
536
599
595
598
627
678
705
683
622
545
502
449
411
341
247
176
120
75
26
-17
-99
-113
-137
-177
-217
-253
-200
-127
-68
-58
-47
-28
11
52
89
119
121
98
104
144
150
136
100
67
60
54
19
1
-14
-43
-21
-95
-105
-95
-138
-116
-181
-144
-128
-110
-22
88
78
-40
-120
-153
-106
-110
-91
-29
-82
-164
-172
-234
-304
-405
-464
-410
-384
-385
-440
-538
-708
-807
-825
-858
-786
-792
-776
-810
-820
-632
-465
-192
-73
14
90
171
344
533
769
885
901
932
1043
1109
1124
1074
1098
1078
1044
960
833
663
379
151
2
-79
-197
-356
-542
-751
-913
-998
-987
-1005
-1060
-1054
-1000
-831
-738
-629
-509
-374
-213
-105
16
54
141
271
455
632
727
778
795
828
866
900
894
829
728
652
615
567
480
353
228
111
16
-12
-54
-77
-93
-142
-152
-162
-115
-101
-100
-77
-47
15
73
103
117
141
154
169
169
177
171
160
155
142
140
94
16
-65
-118
-129
-134
-166
-198
-232
-245
-222
-225
-239
-230
-234
-233
-213
-218
-203
-188
-191
-211
-209
-188
-223
-217
-245
-314
-401
-545
-588
-646
-663
-711
-808
-911
-1056
-1176
-1240
-1286
-1371
-1399
-1439
-1283
-950
-478
-148
-58
5
45
193
517
889
1199
1171
1171
1312
1480
1659
1651
1707
1624
1563
1498
1423
1234
845
545
356
233
17
-229
-487
-747
-983
-1102
-1144
-1228
-1395
-1476
-1427
-1217
-1016
-821
-605
-471
-286
-99
157
315
409
541
733
932
1102
1212
1300
1325
1315
1284
1203
1092
904
758
655
551
408
259
83
-56
-200
-288
-388
-511
-542
-560
-470
-408
-341
-246
-167
-79
-18
63
158
222
310
387
459
529
566
597
591
555
496
425
349
270
158
50
-45
-155
-228
-327
-437
-541
-631
-653
-670
-672
-674
-656
-621
-588
-522
-449
-361
-309
-266
-212
-153
-134
-120
-111
-95
-125
-217
-263
-346
-464
-624
-792
-870
-1044
-1200
-1347
-1489
-1534
-1701
-1542
-1160
-654
-353
-324
-172
-6
187
552
903
1196
1056
1081
1363
1628
1822
1741
1876
1817
1764
1625
1512
1292
873
574
350
222
-96
-331
-544
-767
-1014
-1232
-1287
-1396
-1536
-1567
-1431
-1146
-923
-699
-468
-253
12
254
539
680
738
822
1016
1172
1285
1343
1388
1419
1371
1301
1105
898
649
417
235
35
-161
-314
-447
-575
-726
-846
-954
-1072
-1115
-1065
-907
-747
-524
-299
-59
130
301
493
627
755
797
881
979
1063
1125
1139
1130
1031
874
736
588
410
192
-28
-182
-320
-435
-565
-696
-849
-966
-1035
-1061
-1070
-1085
-1043
-938
-792
-654
-524
-400
-287
-175
-53
27
51
51
57
82
84
67
10
-85
-217
-371
-521
-698
-896
-1098
-1288
-1462
-1638
-1789
-1885
-1942
-1561
-1088
-619
-513
-401
-63
129
540
773
1151
1118
1099
1348
1693
1934
1882
1895
1911
1851
1717
1610
1387
980
452
164
-22
-195
-458
-618
-860
-1112
-1260
-1272
-1258
-1457
-1558
-1519
-1212
-868
-576
-263
40
369
715
956
1098
1095
1132
1266
1357
1421
1431
1456
1440
1366
1248
1086
802
508
178
-93
-309
-535
-688
-847
-932
-1015
-1034
-1044
-1084
-1152
-1138
-1022
-829
-511
-242
79
328
614
925
1107
1283
1282
1286
1289
1280
1291
1222
1164
1057
921
813
631
374
74
-227
-452
-653
-813
-927
-1023
-1092
-1131
-1163
-1120
-1099
-1100
-1047
-970
-806
-652
-484
-306
-173
9
183
320
406
389
356
306
229
129
-20
-158
-274
-369
-496
-674
-881
-1077
-1272
-1494
-1680
-1877
-2001
-2073
-2155
-1924
-1422
-827
-530
-382
38
507
753
1025
1285
1569
1449
1448
1754
2000
2101
1996
2095
2055
1911
1653
1474
1089
574
102
-197
-379
-681
-816
-984
-1188
-1352
-1340
-1226
-1299
-1474
-1448
-1233
-891
-598
-282
132
503
878
1176
1350
1417
1393
1402
1415
1314
1285
1255
1207
1107
985
893
666
331
-33
-408
-704
-922
-1115
-1207
-1332
-1318
-1255
-1175
-1113
-1116
-1013
-901
-754
-572
-274
67
353
662
1015
1325
1524
1630
1700
1698
1594
1447
1290
1130
963
805
692
556
374
168
-69
-313
-567
-793
-991
-1143
-1211
-1214
-1164
-1088
-984
-824
-691
-580
-466
-369
-246
-116
34
178
306
428
513
567
554
480
374
224
6
-210
-431
-640
-823
-956
-1060
-1212
-1366
-1522
-1657
-1810
-1951
-2078
-2194
-2255
-2218
-2028
-1395
-786
-300
-63
354
975
1156
1444
1622
1887
1768
1619
1821
2031
2046
1867
1815
1852
1766
1528
1388
1052
616
77
-292
-544
-824
-1040
-1198
-1408
-1493
-1390
-1249
-1185
-1265
-1099
-876
-592
-321
-86
275
624
972
1299
1500
1620
1625
1579
1530
1376
1217
1046
852
705
602
500
322
35
-164
-349
-551
-748
-994
-1131
-1269
-1325
-1299
-1219
-1074
-955
-816
-640
-422
-204
32
272
472
695
938
1153
1344
1447
1536
1542
1489
1392
1181
1018
793
558
346
101
-57
-253
-416
-536
-686
-775
-877
-931
-956
-971
-939
-884
-797
-668
-547
-437
-262
-70
123
270
368
474
517
528
498
436
383
264
153
37
-124
-273
-456
-598
-753
-958
-1138
-1321
-1448
-1556
-1711
-1776
-1837
-1851
-1826
-1829
-1683
-1637
-1350
-747
-301
39
252
793
1305
1367
1748
1976
2171
1940
1771
2027
1873
1697
1393
1492
1490
1307
1144
1001
743
261
-89
-477
-716
-1181
-1430
-1643
-1808
-1696
-1582
-1351
-1305
-1122
-813
-562
-369
-131
128
350
538
759
1089
1220
1324
1366
1418
1431
1200
1110
978
820
636
424
301
69
-102
-198
-322
-479
-624
-751
-826
-947
-1037
-1029
-1034
-969
-899
-701
-459
-287
-52
232
513
722
898
1060
1174
1204
1276
1329
1287
1256
1130
1077
939
755
599
364
199
-39
-238
-392
-546
-632
-720
-782
-794
-788
-739
-718
-730
-642
-561
-468
-368
-252
-93
12
135
256
331
365
369
324
275
171
42
-50
-193
-331
-493
-638
-756
-975
-1123
-1286
-1415
-1518
-1678
-1688
-1769
-1746
-1733
-1711
-1571
-1531
-1321
-811
-384
-41
230
715
1309
1357
1669
1956
2173
2033
1765
1990
1873
1648
1392
1448
1488
1276
1114
1100
968
581
235
-113
-343
-822
-1130
-1387
-1647
-1676
-1640
-1459
-1373
-1189
-886
-652
-500
-190
87
257
355
491
806
869
940
1027
1158
1253
1156
1198
1211
1085
892
725
582
335
36
-109
-253
-468
-598
-699
-736
-840
-924
-901
-940
-959
-956
-901
-791
-693
-518
-272
-72
130
390
619
844
921
1062
1151
1081
1062
954
901
736
562
483
348
229
107
4
-72
-194
-299
-349
-471
-562
-617
-634
-655
-720
-664
-566
-476
-360
-224
-62
43
113
238
309
308
282
254
243
155
46
-53
-172
-272
-360
-441
-552
-712
-895
-1027
-1204
-1379
-1556
-1676
-1739
-1807
-1770
-1699
-1603
-1465
-1000
-601
-272
-14
425
958
1059
1433
1728
1990
1875
1720
1981
1927
1727
1475
1569
1581
1356
1156
1189
1068
646
322
42
-155
-676
-1021
-1273
-1562
-1737
-1808
-1704
-1678
-1585
-1340
-1027
-811
-514
-226
63
317
521
812
876
939
1055
1179
1273
1229
1296
1377
1324
1265
1253
1197
955
598
428
266
-48
-339
-555
-663
-832
-959
-922
-949
-1010
-1027
-949
-841
-761
-679
-504
-349
-186
73
305
565
689
872
1040
1089
1140
1108
1082
949
808
694
549
357
209
76
-46
-166
-281
-302
-402
-481
-528
-550
-579
-661
-720
-723
-698
-653
-569
-479
-369
-250
-87
70
161
232
259
257
218
148
60
-84
-215
-314
-430
-534
-662
-790
-896
-1017
-1131
-1244
-1378
-1460
-1575
-1597
-1636
-1645
-1585
-1453
-951
-682
-312
35
581
1061
1169
1629
1869
2053
1825
1816
1991
1859
1609
1439
1602
1503
1304
1164
1275
1053
668
386
178
-97
-647
-966
-1283
-1543
-1781
-1846
-1824
-1780
-1641
-1388
-1055
-796
-415
-141
139
372
598
799
799
899
1023
1114
1111
1121
1255
1310
1232
1213
1276
1182
917
672
542
306
-55
-320
-527
-740
-953
-1065
-1034
-1060
-1081
-1015
-918
-786
-692
-555
-387
-280
-104
62
254
438
580
772
877
959
1036
1048
1009
928
848
738
545
352
219
44
-124
-259
-311
-351
-440
-473
-485
-505
-556
-595
-614
-649
-693
-667
-597
-528
-440
-312
-128
-3
129
258
346
372
347
313
252
146
12
-110
-246
-371
-498
-621
-726
-821
-898
-996
-1090
-1155
-1244
-1337
-1398
-1440
-1439
-1417
-1375
-1050
-764
-497
-188
198
736
876
1204
1553
1768
1769
1637
1825
1762
1533
1302
1315
1261
1028
868
902
866
569
397
229
62
-345
-701
-911
-1220
-1508
-1692
-1716
-1699
-1636
-1460
-1155
-894
-524
-183
76
332
527
756
782
814
917
947
931
911
1019
1107
1082
1080
1169
1159
1023
846
745
584
249
-19
-253
-459
-689
-867
-908
-973
-979
-937
-781
-628
-508
-340
-206
-48
68
211
294
367
483
570
637
686
765
801
792
767
778
697
552
398
281
140
-83
-217
-314
-406
-530
-552
-532
-543
-592
-596
-531
-513
-504
-502
-432
-382
-336
-262
-168
-64
0
85
189
242
261
257
209
145
65
-59
-193
-347
-497
-618
-772
-866
-966
-1044
-1122
-1179
-1188
-1245
-1222
-1235
-1169
-1156
-992
-699
-526
-240
-40
421
678
898
1303
1547
1772
1694
1828
1917
1777
1597
1479
1420
1203
990
906
891
660
489
323
199
-67
-379
-575
-878
-1135
-1359
-1444
-1524
-1556
-1490
-1309
-1113
-838
-487
-250
13
270
553
684
711
828
883
854
829
888
957
922
886
972
1008
934
822
752
660
421
194
-4
-227
-463
-674
-791
-884
-963
-947
-879
-788
-656
-503
-336
-214
-75
80
180
276
382
475
528
555
616
662
669
661
657
647
580
487
418
304
132
-34
-164
-274
-426
-533
-592
-642
-665
-659
-601
-555
-514
-449
-384
-321
-271
-223
-145
-96
-51
20
91
158
180
216
228
212
168
83
-18
-158
-285
-437
-572
-710
-840
-942
-1036
-1087
-1148
-1188
-1223
-1197
-1179
-1140
-1085
-992
-722
-548
-320
-117
182
470
620
981
1252
1460
1492
1578
1752
1725
1609
1508
1475
1298
1082
918
853
650
391
246
102
-66
-335
-526
-722
-965
-1165
-1291
-1368
-1420
-1416
-1329
-1177
-984
-707
-487
-243
19
279
492
599
737
827
855
862
909
952
945
905
942
969
901
840
760
704
532
331
176
-17
-225
-450
-592
-705
-806
-873
-868
-818
-732
-636
-523
-351
-224
-83
46
166
314
361
420
495
548
587
573
581
605
554
492
447
388
313
160
73
-6
-139
-259
-376
-418
-486
-559
-560
-549
-525
-492
-449
-372
-316
-259
-189
-121
-24
40
87
150
191
234
246
247
275
247
191
107
6
-95
-252
-382
-498
-633
-760
-859
-928
-984
-1058
-1084
-1056
-1052
-1028
-1039
-963
-918
-820
-607
-472
-255
-98
204
435
641
981
1187
1376
1407
1542
1652
1574
1453
1351
1250
1059
852
733
633
383
212
111
-27
-251
-495
-629
-811
-1030
-1162
-1217
-1288
-1330
-1284
-1107
-956
-792
-539
-318
-52
163
397
581
665
797
869
918
935
928
934
884
840
863
809
717
616
521
430
240
97
-49
-231
-414
-560
-622
-693
-787
-783
-723
-641
-567
-483
-296
-167
-61
55
167
303
333
342
423
481
501
460
469
521
482
430
392
354
279
153
70
-1
-131
-237
-316
-366
-417
-478
-483
-488
-472
-430
-376
-293
-222
-147
-49
29
102
166
225
286
328
374
383
361
346
306
253
169
61
-38
-165
-283
-392
-510
-622
-735
-805
-835
-892
-907
-915
-904
-901
-887
-837
-830
-783
-777
-579
-433
-303
-97
136
465
578
873
1158
1310
1348
1335
1466
1411
1239
1087
1018
868
647
504
442
305
83
-43
-135
-253
-441
-582
-701
-856
-980
-1044
-1069
-1098
-1082
-984
-851
-695
-477
-276
-77
149
356
538
645
773
868
882
864
851
847
791
698
637
600
501
409
328
272
160
22
-54
-148
-276
-410
-466
-532
-566
-584
-553
-480
-410
-303
-196
-73
48
143
197
279
358
389
366
363
405
402
352
325
333
293
214
164
137
58
-58
-132
-181
-270
-358
-407
-422
-448
-472
-442
-377
-326
-271
-182
-92
-13
55
124
183
225
266
295
299
281
257
212
175
135
77
9
-75
-158
-252
-361
-482
-578
-680
-779
-845
-874
-892
-930
-905
-853
-796
-742
-694
-588
-537
-376
-204
-46
147
328
583
718
911
1113
1191
1227
1229
1294
1255
1102
1018
948
804
624
500
431
273
69
-54
-139
-301
-482
-601
-694
-823
-942
-957
-953
-958
-912
-824
-678
-539
-357
-154
9
199
365
517
630
720
794
794
779
770
739
658
569
506
459
360
260
203
136
52
-57
-110
-186
-312
-409
-465
-480
-540
-552
-499
-416
-331
-251
-122
12
105
165
243
297
311
273
265
274
238
198
177
177
148
100
67
41
-21
-88
-152
-214
-283
-356
-403
-443
-470
-479
-461
-422
-344
-269
-179
-82
33
136
224
284
327
363
346
330
294
267
201
134
100
52
-9
-88
-155
-229
-316
-402
-493
-594
-686
-765
-830
-886
-908
-911
-904
-874
-803
-716
-583
-422
-260
-68
120
353
525
693
883
1013
1102
1141
1191
1197
1127
1043
988
912
804
694
610
516
370
251
143
-9
-177
-354
-491
-637
-787
-871
-943
-972
-953
-873
-753
-626
-467
-280
-121
39
201
336
440
497
578
629
635
637
628
604
567
520
493
442
361
317
250
177
90
16
-68
-180
-279
-353
-412
-485
-500
-476
-441
-383
-292
-172
-58
44
156
252
309
346
370
380
357
335
324
286
238
202
181
146
95
44
12
-56
-126
-183
-260
-338
-419
-469
-506
-535
-532
-506
-468
-404
-321
-229
-140
-56
31
93
146
195
228
250
248
251
229
190
155
109
57
-16
-81
-149
-230
-309
-375
-441
-506
-580
-634
-668
-707
-724
-736
-712
-680
-632
-549
-440
-276
-151
-10
158
341
498
622
781
920
1002
1026
1062
1092
1068
977
917
867
761
657
558
488
375
240
136
38
-88
-239
-360
-476
-593
-700
-766
-797
-811
-786
-718
-615
-513
-380
-241
-103
33
155
251
317
380
414
412
408
401
380
336
297
288
267
225
179
155
111
47
-17
-79
-144
-224
-284
-317
-335
-354
-350
-299
-244
-181
-101
1
93
190
281
364
414
435
456
475
454
409
387
348
293
226
206
167
101
51
13
-29
-104
-168
-216
-273
-351
-390
-398
-393
-392
-368
-306
-256
-195
-127
-44
25
85
148
198
228
241
252
232
209
165
108
45
-9
-75
-150
-218
-302
-383
-460
-526
-592
-653
-718
-761
-779
-792
-789
-768
-725
-667
-586
-488
-364
-237
-117
26
170
302
412
536
648
711
749
778
798
771
712
677
637
565
480
415
356
262
163
72
-19
-112
-198
-277
-347
-411
-469
-508
-521
-523
-500
-449
-377
-279
-181
-86
21
128
227
289
349
401
423
427
415
414
399
377
364
362
338
310
294
277
242
185
143
97
40
-3
-33
-58
-81
-89
-66
-26
12
61
111
167
212
248
287
307
321
314
303
279
251
223
180
135
93
45
-5
-65
-113
-157
-219
-271
-328
-369
-403
-438
-457
-474
-473
-469
-443
-406
-366
-314
-270
-216
-165
-104
-59
-23
-3
13
20
12
0
-21
-38
-87
-118
-144
-163
-198
-231
-252
-300
-341
-379
-404
-427
-445
-436
-398
-355
-297
-214
-118
-33
61
180
278
364
441
508
551
560
561
559
539
510
491
466
437
395
385
366
317
274
228
181
108
40
-11
-75
-138
-188
-223
-239
-261
-255
-229
-205
-170
-121
-75
-38
-10
22
39
34
29
24
22
-9
-33
-47
-57
-57
-49
-27
-24
-15
0
12
12
6
-3
-23
-23
-35
-36
-38
-33
-20
-5
21
43
72
107
156
200
239
251
270
286
294
281
262
250
222
204
181
163
140
123
109
92
67
35
9
-28
-73
-111
-150
-192
-234
-270
-290
-306
-304
-306
-292
-274
-262
-247
-225
-196
-176
-156
-128
-107
-94
-73
-59
-37
-30
-17
-12
-5
-5
-15
-24
-42
-70
-107
-137
-174
-203
-234
-271
-295
-323
-335
-336
-328
-320
-298
-263
-237
-193
-128
-64
-15
42
104
160
195
234
277
314
341
376
423
450
474
488
486
476
456
418
370
307
256
194
126
63
4
-46
-96
-140
-167
-169
-181
-185
-180
-165
-145
-131
-109
-89
-80
-73
-61
-51
-46
-34
-18
-5
11
27
48
56
52
51
45
31
8
-11
-32
-66
-105
-136
-167
-198
-212
-220
-226
-225
-213
-208
-200
-187
-172
-146
-139
-128
-105
-92
-79
-79
-71
-64
-61
-55
-57
-62
-85
-108
-128
-152
-184
-224
-239
-262
-283
-297
-294
-281
-258
-207
-152
-98
-43
20
86
140
183
228
254
277
303
312
321
320
323
326
325
332
326
330
308
285
259
222
185
129
86
42
-3
-40
-57
-81
-94
-105
-104
-86
-67
-38
-13
16
42
84
112
150
190
213
247
268
302
327
341
358
381
392
393
392
369
336
290
244
181
116
56
-7
-69
-130
-179
-218
-259
-287
-304
-313
-322
-334
-332
-332
-331
-333
-335
-342
-335
-337
-345
-337
-333
-315
-292
-276
-244
-209
-180
-148
-133
-112
-100
-97
-99
-109
-114
-135
-161
-170
-169
-168
-159
-148
-133
-110
-91
-70
-48
-26
2
38
66
91
123
153
179
205
242
273
301
318
324
323
309
300
283
258
233
195
158
118
85
53
24
1
-18
-28
-34
-37
-35
-22
-12
-1
15
32
37
49
64
79
101
123
146
175
204
221
230
248
259
271
267
248
229
192
147
108
63
21
-14
-42
-63
-76
-94
-106
-108
-117
-117
-117
-106
-95
-79
-62
-47
-30
-10
13
27
43
68
89
111
128
125
128
114
102
80
45
13
-25
-70
-109
-155
-204
-227
-251
-276
-293
-304
-304
-299
-295
-291
-273
-273
-262
-255
-255
-233
-219
-198
-177
-150
-110
-72
-38
-4
38
68
93
118
140
161
166
155
144
129
120
95
76
65
54
56
50
63
81
95
110
132
152
165
182
192
200
206
213
221
217
224
228
224
215
198
192
178
169
154
139
117
94
63
23
-17
-64
-101
-132
-158
-175
-187
-197
-200
-198
-190
-182
-169
-144
-121
-104
-77
-57
-38
-16
7
29
37
52
66
75
76
73
70
68
58
36
12
-9
-32
-57
-82
-102
-117
-127
-133
-146
-157
-161
-161
-160
-158
-151
-134
-131
-121
-116
-111
-90
-75
-59
-34
-9
7
18
30
32
33
35
36
30
25
11
-4
-30
-63
-89
-112
-129
-155
-167
-174
-177
-171
-172
-166
-151
-137
-121
-102
-96
-78
-69
-63
-44
-28
-6
22
42
67
93
110
127
141
150
165
171
157
161
163
160
156
151
156
160
169
174
177
204
219
239
257
270
280
285
291
286
280
267
258
254
246
238
224
205
190
175
160
139
120
98
74
49
15
-20
-51
-90
-128
-165
-200
-223
-244
-254
-264
-265
-259
-245
-233
-221
-199
-183
-161
-152
-138
-132
-127
-122
-121
-110
-109
-109
-112
-117
-113
-112
-112
-116
-120
-124
-130
-133
-137
-146
-151
-159
-158
-156
-163
-158
-145
-129
-127
-116
-90
-70
-48
-31
-11
10
35
58
75
97
112
128
144
155
166
170
168
169
167
159
142
123
109
95
76
59
44
36
31
24
24
26
32
44
55
65
81
88
90
92
86
84
79
77
69
63
58
60
59
61
64
64
62
56
51
50
45
41
35
26
16
11
3
-5
-9
-10
-7
-2
5
17
39
57
68
86
93
101
98
97
99
90
80
70
60
43
26
4
-19
-40
-62
-80
-101
-121
-140
-157
-182
-203
-211
-224
-235
-245
-247
-240
-233
-219
-198
-177
-151
-130
-114
-95
-87
-71
-55
-43
-27
-18
-8
1
5
9
8
3
-2
2
1
-8
-14
-16
-31
-39
-47
-57
-63
-71
-68
-67
-66
-60
-44
-36
-22
-7
4
19
30
45
67
87
103
123
133
136
142
140
136
134
125
126
127
121
121
111
100
85
73
60
49
37
31
29
25
24
31
36
47
54
60
72
79
84
87
93
100
100
100
92
82
80
73
63
55
44
35
33
29
26
22
15
5
-2
-8
-14
-22
-32
-32
-35
-42
-45
-36
-35
-26
-7
2
17
25
39
51
49
55
56
51
42
33
16
4
-13
-28
-39
-50
-55
-62
-72
-90
-108
-130
-151
-172
-193
-205
-218
-229
-235
-236
-233
-226
-210
-188
-161
-131
-112
-95
-78
-61
-43
-34
-26
-17
-6
-2
2
6
10
20
27
33
42
41
40
42
38
32
29
23
10
5
-6
-14
-20
-24
-18
-9
-4
7
25
40
52
61
71
81
98
104
106
110
108
108
107
103
99
102
101
98
90
79
75
70
65
63
56
47
38
30
22
11
2
4
14
16
26
38
44
51
54
59
60
59
59
56
52
45
35
27
20
16
10
-1
-8
-15
-24
-26
-34
-40
-39
-45
-53
-62
-66
-72
-74
-72
-65
-52
-42
-29
-19
-8
5
16
26
37
42
44
46
43
39
37
26
21
14
1
-6
-11
-21
-28
-37
-44
-48
-57
-66
-78
-85
-91
-93
-95
-95
-83
-75
-60
-43
-25
0
15
31
49
63
72
