-2
-3
1
4
-2
0
3
8
18
18
15
12
2
-5
-9
-11
-13
-12
-14
-13
-8
-11
-13
-11
-15
-18
-24
-31
-34
-43
-50
-56
-64
-72
-78
-71
-67
-58
-57
-61
-53
-48
-43
-31
-33
-33
-36
-41
-46
-55
-60
-56
-55
-54
-57
-52
-42
-23
-6
4
13
21
38
53
65
70
67
64
57
49
30
23
25
32
43
46
47
53
51
55
60
58
59
50
43
32
28
31
34
49
49
51
53
48
54
52
48
55
51
32
30
28
23
32
30
29
34
40
47
62
68
90
154
174
173
188
156
212
292
296
307
210
110
72
24
45
85
101
184
235
207
103
-6
-48
-29
32
18
-82
-219
-390
-422
-454
-442
-353
-338
-298
-355
-470
-511
-529
-499
-480
-473
-469
-495
-458
-424
-375
-373
-358
-315
-234
-161
-139
-58
19
97
182
234
279
347
411
507
568
582
589
577
575
582
613
595
554
521
470
452
403
359
321
261
237
165
72
-7
-60
-101
-124
-141
-171
-184
-187
-168
-128
-122
-79
-56
-22
26
25
49
59
91
104
110
133
147
122
100
64
13
-26
-81
-125
-163
-237
-296
-351
-424
-495
-578
-629
-694
-751
-813
-823
-793
-773
-765
-750
-684
-611
-565
-532
-488
-434
-369
-301
-220
-133
-69
16
133
275
397
475
545
581
637
635
677
667
652
601
526
487
455
427
368
305
238
156
83
26
-49
-138
-225
-280
-347
-369
-365
-334
-320
-306
-277
-245
-193
-166
-102
-23
148
310
477
623
743
926
995
1120
1208
1238
1329
1237
1271
1245
1186
1184
1052
1022
902
813
706
566
388
205
29
-121
-270
-417
-555
-667
-745
-819
-887
-959
-1015
-1041
-1081
-1050
-1021
-954
-851
-781
-694
-612
-520
-407
-349
-326
-365
-362
-477
-547
-788
-922
-1124
-1336
-1453
-1692
-1114
-870
-500
-669
-401
85
-190
46
281
565
465
72
440
507
787
1063
1212
1633
1672
1870
1839
1910
1882
1486
968
683
500
281
-50
-246
-364
-565
-800
-922
-1105
-1212
-1541
-1741
-1853
-1880
-1729
-1605
-1423
-1308
-888
-507
-232
-171
57
269
339
444
486
730
961
1048
1173
1317
1675
1672
1585
1540
1425
1302
980
832
668
482
331
132
107
82
63
21
-119
-156
-262
-284
-325
-390
-411
-464
-429
-374
-211
-77
7
54
104
184
244
253
204
184
168
179
193
225
275
275
243
188
155
96
-23
-167
-334
-450
-570
-636
-709
-765
-863
-931
-1031
-1110
-1315
-1475
-1768
-1958
-2175
-2343
-1829
-1525
-1099
-1235
-665
-37
-14
310
717
1291
1056
609
998
1260
1350
1275
1661
2259
2132
2212
2485
2772
2457
1883
1487
1125
585
96
-381
-745
-1071
-1302
-1481
-1607
-1675
-1654
-1943
-2179
-2218
-2150
-2193
-2316
-2155
-1904
-1520
-1234
-751
-356
69
367
637
969
1143
1352
1441
1453
1556
1711
2026
2051
2069
2114
2121
2018
1768
1635
1407
1078
689
442
310
108
-110
-245
-331
-404
-463
-447
-514
-625
-725
-779
-804
-766
-695
-629
-570
-427
-205
-22
128
260
361
394
436
504
519
484
479
544
551
523
524
491
391
229
122
-22
-199
-381
-565
-711
-941
-1132
-1303
-1532
-1719
-2015
-2180
-2453
-2497
-2082
-1867
-1634
-1704
-1047
-603
-629
-130
457
974
569
527
1115
1257
1150
1262
1716
1973
1816
2136
2507
2607
2433
2157
1788
1407
949
417
-329
-812
-1092
-1511
-1858
-1935
-1837
-1995
-2227
-2140
-1981
-2011
-2106
-2104
-2011
-1888
-1608
-1323
-1000
-711
-206
157
543
953
1288
1575
1687
1852
1936
2044
2183
2162
2131
2073
2084
2055
1945
1892
1667
1390
1112
883
593
303
109
-121
-355
-446
-398
-434
-542
-526
-552
-601
-595
-503
-450
-494
-422
-285
-162
-15
166
300
336
469
617
726
771
831
854
801
742
699
665
514
390
202
17
-170
-331
-495
-684
-868
-1030
-1221
-1386
-1503
-1659
-1823
-1998
-2169
-2328
-2595
-2718
-2915
-2948
-2513
-2272
-2002
-1951
-1173
-655
-626
17
710
1202
795
968
1533
1480
1283
1529
1919
1924
1816
2251
2502
2502
2489
2329
1910
1617
1320
733
-89
-444
-748
-1444
-1860
-1854
-1811
-2118
-2161
-1877
-1698
-1700
-1537
-1416
-1456
-1393
-1142
-983
-842
-617
-231
-20
405
935
1323
1666
1962
2270
2301
2388
2557
2454
2256
2096
2022
1861
1654
1576
1362
1139
1018
906
711
531
354
145
-150
-268
-414
-665
-840
-901
-908
-994
-910
-775
-721
-681
-532
-390
-325
-235
-134
-80
-50
33
99
129
202
278
345
399
510
553
525
482
417
288
112
-70
-282
-503
-653
-804
-913
-1004
-1035
-1102
-1165
-1216
-1279
-1405
-1579
-1788
-2008
-2313
-2467
-2188
-2025
-1836
-1824
-1185
-632
-488
126
817
1343
1149
1276
1790
1713
1507
1570
1746
1648
1473
1788
1960
1998
2057
2052
1811
1715
1545
1087
337
-75
-468
-1212
-1742
-1930
-2106
-2459
-2533
-2324
-2180
-2096
-1822
-1630
-1552
-1384
-1115
-972
-851
-710
-499
-389
-109
262
485
792
1155
1474
1650
1866
2202
2225
2143
2102
2056
1912
1682
1550
1324
1085
935
802
629
504
466
317
132
74
54
-95
-280
-311
-399
-530
-552
-503
-487
-517
-447
-354
-289
-169
-53
7
66
146
195
227
315
425
415
399
418
388
309
231
188
78
-54
-147
-243
-336
-455
-582
-708
-811
-914
-1030
-1140
-1228
-1357
-1494
-1633
-1703
-1828
-2032
-2170
-2383
-2218
-1956
-1776
-1682
-1426
-712
-486
-249
524
1033
1243
985
1553
1796
1590
1532
1689
1779
1582
1623
1826
1861
1883
1930
1660
1483
1402
1156
592
160
-60
-587
-1223
-1428
-1625
-1977
-2303
-2236
-2159
-2148
-1974
-1694
-1530
-1336
-968
-681
-473
-237
3
118
203
457
635
689
906
1092
1302
1433
1796
2005
2037
2118
2237
2275
2148
2046
1900
1648
1384
1139
859
585
372
127
-111
-268
-304
-341
-437
-425
-450
-387
-374
-361
-379
-420
-439
-507
-547
-527
-493
-451
-426
-337
-184
8
144
263
417
538
576
565
611
538
382
207
90
-70
-292
-453
-605
-742
-851
-901
-933
-1005
-1023
-1065
-1126
-1181
-1227
-1306
-1448
-1601
-1728
-1885
-2013
-2130
-2242
-1969
-1785
-1520
-1448
-950
-375
-259
203
759
1218
1206
1307
1794
1756
1582
1617
1674
1539
1363
1491
1485
1420
1434
1445
1240
1283
1196
900
428
233
-35
-684
-1090
-1332
-1692
-2141
-2259
-2205
-2249
-2175
-1888
-1640
-1398
-1039
-636
-393
-115
79
222
307
507
708
680
785
991
1178
1329
1506
1810
1911
2063
2220
2299
2336
2308
2225
1947
1692
1428
1105
698
394
92
-181
-391
-471
-497
-559
-511
-444
-387
-359
-296
-270
-343
-393
-496
-551
-643
-705
-768
-820
-782
-751
-656
-530
-349
-210
-49
108
227
252
263
253
213
129
-24
-180
-344
-437
-517
-604
-629
-618
-594
-585
-503
-429
-389
-416
-458
-547
-647
-822
-1014
-1210
-1409
-1497
-1726
-1684
-1497
-1404
-1264
-1105
-490
-235
-46
574
961
1252
1116
1538
1688
1501
1408
1421
1403
1203
1188
1196
1158
1121
1161
1003
961
1023
835
504
228
99
-341
-827
-1053
-1362
-1715
-2003
-1989
-2049
-2046
-1900
-1699
-1458
-1152
-733
-460
-152
178
367
534
700
909
918
875
1040
1125
1244
1315
1531
1702
1786
1928
2028
2095
2089
1987
1811
1575
1352
1066
713
398
90
-213
-463
-574
-668
-745
-788
-748
-660
-628
-488
-434
-383
-347
-393
-359
-473
-505
-622
-682
-681
-667
-609
-524
-371
-257
-88
92
306
444
557
614
603
567
475
318
135
-5
-177
-360
-505
-526
-575
-618
-621
-549
-496
-491
-494
-540
-600
-686
-810
-988
-1163
-1302
-1486
-1666
-1779
-1863
-1666
-1599
-1387
-1252
-821
-375
-264
250
696
1017
949
1050
1379
1215
1074
1002
980
801
643
704
633
674
675
693
633
819
797
597
419
354
166
-280
-462
-653
-939
-1224
-1283
-1265
-1259
-1131
-956
-750
-471
-118
178
411
755
935
1088
1212
1358
1384
1305
1369
1353
1270
1205
1205
1204
1104
1104
1111
1077
1065
1043
952
819
699
495
236
-48
-243
-497
-755
-958
-1069
-1139
-1180
-1148
-1075
-953
-837
-702
-585
-441
-274
-230
-225
-216
-210
-275
-340
-310
-293
-273
-248
-129
-24
77
215
316
420
506
557
573
556
502
380
223
110
4
-158
-340
-485
-563
-629
-646
-655
-640
-617
-589
-523
-536
-521
-569
-642
-763
-890
-996
-1146
-1238
-1374
-1243
-1134
-1004
-901
-656
-268
-205
63
439
697
740
752
1097
1022
944
901
928
795
641
695
593
578
563
597
464
551
606
496
378
405
407
122
1
-69
-254
-503
-599
-628
-767
-743
-694
-586
-429
-197
15
163
484
659
750
839
944
1000
887
830
782
670
596
513
504
437
440
460
447
457
451
458
414
388
337
229
117
20
-97
-239
-377
-463
-544
-608
-618
-585
-516
-444
-361
-247
-133
-13
36
106
160
183
166
119
97
45
-17
-57
-41
-18
-6
27
109
192
248
298
335
315
232
167
88
1
-118
-252
-354
-450
-519
-598
-634
-618
-596
-600
-591
-562
-537
-577
-586
-610
-653
-768
-885
-988
-1128
-1238
-1394
-1292
-1305
-1260
-1262
-1065
-788
-758
-409
-73
196
295
490
822
825
862
918
964
897
861
902
833
898
913
899
800
948
984
870
800
808
724
475
399
243
32
-183
-286
-452
-617
-625
-701
-731
-668
-511
-399
-299
-29
112
216
365
512
592
575
643
621
541
518
476
426
361
399
397
403
477
535
542
535
597
572
514
437
395
266
122
40
-60
-148
-236
-230
-289
-276
-244
-224
-188
-166
-98
-141
-107
-90
-98
-132
-187
-179
-254
-288
-326
-331
-362
-373
-361
-352
-311
-286
-267
-265
-189
-159
-142
-128
-122
-148
-216
-244
-295
-317
-363
-414
-434
-425
-414
-414
-410
-383
-379
-365
-387
-423
-479
-571
-639
-787
-856
-977
-1016
-988
-1039
-954
-920
-656
-560
-440
-72
158
416
458
834
998
1019
1101
1173
1221
1126
1184
1133
1105
1092
1106
1057
1050
1154
1070
964
890
887
723
504
395
197
-39
-246
-365
-552
-703
-803
-899
-904
-850
-753
-715
-574
-424
-375
-230
-92
57
98
151
255
265
299
264
274
259
258
268
275
331
367
405
427
498
539
520
485
462
420
325
228
146
78
-25
-117
-175
-189
-235
-304
-285
-251
-222
-244
-223
-188
-205
-215
-245
-271
-296
-311
-336
-359
-333
-322
-338
-337
-275
-217
-186
-124
-47
16
60
113
162
197
213
217
217
252
240
198
176
163
134
71
54
26
-42
-130
-195
-269
-370
-465
-564
-702
-839
-957
-1070
-1045
-1094
-1062
-1070
-903
-734
-699
-386
-190
22
69
318
573
609
720
827
901
893
958
981
941
953
953
885
785
843
728
544
473
418
296
82
23
-130
-331
-477
-552
-667
-777
-815
-883
-914
-865
-761
-725
-621
-446
-338
-214
-44
145
242
316
458
553
611
645
695
729
744
769
769
779
768
753
697
669
667
612
541
478
473
398
332
270
234
140
20
-45
-137
-186
-324
-388
-435
-460
-475
-517
-502
-502
-466
-460
-420
-375
-344
-326
-330
-294
-279
-292
-287
-258
-224
-220
-199
-149
-115
-74
-40
5
50
60
67
76
85
65
32
29
18
-20
-64
-85
-115
-152
-179
-224
-290
-353
-414
-498
-585
-644
-717
-792
-885
-835
-821
-815
-779
-693
-505
-501
-318
-57
123
251
377
663
725
798
896
990
973
950
985
921
904
838
820
694
706
674
544
465
415
380
195
122
51
-70
-207
-287
-384
-504
-553
-631
-678
-671
-598
-557
-509
-322
-206
-103
46
229
347
384
494
555
536
528
539
507
450
428
396
334
300
309
280
248
267
247
207
174
183
131
26
-49
-135
-224
-315
-361
-412
-456
-490
-471
-452
-430
-359
-334
-271
-229
-171
-140
-143
-105
-86
-75
-75
-39
-45
-48
-48
-32
-25
-37
2
9
54
107
165
228
274
310
315
298
310
321
271
230
213
176
133
103
87
35
2
-23
-74
-146
-215
-309
-423
-522
-622
-757
-884
-999
-1060
-1085
-1136
-1134
-1095
-956
-866
-753
-515
-337
-198
-116
111
264
315
404
500
552
546
596
598
602
590
587
548
546
589
532
452
421
386
276
172
98
-6
-152
-246
-346
-446
-511
-573
-601
-578
-497
-406
-315
-161
-16
73
211
345
465
521
579
648
641
657
652
635
594
561
537
485
473
470
450
410
400
379
360
324
272
233
152
87
18
-55
-136
-210
-238
-250
-244
-240
-221
-190
-162
-130
-110
-51
-30
-1
2
0
11
-28
-54
-82
-105
-130
-137
-121
-94
-72
-25
9
24
72
95
128
121
138
134
120
104
69
43
8
-5
-46
-80
-117
-141
-194
-227
-262
-348
-422
-503
-597
-714
-830
-943
-1082
-1213
-1285
-1365
-1333
-1300
-1254
-1196
-1047
-816
-737
-511
-247
-40
91
247
503
564
624
713
768
774
796
844
824
846
849
836
770
809
803
688
630
573
502
333
232
125
-34
-151
-242
-335
-399
-421
-463
-462
-394
-310
-249
-183
-24
73
161
288
374
437
448
511
528
521
519
480
441
407
390
332
293
264
241
165
108
88
20
-38
-111
-133
-169
-237
-262
-310
-289
-299
-290
-256
-233
-163
-141
-68
-16
31
63
83
122
111
115
83
103
99
80
87
83
104
83
94
97
103
108
110
118
134
141
131
122
112
118
88
75
80
81
55
49
52
29
6
-14
-45
-93
-137
-194
-275
-365
-450
-548
-656
-737
-820
-907
-947
-999
-968
-923
-875
-803
-733
-535
-469
-344
-119
20
149
196
415
494
510
581
636
656
630
697
685
696
672
676
600
576
575
444
357
298
248
100
-4
-57
-155
-257
-295
-340
-395
-400
-405
-406
-354
-280
-237
-222
-108
-32
-6
91
179
240
243
299
359
336
333
328
301
262
240
213
151
106
85
41
-15
-20
-35
-57
-79
-68
-60
-78
-55
-19
25
46
115
148
173
207
225
248
247
272
256
234
219
219
200
164
155
140
120
102
100
60
18
-16
-41
-75
-113
-116
-150
-157
-162
-174
-189
-185
-135
-122
-95
-46
8
31
44
90
104
107
93
50
-3
-73
-127
-200
-293
-361
-455
-537
-605
-658
-734
-812
-878
-906
-855
-877
-848
-840
-711
-645
-633
-415
-302
-153
-109
79
244
269
394
475
559
567
655
679
689
713
698
658
616
667
576
497
465
418
326
197
174
87
-9
-71
-130
-197
-242
-276
-336
-355
-333
-308
-316
-258
-177
-176
-116
-27
48
77
112
200
194
192
206
215
196
168
156
114
87
77
60
18
8
25
39
43
62
103
112
121
156
177
200
226
248
263
251
248
213
189
163
123
87
53
29
-7
-56
-99
-112
-140
-157
-174
-177
-189
-221
-220
-228
-227
-231
-239
-222
-187
-149
-127
-81
-13
40
86
155
223
257
278
309
328
316
292
250
173
110
41
-65
-170
-275
-364
-493
-594
-667
-782
-880
-950
-992
-988
-1004
-991
-971
-876
-731
-703
-535
-341
-207
-113
22
258
305
385
515
598
633
674
755
730
738
753
733
662
688
685
547
485
459
378
213
144
85
-50
-159
-215
-297
-381
-418
-465
-510
-498
-429
-424
-387
-274
-199
-130
-33
73
136
156
245
291
297
318
330
328
310
326
330
297
300
307
267
245
255
252
227
222
247
239
218
246
256
252
265
264
258
252
243
221
180
156
117
72
34
5
-46
-93
-118
-138
-162
-177
-161
-185
-170
-167
-142
-118
-119
-85
-81
-61
-34
1
20
32
69
100
124
147
188
196
184
188
186
170
128
89
32
-57
-136
-228
-330
-436
-547
-662
-773
-864
-955
-1056
-1123
-1171
-1210
-1172
-1156
-1102
-1057
-933
-783
-764
-562
-389
-237
-154
12
254
296
407
529
620
642
718
773
742
769
784
745
679
721
681
553
507
489
410
274
245
175
37
-61
-115
-203
-307
-331
-371
-407
-373
-304
-276
-241
-128
-62
5
120
233
307
350
459
495
503
530
531
514
470
477
435
391
379
369
337
315
334
299
274
269
257
229
185
199
181
150
132
105
80
43
29
-24
-57
-80
-86
-107
-134
-132
-153
-181
-201
-184
-194
-184
-156
-142
-125
-107
-77
-71
-52
-32
-15
11
47
77
84
110
134
147
156
181
207
203
189
186
162
131
86
15
-63
-139
-208
-294
-383
-463
-545
-639
-714
-771
-845
-921
-976
-1030
-1053
-1090
-1078
-1041
-1027
-966
-925
-785
-694
-616
-433
-275
-98
-21
179
350
432
541
627
706
714
792
795
790
796
805
759
695
715
662
586
520
486
403
309
260
164
60
-19
-82
-188
-265
-292
-342
-368
-336
-260
-228
-144
-22
51
123
207
304
343
371
442
454
456
438
411
380
330
318
265
217
186
170
138
117
132
124
107
97
103
97
82
45
20
-6
-26
-39
-64
-77
-101
-109
-138
-137
-133
-143
-134
-130
-96
-95
-85
-71
-66
-64
-67
-62
-65
-76
-61
-51
-41
-29
-11
6
26
59
89
96
104
122
134
144
153
136
103
83
62
3
-47
-102
-169
-231
-290
-330
-396
-451
-493
-536
-597
-633
-673
-742
-791
-836
-853
-896
-925
-924
-897
-862
-803
-738
-631
-510
-410
-252
-119
42
149
301
435
520
622
681
735
734
775
772
775
754
737
714
673
687
630
586
540
502
435
347
290
190
94
-2
-57
-117
-176
-209
-241
-245
-229
-187
-152
-85
-14
55
132
187
235
256
266
277
262
246
226
194
160
139
129
121
120
128
135
142
150
160
175
185
198
215
221
203
192
176
162
138
94
53
18
-18
-40
-72
-97
-113
-135
-139
-127
-122
-121
-127
-131
-133
-143
-136
-145
-153
-154
-155
-150
-149
-127
-107
-101
-76
-49
-16
5
19
54
61
68
70
59
27
-1
-26
-71
-109
-144
-184
-242
-280
-320
-378
-421
-468
-514
-568
-608
-640
-695
-718
-749
-772
-793
-808
-798
-796
-746
-695
-637
-563
-444
-333
-226
-73
69
197
294
435
549
625
731
808
860
874
919
932
917
914
901
865
821
802
739
666
608
557
471
383
325
237
137
64
10
-59
-114
-139
-167
-198
-192
-160
-148
-127
-79
-44
-27
9
54
64
72
98
110
106
112
130
128
132
160
170
166
181
213
217
230
237
242
236
237
248
224
221
200
172
129
86
48
-13
-68
-114
-143
-179
-199
-213
-224
-228
-221
-205
-212
-195
-192
-200
-203
-205
-212
-232
-226
-230
-234
-220
-183
-163
-139
-97
-55
-22
12
55
77
92
99
95
79
70
41
-8
-61
-102
-159
-215
-252
-299
-350
-399
-431
-477
-521
-559
-593
-633
-661
-672
-691
-703
-711
-717
-732
-723
-678
-647
-597
-505
-396
-303
-183
-34
98
221
342
480
577
667
747
783
808
827
831
806
793
768
725
671
646
624
568
530
503
458
387
334
274
194
107
32
-48
-137
-191
-239
-296
-319
-305
-299
-279
-236
-181
-147
-106
-53
-16
16
42
70
82
91
102
102
96
110
119
125
152
188
209
222
271
289
296
301
323
308
265
239
182
116
41
-23
-98
-163
-214
-265
-296
-317
-316
-334
-325
-309
-308
-303
-306
-291
-300
-300
-306
-313
-323
-332
-321
-304
-270
-231
-177
-113
-53
7
53
101
142
162
174
169
149
117
78
30
-23
-85
-144
-203
-265
-301
-340
-380
-404
-413
-421
-446
-452
-459
-477
-499
-520
-546
-565
-569
-558
-546
-515
-465
-419
-350
-286
-176
-69
63
209
337
444
529
628
681
725
753
774
774
770
769
739
722
696
680
633
617
602
566
534
497
469
386
316
246
163
79
9
-64
-140
-199
-249
-292
-320
-306
-287
-268
-224
-177
-138
-92
-36
7
26
41
60
68
94
107
116
123
139
161
169
215
244
282
301
325
346
342
332
304
277
225
178
116
53
-4
-70
-136
-197
-232
-271
-302
-315
-319
-328
-329
-313
-312
-301
-283
-274
-281
-281
-287
-293
-274
-257
-244
-207
-177
-141
-108
-60
-2
44
93
129
149
154
156
132
111
76
32
-14
-71
-111
-149
-190
-235
-267
-301
-323
-336
-342
-345
-354
-350
-360
-373
-386
-390
-400
-393
-386
-377
-351
-326
-289
-252
-186
-126
-60
9
93
179
272
365
434
501
545
592
609
622
641
628
610
574
555
536
514
499
477
448
418
395
359
325
285
243
184
127
61
-14
-80
-136
-191
-252
-289
-310
-320
-322
-304
-279
-255
-219
-195
-159
-119
-80
-35
-5
33
66
83
104
132
158
173
181
199
210
217
230
241
245
246
239
221
195
172
134
84
48
5
-49
-105
-143
-189
-230
-256
-268
-267
-256
-232
-210
-173
-143
-112
-85
-57
-29
-23
-16
-11
-6
-9
-13
-14
0
10
18
34
43
54
49
42
38
22
-2
-42
-76
-116
-162
-210
-243
-265
-282
-288
-291
-281
-270
-256
-244
-231
-214
-192
-176
-170
-161
-171
-173
-167
-175
-178
-182
-179
-168
-151
-126
-95
-62
-2
44
86
134
178
223
259
295
312
327
347
353
351
357
358
362
368
366
365
359
358
360
355
334
304
273
237
189
142
102
40
-16
-71
-123
-178
-218
-244
-274
-284
-289
-285
-282
-257
-237
-217
-203
-190
-166
-150
-131
-124
-105
-81
-58
-40
-26
-3
24
61
89
116
139
162
181
185
184
172
155
136
114
85
60
32
2
-23
-56
-81
-106
-118
-123
-131
-139
-136
-128
-117
-109
-114
-120
-131
-148
-164
-174
-174
-178
-169
-160
-152
-139
-121
-100
-88
-77
-79
-70
-57
-56
-59
-60
-67
-83
-86
-95
-103
-99
-94
-89
-78
-59
-46
-37
-31
-19
-4
11
22
33
43
57
61
58
62
55
51
49
42
44
54
71
94
130
166
197
223
244
253
266
270
266
267
257
246
237
229
217
197
190
177
169
171
164
161
169
176
167
157
146
125
104
82
67
46
26
4
-8
-14
-18
-27
-41
-43
-40
-31
-30
-21
-11
-13
-14
-13
-24
-41
-49
-56
-63
-62
-55
-52
-44
-29
-15
2
14
30
34
30
38
39
24
7
-8
-21
-31
-38
-56
-78
-90
-102
-116
-129
-140
-150
-164
-177
-183
-195
-209
-221
-232
-246
-253
-261
-268
-268
-269
-262
-250
-242
-229
-217
-203
-199
-186
-179
-173
-158
-145
-125
-112
-91
-78
-61
-40
-30
-23
-17
-10
-8
5
21
41
56
70
83
97
105
111
122
125
134
135
136
138
141
143
147
164
175
186
201
226
242
241
248
246
244
241
236
237
238
247
242
241
243
243
237
232
238
230
216
209
205
189
178
163
146
123
99
76
45
23
-4
-31
-55
-69
-87
-107
-120
-122
-128
-146
-153
-165
-163
-164
-171
-171
-174
-166
-163
-154
-136
-122
-109
-107
-87
-74
-62
-50
-42
-40
-41
-44
-53
-55
-65
-70
-74
-86
-108
-134
-156
-171
-177
-192
-198
-198
-199
-201
-202
-200
-198
-197
-210
-216
-211
-205
-197
-181
-163
-155
-141
-126
-110
-96
-91
-82
-75
-64
-52
-32
-10
11
34
48
62
77
90
97
100
107
107
110
113
114
126
129
138
155
169
187
206
218
227
235
242
241
239
236
234
239
228
223
214
207
207
198
199
199
192
181
174
173
166
160
148
138
125
114
103
86
69
55
45
31
15
0
-10
-17
-16
-18
-10
-7
-9
-12
-23
-36
-54
-62
-72
-81
-84
-92
-98
-102
-106
-107
-104
-108
-110
-111
-114
-115
-109
-104
-100
-100
-94
-93
-91
-86
-91
-89
-85
-82
-82
-84
-85
-88
-85
-90
-97
-101
-100
-107
-107
-109
-118
-122
-125
-129
-129
-120
-113
-104
-97
-85
-77
-63
-57
-53
-49
-48
-48
-59
-67
-71
-67
-67
-54
-42
-32
-24
-17
-13
-13
-14
-12
-9
-5
-2
0
4
7
15
20
21
20
16
16
16
21
33
39
49
67
74
87
98
118
137
144
147
149
149
143
144
143
146
145
146
159
168
182
192
197
201
201
194
183
178
172
167
169
163
158
156
134
118
103
89
74
55
36
27
21
15
12
9
7
-5
-14
-27
-31
-35
-40
-37
-35
-34
-24
-22
-19
-18
-23
-23
-26
-33
-40
-49
-64
-72
-80
-79
-76
-78
-73
-78
-80
-82
-87
-100
-108
-123
-135
-144
-166
-180
-185
-189
-192
-183
-175
-173
-168
-165
-162
-158
-152
-149
-150
-148
-148
-143
-140
-133
-118
-109
-103
-92
-85
-82
-73
-66
-52
-38
-26
-14
1
23
39
56
72
85
101
112
120
127
128
132
136
138
134
127
114
106
104
97
92
86
82
79
75
68
63
58
62
60
60
65
71
78
79
84
92
101
109
108
112
114
117
123
133
144
146
149
149
143
134
118
105
87
67
49
23
-1
-19
-37
-51
-64
-73
-79
-89
-94
-101
-103
-106
-108
-111
-112
-109
-103
-91
-80
-66
-49
-37
-25
-13
-5
3
11
18
30
34
38
44
47
46
45
43
33
26
24
17
8
6
4
3
3
-5
-13
-27
-39
-53
-70
-81
-89
-99
-109
-115
-125
-137
-143
-148
-145
-148
-153
-157
-162
-161
-158
-156
-153
-147
-144
-139
-126
-116
-100
-83
-65
-46
-26
-13
3
20
35
54
71
91
108
121
131
144
153
153
151
144
130
116
110
100
92
85
81
78
75
71
64
63
61
64
65
59
57
58
52
48
57
62
72
83
93
106
120
128
134
147
155
158
157
145
136
123
101
79
57
39
18
-3
-26
-45
-61
-76
-91
-108
-125
-142
-152
-163
-174
-185
-195
-203
-205
-207
-207
-205
-196
-182
-164
-143
-119
-89
-59
-33
-8
17
30
46
55
59
62
57
60
59
60
68
71
74
72
66
66
58
49
44
32
22
5
-19
-42
-60
-83
-98
-109
-120
-126
-126
-125
-122
-108
-98
-92
-88
-80
-76
-74
-73
-68
-63
-63
-53
-43
-31
-11
12
37
57
78
96
106
113
124
126
126
122
120
118
112
114
118
127
132
141
146
145
149
150
148
144
142
134
124
112
97
91
80
71
62
54
48
47
44
44
47
48
45
44
44
41
38
30
22
15
