-1
-31
-5
-2
-12
59
6
1
-7
16
-17
-15
32
-15
-6
11
-11
-19
-30
4
-10
8
-8
-1
-10
-10
6
9
17
12
35
-32
24
1
33
-3
14
27
-15
17
-22
34
-36
8
17
-24
8
2
34
-9
4
8
-1
22
28
4
-26
9
-33
1
1
-5
3
-31
35
-9
42
-4
39
13
5
37
-34
37
-90
3
-52
-48
19
-44
-16
-48
5
-28
13
2
-4
-4
-1
11
-26
18
-21
-21
-5
-4
-2
-37
-15
-21
-23
-12
-5
-9
-11
-8
-40
-23
11
13
4
-14
-18
-46
9
56
56
44
-18
-22
-25
-33
22
30
-1
-61
-73
-74
-52
35
2
52
96
-46
-20
23
8
-15
51
-1
-77
-57
-65
-30
4
71
-54
15
-13
15
19
58
37
-38
-19
-61
6
-26
51
-18
-5
-44
-37
41
2
98
13
41
-31
21
6
36
-8
6
35
-66
3
-76
26
-43
21
-11
8
-37
-21
-32
-36
8
-44
6
-51
-11
7
-35
64
53
4
40
-36
59
18
33
-47
-27
-103
-68
-33
-20
10
-91
5
-59
28
24
21
1
0
-11
27
35
8
64
-42
5
-9
19
48
33
31
-16
19
-34
28
-3
-15
-17
0
14
-53
41
-25
15
49
53
77
57
77
24
23
-6
47
40
22
8
-13
15
-29
52
10
78
48
48
12
11
53
-67
30
25
28
-18
13
-9
2
-4
68
21
35
36
39
26
-14
50
15
7
-31
-14
-23
-23
23
-28
-86
-29
-85
-33
-24
2
-57
10
-29
-95
3
-27
34
7
77
-5
63
52
66
100
49
48
6
61
-27
11
0
-50
-26
-9
20
47
26
67
57
25
36
68
81
53
76
42
43
21
70
-7
62
0
8
60
-7
31
-16
53
-61
32
-20
36
22
22
57
-38
47
-86
41
9
17
-8
-41
-20
-86
-33
-60
10
-52
-19
-62
-21
-79
-22
-28
-8
35
-38
65
-96
12
-49
31
-28
-42
26
-59
21
-40
1
-66
14
-29
10
-26
9
0
-62
-46
-85
-35
-62
41
13
-25
-18
-12
-7
4
46
17
17
56
50
36
68
20
-24
9
-11
-23
4
6
3
-79
-39
-88
2
-27
19
29
-1
79
-48
55
29
36
17
76
54
20
41
-11
16
8
36
26
15
35
4
-45
95
-93
37
-47
22
-24
6
34
-32
21
-48
135
-101
106
36
-17
44
-36
44
-65
53
20
-34
-12
-66
-48
-71
1
-87
-25
-84
-28
11
-108
1
-104
-55
-80
-30
-20
9
-21
-25
-20
-29
16
-30
99
22
-15
107
-8
77
73
49
78
62
62
25
68
9
58
-11
38
9
10
-14
8
-48
9
1
-44
20
-109
41
-157
-41
-119
-66
-60
-101
-36
-106
-31
-69
-12
-38
32
-25
43
27
19
10
52
71
4
59
13
14
-59
42
-58
39
-3
-65
-57
-105
-42
-177
-8
-99
-22
-49
10
-21
-23
66
-49
131
-74
130
-44
133
49
-5
124
32
104
-11
125
38
23
99
98
32
66
3
70
36
83
45
13
45
-7
95
15
108
5
9
55
-56
82
-99
95
-18
-4
-9
-40
-19
-56
-43
-81
3
-56
85
22
-34
-20
21
9
4
14
87
12
-45
114
-75
11
-27
14
48
-175
-15
-54
-118
-69
-27
-39
-52
-43
-8
-23
-90
2
-59
-74
1
-23
-39
-20
-12
51
-94
38
-41
-47
-28
45
-23
-27
63
-107
84
-116
79
-20
-10
48
-43
6
25
-81
-76
-43
-59
77
-110
79
-117
-35
-105
23
-92
-28
-28
-131
-58
-115
72
-111
91
40
-11
82
2
7
5
63
45
18
61
-11
73
-8
76
-22
42
-34
-63
-7
-84
18
-47
62
-126
41
-171
38
-69
-57
-44
-101
40
-161
58
-104
66
-20
22
-18
-1
-43
-2
90
-5
104
-87
163
-6
58
50
109
2
-10
44
-9
-6
-86
105
-149
-59
-17
48
-8
-39
119
-90
-47
-8
27
-47
27
33
-66
54
-36
24
115
58
177
-160
148
-12
-7
115
7
150
-117
108
27
61
1
59
64
4
86
25
27
7
33
55
-62
23
62
-5
71
25
45
-9
18
19
-77
-21
17
64
-39
15
-23
40
94
127
63
58
89
-38
7
93
48
13
90
-38
-41
-133
35
-60
-42
-12
-142
-42
-105
12
-30
-51
-39
-25
-6
9
51
-21
9
-98
-45
-56
-14
-43
-15
-11
-165
-49
-72
26
-118
-2
-66
-13
26
-19
109
-62
78
-44
105
-16
43
21
-66
18
-70
-4
11
-26
67
-98
-73
-103
-86
-61
-134
39
-125
-23
-48
-9
-29
16
93
-2
89
28
28
52
88
102
20
100
18
51
102
-35
-11
-71
17
-56
49
35
-22
-9
-86
16
-31
29
55
88
50
-29
2
-30
15
80
-3
4
-6
-38
-37
-19
-12
-91
-8
-12
-20
14
17
7
-34
-11
3
13
32
78
43
19
13
98
13
112
13
-34
8
-116
25
-123
19
-101
-67
-20
-98
8
-28
-23
-3
-44
-41
-56
-56
-29
-20
75
39
91
76
-4
38
-20
38
5
25
48
-26
8
14
-10
-14
20
24
-12
23
-40
-33
50
21
-30
49
11
49
46
30
41
-166
50
-150
-5
33
-22
107
-73
46
43
-16
90
29
-43
117
-88
97
3
83
23
91
120
3
152
-31
80
-44
26
-80
-42
-60
-187
-78
-102
-80
-45
-90
-189
-55
-88
25
-6
-21
-1
-57
-37
-4
25
-4
-20
-27
43
7
107
85
127
34
36
93
23
-63
-37
14
-95
104
-30
72
1
71
-47
61
111
-51
66
-87
21
-92
53
0
-39
132
-4
107
-12
11
29
-92
2
-64
22
-39
-16
-46
5
19
23
72
-61
-8
-107
37
-28
30
-42
-44
-65
-63
1
-18
10
-101
-49
-138
-110
-84
-92
-84
-110
-86
-133
-59
-19
-31
27
-3
11
-38
43
46
-8
85
-4
73
37
-2
41
-36
51
9
79
43
46
52
0
46
-19
53
40
88
52
97
106
64
149
57
102
57
104
80
84
110
8
42
9
7
-44
-3
-9
35
37
16
23
17
63
76
118
68
118
-13
95
-51
-56
-13
13
43
-3
62
-41
35
7
-4
-73
-88
-173
-166
-191
-212
-155
-155
-98
-4
4
-39
77
13
46
8
32
30
-27
-7
-133
-102
-163
-138
-105
-130
-112
-83
-13
-28
6
12
7
45
54
57
66
25
30
3
35
43
52
100
72
124
92
132
112
77
123
133
171
171
219
200
169
147
141
171
179
150
150
122
107
153
168
187
169
156
147
137
163
124
110
74
29
-1
-29
-27
-39
-90
-71
-112
-98
-134
-200
-158
-176
-193
-240
-258
-281
-335
-402
-416
-494
-584
-631
-700
-697
-753
-745
-730
-686
-662
-616
-526
-465
-332
-185
-36
144
330
526
635
803
909
945
972
993
951
773
679
590
458
361
344
237
186
137
114
40
19
21
-100
-157
-214
-242
-345
-334
-342
-364
-316
-237
-138
-17
170
342
524
715
884
940
1023
1068
1041
959
894
802
647
503
400
255
133
97
21
-38
-88
-87
-175
-235
-281
-393
-500
-570
-604
-668
-704
-665
-669
-642
-538
-491
-415
-350
-270
-285
-282
-260
-365
-422
-540
-641
-811
-1004
-1151
-1332
-1513
-1663
-1736
-1696
-1563
-1344
-1178
-848
-412
-84
416
966
1352
1524
1791
1952
1812
1738
1649
1350
1047
855
640
400
316
264
122
126
240
202
44
69
-84
-382
-577
-704
-991
-1270
-1329
-1468
-1501
-1305
-1063
-858
-461
63
474
867
1371
1696
1883
1973
2040
1912
1678
1457
1131
799
490
254
-26
-202
-297
-350
-391
-316
-264
-270
-272
-243
-284
-310
-308
-364
-350
-375
-276
-230
-50
96
274
451
611
848
918
1009
1050
992
822
702
511
259
-29
-271
-511
-695
-813
-916
-944
-981
-930
-897
-788
-684
-604
-602
-600
-599
-653
-672
-742
-814
-904
-985
-1066
-1151
-1244
-1347
-1522
-1597
-1574
-1336
-1174
-1017
-672
-268
129
562
1320
1711
1916
2105
2364
2298
2091
2014
1643
1220
820
640
324
215
137
-40
-131
5
62
-146
-191
-292
-614
-1023
-1142
-1443
-1848
-2071
-2179
-2243
-2136
-1789
-1533
-1079
-435
232
795
1412
2033
2335
2523
2728
2806
2534
2234
1926
1457
981
635
330
-39
-223
-352
-418
-390
-214
-236
-262
-231
-183
-270
-336
-303
-464
-466
-530
-311
-248
-17
241
507
844
1104
1419
1456
1643
1600
1470
1261
1069
673
215
-173
-531
-866
-1142
-1268
-1401
-1387
-1354
-1195
-1088
-902
-762
-713
-655
-591
-593
-707
-779
-888
-996
-1095
-1137
-1181
-1218
-1267
-1329
-1437
-1456
-1390
-1148
-1000
-827
-506
-166
196
606
1316
1623
1815
2037
2243
2113
1909
1894
1505
1117
837
701
325
262
213
-15
-121
-1
-66
-346
-309
-470
-889
-1245
-1329
-1702
-2098
-2244
-2329
-2421
-2230
-1852
-1589
-1093
-384
303
882
1628
2266
2577
2834
3085
3053
2767
2486
2124
1607
1134
766
367
-3
-174
-314
-423
-396
-322
-357
-419
-388
-442
-635
-730
-794
-854
-887
-824
-625
-415
-29
250
838
1279
1644
1937
2126
2283
2149
2034
1656
1342
787
231
-235
-622
-976
-1245
-1360
-1417
-1337
-1240
-1053
-848
-646
-609
-529
-542
-555
-656
-772
-852
-935
-984
-1027
-907
-827
-730
-619
-500
-463
-493
-663
-982
-1235
-1486
-1607
-1770
-1821
-1694
-1525
-1099
-600
268
827
1318
1825
2257
2493
2402
2467
2091
1691
1210
870
527
188
-17
-305
-330
-253
-211
-259
-198
-250
-516
-796
-951
-1324
-1754
-2107
-2328
-2446
-2442
-2170
-1859
-1245
-515
317
1165
2035
2832
3284
3678
3924
3945
3600
3097
2600
1888
1212
620
118
-345
-644
-779
-853
-723
-632
-578
-554
-500
-550
-705
-853
-1028
-1317
-1433
-1408
-1299
-1022
-599
74
554
1508
2168
2713
3179
3467
3517
3130
2908
2137
1403
468
-256
-952
-1598
-1952
-2230
-2222
-2115
-1790
-1490
-1126
-701
-462
-376
-232
-326
-563
-856
-1060
-1371
-1575
-1647
-1675
-1548
-1331
-1009
-727
-420
-200
-139
-248
-462
-876
-1260
-1657
-1796
-2253
-2347
-2207
-1862
-1337
-599
549
1059
1958
2583
3240
3317
3452
3407
2804
2384
1810
1370
642
388
2
-310
-373
-279
-381
-455
-379
-520
-831
-1006
-1201
-1753
-2131
-2446
-2619
-2782
-2571
-2335
-1933
-1210
-336
566
1429
2378
3058
3540
3916
4088
3908
3473
2944
2310
1542
933
340
-236
-712
-927
-1052
-1068
-915
-841
-825
-828
-773
-900
-995
-1177
-1363
-1603
-1567
-1459
-1222
-771
-228
524
1198
2164
2741
3433
3753
3882
3766
3358
2869
1953
1169
158
-649
-1463
-2006
-2303
-2461
-2368
-2116
-1701
-1249
-820
-424
-180
-56
-69
-304
-536
-866
-1175
-1465
-1625
-1659
-1586
-1343
-1009
-576
-159
136
429
473
403
43
-449
-1173
-1960
-2553
-3002
-3215
-3518
-3285
-2881
-2155
-1300
63
1231
2005
2919
3626
4057
3895
3904
3383
2684
1932
1320
668
73
-265
-611
-696
-596
-434
-482
-381
-347
-516
-902
-1083
-1493
-2041
-2465
-2713
-2812
-2820
-2491
-2095
-1369
-472
556
1517
2484
3344
3922
4301
4501
4446
4033
3429
2742
2027
1189
525
-87
-516
-869
-1031
-1048
-1008
-897
-905
-847
-842
-865
-1023
-1177
-1317
-1447
-1510
-1350
-1085
-659
-166
524
1222
1996
2744
3195
3643
3739
3678
3222
2713
1965
1039
100
-800
-1484
-2096
-2455
-2625
-2565
-2366
-2038
-1632
-1209
-847
-587
-511
-446
-523
-724
-957
-1146
-1309
-1404
-1305
-1148
-882
-581
-209
155
481
694
707
590
283
-172
-768
-1464
-2234
-3057
-3717
-3958
-3794
-3641
-3332
-2572
-1483
-591
648
2206
3191
3622
4227
4779
4427
4034
3721
2988
1944
1332
908
297
-16
-121
-323
-290
7
46
-198
-204
-266
-885
-1306
-1579
-2057
-2739
-2968
-2971
-2990
-2592
-2065
-1427
-585
527
1506
2376
3296
3930
4218
4357
4348
4006
3298
2578
1828
1002
247
-373
-845
-1263
-1431
-1476
-1401
-1208
-1065
-957
-865
-742
-784
-853
-877
-959
-1075
-1058
-836
-549
-180
253
871
1476
2132
2677
3142
3449
3469
3330
2971
2508
1799
982
117
-640
-1312
-1896
-2295
-2473
-2525
-2425
-2132
-1736
-1325
-971
-635
-407
-258
-246
-303
-415
-587
-753
-918
-986
-995
-949
-864
-655
-411
-251
-125
-26
-40
-205
-489
-861
-1334
-1923
-2576
-3193
-3595
-3678
-3470
-3284
-2858
-2051
-1028
-150
1158
2553
3266
3770
4360
4806
4354
4054
3573
2754
1875
1144
669
-9
-359
-706
-852
-826
-711
-672
-821
-789
-847
-1228
-1539
-1720
-2044
-2535
-2689
-2595
-2541
-2150
-1687
-1006
-190
833
1807
2635
3521
4085
4461
4569
4521
4175
3463
2723
1949
1168
361
-271
-743
-1132
-1295
-1329
-1177
-932
-776
-593
-455
-289
-329
-421
-509
-635
-795
-894
-850
-595
-186
172
733
1370
2235
2575
3187
3577
3561
3303
2867
2452
1437
634
-418
-1229
-2010
-2644
-2959
-3134
-3036
-2849
-2438
-1932
-1434
-963
-683
-384
-188
-286
-405
-616
-844
-1144
-1268
-1305
-1277
-1129
-952
-620
-253
104
333
473
539
320
48
-364
-932
-1512
-2291
-2866
-3506
-3639
-3384
-3224
-2806
-2188
-721
-67
1171
2728
3623
3967
4343
5246
4541
4072
3577
2849
1725
911
462
-307
-685
-889
-1118
-1007
-694
-670
-777
-739
-548
-1179
-1459
-1743
-2124
-2731
-3069
-2953
-2985
-2544
-2114
-1373
-408
714
1785
2750
3718
4318
4637
4790
4636
4268
3490
2679
1888
1063
270
-418
-768
-1077
-1162
-1077
-885
-594
-455
-244
-69
17
-120
-393
-569
-874
-1110
-1277
-1303
-1226
-887
-451
128
834
1660
2245
2714
3329
3442
3300
2886
2485
1642
641
-247
-1161
-1955
-2703
-3063
-3239
-3217
-2999
-2604
-2049
-1486
-963
-524
-211
31
9
-122
-273
-494
-789
-1051
-1152
-1197
-1128
-951
-632
-291
50
368
614
751
761
599
240
-201
-719
-1339
-2043
-2654
-3204
-3635
-3467
-3138
-2759
-2255
-1159
56
794
2212
3434
4088
4140
4697
4879
3982
3428
2786
1949
759
151
-298
-866
-1088
-1215
-1156
-917
-728
-672
-739
-647
-855
-1388
-1655
-1987
-2357
-2865
-2875
-2705
-2473
-1963
-1316
-272
758
1844
2815
3720
4482
4788
4953
4863
4534
3874
2972
2166
1280
465
-311
-796
-1076
-1244
-1237
-1117
-803
-584
-457
-333
-208
-329
-622
-892
-1142
-1441
-1703
-1814
-1673
-1404
-1031
-387
367
1177
1878
2663
3171
3498
3635
3333
2960
2249
1464
393
-566
-1451
-2294
-2800
-3164
-3147
-3031
-2685
-2140
-1493
-863
-374
93
320
362
307
47
-278
-673
-1057
-1313
-1389
-1349
-1233
-943
-505
-41
437
836
1160
1315
1203
989
627
91
-639
-1354
-2088
-2810
-3395
-3951
-3970
-3542
-3052
-2511
-1721
-162
687
1723
3056
3983
4182
4042
4642
3953
3118
2360
1685
714
-252
-462
-948
-1116
-1085
-953
-638
-323
-44
-144
-218
-119
-691
-1191
-1679
-2020
-2576
-2991
-2765
-2631
-2101
-1538
-585
524
1620
2740
3583
4441
4858
5028
4989
4634
4056
3082
2205
1340
518
-258
-879
-1145
-1340
-1317
-1172
-912
-659
-526
-408
-408
-455
-742
-1113
-1425
-1750
-2008
-2159
-2051
-1783
-1443
-875
29
787
1640
2252
3090
3309
3467
3561
2985
2547
1649
1026
-118
-875
-1604
-2266
-2536
-2750
-2576
-2427
-1991
-1486
-1008
-488
-169
106
166
115
63
-312
-575
-866
-1031
-1118
-1078
-873
-648
-235
161
591
970
1201
1284
1237
1089
683
187
-418
-1059
-1669
-2393
-2869
-3456
-3772
-4095
-3804
-3168
-2674
-2050
-1368
156
673
1690
2822
3510
3432
3367
4023
3211
2621
2051
1577
694
145
144
-240
-316
-216
-218
-42
144
181
-226
-463
-496
-1332
-1818
-2241
-2471
-2965
-3015
-2615
-2350
-1579
-852
163
1231
2346
3284
3925
4613
4869
4818
4565
4112
3535
2479
1690
961
252
-431
-858
-949
-1141
-985
-902
-746
-587
-569
-658
-847
-978
-1332
-1728
-1935
-2123
-2209
-2227
-1922
-1444
-934
-259
562
1448
2145
2815
3224
3529
3439
3238
2786
2129
1381
449
-349
-1191
-1798
-2355
-2600
-2633
-2539
-2254
-1849
-1335
-929
-512
-175
-48
-9
-118
-285
-528
-787
-964
-1031
-953
-819
-566
-229
214
620
956
1203
1313
1283
1072
722
260
-354
-1001
-1714
-2304
-2851
-3397
-3790
-3981
-3975
-3423
-2679
-2044
-1431
-312
981
1421
2598
3496
3860
3450
3755
3943
2861
2308
1797
1435
484
333
324
134
132
166
307
418
429
44
-472
-687
-1186
-2160
-2573
-2874
-3152
-3531
-3078
-2466
-1879
-945
64
1274
2314
3380
4021
4476
4728
4560
4151
3572
2944
1983
973
369
-194
-773
-1157
-1093
-1012
-1012
-733
-526
-418
-476
-632
-861
-1168
-1529
-2016
-2314
-2369
-2445
-2362
-2015
-1317
-639
60
970
1813
2603
3058
3460
3552
3540
3103
2499
2029
1262
456
-368
-798
-1354
-1784
-1962
-1914
-1803
-1765
-1486
-1118
-821
-678
-516
-352
-343
-410
-492
-555
-547
-621
-624
-449
-229
-89
99
453
732
893
974
998
915
645
338
-41
-478
-984
-1507
-1938
-2320
-2639
-3012
-3303
-3268
-3400
-3143
-2440
-1796
-1387
-836
557
1047
1739
2752
3396
3295
3172
3777
3101
2502
2096
1720
1093
608
671
318
247
296
131
124
94
-140
-781
-1136
-1297
-2165
-2621
-2789
-2845
-3005
-2707
-1903
-1379
-448
447
1403
2282
3048
3664
3779
3938
3798
3362
2759
2185
1639
732
257
-21
-347
-624
-622
-386
-435
-283
-201
-278
-466
-791
-1111
-1583
-1912
-2238
-2519
-2489
-2267
-1928
-1550
-833
-1
664
1330
2053
2618
2851
2898
2869
2630
2153
1649
1143
556
15
-480
-912
-1236
-1451
-1557
-1613
-1483
-1444
-1397
-1281
-1124
-1007
-973
-831
-766
-734
-692
-548
-408
-343
-171
47
236
411
583
700
752
804
751
583
397
184
-120
-442
-724
-1058
-1356
-1663
-1882
-2169
-2387
-2664
-2823
-3005
-2749
-2132
-1704
-1243
-623
725
1102
2021
3185
3799
3615
3700
4352
3436
2874
2435
1948
1050
682
575
108
62
24
-255
-292
-198
-612
-1270
-1466
-1594
-2530
-2925
-2965
-3029
-3207
-2746
-1899
-1341
-450
493
1418
2214
2985
3529
3616
3731
3654
3222
2657
2200
1774
945
592
472
186
-125
-79
61
-183
-240
-331
-584
-938
-1270
-1615
-2006
-2223
-2322
-2376
-2137
-1709
-1257
-849
-189
563
1026
1461
1837
2249
2203
2271
2164
2037
1716
1256
1199
644
494
34
-238
-624
-927
-1092
-1513
-1455
-1666
-1678
-1664
-1386
-1164
-1054
-678
-436
-179
-58
161
320
191
179
149
51
-71
-87
-78
-94
43
104
153
174
183
86
-121
-308
-628
-1010
-1436
-1789
-2194
-2638
-3031
-3114
-3333
-3060
-2190
-1481
-909
-274
1391
1920
2618
3798
4339
3988
3522
4101
3048
2122
1607
1099
334
-104
156
-182
-104
116
19
-95
-54
-287
-1199
-1764
-1886
-2725
-3420
-3454
-3190
-3250
-2804
-1667
-819
95
1121
2154
2775
3341
3783
3620
3357
3125
2750
1978
1471
1293
713
347
390
479
197
162
397
225
-39
-297
-617
-1125
-1542
-1806
-2133
-2315
-2237
-2103
-1852
-1353
-720
-338
124
790
1201
1369
1499
1795
1776
1657
1619
1574
1428
1144
1088
924
748
470
136
-217
-556
-864
-1288
-1485
-1596
-1698
-1701
-1457
-1088
-883
-588
-233
40
126
122
144
-21
-209
-362
-465
-544
-549
-446
-304
-43
217
345
403
412
355
43
-305
-628
-1055
-1530
-1916
-2105
-2375
-2545
-2645
-2516
-2542
-2049
-1231
-715
-343
114
1345
1385
1920
2765
3009
2541
2288
2936
1980
1484
1295
1105
539
344
742
345
345
391
146
-180
-369
-645
-1556
-1955
-1963
-2588
-2923
-2740
-2222
-2144
-1619
-609
44
677
1279
1983
2245
2518
2734
2577
2422
2347
2245
1832
1689
1837
1522
1261
1295
1348
959
608
579
151
-344
-749
-991
-1391
-1754
-1789
-1944
-1937
-1718
-1438
-1237
-952
-482
-328
-119
255
510
539
611
1046
1096
1119
1288
1490
1423
1218
1394
1058
720
440
58
-398
-810
-920
-1284
-1430
-1382
-1264
-1126
-907
-510
-383
-249
-77
12
-82
-247
-242
-432
-554
-487
-418
-310
-127
165
342
523
708
721
558
372
181
-199
-631
-943
-1230
-1603
-1831
-1886
-2003
-2170
-2215
-2273
-2303
-1857
-1312
-1029
-870
-87
713
896
1643
2584
2721
2303
2673
2944
2131
1669
1559
1168
530
470
650
336
210
187
22
-270
-538
-905
-1626
-1993
-2266
-2751
-2973
-2810
-2440
-2246
-1613
-738
-25
565
1185
1850
2091
2378
2603
2605
2417
2363
2359
2056
1995
2037
1849
1586
1537
1466
1072
765
509
61
-453
-831
-1098
-1509
-1746
-1823
-1881
-1893
-1712
-1451
-1325
-1060
-769
-502
-298
-22
239
407
621
885
1138
1299
1426
1535
1608
1477
1363
1160
891
425
80
-183
-581
-760
-988
-1015
-1095
-988
-772
-656
-459
-432
-309
-355
-379
-435
-623
-682
-734
-680
-636
-415
-120
91
394
660
858
923
879
734
512
223
-115
-427
-736
-961
-1152
-1290
-1346
-1343
-1400
-1558
-1675
-1762
-1938
-1956
-1535
-1093
-916
-606
391
1011
1340
2267
2909
2795
2519
2958
2659
1876
1561
1348
984
541
751
748
573
464
347
122
-356
-774
-1409
-2128
-2515
-2839
-3105
-3110
-2711
-2237
-1790
-956
-92
557
934
1413
1761
1797
1873
1943
1840
1664
1766
1863
1862
1965
2036
1929
1832
1714
1378
863
347
-186
-734
-1255
-1653
-1944
-2303
-2423
-2317
-2165
-2071
-1876
-1600
-1386
-1105
-821
-582
-373
-92
211
482
771
1091
1366
1459
1593
1735
1657
1454
1245
1165
838
580
417
179
2
-150
-131
-312
-392
-496
-635
-715
-834
-872
-1008
-994
-966
-916
-784
-612
-367
-141
171
428
592
697
778
776
671
543
324
138
-83
-275
-433
-567
-619
-693
-716
-728
-793
-908
-1124
-1317
-1596
-1948
-2182
-2455
-2322
-1948
-1488
-1226
-572
445
824
1567
2473
2785
2393
2542
2753
1930
1567
1537
1071
444
590
772
307
328
395
-16
-477
-613
-902
-1675
-1931
-1987
-2223
-2188
-1821
-1481
-1275
-655
-157
85
471
802
820
761
1153
1467
1489
1743
2198
2478
2502
2790
2951
2560
2149
1816
1217
392
-109
-637
-1313
-1671
-1739
-1847
-1952
-1765
-1617
-1577
-1483
-1288
-1240
-1281
-1196
-1136
-1045
-802
-462
-201
181
670
974
1239
1693
1902
1859
1868
1892
1671
1326
1291
1061
713
479
336
50
-323
-399
-717
-1050
-1257
-1358
-1467
-1562
-1340
-1245
-1072
-785
-443
-164
-6
232
338
397
492
504
431
385
437
429
415
517
513
472
457
456
363
173
42
-218
-482
-756
-1009
-1330
-1649
-1835
-2172
-2352
-2530
-2488
-2164
-1626
-1106
-774
59
685
1077
1837
2532
2436
2119
2436
2164
1387
1294
1266
642
215
523
590
256
348
362
-28
-428
-622
-962
-1538
-1803
-2104
-2345
-2229
-1993
-1801
-1507
-941
-596
-325
212
643
708
850
1314
1648
1754
1977
2328
2331
2194
2313
2238
1785
1345
1051
497
-54
-245
-531
-893
-1066
-1066
-1155
-1218
-1155
-1266
-1407
-1460
-1503
-1542
-1476
-1280
-1093
-800
-310
206
619
1032
1483
1723
1786
1917
1980
1823
1589
1527
1394
1127
1030
1003
839
480
325
72
-332
-673
-982
-1236
-1510
-1518
-1485
-1349
-1130
-888
-604
-389
-124
21
69
113
140
141
120
187
259
283
431
608
711
734
749
689
481
297
68
-221
-508
-733
-965
-1234
-1400
-1540
-1700
-1839
-1858
-1951
-2151
-2224
-2324
-2223
-1850
-1310
-908
-456
348
710
1035
1730
2145
1863
1625
1855
1378
702
783
927
585
461
908
971
711
813
837
385
-251
-673
-1132
-1629
-1827
-1889
-1864
-1724
-1411
-999
-521
-35
245
378
513
584
545
620
887
1061
1141
1381
1762
1884
1874
2059
1987
1556
1144
905
463
-46
-200
-370
-640
-801
-789
-792
-879
-874
-938
-1123
-1302
-1353
-1299
-1212
-984
-700
-365
37
472
867
1232
1543
1583
1516
1458
1314
1108
956
879
705
559
492
441
395
303
144
-79
-295
-586
-818
-909
-976
-1028
-1009
-866
-734
-588
-378
-166
-11
30
80
116
125
202
344
506
589
745
865
919
919
846
705
397
80
-219
-486
-756
-974
-1048
-1107
-1130
-1107
-1073
-1072
-1150
-1211
-1364
-1536
-1763
-1983
-2117
-2190
-2024
-1671
-1185
-698
-102
400
774
1149
1435
1510
1450
1443
1206
880
694
642
611
675
902
1015
990
976
899
681
405
137
-180
-504
-715
-871
-947
-881
-743
-671
-581
-471
-466
-475
-361
-224
-142
52
329
586
880
1213
1470
1582
1652
1654
1472
1227
974
726
425
200
122
47
13
71
147
66
-56
-128
-311
-550
-703
-779
-831
-830
-694
-532
-323
-56
187
364
431
452
397
321
230
151
66
31
79
154
266
344
398
397
371
282
92
-104
-327
-550
-683
-715
-668
-584
-420
-199
18
236
390
463
460
413
315
174
71
-36
-120
-145
-102
-51
10
45
64
46
-32
-129
-255
-331
-391
-439
-452
-432
-453
-465
-494
-540
-577
-643
-683
-706
-698
-708
-627
-528
-443
-304
-188
-81
-38
-50
-133
-289
-450
-609
-708
-668
-619
-469
-290
-28
200
448
645
723
772
676
587
455
349
237
205
221
280
370
475
587
631
621
582
528
427
315
205
155
130
143
171
208
206
193
169
129
19
-99
-154
-226
-256
-194
-107
-32
91
177
269
335
375
347
307
295
264
260
275
320
334
376
417
411
369
281
176
59
-79
-186
-276
-327
-352
-362
-329
-300
-257
-238
-243
-270
-333
-382
-447
-453
-446
-446
-391
-278
-171
-86
48
176
233
254
270
248
182
120
76
42
40
26
33
59
76
75
46
22
-48
-112
-189
-242
-280
-315
-319
-271
-183
-127
-67
-9
9
-14
-63
-114
-205
-284
-325
-335
-297
-226
-119
-43
67
177
245
286
335
373
348
324
329
334
306
330
389
428
442
475
478
469
420
383
352
287
235
181
122
51
29
-16
-82
-131
-164
-223
-290
-299
-302
-325
-305
-258
-201
-127
-32
48
93
133
125
80
-5
-73
-147
-201
-221
-200
-151
-102
-19
80
163
209
258
284
256
216
193
145
83
47
38
21
1
12
8
-30
-63
-88
-121
-169
-222
-269
-304
-317
-322
-337
-350
-335
-323
-316
-299
-262
-247
-249
-213
-169
-169
-133
-73
-44
-23
26
87
107
112
129
124
90
60
30
8
-49
-68
-101
-136
-168
-162
-155
-165
-146
-166
-158
-175
-184
-186
-187
-197
-215
-179
-186
-178
-151
-136
-102
-79
-71
-57
-24
-4
12
61
86
106
137
174
198
210
246
254
267
290
323
353
366
395
423
462
467
478
487
462
434
418
393
329
293
292
270
250
269
268
221
202
194
146
119
127
122
89
71
64
8
-56
-96
-149
-213
-279
-330
-385
-426
-422
-390
-335
-263
-202
-179
-171
-167
-189
-221
-232
-255
-272
-279
-278
-258
-228
-172
-106
-42
0
27
10
-20
-40
-82
-126
-157
-161
-160
-149
-123
-83
-47
-11
53
90
118
172
191
187
179
176
158
145
146
122
117
104
67
59
52
28
14
31
28
15
5
-12
-40
-65
-75
-88
-109
-144
-168
-191
-217
-237
-230
-220
-199
-167
-140
-122
-84
-30
-15
-14
-4
5
-8
-30
-39
-63
-106
-131
-153
-168
-192
-192
-172
-153
-112
-63
-20
23
72
108
119
127
130
137
144
139
147
153
163
169
183
201
218
234
270
319
353
379
398
423
454
460
470
472
445
413
369
310
235
169
114
58
21
10
1
4
34
53
59
59
40
-3
-51
-92
-137
-165
-178
-206
-224
-226
-211
-190
-156
-99
-62
-36
-22
-38
-67
-108
-150
-196
-235
-259
-293
-325
-330
-323
-310
-292
-263
-241
-228
-211
-201
-204
-203
-182
-169
-165
-158
-153
-156
-155
-136
-97
-61
-23
21
48
72
88
84
67
47
22
-29
-92
-145
-202
-254
-291
-302
-295
-276
-229
-166
-87
-5
82
171
268
365
437
482
517
561
577
569
569
558
536
515
505
478
441
407
370
324
273
227
174
101
36
-3
-67
-126
-151
-166
-182
-188
-179
-161
-142
-104
-69
-32
15
78
143
216
282
321
341
346
324
284
233
167
96
15
-58
-132
-207
-277
-309
-327
-351
-364
-375
-390
-410
-420
-431
-429
-443
-467
-465
-473
-479
-466
-442
-418
-388
-357
-338
-298
-239
-168
-90
-18
38
86
131
153
173
197
209
232
247
245
244
243
248
254
290
302
289
260
229
170
93
45
-18
-73
-106
-136
-160
-173
-166
-171
-154
-126
-118
-100
-79
-55
-30
6
63
122
170
200
231
241
241
229
198
166
141
111
78
66
66
55
62
63
46
15
-28
-78
-131
-169
-204
-227
-235
-203
-155
-95
-21
58
121
177
220
239
252
267
272
259
276
280
283
279
294
289
282
284
270
255
216
195
163
132
106
93
73
37
31
23
-2
-8
-30
-58
-76
-96
-120
-148
-143
-131
-108
-82
-45
-25
-42
-55
-73
-103
-149
-185
-227
-287
-321
-351
-367
-384
-389
-385
-406
-412
-423
-444
-471
-491
-503
-517
-517
-519
-508
-461
-414
-356
-279
-196
-122
-59
11
60
108
133
152
161
153
154
146
149
149
168
194
210
223
214
216
194
159
137
139
128
113
122
129
134
140
136
139
139
132
133
125
112
99
92
92
103
120
135
141
135
114
99
74
27
-14
-50
-85
-128
-166
-202
-239
-269
-272
-256
-247
-238
-224
-201
-174
-146
-113
-93
-88
-63
-46
-34
-22
-18
-18
-18
6
21
44
102
165
230
300
365
411
441
449
440
412
365
316
262
212
179
150
154
166
190
225
235
233
218
167
101
26
-37
-99
-145
-159
-172
-161
-144
-110
-82
-48
-24
-14
-4
-9
-2
10
16
25
46
66
57
48
41
12
-24
-62
-92
-124
-155
-161
-168
-154
-128
-118
-116
-109
-111
-137
-164
-190
-210
-235
-264
-266
-252
-231
-192
-132
-69
-26
10
28
40
53
60
54
43
45
50
40
40
60
65
71
76
81
80
68
78
90
95
106
128
135
133
130
115
98
60
26
-21
-71
-101
-130
-138
-135
-114
-87
-53
-4
29
46
68
81
60
40
29
16
-2
-19
-17
-8
-1
17
41
52
68
89
92
103
114
113
99
98
94
75
72
59
34
-2
-27
-45
-70
-86
-98
-111
-112
-127
-145
-139
-129
-136
-139
-125
-118
-113
-105
-94
-88
-57
-18
13
57
100
133
172
206
220
227
224
208
179
162
143
136
130
120
121
106
103
107
88
59
43
17
-3
-23
-46
-48
-59
-65
-64
-70
-67
-57
-65
-76
-62
-53
-62
-59
-37
-29
-26
-17
-12
-10
-16
-15
-18
-27
-40
-55
-80
-103
-116
-137
-137
-129
-126
-134
-129
-108
-105
-104
-89
-78
-73
-76
-68
-62
-54
-50
-58
-65
-72
-66
-72
-58
-48
-41
-29
-26
-24
-26
-25
-29
-16
-7
5
25
40
51
79
106
123
154
181
200
213
228
243
248
244
251
245
229
205
176
145
116
91
64
44
31
27
19
7
-5
-16
-33
-55
-70
-103
-141
-173
-206
-233
-252
-250
-240
-241
-227
-197
-180
-162
-137
-117
-104
-93
-77
-66
-57
-39
-19
2
21
37
58
77
92
98
100
108
110
101
79
68
46
8
-21
-35
-48
-63
-67
-54
-47
-39
-19
-8
5
13
14
18
21
19
22
35
38
38
38
32
23
16
9
-4
-12
-16
-25
-22
-23
-22
-22
-35
-33
-41
-62
-71
-85
-98
-110
-109
-107
-107
-97
-89
-79
-79
-69
-61
-52
-51
-46
-40
-39
-28
-17
2
25
42
66
77
77
81
75
74
81
84
92
106
121
125
134
144
143
129
113
92
67
59
53
53
65
85
100
121
144
167
188
206
209
210
211
203
187
172
163
157
139
122
110
94
72
52
30
6
-24
-64
-95
-134
-178
-206
-232
-248
-249
-249
-243
-222
-205
-182
-163
-130
-96
-73
-49
-28
1
15
28
49
63
75
78
78
78
62
42
25
-7
-40
-67
-99
-123
-144
-157
-162
-178
-178
-185
-192
-192
-177
-165
-154
-125
-97
-61
-22
18
50
79
96
93
100
100
95
84
68
58
54
42
34
23
6
-10
-29
-38
-52
-59
-63
-63
-55
-47
-36
-18
-6
7
22
39
57
70
90
100
107
116
134
139
136
131
129
130
127
125
123
119
118
118
106
88
73
55
31
11
-11
-33
-52
-63
-73
-86
-81
-66
-54
-35
-14
2
14
28
49
61
69
82
101
115
122
128
128
117
109
88
57
22
-11
-45
-80
-106
-131
-160
-185
-197
-214
-218
-216
-202
-188
-168
-134
-107
-81
-57
-25
1
26
54
76
93
106
112
120
122
118
115
94
69
51
28
10
-9
-29
-45
-60
-71
-81
-87
-90
-101
-113
-112
-103
-107
-102
-92
-78
-64
-52
-33
-11
-3
-2
-2
-7
-12
-17
-19
-25
-28
-36
-38
-33
-42
-49
-59
-70
-86
-108
-128
-139
-152
-153
-143
-127
-112
-87
-56
-30
0
25
46
69
99
122
146
174
199
213
232
249
257
263
262
266
254
241
232
217
198
176
151
124
99
78
62
54
40
36
29
24
31
41
48
52
60
62
66
65
63
62
65
63
61
58
59
52
35
17
-8
-26
-53
-83
-109
-130
-149
-165
-174
-179
-186
-189
-181
-183
-189
-190
-182
-177
-172
-162
-156
-141
-129
-113
-88
-69
-49
-31
-16
-8
-10
-8
-9
-7
-7
-6
-9
-5
0
-4
-1
-7
-8
-10
-6
-6
-12
-8
0
9
22
39
50
68
77
77
77
77
77
72
67
57
41
31
26
17
10
2
5
-10
-18
-23
-36
-40
-48
-55
-54
-56
-62
-55
-44
-44
-42
-37
-32
-33
-29
-29
-26
-19
-9
2
16
38
48
69
82
94
102
112
121
130
134
137
140
142
146
132
127
112
99
82
72
56
39
24
10
-4
-17
-16
-22
-27
-20
-14
-5
7
14
23
33
34
32
32
25
14
13
5
-17
-31
-40
-55
-61
-64
-73
-73
-75
-72
-85
-101
-107
-121
-135
-143
-142
-145
-136
-125
-113
-102
-94
-88
-82
-78
-83
-76
-76
-72
-64
-51
-42
-33
-18
-14
-19
-28
-35
-51
-61
-68
-76
-81
-67
-52
-45
-32
-21
-12
-7
0
0
5
7
9
11
20
30
42
62
66
75
82
92
94
91
84
72
64
56
47
28
27
26
27
32
33
31
25
32
24
20
19
17
19
25
35
46
54
60
73
81
85
92
103
114
125
139
144
150
164
170
168
163
159
155
144
140
138
124
110
108
96
80
69
53
34
19
4
-15
-28
-36
-48
-61
-70
-76
-85
-91
-105
-114
-119
-125
-117
-118
-109
-105
-99
-92
-86
-78
-75
-72
-73
-72
-72
-75
-80
-82
-84
-87
-83
-79
-78
-82
-79
-80
-78
-80
-88
-78
-72
-70
-60
-45
-37
-33
-20
-15
-10
0
13
24
40
53
63
78
86
90
88
88
88
79
71
60
52
44
31
18
0
-16
-30
-40
-47
-48
-47
-36
-25
-16
-2
7
18
26
32
35
30
31
22
19
28
31
31
32
37
42
44
42
37
28
16
-4
-18
-31
-43
-53
-63
-65
-61
-45
-39
-30
-18
-1
13
32
60
75
89
101
114
116
127
131
133
128
120
116
108
101
90
82
70
59
52
41
25
15
-5
-26
-51
-79
-100
-119
-136
-144
-148
-147
-141
-131
-115
-98
-76
-61
-49
-37
-33
-26
-17
-14
-14
-17
-25
-34
-39
-39
-46
-52
-53
-57
-58
-55
-54
-51
-52
-57
-58
-55
-60
-66
-68
-73
-73
-68
-60
-46
-31
-14
0
16
36
60
69
76
80
80
73
67
63
56
51
42
38
45
51
50
49
44
35
24
17
5
-11
-26
-37
-51
-61
-61
-61
-59
-52
-40
-29
-19
-6
8
25
37
55
69
75
80
76
75
69
61
52
46
43
44
42
43
51
53
52
50
55
47
42
42
37
36
36
32
31
37
44
49
55
61
64
65
66
72
77
75
68
61
50
38
25
7
-9
-32
-52
-66
-75
-78
-81
-84
-82
-64
-60
-67
-79
-91
-102
-114
-118
-118
-115
-128
-122
-99
-80
-70
-62
-47
-45
-39
-31
-24
-26
-29
-32
-35
-33
-38
-44
-53
-61
-61
-56
-46
-35
-20
-9
8
28
49
66
77
85
89
94
89
89
86
79
75
75
77
82
81
80
79
78
73
65
53
42
33
19
7
-5
-15
-25
-29
-31
-30
-29
-31
-31
-29
-23
-21
-17
-15
-14
-15
-15
-12
-12
-15
-19
-21
-25
-29
-27
-25
-19
-14
-7
-1
3
6
2
3
0
-1
-5
-9
-10
-10
-12
-13
-8
-1
3
11
24
32
40
48
56
59
61
67
69
64
56
49
39
30
22
18
13
9
8
6
4
0
-7
-15
-25
-39
-50
-68
-77
-84
-93
-96
-94
-87
-86
-80
-72
-66
-64
-59
-57
-56
-56
-58
-59
-57
-57
-57
-54
-50
-46
-43
-41
-38
-33
-28
-21
-17
-9
-2
2
5
9
17
19
23
27
26
26
29
34
43
54
63
75
87
96
99
99
99
98
93
85
79
74
65
57
52
49
44
43
43
40
35
30
25
18
18
13
7
3
2
3
2
6
5
5
5
5
5
7
8
4
0
-4
-13
-20
-21
-28
-32
-36
-39
-39
-39
-37
-33
-23
-16
-11
-6
-2
4
6
10
15
23
24
27
27
26
22
19
13
9
5
5
12
13
19
22
26
26
28
28
24
20
11
3
-7
-8
-15
-23
-21
-20
-23
-25
-27
-32
-35
-40
-45
-49
-54
-59
-65
-68
-71
-71
-71
-70
-70
-68
-66
-62
-60
-57
-53
-44
-38
-36
-30
-28
-26
-26
-23
-22
-22
-22
-18
-16
-15
-6
-2
1
7
14
17
22
25
22
21
20
20
20
27
30
37
43
49
57
62
73
77
87
94
100
101
101
96
91
84
76
67
54
47
34
27
15
9
3
-4
-10
-16
-19
-25
-27
-30
-30
-32
-31
-32
-35
-35
-35
-32
-31
-26
-24
-19
-15
-11
-7
-3
3
5
6
3
1
-3
-6
-10
-12
-16
-19
-20
-22
-22
-21
-17
-13
-9
-7
-4
-4
-6
-5
-5
-5
-4
-1
0
2
5
9
15
18
22
24
26
27
26
22
19
13
7
-1
-10
-22
-33
-42
-51
-55
-61
-63
-65
-66
-66
-62
-57
-53
-47
-45
-42
-42
-39
-36
-33
-30
-26
-20
-14
-6
-1
7
14
21
27
30
32
32
35
31
30
27
25
22
19
15
14
16
19
23
28
32
35
41
46
50
53
56
56
56
55
54
55
54
54
53
52
50
48
47
42
37
30
24
15
3
-9
-18
-27
-36
-42
-46
-49
-48
-46
-44
-39
-35
-27
-20
-13
-8
-2
4
8
12
11
12
12
11
10
9
8
10
11
14
15
17
17
17
17
16
14
10
7
2
1
-1
-3
-2
-3
-2
-3
-2
-1
1
0
1
0
-2
-4
-8
-14
-19
-22
-26
-30
-36
-36
-37
-37
-37
-38
-37
-37
-37
-38
-37
-40
-43
-44
-44
-44
-46
-44
-42
-40
-36
-30
-24
-20
-15
-10
-5
-1
5
9
13
13
17
19
22
24
28
32
34
36
37
42
46
49
52
53
52
50
50
46
39
33
30
26
22
17
15
12
10
11
13
13
12
14
13
12
10
8
6
4
0
-1
0
-4
-5
-8
-11
-14
-15
-19
-25
-29
-32
-31
-32
-32
-34
-31
-30
-27
-23
-18
-13
-8
0
6
13
18
25
29
32
34
36
35
32
30
27
25
19
15
11
5
1
-2
-5
-11
-14
-15
-16
-18
-19
-21
-23
-24
-24
-24
-26
-26
-24
-21
-19
-17
-17
-15
-13
-13
-13
-14
-14
-17
-18
-18
-20
-22
-23
-23
-25
-27
-25
-24
-24
-23
-20
-19
-17
-16
-13
-10
-8
-1
4
7
11
17
21
26
29
32
36
41
44
46
48
48
49
51
50
47
47
45
44
42
40
36
34
32
32
31
28
25
22
17
12
10
7
4
-1
-5
-6
-8
-13
-16
-13
-13
-15
-15
-12
-13
-15
-14
-13
-14
-20
-19
-16
-15
-15
-13
-13
-15
-13
-8
-6
-7
-4
-5
-2
0
3
5
5
5
7
11
10
8
