7
1
-17
9
-6
18
11
-10
2
-17
0
-3
4
2
-12
-2
-14
2
-23
4
1
-4
10
3
4
-12
-6
-3
8
-1
17
1
5
-5
-5
4
-7
15
17
10
-7
-4
-13
-19
-1
11
18
-12
0
-8
-25
-11
2
4
-12
-2
4
-11
-13
-6
-6
-3
-18
29
-20
19
-22
0
-26
-17
7
-6
42
-24
17
-53
-13
-9
-7
48
6
22
-27
-36
-17
-6
11
27
34
-9
-7
-29
-2
0
9
65
-12
7
-5
-14
6
1
33
13
-9
8
4
11
-14
13
-15
-6
-10
-13
45
-39
20
-26
-8
-19
-16
22
1
14
-16
1
-45
6
-34
49
13
3
25
-44
18
-44
30
20
0
28
-10
7
-24
-19
11
1
15
32
11
1
-17
-25
-16
-19
24
13
0
-10
-12
-38
-2
-18
36
37
12
14
-26
-8
-42
20
9
46
21
-3
10
-26
-11
-10
31
46
7
0
-2
-23
-31
-10
29
8
6
-4
19
-44
-15
-7
-13
22
-28
50
-50
7
1
-36
36
-19
44
-13
5
9
-23
-4
-20
4
2
22
1
25
-14
-41
6
-13
29
12
16
9
-44
-11
-22
-6
59
15
17
12
10
-25
-1
29
63
5
16
4
-16
6
-2
69
19
6
-41
-4
-30
-22
41
-5
-2
-63
-35
-46
-27
37
6
4
-30
-52
-49
-60
45
16
49
-39
-15
-25
-49
24
34
92
-1
29
-7
-46
-2
-15
69
47
33
10
-30
-18
-66
24
34
45
21
-23
-18
-80
-6
6
21
51
20
21
-53
2
1
30
51
17
47
-41
12
23
-3
42
35
20
6
-11
30
-18
3
24
-43
-23
-40
15
-9
-25
-27
-29
-19
-42
19
0
-49
2
-8
-5
-1
1
19
-28
38
-8
16
57
0
9
-21
11
23
-3
6
49
-9
1
-36
-13
-23
-25
86
12
-52
-49
-26
-36
-23
36
9
-16
-39
-14
-27
-1
22
32
21
-31
-4
6
29
-9
19
30
6
27
0
19
-3
39
14
-19
42
-23
-2
-17
31
26
-46
24
-27
-22
-37
38
30
-22
-39
-4
-21
-18
12
20
25
-14
2
-38
-43
-42
7
28
6
-23
-35
-67
-1
-35
17
9
-31
-29
2
-57
-17
-5
-15
-2
-45
85
-4
23
-5
20
-12
34
104
17
86
-34
16
21
-45
89
69
66
12
-7
54
-117
105
22
27
-24
-53
80
-122
61
-1
-9
6
-72
27
-13
32
13
-5
-12
-76
6
37
51
39
12
-58
-27
-22
8
115
29
37
-29
-39
-63
-30
74
31
74
25
-21
-51
-56
10
25
51
29
-27
-62
-74
-22
33
-1
82
-45
-9
32
-32
86
-47
41
32
-30
35
-57
2
12
-56
26
-23
2
-21
-46
32
-67
33
-1
-6
31
-51
-1
11
-8
-34
-33
-43
-24
-30
20
9
9
-3
-64
19
-22
48
36
14
-15
-76
-7
14
18
61
5
-5
-13
-53
12
-48
-6
32
-40
-3
-67
-44
-14
-39
65
20
-14
-14
1
-35
-4
7
62
-9
-29
13
-30
23
-5
26
2
-26
-42
-21
4
17
2
-19
-31
-59
-40
35
38
65
43
-47
51
-2
30
66
29
36
5
-6
14
5
80
31
44
19
-48
35
4
82
61
30
-14
8
-45
-5
37
-22
57
-78
-41
-50
-57
48
-38
15
21
3
0
-42
39
-9
-26
-58
-15
-8
-82
-15
-21
-55
-61
-54
24
-33
25
6
-27
-2
-66
24
-57
3
6
37
-33
-27
-22
-45
14
37
58
-26
-3
-40
-51
4
7
71
14
32
57
9
37
42
53
27
34
38
18
-15
-3
22
25
11
4
26
48
37
39
43
-23
-16
30
-7
-35
3
-24
-88
-14
47
-40
78
26
21
3
-57
49
-39
76
13
-46
45
-24
12
6
-1
-40
-15
5
-95
0
-34
22
2
-34
-4
-118
-58
-4
-14
-30
-5
-38
-86
-130
-113
50
-6
-64
60
25
-20
-76
-32
32
-99
18
3
21
47
-7
-3
67
126
92
121
54
-6
-36
-54
14
60
34
36
75
87
6
7
71
34
-32
-11
14
-5
38
36
39
-22
-21
-21
48
31
8
66
-30
22
-39
4
10
-47
64
-31
-32
-58
-90
-125
-92
-95
-56
-15
-53
5
-66
-81
-29
2
9
-40
-34
-84
-119
-64
-19
-32
-21
18
9
20
-4
9
31
51
38
83
62
13
-14
-59
-83
-31
-11
20
16
-26
45
-42
3
0
28
83
46
106
82
30
55
104
70
51
66
68
65
37
62
56
23
8
-12
4
-26
-49
-29
-60
-85
-36
-35
-53
-20
29
3
29
15
-32
-12
-103
-43
-76
-64
-39
-76
-15
-66
-31
-23
-36
-54
-37
-55
-57
-51
-71
-43
-77
-99
-56
-23
-64
-93
87
129
69
95
38
-69
-192
-106
7
-23
-57
-72
-78
-106
-101
36
135
107
82
86
69
20
50
72
90
95
108
130
143
159
143
112
81
76
102
111
124
142
141
108
89
104
74
61
17
-22
-58
-82
-34
-11
51
80
61
47
19
22
-6
-6
-11
-30
-25
-7
13
-9
-14
-31
-52
-48
-41
-62
-80
-73
-100
-86
-72
-37
-43
-63
-74
-105
-108
-100
-74
-50
-19
-12
33
75
73
53
-6
-38
-36
-44
-43
-21
24
23
22
38
46
66
46
10
-36
-48
-61
-73
-39
-9
22
38
42
27
-2
-13
-20
-16
-35
-63
-82
-74
-54
-26
18
30
55
67
83
103
105
103
95
95
78
52
36
13
-1
8
-16
7
22
37
48
59
94
71
87
75
44
19
19
40
31
11
-26
-39
-50
-26
-18
17
26
-1
-8
-22
14
18
21
-7
15
5
-5
-28
-20
-23
-54
-51
-51
-20
-17
15
-14
-19
-38
-43
-39
-74
-93
-123
-115
-121
-99
-83
-48
-36
-23
-14
-43
-43
-59
-65
-69
-63
-59
-78
-85
-56
-76
-76
-108
-135
-118
-107
-101
-133
-140
-173
-199
-191
-163
-156
-131
-114
-123
-170
-223
-275
-372
-441
-522
-556
-585
-618
-628
-666
-638
-635
-565
-416
-255
-8
235
513
766
1033
1288
1509
1648
1667
1566
1375
1170
908
670
409
195
-6
-127
-139
-111
-42
8
79
158
231
284
307
268
224
176
190
229
232
236
195
177
141
125
147
166
188
209
264
318
379
395
364
299
204
103
-8
-121
-237
-317
-412
-462
-487
-490
-488
-507
-482
-499
-510
-500
-522
-538
-567
-543
-544
-552
-557
-578
-592
-650
-676
-742
-787
-863
-920
-948
-1035
-1141
-1320
-1513
-1754
-2007
-2265
-2378
-2619
-2183
-927
267
1210
1871
2911
3098
3530
4145
4019
3190
1916
1161
25
-523
-718
-853
-1063
-1072
-817
-458
5
186
173
-432
-665
-701
-438
-468
-404
5
108
454
858
1361
1373
1171
801
501
384
557
629
582
658
667
932
859
944
679
254
-173
-535
-486
-490
-320
-161
109
414
783
996
1069
892
649
329
10
-72
-222
-211
-280
-187
21
269
446
419
398
324
223
105
35
-8
-15
-118
-144
-144
-158
-282
-485
-592
-712
-708
-679
-621
-484
-284
-32
167
334
463
434
335
206
55
-124
-401
-647
-850
-959
-1000
-1036
-1032
-1046
-1027
-1007
-963
-1010
-1042
-1055
-1048
-957
-941
-918
-1111
-1415
-1674
-2166
-2576
-2964
-2951
-1506
-32
1323
1944
2945
3577
3360
4358
4365
3591
1869
670
-489
-1507
-1434
-1412
-1371
-1549
-1203
-938
-236
32
-12
-573
-1230
-1225
-983
-517
-524
50
220
393
749
1318
1497
1030
585
-23
-35
200
815
1002
1228
1287
1330
1330
1128
928
248
-287
-845
-675
-311
210
598
799
988
980
1010
712
381
-184
-639
-1012
-923
-566
-173
178
408
1151
1420
1672
1528
1228
844
343
491
203
247
241
14
-79
-64
-98
-231
-425
-650
-764
-749
-434
-325
-77
110
229
456
585
554
409
226
-86
-206
-281
-347
-426
-503
-564
-594
-562
-576
-567
-658
-662
-651
-571
-471
-431
-424
-473
-450
-444
-482
-614
-668
-790
-913
-1024
-1040
-1067
-1209
-1254
-1460
-1639
-2015
-2364
-2774
-2884
-3008
-2470
-391
1374
2733
3149
4102
3860
3474
4059
3356
2212
169
-917
-2073
-2513
-2105
-1617
-1278
-1263
-875
-324
470
475
618
-61
-499
-348
205
664
727
1296
1005
842
813
1049
842
315
-230
-574
-353
159
981
1338
1680
1457
1403
1150
870
538
-119
-531
-784
-353
186
815
1120
1189
937
606
185
-230
-594
-1058
-1291
-1349
-886
-443
81
393
527
589
554
730
845
1146
1278
1340
1213
1134
1062
873
524
-101
-706
-1343
-1722
-1777
-1451
-1101
-653
-271
113
434
634
762
529
266
-69
-312
-480
-556
-621
-762
-902
-1000
-950
-918
-872
-881
-797
-618
-260
180
524
739
665
500
182
-136
-486
-886
-1204
-1414
-1402
-1269
-1042
-798
-762
-802
-894
-1064
-1370
-1712
-2204
-2739
-3095
-3117
-3143
-2327
137
2254
3645
3911
4598
4138
3573
4191
3691
2659
318
-903
-2025
-2651
-2188
-1760
-1412
-1762
-1569
-898
88
652
1128
676
251
456
1008
1407
1241
1398
651
77
-191
132
269
-158
-574
-890
-547
94
1169
1782
1976
1592
1349
1091
880
659
39
-414
-802
-543
-58
566
770
593
234
-183
-450
-638
-748
-1008
-1051
-984
-572
-46
435
637
519
389
262
375
519
540
547
589
774
910
971
881
325
-301
-920
-1161
-1222
-1199
-1077
-1048
-731
-355
65
385
556
615
540
461
515
545
445
197
-91
-248
-439
-628
-860
-1000
-1091
-1059
-862
-494
7
320
534
627
738
706
487
155
-182
-484
-781
-891
-983
-1037
-1156
-1267
-1405
-1450
-1423
-1432
-1476
-1478
-1540
-1715
-1954
-2225
-2496
-2620
-2891
-1803
939
3345
4704
4683
4975
3661
3099
3581
3074
1795
-692
-1761
-3018
-2990
-2066
-1247
-811
-1340
-1143
-458
683
1342
1695
1132
539
655
1303
1685
1630
1387
240
-694
-1081
-529
-327
-547
-1004
-1150
-566
391
1803
2542
2563
1827
1205
688
489
408
138
-181
-394
-74
378
894
913
485
-389
-1202
-1557
-1376
-972
-783
-645
-550
-254
1
342
418
258
17
-115
134
455
807
751
637
284
195
498
598
728
299
5
-423
-407
-50
-86
36
-334
-507
-583
-430
-200
-102
-83
-238
-164
75
396
535
474
109
-223
-344
-411
-451
-468
-605
-629
-504
-289
59
252
304
114
-15
-60
-53
22
-78
-248
-435
-572
-771
-999
-1210
-1384
-1468
-1424
-1234
-1028
-891
-984
-1199
-1547
-1921
-2274
-2741
-2919
-3262
-1140
2058
4564
5343
4768
4169
1683
1684
2322
2630
1304
-622
-1465
-2754
-2321
-1645
-479
-814
-1699
-1720
-764
628
1521
1997
1058
457
435
1021
1050
1202
748
-544
-1394
-1294
-150
169
199
-365
-439
-178
721
2032
2479
2123
962
121
-424
-182
144
257
62
-28
90
430
877
721
126
-921
-1416
-1352
-643
-17
222
225
-133
-266
-267
-31
-23
-113
-211
-19
546
1011
1262
1105
729
1
-281
-133
42
509
426
370
194
248
314
0
104
-232
-499
-619
-573
-292
-147
-183
-222
-88
26
103
215
379
236
6
-222
-381
-278
-249
-377
-389
-276
-142
12
156
321
283
138
-67
-102
44
19
-3
-31
-151
-381
-714
-959
-1158
-1301
-1455
-1639
-1567
-1437
-1298
-1322
-1309
-1555
-1833
-2260
-2399
-2677
-2172
891
3570
5246
4533
3893
2142
552
1867
2785
3048
1042
-285
-1865
-2943
-2451
-1433
-642
-1351
-1559
-1018
420
1354
2024
1371
19
-619
-536
149
548
1165
520
-396
-869
-277
313
186
-249
-842
-711
-323
1012
1898
2067
1164
-97
-829
-974
-353
29
367
390
400
415
723
870
572
-153
-827
-857
-436
328
665
704
127
-561
-929
-883
-403
-39
355
611
982
1292
1406
1280
869
262
-293
-349
-144
394
760
669
437
67
-82
-363
-172
49
-42
-4
107
425
533
390
-12
-367
-624
-539
-52
590
873
636
245
-244
-526
-614
-593
-458
-321
-155
91
346
419
163
-275
-617
-688
-442
-66
327
575
453
94
-349
-785
-1305
-1798
-2129
-2369
-2196
-1938
-1576
-1280
-1152
-1255
-1629
-1967
-2193
-2471
-2532
-2699
-1998
1206
3996
5466
4384
3209
1262
-246
1686
3328
4214
2252
405
-1621
-3077
-2540
-1425
-64
-471
-991
-996
-103
425
575
77
-883
-1077
-461
1014
1947
2620
1725
134
-1010
-1097
-439
-33
414
196
109
83
820
1384
1035
-52
-1235
-1453
-967
313
1480
2099
1746
931
276
294
586
550
304
-109
-135
-182
-5
-55
-479
-1191
-1938
-1846
-1091
71
870
1248
1207
978
675
580
637
740
657
439
537
713
1029
585
-54
-781
-1221
-1123
-789
-6
365
526
353
79
129
109
55
-2
129
435
628
779
707
259
-399
-1044
-1271
-1003
-594
-220
-32
78
72
-52
-133
-232
-214
-172
-9
302
602
702
444
-67
-700
-1251
-1687
-1866
-1950
-1864
-1755
-1710
-1534
-1397
-1210
-1169
-1145
-1292
-1522
-1722
-1723
-1845
-1608
-1885
-552
2478
4238
4175
2116
1359
-644
61
3256
5314
5175
2275
317
-2681
-3526
-2367
-496
509
-267
-877
-1066
-614
-492
-455
-982
-1124
-731
622
1742
2099
1879
74
-1193
-1465
-55
1280
1827
1822
795
-64
-446
-63
360
239
-304
-581
-270
674
1276
1469
1082
77
-430
-336
686
1467
1581
1296
502
-63
-508
-628
-650
-1076
-1445
-1475
-949
-56
457
671
447
65
-19
164
722
1077
1054
744
515
557
842
719
467
-119
-570
-594
-690
-168
-28
72
-239
-446
-234
-252
-125
-128
8
326
483
678
711
384
-116
-831
-956
-789
-413
-32
58
70
-209
-460
-553
-550
-363
-189
-8
240
342
404
152
-281
-769
-1236
-1413
-1481
-1409
-1267
-1289
-1476
-1736
-1735
-1537
-1315
-1080
-991
-1240
-1517
-1989
-2291
-2553
-2438
551
3638
4968
3170
1380
126
-794
2397
5688
6794
3987
870
-1680
-3595
-2294
174
1870
1220
-576
-1936
-2282
-2125
-1605
-1650
-1434
-800
279
1547
1530
1153
-129
-1302
-1017
740
3014
3548
2636
1274
-295
-908
-217
921
1596
810
35
-597
-703
-192
6
282
150
-26
156
587
1173
1132
486
152
-22
294
434
246
-91
-940
-1350
-1281
-553
409
729
716
292
-184
-475
-667
-328
162
491
705
1021
1195
977
262
-473
-944
-865
-122
445
968
880
28
-952
-1602
-1317
-791
-138
401
441
442
129
-119
-181
-229
-165
-115
61
333
390
168
-284
-779
-849
-717
-343
-24
80
0
-407
-539
-375
-158
22
-102
-341
-839
-1300
-1520
-1461
-1220
-1045
-1125
-1149
-1305
-1538
-1663
-1692
-1574
-1757
-1824
-1999
-2055
-2029
388
3180
4240
2613
798
65
-267
3028
6144
6576
3380
280
-1596
-2799
-979
1910
2968
1174
-1209
-2566
-2913
-2620
-1417
-1101
-1349
-1242
-639
17
-304
-447
-670
-715
209
1921
3200
3006
1494
403
72
774
2156
2839
2487
633
-820
-1511
-1235
-224
510
568
43
-483
-684
-622
-438
-45
-18
356
688
1087
928
109
-576
-1048
-664
49
856
1198
899
358
-53
-198
-84
51
132
272
299
318
469
417
242
-339
-555
-479
-267
340
416
475
224
-111
-356
-675
-476
-284
-216
-46
-145
-71
-118
-24
252
257
280
131
-137
-285
-388
-187
10
-26
35
-15
32
-123
-395
-454
-516
-413
-266
-185
-154
-277
-653
-1119
-1400
-1250
-1055
-879
-844
-971
-1346
-1774
-1969
-2050
-1922
-1990
-1746
-2121
-2183
-2592
-1300
1924
3681
3130
612
21
-318
1920
5875
7327
4677
528
-1429
-2008
-516
2761
4677
2580
-880
-3240
-3169
-2244
-533
393
-686
-1894
-2279
-1622
-1633
-1289
-954
-644
-535
715
1930
1960
1061
198
852
1757
3462
4092
3214
1016
-593
-768
-231
767
1437
1110
-387
-1475
-1997
-1567
-1194
-547
-337
-413
-348
-343
-157
-310
-308
-382
-127
235
825
952
768
425
488
815
920
1017
767
559
216
347
364
410
230
0
-545
-851
-434
-261
-99
-162
-18
-394
-807
-733
-610
-414
-120
119
223
69
6
100
176
540
545
499
283
47
-6
-100
6
140
123
54
-69
-238
-383
-681
-736
-715
-588
-427
-487
-468
-636
-740
-856
-942
-899
-888
-889
-1091
-1253
-1489
-1615
-1890
-1913
-1957
-2081
-2418
-2563
-2923
-1909
1071
3024
2303
82
54
137
2246
5775
7083
3963
-116
-922
-306
1074
3557
4825
2181
-1551
-3244
-1977
-723
516
729
-1035
-2922
-3561
-2439
-1974
-1501
-1052
-780
-1066
-508
471
688
367
358
1583
2435
3582
3901
3211
1420
456
1082
1781
2108
1808
1155
-253
-1089
-1267
-831
-859
-872
-1182
-1605
-1647
-1471
-1102
-1194
-1052
-1048
-890
-791
-256
189
436
672
1009
1493
1532
1555
1410
1470
1615
1614
1427
1183
917
426
-199
-407
-340
-252
-265
-657
-1153
-1619
-1740
-1535
-1176
-758
-526
-524
-508
-294
105
538
826
1020
925
740
680
704
782
766
718
663
543
369
92
-217
-476
-719
-798
-778
-675
-606
-706
-860
-940
-880
-867
-797
-959
-1191
-1532
-1602
-1611
-1534
-1524
-1522
-1622
-1760
-1889
-2141
-2253
-2441
-287
1814
2331
299
-720
-37
1004
4057
6239
4950
498
-1438
-380
1428
3139
5000
3673
-302
-2894
-2155
161
1087
1687
326
-2023
-3689
-3068
-1726
-1182
-888
-935
-1253
-1855
-1242
-616
-112
-45
607
1404
1714
2281
2369
2078
1277
1575
2266
2563
2050
1539
999
549
455
582
677
16
-548
-1334
-1524
-1496
-1110
-1024
-1315
-1669
-1989
-1876
-1607
-892
-466
-86
-30
166
409
813
1267
1592
2002
2118
2278
1932
1907
1855
1813
1485
1055
778
343
-113
-718
-1168
-1553
-1573
-1616
-1564
-1792
-1896
-1931
-1768
-1306
-758
-258
-146
-17
92
348
611
986
1275
1370
1295
1148
1114
1043
899
612
345
176
-16
-119
-187
-401
-768
-1144
-1505
-1570
-1699
-1665
-1794
-1973
-2114
-2449
-2444
-2587
-2444
-2456
-2251
-2167
-1944
-2135
-784
1404
2151
727
-840
370
1399
3849
6032
5608
1338
-1493
-88
2257
3553
4544
4250
489
-2557
-2401
442
1280
1225
424
-1758
-3567
-3400
-1486
-1050
-1111
-1252
-1349
-2367
-2245
-1138
-231
62
263
1052
903
1145
1550
2165
2188
2297
2460
2143
1626
1338
1528
1430
1541
1184
828
78
-381
-733
-984
-1114
-1393
-1515
-1708
-1607
-1818
-1883
-1914
-1520
-1247
-1043
-845
-684
-367
-119
446
889
1607
1879
1718
1525
1626
1916
2047
2152
1921
1297
825
743
578
375
-73
-572
-1113
-1417
-1266
-1324
-1509
-1753
-1864
-1758
-1542
-1069
-700
-739
-667
-457
-215
126
445
886
1088
1196
1359
1386
1227
984
930
994
919
767
501
62
-274
-614
-759
-992
-1349
-1725
-2137
-2162
-2271
-2438
-2819
-3039
-3120
-3022
-2902
-2618
-2505
-1871
316
1499
892
-1030
-496
971
3042
5504
5950
3201
-274
109
2527
4364
4948
4934
2203
-1112
-1749
737
2486
1819
701
-1332
-3187
-3704
-1987
-962
-1299
-1888
-2257
-2845
-3076
-1887
-876
-530
-755
-309
-93
183
1089
1969
2230
1990
2340
2383
2114
1892
2373
2601
2463
2078
1551
952
429
446
381
197
-542
-1294
-1990
-2161
-2041
-1994
-2060
-2175
-2090
-2086
-1789
-1478
-1039
-801
-454
-162
461
1064
1596
1873
1891
2015
2061
2353
2378
2274
2003
1683
1324
1141
857
583
87
-347
-618
-830
-896
-1137
-1414
-1786
-1920
-1704
-1359
-1245
-1287
-1369
-1268
-934
-612
-276
-6
345
630
821
973
1129
1316
1429
1369
1247
1098
928
765
528
233
-212
-655
-1129
-1473
-1870
-2122
-2480
-2784
-3188
-3565
-3657
-3905
-3615
-3610
-2201
-426
62
-1283
-2347
-900
844
3084
4609
4269
1393
-126
1564
4239
5416
5314
4402
1705
-139
498
2979
3541
2391
623
-1420
-2746
-2440
-973
-873
-1571
-2498
-3039
-3760
-3315
-1914
-1047
-1059
-1399
-1114
-1059
-349
820
1840
1784
1507
1630
1718
1838
2162
2819
2842
2635
2257
1938
1461
1197
1240
1155
796
93
-533
-1112
-1264
-1315
-1470
-1963
-2426
-2609
-2600
-2294
-1973
-1643
-1651
-1661
-1260
-642
-94
366
831
1154
1512
1842
2156
2005
1890
1916
1900
1886
1681
1600
1273
775
397
356
290
3
-526
-974
-1335
-1436
-1182
-1078
-1174
-1472
-1671
-1660
-1473
-1224
-1019
-1019
-915
-587
-210
107
411
736
771
742
902
1123
1157
1107
1074
933
557
186
-135
-465
-782
-1075
-1473
-1937
-2385
-2759
-3215
-3379
-3398
-2724
-1437
-928
-1808
-3146
-2531
-923
1056
2643
2780
896
-970
-91
2448
4393
4820
4423
2623
716
670
2732
4336
3856
2427
573
-826
-1118
-46
403
-347
-1507
-2405
-3149
-3448
-2579
-1708
-1619
-2167
-2238
-2095
-1775
-817
417
994
744
716
894
1215
1644
2355
2670
2433
2201
2105
2051
1913
1960
1902
1680
1228
738
139
-236
-161
-161
-412
-1037
-1499
-1947
-2107
-1935
-1561
-1376
-1603
-1798
-1924
-1074
-474
-41
-117
-18
383
693
1469
1693
1544
1127
1204
1537
1955
1868
1646
1107
650
707
810
1014
557
41
-547
-875
-758
-455
-549
-985
-1411
-1556
-1259
-1083
-864
-1027
-1171
-1174
-925
-569
-218
91
133
39
-64
204
387
573
531
471
384
194
-12
-278
-495
-727
-948
-1362
-1797
-2270
-2490
-2577
-1647
-576
-717
-2172
-2962
-2218
-971
765
1961
1371
-824
-1554
-67
1897
3124
3525
2930
1118
152
1081
3077
3994
3500
2136
565
11
591
1504
1368
583
-427
-1449
-2168
-2028
-1341
-1206
-1627
-2105
-2179
-2196
-1880
-1277
-698
-362
-131
189
257
406
778
1334
1694
1907
2006
1911
1683
1540
1627
1635
1630
1486
1199
713
297
111
101
80
-156
-634
-1137
-1379
-1249
-927
-881
-1024
-1238
-1327
-1243
-880
-368
-130
-137
-274
-255
22
495
859
932
761
623
632
822
1118
1255
1207
888
538
304
218
204
174
26
-233
-481
-624
-658
-688
-775
-863
-904
-1021
-1048
-934
-771
-747
-786
-775
-651
-512
-425
-373
-353
-327
-305
-179
-135
-193
-360
-571
-713
-726
-624
-722
-1051
-1423
-1667
-1056
-232
-164
-1137
-1673
-1277
-584
584
1649
1428
-322
-1245
-443
1118
2345
3105
2822
1124
-192
139
1729
2831
2976
2103
556
-414
-74
935
1335
1162
484
-496
-1334
-1165
-439
-207
-625
-1190
-1458
-1555
-1237
-812
-663
-879
-824
-413
-67
147
374
676
816
1051
1422
1750
1744
1496
1340
1296
1381
1404
1328
976
533
207
111
152
134
30
-289
-559
-762
-763
-709
-563
-565
-652
-728
-837
-796
-660
-323
-255
-366
-500
-339
-3
325
549
631
588
426
410
514
742
835
804
599
374
332
330
241
43
-123
-291
-396
-400
-277
-272
-439
-628
-690
-646
-635
-598
-648
-707
-734
-654
-565
-501
-529
-646
-722
-738
-593
-507
-483
-559
-707
-818
-884
-888
-945
-970
-1130
-872
-265
64
-388
-1116
-1111
-762
14
931
1330
461
-681
-735
132
1085
1817
2312
1781
745
282
947
1879
2360
2271
1426
454
22
376
700
787
616
136
-529
-892
-597
-255
-220
-445
-553
-643
-599
-385
-258
-372
-489
-257
-15
171
269
339
258
196
445
831
1132
1171
1015
712
592
759
1050
1151
938
601
160
-137
-198
-19
85
-40
-183
-431
-652
-760
-652
-471
-298
-202
-370
-678
-783
-552
-311
-182
-200
-258
-360
-430
-298
-45
152
159
81
31
68
176
241
156
98
113
133
100
-17
-96
-120
-127
-174
-243
-307
-380
-483
-509
-462
-405
-384
-379
-368
-416
-458
-501
-517
-528
-485
-419
-414
-501
-643
-756
-807
-846
-872
-880
-865
-875
-959
-1054
-1147
-800
-288
64
-154
-382
-397
-279
248
920
1194
520
-114
-228
92
578
1289
1822
1463
782
410
745
1230
1695
1868
1527
974
554
463
384
477
528
414
-20
-405
-511
-506
-486
-536
-469
-403
-301
-238
-158
-146
-140
8
174
411
533
533
312
107
138
403
781
920
769
418
244
243
435
553
542
368
98
-81
-95
42
22
-64
-167
-188
-236
-250
-202
-191
-146
-107
-60
-42
-5
81
75
-46
-111
-105
-47
-5
10
-6
-169
-356
-403
-294
-130
-87
-168
-282
-330
-288
-200
-185
-236
-257
-208
-127
-115
-101
-91
-118
-135
-95
-57
-115
-219
-237
-170
-48
56
-31
-275
-453
-429
-308
-236
-234
-297
-517
-794
-959
-906
-808
-802
-906
-1032
-1147
-1244
-1181
-1029
-653
-339
-232
-415
-483
-326
-129
214
605
804
468
154
118
361
689
1053
1279
1095
832
680
848
1058
1253
1245
1015
799
663
655
611
572
390
175
25
49
133
74
-100
-312
-353
-288
-107
61
116
-1
-136
-75
48
187
286
337
281
195
141
195
288
299
222
103
69
51
66
36
-50
-134
-155
-107
-58
40
68
8
-120
-71
78
200
200
200
207
194
187
220
253
204
171
134
137
106
90
21
-78
-187
-224
-229
-268
-310
-352
-409
-485
-503
-488
-418
-362
-305
-303
-299
-239
-142
-28
14
79
150
222
204
148
128
210
312
310
229
109
88
54
53
57
18
-113
-314
-461
-480
-389
-388
-460
-578
-666
-742
-730
-612
-547
-509
-562
-660
-743
-736
-636
-509
-398
-415
-441
-375
-241
-190
-171
-123
-129
-39
127
294
320
313
309
256
276
420
633
694
712
740
763
779
804
824
748
662
625
664
644
614
553
417
261
176
261
354
314
144
39
-41
-68
-26
43
75
-44
-201
-331
-334
-273
-236
-317
-419
-448
-364
-225
-176
-184
-207
-181
-120
24
221
342
365
314
278
316
433
565
633
643
592
483
445
454
550
533
385
217
75
45
31
26
-96
-263
-445
-517
-547
-545
-539
-590
-615
-648
-601
-572
-518
-428
-304
-214
-126
-29
0
0
73
195
302
357
325
276
183
155
193
198
226
244
140
35
-73
-64
-41
-86
-110
-210
-234
-243
-253
-340
-466
-468
-414
-340
-355
-363
-346
-271
-223
-160
-163
-232
-208
-170
-75
-8
17
-27
-151
-187
-121
-25
47
-9
-93
-225
-262
-188
-165
-200
-266
-280
-261
-282
-253
-294
-341
-359
-311
-163
-66
-14
-28
33
88
148
247
368
407
417
417
411
469
521
550
423
331
279
272
258
175
88
-12
-121
-219
-197
-206
-228
-278
-291
-249
-177
-52
-44
-64
-14
114
244
359
463
545
583
599
636
682
731
716
700
689
637
538
446
433
360
221
107
47
-14
-85
-177
-245
-374
-477
-475
-442
-292
-261
-290
-338
-380
-328
-275
-156
-65
8
60
66
147
195
220
219
171
183
191
229
232
109
19
-26
0
-11
-90
-125
-132
-145
-217
-230
-196
-180
-206
-228
-304
-323
-225
-212
-157
-177
-236
-283
-342
-242
-131
-62
4
-72
-77
-96
-50
53
117
179
100
44
-20
46
141
159
178
149
114
28
-26
-11
-27
-16
-61
-89
-156
-202
-157
-213
-180
-212
-167
-185
-226
-176
-245
-221
-190
-152
-183
-143
-99
-106
-90
-191
-229
-238
-158
-124
-133
-208
-358
-438
-449
-317
-226
-159
-146
-321
-335
-230
-95
66
122
219
143
172
306
463
491
524
575
494
460
412
416
339
318
351
341
288
204
34
-22
-35
-46
-1
-94
-189
-285
-337
-320
-273
-225
-248
-214
-135
-162
-135
-91
-75
-19
57
156
229
222
295
322
334
362
381
332
331
340
350
340
179
213
83
11
82
28
47
-30
-32
-149
-255
-113
-125
-147
-108
-129
-102
-135
-149
0
-17
24
27
17
149
117
255
274
370
348
192
380
330
415
349
244
310
214
293
303
207
143
50
-14
-58
30
-27
-13
-20
-36
-1
-146
-127
-147
-113
-132
-55
-65
-129
-115
-102
21
76
79
92
78
81
-13
-53
-1
-50
6
-115
-198
-136
-295
-321
-304
-322
-303
-451
-192
-318
-399
-205
-357
-252
-361
-120
-218
-259
5
24
44
2
32
7
16
104
202
211
202
84
127
-49
85
-72
-128
-50
-112
23
-263
-137
-212
-390
-301
-315
-172
-174
-221
-95
-169
-205
-212
-155
-14
-87
40
143
0
-29
55
62
231
238
346
363
241
213
51
3
120
98
172
114
-6
46
-173
-43
6
75
60
11
34
-39
36
79
191
206
126
195
165
162
258
283
359
333
351
358
245
270
229
241
424
403
269
185
24
-42
-140
-44
135
-73
-78
-199
-127
-158
-171
17
8
-59
-176
-32
-154
-26
-15
158
180
54
256
-17
108
106
224
360
256
409
219
85
149
-10
134
48
45
72
-163
-223
-372
-313
-361
-308
-240
-208
-409
-402
-373
-292
-282
-430
-224
-389
-166
-173
-95
-98
-184
-189
-140
-82
-3
72
2
-3
-51
49
-103
61
42
36
-107
-185
-83
-202
-51
-93
-7
-112
-166
-155
-192
-49
-170
-132
-23
-6
-76
-94
-105
-173
-55
-72
115
18
46
140
35
75
32
170
90
114
78
132
8
4
22
-32
11
-55
28
-40
17
-83
46
-70
-37
64
15
100
69
116
31
30
224
229
232
290
184
188
80
140
166
135
201
132
182
15
-57
-58
-133
-175
-160
-108
-184
-203
-220
-253
-215
-140
-150
-148
-125
-131
-37
15
106
96
59
142
132
264
254
298
273
212
279
208
276
235
174
132
88
136
127
53
68
0
-82
-102
-113
-165
-40
-117
-56
-56
-228
-151
-182
-43
-58
-54
72
-67
20
-26
0
-19
53
88
-85
154
-68
-43
-58
-148
22
-23
88
17
-149
-217
-175
-154
-89
19
-34
-101
-236
-46
-77
-59
113
-31
-41
-168
-51
-77
-51
40
34
53
47
15
42
65
3
47
32
34
74
116
145
117
110
143
71
125
139
176
92
57
-23
-3
31
78
98
25
74
-109
61
11
99
174
133
186
82
200
-1
0
67
186
51
165
132
-110
-95
-213
-61
-149
-156
-93
-269
-278
-389
-312
-299
-282
-259
-296
-310
-330
-106
-225
-166
-45
-94
18
87
169
114
164
146
243
309
213
242
150
146
16
137
196
2
-68
-56
-59
-80
-95
-142
-163
-253
-147
-264
-147
-219
-213
-168
-287
-112
-102
-61
-89
-29
-22
2
23
136
67
33
10
45
155
132
107
143
99
11
24
53
45
22
39
101
42
72
154
-6
46
43
-38
16
29
147
2
58
73
-6
91
35
152
103
76
101
13
139
-39
52
35
48
141
42
104
-47
70
41
43
59
65
-1
-9
12
11
38
-47
16
76
8
-46
84
17
71
-24
60
30
48
109
72
141
101
48
91
185
-4
104
107
69
107
-52
-15
-115
-193
-141
-238
-45
-211
-159
-198
-388
-247
-295
-129
-158
-105
-184
-187
-153
-176
-11
-24
72
37
163
104
-18
152
89
67
-9
88
0
-4
-20
-138
-134
-310
-335
-243
-320
-400
-357
-319
-390
-437
-368
-326
-331
-315
-282
-283
-230
-188
-145
-141
-132
-17
27
32
128
99
146
134
175
205
185
266
244
252
196
183
156
142
223
148
245
212
119
199
196
141
256
205
164
302
111
250
211
201
282
174
369
231
243
339
264
419
240
315
316
147
251
262
286
138
96
142
98
93
114
37
-14
-6
-4
0
-72
-32
-67
-122
-64
-24
14
3
-92
9
-79
-73
30
40
101
-31
42
24
-27
-41
-66
-11
-102
-77
-34
-215
-141
-167
-191
-125
-271
-162
-223
-169
-84
-179
-84
-104
-43
46
-6
91
-39
30
90
51
163
156
164
203
185
229
140
126
41
74
112
-24
34
-57
-58
-105
-134
-117
-178
-224
-238
-226
-251
-301
-206
-241
-182
-260
-256
-198
-285
-204
-231
-237
-143
40
-97
-99
-91
-116
-47
-3
87
55
110
25
-38
24
11
24
154
125
35
-64
25
26
25
121
7
92
4
-5
85
12
84
38
-19
32
-16
139
127
53
177
-30
126
126
159
180
105
131
69
123
95
34
31
82
23
102
-89
16
-33
-153
-97
-112
8
-146
-18
-94
-172
-94
-152
-99
-105
-176
-74
-120
-46
-4
-123
-63
-146
-160
10
-41
18
-19
-170
-87
-197
-80
-116
5
-102
-137
-76
-49
-40
-87
26
-4
19
-31
107
37
45
94
141
206
176
241
251
191
90
169
123
160
188
193
143
37
105
-4
19
34
36
58
-100
-66
-121
-98
-67
-145
-24
-119
-201
-128
-183
-98
-159
-98
-131
-151
-161
-239
-51
-134
-20
-86
-86
-65
-91
-31
-148
-45
-163
-122
-68
-85
13
-80
7
-22
-52
-66
-81
-23
-15
21
59
94
-16
15
16
17
-17
-2
68
74
168
154
145
129
132
150
189
174
137
196
56
122
30
66
49
5
29
-2
5
-67
-58
-30
-15
-99
-65
-121
-107
-176
-160
-139
-171
-106
-192
-17
-80
-90
-58
-76
-27
-69
95
40
81
25
-15
29
49
-20
-27
5
-87
-3
-40
6
0
8
37
3
-4
66
91
159
107
76
149
58
109
66
165
115
110
293
150
153
93
161
150
172
226
132
137
97
172
99
80
105
62
-41
-35
34
57
-15
18
15
-34
4
-24
40
-14
27
-3
-11
-46
-19
-55
-24
1
-43
-114
-109
-10
-78
-31
-59
48
-123
-9
45
-57
85
53
34
-106
-35
109
51
27
52
-14
-68
-73
21
99
5
113
58
69
53
34
96
58
113
20
59
46
65
6
47
67
-19
11
-23
-30
-11
-21
0
-65
-33
-49
-99
-74
-128
-118
-105
-185
-164
-172
-163
-160
-190
-86
-167
-143
-66
-72
-42
-59
-16
-34
-90
-45
2
14
2
-11
-14
-24
-90
-18
-87
-82
-66
-89
9
-23
-45
-4
-17
-62
-28
11
118
13
153
2
130
47
2
119
46
170
39
149
178
77
42
101
91
36
35
77
37
-60
-59
27
-29
16
-33
-37
-151
-110
-23
-40
22
-35
12
-31
-53
-77
-71
-109
-30
-43
2
-6
-20
-15
-43
-22
61
17
69
45
53
101
11
107
69
133
122
98
140
89
77
130
170
111
40
104
83
88
105
132
124
65
105
75
134
95
72
125
7
66
12
106
96
85
150
-49
34
-62
8
-59
3
-17
-97
-23
-149
-63
-197
-176
-201
-148
-95
-180
-145
-155
-196
-166
-120
-168
-94
-75
-41
-73
-42
-20
-100
-18
-64
17
-9
13
60
15
69
115
107
47
-26
-14
70
-17
75
57
17
55
7
-20
-68
-85
-49
45
-19
-69
-114
-107
-93
-84
-8
-86
-95
-73
-80
-100
-78
-55
-58
-127
-124
-129
-147
-78
-55
-45
-55
-110
-145
-128
-94
-58
-84
-77
-51
-118
-97
-2
-86
-54
-60
-82
-55
6
-4
33
129
91
66
-1
15
29
2
72
170
35
125
69
54
103
145
214
172
249
181
197
187
270
232
274
313
194
205
207
179
223
291
180
189
118
202
169
192
216
193
177
218
164
70
56
30
153
88
96
119
34
0
14
39
43
-68
-91
-71
-90
-117
-88
-89
-44
-123
-137
-139
-202
-247
-266
-109
-164
-160
-158
-126
-162
-123
-125
-71
-137
-121
-179
-188
-169
-196
-117
-136
-62
-152
-16
-98
-39
-6
-51
-42
-84
-39
-55
-32
-87
-51
-60
-30
-36
-59
-54
-115
-99
-123
-111
-55
-71
-64
-81
-113
-118
-75
-60
-103
-128
-146
-221
-161
-161
-143
-114
-132
-63
-111
-108
-48
-85
-64
-40
-99
-9
-75
-35
-10
-29
49
-21
53
45
-2
68
45
116
164
144
154
132
131
224
214
241
292
168
214
146
216
294
192
260
304
213
258
252
273
262
214
222
139
122
121
134
120
108
70
-19
-9
-3
10
105
59
36
0
-43
-7
-27
20
16
-67
-25
-55
-51
-61
-61
-11
-79
-36
-15
-79
-43
-23
-114
-74
-75
-107
-102
-71
-57
-55
-105
-25
-106
-95
-69
-178
-37
-136
-85
-60
-37
11
-63
14
0
-70
21
-28
7
14
-33
32
-44
-1
-22
33
-52
11
11
-119
-75
-116
-56
-63
-3
6
-61
-64
-62
-72
-42
-12
-29
-34
-25
-97
-56
-17
-60
30
-32
-22
-17
-64
-14
-89
-58
-50
-11
17
-9
26
-28
5
-8
-6
57
-1
72
44
45
50
65
110
105
104
102
80
91
115
159
163
120
195
110
136
100
111
119
37
63
77
43
28
51
0
-4
-56
-7
-26
-38
1
-93
-94
-143
-127
-103
-77
-56
-53
-88
-133
-114
-163
-110
-164
-37
-73
-99
-54
-134
-66
-150
-46
-97
-118
-94
-149
-93
-113
-81
-63
-38
-30
-24
-16
1
-62
-4
26
-14
47
7
123
11
48
78
14
66
5
140
41
79
113
91
83
77
136
99
79
90
39
2
29
64
11
-32
-12
-36
27
17
45
15
-2
-47
-64
9
-16
26
36
35
36
-14
54
-53
-5
-4
-58
16
-49
-37
4
9
28
54
-8
30
-8
21
-5
29
62
-24
35
31
30
18
32
58
60
72
136
94
56
52
25
83
34
94
47
15
46
29
50
-3
14
-11
8
-31
17
-25
-33
0
-36
-1
-78
-30
-34
-52
-52
-27
-68
-85
-93
-85
-70
-127
-37
-94
-68
-70
-79
-50
-113
-63
-132
-114
-101
-143
-70
-50
-97
-67
-60
-110
-39
-94
-15
-2
-20
57
-41
23
2
-25
38
5
15
74
15
107
62
64
100
73
96
12
85
49
88
62
128
148
30
91
13
38
34
28
115
90
84
73
77
61
53
52
56
0
-9
-3
-29
-97
-34
-4
-40
25
6
-17
-52
-22
-18
-48
16
-8
28
-19
4
18
30
78
-32
30
-40
-51
-54
-7
31
-16
28
58
42
57
103
37
72
57
56
95
33
69
55
59
110
55
104
56
39
74
69
56
25
67
-20
11
25
29
40
27
-21
-12
-63
-18
-48
-17
-44
-69
-27
-112
-20
-125
-63
-73
-84
-39
-99
-63
-114
-109
-87
-98
-120
-84
-88
-118
-90
-76
-70
-62
-99
-83
-88
-111
-85
-98
-44
-79
-72
-45
-90
-81
-104
-21
-91
-36
-32
-12
12
-32
2
-34
21
4
1
1
-6
-2
-24
47
-38
20
3
-27
62
21
80
32
70
26
29
30
61
54
63
69
40
27
25
53
11
105
16
63
7
7
51
20
74
-9
8
-20
-19
23
44
10
51
-2
30
40
21
118
44
92
127
70
111
95
126
102
53
91
115
51
89
118
49
82
66
82
80
92
77
80
49
39
41
56
56
30
73
-17
43
-18
9
28
9
71
-20
19
-51
-17
4
-27
-16
-18
-8
-68
-20
-49
-32
-67
-49
-25
-57
-21
-124
-29
-85
-86
-34
-100
-78
-152
-157
-84
-92
-68
-55
-72
-28
-64
-46
-17
-14
-3
21
-8
3
-31
-51
-19
-33
-16
-49
0
-71
2
-26
-21
20
-32
45
15
50
35
-48
-22
9
2
43
10
-10
45
-57
21
62
-19
98
-24
17
-4
-21
56
-23
74
23
-7
44
24
9
-23
32
-10
-16
13
-52
-21
-30
-52
-37
-38
-24
-41
-39
-4
-28
-8
16
-27
41
13
27
66
27
73
54
76
52
18
45
-21
62
48
73
52
43
48
48
41
52
93
9
56
-23
49
30
15
42
5
21
3
-7
15
-52
-69
-12
-55
-8
-36
-69
-69
-89
-26
-41
-31
-74
-78
-75
-118
-53
-39
4
-78
-25
-74
-81
-80
-44
-73
-98
-33
-149
-47
-71
-45
-10
-6
-6
-35
-32
25
51
68
73
53
74
19
46
21
46
20
51
36
28
86
65
99
55
109
93
127
130
93
126
72
49
95
108
100
66
67
81
-28
31
15
14
-19
-15
-10
-76
-39
-94
-47
-63
-26
-75
-78
-69
-82
-34
-68
-53
-72
-83
-62
-64
-55
-32
-77
-71
-55
-43
-66
-73
-25
-65
-21
-37
16
-23
11
28
26
36
-1
47
-60
-4
0
-41
-5
-1
-6
9
7
58
26
45
57
34
89
24
71
75
26
108
24
88
45
15
63
-8
25
24
32
11
14
16
53
-5
-15
-12
-28
-12
7
18
-19
-13
-51
-36
-36
14
-70
10
6
-23
7
-28
62
-35
3
-3
-8
-7
-49
54
-22
-8
64
53
74
-7
28
56
51
74
86
52
18
55
57
84
68
76
70
22
35
31
29
11
38
23
-22
-1
-24
24
-30
7
10
-15
-8
-71
-27
6
-19
-9
-2
-24
-34
-77
-28
-35
-65
-28
-54
-79
-40
-89
-92
-76
-115
-68
-79
-45
-63
-61
-74
-58
-45
-32
-32
-42
-6
-32
-23
-20
-1
-26
-23
-63
-67
-21
-63
-36
-47
-29
-33
-32
-3
-10
-2
-24
-12
43
11
60
47
33
4
-16
4
-17
18
11
31
11
3
-19
-19
-33
-11
-4
-16
-56
-43
-22
-76
-44
-56
-6
-80
-62
16
-7
23
6
13
-11
-27
4
2
37
-15
31
37
1
23
5
27
46
68
80
68
85
89
66
62
79
56
88
100
33
117
50
88
94
88
119
63
103
72
88
79
104
133
88
99
62
75
32
16
14
-2
37
29
54
23
-3
-3
35
8
8
48
11
5
-4
-9
-12
-28
9
-26
-58
-30
-40
-24
-52
-53
-60
-61
-43
-54
-40
-47
-65
-10
-48
-33
-22
-23
-17
-54
5
-36
1
-9
2
25
-33
61
-3
-6
-12
-11
-11
-32
1
-9
-2
-17
-8
-9
-6
3
23
33
22
25
11
-42
-9
-30
-9
-11
-45
-2
-34
13
-28
-24
-24
-60
-45
-45
-13
-33
-28
-29
-51
-40
-54
-37
-4
-3
-34
-21
-51
-28
-10
-3
24
-10
-19
-20
-1
12
-10
27
-12
-3
20
-18
4
-41
0
-16
2
6
9
55
7
32
18
25
19
11
42
60
37
20
33
7
-11
21
31
47
5
29
49
11
70
5
-24
20
-22
45
10
3
7
-61
-4
-34
-10
-12
7
25
3
16
-10
15
-8
19
0
-8
-22
-38
3
-23
20
-27
-9
-6
-19
28
-3
21
-2
-7
49
-5
11
39
-3
25
-8
15
-3
-7
25
20
29
25
13
-19
28
5
-1
38
23
-3
-35
5
-10
-6
7
-8
15
-34
9
-4
-3
30
-32
8
-17
-12
18
-26
7
-4
-51
-28
-59
-8
-27
-46
-14
-37
-51
-56
-25
-46
-42
-53
-47
-67
-88
-52
-76
-57
-67
-55
-68
-90
-35
-40
-12
-26
7
-12
-15
12
15
0
7
-1
-5
7
-17
24
-16
19
-5
16
27
-5
68
19
35
44
22
38
-5
37
34
21
57
39
44
67
33
58
39
31
40
32
32
-5
37
58
8
0
34
1
7
64
45
47
22
50
25
4
65
9
36
43
14
32
22
3
8
6
4
2
-1
19
-10
37
26
29
46
15
34
21
33
30
29
33
38
-8
8
-11
14
24
23
38
6
21
18
30
25
36
10
34
18
15
-4
-15
-20
-58
-32
-43
-51
-59
-62
-70
-40
-53
-28
-21
-23
-37
-53
-62
-72
-70
-91
-61
-75
-84
-106
-89
-95
-98
-53
-53
-57
-58
-49
-64
-68
-45
-47
-47
-15
-22
-3
-41
-13
-18
-18
-16
-17
28
-20
19
1
7
23
24
55
31
45
24
47
38
33
42
13
27
17
31
40
20
58
47
32
51
44
55
20
40
41
52
54
24
65
13
36
15
29
23
12
38
18
9
-3
36
7
41
24
30
23
-2
19
-5
43
42
26
31
-7
26
11
18
55
24
40
17
31
9
9
21
42
46
51
47
51
72
40
32
36
40
14
57
1
18
-13
-9
31
-12
30
-10
13
-5
-27
7
-10
-5
-19
-42
-65
-60
-63
-79
-41
-76
-73
-85
-79
-100
-82
-71
-91
-59
-73
-28
-62
-54
-59
-97
-69
-77
-26
-29
-53
-38
-69
-74
-67
-33
-24
-20
-10
-31
-38
-19
-13
9
11
-5
12
-17
5
20
17
22
12
9
3
-6
27
46
33
47
34
32
28
36
50
36
17
24
32
22
38
48
13
10
-5
-2
17
19
18
9
-7
-26
-12
4
24
19
14
-14
6
-8
29
16
49
29
-6
19
-13
22
-3
36
-6
19
-8
1
11
-1
32
-3
48
19
49
14
28
30
-9
47
-11
56
23
5
61
-9
18
19
-11
33
14
-9
42
-20
18
-4
-19
17
-44
-16
-2
-36
-15
7
-45
-16
-30
-33
-39
-46
-15
-41
-18
-23
-24
-39
-59
-39
-53
-36
-25
-28
-7
-61
-24
-34
-45
-13
-30
1
-24
-13
-7
-9
-8
-14
-9
-24
2
9
15
-5
7
-2
-15
36
28
45
15
18
28
19
27
26
60
16
20
21
24
12
18
47
19
28
3
18
27
7
20
16
21
-6
14
17
15
25
-5
-2
-13
3
-7
47
19
35
12
-31
26
-50
38
-23
17
25
-51
22
1
-2
-21
2
-4
-5
14
24
19
-12
-21
