-5
-5
-6
-6
-6
-8
-10
-13
-15
-18
-20
-21
-24
-26
-28
-30
-32
-33
-34
-36
-39
-40
-41
-40
-40
-37
-35
-31
-28
-25
-23
-19
-18
-13
-11
-7
-2
-1
3
5
8
10
12
13
13
14
14
15
14
13
12
11
11
12
11
10
10
12
13
15
18
20
22
23
26
28
31
34
37
41
44
49
51
52
54
53
54
54
54
52
52
49
48
46
43
42
39
38
33
33
29
28
24
22
22
21
22
21
22
22
21
20
20
19
18
18
16
15
14
13
12
8
6
2
-3
-8
-14
-20
-29
-35
-41
-47
-54
-59
-66
-71
-77
-80
-82
-84
-85
-83
-82
-79
-76
-73
-68
-64
-59
-55
-53
-51
-49
-49
-48
-49
-47
-50
-51
-53
-56
-61
-65
-67
-72
-77
-80
-84
-85
-86
-84
-84
-82
-76
-69
-59
-47
-33
-20
-4
16
37
57
77
97
118
133
152
167
181
192
200
207
209
211
210
205
196
187
178
165
150
135
120
103
85
67
51
34
20
8
0
-7
-10
-10
-10
-7
-1
5
11
17
24
30
32
37
40
41
37
34
26
17
7
-4
-18
-33
-46
-58
-71
-85
-97
-109
-123
-135
-145
-156
-166
-178
-184
-191
-194
-197
-197
-197
-194
-189
-183
-180
-174
-168
-166
-163
-160
-158
-161
-165
-167
-169
-172
-173
-172
-171
-165
-154
-139
-122
-99
-71
-40
-4
36
78
117
153
192
225
255
280
300
313
320
325
326
317
306
293
275
254
230
203
174
141
108
76
44
14
-17
-43
-66
-85
-98
-110
-118
-117
-111
-100
-83
-59
-32
-3
30
63
95
124
150
170
184
192
192
186
176
161
143
122
98
78
57
36
16
2
-12
-24
-32
-38
-42
-47
-48
-52
-53
-52
-50
-49
-51
-49
-48
-47
-44
-42
-35
-26
-20
-10
-2
6
11
13
15
12
1
-9
-23
-40
-55
-72
-90
-107
-119
-128
-138
-145
-152
-165
-178
-188
-198
-210
-216
-227
-241
-251
-264
-277
-296
-316
-329
-338
-341
-340
-328
-315
-287
-242
-192
-137
-82
-25
33
90
148
200
234
266
294
313
329
342
345
335
325
314
301
286
264
236
211
183
156
128
97
64
34
13
-12
-37
-62
-76
-80
-87
-72
-50
-33
-9
22
59
103
150
191
226
258
276
294
305
308
302
280
262
242
228
215
193
158
124
94
73
57
39
27
16
18
5
-5
-12
-20
-27
-46
-47
-49
-60
-60
-63
-56
-46
-43
-25
-17
-3
7
14
24
12
16
2
-11
-15
-28
-30
-38
-38
-46
-63
-72
-75
-72
-76
-72
-75
-78
-70
-66
-65
-77
-80
-78
-87
-92
-106
-123
-139
-160
-166
-177
-188
-197
-209
-221
-231
-242
-251
-261
-277
-298
-318
-334
-352
-367
-387
-418
-442
-456
-476
-497
-516
-534
-543
-527
-487
-430
-387
-321
-237
-175
-66
58
167
226
272
332
353
387
428
423
388
367
379
386
391
399
358
324
304
289
271
237
209
147
119
124
107
86
49
19
-8
-16
14
5
5
12
24
76
133
200
224
242
267
286
316
334
339
305
273
256
226
200
174
142
105
70
64
66
62
44
21
24
32
49
57
41
30
12
-1
-8
-24
-57
-92
-110
-114
-109
-99
-99
-90
-73
-48
-7
0
18
14
3
3
-15
-22
-56
-74
-86
-94
-78
-76
-67
-71
-66
-33
-33
-12
1
6
1
-18
-12
-32
-48
-65
-85
-94
-93
-91
-107
-125
-140
-156
-169
-180
-194
-226
-264
-291
-323
-353
-396
-440
-486
-526
-509
-489
-447
-401
-333
-231
-141
-20
113
232
301
363
441
488
514
526
509
474
430
412
398
383
371
312
280
252
231
208
156
118
54
9
-15
-40
-59
-94
-129
-155
-172
-165
-153
-139
-119
-83
-32
34
108
164
225
258
289
324
345
347
314
286
268
248
209
165
114
61
11
-22
-35
-74
-104
-120
-137
-127
-115
-121
-124
-129
-139
-141
-138
-125
-133
-133
-119
-92
-48
-11
33
63
86
116
145
158
165
169
160
151
132
108
88
60
37
14
6
6
-6
-5
-8
-7
-4
2
10
4
-4
-10
-4
-7
-14
-11
-29
-24
-9
-3
8
5
1
-9
-17
-11
-27
-49
-75
-98
-127
-153
-167
-204
-240
-272
-307
-334
-356
-377
-386
-389
-404
-418
-420
-426
-438
-452
-477
-497
-510
-501
-474
-432
-385
-333
-254
-166
-58
45
136
235
314
392
444
484
515
518
501
484
458
427
409
369
316
255
211
165
117
79
41
0
-36
-51
-58
-76
-81
-97
-111
-121
-128
-123
-117
-97
-87
-49
9
59
112
157
187
226
261
289
305
304
293
274
253
229
212
185
148
102
62
39
8
-16
-42
-73
-101
-118
-120
-121
-113
-131
-138
-132
-96
-64
-50
-19
9
39
79
141
179
202
216
229
229
243
247
226
220
205
200
194
188
183
167
159
135
136
122
123
122
106
108
98
106
113
113
92
72
59
47
34
24
5
-11
-32
-53
-63
-79
-100
-121
-140
-175
-192
-210
-234
-251
-267
-282
-297
-313
-337
-372
-405
-427
-434
-449
-469
-489
-523
-558
-577
-597
-610
-600
-578
-545
-480
-408
-304
-191
-58
79
193
317
398
491
541
563
581
565
546
498
466
435
396
369
330
299
260
207
162
101
52
-2
-49
-95
-135
-157
-187
-203
-217
-229
-223
-216
-196
-160
-117
-60
1
80
145
205
270
332
362
379
384
384
358
308
281
244
203
165
133
91
42
9
-14
-26
-43
-75
-112
-149
-167
-194
-220
-231
-235
-244
-237
-192
-148
-109
-58
17
85
170
262
316
356
377
403
389
372
349
282
236
176
143
100
64
54
24
37
19
25
18
5
12
-17
-15
-37
-60
-86
-108
-123
-153
-145
-148
-144
-124
-129
-128
-122
-100
-87
-76
-61
-66
-82
-101
-121
-166
-216
-259
-301
-346
-386
-422
-470
-502
-542
-584
-623
-665
-706
-765
-800
-832
-813
-727
-617
-503
-369
-180
-32
151
383
548
619
649
700
699
656
655
599
493
384
332
301
282
276
212
156
106
82
16
-43
-81
-162
-223
-226
-211
-225
-238
-235
-218
-174
-94
-16
51
104
191
312
452
566
615
644
664
678
677
657
595
489
376
279
202
144
66
-7
-58
-80
-91
-99
-104
-136
-187
-225
-229
-244
-284
-325
-351
-359
-320
-266
-219
-156
-90
2
99
209
307
368
404
438
467
451
425
372
269
175
94
27
-49
-88
-98
-117
-106
-84
-66
-62
-67
-78
-88
-101
-130
-163
-197
-204
-201
-189
-164
-145
-122
-113
-97
-63
-55
-35
-48
-57
-51
-67
-92
-133
-180
-239
-285
-330
-388
-454
-521
-596
-638
-684
-733
-783
-858
-899
-966
-977
-844
-673
-496
-394
-117
123
283
608
862
1043
982
1062
1085
953
924
796
688
441
343
309
211
228
145
55
-58
-105
-141
-251
-287
-395
-506
-536
-504
-485
-497
-486
-454
-369
-243
-86
61
213
331
481
686
849
957
963
978
956
891
844
723
581
377
221
112
19
-49
-172
-228
-269
-292
-285
-270
-258
-332
-398
-415
-425
-452
-500
-534
-539
-534
-481
-372
-246
-104
13
195
374
514
653
721
765
714
674
593
452
295
78
-85
-250
-352
-421
-457
-431
-417
-333
-236
-129
-37
1
31
23
11
-29
-91
-160
-212
-228
-227
-179
-122
-42
29
127
205
245
256
220
171
73
3
-98
-225
-343
-463
-553
-639
-675
-723
-763
-808
-867
-875
-919
-932
-1011
-1040
-1103
-1072
-801
-554
-294
-115
292
505
766
1258
1554
1673
1529
1637
1481
1253
1118
846
567
170
81
-46
-120
-117
-242
-337
-432
-367
-437
-523
-576
-727
-811
-841
-730
-709
-664
-577
-414
-146
142
488
725
968
1125
1337
1520
1595
1576
1368
1185
941
753
533
273
51
-182
-304
-388
-381
-375
-400
-356
-326
-278
-243
-249
-308
-387
-429
-440
-450
-445
-414
-357
-247
-100
110
259
454
589
694
813
852
904
769
725
554
395
257
20
-59
-307
-364
-495
-535
-498
-543
-414
-421
-259
-204
-120
0
4
104
57
91
55
26
37
-17
11
-24
4
-16
-1
16
17
42
-2
-4
-84
-134
-218
-297
-404
-538
-610
-732
-789
-896
-941
-1002
-1044
-1045
-1133
-1082
-1115
-1088
-1170
-1155
-1167
-1071
-571
-208
156
349
985
1138
1367
1970
2212
2198
1694
1795
1340
927
688
335
50
-412
-300
-449
-390
-276
-401
-561
-695
-594
-805
-998
-1107
-1275
-1381
-1317
-1019
-770
-459
-166
269
781
1233
1590
1715
1834
1674
1581
1433
1213
880
413
146
-153
-229
-342
-423
-442
-468
-425
-401
-274
-272
-396
-501
-554
-571
-581
-561
-529
-499
-369
-133
87
321
472
560
658
696
739
636
503
345
189
81
25
59
8
25
20
108
113
124
121
-18
-72
-218
-243
-275
-260
-225
-169
24
179
386
505
617
655
618
564
433
304
117
-25
-133
-169
-156
-137
-92
-37
38
68
95
44
-81
-233
-403
-536
-692
-768
-866
-900
-924
-934
-901
-952
-929
-1028
-1160
-1297
-1434
-1555
-1716
-1756
-1209
-524
127
494
1140
1921
1836
2396
2774
2860
2060
1395
1230
327
62
-308
-378
-676
-670
-298
-241
122
150
-132
-564
-760
-946
-1391
-1696
-1700
-1680
-1471
-903
-164
506
933
1328
1774
2070
2205
2021
1755
1367
898
696
512
485
212
66
20
20
114
-34
-141
-416
-684
-878
-928
-822
-749
-700
-511
-202
201
530
747
838
757
675
537
440
282
37
-137
-169
-81
81
205
319
331
297
264
199
186
-18
-233
-421
-444
-411
-334
-143
-64
50
116
255
325
278
197
61
22
21
60
114
184
246
285
351
407
383
252
92
-60
-187
-284
-366
-378
-369
-289
-192
-55
39
21
-47
-219
-365
-560
-763
-962
-1162
-1278
-1384
-1403
-1376
-1315
-1292
-1308
-1305
-1426
-1433
-1558
-957
-171
491
759
1209
2098
1848
2385
2732
2815
1885
1072
978
19
-199
-588
-637
-977
-889
-489
-423
-112
-126
-529
-1085
-1163
-1291
-1571
-1790
-1574
-1373
-998
-326
381
996
1278
1471
1681
1833
1830
1529
1220
906
553
546
507
513
232
36
-121
-295
-326
-517
-693
-888
-958
-943
-736
-401
-61
83
331
572
776
872
789
652
338
158
-7
-59
-63
-117
-118
-56
89
193
183
137
-5
-191
-333
-332
-232
-194
-112
-12
169
295
442
504
404
256
33
-126
-236
-274
-329
-298
-135
87
308
487
638
643
514
333
143
-60
-273
-444
-520
-458
-315
-128
66
241
346
355
311
176
-35
-284
-541
-760
-898
-955
-997
-1005
-999
-1032
-1106
-1214
-1344
-1543
-1742
-1969
-1991
-2046
-1320
-196
814
1389
1776
2816
2593
2797
3049
2953
1952
663
623
-156
-329
-499
-419
-509
-516
-82
-44
74
-79
-665
-1444
-1616
-1620
-1615
-1694
-1251
-762
-286
413
994
1508
1481
1293
1172
1153
1187
1000
864
801
660
826
929
985
632
144
-300
-699
-877
-1106
-1216
-1236
-1007
-723
-220
330
805
908
915
897
793
691
369
146
-156
-238
-216
-92
137
209
189
133
150
38
-155
-351
-488
-665
-594
-306
-86
263
415
608
563
604
639
251
49
-316
-482
-608
-520
-303
-237
85
260
455
577
616
537
264
81
-104
-305
-406
-429
-392
-309
-201
-45
56
147
157
97
94
23
-88
-222
-293
-355
-490
-575
-690
-781
-935
-1115
-1294
-1440
-1564
-1700
-1740
-1706
-1693
-1697
-1583
-1414
-334
773
1571
1674
2199
2807
2236
2677
2878
2695
1274
616
551
-170
-186
-404
-364
-739
-561
-340
-284
-178
-355
-1029
-1480
-1324
-1148
-1083
-1074
-479
-206
246
702
1142
1373
1091
901
863
1002
1038
890
790
631
521
580
495
330
-201
-670
-1039
-1166
-1071
-993
-828
-594
-293
51
454
773
893
686
577
386
407
331
176
102
-27
69
38
156
118
-76
-328
-491
-566
-502
-367
-296
-187
-3
416
604
897
1059
961
718
450
342
76
-136
-384
-555
-580
-480
-329
-220
-52
43
42
108
224
274
181
57
28
-8
-57
-143
-218
-221
-268
-333
-260
-150
-85
-72
35
141
154
111
-12
-128
-355
-622
-871
-1056
-1238
-1438
-1596
-1662
-1704
-1787
-1795
-1811
-1807
-1783
-1816
-1001
305
1459
1807
2031
3002
2667
2746
3038
3028
1933
501
466
-230
-304
-388
-368
-540
-565
-149
-170
-61
-76
-612
-1389
-1358
-1003
-658
-707
-281
130
498
928
1137
1372
1116
738
509
651
858
862
736
683
539
616
501
239
-261
-869
-1301
-1537
-1263
-1040
-785
-467
-55
320
654
887
930
663
461
307
212
265
198
141
-55
-2
7
-93
-246
-454
-622
-794
-772
-510
-236
-45
142
409
720
759
815
657
506
321
105
77
-23
44
-78
-128
-25
35
30
-92
-110
-78
-108
-68
-1
86
165
178
222
184
125
-89
-305
-391
-439
-427
-415
-302
-66
109
272
372
385
288
-19
-307
-574
-772
-1054
-1277
-1345
-1353
-1342
-1420
-1350
-1464
-1558
-1735
-1774
-1870
-1877
-1881
-1455
171
1449
2198
2080
2923
2840
2268
2723
2640
1962
220
75
-320
-528
-281
-267
-442
-694
-272
-256
-202
-206
-419
-1273
-1307
-805
-181
-40
113
590
772
1092
1148
1292
1068
598
263
391
706
908
742
546
295
299
309
12
-361
-885
-1171
-1374
-1041
-633
-289
-99
179
411
670
844
788
605
315
280
158
354
394
296
-4
-185
-193
-362
-505
-690
-828
-868
-623
-286
113
441
694
681
775
967
831
571
444
290
53
9
56
-23
-92
-111
-248
-232
-157
-157
-260
-184
-21
30
117
229
293
209
135
23
-162
-290
-437
-577
-527
-359
-267
-166
96
275
296
305
262
104
-180
-459
-673
-892
-1121
-1263
-1353
-1347
-1347
-1425
-1535
-1591
-1608
-1720
-1713
-1757
-1686
-1741
-756
909
2074
2259
2155
2899
2215
2104
2399
2346
1093
-293
-136
-630
-499
-467
-468
-921
-936
-439
-373
-290
-218
-562
-1215
-934
-238
427
310
552
813
1038
1238
1251
1309
906
488
330
566
833
896
570
300
20
133
47
-226
-645
-1029
-1086
-1022
-478
-106
197
314
453
619
809
847
688
386
255
239
248
414
316
117
-267
-400
-432
-566
-617
-655
-600
-509
-266
127
337
593
724
727
761
736
651
352
391
316
121
84
60
1
-183
-225
-327
-365
-287
-221
-137
75
272
316
290
342
345
150
-27
-179
-330
-462
-486
-422
-329
-204
-162
-71
94
171
143
27
-78
-253
-487
-673
-836
-970
-1225
-1430
-1505
-1567
-1591
-1689
-1722
-1738
-1671
-1734
-1633
-1529
-1406
-139
1314
2450
2290
2548
2829
1945
2113
2218
2000
351
-517
-553
-1002
-776
-689
-710
-1152
-1020
-629
-454
-331
-218
-664
-922
-546
273
928
917
1122
1146
1327
1292
1210
1104
618
185
139
429
759
790
591
228
-33
146
66
-242
-786
-988
-986
-826
-302
153
354
354
413
610
800
758
516
91
43
80
165
256
210
21
-399
-523
-518
-507
-467
-537
-437
-257
99
474
574
831
721
569
495
468
471
193
107
-25
2
59
21
58
-47
-144
-212
-184
-46
-18
13
75
166
272
294
268
158
44
-18
-173
-210
-180
-238
-257
-255
-130
-132
-167
-142
-137
-121
-156
-224
-340
-498
-689
-915
-1078
-1237
-1467
-1622
-1700
-1674
-1674
-1631
-1630
-1613
-1647
-1580
-1622
-706
958
2140
2400
2165
2882
2246
1912
2237
2238
1219
-427
-441
-825
-897
-795
-828
-1203
-1411
-945
-652
-529
-236
-238
-667
-454
279
1253
1302
1329
1393
1384
1408
1157
1092
706
230
24
246
618
749
551
251
-173
-115
67
12
-338
-737
-731
-695
-306
151
392
310
116
166
421
569
497
128
-109
-146
-82
116
81
-64
-439
-683
-685
-535
-275
-268
-353
-232
13
363
479
487
413
208
232
191
309
276
95
-53
-122
42
36
-50
-191
-317
-337
-263
-37
119
152
204
202
230
308
268
137
-71
-136
-129
-89
22
36
94
109
123
81
0
-56
-207
-304
-315
-317
-386
-516
-657
-722
-884
-1058
-1273
-1514
-1598
-1702
-1649
-1715
-1635
-1650
-1550
-1556
-1023
873
2311
2885
2374
2835
2596
1842
2289
2380
1727
-62
-375
-610
-882
-653
-703
-1159
-1638
-1219
-857
-717
-595
-439
-809
-680
5
985
1383
1286
1436
1413
1529
1367
1202
855
294
4
203
543
753
574
291
-40
-82
179
140
-25
-342
-447
-436
-162
163
315
253
117
4
85
228
271
124
-139
-173
-230
-78
-26
-122
-381
-616
-559
-465
-340
-114
-68
18
18
192
441
381
352
-42
-93
-162
-81
30
-87
2
-104
-109
-98
-54
-51
-218
-362
-295
-144
35
98
147
192
104
74
-34
-39
-107
-227
-275
-223
-38
55
115
209
227
201
104
52
-28
-187
-308
-455
-567
-682
-760
-860
-1015
-1137
-1148
-1353
-1462
-1568
-1525
-1616
-1664
-1636
-1676
-1583
-915
1093
2591
3130
2529
2725
2272
1526
2141
2290
1596
-279
-513
-669
-946
-698
-714
-1209
-1797
-1398
-843
-571
-469
-373
-816
-687
-27
1009
1430
1239
1253
1175
1339
1227
1169
899
300
-85
150
620
798
550
242
-70
-23
409
537
317
-123
-191
-188
-32
230
327
141
-189
-247
-4
196
160
-64
-318
-302
-281
-114
-69
-155
-327
-497
-321
-127
79
114
61
203
407
514
437
286
202
-10
-142
-128
-210
-360
-496
-431
-294
-123
-1
-90
-121
-26
21
47
90
155
94
53
124
121
107
-67
-235
-258
-217
-164
-239
-269
-142
16
175
304
379
379
265
182
116
12
-257
-601
-858
-1028
-1074
-1147
-1240
-1310
-1416
-1529
-1623
-1571
-1643
-1732
-1829
-1667
-1530
-886
1089
2639
3212
2535
2609
2257
1354
1890
2182
1582
-133
-504
-462
-901
-853
-905
-1332
-1839
-1567
-765
-330
-206
-136
-488
-495
-80
782
1281
1100
1031
1062
1217
1206
1091
904
395
0
194
487
705
527
229
-42
67
578
783
656
302
122
39
104
246
296
69
-226
-350
-150
89
53
-170
-446
-454
-396
-255
-146
-151
-223
-307
-186
6
178
197
72
314
571
690
483
310
193
-117
-1
-87
-285
-535
-746
-791
-697
-337
-202
-242
-83
90
221
292
265
178
-50
-91
-56
-10
50
-111
-227
-213
-145
-113
-288
-358
-344
-199
87
262
409
396
282
179
192
157
-116
-500
-789
-1005
-1091
-1112
-1188
-1347
-1574
-1779
-1888
-1789
-1661
-1573
-1652
-1466
-1459
-266
1731
3071
2959
2202
2424
1512
1275
2163
2569
1313
-293
-420
-662
-1070
-986
-1083
-1737
-1976
-1352
-308
-68
-5
-272
-669
-564
-54
846
1130
983
871
931
1083
1096
811
490
-45
-141
248
640
920
644
191
-194
114
686
828
600
378
285
248
286
422
396
-24
-455
-596
-192
126
128
-149
-424
-504
-452
-254
-198
-251
-260
-100
253
631
785
689
353
175
243
411
379
186
117
51
43
-10
-188
-540
-898
-995
-782
-402
-81
30
76
172
288
332
275
152
-13
-83
-20
67
87
-52
-287
-395
-350
-223
-213
-216
-130
3
163
248
277
190
1
-144
-117
-57
-96
-296
-522
-667
-885
-1082
-1228
-1313
-1479
-1671
-1775
-1758
-1753
-1600
-1538
-1371
-1306
-598
1142
2540
2788
2017
2000
1411
877
1660
2503
1816
207
-274
-426
-980
-1147
-831
-1308
-1694
-1426
-308
223
95
-98
-560
-536
-227
622
1160
1148
882
774
760
843
693
402
58
-146
295
564
886
752
369
-61
-74
523
936
858
589
488
284
234
242
325
-32
-482
-574
-293
129
157
-30
-377
-655
-710
-492
-284
-187
-68
203
435
611
724
574
195
36
216
283
300
348
276
39
-23
-114
-398
-694
-787
-758
-529
-197
10
90
17
-5
7
125
191
194
221
241
231
148
57
-130
-362
-430
-341
-199
-62
3
31
124
237
217
143
63
-95
-215
-172
-59
-89
-289
-414
-543
-667
-777
-862
-955
-1236
-1461
-1567
-1613
-1624
-1523
-1483
-1260
-1123
-288
1260
2427
2511
1765
1690
1109
752
1550
2459
1777
415
12
-207
-853
-1148
-739
-1098
-1388
-1199
-169
320
43
-275
-714
-623
-293
446
1019
1198
952
750
640
693
614
296
102
50
461
673
778
657
238
-192
-185
374
816
821
641
516
183
-15
-55
62
-61
-399
-335
-21
256
206
-56
-388
-737
-882
-655
-226
72
251
321
461
484
384
190
-105
-76
108
280
384
445
230
-118
-350
-430
-598
-742
-610
-430
-146
-9
67
-41
-231
-321
-289
-71
115
209
261
276
164
16
-168
-313
-439
-413
-245
-102
-26
-31
-30
13
106
133
177
146
23
-140
-249
-250
-415
-577
-672
-693
-692
-682
-679
-783
-1046
-1395
-1579
-1644
-1539
-1429
-1251
-951
-925
-178
1112
2072
1939
1335
1313
818
721
1636
2491
1648
367
-149
-414
-964
-1069
-457
-748
-966
-875
-42
272
-166
-467
-757
-589
-203
609
1182
1240
840
545
409
461
519
389
414
436
691
763
681
495
22
-308
-78
572
996
932
709
447
-52
-363
-313
-125
-81
-204
-37
254
330
140
-195
-492
-684
-664
-265
196
481
539
427
313
139
-25
-109
-88
108
331
469
487
193
-219
-549
-612
-533
-545
-475
-354
-267
-247
-225
-198
-270
-407
-371
-151
78
222
186
108
-18
-112
-139
-122
-123
-201
-229
-205
-181
-192
-214
-172
-13
227
394
456
351
68
-187
-320
-269
-316
-342
-350
-374
-485
-582
-658
-777
-1003
-1133
-1104
-1087
-989
-941
-789
-858
-861
-838
-19
1158
1928
1728
1338
1293
749
833
1637
2272
1299
337
19
-322
-813
-772
-275
-615
-746
-495
140
93
-355
-562
-746
-595
-199
565
1007
983
678
487
406
371
412
419
533
596
711
689
595
422
72
-93
99
478
590
528
389
114
-305
-552
-385
-190
-124
-91
121
150
-42
-207
-264
-278
-310
-132
158
496
624
565
337
60
-161
-265
-103
213
448
380
200
12
-209
-435
-455
-388
-368
-352
-242
-53
11
-92
-238
-337
-382
-275
-69
154
206
134
19
-42
-30
-44
-82
-153
-195
-175
-81
-31
-54
-141
-142
-16
132
250
269
148
-77
-271
-287
-193
-199
-282
-362
-442
-553
-689
-716
-811
-972
-1084
-1043
-970
-905
-910
-894
-883
-963
-787
-722
81
994
1490
1217
973
1076
644
753
1461
1994
1117
455
227
-185
-599
-581
21
-210
-271
-128
0
-201
-641
-665
-673
-506
-166
365
654
665
433
289
215
162
270
418
756
942
947
801
682
486
231
197
373
615
539
384
167
-134
-485
-670
-508
-351
-209
-112
-9
-57
-193
-328
-311
-199
-31
208
489
701
597
328
40
-108
-221
-164
106
389
395
219
90
-125
-399
-539
-398
-278
-244
-143
33
74
-100
-300
-444
-462
-415
-202
51
205
149
15
-90
-144
-172
-177
-170
-171
-65
46
142
129
28
-59
-40
73
199
241
221
62
-123
-176
-174
-216
-314
-329
-380
-473
-528
-520
-563
-658
-769
-808
-821
-815
-740
-625
-565
-583
-623
-613
-595
-469
114
719
1046
898
961
900
609
673
1097
1301
765
619
598
370
-13
99
366
129
-28
-14
0
-310
-484
-339
-248
-282
-183
22
33
32
47
185
176
100
188
339
591
743
868
888
825
704
561
517
528
488
328
232
135
-34
-259
-354
-364
-394
-394
-382
-322
-388
-341
-254
-99
-16
6
125
210
262
164
154
107
30
37
198
315
216
110
-2
-56
-120
-77
-36
-37
-77
-74
-5
-22
-116
-302
-407
-497
-411
-247
-132
-102
-188
-246
-315
-309
-296
-299
-279
-193
-54
101
205
190
148
116
179
211
229
244
187
60
-32
-27
-77
-183
-265
-264
-297
-355
-382
-423
-523
-642
-679
-677
-643
-551
-463
-427
-455
-525
-570
-582
-529
-446
-348
-113
135
284
266
215
126
-11
51
299
560
620
650
666
596
490
436
436
393
374
433
555
562
461
330
212
114
47
26
31
14
-15
-1
42
-19
-139
-191
-108
20
108
211
237
207
82
37
59
82
104
116
190
218
182
134
136
140
91
74
162
229
239
224
185
146
69
16
9
-28
-81
-118
-109
-97
-124
-200
-295
-349
-392
-326
-199
-69
-63
-88
-59
-59
-51
-74
-85
-150
-205
-152
-26
24
-12
-63
-121
-151
-179
-177
-176
-183
-165
-101
-29
20
8
-33
-23
58
127
122
105
44
-53
-119
-89
-44
-99
-187
-179
-168
-215
-249
-278
-366
-478
-492
-456
-449
-465
-436
-444
-503
-580
-610
-606
-596
-546
-473
-344
-223
-144
-145
-160
-152
-167
-79
95
318
457
551
605
613
643
644
698
679
701
745
848
931
880
790
693
643
532
454
389
305
192
124
125
99
8
-118
-128
-101
-106
-95
-107
-117
-164
-182
-125
-66
-24
27
74
88
94
83
94
142
213
280
282
279
270
244
230
216
174
114
87
57
42
1
-40
-111
-163
-197
-203
-210
-230
-205
-169
-111
-110
-88
-89
-104
-127
-131
-96
-109
-136
-152
-107
-53
-43
-41
-25
25
32
40
28
-20
-43
-35
2
16
37
49
41
50
81
90
47
-17
-60
-85
-77
-38
-46
-133
-234
-282
-314
-367
-398
-438
-497
-529
-522
-536
-569
-577
-582
-576
-597
-599
-621
-607
-581
-539
-468
-364
-241
-187
-176
-154
-105
-81
14
178
333
404
452
486
515
523
536
559
550
588
621
697
715
636
522
428
383
305
242
169
97
28
34
77
53
-24
-118
-135
-110
-87
-74
-29
-23
-38
-10
48
76
58
106
191
249
246
252
273
270
293
348
381
318
259
276
325
316
273
229
122
49
47
79
64
-9
-69
-85
-74
-85
-84
-93
-103
-106
-81
-28
-52
-105
-136
-130
-123
-116
-88
-65
-54
-54
-20
-4
-9
-32
-14
-13
-44
-37
-18
-49
-120
-146
-130
-107
-104
-84
-78
-111
-167
-217
-221
-206
-203
-201
-203
-212
-227
-262
-316
-369
-409
-454
-463
-435
-429
-411
-399
-407
-453
-486
-502
-544
-529
-477
-452
-457
-419
-383
-345
-296
-234
-190
-168
-123
-41
109
230
319
330
342
372
428
512
554
625
677
739
775
819
811
700
598
535
517
457
410
358
303
246
204
197
148
63
-23
-22
12
18
17
28
29
13
52
109
143
159
187
223
225
218
235
282
293
280
246
227
238
238
242
261
279
206
147
133
130
73
14
-11
-50
-64
-86
-51
-62
-121
-177
-148
-115
-175
-214
-236
-255
-286
-262
-230
-200
-197
-194
-164
-146
-134
-136
-102
-109
-119
-99
-65
-70
-119
-128
-127
-122
-137
-105
-95
-145
-198
-223
-203
-211
-200
-188
-167
-166
-165
-181
-208
-251
-308
-328
-333
-302
-338
-349
-358
-384
-421
-427
-388
-395
-386
-371
-324
-336
-345
-330
-302
-221
-137
-49
-18
19
29
94
206
275
283
252
295
327
366
425
488
512
523
592
654
670
579
473
384
348
339
300
275
212
142
77
69
47
-36
-113
-138
-116
-110
-95
-84
-83
-109
-102
-36
36
78
108
172
231
238
220
242
257
251
244
252
248
216
234
255
266
223
150
115
72
38
12
7
-44
-103
-97
-73
-54
-61
-66
-90
-108
-148
-190
-193
-204
-207
-201
-172
-148
-121
-95
-78
-50
-23
-5
9
3
-13
-14
-3
-1
-40
-80
-104
-133
-139
-124
-116
-146
-177
-210
-238
-252
-244
-218
-218
-232
-244
-245
-269
-291
-306
-332
-359
-382
-369
-363
-384
-400
-409
-412
-392
-366
-347
-344
-340
-329
-332
-337
-326
-296
-261
-178
-61
30
56
71
114
137
162
202
267
303
348
416
499
563
590
617
625
636
635
649
626
539
465
434
416
378
347
311
252
191
165
162
135
101
71
90
102
93
83
69
78
75
124
179
215
208
206
218
207
196
172
171
161
153
138
150
172
155
149
127
77
16
-2
-18
-50
-81
-128
-161
-176
-164
-184
-188
-185
-207
-236
-261
-280
-309
-299
-292
-281
-232
-200
-180
-166
-145
-127
-97
-49
-10
-6
-1
15
15
7
-14
-44
-74
-85
-76
-47
-50
-84
-137
-166
-178
-182
-183
-201
-232
-257
-256
-256
-268
-286
-310
-323
-322
-326
-330
-346
-363
-349
-327
-304
-275
-257
-254
-245
-217
-186
-180
-171
-168
-143
-76
5
88
143
149
142
151
156
174
226
303
330
358
412
435
451
460
469
472
501
516
523
501
446
385
331
301
244
208
197
194
166
141
141
129
108
93
114
127
120
116
146
183
214
225
232
265
266
282
310
311
255
210
215
216
212
189
184
171
137
106
76
40
-23
-69
-58
-51
-84
-114
-127
-141
-140
-114
-81
-83
-108
-123
-120
-117
-145
-184
-193
-188
-180
-146
-122
-141
-168
-151
-92
-60
-36
-33
-52
-83
-96
-101
-124
-168
-204
-187
-162
-162
-196
-218
-239
-282
-281
-267
-279
-318
-325
-320
-323
-314
-316
-335
-359
-366
-362
-353
-354
-367
-383
-385
-378
-372
-346
-335
-326
-315
-299
-276
-265
-254
-213
-171
-138
-95
-64
-41
-22
5
29
48
69
116
180
239
286
311
309
327
361
390
427
444
448
443
436
434
397
346
307
271
251
244
239
201
158
125
110
101
100
99
100
115
126
169
185
181
180
190
213
245
289
301
280
235
181
126
88
75
64
41
31
17
-29
-74
-117
-140
-151
-160
-143
-128
-133
-138
-142
-144
-158
-169
-174
-171
-157
-129
-119
-130
-145
-169
-171
-167
-155
-145
-122
-111
-102
-81
-53
-24
-30
-29
-40
-66
-86
-89
-88
-79
-57
-50
-58
-71
-79
-97
-96
-87
-66
-70
-87
-78
-71
-52
-27
-27
-49
-76
-91
-89
-77
-62
-66
-81
-96
-101
-99
-127
-145
-146
-146
-117
-81
-54
-45
-50
-35
-29
-19
10
24
31
43
69
97
111
117
120
139
172
214
269
307
312
317
339
355
363
370
365
361
341
335
329
314
293
257
237
221
202
190
183
167
160
162
176
179
184
199
220
231
230
246
247
244
243
242
220
185
144
120
107
96
87
63
33
-13
-40
-57
-73
-92
-113
-134
-152
-156
-153
-157
-157
-163
-167
-161
-159
-154
-150
-169
-202
-213
-221
-228
-234
-236
-239
-237
-243
-249
-260
-262
-242
-246
-240
-223
-232
-247
-252
-246
-245
-237
-212
-197
-205
-215
-208
-204
-197
-183
-179
-190
-210
-217
-211
-199
-197
-194
-196
-202
-199
-191
-166
-148
-132
-108
-93
-77
-79
-80
-84
-82
-71
-72
-48
-31
-15
-13
2
12
21
55
73
108
146
185
207
230
251
273
311
348
389
403
422
423
420
407
381
363
338
324
305
300
283
260
246
230
224
214
217
209
193
178
178
175
161
165
151
151
143
146
155
154
151
138
126
118
118
103
80
50
18
-7
-19
-33
-53
-87
-132
-165
-188
-193
-200
-213
-238
-256
-252
-245
-244
-253
-266
-278
-266
-243
-223
-226
-256
-270
-271
-265
-259
-270
-292
-320
-331
-336
-330
-332
-333
-326
-312
-279
-255
-245
-247
-249
-244
-229
-204
-195
-195
-200
-192
-174
-159
-153
-150
-148
-137
-124
-110
-88
-84
-83
-88
-81
-54
-30
6
35
61
86
97
119
129
124
124
132
141
152
171
183
176
167
150
144
156
169
193
199
210
216
212
218
212
230
252
281
316
345
370
381
387
392
398
421
434
434
424
411
384
348
322
298
284
275
258
225
206
180
164
155
140
138
132
130
117
108
108
101
88
79
75
61
46
40
17
-7
-41
-59
-64
-77
-73
-84
-94
-119
-145
-164
-177
-174
-181
-172
-168
-167
-181
-201
-220
-251
-252
-236
-222
-218
-223
-242
-260
-275
-280
-266
-270
-275
-287
-295
-300
-304
-306
-323
-330
-327
-308
-300
-294
-281
-274
-249
-224
-213
-201
-188
-168
-139
-128
-108
-104
-99
-87
-76
-58
-51
-54
-56
-52
-38
-15
-6
7
20
32
47
72
93
98
111
130
146
158
178
196
206
212
222
220
227
228
225
230
225
221
217
223
221
218
222
231
233
244
269
275
281
294
309
317
314
312
311
299
278
266
250
218
187
169
154
135
109
96
80
67
57
36
26
5
-12
-21
-24
-25
-34
-32
-37
-56
-69
-94
-117
-131
-136
-140
-144
-158
-168
-167
-177
-191
-198
-196
-203
-191
-179
-184
-191
-200
-200
-215
-223
-227
-241
-241
-225
-207
-193
-182
-194
-199
-203
-201
-191
-190
-177
-180
-190
-188
-186
-189
-197
-208
-198
-192
-190
-179
-175
-167
-160
-154
-148
-134
-121
-102
-80
-71
-56
-41
-29
-20
-13
-3
9
19
22
34
38
49
61
75
91
94
100
119
135
141
152
157
156
160
164
166
170
159
158
157
151
156
146
140
116
119
129
124
130
129
132
129
131
132
136
130
131
137
146
153
149
156
158
142
127
120
106
98
90
79
79
71
69
61
42
27
16
1
-21
-39
-43
-41
-29
-21
-21
-13
-27
-28
-15
-9
-8
-10
-3
-6
-4
-1
-3
-16
-28
-30
-42
-41
-35
-40
-37
-41
-44
-46
-53
-49
-44
-39
-30
-28
-31
-41
-33
-41
-57
-60
-75
-75
-81
-90
-88
-103
-118
-112
-112
-102
-97
-97
-94
-92
-86
-82
-74
-65
-51
-49
-55
-59
-60
-75
-80
-90
-91
-77
-66
-40
-30
-18
-22
-16
-3
4
15
21
35
26
40
54
60
59
48
57
56
58
63
55
45
39
62
73
76
76
68
73
66
68
58
39
25
8
12
9
-7
-16
-31
-30
-34
-19
-1
-1
10
13
39
55
60
62
59
54
42
33
27
26
16
18
13
6
4
-4
-9
-14
-19
-19
-10
10
29
49
54
38
29
13
1
-10
-11
-6
-15
-8
-14
-15
-8
0
15
25
28
34
39
35
35
33
26
21
21
20
22
25
16
13
15
10
3
-4
0
1
-5
-1
-2
-7
-5
-5
0
-4
-2
8
11
2
-4
-15
-23
-24
