-11
-14
-11
-5
-6
3
-2
5
11
16
28
33
47
54
52
62
61
70
79
82
90
91
96
98
104
102
101
98
99
100
100
103
95
99
98
86
77
66
68
68
61
60
51
39
32
40
47
49
40
26
19
10
4
-3
-11
-14
-18
-31
-45
-62
-70
-82
-84
-92
-113
-124
-143
-145
-136
-123
-123
-120
-120
-132
-127
-124
-118
-116
-114
-104
-110
-106
-102
-91
-73
-66
-56
-58
-42
-24
-22
-18
-8
-8
-28
-16
-10
0
-2
-6
1
-5
22
22
21
29
32
42
66
81
80
83
81
89
89
90
91
88
91
75
90
96
95
111
106
95
82
81
85
81
63
70
68
65
65
80
81
70
87
76
68
50
43
43
19
7
-23
-41
-61
-74
-76
-104
-85
-92
-101
-107
-123
-130
-126
-137
-138
-160
-121
-149
-56
-58
-88
56
51
301
253
345
196
79
212
128
266
40
91
130
28
184
125
134
41
-12
52
-126
-78
-211
-285
-226
-295
-235
-345
-285
-172
-202
-135
-274
-291
-320
-331
-251
-300
-199
-211
-224
-192
-198
-179
-176
-184
-150
-177
-167
-176
-144
-46
-54
-14
30
113
177
189
252
275
273
331
376
433
451
479
481
430
461
434
421
400
333
331
271
230
199
138
83
-21
-60
-67
-79
-91
-151
-170
-174
-207
-196
-213
-200
-185
-169
-124
-112
-57
-30
-24
26
52
82
99
109
128
104
98
54
39
24
10
22
-7
-33
-74
-126
-157
-173
-203
-243
-263
-284
-309
-341
-358
-375
-362
-343
-348
-299
-262
-223
-195
-138
-64
-25
19
78
125
162
189
215
223
221
243
243
277
250
268
223
196
187
109
83
1
12
-103
-167
-211
-315
-382
-456
-475
-526
-631
-627
-697
-698
-631
-566
-417
-436
-210
-148
-18
141
248
445
425
598
739
862
957
995
1102
1086
1114
1176
1112
1083
971
908
805
647
590
403
300
175
73
-45
-195
-265
-366
-446
-499
-490
-459
-437
-364
-263
-178
-81
28
108
189
292
361
431
481
548
574
581
607
602
559
452
349
259
128
-6
-138
-251
-393
-592
-744
-872
-1074
-1284
-1412
-1535
-1739
-1934
-1987
-2190
-2291
-2447
-2037
-1373
-1053
-1075
-826
0
-63
31
652
1212
773
412
1203
1575
1335
1382
1957
2038
1714
1978
2103
1625
1237
942
517
-65
-119
-334
-891
-1008
-929
-1199
-1729
-1627
-1572
-2059
-2300
-2038
-1840
-1971
-1704
-1178
-965
-706
-235
199
303
484
736
737
829
1095
1320
1324
1499
1797
1852
1796
2034
2050
1688
1449
1463
1278
828
864
750
511
268
336
305
-43
-127
-201
-357
-499
-440
-429
-534
-399
-189
-167
11
225
343
256
388
574
519
489
608
735
678
745
889
897
833
848
805
648
469
356
105
-121
-284
-458
-707
-919
-1020
-1289
-1530
-1724
-1903
-2183
-2458
-2584
-2886
-3049
-3296
-2928
-2240
-1837
-1856
-1550
-431
-522
-413
306
1089
571
36
1072
1453
1210
1284
2203
2404
1984
2533
2881
2486
2064
1760
1234
367
315
-74
-888
-1109
-1035
-1308
-1901
-1548
-1534
-2223
-2560
-2266
-2217
-2651
-2458
-2018
-1922
-1594
-872
-271
-65
353
794
799
1028
1356
1467
1352
1610
2017
2004
2179
2542
2701
2461
2402
2423
2035
1596
1267
896
372
71
-48
-318
-523
-550
-597
-786
-813
-800
-1013
-1141
-1064
-983
-1054
-871
-576
-364
-154
200
526
619
787
948
1020
1018
1077
1107
1062
1161
1274
1253
1230
1237
1193
962
825
662
352
56
-147
-251
-467
-558
-613
-669
-719
-734
-711
-808
-850
-868
-981
-1044
-1067
-1046
-1177
-1181
-1138
-1176
-1235
-1354
-1399
-1681
-1797
-2014
-1993
-1531
-1293
-1258
-1171
-288
-136
-174
551
1154
899
256
895
1129
616
567
1066
1200
887
1416
1945
1720
1650
1588
1224
620
456
97
-813
-1048
-1122
-1453
-1737
-1353
-1219
-1642
-1486
-1070
-1108
-1380
-1167
-978
-1216
-1018
-476
-188
-35
402
902
1032
1390
1719
1719
1678
1805
1854
1613
1653
1728
1515
1347
1455
1490
1184
1074
1038
704
332
133
-122
-559
-842
-988
-1219
-1340
-1308
-1220
-1141
-969
-698
-648
-438
-252
-105
-91
-35
176
135
263
452
641
736
857
1121
1231
1335
1428
1377
1326
1209
1095
888
699
534
262
82
-32
-149
-356
-472
-478
-541
-643
-656
-669
-744
-848
-878
-924
-971
-1001
-1036
-1022
-1077
-1016
-1046
-1065
-1131
-1199
-1295
-1521
-1645
-1510
-1190
-1100
-1114
-712
-124
-87
232
946
1323
927
824
1336
1205
824
807
1005
771
696
1163
1327
1210
1273
1214
879
564
405
-245
-986
-1278
-1632
-2184
-2426
-2243
-2360
-2507
-2193
-1788
-1671
-1562
-1219
-1063
-1020
-734
-505
-379
-158
273
536
815
1359
1699
1891
2151
2514
2627
2579
2683
2616
2392
2227
2112
1846
1529
1439
1228
885
705
608
359
18
-103
-271
-579
-776
-879
-964
-1155
-1064
-982
-946
-789
-580
-338
-255
60
217
282
374
424
462
406
530
570
522
616
713
754
735
816
825
684
601
456
213
-72
-300
-565
-839
-1015
-1119
-1242
-1286
-1204
-1135
-1131
-1077
-1002
-1006
-1037
-1061
-1102
-1248
-1347
-1367
-1425
-1469
-1545
-1518
-1607
-1663
-1640
-1678
-1269
-1125
-1026
-935
-397
-86
-211
441
918
898
593
1027
1354
928
861
1143
1170
937
1177
1617
1528
1549
1688
1562
1388
1284
1000
353
76
-135
-740
-1112
-1073
-1161
-1535
-1412
-967
-928
-896
-593
-286
-318
-146
176
209
274
471
632
639
892
1186
1200
1349
1646
1774
1737
1859
2016
1825
1693
1673
1506
1164
937
781
404
108
-64
-294
-543
-647
-726
-916
-929
-836
-909
-972
-898
-882
-1031
-1017
-876
-883
-924
-797
-591
-566
-449
-242
-141
-71
70
221
259
363
464
450
454
534
550
460
466
482
397
305
326
296
156
125
112
56
-48
-50
-76
-199
-246
-255
-306
-368
-385
-395
-468
-479
-429
-496
-549
-624
-688
-839
-997
-1129
-1328
-1508
-1486
-1246
-1244
-1254
-996
-557
-485
-246
404
645
479
519
984
887
550
640
728
473
343
650
759
638
767
889
818
811
808
495
125
-27
-431
-959
-1177
-1310
-1716
-1977
-1728
-1557
-1549
-1293
-844
-607
-429
-12
298
378
491
601
620
657
782
804
800
1039
1219
1314
1493
1790
1893
1873
1976
1985
1789
1530
1360
1084
732
450
179
-86
-257
-356
-446
-494
-401
-392
-375
-245
-152
-211
-251
-134
-140
-270
-276
-235
-296
-344
-259
-166
-138
-43
85
215
368
500
539
575
635
580
444
363
264
33
-144
-199
-280
-434
-478
-428
-419
-399
-346
-289
-282
-275
-321
-395
-462
-551
-692
-856
-882
-964
-1078
-1137
-1121
-1169
-1273
-1295
-1360
-1499
-1573
-1759
-1731
-1593
-1628
-1676
-1547
-1079
-1110
-844
-249
35
40
234
886
890
766
1030
1186
1028
955
1238
1210
1042
1219
1277
1189
1229
1296
1096
845
881
623
223
33
-132
-551
-854
-787
-915
-1076
-971
-672
-594
-437
-3
220
294
506
727
769
732
818
770
660
730
734
732
780
961
1019
1090
1286
1335
1254
1191
1214
1022
746
519
262
-55
-288
-475
-670
-784
-864
-869
-898
-739
-669
-619
-472
-362
-276
-323
-230
-246
-388
-426
-415
-428
-514
-485
-372
-298
-145
-3
153
316
472
570
602
673
619
503
393
328
186
13
-29
-66
-108
-133
-52
7
38
125
185
216
210
152
71
-58
-186
-386
-596
-716
-891
-1046
-1214
-1240
-1337
-1419
-1458
-1328
-1044
-1071
-950
-716
-340
-362
-190
358
466
398
480
971
958
787
999
1148
1062
1044
1266
1319
1220
1267
1240
1104
1070
925
585
254
181
-178
-618
-801
-953
-1312
-1596
-1493
-1552
-1682
-1606
-1381
-1264
-1133
-821
-603
-484
-207
2
101
228
424
449
434
646
763
779
848
1079
1166
1215
1379
1443
1388
1344
1345
1194
982
813
561
272
94
-102
-364
-567
-608
-685
-773
-689
-578
-536
-480
-300
-199
-171
-109
-55
-86
-116
-84
-113
-149
-96
-20
50
174
323
443
559
729
833
868
904
909
817
707
585
430
241
101
-37
-185
-279
-341
-361
-390
-335
-303
-272
-241
-233
-266
-363
-425
-579
-765
-910
-1059
-1209
-1358
-1417
-1506
-1626
-1627
-1621
-1648
-1436
-1277
-1258
-1159
-831
-618
-634
-220
81
71
40
358
577
388
459
672
662
584
800
971
898
919
1087
1025
940
939
822
549
420
309
-19
-226
-334
-515
-780
-763
-737
-830
-808
-617
-467
-433
-218
72
208
331
549
700
745
789
899
898
934
977
959
963
1022
1100
1078
1112
1160
1124
1061
1027
965
813
608
431
234
7
-242
-466
-634
-781
-903
-954
-944
-917
-891
-816
-668
-593
-519
-452
-368
-340
-343
-319
-342
-355
-347
-340
-292
-232
-201
-145
-41
81
124
206
307
367
367
367
376
313
208
117
32
-97
-198
-274
-322
-307
-264
-229
-169
-52
44
33
65
61
-9
-114
-219
-314
-472
-607
-735
-882
-985
-1065
-1135
-1214
-1227
-1008
-1005
-968
-763
-471
-330
-221
254
446
457
538
824
859
691
778
878
788
740
893
948
896
942
1063
1009
1013
1006
868
659
553
378
55
-171
-342
-597
-857
-900
-946
-1034
-1012
-856
-726
-611
-399
-163
-41
127
310
405
465
550
605
551
596
612
546
488
546
575
532
567
648
646
608
665
675
587
450
359
198
-17
-218
-422
-594
-739
-791
-814
-798
-723
-643
-511
-347
-198
-84
15
119
156
180
201
184
138
99
82
46
10
9
41
75
146
235
330
407
473
523
540
544
501
416
318
204
79
-28
-125
-172
-200
-187
-166
-135
-50
-3
43
58
56
54
-36
-137
-259
-399
-585
-802
-951
-1118
-1287
-1432
-1534
-1494
-1421
-1417
-1321
-1097
-860
-753
-476
-120
-3
60
232
434
388
356
417
396
302
323
395
382
395
505
571
580
665
646
551
466
413
231
25
-133
-318
-520
-656
-716
-812
-835
-776
-688
-595
-441
-237
-69
87
291
430
523
615
688
698
681
707
641
562
550
532
464
464
505
506
517
576
638
618
633
629
572
484
396
274
100
-20
-117
-226
-269
-250
-241
-187
-70
73
180
298
418
452
477
498
482
399
296
201
60
-35
-115
-224
-292
-298
-296
-293
-217
-132
-108
-82
6
41
5
-1
-15
-59
-124
-142
-171
-233
-249
-256
-256
-231
-182
-135
-87
-30
10
-9
-30
-65
-173
-303
-446
-604
-818
-1038
-1190
-1375
-1536
-1641
-1594
-1553
-1585
-1436
-1202
-996
-856
-523
-218
-95
71
327
526
557
636
737
780
789
870
919
944
992
1051
1061
1100
1144
1088
1013
992
941
746
587
450
282
65
-82
-209
-364
-488
-540
-544
-510
-440
-345
-216
-75
73
166
256
331
408
397
371
368
308
208
135
127
55
-17
-35
-13
-18
-9
36
42
42
45
47
10
-21
-70
-148
-205
-234
-281
-350
-355
-327
-287
-218
-117
-35
40
159
263
338
404
439
438
392
378
338
258
188
122
79
23
6
3
1
31
70
129
184
244
285
312
355
394
403
371
362
340
295
263
251
215
174
191
187
184
167
166
138
74
16
-79
-226
-371
-526
-708
-913
-1101
-1278
-1471
-1534
-1574
-1634
-1621
-1497
-1348
-1251
-1032
-761
-636
-507
-267
-76
-14
60
185
220
228
302
343
342
365
415
432
455
516
519
491
526
553
487
423
374
291
149
37
-75
-202
-306
-384
-425
-427
-397
-352
-272
-146
-12
80
219
339
417
474
525
555
520
482
441
393
320
252
218
191
171
185
197
231
275
343
392
434
468
469
463
441
428
357
320
272
228
203
193
189
173
212
234
276
314
348
357
331
312
296
235
141
50
-39
-146
-239
-316
-381
-435
-468
-463
-427
-375
-336
-259
-196
-131
-73
-11
23
24
32
18
-5
-11
-22
-54
-72
-79
-71
-81
-76
-81
-85
-109
-125
-189
-276
-409
-535
-695
-902
-1062
-1246
-1398
-1550
-1580
-1605
-1637
-1567
-1412
-1290
-1135
-864
-619
-441
-233
67
226
362
514
652
704
767
861
874
898
951
1006
1011
1065
1116
1117
1107
1140
1118
1031
949
864
712
542
395
205
25
-130
-233
-362
-422
-439
-444
-416
-329
-226
-153
-61
27
95
134
173
188
160
111
96
55
25
-16
-29
-25
-12
35
75
159
231
299
363
422
466
483
475
472
427
380
310
240
180
97
46
0
-21
-53
-36
-9
5
55
102
111
127
115
95
52
-11
-40
-113
-169
-212
-252
-280
-294
-269
-231
-189
-109
-24
62
133
196
261
304
314
325
311
291
264
203
194
151
111
76
40
40
-4
-44
-72
-128
-214
-311
-416
-536
-713
-853
-1024
-1182
-1323
-1477
-1556
-1602
-1638
-1657
-1557
-1411
-1318
-1116
-814
-604
-414
-151
105
232
374
529
600
638
697
734
729
758
782
802
812
861
872
846
840
815
752
661
577
475
328
199
70
-86
-201
-313
-396
-450
-453
-431
-392
-295
-193
-97
3
111
182
233
281
310
303
272
247
212
178
154
142
137
147
183
239
307
372
449
512
565
610
621
602
567
514
448
361
279
186
83
20
-25
-52
-67
-69
-34
-4
33
85
115
134
135
126
107
61
20
-47
-107
-161
-218
-258
-286
-295
-283
-256
-214
-160
-108
-40
4
43
68
80
69
42
15
-21
-52
-93
-116
-121
-130
-140
-127
-111
-110
-118
-127
-150
-218
-297
-398
-513
-661
-807
-955
-1117
-1245
-1370
-1468
-1494
-1472
-1484
-1429
-1276
-1144
-1018
-784
-531
-362
-156
106
305
447
618
736
814
892
958
986
996
1046
1054
1061
1088
1104
1074
1047
1036
987
905
814
706
561
427
299
138
-6
-120
-226
-298
-344
-359
-373
-367
-320
-295
-252
-204
-173
-154
-120
-83
-92
-92
-90
-108
-144
-143
-136
-151
-132
-101
-44
-3
66
146
206
265
313
353
357
351
334
307
252
198
145
95
50
37
43
54
92
130
181
232
290
319
326
342
325
293
270
226
176
128
87
59
24
15
4
10
37
79
111
157
193
229
258
265
279
258
254
227
204
184
173
155
144
139
126
118
90
73
11
-31
-92
-171
-270
-397
-511
-670
-809
-959
-1108
-1256
-1397
-1520
-1621
-1619
-1655
-1691
-1609
-1482
-1381
-1231
-961
-752
-593
-358
-119
43
199
353
460
538
650
720
760
815
870
898
917
975
978
964
942
941
884
826
754
664
550
412
304
162
37
-79
-174
-264
-316
-359
-384
-384
-339
-315
-288
-214
-173
-137
-99
-44
-42
-44
-52
-52
-68
-66
-53
-38
1
41
102
161
228
292
354
404
459
470
468
451
420
378
325
266
213
156
123
109
100
130
136
170
200
235
257
254
263
238
221
176
124
73
-5
-56
-99
-151
-186
-209
-206
-225
-206
-155
-130
-86
-44
5
35
73
106
125
132
137
126
111
106
86
70
34
27
17
-8
-28
-48
-78
-130
-182
-234
-322
-455
-557
-676
-816
-944
-1058
-1179
-1296
-1358
-1365
-1374
-1344
-1281
-1168
-1029
-881
-668
-466
-268
-79
137
319
453
605
719
790
875
944
971
1011
1040
1065
1069
1109
1114
1096
1097
1064
1011
930
853
742
604
451
291
106
-57
-209
-343
-457
-554
-604
-657
-653
-605
-579
-530
-457
-384
-331
-281
-218
-200
-191
-174
-160
-146
-132
-110
-79
-31
30
108
172
253
327
393
452
507
530
534
533
507
467
413
374
288
235
201
135
114
98
110
118
120
153
160
176
167
150
134
74
28
-33
-91
-158
-224
-262
-306
-321
-318
-314
-283
-234
-166
-98
-46
17
68
99
128
136
132
114
84
63
36
14
-17
-42
-43
-52
-62
-55
-87
-102
-121
-175
-201
-272
-338
-463
-559
-665
-812
-907
-1018
-1128
-1212
-1274
-1308
-1261
-1251
-1178
-1055
-906
-759
-602
-357
-205
-35
148
314
438
556
653
731
805
891
951
1009
1092
1130
1172
1200
1251
1235
1215
1177
1104
1009
889
752
609
430
254
87
-97
-214
-359
-450
-523
-562
-573
-574
-532
-476
-448
-388
-333
-284
-231
-221
-167
-159
-149
-138
-109
-87
-71
-36
18
79
153
232
303
381
424
493
525
540
533
514
483
429
387
321
274
205
157
110
80
53
55
70
63
82
74
58
22
-14
-57
-129
-203
-258
-333
-374
-415
-437
-445
-447
-405
-396
-341
-285
-236
-157
-109
-42
4
37
59
62
87
62
55
43
27
32
-13
-4
6
10
11
-4
22
-20
-42
-62
-121
-170
-280
-364
-458
-598
-679
-802
-876
-939
-1006
-1014
-1039
-999
-976
-920
-842
-732
-616
-503
-364
-183
-38
77
280
453
558
678
850
935
1012
1107
1205
1234
1275
1324
1295
1313
1270
1210
1125
1040
955
800
678
546
362
210
57
-74
-203
-338
-412
-502
-546
-581
-610
-596
-586
-565
-550
-522
-465
-461
-423
-358
-325
-279
-250
-180
-135
-96
-35
18
85
147
188
244
277
301
326
321
340
301
263
222
190
149
97
61
26
-6
-43
-64
-84
-87
-116
-118
-121
-150
-186
-214
-237
-276
-318
-342
-357
-380
-385
-379
-360
-315
-284
-246
-184
-140
-92
-42
13
69
102
131
171
192
215
224
253
274
289
308
335
358
376
389
390
383
351
330
255
191
127
29
-66
-157
-258
-353
-446
-510
-580
-643
-659
-714
-725
-717
-732
-746
-711
-659
-660
-607
-518
-446
-385
-271
-100
-21
120
311
421
557
678
817
876
958
1070
1048
1079
1073
1049
980
918
858
748
643
535
433
300
183
81
-39
-135
-216
-336
-398
-490
-540
-615
-655
-657
-739
-715
-715
-691
-671
-613
-521
-480
-386
-292
-224
-143
-79
14
60
101
187
195
246
244
286
299
292
336
323
339
329
340
343
326
333
357
322
326
330
297
281
251
238
194
159
119
78
28
1
-41
-70
-101
-135
-134
-174
-170
-156
-169
-158
-171
-166
-154
-189
-167
-177
-169
-168
-171
-123
-128
-100
-59
-24
27
64
103
159
170
212
203
215
227
176
183
109
76
6
-58
-110
-183
-255
-309
-383
-449
-469
-540
-567
-606
-588
-637
-655
-637
-667
-674
-651
-619
-611
-559
-499
-413
-372
-227
-109
3
155
307
459
552
707
812
875
934
988
984
975
959
918
847
800
741
632
560
481
392
293
225
145
56
-32
-102
-190
-269
-331
-410
-471
-520
-545
-589
-593
-557
-546
-533
-466
-406
-351
-300
-220
-158
-119
-57
-7
33
39
77
74
91
96
84
96
95
112
120
120
146
167
177
222
216
258
248
258
272
239
246
195
206
160
110
93
45
9
-35
-49
-68
-104
-114
-129
-146
-154
-187
-181
-185
-197
-191
-196
-182
-175
-161
-125
-98
-64
-14
31
77
128
191
233
281
341
388
407
459
467
470
482
433
437
375
331
258
171
138
21
-54
-116
-215
-284
-345
-412
-452
-507
-536
-585
-630
-634
-688
-692
-711
-729
-714
-737
-691
-645
-592
-525
-428
-303
-213
-87
55
184
277
399
498
548
604
619
631
615
596
557
502
462
378
301
246
171
123
54
-4
-35
-103
-141
-194
-248
-276
-341
-377
-410
-448
-458
-489
-488
-469
-454
-429
-369
-309
-251
-184
-107
-17
31
106
164
210
256
258
314
324
312
354
356
392
390
432
469
460
520
539
563
602
617
623
618
591
547
469
435
349
247
198
107
50
-32
-87
-130
-193
-206
-249
-267
-284
-300
-318
-327
-308
-315
-297
-296
-269
-237
-218
-177
-133
-63
-39
44
100
157
222
245
323
355
366
389
401
363
342
291
247
179
116
58
-52
-91
-185
-260
-325
-388
-438
-517
-542
-595
-643
-650
-698
-717
-726
-740
-742
-742
-707
-675
-646
-567
-477
-399
-283
-162
-28
89
239
362
450
566
642
701
756
792
796
799
774
736
705
629
569
503
407
352
250
183
109
18
-49
-155
-196
-282
-351
-412
-467
-505
-555
-585
-605
-608
-601
-582
-565
-509
-494
-429
-370
-340
-252
-216
-152
-101
-48
-9
26
66
86
129
136
175
213
227
257
302
340
353
392
421
421
436
425
420
392
350
322
278
224
175
129
83
32
-13
-40
-79
-115
-153
-154
-174
-180
-183
-187
-144
-165
-146
-105
-108
-60
-14
28
85
144
205
260
325
390
429
493
540
585
623
617
639
625
590
553
504
463
358
281
220
102
27
-72
-146
-219
-332
-375
-458
-533
-594
-666
-721
-781
-818
-855
-856
-864
-858
-825
-786
-734
-662
-581
-495
-396
-299
-199
-113
16
97
177
288
337
405
463
484
513
520
495
478
450
403
362
329
259
207
159
94
37
-32
-78
-152
-201
-255
-310
-336
-369
-393
-422
-411
-425
-427
-412
-398
-348
-336
-292
-240
-203
-146
-88
-26
26
100
157
205
280
311
358
401
451
500
527
596
623
655
683
687
699
681
673
659
599
584
522
461
402
327
270
171
125
44
-30
-78
-153
-218
-275
-315
-369
-385
-424
-449
-443
-462
-467
-455
-431
-425
-389
-335
-293
-232
-167
-108
-42
3
70
124
173
211
235
259
276
277
261
241
213
200
144
101
47
-12
-53
-131
-188
-240
-303
-351
-400
-431
-457
-492
-501
-507
-521
-482
-470
-426
-380
-364
-298
-252
-190
-142
-66
17
80
168
237
305
376
439
495
534
586
619
633
637
654
644
602
603
561
512
456
392
336
253
183
104
35
-37
-122
-182
-240
-317
-377
-422
-449
-487
-526
-539
-553
-552
-551
-532
-520
-496
-470
-433
-389
-353
-279
-241
-191
-117
-63
9
76
118
190
221
271
338
341
357
364
385
384
357
358
330
292
269
225
194
163
130
90
60
23
-3
-44
-71
-91
-141
-145
-179
-207
-222
-247
-244
-262
-253
-248
-247
-190
-172
-139
-85
-38
26
54
109
161
195
233
248
265
289
284
283
284
264
261
220
191
176
137
99
51
6
-29
-76
-123
-159
-208
-259
-301
-329
-373
-398
-412
-433
-422
-431
-406
-374
-353
-291
-277
-198
-133
-102
-32
15
89
116
153
193
204
227
229
250
242
237
247
229
263
265
248
287
276
280
272
266
278
233
205
185
135
87
40
-17
-70
-110
-170
-201
-256
-274
-287
-330
-297
-329
-322
-315
-311
-285
-300
-275
-260
-235
-220
-200
-164
-141
-114
-87
-43
11
35
93
124
167
229
238
286
301
306
327
305
310
319
287
291
282
263
256
235
219
196
186
160
130
97
65
38
-15
-36
-86
-129
-148
-172
-202
-234
-237
-239
-232
-247
-225
-212
-201
-161
-168
-134
-104
-101
-71
-58
-43
-25
-34
-13
8
8
20
24
23
14
12
9
14
-2
-13
-17
-48
-51
-85
-98
-121
-148
-160
-186
-182
-195
-212
-200
-182
-163
-145
-110
-54
-24
5
64
111
150
175
234
255
271
300
298
329
323
345
355
351
365
338
353
333
327
319
293
294
254
239
201
154
137
60
25
-24
-88
-108
-180
-208
-240
-286
-300
-326
-332
-348
-359
-344
-337
-329
-303
-293
-285
-272
-253
-225
-214
-191
-158
-129
-105
-93
-47
-15
2
51
72
106
141
146
180
195
205
227
231
252
243
246
253
229
245
239
227
224
218
203
168
169
144
91
83
43
21
-6
-54
-46
-103
-124
-132
-162
-157
-181
-175
-186
-189
-166
-170
-158
-138
-131
-119
-110
-89
-67
-69
-48
-22
-9
8
15
38
45
57
70
74
92
69
89
69
46
47
12
9
-25
-52
-70
-101
-116
-122
-141
-132
-132
-125
-109
-116
-83
-67
-43
-18
8
53
64
82
114
118
145
153
171
202
198
218
237
243
240
251
255
249
240
246
238
202
192
159
123
91
48
7
-37
-75
-114
-155
-200
-226
-237
-281
-293
-292
-309
-302
-309
-294
-281
-281
-242
-224
-201
-170
-160
-123
-101
-73
-42
-11
44
65
99
140
176
199
232
260
276
305
312
328
335
342
339
326
330
314
298
282
256
249
204
168
146
110
74
34
5
-37
-67
-100
-147
-170
-206
-239
-263
-279
-278
-304
-308
-300
-296
-283
-283
-249
-233
-219
-189
-176
-139
-125
-99
-66
-57
-34
-13
3
26
33
43
72
75
71
81
79
76
78
74
51
49
47
15
2
-10
-17
-26
-46
-40
-34
-43
-28
-14
15
26
38
73
87
113
135
148
176
177
187
208
199
216
198
201
207
179
178
165
149
127
120
98
71
69
27
-4
-20
-55
-74
-120
-140
-157
-209
-226
-250
-264
-295
-311
-296
-317
-318
-304
-301
-285
-267
-251
-232
-200
-182
-155
-124
-98
-71
-53
-20
0
22
47
65
92
117
134
149
188
201
206
229
241
252
255
262
267
262
249
239
225
196
172
151
129
99
73
46
15
-6
-43
-59
-70
-105
-116
-139
-156
-163
-184
-191
-200
-204
-199
-200
-193
-182
-167
-159
-151
-119
-105
-96
-69
-52
-38
-24
-3
10
20
39
44
54
60
71
72
72
70
71
78
51
63
57
36
42
16
11
-7
-22
-13
-43
-33
-33
-39
-28
-29
-12
-2
16
29
50
67
76
101
95
109
129
117
130
123
122
128
100
114
85
73
74
35
41
21
-4
-6
-31
-48
-65
-87
-106
-129
-150
-163
-179
-194
-196
-209
-211
-220
-220
-211
-219
-204
-186
-182
-164
-145
-122
-101
-87
-60
-40
-28
-9
22
33
44
75
85
107
117
133
167
160
185
206
203
225
222
234
239
227
241
220
210
202
175
170
138
115
105
66
43
20
4
-19
-55
-55
-77
-93
-113
-122
-124
-149
-147
-156
-153
-153
-161
-140
-146
-137
-125
-123
-102
-91
-83
-61
-48
-36
-24
-11
9
7
17
33
28
38
39
36
44
40
35
34
29
31
24
13
10
11
8
-7
-5
5
-9
-8
-5
2
6
1
23
23
30
40
45
64
64
75
87
86
101
100
100
109
101
106
97
96
89
75
80
55
50
40
22
15
-9
-8
-34
-51
-49
-79
-87
-105
-108
-114
-141
-134
-138
-146
-153
-148
-143
-151
-147
-139
-131
-131
-116
-102
-99
-82
-69
-51
-45
-33
-9
-4
14
28
46
64
67
92
106
112
130
138
154
156
168
174
176
183
168
174
168
155
150
137
126
104
93
75
54
31
10
-4
-33
-56
-69
-90
-114
-130
-137
-161
-173
-172
-191
-195
-198
-191
-195
-196
-177
-171
-167
-151
-131
-121
-103
-85
-65
-47
-32
-7
5
19
46
48
64
80
91
99
100
118
119
120
123
124
124
120
118
112
115
107
97
100
86
85
72
62
65
48
40
41
33
19
20
14
6
1
-7
-7
-16
-16
-20
-30
-25
-23
-32
-38
-32
-30
-44
-42
-38
-41
-49
-53
-49
-58
-60
-67
-70
-67
-81
-79
-85
-88
-80
-102
-91
-88
-102
-91
-96
-86
-83
-87
-69
-70
-58
-46
-44
-26
-11
-5
10
30
46
56
67
90
108
108
128
146
151
161
167
177
182
178
182
173
168
169
148
138
132
114
87
76
60
37
14
-10
-16
-49
-69
-78
-100
-107
-132
-136
-142
-160
-154
-171
-165
-160
-166
-157
-157
-139
-138
-128
-112
-101
-80
-76
-53
-38
-26
-3
-1
25
38
41
59
67
83
79
88
101
98
96
94
104
98
87
92
90
81
73
75
66
57
57
45
42
36
29
23
16
13
10
-1
-7
-5
-12
-17
-20
-19
-18
-29
-25
-22
-26
-27
-29
-22
-22
-27
-20
-19
-17
-16
-19
-16
-12
-17
-18
-15
-17
-17
-25
-21
-20
-30
-31
-29
-34
-36
-36
-38
-38
-36
-43
-39
-38
-37
-34
-40
-24
-24
-24
-10
-10
4
4
13
29
28
42
51
57
71
77
82
86
98
98
95
101
104
100
89
90
92
72
67
60
49
40
15
13
-1
-22
-27
-43
-52
-65
-79
-85
-97
-102
-107
-117
-115
-116
-118
-118
-112
-109
-101
-101
-90
-72
-72
-58
-48
-32
-17
-15
7
21
27
37
49
66
65
75
85
88
92
88
97
88
91
89
77
80
70
64
53
45
43
23
20
12
5
-4
-19
-20
-31
-36
-45
-51
-50
-59
-60
-62
-59
-55
-65
-52
-44
-48
-41
-33
-26
-23
-15
-6
-1
5
15
17
19
29
27
30
32
36
35
26
31
