-2
0
-21
-11
11
0
6
-1
-7
5
1
-3
-3
16
-27
-3
18
-7
5
23
8
-28
10
7
-24
-6
19
-3
3
12
26
-17
-5
9
-12
16
-3
11
-36
14
-4
-17
18
15
-4
10
40
-4
-38
46
-3
-25
32
18
-13
-9
33
-41
7
31
-28
3
33
-2
-8
26
13
-61
28
30
-38
27
50
-3
-25
83
22
-37
51
25
-48
28
25
-17
7
26
-21
-2
0
-37
-2
24
-14
-32
68
29
-33
45
28
-17
20
6
17
-11
46
19
-8
42
-6
25
-10
-15
3
12
-26
8
63
-49
5
48
-66
-33
40
-18
-59
26
15
-72
39
34
-80
36
1
-74
16
51
-69
-4
10
-87
-12
-29
-10
-31
10
25
-44
60
-19
-22
16
-16
19
-39
35
-15
-43
-18
-87
-1
-64
-11
-14
22
-20
-27
40
-51
-69
5
12
-168
15
49
-177
70
-22
-85
59
-82
43
-14
-32
11
12
10
-89
76
-36
-103
18
5
-108
32
34
-108
86
-83
-19
44
-57
7
22
-27
15
-17
9
8
-60
3
1
-44
-8
91
-121
135
-35
-19
63
-103
68
-131
76
-69
-3
61
-98
79
-77
25
-7
2
26
26
71
22
-21
50
3
-68
76
-4
-45
54
-4
-89
80
-81
41
-59
33
34
-106
184
-148
30
53
-111
77
-7
-21
62
-20
18
11
33
-40
15
35
-10
-16
8
34
-117
70
-52
-102
48
-54
-72
68
-89
-78
60
-68
-83
108
-92
15
-24
3
11
-111
185
-173
68
34
-111
107
-62
-13
6
13
-52
-1
13
-70
-17
-52
-4
-129
93
-17
-38
54
-58
32
-116
-10
32
-78
-37
157
-141
79
33
-100
32
-85
4
-85
-11
-25
-60
8
35
-186
106
-11
-223
143
-13
-174
118
-25
-210
147
-140
-51
2
38
-17
-59
265
-174
38
157
-96
22
177
-56
31
158
-63
80
77
11
88
94
92
77
69
157
-21
239
107
32
350
-59
86
215
45
-31
277
8
-47
319
-117
225
-65
143
26
3
157
-138
231
-151
45
151
-102
90
-2
38
-42
71
28
36
89
-73
128
-117
28
-43
-53
-8
-61
-25
-121
-82
-20
-254
-6
-24
-244
86
-66
-177
19
38
-258
188
-21
-70
97
-28
-75
-63
101
-251
141
-103
-33
25
-56
-79
-21
22
-252
230
-224
-70
108
-111
-113
65
-47
-110
-30
21
-86
-124
169
-200
40
27
-80
75
-40
113
-48
89
105
-143
151
-154
-26
38
-180
90
-132
8
-67
-22
-45
-73
106
-44
-1
144
-2
-62
155
-24
23
39
163
-136
175
51
-123
263
-196
52
57
-118
105
-62
58
2
-66
253
-250
319
-93
-17
175
-97
130
-56
174
-58
110
-56
147
-176
83
83
-155
220
-50
-25
192
-98
-103
221
-158
7
125
76
-96
181
66
-72
160
-37
192
-91
50
107
-30
18
-82
207
-246
16
164
-292
170
-200
181
-177
-103
304
-489
252
-172
11
-99
-51
182
-474
403
-351
2
82
-272
157
-362
183
-359
3
-57
-166
145
-157
325
-267
251
185
-302
472
-89
63
129
-55
95
-231
213
-150
0
51
-154
334
-401
351
25
-149
298
-84
171
-76
171
61
5
75
125
93
-17
41
173
-192
177
-60
66
36
-88
373
-196
218
127
-18
111
72
-155
135
-123
17
-43
43
-40
-29
20
1
-88
-48
186
-310
271
-70
-53
240
-147
244
-128
74
226
-143
297
59
-50
198
-123
147
-108
-43
17
-43
-132
10
179
-334
302
-9
-80
91
8
8
-138
135
-104
-103
80
-127
92
-117
42
71
-219
124
-98
-121
32
-33
-62
-1
-182
206
-344
59
154
-206
110
27
192
-356
510
-191
-102
372
-252
52
-74
98
-384
169
-189
-240
140
-370
68
-14
-370
166
-28
-230
28
138
-33
-364
596
-309
-294
546
-327
-121
-2
202
-453
94
330
-676
492
-459
196
-270
42
159
-357
403
-285
158
-160
170
-295
158
-188
117
-281
105
132
-668
694
-409
-80
341
-132
68
212
7
75
23
-21
136
-229
43
8
-224
129
-87
-31
46
-79
97
10
-88
366
-466
432
-179
151
209
-178
568
-454
427
-32
-66
178
-141
58
-98
139
-114
42
158
-245
101
107
-158
91
-113
190
-266
46
77
-233
87
-120
309
-408
262
-65
-45
12
65
180
-408
614
-544
407
-61
-53
154
-133
193
-296
277
-306
70
-193
22
-132
-150
234
-398
377
-357
220
86
-279
327
-132
111
-336
600
-571
28
357
-475
103
-95
-4
-210
32
241
-231
90
395
-408
570
-276
287
60
-321
484
-355
30
23
-94
60
-346
576
-696
409
-71
-380
550
-576
403
-208
90
59
-99
32
-30
-241
214
-86
-278
275
-375
66
-175
152
-1
-213
387
-132
17
270
-175
146
-30
-29
8
-157
83
-171
-2
218
-297
59
234
-283
29
142
-114
-208
-16
218
-511
295
171
-450
476
-172
-34
61
-94
-82
-8
78
-138
20
280
-333
361
17
-40
253
-270
386
-281
269
-197
107
-2
-149
151
104
80
-92
420
-199
160
137
-130
229
-59
-23
190
-4
-53
144
19
70
-73
84
310
-400
135
484
-655
429
87
203
-264
510
54
-342
517
-352
274
-469
331
-195
-252
377
-264
-19
282
-153
209
-80
192
31
-326
660
-597
492
-384
319
-192
-183
457
-646
563
-688
689
-755
362
97
-598
657
-562
356
-412
565
-788
624
-331
-101
304
-620
650
-915
794
-635
111
318
-660
481
-316
129
-141
-78
188
-218
-230
427
-585
194
-104
-176
92
-347
112
-308
55
-161
-74
-123
196
-423
388
-19
-222
456
-350
347
-231
300
-367
548
-639
437
-60
-402
514
-537
400
-318
396
-284
217
92
-34
-120
596
-565
73
478
-700
579
-449
435
-381
356
-341
488
-307
-103
699
-730
763
-584
556
-220
77
245
-14
-67
80
-54
-113
140
-454
690
-689
131
353
-367
49
365
-245
-24
246
-134
107
129
-54
238
-213
191
14
-423
721
-931
859
-528
115
363
-626
584
-168
124
85
268
-143
183
-76
267
-354
227
-188
126
-104
135
-248
87
-79
-255
306
-290
173
-167
314
-155
-305
637
-688
268
160
-377
207
-115
108
-380
290
-99
-236
477
-449
296
24
-376
584
-480
217
-109
123
-191
-101
333
-303
-130
407
-353
-352
659
-826
558
-324
111
259
-577
826
-746
386
25
-281
339
-469
351
-472
289
-569
426
-332
-374
578
-552
66
344
-526
350
-351
23
387
-851
1124
-1164
716
-203
-474
788
-988
969
-926
693
-155
-173
466
-351
533
-487
256
258
-860
1164
-1180
1112
-860
243
523
-1039
1248
-1072
1062
-790
604
84
-117
658
-604
1023
-815
880
-246
2
532
-767
1012
-866
631
-186
-255
717
-976
877
-378
58
-32
4
502
-998
1070
-394
-135
151
82
-196
-313
378
-211
-187
55
102
-169
-20
105
254
-352
400
10
-112
290
-264
228
-47
-234
142
156
-561
343
50
-534
495
-489
325
-389
362
-4
-319
809
-893
926
-557
336
-5
-311
468
-556
317
-42
-495
396
-24
-601
864
-756
744
-718
658
-82
-541
1194
-1141
1017
-935
852
-327
-458
891
-1112
840
-797
534
-550
102
372
-867
1030
-774
343
-60
-336
542
-559
140
431
-540
122
257
-186
-298
241
208
-833
937
-455
12
466
-473
293
-92
474
-948
1242
-867
370
-234
335
-429
-116
586
-999
1022
-1122
1322
-1031
774
-319
252
-59
-206
383
-386
392
-788
1482
-2115
1810
-1073
-15
446
-387
493
-710
1146
-1474
1561
-1236
1153
-850
700
131
-903
1385
-1426
1352
-1608
1511
-962
17
555
-719
872
-1251
1646
-1395
913
-532
675
-551
195
589
-954
920
-716
682
-1112
1355
-1224
465
90
-49
-302
424
196
-807
1146
-833
896
-1131
1452
-1218
644
-98
-344
612
-953
1013
-1124
976
-1094
1251
-1549
1522
-1094
586
-395
330
192
-1064
1856
-2080
2076
-1637
1392
-914
608
-421
317
-115
-279
717
-1140
1430
-1460
1211
-718
694
-823
1149
-802
156
335
-491
591
-668
722
-777
1015
-1722
1750
-1256
216
273
-488
509
-1054
1406
-1469
1207
-1050
701
-240
-180
203
-169
316
-916
1511
-1657
1508
-1211
794
-425
-55
503
-765
1060
-1151
1473
-1648
1626
-950
-51
1077
-1313
1239
-886
818
-944
715
-418
-74
423
-693
683
-565
450
-518
653
-597
410
-13
-323
644
-543
257
-220
291
-410
196
393
-483
398
-346
575
-746
353
416
-574
395
29
119
-364
420
-340
356
-646
783
-799
614
-604
182
513
-1305
1549
-1205
744
-713
540
127
-911
1170
-479
-211
134
401
-522
-167
762
-398
-626
1263
-839
-60
366
-432
600
-859
761
-13
-459
424
111
-62
-105
67
463
-823
156
565
-1047
783
-702
707
-347
-546
1252
-951
357
-141
447
-510
-130
552
-461
35
-10
188
-235
-52
340
-106
-134
290
33
-77
196
225
-75
-295
532
-188
-294
233
437
-924
472
351
-1147
929
-572
295
-618
670
-77
-930
1658
-1536
813
-73
-284
3
12
83
-546
410
-122
-707
880
-838
149
607
-1115
1098
-988
600
-541
209
185
-843
793
-746
173
-184
-268
-148
63
-318
-117
453
-535
-95
575
-676
378
-89
262
-452
491
-19
-96
-102
315
-384
-371
728
-860
422
-244
53
-178
-253
344
-222
-116
425
-183
-90
359
-115
261
-232
334
84
-144
191
103
-85
-44
319
-67
-10
370
-91
-42
387
-383
503
-151
43
-20
-6
225
-244
303
38
-362
250
-136
41
113
-155
458
-601
640
-510
391
-64
-182
542
-583
224
29
-192
-151
313
-465
144
-134
-46
-32
76
-25
-145
217
-449
353
-135
131
-394
390
-394
-185
400
-462
370
-422
417
-325
-172
275
-521
91
188
-314
22
457
-483
85
320
-333
-25
244
3
-360
274
-181
-2
-21
113
185
-256
602
-255
141
294
-167
279
-5
141
-159
153
93
-398
452
-652
161
-72
-176
280
-248
104
-287
285
-189
30
284
-82
-49
252
-135
273
-91
180
-116
95
121
-209
412
-270
111
-2
-16
-15
-16
48
-127
120
32
-231
129
-52
-85
-170
228
-153
-189
238
-285
82
-222
-13
32
-184
131
-28
92
-283
196
-94
-62
13
80
-31
-122
312
-34
-19
245
95
-28
317
137
63
172
182
-85
142
284
-273
303
221
-268
227
-77
72
-243
251
54
-259
347
-211
231
-157
166
-96
43
200
-138
135
53
-58
-33
142
-139
6
-4
51
-162
99
18
-284
122
-123
4
-137
-77
-56
-193
-28
-135
-148
-109
-237
143
-440
102
-57
-289
201
-196
28
-19
-60
29
-21
67
-51
-25
-43
-233
153
-165
-95
14
-18
-58
-160
71
89
-213
150
-11
18
-5
46
97
-90
241
22
-22
70
116
-211
249
-30
-61
76
29
-3
-58
242
-102
58
140
-19
77
126
-101
194
69
70
168
66
49
147
108
62
217
80
112
193
-121
232
125
-31
195
63
54
-72
150
-205
-44
102
-241
-126
-46
-180
-186
-128
19
-295
-28
-168
-45
-112
-123
-6
-186
21
-94
29
-164
-29
-50
-129
-221
85
-221
-302
26
-288
-203
-79
-119
-353
-102
-159
-282
-46
-239
35
-241
-11
-98
-170
-113
-122
-105
-29
-42
8
3
-46
74
87
182
73
293
288
287
301
260
379
265
451
474
481
424
492
287
484
327
408
549
305
573
298
336
146
294
121
219
455
123
217
189
39
64
59
189
111
-56
267
-94
-146
-72
-21
-377
32
-45
-398
-73
-343
-374
-458
-195
-584
-397
-257
-556
-567
-513
-802
-1008
-716
-767
-880
-751
-693
-1199
-864
-1016
-1001
-867
-772
-752
-804
-280
-398
-72
-179
-162
37
224
540
914
1008
576
824
697
846
1035
1276
1180
1016
944
729
786
584
581
523
534
344
183
-30
-371
-523
-567
-400
-547
-560
-676
-914
-896
-782
-663
-312
-117
63
263
372
447
527
855
1077
1325
1562
1665
1575
1487
1501
1527
1573
1610
1386
1373
1003
724
623
343
214
54
-67
-355
-481
-932
-1097
-1031
-1298
-1179
-1047
-1229
-1351
-1348
-1245
-1279
-1087
-882
-917
-825
-821
-751
-706
-674
-582
-651
-575
-730
-832
-999
-1186
-1196
-1347
-1241
-1314
-1302
-1013
-499
-377
-819
-894
-698
-598
134
984
1025
377
93
573
750
1384
2123
2229
1755
1262
1526
1428
1389
1464
1427
1300
824
700
197
-314
-561
-651
-378
-601
-763
-1298
-1691
-1621
-1691
-1208
-917
-843
-840
-882
-628
-641
-332
1
455
750
831
1199
904
921
1167
1494
1894
2005
1952
1629
1451
1306
1421
1739
1613
1528
1118
799
530
179
257
297
221
99
-126
-512
-718
-872
-652
-398
-380
-476
-639
-744
-933
-527
-370
-138
-128
-227
-228
-376
-306
-347
-7
22
-2
-235
-426
-594
-762
-573
-615
-756
-1057
-1495
-1624
-1834
-1887
-1785
-2021
-2107
-2321
-2367
-1465
-807
-689
-1410
-1368
-877
-468
1006
1828
1635
324
292
1347
1715
2756
3203
3099
1773
1280
2045
2068
1989
2023
1797
909
135
56
-348
-755
-820
-879
-1003
-1803
-2144
-2645
-2597
-2178
-1895
-1560
-1644
-1729
-1861
-1357
-887
-403
83
321
680
759
1092
1362
1650
2008
2226
2739
2555
2434
2243
2181
2383
2330
2474
2128
1565
996
750
734
694
485
232
-14
-575
-784
-890
-831
-847
-784
-749
-957
-1059
-1111
-876
-545
-382
-155
-229
-270
-255
-188
176
202
272
89
35
-36
-39
30
-89
-175
-555
-646
-939
-1180
-1393
-1598
-1743
-2085
-2262
-2599
-2904
-2819
-2859
-1897
-769
-874
-1760
-2708
-1541
-580
1095
2488
1981
268
-915
889
2429
3638
4376
3601
1956
671
1805
3076
3215
2914
2040
838
-312
-179
117
-40
-301
-1057
-1804
-2621
-3013
-2886
-2465
-1990
-2172
-2476
-2950
-2870
-2252
-1477
-620
-566
-575
-709
-295
446
1286
1961
2035
2134
2016
2311
2645
2906
3154
3170
2996
2567
2351
2227
2033
1973
1819
1539
840
186
-116
-130
-36
-140
-463
-996
-1315
-1327
-940
-683
-683
-851
-1065
-1024
-774
-370
-51
89
44
-35
-84
8
231
478
519
549
285
50
-13
-13
76
1
-256
-787
-1335
-1555
-1734
-1756
-2017
-2362
-3121
-3453
-3401
-2804
-834
-593
-1432
-3352
-3009
-1193
567
2714
2445
491
-1952
-795
2161
3786
4738
3715
1683
-127
826
3249
4166
3529
1893
256
-830
-348
832
1070
186
-1169
-2430
-3052
-2846
-2166
-1831
-1993
-2608
-3519
-3572
-2986
-1868
-988
-778
-1189
-1644
-1428
-506
830
1746
1997
1542
1195
1442
2363
3178
3500
3371
2832
2575
2364
2801
2960
2788
2397
1731
1408
992
872
628
685
486
-202
-720
-1121
-1013
-826
-564
-585
-1020
-1425
-1493
-1090
-512
-155
-248
-463
-605
-436
-81
335
527
514
386
117
175
267
504
690
458
178
-311
-522
-647
-591
-676
-1095
-1605
-2116
-2483
-2627
-2837
-2855
-3001
-2851
-1670
-1358
-1853
-3335
-2560
-1168
201
1603
1222
-138
-1955
-443
2133
3554
3792
2630
1114
91
1597
3812
4474
3269
1359
24
-207
984
2200
1717
150
-1504
-2392
-2073
-1236
-587
-1228
-2311
-3211
-3422
-2755
-1710
-962
-1094
-1640
-2206
-1943
-1032
126
962
1090
831
512
818
1624
2661
3205
2775
2404
2122
2318
2657
3118
3201
2425
1834
1478
1674
1647
1509
1132
560
157
-219
-180
-97
-197
-497
-916
-1114
-1234
-1106
-863
-776
-850
-1171
-1179
-879
-571
-356
-290
-200
-246
-208
17
255
444
380
324
367
320
279
219
167
13
-276
-564
-807
-1011
-1314
-1598
-1886
-1978
-2432
-2547
-2611
-2130
-1127
-1204
-1825
-3156
-2227
-980
342
1212
443
-1000
-2121
-247
2069
3075
2926
1684
337
61
1856
4018
3953
2497
833
51
471
1690
2563
1541
-275
-1570
-1792
-886
-134
-136
-1227
-2553
-3068
-2740
-1647
-902
-978
-1756
-2585
-2658
-1710
-550
225
178
-375
-591
-332
741
1792
2355
2047
1486
1277
1619
2448
2843
2905
2379
1944
1671
1889
2343
2360
2000
1417
1110
793
781
862
828
484
20
-350
-381
-285
-303
-311
-567
-839
-1067
-868
-694
-547
-613
-766
-812
-845
-531
-272
-181
-329
-323
-249
-66
116
223
296
129
59
-10
40
-112
-168
-215
-296
-490
-862
-1028
-1336
-1402
-1742
-1939
-2055
-2048
-1404
-1253
-1557
-2694
-2709
-1793
-853
-83
-352
-1282
-2457
-1893
33
1398
1632
884
-220
-582
378
2213
3045
2257
998
123
456
1554
2545
2195
835
-289
-598
40
796
1025
122
-1225
-1923
-1663
-825
-148
-309
-1093
-1774
-1978
-1344
-414
112
-109
-744
-965
-629
3
705
1029
748
286
231
661
1310
1710
1598
1423
1164
1200
1506
1898
2026
1678
1374
1334
1455
1558
1411
1316
1019
796
733
706
726
418
190
-51
-148
-283
-459
-502
-648
-738
-872
-901
-945
-914
-815
-678
-695
-652
-637
-563
-369
-261
-10
-116
-76
5
231
394
473
399
145
41
66
93
34
-29
-389
-727
-913
-866
-1015
-1191
-1388
-1713
-1855
-1692
-1463
-1484
-1853
-2138
-1896
-1478
-999
-697
-748
-1166
-1222
-466
381
769
843
587
404
573
1262
1969
1945
1503
995
944
1302
1736
1862
1243
545
205
216
614
792
599
-144
-712
-720
-457
-92
-191
-574
-1075
-1285
-1070
-574
-351
-401
-619
-688
-428
-100
244
358
402
334
371
545
837
1038
1016
916
891
940
1030
1136
1191
1151
910
826
931
1072
1012
832
739
643
625
548
466
383
207
48
-41
14
87
-4
-93
-70
-97
-198
-167
-139
-110
-162
-170
-158
-167
-57
-133
-140
-187
-180
-200
-189
-127
-179
-308
-381
-324
-227
-215
-383
-436
-577
-597
-531
-410
-385
-580
-712
-828
-702
-603
-574
-514
-604
-763
-776
-665
-584
-711
-756
-712
-675
-652
-616
-578
-589
-532
-413
-296
-333
-568
-621
-405
-238
-232
-252
-192
-242
-261
-86
158
178
32
36
165
353
415
429
423
328
321
363
518
538
436
323
329
374
370
441
473
397
251
232
241
352
363
322
271
190
238
351
517
609
567
402
389
460
638
662
585
526
392
441
459
595
644
527
473
397
475
471
383
420
471
465
369
359
324
260
155
149
234
193
39
-108
-110
-153
-169
-269
-286
-267
-260
-227
-256
-330
-429
-452
-345
-166
-224
-232
-294
-290
-283
-183
-97
-116
-71
-101
-76
-156
-193
-249
-238
-231
-295
-394
-477
-537
-616
-574
-667
-688
-849
-908
-828
-781
-773
-881
-841
-859
-779
-687
-626
-512
-528
-532
-445
-332
-257
-224
-91
42
64
156
179
225
234
220
295
297
360
355
339
293
252
225
204
266
285
184
39
10
15
10
-15
-32
-59
-103
-132
-39
62
110
20
26
118
250
348
405
494
521
544
642
816
955
990
964
1018
940
915
918
948
1000
887
786
627
537
505
424
385
290
140
-27
-94
-59
-14
-116
-236
-292
-266
-206
-147
-129
-155
-160
-205
-162
-46
34
9
-16
8
47
71
79
88
65
-41
-90
-114
-196
-289
-332
-375
-534
-675
-710
-717
-792
-857
-884
-888
-954
-898
-812
-742
-756
-816
-666
-553
-358
-281
-190
-105
-80
48
167
346
380
403
438
496
578
623
620
573
485
408
405
393
370
236
134
41
-35
-84
-163
-192
-239
-298
-373
-406
-396
-385
-380
-402
-427
-433
-405
-341
-187
-138
-208
-291
-279
-177
-50
118
181
168
68
95
249
431
493
493
450
418
479
496
570
555
484
428
412
456
426
341
283
243
222
199
207
186
129
98
122
187
171
134
126
139
203
225
232
228
187
155
114
104
111
73
-13
-81
-162
-228
-269
-344
-378
-462
-525
-561
-605
-589
-561
-537
-519
-578
-574
-574
-506
-434
-396
-338
-348
-323
-325
-179
-46
5
11
-35
14
57
154
235
265
230
191
211
283
332
306
273
164
100
62
107
149
104
-9
-49
-43
-43
-30
-52
-46
-98
-109
-118
-71
-65
-60
-37
-2
14
-65
-57
-56
21
57
65
85
13
-2
11
132
205
168
54
16
2
42
151
139
116
-16
-73
-50
40
109
99
107
62
88
140
182
233
244
213
238
239
268
304
339
351
336
355
318
325
326
342
345
269
223
166
87
59
76
68
-11
-106
-207
-283
-331
-352
-367
-410
-451
-475
-487
-494
-480
-464
-414
-390
-391
-357
-313
-244
-190
-152
-104
-101
-115
-58
4
79
65
51
56
62
101
128
161
113
105
104
135
76
34
6
-4
4
13
28
-40
-87
-137
-114
-92
-107
-142
-155
-77
-19
43
49
-11
-32
-45
36
179
231
209
100
112
136
203
275
236
168
34
8
34
98
57
-44
-99
-164
-180
-151
-82
-114
-206
-282
-250
-199
-124
-68
-48
-40
-75
-28
45
140
194
214
210
230
274
289
348
386
364
345
308
300
311
301
331
281
218
151
111
139
121
88
45
-24
-132
-164
-169
-142
-149
-215
-267
-313
-331
-317
-294
-299
-338
-317
-228
-152
-73
-34
-26
-54
-46
34
113
154
135
138
143
133
163
140
142
72
9
-28
-48
-51
-86
-114
-164
-208
-243
-210
-186
-194
-250
-298
-313
-293
-266
-256
-195
-242
-221
-200
-132
-67
-25
15
21
81
105
161
206
291
313
309
285
270
261
255
287
256
204
92
24
-19
-17
-23
-41
-107
-187
-199
-174
-154
-160
-181
-175
-144
-131
-103
-72
-91
-86
-69
-19
44
90
116
132
172
207
253
301
312
314
339
351
392
394
374
356
299
252
239
261
218
143
84
-7
-40
-59
-50
-79
-129
-196
-262
-271
-280
-268
-274
-251
-284
-292
-271
-222
-193
-224
-222
-224
-200
-176
-126
-98
-95
-118
-114
-75
-49
-36
-34
-4
35
64
82
71
0
-12
11
62
122
101
62
13
-10
11
38
52
27
-6
1
20
47
44
18
-8
20
67
75
85
52
54
53
70
113
83
18
-4
9
38
62
21
-16
-82
-116
-86
-52
-40
-94
-150
-148
-115
-84
-71
-71
-101
-136
-132
-109
-72
-62
-93
-86
-46
-12
6
24
89
116
131
175
204
219
222
267
300
309
297
272
275
283
304
329
342
292
232
205
226
234
190
148
115
108
93
65
49
13
-12
-28
-4
19
1
-44
-97
-112
-102
-98
-120
-136
-160
-187
-197
-212
-218
-214
-208
-201
-180
-166
-158
-148
-142
-107
-112
-103
-89
-80
-51
-29
-18
-66
-74
-84
-68
-7
15
47
1
-39
-20
-11
26
5
-12
-19
-24
0
54
59
-7
-58
-82
-57
-51
-75
-99
-157
-197
-233
-221
-232
-266
-286
-285
-224
-219
-208
-202
-191
-157
-134
-93
-78
-59
-71
-41
31
48
38
30
67
102
135
129
134
142
176
243
275
309
309
285
264
277
294
287
253
241
260
277
278
260
261
247
227
205
215
197
151
163
137
145
94
77
60
36
41
29
46
26
-22
-61
-67
-73
-86
-105
-100
-114
-158
-196
-231
-259
-279
-287
-311
-315
-324
-328
-325
-316
-325
-302
-259
-216
-181
-180
-156
-164
-125
-106
-78
-47
-40
-24
-6
11
11
-5
-44
-22
16
74
87
86
73
34
-1
-30
-22
1
-6
-50
-84
-132
-142
-163
-191
-209
-251
-266
-254
-234
-227
-267
-301
-311
-290
-249
-190
-141
-108
-75
-43
-19
14
22
53
109
130
171
175
171
180
198
229
258
269
281
299
311
322
312
317
301
287
290
320
332
324
291
261
250
207
199
174
152
142
135
136
124
124
114
94
112
122
121
117
99
80
77
75
78
88
75
89
73
41
11
-38
-57
-60
-61
-109
-144
-181
-222
-244
-244
-244
-268
-298
-305
-285
-275
-272
-273
-258
-257
-242
-189
-165
-154
-156
-123
-91
-81
-72
-86
-70
-38
2
69
97
102
79
67
84
94
104
66
38
20
10
41
29
12
-7
-12
-7
-19
-20
-38
-60
-54
-34
8
32
20
20
47
73
97
101
112
137
177
223
278
308
285
269
259
293
350
374
368
321
258
212
195
209
203
155
109
94
92
114
120
72
2
-57
-105
-81
-49
-50
-57
-73
-81
-74
-48
-45
-20
-31
-38
-31
-18
-5
-16
-2
3
1
-4
6
-13
-35
-73
-112
-118
-139
-144
-155
-179
-227
-277
-284
-272
-246
-244
-267
-311
-330
-320
-291
-253
-242
-250
-252
-205
-131
-64
-35
-58
-79
-51
-14
36
72
87
100
104
124
150
172
162
151
161
166
167
144
114
87
47
17
-8
-9
-13
-34
-74
-122
-146
-152
-124
-83
-69
-65
-60
-57
-25
19
56
66
79
96
121
161
196
214
212
209
219
256
298
327
319
278
215
179
169
173
168
145
138
111
79
71
58
30
-6
-50
-63
-65
-70
-91
-110
-131
-140
-117
-97
-63
-37
-28
-41
-50
-46
-33
-37
-52
-48
-25
-7
-2
3
-15
-18
-29
-46
-47
-79
-111
-160
-199
-231
-258
-268
-267
-271
-275
-275
-313
-338
-351
-354
-321
-287
-282
-270
-260
-221
-193
-174
-150
-144
-106
-79
-21
38
76
87
76
93
120
154
179
214
211
186
163
155
158
175
198
209
205
187
171
162
166
136
122
107
75
70
71
89
100
90
81
98
124
164
203
211
214
217
204
206
202
194
178
160
161
161
152
118
94
91
66
60
71
69
44
12
-4
-13
-1
3
-2
-19
-56
-111
-124
-121
-137
-148
-160
-165
-161
-124
-95
-51
-35
-47
-32
-13
4
4
14
-7
-25
-43
-42
-34
-19
8
-6
-5
-30
-44
-57
-57
-45
-53
-57
-52
-63
-65
-88
-99
-117
-103
-71
-45
-7
-14
-44
-49
-43
-5
27
64
69
46
45
34
54
63
60
49
65
83
87
86
74
65
39
-4
-13
-29
-41
-68
-87
-81
-107
-128
-152
-116
-102
-91
-87
-20
-104
1
-66
-95
-52
-143
-70
-134
-38
-53
-14
-11
64
72
101
113
129
128
36
4
39
-61
-12
24
-23
45
-44
100
180
242
315
323
125
81
-79
-83
-197
-242
-199
-289
-203
-221
-105
-182
6
-169
-38
-193
-212
-207
-280
-191
-337
-103
-226
-59
-154
50
-105
3
-5
-72
-18
-29
13
-71
64
-38
89
-45
94
-30
-47
-51
-123
-131
-213
-87
-107
-71
44
27
-12
-43
-126
-121
-256
-33
-208
-79
-111
-111
3
-117
71
-114
20
-26
80
1
113
109
14
201
80
272
206
333
247
284
218
256
291
323
289
378
293
221
322
192
247
162
273
5
304
12
105
133
-134
131
-71
-74
-112
-74
-263
-94
-209
-60
-196
-117
36
-242
48
-113
-77
-52
-86
23
-144
7
-37
-28
-19
77
27
-109
0
61
-48
72
31
209
-131
198
-2
-77
-44
-141
152
-337
87
-205
-140
-168
-221
-43
-201
-266
40
-332
45
-169
-160
195
-451
204
-260
196
-214
114
153
105
81
301
247
111
393
125
407
31
533
39
508
-16
264
19
186
165
-91
504
-236
387
-280
296
-140
-82
510
-143
71
513
-567
301
51
-314
172
26
274
-458
364
39
-429
239
291
-292
254
301
-126
41
135
27
187
-86
297
82
-266
172
-143
177
-410
375
-222
-339
226
-108
-189
-44
90
-628
-358
396
-714
93
387
-743
326
-663
405
-887
271
145
-570
542
-378
157
-486
340
-420
145
-89
-130
228
-219
-20
136
-264
9
-44
-150
419
-331
344
-74
-324
424
-864
1014
-917
139
370
-762
447
-487
648
-908
501
72
-41
206
-12
295
-385
-157
771
-156
100
710
-513
445
-317
583
134
184
399
-174
408
-219
596
-50
486
27
-146
426
-243
162
99
65
-30
104
-394
810
-1101
993
-323
-407
835
-1246
902
-808
464
-127
-493
822
-1298
968
-591
129
306
-805
1311
-1548
1294
104
-748
1131
-909
579
-580
449
360
-848
1068
-722
72
-126
-251
421
-867
914
-875
44
-74
-559
331
-617
-149
82
-655
-57
-206
-172
-661
267
-738
-367
172
-739
340
-789
517
-940
-63
164
-843
230
-95
-65
-452
456
-747
192
-97
-237
523
-700
434
-97
-584
655
-506
-57
275
-190
23
85
13
37
-221
356
-41
231
-159
604
265
-715
1335
-691
586
-76
609
415
-261
1093
55
-37
607
368
-209
887
191
874
-142
865
-68
260
549
-49
1105
-701
1244
-652
473
144
-388
1075
-787
609
-200
-58
125
-130
247
-71
-787
851
-950
245
-22
-112
134
-663
1041
-1134
352
152
-309
351
-221
483
-495
27
-3
-327
-4
16
-11
-341
143
-603
-81
-513
-9
-383
-58
-134
-596
323
-793
-80
-250
-508
294
-876
513
-477
-239
-88
-461
169
-935
868
-788
354
-336
-26
23
-632
933
-1062
655
-333
210
-164
273
51
-361
385
-405
194
-170
93
97
-184
-118
296
-584
529
-488
611
-685
582
-288
-16
405
-62
278
-374
727
-661
637
140
46
220
-80
343
101
29
728
-426
866
-566
579
64
-26
546
-323
840
-752
864
-443
598
127
-81
643
-400
445
27
246
229
-209
529
-136
61
264
75
8
218
-79
52
254
-399
528
-472
209
-175
130
-6
-153
245
-290
-302
351
-747
234
-231
-8
-43
-595
591
-1134
358
-53
-299
164
-548
187
-467
-519
550
-766
255
-178
-161
-212
-446
653
-1175
842
-656
61
-94
-473
544
-879
317
8
-687
583
-594
122
-237
76
-37
-409
655
-594
407
-247
161
18
-380
648
-343
115
148
-60
204
-151
118
300
-423
396
-35
-140
275
-299
722
-467
212
374
-367
288
93
173
39
158
188
4
211
-145
247
314
-566
875
-348
208
37
220
-142
-26
405
-64
-63
316
278
-520
807
-725
536
-265
-63
423
-510
675
-597
429
-223
-61
9
113
-38
2
2
-143
-71
6
-104
-60
304
-656
889
-622
288
10
-276
318
-753
902
-619
23
508
-662
438
-387
155
59
-378
477
-246
144
-28
-29
89
-265
128
256
-461
657
-647
415
-525
-74
303
-983
931
-867
366
-209
-314
267
-355
67
113
-90
271
-228
137
226
-678
757
-478
163
2
-105
132
-549
623
-544
41
421
-565
395
-313
263
-320
205
166
-390
357
-158
11
-180
208
-227
-3
80
-18
-28
9
113
-171
212
-91
312
-7
167
214
43
163
139
94
281
-73
416
-169
335
-170
462
-213
180
279
-355
549
-716
938
-721
399
122
-366
356
-391
418
-672
748
-605
198
161
-377
173
-202
121
-412
235
-210
87
-273
472
-256
-18
226
-149
-51
139
-102
237
163
-24
279
-317
356
-411
-22
256
-342
-71
443
-739
56
-171
-412
25
-306
401
-801
562
-611
84
-181
-366
226
-537
218
-264
-121
-177
-254
113
-542
150
118
-547
570
-441
250
-195
249
62
-165
604
-393
488
-58
140
-21
295
50
-31
268
-111
500
-566
978
-511
241
318
-120
437
-391
762
-236
-34
539
35
-14
195
287
-141
43
390
-225
204
-2
63
18
-226
336
-307
232
-100
-37
118
-431
419
-616
432
-37
-330
368
-609
443
-796
525
-308
-225
273
-266
66
-354
303
-75
-244
456
-114
-43
224
36
-73
-39
215
-205
244
-91
300
-273
259
-89
-101
276
-168
153
100
-36
133
-66
143
66
-206
380
-247
239
-122
117
20
-252
141
-305
69
-132
-66
226
-388
202
-145
-109
-122
12
-71
-242
201
-124
-196
111
-243
-139
130
-267
200
-180
210
-262
-26
138
-334
115
83
-282
228
-129
16
-20
39
156
-502
685
-439
50
296
-329
267
-201
205
-150
112
-13
-175
375
-353
88
367
-381
391
-160
223
-237
134
234
-436
472
-272
110
-119
82
-184
-53
105
-111
-3
168
-190
47
151
-106
93
-15
43
-73
89
87
-203
409
-450
390
-248
106
15
-328
409
-491
343
-178
43
11
-451
562
-543
412
-1
-117
375
-325
298
62
-282
368
-310
111
142
-315
554
-527
421
-340
231
-19
-210
637
-456
435
-165
28
163
-304
266
-142
-11
1
-74
72
-187
56
-2
-236
89
-8
40
-128
221
-193
-128
163
-199
166
-190
202
70
-400
624
-685
335
63
-394
500
-430
328
-398
462
-347
-5
220
-300
142
-12
-67
60
-232
73
-84
-374
498
-791
633
-428
-202
472
-791
752
-473
261
75
-175
394
-271
388
-161
-108
181
84
-414
649
-425
192
-94
74
79
-357
707
-722
686
-307
139
129
-114
81
-1
193
38
-1
287
-168
-90
327
-408
424
-372
368
-327
111
-142
-69
85
-147
140
-285
369
-426
173
48
-220
173
-191
101
13
-318
422
-571
181
34
-404
357
-390
252
-124
-13
171
-159
274
-142
374
-110
58
269
-228
345
-234
296
-74
-35
64
18
29
314
-252
344
-189
-143
267
-224
223
-65
207
-14
28
47
136
-162
149
139
-228
373
-317
283
-222
-85
110
-104
-28
166
-15
-16
88
27
-67
90
104
49
80
122
56
-63
-38
63
-240
161
-76
-59
150
-225
150
-128
228
-357
426
-250
87
-90
58
156
-419
632
-565
295
-224
43
129
-329
118
33
-323
145
-38
-121
15
-210
324
-529
468
-241
96
-126
42
151
-430
466
-219
-86
-28
-66
-195
-180
17
-152
-110
-138
-40
-61
-188
-44
78
-128
15
-61
91
-216
-21
72
-93
-19
-114
265
-227
107
-37
174
-277
292
115
71
107
90
107
-167
256
-4
204
7
193
27
-56
28
71
-337
309
-272
5
-25
-217
316
-539
365
-281
65
-158
198
-263
37
65
-207
154
-257
131
-147
-170
316
-458
90
121
-477
350
-367
75
178
-436
587
-361
208
173
-271
545
-535
430
-31
-29
132
124
44
-41
-8
164
45
-141
389
-220
106
-109
180
-23
-143
192
-26
-90
20
109
-171
119
-128
165
-220
86
-8
34
197
-367
360
-106
-173
263
-87
178
-287
475
-212
61
46
53
76
-129
232
-44
-143
114
-60
-53
-128
94
-47
-170
245
-222
5
11
-32
-141
65
51
-200
141
-97
-190
27
-140
-39
95
-195
177
-228
84
-117
-140
117
-229
113
-123
173
-158
55
-137
158
-275
55
228
-341
289
-158
161
-271
209
40
16
-18
357
-90
74
13
244
-188
24
354
-206
232
1
174
10
-243
658
-631
273
98
-209
164
-162
384
-468
363
-162
150
-204
281
-101
-78
165
-97
72
-213
301
-309
95
91
57
-139
268
-189
106
-323
324
-239
-51
537
-714
664
-476
158
-59
-117
212
-161
150
-68
59
-152
57
-27
48
-89
361
-201
333
-109
274
-268
158
185
-221
344
20
20
62
45
-52
41
1
60
162
-215
240
-121
-195
243
-287
120
14
-255
393
-395
71
93
-396
199
-189
-66
211
-294
182
-220
213
-455
397
-125
-177
405
-559
613
-665
349
-132
-140
96
-153
307
-336
230
-132
71
-362
479
-322
165
124
-206
342
-335
230
-93
140
-89
93
230
-193
213
-66
171
-236
162
74
-147
148
67
-61
20
58
-222
260
-284
256
-93
-78
225
-552
452
-494
75
25
-240
120
-55
-277
245
-340
-48
99
-306
269
-449
504
-565
147
-34
-261
-47
-35
64
-409
473
-415
-85
154
-397
168
-184
137
-19
-58
1
114
-353
204
-101
43
8
-112
158
-165
5
-142
270
-390
266
-84
35
-12
-196
364
-487
201
-119
80
-45
53
244
-107
19
31
163
-180
121
219
-44
75
183
14
39
43
220
-80
299
-114
262
-75
90
44
-13
55
164
-58
336
-157
317
76
-136
305
-175
169
53
41
190
-89
-3
311
-375
421
-74
-72
340
-244
273
-237
194
-136
-22
154
-187
202
-18
-139
117
-226
225
-398
247
-6
-288
498
-396
427
-288
173
-136
192
-341
312
-178
16
-284
170
-195
-290
264
-292
17
-184
107
-315
172
-362
120
-125
-219
205
-125
-111
211
-193
-21
135
-304
372
-361
420
-297
280
-234
198
-78
-100
351
-237
297
-277
272
-321
101
-196
246
-394
266
-92
-168
284
-575
474
-406
89
120
-201
284
-302
196
82
-196
184
-78
148
-12
80
-17
151
-165
-82
112
-6
-358
359
-236
15
-190
270
-133
-185
315
-203
49
88
-15
-56
197
-243
139
18
47
40
101
212
-127
141
77
71
-136
336
-79
163
-11
5
201
-217
80
18
15
-177
163
77
-168
169
-49
-116
146
-51
103
34
100
14
-157
486
-660
559
-219
-96
282
-208
179
-151
124
-132
-84
179
-108
-145
264
-255
10
-123
226
-452
307
-120
-147
56
-63
-1
-359
424
-786
597
-429
89
-8
-31
-74
-177
38
-67
-220
68
78
-555
523
-563
163
-189
42
-227
36
59
-373
298
-174
-12
-125
172
-76
-74
139
147
-329
427
-225
71
165
-176
301
-219
243
-196
191
-127
53
79
-78
222
-225
273
-156
-8
228
-298
307
-263
190
-108
130
-74
107
46
-34
130
-73
162
34
-28
293
-81
-49
298
-354
341
-224
350
-265
183
134
-375
387
-202
54
-100
193
-119
-129
150
-31
-451
519
-541
208
-58
-180
220
-438
290
-513
351
-322
83
53
-124
-13
20
-20
-51
0
190
-169
175
78
-73
68
100
-12
211
5
126
124
8
326
-215
332
-37
141
-163
315
-159
32
54
58
-24
-260
404
-419
232
-134
142
-50
-228
300
-424
129
-58
-104
149
-172
52
-33
-275
296
-353
359
-39
-223
508
-532
313
-25
-99
279
-21
22
27
245
-329
141
189
-253
137
40
12
-42
39
173
-214
132
133
-343
463
-397
167
38
-216
150
-151
61
-301
371
-416
363
-177
70
143
-266
347
-211
-3
357
-299
272
80
-219
384
-205
143
175
14
95
278
-171
332
-346
503
-354
251
18
-33
69
-40
63
-241
297
-359
321
-256
356
-384
273
6
-235
179
-24
6
-206
474
-487
159
103
-258
69
-43
22
-111
-37
179
-370
252
-180
-27
40
-76
-104
116
-134
-257
248
-339
-81
-10
-59
-218
60
-184
8
-334
38
13
-521
506
-620
202
-91
-359
251
-438
241
-303
215
-89
79
-33
18
125
-158
255
-59
211
-67
333
-116
199
129
114
169
20
351
-258
417
-174
53
310
-316
400
-285
395
-178
1
284
-424
273
-362
296
-421
133
-48
-188
-14
-53
69
-342
331
-376
110
27
-164
-7
145
-324
152
-61
28
108
-77
382
-273
281
60
-180
297
-167
115
-8
140
90
-262
359
-174
-104
214
-150
193
-303
140
-41
-189
52
-21
60
-175
118
-74
54
-59
-41
156
-173
24
6
32
6
-127
277
-182
88
-100
92
183
-384
426
-132
-8
-12
22
108
-255
251
-33
-30
106
-87
191
-159
168
31
-21
217
-182
361
-177
148
130
-79
181
-100
220
-119
69
168
-262
319
-294
276
-296
252
-81
-98
202
-213
12
-67
-19
-83
-100
-71
142
-483
349
-318
-65
141
-216
148
-224
175
-277
-22
89
-187
131
-41
69
76
-104
235
-66
-38
206
-113
46
130
-106
189
-175
98
43
-149
96
-36
73
-132
75
-69
-158
-11
-111
-37
35
-82
50
-50
47
-135
-7
40
-151
110
-59
33
87
-113
94
97
-130
272
-45
47
156
-20
-37
152
-118
-73
247
-166
227
56
11
120
17
5
12
221
-182
74
243
-213
-52
316
-229
52
121
-56
-77
238
-198
154
-15
-15
-101
-8
85
-333
362
-417
271
-298
102
-116
-48
78
-173
148
-113
-11
-158
223
-222
45
70
-78
-7
-143
113
-191
-72
44
-33
-136
144
-130
-29
34
-82
21
-138
206
-318
216
-52
-155
145
-230
107
-142
-20
-14
51
-195
150
-135
97
-254
133
9
-363
473
-539
264
-113
-190
226
-202
87
-148
42
103
-262
183
-48
-136
152
-132
143
-124
121
-36
-98
231
-258
177
-57
69
-11
40
135
-24
-102
141
-123
-58
76
-28
0
9
62
-77
88
-102
181
-137
138
128
-213
300
-134
153
-183
131
54
-348
359
-185
19
-37
137
-126
-153
216
-150
44
46
23
-37
-21
50
38
-76
151
-105
42
59
-149
120
28
-70
182
-69
178
-111
153
100
-226
311
-177
16
45
33
-132
51
1
-179
34
48
-52
-79
229
-219
104
-41
33
-143
160
-171
26
75
-136
79
-10
7
-81
195
-250
228
-163
193
-95
155
-48
43
79
-207
330
-264
221
-194
315
-260
113
223
-214
201
-10
123
-199
217
48
-162
189
50
-39
-61
123
12
-175
176
17
-28
106
74
81
-6
34
240
-193
220
64
-43
189
-57
255
-262
354
-190
164
-107
168
49
-223
425
-196
99
-18
129
-247
98
101
-232
235
-115
-23
-33
87
-82
-76
157
-120
-108
285
-195
-53
252
-356
178
-193
53
-129
-87
160
-416
294
-356
125
-6
-83
-33
-11
-69
-183
185
-190
17
-18
-26
-134
73
-202
54
-115
-174
10
-95
-98
-152
15
-114
-179
-30
-10
-256
-44
-12
-106
-157
53
-100
-122
87
-130
90
-7
18
-13
72
-50
-85
163
65
-118
96
89
-131
-54
124
57
-180
277
-32
-29
63
11
73
-18
39
7
188
-192
249
178
-197
232
79
82
-41
179
191
-234
331
-6
-31
209
47
-14
186
-87
104
98
-81
174
-111
227
-203
104
114
-206
170
-124
30
-211
98
-139
-85
110
-242
45
-162
-18
-90
-95
-59
-100
-30
-188
-34
-63
-148
-127
61
-126
-135
-9
-27
-202
68
-44
-177
137
-274
183
-59
-45
129
-73
51
-50
92
37
-36
110
4
-23
108
-33
97
40
-18
-54
92
14
-120
83
84
-171
-156
302
-357
18
47
-118
79
-173
145
-66
-17
-70
114
43
-35
-21
169
-52
-77
180
-2
-60
-29
73
-106
-127
-8
-10
-129
63
17
37
38
9
-57
-25
60
-162
60
77
-40
-6
116
100
-122
200
185
-105
292
133
-131
218
30
-2
179
135
-137
266
42
-9
89
114
-8
12
243
-18
94
185
-27
164
131
-62
239
-7
33
105
-28
114
-85
59
60
-91
199
-51
67
32
-129
127
-156
37
-72
70
-70
5
54
-60
35
-3
6
79
-87
35
63
-51
2
-81
90
-224
67
-14
-106
32
-57
-85
-96
-46
-83
-74
-138
22
-265
30
-2
-207
64
-141
-34
-269
110
-35
-262
177
-174
17
-123
161
-4
-81
213
-199
41
126
-150
72
0
32
-103
-19
274
-258
220
79
-103
145
-79
32
52
-7
-20
182
-130
210
-77
154
-10
-60
179
-166
88
-42
86
-164
179
-45
22
36
77
-29
-37
128
-85
11
55
91
-121
173
-17
-42
231
-68
81
161
-128
34
92
-83
80
-93
193
-24
-139
304
-184
38
8
-22
-38
14
15
-77
70
-96
0
-124
35
-94
-123
44
-39
-154
11
95
-216
43
7
30
-109
104
155
-222
125
90
-161
5
127
-78
-129
107
-29
-190
78
64
-228
79
86
-207
-13
47
-65
-181
111
-26
-197
95
76
-120
-11
175
-154
-67
182
-112
-63
155
16
-62
87
123
-228
65
110
-144
-56
209
-187
-41
58
-116
-8
-20
74
-122
66
-8
-104
-106
12
-96
-99
-12
-18
-2
-113
150
-59
29
37
0
-58
57
86
-105
181
155
-56
118
144
-107
-22
111
-61
-9
82
46
-93
53
85
-178
145
19
-55
76
54
-49
-45
15
-69
-87
-13
32
-143
-35
63
-166
-32
99
-208
74
-8
-79
90
-51
101
-66
68
106
-69
92
92
-19
63
45
19
66
-6
30
-41
72
-60
-4
19
32
-168
51
83
-270
116
-170
-29
-81
-86
142
-99
-15
-17
-51
-111
72
20
-102
160
-56
41
14
17
110
-189
189
11
-110
167
-24
38
-33
-30
70
-105
84
50
-40
25
-48
42
-61
-44
-14
7
-115
25
15
18
43
12
1
-51
6
-75
71
86
150
56
154
76
-50
81
72
-17
36
134
-30
20
17
3
-62
-78
26
-93
-7
5
-51
37
-67
-38
3
-31
-64
40
-49
117
29
59
165
-70
125
-37
85
-5
22
28
-14
4
-64
32
-56
38
-70
-69
-46
-91
-50
-38
-30
-1
-90
-41
54
-76
14
76
31
-38
60
45
43
32
31
96
-38
7
26
-45
-16
-41
-10
-31
10
-7
-13
81
-54
-30
-25
-48
-33
-20
-8
-50
-103
-21
-68
-154
-6
-53
-89
59
14
19
48
18
32
-2
13
23
5
45
-11
64
7
-25
135
-21
64
29
39
-18
45
22
-47
58
-51
49
-55
21
0
-56
19
-61
55
-15
46
47
-42
54
-12
-14
-26
3
33
-51
114
24
-46
10
-1
-41
22
150
-53
40
43
9
9
5
62
-59
37
-86
-54
57
17
-30
-37
23
-152
-68
-34
-82
-34
-46
-46
21
6
-74
77
-12
21
34
72
23
22
76
-18
26
42
0
-3
75
7
54
81
87
53
28
46
-26
-11
38
23
37
-71
-79
-81
-149
-59
-43
-60
-35
-44
-29
-64
12
-37
-62
20
-30
42
3
53
-19
-54
4
-72
22
55
28
43
30
19
-15
17
10
46
-16
49
28
-44
32
-40
7
0
25
64
-4
77
33
-20
6
45
7
44
91
-32
-21
-4
-32
-43
27
44
-3
44
8
43
10
18
13
-33
-6
-10
60
-19
39
-34
-82
-1
-35
9
49
67
5
14
42
-7
23
40
10
0
-33
-44
-69
-82
-22
-58
-2
-9
-21
-35
-8
-10
-12
-2
1
34
-14
-3
-15
-44
-58
-40
-41
26
29
42
44
9
10
-27
-20
-8
15
-25
-5
-16
-55
-17
-75
-47
-19
-23
-21
-13
10
7
-17
19
-11
4
-28
15
57
30
50
55
33
6
16
-3
58
44
85
98
42
-16
15
-7
-48
19
21
28
-8
16
-46
-62
-8
-21
20
8
31
49
8
38
30
-9
53
-8
12
12
1
2
-1
56
-18
40
12
3
-15
-43
20
-26
-23
-9
-17
-27
-43
-33
-45
-62
-57
-78
-72
-31
-43
-62
-24
-53
-59
-11
-23
-24
20
28
-5
53
53
12
9
34
-27
7
9
1
39
37
43
18
35
-6
3
17
23
40
64
34
36
23
-3
11
18
15
-25
15
-30
-3
-3
5
8
-12
-5
-53
-5
-15
-4
26
18
-28
-37
-38
-50
-23
3
-22
-23
-12
-29
-32
14
-17
-12
-16
-30
-18
-20
37
-2
2
9
-1
34
29
49
39
25
42
8
39
29
38
2
1
-9
-14
25
15
33
19
9
0
13
-5
10
11
-3
3
-38
-17
-37
-56
-16
-41
-18
-9
-13
-13
-11
-9
-12
7
-9
-2
-7
-4
-3
-9
-9
-19
-31
-3
-19
-20
24
-31
-12
-7
-20
-28
-9
-12
-10
-2
-10
16
-12
19
4
-1
17
-4
4
2
11
6
12
15
6
-2
13
