2
16
-19
24
-40
20
-11
-6
-25
-5
7
-68
4
-34
-10
-30
-2
-9
-39
6
-59
-7
-42
-14
-7
0
2
-45
21
-12
14
18
15
4
31
0
27
13
5
0
14
31
-12
43
-9
5
-21
14
-13
9
21
-18
24
-34
14
-6
-4
0
-19
18
-28
32
-5
16
22
-9
35
1
32
-8
29
38
-7
27
8
-4
2
18
-3
9
0
-13
-36
17
-26
-2
-36
-15
-25
-30
-3
-54
0
-64
-28
-23
-18
-14
-19
8
-21
-29
25
-3
22
-24
36
-8
17
37
16
34
-42
33
-10
58
0
30
16
-10
38
3
44
-13
44
-19
34
-3
-7
5
16
21
-20
59
-34
19
-4
4
-17
15
22
-42
33
-48
-16
-14
8
-26
3
-18
-39
-19
-7
-20
-36
6
-26
-20
-42
-25
-46
-27
13
-24
-18
-21
-39
-6
-5
1
12
-3
5
-2
7
30
7
61
0
14
14
-9
15
15
42
-5
24
-1
13
26
-4
23
-16
48
-16
52
0
6
13
2
13
-23
43
7
25
15
22
-39
12
49
33
17
61
-23
-5
2
-9
49
6
32
12
-7
-46
-50
2
-10
5
-9
-53
-43
-67
-37
-32
0
-25
-47
-33
-107
-32
-53
21
47
-50
-7
-53
-40
-30
26
25
13
11
-12
9
-17
38
9
30
17
-5
38
7
16
43
2
-12
44
2
48
-14
10
-8
2
16
13
6
18
35
11
28
-26
30
-32
15
36
14
18
4
6
-8
-6
20
-7
5
-63
-4
-69
11
1
-13
0
-52
-33
-62
-31
-18
-28
-32
-9
-49
22
-7
23
-28
34
-5
-20
17
4
50
0
53
36
29
-10
40
38
35
8
19
23
-3
42
36
85
14
13
4
-16
-9
31
69
-11
69
-18
71
62
33
51
-10
58
-9
78
42
23
55
32
27
35
21
35
15
3
-80
20
-20
-24
77
-81
-12
-103
10
-44
-21
-59
-91
-19
-60
17
-68
44
-47
-24
-76
11
-40
-22
55
-14
-21
-49
38
4
49
-12
-13
-93
10
-26
59
-33
16
-10
-40
38
-37
63
-89
67
-37
-30
-20
16
35
7
48
-36
14
-24
17
-19
-13
9
46
38
8
20
-19
12
46
-15
-24
-30
-38
-8
24
-16
-63
44
-66
-10
-77
-29
-75
-7
-2
-54
35
-33
-14
-36
4
-43
33
6
14
-15
-59
-4
16
85
5
46
-50
-25
0
-33
69
-9
67
-60
101
-89
15
3
28
77
-26
69
-77
43
1
70
27
46
37
19
2
-33
56
37
51
30
46
26
20
58
42
18
-15
55
-42
81
-12
22
50
1
54
-47
63
-55
13
-91
58
-27
0
-8
-3
40
-105
68
5
-19
12
10
-92
23
-15
-3
-64
23
3
-74
10
-8
15
-8
11
27
10
-29
23
24
32
21
60
6
27
-17
15
81
-26
18
34
-40
9
-82
21
-51
45
86
-64
54
-16
-37
34
46
-40
-10
-19
14
-27
-19
16
22
30
-46
-2
1
5
-29
23
-96
-81
-88
-17
27
-8
-45
-24
-85
-40
-14
-6
-19
-42
-25
-37
-69
-25
20
-98
100
-43
-21
3
20
43
-3
140
-26
34
73
28
-83
13
67
-83
31
35
-15
-7
-17
4
-58
120
-112
79
58
-33
10
-95
51
-91
61
21
76
-8
-30
-28
-17
41
2
55
-3
-11
-15
-18
-13
40
-105
-21
3
-22
39
13
114
-59
9
59
7
-26
69
0
-77
64
-37
30
-44
32
-6
-36
114
-60
2
3
-12
-20
14
110
-32
102
-94
64
-48
42
94
23
90
-22
11
-12
40
13
45
-14
13
-83
15
-57
41
5
7
44
-21
75
-30
79
-60
-5
-28
-20
23
-10
-15
5
-74
-12
-33
-9
-9
21
-15
-113
7
-197
42
-36
-14
-30
8
70
-83
85
-20
24
14
24
-26
20
-73
0
76
22
-2
18
2
-8
-10
17
59
-65
57
6
-45
-2
-42
-38
25
-49
46
-22
-40
-21
-105
23
-145
28
4
69
-56
22
-75
-26
28
-37
73
-133
26
-126
7
-32
-28
-34
-50
-26
-62
24
-53
-30
20
-8
33
-58
96
-13
38
79
1
31
3
82
-30
114
-48
65
-16
37
-11
-36
-15
9
37
-45
-4
-102
-27
-39
46
-15
3
19
-52
70
-42
100
-13
71
1
-9
10
-51
129
-53
75
-70
34
-16
-11
79
-23
37
-40
59
-41
-25
16
-49
-59
-13
-43
-37
-43
43
-69
-61
-126
-91
-76
18
23
26
57
-1
27
5
34
17
91
43
140
17
41
-19
8
1
-1
96
-51
118
-74
75
-29
14
64
-11
116
-50
93
-133
-15
-64
-23
68
-21
78
-12
59
-8
47
59
44
9
29
-16
52
21
78
13
47
-3
-47
93
-65
12
-40
-11
-81
-43
8
-94
2
-20
-17
-21
-51
-31
-72
-53
-42
-16
-62
-54
-14
-15
48
-14
51
22
8
-2
-29
-12
-79
-86
-30
-44
12
-72
68
-61
-18
16
-77
57
-70
2
-30
-33
-84
-64
-25
2
65
67
34
57
19
43
46
6
90
-36
26
11
5
35
-11
102
-31
29
47
-42
6
-15
13
-10
56
4
-3
50
15
20
43
1
53
-35
35
8
-19
53
15
108
12
77
26
4
0
-14
30
5
6
-45
56
-47
-4
41
23
-3
6
1
-42
-30
-83
-39
-81
-12
-88
-51
-50
-57
-35
-95
-11
-61
-16
-46
-25
-49
-54
-10
-34
40
1
-7
-10
-21
-42
-29
-28
13
-21
-33
-64
-48
-9
-79
15
-24
-56
-74
-101
-64
-95
-50
-85
-97
-67
-72
-36
17
76
28
59
75
42
73
77
103
87
100
71
61
69
85
97
75
53
4
5
-43
-22
15
27
56
48
53
49
35
30
41
4
-17
-26
-14
-8
-10
4
31
40
41
82
78
105
57
74
50
-22
-11
-74
-60
-91
-84
-87
-47
-81
-116
-87
-93
-85
-88
-80
-103
-125
-131
-150
-130
-148
-161
-145
-165
-182
-171
-144
-161
-166
-178
-163
-138
-110
-89
-85
-72
-71
-66
-40
-20
14
23
51
109
160
191
243
289
325
380
418
427
431
462
475
450
466
467
446
414
370
334
274
264
248
207
213
190
166
142
145
124
85
110
90
99
81
60
24
10
19
-27
-38
-52
-40
-56
-54
-78
-109
-83
-95
-111
-114
-125
-174
-234
-289
-374
-452
-497
-546
-607
-647
-698
-739
-786
-819
-884
-926
-1005
-1052
-1129
-1179
-1211
-1235
-1031
-884
-714
-610
-122
106
407
921
1275
1454
1481
1893
1711
1660
1539
1378
930
673
563
187
103
-44
-74
-357
-147
-151
-157
-245
-149
-243
-537
-458
-685
-747
-1015
-903
-1025
-920
-694
-555
-275
-14
518
743
1111
1387
1651
1677
1750
1853
1720
1542
1359
1223
886
798
609
393
193
94
-33
-200
-178
-288
-374
-516
-480
-500
-561
-545
-523
-496
-489
-309
-220
-139
-21
101
138
268
383
346
345
291
242
101
-13
-153
-302
-455
-575
-662
-806
-912
-1023
-1122
-1199
-1208
-1307
-1411
-1498
-1612
-1792
-1918
-2051
-2186
-2216
-2043
-1804
-1581
-1127
-634
21
574
1461
2116
2540
2889
3168
3265
2985
2884
2385
1870
1236
811
316
-65
-294
-585
-724
-767
-592
-705
-642
-666
-686
-972
-1085
-1166
-1476
-1640
-1786
-1704
-1675
-1320
-1032
-607
-56
565
1165
1646
2233
2557
2733
2745
2776
2539
2122
1665
1198
696
197
-133
-530
-765
-903
-972
-996
-920
-855
-865
-819
-789
-718
-737
-678
-654
-504
-312
-101
228
588
978
1268
1653
1909
2097
2110
2074
1880
1587
1224
768
330
-154
-564
-944
-1136
-1275
-1328
-1352
-1256
-1125
-985
-875
-765
-669
-657
-635
-691
-688
-739
-757
-776
-724
-594
-525
-418
-373
-259
-262
-316
-466
-686
-1055
-1484
-1723
-1851
-1869
-1994
-1769
-1546
-1051
-489
302
1101
1533
2083
2371
2696
2574
2509
2170
1666
1197
788
443
93
-42
-259
-361
-333
-152
-255
-265
-349
-526
-879
-1158
-1384
-1869
-2141
-2446
-2450
-2450
-2127
-1738
-1287
-534
230
1079
1759
2494
2974
3256
3366
3393
3152
2669
2137
1591
1028
467
106
-298
-542
-695
-655
-636
-518
-394
-439
-440
-481
-496
-650
-758
-847
-835
-709
-501
-153
267
730
1197
1743
2197
2541
2635
2613
2427
2096
1593
976
415
-233
-762
-1223
-1486
-1639
-1688
-1628
-1436
-1136
-884
-672
-491
-346
-339
-378
-490
-595
-776
-936
-1020
-1014
-908
-782
-597
-396
-179
-24
16
-12
-202
-544
-1096
-1649
-2071
-2355
-2448
-2653
-2480
-2220
-1619
-948
2
1068
1698
2340
2804
3317
3188
3020
2715
2135
1481
925
528
39
-225
-379
-508
-459
-185
-177
-215
-298
-345
-759
-1126
-1418
-1927
-2385
-2792
-2778
-2813
-2519
-2076
-1502
-681
267
1293
2137
2947
3573
3886
3991
3967
3678
3088
2339
1695
984
319
-201
-558
-816
-972
-887
-785
-664
-551
-510
-560
-646
-725
-936
-1184
-1343
-1341
-1319
-1149
-685
-76
529
1211
2174
2868
3407
3818
4035
3824
3419
2904
2062
1187
263
-568
-1364
-1864
-2145
-2314
-2262
-1970
-1574
-1237
-885
-461
-264
-248
-248
-393
-670
-991
-1213
-1466
-1590
-1571
-1462
-1228
-875
-430
-88
219
454
541
364
53
-401
-1086
-1948
-2749
-3386
-3753
-3781
-3823
-3537
-2878
-1885
-971
340
1793
2646
3247
3832
4331
4044
3672
3243
2502
1638
992
595
139
-80
-156
-240
-123
195
254
41
-61
-212
-825
-1410
-1784
-2292
-2911
-3258
-3188
-3055
-2713
-2088
-1339
-376
711
1849
2687
3468
4123
4341
4308
4148
3856
3052
2214
1558
916
227
-300
-565
-786
-892
-833
-688
-590
-511
-544
-642
-779
-881
-1111
-1374
-1434
-1418
-1334
-1147
-545
111
739
1481
2254
3031
3382
3776
3839
3582
3138
2445
1724
717
-86
-1004
-1752
-2188
-2478
-2553
-2566
-2222
-1874
-1496
-1080
-709
-422
-420
-401
-453
-659
-860
-1098
-1262
-1345
-1278
-1071
-849
-452
-97
237
521
703
773
503
195
-309
-941
-1762
-2615
-3283
-3912
-3969
-3906
-3735
-3261
-2383
-1298
-326
1230
2517
3262
3801
4403
4627
4106
3777
3226
2345
1447
918
461
-70
-244
-351
-461
-286
-58
-133
-361
-421
-624
-1308
-1715
-2105
-2620
-3183
-3376
-3232
-3126
-2674
-2092
-1218
-263
826
1917
2771
3614
4220
4518
4573
4480
4107
3309
2562
1920
1123
375
-237
-584
-975
-1177
-1166
-1140
-1040
-1022
-906
-910
-842
-855
-925
-977
-955
-853
-815
-514
-57
442
892
1595
2202
2762
3198
3525
3693
3539
3288
2643
2035
1211
407
-491
-1286
-1826
-2340
-2579
-2711
-2542
-2371
-2085
-1676
-1274
-950
-731
-590
-560
-599
-688
-852
-998
-1058
-1109
-1009
-919
-668
-456
-200
57
244
353
226
68
-270
-732
-1290
-1947
-2633
-3351
-3897
-4000
-3832
-3582
-3270
-2434
-1316
-342
962
2414
3390
3824
4425
4940
4628
4185
3730
2954
1986
1256
833
150
-170
-378
-566
-557
-415
-276
-599
-658
-740
-1152
-1688
-2074
-2419
-3040
-3366
-3328
-3223
-2888
-2333
-1572
-633
477
1733
2670
3574
4326
4831
4906
4747
4546
3771
2846
1969
1182
229
-598
-1080
-1468
-1706
-1702
-1536
-1336
-1064
-779
-585
-478
-353
-398
-600
-798
-896
-1017
-1131
-998
-594
-180
348
1028
1832
2544
3140
3678
3952
4005
3633
3198
2486
1682
694
-369
-1267
-2044
-2539
-2990
-3056
-2938
-2621
-2216
-1658
-1059
-581
-282
-38
106
59
-142
-430
-681
-982
-1131
-1294
-1260
-1153
-918
-657
-314
77
306
434
396
309
-36
-497
-1092
-1788
-2539
-3311
-3751
-3919
-3707
-3484
-3096
-2135
-982
214
1465
2958
3861
4314
4927
5302
4963
4261
3673
2790
1667
866
211
-510
-1003
-1221
-1289
-1321
-940
-844
-934
-899
-848
-1130
-1682
-1920
-2348
-2905
-3228
-3174
-3030
-2769
-2192
-1353
-342
900
2125
3174
4052
4820
5291
5307
5239
4844
4051
2995
2114
1271
289
-510
-1072
-1403
-1582
-1524
-1286
-1035
-768
-508
-299
-210
-193
-352
-648
-940
-1056
-1245
-1279
-1182
-727
-48
425
1411
1997
3205
3375
4027
4441
3975
3768
2620
2350
644
-190
-1552
-2570
-3167
-3963
-3820
-4105
-3441
-3092
-2415
-1657
-1045
-381
-188
-21
252
-165
-353
-839
-1023
-1369
-1642
-1430
-1468
-936
-724
-111
376
862
1221
1284
1318
1032
533
-181
-1090
-1897
-2969
-3866
-4377
-4348
-4173
-4018
-3316
-1963
-699
419
2204
3638
4382
4676
5629
5531
4797
4142
3354
2257
1029
500
-403
-987
-1184
-1204
-1217
-946
-450
-405
-636
-380
-571
-1219
-1851
-2218
-2746
-3576
-3638
-3662
-3454
-3003
-2183
-1099
48
1525
2710
3765
4764
5520
5845
5651
5490
4944
3897
2822
1949
1048
-54
-752
-1076
-1333
-1406
-1266
-988
-742
-494
-322
-344
-400
-579
-912
-1330
-1548
-1738
-1969
-2004
-1594
-1130
-505
288
1227
2123
2831
3650
3933
4195
3962
3437
2665
1734
797
-547
-1604
-2554
-3145
-3626
-3854
-3616
-3295
-2765
-2141
-1395
-713
-308
76
209
247
119
-264
-604
-939
-1102
-1247
-1240
-999
-700
-266
157
680
1162
1370
1518
1364
1116
567
-107
-869
-1831
-2668
-3629
-4245
-4611
-4377
-4003
-3536
-2777
-1411
14
1085
2671
3918
4639
4728
5344
5233
4343
3533
2659
1740
487
-54
-736
-1180
-1364
-1350
-1256
-1074
-694
-648
-823
-828
-943
-1521
-2104
-2530
-2837
-3430
-3512
-3295
-2905
-2356
-1567
-337
852
2244
3394
4442
5259
5845
6089
5847
5474
4796
3725
2585
1627
710
-296
-1073
-1449
-1724
-1798
-1751
-1495
-1301
-1131
-991
-990
-971
-1146
-1328
-1633
-1779
-1872
-1889
-1791
-1346
-793
-146
759
1605
2623
3144
3966
4114
4346
4083
3410
2757
1582
764
-756
-1614
-2590
-3186
-3593
-3827
-3512
-3217
-2548
-1928
-1242
-532
-122
253
395
393
301
-195
-426
-797
-871
-1042
-1017
-744
-479
-9
385
866
1278
1448
1498
1347
1070
555
-230
-906
-1880
-2672
-3616
-4168
-4709
-4643
-4123
-3634
-2916
-1942
-161
717
2155
3475
4501
4548
4643
5127
4180
3395
2393
1745
457
-290
-635
-1171
-1304
-1245
-1039
-860
-449
-169
-318
-493
-406
-1008
-1594
-2263
-2490
-3111
-3441
-3169
-2877
-2217
-1565
-334
804
2193
3474
4474
5289
5850
6109
5882
5373
4720
3683
2460
1377
461
-447
-1334
-1732
-1950
-1967
-1865
-1581
-1268
-1042
-858
-794
-832
-987
-1239
-1539
-1781
-1932
-1923
-1904
-1548
-994
-313
493
1382
2418
3057
3706
4105
4270
4088
3529
2860
1827
823
-384
-1453
-2393
-3115
-3536
-3775
-3643
-3269
-2745
-2115
-1463
-760
-263
91
364
376
276
-36
-279
-589
-834
-931
-946
-758
-522
-104
338
773
1174
1398
1567
1463
1282
790
167
-550
-1392
-2244
-3154
-3796
-4407
-4760
-4874
-4197
-3481
-2724
-1938
-351
1045
1841
3290
4243
4768
4308
4778
4439
3396
2612
1821
1110
47
-58
-454
-706
-644
-384
-302
-125
152
102
-422
-606
-900
-1713
-2395
-2921
-3098
-3653
-3493
-3107
-2473
-1607
-613
699
1908
3243
4191
4871
5396
5626
5434
4790
4065
3240
2068
955
52
-646
-1372
-1816
-1893
-1822
-1611
-1436
-1150
-869
-680
-764
-926
-1043
-1310
-1661
-1947
-2041
-2044
-1958
-1628
-1070
-226
564
1489
2368
3258
3863
4135
4339
4058
3732
2777
1935
894
-183
-1192
-2193
-2682
-3211
-3300
-3259
-2932
-2381
-1842
-1205
-712
-202
123
165
204
18
-150
-466
-735
-806
-863
-722
-533
-115
343
759
1232
1554
1805
1829
1663
1328
767
144
-740
-1510
-2347
-3042
-3723
-4308
-4516
-4696
-4353
-3643
-2675
-1890
-964
491
1595
2428
3491
4262
4287
4028
4254
3851
2823
2203
1687
1088
413
391
282
110
278
395
461
409
336
-132
-761
-1145
-1765
-2641
-3285
-3549
-3694
-3798
-3327
-2577
-1720
-724
429
1712
2853
3868
4523
4880
5066
4877
4355
3580
2818
1918
900
164
-438
-844
-1210
-1217
-1059
-891
-669
-551
-416
-484
-651
-1003
-1423
-1777
-2178
-2478
-2616
-2521
-2234
-1824
-1073
-214
750
1682
2479
3358
3871
4186
4010
3773
3370
2444
1706
703
-130
-1131
-1835
-2258
-2688
-2725
-2804
-2483
-2179
-1761
-1315
-1042
-710
-600
-474
-507
-587
-588
-804
-811
-745
-584
-350
-95
358
727
1133
1433
1611
1689
1579
1329
920
412
-200
-903
-1567
-2151
-2662
-3111
-3479
-3701
-3766
-3814
-3582
-3043
-2165
-1505
-947
-2
1033
1776
2404
3414
3800
3682
3699
3907
3402
2706
2360
1850
1317
934
823
458
322
219
-27
-272
-441
-841
-1528
-1998
-2326
-2873
-3439
-3560
-3505
-3370
-3041
-2235
-1415
-468
557
1485
2442
3230
3839
3991
4034
3983
3606
2953
2334
1798
1103
410
73
-151
-442
-558
-486
-460
-541
-541
-722
-971
-1228
-1531
-1949
-2255
-2346
-2432
-2353
-2077
-1505
-949
-306
544
1351
1998
2527
2942
3253
3220
3105
2732
2208
1782
1012
503
-120
-538
-1047
-1472
-1535
-1764
-1756
-1896
-1753
-1599
-1559
-1344
-1220
-976
-881
-724
-489
-405
-133
-74
104
365
510
707
751
951
983
907
910
776
681
347
83
-183
-583
-906
-1379
-1636
-2020
-2285
-2547
-2828
-2947
-3165
-3212
-3250
-2623
-1860
-1336
-801
167
1487
1933
2892
3914
4309
3998
4028
4378
3450
2729
2182
1650
900
485
386
-37
-108
-134
-362
-455
-566
-873
-1631
-2062
-2214
-2953
-3410
-3515
-3180
-3117
-2698
-1695
-861
138
1040
2039
2778
3382
3813
3703
3555
3340
2878
2119
1521
1312
714
176
108
203
25
-170
30
-18
-249
-517
-775
-1150
-1601
-1968
-2351
-2512
-2411
-2258
-2016
-1497
-725
-87
453
1233
1832
2154
2227
2453
2518
2273
2043
1601
1413
908
730
413
197
63
-382
-485
-788
-783
-1179
-1431
-1449
-1486
-1382
-1397
-1071
-813
-602
-271
-4
336
395
435
512
445
434
221
175
116
145
190
178
326
316
252
138
48
-106
-543
-925
-1333
-1715
-2128
-2535
-2725
-2966
-3111
-3127
-3004
-2563
-1754
-957
-390
159
1318
2009
2316
3113
3642
3434
2765
3125
2823
1864
1427
1244
881
278
509
469
161
108
1
-375
-791
-1048
-1628
-2488
-2726
-2914
-3387
-3500
-3024
-2400
-2153
-1265
-173
648
1238
1878
2445
2613
2773
2777
2539
2276
2151
1927
1617
1611
1681
1411
1218
1349
1319
865
515
277
-225
-842
-1284
-1621
-2041
-2351
-2408
-2297
-2074
-1709
-1332
-904
-399
164
468
732
1077
1285
1222
1234
1443
1465
1449
1363
1591
1449
1428
1269
1084
885
348
74
-519
-789
-1233
-1543
-1703
-1726
-1462
-1354
-1020
-659
-343
-97
59
240
224
96
55
-102
-97
-168
-58
59
214
504
627
796
795
764
530
191
-91
-567
-1014
-1455
-1758
-2050
-2265
-2269
-2419
-2439
-2482
-2374
-2411
-2027
-1344
-1031
-820
-244
831
1111
1759
2718
3117
2783
2868
3371
2719
2032
1809
1493
761
474
509
179
-189
-177
-412
-688
-871
-1168
-1762
-2312
-2308
-2691
-2940
-2835
-2376
-2092
-1709
-808
-46
484
1004
1601
2051
2275
2505
2594
2453
2436
2432
2369
2155
2165
2045
1740
1573
1475
1125
542
180
-243
-779
-1271
-1571
-1907
-2229
-2316
-2209
-2098
-1918
-1589
-1271
-956
-563
-166
29
261
577
780
1005
1160
1508
1575
1683
1785
1749
1768
1270
1219
742
411
-26
-454
-683
-1132
-1075
-1272
-1156
-1080
-898
-682
-596
-367
-299
-307
-312
-360
-341
-422
-405
-209
-75
281
487
781
964
1121
1185
1015
872
551
212
-201
-556
-826
-1157
-1334
-1460
-1464
-1495
-1580
-1606
-1836
-2013
-2244
-2429
-2363
-1840
-1372
-1137
-641
497
1159
1612
2654
3332
3128
2735
3230
2876
1890
1469
1373
873
340
503
474
196
59
-36
-422
-814
-1263
-1880
-2540
-2699
-2875
-3209
-3034
-2465
-1918
-1567
-695
241
739
1032
1474
1816
1837
1808
1934
1936
1872
1975
2141
2264
2380
2454
2226
2024
1833
1366
573
-2
-516
-1221
-1843
-2097
-2246
-2489
-2477
-2224
-1915
-1748
-1470
-1179
-932
-719
-510
-320
-117
219
518
820
1202
1604
1818
1909
2082
2097
1901
1524
1219
885
423
52
-284
-449
-688
-762
-781
-776
-777
-862
-860
-957
-1009
-1141
-1187
-1156
-1043
-872
-644
-280
75
415
737
1035
1176
1213
1133
982
717
408
119
-177
-360
-486
-572
-609
-634
-645
-759
-867
-1036
-1322
-1717
-2066
-2412
-2736
-2958
-2943
-2214
-1665
-1083
-546
655
1547
1840
2853
3373
3329
2619
2900
2736
1783
1354
1208
1050
475
623
669
458
137
-127
-524
-1014
-1473
-2014
-2508
-2703
-2609
-2705
-2441
-1928
-1375
-1073
-591
48
338
448
638
898
1052
1267
1611
2008
2325
2703
2955
3093
3119
2952
2511
1922
1356
668
-154
-800
-1255
-1684
-1975
-2065
-1975
-1942
-1854
-1697
-1548
-1530
-1530
-1415
-1284
-1215
-1079
-780
-358
67
471
1007
1381
1788
2014
2218
2252
2101
2040
1645
1455
1195
961
599
279
146
-228
-497
-791
-998
-1361
-1650
-1665
-1635
-1589
-1489
-1149
-807
-493
-120
255
507
628
729
753
743
681
578
488
421
471
458
454
478
496
470
308
183
-36
-355
-700
-1039
-1370
-1757
-2108
-2373
-2609
-2741
-2877
-2843
-2852
-2316
-1523
-970
-418
232
1445
1634
2194
3023
3250
2754
2300
2801
1981
1237
945
953
505
107
493
433
301
32
-125
-446
-878
-1285
-1853
-2288
-2403
-2583
-2659
-2467
-1915
-1571
-1298
-586
92
515
662
1181
1603
1893
2138
2484
2737
2746
2878
2846
2755
2424
1952
1398
883
473
-116
-622
-849
-1039
-1188
-1341
-1236
-1228
-1366
-1442
-1549
-1535
-1684
-1717
-1669
-1438
-1101
-745
-224
372
961
1398
1797
2193
2431
2492
2381
2271
2030
1743
1438
1093
981
562
285
-68
-309
-552
-991
-1131
-1403
-1445
-1583
-1498
-1272
-1105
-830
-623
-286
-132
-3
60
47
102
73
140
225
337
506
641
880
1034
1142
1109
978
830
558
238
-208
-614
-1039
-1386
-1673
-1898
-2048
-2208
-2269
-2320
-2302
-2327
-2373
-2337
-2357
-1880
-1197
-656
-256
271
1231
1463
1912
2499
2558
2149
1796
2047
1453
1042
978
904
827
834
1045
809
742
501
-117
-641
-1101
-1720
-2417
-2626
-2539
-2653
-2425
-1841
-1257
-823
-310
215
440
675
827
859
823
1103
1383
1543
1876
2253
2477
2412
2491
2419
2006
1493
1032
553
-46
-390
-586
-881
-1090
-1135
-1188
-1319
-1394
-1435
-1620
-1710
-1672
-1582
-1409
-1062
-601
-130
417
1039
1543
1854
2082
2165
2113
1903
1758
1488
1210
1001
841
753
593
600
353
60
-168
-487
-806
-1160
-1357
-1592
-1693
-1541
-1372
-1171
-921
-554
-279
-165
-23
121
196
160
275
482
643
799
999
1249
1386
1428
1327
1136
856
458
-28
-523
-853
-1181
-1442
-1586
-1552
-1497
-1514
-1440
-1408
-1452
-1645
-1835
-1947
-2120
-2342
-2443
-2495
-2106
-1427
-826
-248
347
1262
1487
1920
2598
2500
1998
1782
2101
1357
830
1115
1019
633
618
1001
669
303
345
-8
-556
-922
-1230
-1598
-1842
-1685
-1698
-1589
-1273
-1034
-845
-653
-355
-405
-310
16
322
465
848
1529
1826
2041
2392
2637
2423
2134
2011
1544
918
550
292
-79
-414
-373
-410
-515
-460
-479
-585
-782
-843
-1041
-1228
-1216
-1173
-999
-703
-306
31
426
819
1074
1227
1310
1291
1083
922
807
726
607
562
643
613
612
538
446
236
-76
-380
-751
-986
-1207
-1373
-1328
-1173
-930
-668
-324
11
212
448
592
579
540
491
450
390
434
507
506
522
535
517
396
238
109
-75
-275
-449
-584
-667
-751
-798
-808
-826
-908
-1048
-1156
-1280
-1443
-1620
-1690
-1703
-1713
-1692
-1558
-1388
-1309
-909
-384
43
308
570
871
830
1144
1406
1249
1218
1312
1296
971
1100
1205
981
1161
1263
1087
895
806
534
160
-3
-506
-958
-1051
-1270
-1474
-1401
-1206
-1301
-1168
-778
-652
-519
-316
-138
8
261
480
622
943
1154
1248
1446
1628
1594
1515
1539
1311
1114
1024
780
505
402
317
39
-53
-121
-358
-509
-593
-737
-946
-1034
-1067
-1035
-901
-826
-725
-530
-394
-224
-24
139
230
300
371
385
449
482
478
467
532
519
507
494
418
319
144
95
-29
-53
-121
-179
-150
-173
-32
-56
-22
-4
-54
-69
-194
-198
-260
-325
-277
-236
-136
-47
149
257
279
349
297
210
85
40
-64
-183
-193
-225
-218
-241
-216
-263
-370
-487
-660
-805
-1001
-1127
-1218
-1285
-1301
-1278
-1195
-1164
-1147
-1113
-1103
-946
-647
-402
-42
212
485
736
897
1205
1290
1444
1472
1357
1258
971
912
864
943
1074
1101
1166
1029
887
599
215
-102
-481
-769
-1046
-1197
-1302
-1397
-1238
-1037
-756
-507
-303
-154
-160
-93
-74
-14
104
271
490
693
925
1057
1151
1210
1235
1218
1120
1011
837
635
461
338
256
161
107
22
-102
-246
-455
-661
-880
-990
-1039
-1047
-952
-841
-700
-569
-393
-227
-148
-33
68
119
172
203
221
208
213
246
291
311
269
230
161
47
-51
-131
-184
-203
-199
-160
-150
-176
-197
-211
-205
-224
-277
-309
-330
-324
-271
-187
-89
39
184
327
416
492
477
430
364
296
220
117
74
8
-33
-92
-151
-189
-220
-272
-344
-350
-339
-382
-345
-257
-187
-111
-10
81
121
165
184
202
175
160
142
147
183
232
317
355
403
425
424
406
354
288
168
38
-72
-155
-218
-299
-341
-355
-375
-341
-297
-243
-220
-207
-190
-167
-144
-135
-121
-116
-107
-89
-77
-44
-1
54
129
159
231
270
300
346
379
389
331
312
288
218
163
126
66
1
-39
-26
-34
-49
-55
-88
-105
-129
-143
-156
-151
-135
-125
-131
-107
-91
-92
-88
-82
-55
-56
-45
-61
-85
-101
-132
-132
-145
-126
-97
-120
-120
-112
-128
-169
-217
-235
-268
-279
-257
-240
-208
-172
-105
-40
4
31
47
41
0
-31
-78
-109
-130
-118
-123
-114
-67
-58
-47
-26
14
-10
-39
-56
-88
-141
-189
-214
-239
-252
-251
-244
-222
-157
-106
-19
61
143
232
308
397
466
541
595
629
638
608
592
582
549
506
488
483
469
452
467
476
460
451
438
402
342
302
257
174
109
60
-18
-107
-173
-230
-296
-330
-301
-266
-231
-169
-104
-46
-6
34
54
41
20
-12
-61
-113
-155
-170
-158
-113
-28
35
71
87
64
1
-11
-36
-55
-93
-124
-133
-187
-216
-273
-254
-291
-291
-301
-298
-319
-343
-317
-304
-264
-255
-194
-187
-161
-144
-161
-185
-174
-167
-201
-218
-210
-205
-218
-145
-124
-105
-111
-73
-60
-76
-75
-111
-128
-197
-206
-220
-221
-242
-261
-262
-281
-228
-148
-54
46
135
237
320
376
438
447
426
391
352
322
281
257
223
211
196
179
176
167
161
135
92
40
-12
-45
-47
-22
22
75
120
162
192
222
250
302
356
406
454
496
561
603
640
688
720
716
664
616
555
459
360
276
187
87
8
-65
-133
-206
-272
-333
-379
-421
-464
-497
-511
-526
-545
-544
-528
-506
-483
-446
-425
-401
-387
-360
-318
-277
-218
-186
-156
-153
-168
-185
-231
-277
-331
-377
-447
-492
-499
-506
-453
-392
-281
-186
-92
18
74
135
157
158
167
161
173
182
235
312
364
427
449
460
446
396
332
229
133
26
-51
-127
-199
-250
-297
-335
-386
-419
-458
-496
-495
-495
-470
-385
-271
-143
-36
111
238
307
365
395
413
397
363
362
352
351
361
383
410
393
369
338
279
187
91
17
-69
-146
-202
-243
-274
-282
-271
-238
-200
-145
-80
-34
4
55
130
209
300
413
522
597
681
743
767
749
708
659
560
482
389
287
185
99
50
9
-11
-31
-86
-147
-205
-267
-330
-406
-447
-477
-499
-505
-477
-440
-430
-377
-327
-295
-278
-266
-257
-272
-250
-222
-222
-210
-178
-179
-200
-207
-224
-281
-338
-356
-368
-403
-396
-367
-316
-271
-232
-175
-147
-113
-87
-46
6
28
66
90
128
180
212
252
279
306
300
280
269
236
181
120
83
16
-38
-90
-147
-187
-224
-242
-250
-229
-208
-188
-181
-159
-125
-108
-60
-7
48
102
143
195
226
252
275
298
341
379
426
466
485
499
502
499
477
441
404
344
297
235
169
121
86
68
49
36
32
35
58
60
75
109
135
145
143
168
161
135
112
74
53
15
16
20
23
38
46
66
56
50
11
-36
-82
-145
-205
-262
-294
-323
-350
-364
-352
-334
-333
-329
-323
-301
-318
-336
-350
-388
-391
-404
-381
-336
-313
-239
-190
-137
-96
-74
-46
-45
-8
9
45
104
142
181
207
244
260
249
229
193
151
79
12
-55
-124
-166
-191
-191
-190
-192
-175
-196
-218
-229
-233
-244
-239
-200
-159
-114
-41
46
94
168
232
289
330
357
386
370
345
320
307
288
276
249
217
192
135
57
-27
-106
-181
-242
-273
-294
-309
-295
-287
-246
-192
-144
-81
-27
30
75
122
165
207
266
318
375
440
474
505
517
511
492
449
398
346
317
270
229
193
153
112
62
14
-54
-117
-171
-224
-257
-267
-268
-241
-228
-208
-197
-183
-163
-158
-143
-134
-108
-84
-58
-28
10
52
84
99
109
116
104
74
46
23
7
-15
-22
-8
-34
-56
-79
-99
-125
-162
-181
-190
-205
-225
-221
-249
-249
-248
-230
-215
-204
-157
-148
-133
-114
-95
-96
-94
-61
-40
-21
-8
-6
-5
-8
5
27
27
44
68
75
86
96
100
75
55
47
44
52
52
66
71
70
78
98
104
104
108
97
80
58
49
35
15
25
39
45
30
28
6
-28
-43
-61
-90
-116
-118
-128
-138
-139
-146
-148
-144
-120
-99
-84
-68
-49
-30
-27
-9
16
40
82
124
160
187
212
223
225
224
211
192
175
144
102
68
46
31
20
22
25
2
-21
-62
-110
-152
-200
-223
-243
-245
-237
-216
-191
-156
-114
-89
-40
-5
36
58
78
100
106
130
154
196
228
262
278
272
258
220
175
115
68
17
-26
-70
-109
-130
-150
-168
-186
-187
-192
-211
-222
-228
-239
-243
-242
-226
-208
-188
-154
-129
-97
-62
-20
7
37
68
98
109
106
101
76
64
53
47
45
55
71
82
94
108
114
108
107
102
96
84
78
80
74
59
49
48
40
33
29
29
37
44
68
92
109
137
148
150
140
113
86
50
17
-15
-47
-74
-97
-108
-104
-95
-82
-64
-50
-30
-11
-6
5
10
23
30
44
56
64
81
80
101
113
113
117
117
110
92
69
41
12
-31
-77
-116
-155
-180
-198
-214
-228
-237
-240
-250
-265
-271
-275
-265
-264
-234
-192
-156
-100
-30
35
88
143
173
211
236
246
250
260
264
251
232
207
177
133
96
57
13
-44
-87
-125
-150
-174
-197
-206
-223
-231
-229
-212
-195
-173
-137
-101
-70
-29
4
31
50
75
104
128
138
147
138
112
90
70
40
3
-16
-46
-69
-95
-118
-149
-164
-164
-170
-162
-151
-146
-137
-121
-116
-106
-96
-64
-28
-3
18
45
61
71
96
118
137
143
164
187
195
198
193
178
163
153
138
126
111
95
79
69
49
38
29
18
21
15
9
6
11
18
19
42
72
93
115
146
174
189
204
199
191
176
150
136
107
76
41
9
-25
-60
-103
-151
-201
-258
-309
-356
-401
-432
-446
-452
-443
-416
-379
-347
-312
-280
-253
-225
-202
-169
-128
-77
-28
28
80
128
164
180
183
175
165
139
114
96
76
49
29
18
15
10
6
2
5
14
21
38
52
64
78
105
132
157
165
170
179
192
195
188
191
184
169
154
130
90
47
10
-25
-65
-97
-128
-157
-188
-220
-244
-266
-283
-290
-289
-278
-267
-246
-218
-183
-142
-109
-65
-27
4
38
59
77
95
108
123
149
166
181
197
206
213
219
210
210
197
178
160
133
113
99
94
80
75
85
99
104
101
114
115
120
141
162
181
192
206
220
231
226
224
211
182
152
117
85
49
16
-8
-28
-58
-86
-111
-133
-164
-205
-245
-276
-300
-324
-321
-326
-314
-303
-294
-267
-249
-224
-202
-177
-151
-118
-89
-64
-41
-17
3
18
35
37
23
10
-3
-19
-37
-63
-82
-86
-91
-90
-87
-80
-69
-64
-55
-45
-32
-33
-28
-9
4
20
44
65
84
102
103
92
79
58
30
-1
-14
-24
-39
-42
-48
-47
-51
-49
-50
-65
-80
-97
-107
-115
-110
-84
-67
-30
10
41
70
92
117
130
144
151
158
174
189
205
213
215
208
202
199
179
162
141
125
103
87
83
68
54
26
11
-7
-21
-23
-16
-12
-8
10
17
24
27
41
57
77
92
103
102
104
105
102
96
88
79
51
45
35
17
-10
-27
-42
-65
-77
-84
-84
-92
-90
-83
-84
-78
-76
-71
-70
-69
-67
-74
-80
-69
-54
-52
-43
-27
-11
0
8
16
23
23
17
15
11
-3
-13
-20
-37
-51
-52
-55
-63
-62
-59
-69
-67
-62
-70
-63
-41
-14
0
9
28
39
40
39
40
49
41
38
44
41
28
21
13
-3
-2
-7
-14
-31
-46
-59
-82
-97
-107
-119
-124
-116
-103
-90
-82
-65
-54
-40
-16
10
25
33
44
50
62
75
94
107
120
135
143
152
158
172
181
174
174
160
145
138
124
110
98
84
72
63
55
49
35
12
-6
-20
-19
-30
-43
-47
-44
-34
-22
-11
-8
-21
-25
-30
-32
-32
-28
-31
-40
-39
-40
-35
-35
-27
-22
-30
-34
-30
-30
-46
-58
-63
-59
-60
-61
-59
-62
-63
-73
-85
-94
-95
-102
-103
-94
-88
-90
-96
-91
-87
-87
-83
-85
-82
-81
-70
-55
-41
-27
-22
-8
-1
5
9
1
-3
-8
-6
-1
-1
4
5
8
13
12
13
11
6
4
10
14
22
29
36
42
43
46
47
47
36
29
23
12
10
4
5
8
9
19
26
32
30
15
8
-5
-13
-17
-17
-22
-21
-15
-13
-4
4
12
20
33
44
64
82
94
109
122
143
154
157
164
172
172
169
155
144
125
95
78
59
36
8
-16
-34
-57
-82
-107
-126
-142
-151
-157
-155
-156
-146
-125
-111
-92
-74
-55
-45
-38
-31
-26
-12
2
18
21
20
20
16
13
3
-9
-28
-54
-66
-75
-82
-89
-98
-103
-114
-120
-129
-134
-130
-130
-124
-116
-100
-79
-56
-33
-5
23
37
54
72
78
83
81
77
74
73
70
68
66
58
50
44
37
26
11
-1
-14
-26
-43
-55
-60
-63
-69
-72
-64
-51
-40
-12
4
16
30
41
61
72
86
91
98
105
104
105
99
88
71
54
36
23
19
16
18
14
9
13
12
13
10
8
13
11
23
28
37
48
61
83
88
104
117
125
141
149
178
198
209
210
202
199
181
158
132
106
73
39
14
-14
-42
-73
-94
-105
-120
-126
-134
-132
-135
-138
-136
-140
-139
-142
-144
-150
-152
-153
-155
-147
-137
-127
-118
-113
-107
-103
-101
-101
-103
-101
-104
-109
-112
-118
-122
-131
-129
-129
-123
-118
-102
-86
-75
-57
-35
-5
15
34
57
75
87
101
113
120
125
129
132
134
136
130
126
120
119
116
109
99
81
65
45
31
14
-7
-29
-47
-58
-62
-74
-72
-61
-53
-39
-32
-21
-13
-5
3
7
12
11
14
16
21
25
23
24
26
23
24
31
27
27
29
30
35
38
40
45
41
42
47
47
47
47
41
38
47
54
63
76
90
108
115
120
128
133
132
130
128
121
105
93
82
63
40
15
1
-11
-19
-30
-42
-51
-57
-65
-75
-78
-90
-97
-104
-121
-129
-134
-142
-147
-153
-156
-165
-167
-162
-160
-155
-154
-147
-145
-141
-137
-136
-127
-124
-113
-105
-88
-73
-61
-45
-31
-12
2
16
32
51
70
88
104
120
130
145
153
159
157
155
158
156
153
151
152
148
137
126
118
106
92
78
64
50
34
21
8
-1
-13
-26
-33
-36
-41
-47
-44
-43
-38
-34
-32
-30
-34
-38
-43
-48
-52
-59
-58
-48
-48
-42
-36
-27
-20
-14
-8
-4
6
14
25
33
39
50
52
51
55
58
64
65
71
66
63
69
71
74
74
77
82
74
67
59
54
45
31
17
7
2
-8
-6
-9
-16
-19
-21
-19
-15
-12
-11
-15
-20
-25
-35
-45
-60
-73
-86
-98
-107
-113
-116
-120
-115
-113
-108
-108
-108
-104
-102
-99
-98
-91
-98
-100
-97
-97
-95
-102
-104
-98
-84
-68
-55
-35
-23
-5
11
20
33
42
50
55
58
53
53
49
52
55
53
58
68
73
77
82
87
90
90
91
91
92
96
95
99
95
90
91
83
79
74
69
62
50
41
27
22
19
11
0
-7
-20
-27
-40
-57
-59
-63
-65
-61
-62
-59
-59
-54
-54
-54
-53
-56
-46
-38
-34
-25
-15
-3
8
14
18
21
18
10
6
-3
-3
1
6
8
12
15
18
26
27
31
33
31
29
28
20
17
14
14
19
18
27
32
37
40
41
47
46
44
45
42
35
26
21
11
-2
-17
-33
-45
-60
-70
-79
-90
-93
-98
-95
-90
-87
-78
-70
-68
-69
-65
-67
-68
-67
-61
-56
-50
-43
-34
-26
-23
-19
-18
-12
-9
-6
3
9
14
21
23
28
33
37
43
43
46
51
53
53
55
54
58
61
65
72
83
87
90
93
89
91
87
86
86
78
75
71
68
59
51
45
34
25
16
9
4
5
2
-5
-13
-16
-20
-28
-36
-43
-49
-48
-45
-45
-40
-37
-33
-31
-27
-23
-19
-14
-10
-5
-5
-7
-13
-16
-25
-30
-30
-23
-21
-19
-13
-6
0
3
13
14
13
12
11
15
19
13
11
16
12
9
3
1
-1
-8
-12
-13
-17
-20
-19
-18
-22
-28
-34
-37
-45
-47
-50
-52
-59
-62
-59
-64
-64
-66
-62
-54
-51
-45
-39
-34
-33
-27
-24
-25
-27
-32
-35
-40
-39
-37
-37
-38
-39
-38
-38
-37
-31
-25
-17
-9
-1
8
16
21
28
35
41
46
52
59
67
76
83
93
100
108
112
111
110
106
99
91
80
71
66
57
49
42
36
30
23
18
16
14
10
6
2
3
2
3
6
9
8
6
8
11
12
11
9
5
3
0
-1
2
2
2
0
-1
-5
-10
-13
-16
-24
-27
-29
-31
-32
-33
-32
-31
-30
-29
-28
-29
-27
-23
-19
-19
-14
-10
-7
-4
-4
-2
0
-6
-13
-15
-20
-26
-29
-33
-36
-39
-41
-41
-40
-42
-46
-45
-46
-50
-51
-52
-54
-54
-55
-54
-53
-51
-47
-43
-40
-37
-34
-31
-28
-26
-25
-24
-25
-29
-28
-24
-22
-25
-23
-18
-17
-11
-2
6
11
21
31
45
54
61
67
75
78
78
78
77
77
76
76
76
77
78
82
83
82
81
83
80
76
