-17
-18
-19
-19
-17
-19
-19
-23
-20
-23
-22
-26
-25
-28
-26
-26
-29
-29
-32
-27
-29
-25
-30
-28
-31
-25
-24
-23
-23
-26
-22
-24
-17
-19
-18
-23
-20
-19
-15
-13
-14
-14
-16
-7
-7
-1
-7
-5
-5
0
3
4
4
0
4
4
11
10
13
10
12
14
17
19
21
22
20
24
23
25
23
25
22
23
22
23
22
23
26
28
32
31
35
36
40
40
42
40
43
44
47
47
44
42
39
44
44
48
41
42
40
44
44
42
34
27
25
23
23
15
10
2
1
-1
3
-1
-6
-10
-12
-9
-11
-12
-25
-28
-36
-34
-40
-40
-46
-51
-49
-49
-46
-52
-48
-55
-52
-55
-55
-62
-68
-73
-75
-71
-70
-64
-68
-60
-64
-58
-63
-63
-70
-72
-76
-80
-80
-89
-89
-96
-90
-97
-89
-90
-86
-86
-86
-82
-86
-80
-81
-71
-70
-59
-54
-44
-36
-29
-22
-18
-10
-6
7
12
26
28
36
39
50
58
66
76
83
90
95
108
115
123
128
139
146
159
166
169
169
167
168
167
173
173
173
170
172
170
171
168
163
156
153
157
158
160
153
149
143
139
135
130
120
106
93
82
74
62
50
37
30
22
20
14
5
-13
-32
-50
-66
-81
-100
-116
-132
-139
-147
-146
-151
-159
-166
-171
-170
-176
-179
-192
-206
-218
-224
-228
-232
-234
-243
-247
-251
-257
-268
-283
-298
-312
-322
-328
-334
-340
-342
-341
-333
-319
-305
-291
-271
-249
-222
-196
-167
-139
-108
-68
-25
27
75
122
165
209
249
282
314
335
356
369
385
393
398
397
394
396
393
394
386
377
362
347
333
314
294
269
252
236
229
221
210
200
193
189
189
192
191
188
188
187
185
178
169
157
143
133
116
96
71
39
8
-24
-54
-85
-111
-138
-161
-182
-205
-229
-253
-271
-283
-288
-302
-313
-328
-339
-348
-360
-377
-400
-414
-425
-419
-415
-416
-425
-433
-428
-419
-408
-414
-427
-436
-422
-400
-378
-352
-330
-287
-213
-114
-30
31
79
118
177
241
292
306
303
308
334
377
403
403
384
381
386
393
409
374
310
253
223
199
166
129
65
23
3
11
21
6
-20
-52
-45
-22
3
18
39
54
72
116
160
185
190
194
197
209
228
233
232
216
201
205
202
207
194
185
171
159
131
98
95
49
30
-3
-26
-50
-42
-47
-53
-29
-32
-17
-19
21
24
33
37
46
57
58
68
48
44
48
65
73
87
76
69
74
88
94
90
82
63
45
36
29
9
-12
-57
-74
-113
-143
-176
-209
-223
-249
-258
-282
-302
-352
-381
-407
-446
-480
-514
-542
-580
-609
-647
-687
-735
-759
-800
-798
-816
-759
-616
-425
-296
-198
-51
-13
120
212
330
291
243
204
200
304
301
329
273
317
298
406
500
474
372
261
290
238
216
124
31
-77
-71
4
50
58
22
3
30
138
173
187
188
219
237
332
463
519
497
501
567
554
580
561
493
411
392
385
357
365
335
269
243
262
220
179
135
83
7
-15
-26
-56
-76
-82
-91
-83
-35
-20
-23
-13
26
5
15
39
56
58
62
82
82
104
108
98
66
63
34
3
-17
-66
-115
-135
-134
-160
-185
-199
-209
-250
-267
-287
-306
-328
-360
-373
-370
-365
-376
-380
-377
-358
-337
-315
-313
-323
-346
-372
-397
-420
-448
-487
-522
-532
-545
-562
-569
-600
-646
-700
-710
-741
-747
-768
-745
-657
-513
-336
-239
-86
-15
76
175
297
363
339
346
325
395
416
460
445
451
461
508
604
619
577
461
446
415
381
316
253
142
61
83
107
98
64
36
-5
59
110
144
146
172
185
227
331
406
417
395
436
426
430
442
429
369
337
349
323
333
322
261
188
154
130
93
66
27
-17
-41
-33
-32
-45
-57
-76
-75
-64
-51
-45
-46
-30
-9
20
61
84
74
68
88
94
95
86
69
59
46
33
3
-10
-42
-61
-76
-82
-89
-113
-123
-135
-127
-131
-132
-139
-153
-149
-145
-116
-94
-89
-86
-96
-102
-109
-101
-95
-121
-131
-155
-171
-196
-227
-274
-319
-366
-411
-444
-477
-502
-549
-584
-628
-656
-694
-725
-762
-792
-800
-749
-636
-517
-404
-300
-164
-51
87
212
305
334
357
390
425
463
462
466
450
485
507
558
604
595
532
469
447
366
279
191
117
27
-16
-10
-13
-27
-41
-49
-57
-19
2
19
45
75
97
134
204
254
269
298
332
311
311
326
325
289
263
236
203
197
168
135
84
55
14
-7
-20
-66
-114
-156
-172
-203
-200
-210
-217
-220
-187
-141
-117
-80
-60
-45
-33
37
81
101
115
124
116
120
124
97
62
12
-11
-39
-25
-36
-56
-61
-57
-34
-45
-47
-67
-82
-86
-86
-104
-121
-120
-138
-131
-93
-74
-75
-71
-49
-41
-36
-28
-46
-71
-92
-104
-142
-185
-230
-281
-330
-360
-369
-403
-423
-449
-471
-505
-549
-578
-611
-631
-642
-634
-636
-571
-460
-333
-225
-104
25
123
272
419
527
538
574
597
629
669
692
677
635
636
614
653
663
634
517
438
395
317
236
141
53
-60
-72
-80
-73
-103
-125
-151
-140
-72
-61
-76
-88
-50
-21
55
130
186
205
225
280
312
326
312
259
193
175
151
119
88
46
0
-2
13
8
-26
-82
-121
-168
-189
-220
-268
-318
-340
-337
-321
-280
-246
-211
-158
-89
-16
49
107
136
170
212
243
236
217
205
178
165
162
168
142
120
108
108
128
124
103
82
76
59
36
25
-5
-28
-45
-44
-26
-6
16
12
7
22
41
36
42
33
2
-22
-33
-60
-103
-122
-154
-200
-241
-298
-360
-434
-475
-510
-536
-545
-544
-557
-570
-564
-590
-611
-636
-650
-681
-672
-619
-536
-453
-363
-200
-61
120
295
441
524
567
619
643
672
671
658
612
601
588
594
595
587
534
462
442
385
297
186
103
-9
-85
-122
-167
-217
-248
-271
-296
-291
-272
-262
-246
-173
-98
-16
79
174
243
299
345
363
356
344
311
252
204
143
88
49
43
25
-17
-32
-48
-71
-101
-128
-186
-255
-291
-330
-358
-381
-407
-412
-398
-343
-278
-190
-115
-39
36
119
201
248
289
310
306
311
323
298
250
188
158
139
144
159
163
155
147
149
140
151
128
101
70
50
44
36
32
11
4
23
56
77
88
97
94
101
113
111
77
27
-1
-40
-85
-135
-197
-267
-311
-344
-365
-376
-406
-435
-449
-438
-446
-468
-483
-519
-560
-596
-632
-675
-718
-735
-694
-603
-490
-372
-234
-63
105
306
501
616
675
702
729
709
689
637
525
440
380
348
300
298
275
215
179
175
138
22
-45
-151
-243
-305
-353
-404
-475
-464
-464
-425
-337
-233
-126
-21
120
237
343
434
492
518
567
593
560
523
475
417
342
302
263
208
157
119
97
81
72
31
-23
-71
-126
-195
-246
-295
-365
-392
-362
-318
-282
-204
-100
-20
76
182
261
319
378
397
377
376
355
280
212
158
103
41
25
4
-45
-68
-72
-67
-71
-52
-54
-67
-70
-74
-105
-120
-115
-145
-144
-131
-124
-121
-93
-70
-54
-25
-17
-37
-62
-68
-99
-141
-156
-177
-219
-249
-280
-323
-363
-393
-424
-463
-474
-507
-526
-541
-552
-573
-633
-631
-667
-708
-711
-759
-669
-496
-308
-167
42
365
535
771
1048
1204
1190
1157
1174
1004
858
750
576
373
293
274
159
165
183
97
-25
-28
-59
-264
-384
-517
-676
-784
-786
-788
-791
-658
-540
-393
-145
120
291
425
614
727
790
847
835
753
691
668
576
521
483
418
330
303
297
184
96
-2
-111
-230
-337
-434
-550
-613
-629
-622
-580
-485
-387
-304
-193
-69
13
87
174
268
336
444
561
607
657
695
697
633
593
475
290
148
-4
-154
-295
-364
-430
-485
-453
-395
-329
-231
-117
-53
-4
50
80
82
79
73
41
62
91
104
129
156
178
181
204
168
88
10
-77
-180
-295
-377
-476
-600
-676
-733
-773
-805
-814
-864
-921
-912
-937
-957
-992
-1005
-1062
-1095
-1089
-1077
-661
-184
182
392
880
1379
1383
1785
2106
2032
1610
1389
1231
708
534
358
34
-199
-61
-64
-236
-129
-126
-498
-848
-814
-1042
-1359
-1448
-1461
-1425
-1203
-743
-435
-84
375
635
835
1110
1290
1188
1053
1045
980
928
972
942
809
803
742
591
444
290
-4
-364
-515
-669
-829
-871
-824
-778
-637
-382
-180
-33
122
217
172
251
311
233
180
210
284
314
507
634
658
728
754
707
593
540
304
10
-131
-279
-428
-522
-504
-537
-541
-439
-374
-343
-278
-247
-269
-191
-91
-41
6
137
241
286
380
419
379
333
260
122
16
-75
-200
-316
-337
-323
-323
-274
-242
-252
-295
-366
-459
-595
-698
-827
-932
-952
-955
-934
-894
-792
-817
-790
-814
-832
-963
-1070
-1170
-1220
-522
33
483
703
1412
1722
1610
2240
2312
1984
1281
1105
656
208
260
45
-250
-247
108
-77
-42
42
-248
-919
-1150
-1145
-1517
-1560
-1473
-1343
-1047
-426
56
339
706
891
773
910
1119
1051
890
850
863
907
1086
1149
952
720
577
204
-75
-297
-562
-881
-1011
-917
-817
-607
-409
-280
-187
7
84
116
115
106
49
37
223
363
449
490
553
550
546
526
404
208
29
22
-30
-5
39
44
47
4
142
41
-88
-193
-415
-488
-533
-455
-386
-277
-59
156
346
573
603
546
488
367
267
136
77
-34
-86
0
45
70
96
49
-17
-61
-80
-157
-267
-301
-359
-394
-362
-392
-440
-505
-579
-663
-780
-844
-953
-1047
-1067
-1033
-1033
-1005
-1023
-1041
-1080
-1088
-1152
-960
-146
431
751
985
1752
1790
1740
2315
2313
1808
1079
1038
461
145
198
-7
-315
-191
129
-160
-189
-171
-485
-1241
-1312
-1293
-1487
-1434
-1229
-912
-532
141
541
759
1019
1139
1002
1099
1235
1158
995
950
982
973
1038
990
660
350
138
-220
-478
-630
-705
-912
-868
-632
-436
-236
-66
-2
5
140
181
216
238
319
263
321
541
602
550
474
376
207
66
-51
-241
-332
-225
-191
-102
94
207
122
93
150
32
-217
-323
-476
-609
-557
-491
-361
-220
11
117
223
399
409
271
199
146
48
-11
-10
-16
-48
25
44
19
34
-25
-159
-203
-181
-210
-256
-217
-201
-210
-204
-262
-377
-523
-651
-779
-908
-953
-996
-1046
-1037
-965
-979
-1028
-1069
-1128
-1201
-1298
-1282
-1320
-553
374
964
1198
1703
2254
1813
2146
2351
2006
1093
648
426
-95
23
39
-141
-376
39
-66
-289
-360
-557
-1242
-1772
-1555
-1574
-1439
-1205
-809
-438
158
661
824
907
972
793
712
918
992
915
856
893
876
948
910
582
78
-183
-537
-774
-829
-809
-817
-796
-491
-270
-31
119
174
58
116
212
251
303
383
474
459
615
704
636
442
245
33
-122
-163
-264
-210
-73
83
204
375
547
307
322
164
-20
-126
-342
-336
-392
-228
-106
34
210
367
328
351
337
255
130
-1
30
-37
65
108
110
135
138
82
-11
-102
-190
-321
-320
-249
-203
-112
-98
-83
-100
-158
-281
-463
-662
-771
-939
-973
-967
-949
-933
-946
-903
-932
-1005
-1148
-1229
-1298
-1352
-1271
-1204
-795
314
1212
1642
1695
2342
2217
1766
2144
2092
1529
628
612
272
73
260
188
-251
-312
-130
-563
-745
-798
-990
-1718
-1645
-1257
-1090
-816
-514
-193
70
546
731
707
798
860
705
888
1213
1300
1175
1053
936
783
687
477
-33
-435
-580
-757
-703
-500
-267
-271
-179
25
133
214
261
158
72
235
371
542
663
759
674
593
624
471
214
-47
-281
-411
-388
-220
-107
47
266
366
487
519
474
174
17
-59
-192
-220
-240
-201
-188
-98
-23
50
36
5
-92
-85
-28
-27
-43
-67
-15
-10
27
17
-46
-142
-225
-294
-304
-278
-259
-220
-101
27
59
42
-49
-178
-315
-496
-673
-814
-922
-1003
-1060
-1026
-985
-994
-1074
-1138
-1179
-1213
-1250
-1321
-1286
-1226
-1152
-1007
-900
59
1119
1682
1691
1861
2343
1704
1879
2210
1944
1097
573
594
158
190
141
-223
-681
-467
-567
-764
-798
-799
-1180
-1574
-1161
-928
-675
-565
-338
-61
311
602
726
782
834
768
805
1093
1184
1124
864
626
491
422
300
7
-382
-510
-604
-541
-377
-245
-171
-233
-170
-63
71
102
83
9
146
299
462
603
639
584
372
317
211
39
-222
-419
-486
-414
-249
-88
161
420
542
555
584
578
327
167
137
13
-41
-133
-141
-123
-101
-118
-170
-144
-100
-134
-95
45
138
168
179
259
261
219
142
10
-72
-111
-178
-208
-171
-133
-135
-56
69
71
-7
-116
-242
-358
-465
-594
-734
-844
-882
-965
-1004
-1010
-1043
-1108
-1132
-1095
-1045
-1107
-1127
-1085
-1025
-932
-821
-808
-700
365
1287
1728
1624
2108
2202
1545
2040
2250
1833
832
612
348
-36
54
38
-410
-716
-458
-616
-674
-719
-682
-1284
-1499
-1086
-780
-566
-415
-109
137
473
771
929
888
884
741
810
964
1053
945
605
386
268
191
107
-152
-484
-580
-629
-479
-356
-166
-162
-277
-209
-70
57
105
143
95
213
366
564
595
593
461
197
130
49
-122
-346
-405
-389
-219
48
333
439
483
538
496
585
491
371
214
118
102
17
15
-21
-126
-230
-249
-222
-167
-136
-57
29
212
370
387
377
311
206
90
0
-65
-140
-181
-155
-103
22
59
66
63
47
-15
-129
-246
-340
-446
-597
-656
-742
-748
-864
-965
-1046
-1135
-1183
-1284
-1290
-1237
-1153
-1144
-1168
-1038
-934
-914
-896
-690
429
1356
1755
1614
2065
2160
1498
1908
2085
1675
586
367
138
-185
-77
-178
-617
-862
-510
-681
-742
-716
-699
-1328
-1444
-917
-617
-411
-284
-52
136
478
665
690
722
737
586
754
1034
1107
887
521
269
115
88
-21
-328
-592
-567
-555
-363
-104
115
60
-66
-19
47
143
170
182
198
377
533
674
707
614
352
46
-62
-140
-238
-396
-361
-184
1
298
595
648
567
492
399
273
262
187
-36
19
33
40
22
20
-52
-257
-322
-270
-196
-132
-36
31
202
321
356
260
189
69
-121
-168
-177
-195
-191
-96
-32
43
118
121
73
66
-9
-138
-219
-272
-312
-437
-542
-661
-797
-931
-1039
-1161
-1204
-1184
-1277
-1251
-1131
-996
-997
-996
-929
-982
-1022
-868
-923
-143
1151
1804
1887
1938
2534
1738
1663
2206
1873
991
332
387
-180
-120
56
-331
-889
-605
-579
-843
-703
-537
-885
-1441
-917
-560
-329
-93
101
210
438
744
792
777
879
828
691
987
1156
993
603
240
39
-83
-74
-96
-361
-364
-308
-216
21
175
201
-56
-168
-81
43
148
290
339
474
611
722
761
611
404
4
-225
-228
-255
-279
-305
-150
102
284
498
513
532
316
198
245
346
335
173
219
149
161
34
-71
-242
-388
-559
-620
-449
-262
-122
-106
77
215
282
183
91
13
-86
-132
-131
-73
-53
-108
-127
-83
-28
-41
-116
-150
-168
-164
-226
-292
-378
-515
-727
-878
-983
-1078
-1159
-1228
-1192
-1067
-1056
-1033
-996
-938
-1009
-1086
-1079
-1129
-1025
-1022
-973
-676
649
1729
2044
1814
2136
2013
1216
1777
2025
1652
587
487
382
36
176
16
-556
-994
-728
-826
-842
-686
-507
-1083
-1201
-636
-267
-128
-116
119
255
518
804
895
891
906
761
842
1046
1051
713
233
-33
-134
-129
-49
-211
-400
-352
-357
-224
-95
35
-124
-299
-201
-55
121
318
403
375
506
569
573
461
354
73
-238
-215
-190
-157
-233
-185
-88
73
337
434
388
189
149
153
244
409
411
260
177
148
34
-42
-124
-292
-458
-445
-350
-191
-82
9
39
99
229
233
164
97
28
-41
27
77
48
-33
-27
-62
-76
-34
-70
-105
-105
-99
-161
-192
-252
-368
-613
-768
-848
-941
-1004
-1044
-1031
-1016
-901
-892
-904
-922
-940
-1031
-1132
-1032
-1008
-830
-843
-739
-674
-84
1268
1875
1941
1675
2070
1513
1257
2178
2208
1491
654
776
252
-48
131
-233
-960
-989
-636
-821
-652
-345
-574
-1308
-1038
-500
-391
-187
95
211
378
817
999
902
936
891
566
625
818
755
425
127
-99
-182
-31
23
-251
-391
-305
-384
-279
-89
19
-165
-293
-184
-6
257
408
405
391
463
442
467
441
302
40
-192
-199
-194
-135
-123
-149
-8
232
302
231
169
126
53
110
362
388
330
241
92
-44
-121
-186
-384
-511
-455
-339
-214
-62
19
26
41
97
110
103
91
45
47
116
160
97
22
-47
-102
-72
-44
-50
-58
-68
-112
-168
-210
-305
-483
-708
-836
-851
-847
-880
-901
-912
-894
-910
-1019
-1045
-1058
-1117
-1201
-1081
-927
-907
-824
-721
-729
-339
1035
1971
1919
1635
1915
1581
1010
1902
2389
1705
728
683
419
-314
-286
-311
-940
-1362
-895
-670
-673
-530
-513
-1052
-1287
-763
-476
-310
-2
336
438
628
998
1057
830
762
740
726
830
928
757
348
21
-105
-85
-34
-159
-410
-402
-366
-321
-251
-108
-140
-382
-402
-167
123
386
557
529
538
530
527
396
243
106
-176
-197
-52
16
77
79
88
26
78
132
-5
-12
96
206
298
471
470
276
45
-106
-249
-320
-228
-293
-300
-178
-40
-40
-41
13
-38
-60
34
140
185
242
238
178
120
63
-18
-86
-80
-37
-6
29
60
31
-65
-175
-306
-469
-567
-672
-741
-759
-770
-793
-855
-890
-941
-1022
-1050
-1067
-1134
-1118
-1061
-1007
-959
-798
-657
-640
-552
-14
1100
1894
1905
1642
1718
1430
1051
1765
2296
1724
936
798
509
-209
-252
-290
-839
-1087
-704
-512
-585
-446
-663
-1270
-1362
-860
-668
-477
66
317
302
468
751
734
627
697
728
856
1139
1174
876
498
118
-215
-294
-160
-235
-419
-337
-314
-407
-354
-281
-441
-648
-538
-243
89
499
733
678
571
476
392
328
306
172
73
181
304
284
241
144
-93
-220
-218
-157
-66
47
144
210
283
303
155
-10
-134
-182
-203
-122
28
-2
-107
-218
-226
-199
-160
-150
-67
66
171
252
252
237
145
42
-36
-30
40
63
53
35
34
9
-49
-76
-70
-148
-284
-400
-488
-608
-728
-826
-874
-858
-868
-856
-892
-938
-1089
-1241
-1263
-1238
-1123
-1032
-852
-779
-680
-475
-186
780
1682
1858
1580
1660
1571
1057
1509
2371
2027
1167
955
705
-55
-400
-95
-444
-761
-583
-344
-459
-564
-661
-1224
-1386
-1117
-725
-530
-69
217
106
192
361
474
414
656
961
1192
1435
1517
1259
752
294
-77
-121
-25
-24
-140
-151
-183
-461
-631
-668
-702
-766
-633
-307
23
271
390
464
445
420
340
389
447
517
544
441
380
243
154
11
50
110
78
76
116
112
18
-9
-28
-42
-104
-22
28
84
0
-76
-76
-165
-180
-206
-113
-90
-34
64
135
123
107
144
130
137
159
171
96
21
-40
-157
-189
-99
-84
-74
-22
22
-9
-98
-198
-384
-554
-662
-724
-724
-728
-752
-831
-927
-1001
-1131
-1181
-1202
-1194
-1225
-1183
-1143
-1105
-1018
-898
-766
-431
590
1415
1654
1465
1607
1435
1010
1434
2181
2035
1241
1137
842
136
-380
-107
-234
-598
-410
-254
-421
-781
-766
-1109
-1342
-1067
-656
-471
-216
214
108
-41
17
153
167
414
848
1046
1190
1262
1131
653
248
8
-54
65
96
8
-73
-153
-445
-616
-527
-429
-507
-421
-118
40
130
173
193
126
156
316
459
512
524
422
366
350
309
238
228
271
279
339
348
345
250
167
30
20
82
128
152
123
103
-59
-183
-288
-307
-322
-264
-122
-71
-12
32
64
29
35
102
208
274
326
319
246
124
11
-70
-152
-165
-119
-64
-75
-70
-119
-194
-336
-460
-522
-568
-583
-623
-695
-771
-832
-972
-1032
-1046
-1105
-1147
-1170
-1147
-1200
-1167
-1094
-1015
-836
-675
-4
924
1478
1309
1258
1412
1018
912
1579
2060
1280
778
793
389
-380
-431
30
-327
-392
-90
12
-442
-690
-616
-818
-643
-335
-91
-47
172
272
92
112
161
152
252
676
942
955
940
916
670
347
205
128
272
402
375
246
139
-94
-436
-433
-276
-180
-215
-158
-132
-180
-112
-58
-98
-156
-77
85
228
385
370
186
23
78
216
302
442
482
486
407
449
436
346
214
151
201
183
247
163
77
-116
-249
-281
-306
-311
-353
-333
-314
-255
-219
-105
-27
13
69
199
284
286
274
287
254
103
54
78
104
36
-9
-51
-127
-215
-256
-287
-367
-474
-608
-637
-675
-721
-798
-860
-910
-955
-949
-989
-1010
-1070
-1092
-1109
-1084
-980
-936
-880
-842
-710
-128
614
1022
933
997
1135
893
896
1460
1744
1115
833
965
685
38
-3
400
71
-144
146
252
-339
-742
-560
-588
-627
-430
-148
-272
-344
-183
-111
-121
-113
17
157
431
651
753
734
684
588
431
394
398
427
420
372
326
203
-61
-297
-307
-236
-195
-173
-114
-196
-338
-328
-243
-259
-298
-164
-11
68
101
143
94
8
82
231
340
412
508
571
565
501
424
359
268
214
215
244
221
138
56
-72
-233
-343
-368
-379
-385
-369
-340
-367
-404
-333
-211
-70
23
117
200
223
228
260
269
188
143
196
266
217
133
59
-19
-132
-221
-246
-314
-394
-466
-490
-524
-605
-702
-796
-812
-823
-830
-792
-720
-700
-734
-721
-703
-728
-765
-701
-671
-603
-472
-267
96
398
542
523
574
579
569
771
1065
1129
960
992
988
826
626
658
673
531
533
609
528
154
-102
-223
-324
-403
-346
-237
-298
-364
-311
-179
-213
-254
-142
9
118
220
395
428
343
236
220
244
237
288
362
420
384
337
290
242
135
48
62
49
39
9
-26
-180
-345
-419
-427
-382
-340
-281
-272
-263
-257
-267
-261
-199
-90
9
133
255
333
343
337
308
275
312
357
374
371
388
335
229
131
16
-88
-178
-206
-217
-208
-197
-171
-138
-108
-30
12
27
32
95
150
182
214
236
221
154
131
114
33
-66
-90
-110
-165
-224
-285
-336
-380
-405
-439
-446
-448
-491
-555
-579
-564
-555
-574
-584
-585
-614
-655
-671
-670
-692
-655
-617
-577
-548
-433
-282
-214
-197
-177
-97
-34
174
398
547
572
594
628
623
671
696
763
737
758
806
837
748
557
440
323
302
280
289
232
133
90
72
74
-11
-57
-105
-102
-93
-93
-96
-157
-211
-277
-248
-182
-129
-106
-49
59
132
168
206
238
210
219
306
328
235
170
150
107
84
148
161
77
17
15
-27
-118
-121
-114
-124
-107
-39
10
18
28
20
27
42
93
139
157
160
149
115
82
55
2
-45
-76
-83
-104
-104
-92
-113
-125
-81
-12
15
34
54
66
55
102
199
204
141
104
105
32
-84
-151
-192
-272
-350
-382
-414
-452
-493
-519
-538
-546
-545
-563
-558
-544
-523
-508
-493
-517
-567
-577
-573
-602
-627
-579
-580
-605
-584
-511
-477
-435
-322
-218
-162
-92
49
187
351
497
597
600
581
593
632
686
707
728
695
667
616
581
479
347
271
229
241
218
182
104
62
46
67
82
51
30
6
32
32
30
36
37
-2
-24
36
84
89
89
148
223
293
350
383
386
353
331
311
281
222
187
193
196
179
161
107
32
-38
-56
-40
-43
-70
-93
-73
-60
-44
-20
20
-6
-40
-5
47
70
61
71
46
45
76
103
87
49
3
-49
-52
-38
-50
-110
-126
-88
-38
-24
-4
12
-7
10
105
176
167
157
109
35
-7
1
-29
-123
-186
-218
-272
-309
-329
-384
-439
-465
-470
-472
-456
-439
-454
-460
-453
-466
-503
-528
-537
-562
-563
-518
-479
-522
-559
-559
-558
-543
-495
-459
-423
-289
-126
-11
65
167
229
272
378
504
561
547
559
572
583
560
534
488
447
456
469
454
352
260
217
196
169
155
162
110
79
76
104
81
13
-28
-49
-31
-20
-8
-44
-75
-74
-38
15
72
146
172
226
278
311
288
253
255
245
284
313
331
323
323
274
217
169
131
94
69
79
51
63
37
13
-10
3
-10
-2
67
76
92
105
134
105
112
133
122
82
55
57
-5
-32
-76
-119
-170
-199
-190
-184
-175
-183
-133
-93
-78
-45
7
50
82
115
105
66
22
-16
-42
-40
-70
-141
-180
-205
-263
-333
-371
-415
-454
-454
-416
-399
-423
-448
-427
-420
-447
-458
-468
-462
-453
-421
-430
-466
-500
-518
-495
-454
-391
-361
-329
-277
-191
-101
-26
39
72
118
185
246
285
331
371
378
346
337
331
340
371
394
415
414
398
385
379
369
338
292
290
290
283
267
245
225
178
141
115
74
42
12
-5
-21
-55
-64
-64
-44
-17
3
42
99
162
205
251
259
262
277
319
352
354
352
340
336
309
292
260
201
139
125
142
117
102
86
66
56
61
74
80
72
55
64
97
117
96
81
50
11
-44
-80
-84
-116
-158
-202
-222
-251
-270
-239
-177
-118
-55
15
70
116
141
144
148
136
121
98
79
62
16
-33
-101
-173
-242
-293
-329
-365
-371
-388
-414
-426
-440
-461
-485
-502
-494
-479
-447
-430
-442
-452
-461
-477
-488
-462
-427
-405
-374
-310
-254
-237
-228
-184
-114
-57
-2
37
72
130
198
253
272
265
256
265
315
374
378
315
257
247
249
256
278
286
291
310
343
355
305
241
206
198
207
202
166
105
33
-17
-39
-85
-126
-148
-151
-149
-144
-117
-117
-121
-109
-51
22
71
131
205
240
236
270
326
364
387
411
397
357
355
356
333
293
256
218
209
205
191
156
87
30
2
4
-5
-27
-38
-55
-70
-74
-92
-135
-182
-195
-184
-187
-209
-238
-274
-276
-250
-219
-190
-163
-110
-47
22
85
121
126
129
150
166
152
120
83
40
6
-31
-98
-178
-236
-261
-288
-315
-321
-341
-382
-394
-387
-374
-390
-405
-365
-332
-297
-313
-354
-385
-421
-425
-398
-370
-367
-357
-329
-301
-287
-280
-261
-220
-170
-109
-65
-59
-61
-50
-36
-37
-18
27
60
64
64
82
60
42
56
88
120
150
200
251
305
317
339
368
404
419
421
427
379
325
280
255
187
118
69
29
16
3
-9
-58
-88
-98
-91
-69
-45
-17
19
72
99
153
224
278
295
331
371
339
308
314
339
326
323
326
310
283
255
261
237
194
162
146
129
89
59
13
-27
-56
-73
-90
-117
-160
-198
-227
-254
-283
-301
-309
-319
-308
-292
-262
-236
-183
-119
-67
-24
32
75
101
111
110
107
92
82
83
73
50
5
-47
-79
-118
-136
-149
-150
-167
-198
-201
-200
-204
-223
-230
-229
-243
-235
-224
-233
-259
-269
-263
-243
-220
-195
-183
-185
-149
-112
-82
-64
-45
-17
21
63
75
83
85
77
78
71
76
47
25
0
-31
-44
-70
-80
-87
-68
-35
18
51
66
87
119
162
206
267
302
322
336
370
383
375
339
301
275
237
216
184
159
106
71
78
95
108
97
96
111
150
188
237
260
260
245
240
261
247
216
184
180
202
234
248
231
195
158
147
131
112
116
116
127
134
139
119
65
24
-9
-30
-56
-84
-108
-148
-197
-253
-300
-337
-364
-396
-414
-396
-383
-372
-350
-315
-296
-276
-251
-213
-181
-172
-157
-149
-124
-106
-104
-99
-106
-126
-145
-162
-160
-161
-172
-166
-155
-161
-158
-154
-155
-153
-143
-130
-131
-130
-126
-129
-116
-104
-108
-112
-99
-89
-81
-63
-60
-42
-20
19
65
94
121
136
156
171
194
196
189
182
187
191
180
153
109
74
57
59
78
83
68
63
77
97
118
138
139
152
168
180
193
187
165
131
112
83
50
2
-53
-79
-90
-81
-79
-73
-66
-63
-46
-27
2
42
86
133
162
190
206
214
198
181
168
159
173
176
192
192
171
139
126
127
104
97
107
117
113
113
114
99
73
35
7
-23
-49
-68
-88
-100
-121
-156
-193
-235
-266
-303
-326
-313
-282
-251
-226
-199
-190
-192
-178
-153
-136
-117
-95
-76
-67
-56
-51
-83
-120
-137
-139
-143
-137
-125
-131
-134
-136
-140
-146
-142
-129
-101
-67
-40
-46
-52
-61
-68
-67
-70
-52
-46
-43
-58
-67
-70
-69
-67
-49
-19
7
34
57
83
102
125
137
159
182
196
192
185
198
206
183
143
126
109
99
105
123
119
109
119
134
141
137
110
93
100
115
125
118
90
63
34
6
-11
-32
-55
-65
-59
-43
-43
-58
-79
-90
-72
-60
-56
-46
-24
-1
32
46
55
54
50
58
72
93
96
94
95
109
107
95
80
80
74
83
105
119
131
137
138
122
107
104
87
62
45
30
11
-12
-36
-66
-102
-137
-154
-165
-169
-174
-172
-173
-174
-168
-173
-171
-163
-150
-142
-128
-118
-115
-113
-118
-109
-105
-108
-113
-106
-103
-99
-82
-82
-78
-72
-65
-46
-31
-11
7
21
26
26
42
49
51
59
58
47
30
18
2
-5
-11
-29
-37
-32
-23
-3
15
24
41
43
54
59
69
90
99
108
122
140
128
114
100
92
95
102
103
99
100
97
99
90
76
61
47
47
53
53
34
18
-3
-25
-51
-86
-114
-126
-125
-113
-111
-118
-135
-157
-165
-165
-140
-116
-98
-73
-58
-46
-50
-51
-48
-33
-25
-7
8
19
31
28
27
21
13
8
25
44
72
77
74
76
81
90
88
80
70
72
61
52
49
40
18
8
10
5
-5
-11
-17
-20
-21
-20
-19
-25
-31
-41
-44
-35
-29
-30
-45
-51
-46
-47
-47
-47
-49
-53
-43
-34
-32
-32
-34
-30
-28
-24
-29
-39
-38
-20
-5
9
26
35
38
40
38
41
42
43
44
42
33
14
-2
-14
-23
-21
-17
-5
3
11
25
36
38
40
47
57
74
83
90
93
91
69
51
54
54
56
60
68
64
59
62
55
48
47
45
46
56
55
37
16
-4
-4
-5
-3
-20
-34
-50
-63
-69
-80
-90
-102
-103
-95
-87
-88
-103
-113
-103
-90
-70
-57
-60
-55
-46
-34
-20
-4
5
22
38
47
52
40
36
28
30
36
50
51
53
57
59
52
44
57
58
58
56
71
74
67
54
46
45
32
29
22
10
12
6
-2
-1
1
6
10
11
9
10
14
21
22
15
9
-6
-21
-30
-47
-67
-81
-92
-89
-92
-95
-92
-81
-76
-70
-60
-49
-36
-19
-7
5
12
15
19
14
15
9
8
4
7
6
9
10
9
11
23
28
21
16
16
25
29
43
49
44
32
31
36
29
14
3
7
2
1
2
-7
-11
-1
13
26
34
33
36
26
25
21
12
2
-5
-12
-16
-22
-36
-49
-69
-81
-94
-91
-84
-85
-87
-95
-101
-112
-117
-124
-122
-114
-92
-78
-63
-52
-46
-37
-22
4
26
42
55
70
74
76
73
70
66
69
63
52
40
27
16
8
6
9
14
20
30
34
29
22
15
11
7
-1
-1
-5
-10
-15
-27
-37
-38
-33
-24
-14
-2
4
1
3
-5
-7
-9
-6
-9
-15
-20
-31
-40
-47
-50
-59
-62
-62
-62
-64
-64
-69
-67
-68
-66
-53
-39
-23
-19
-5
1
10
18
20
22
17
17
20
23
19
15
9
10
12
9
4
2
2
9
18
18
18
14
16
17
29
37
47
51
51
62
67
69
75
82
92
99
105
110
105
94
86
81
78
71
56
55
48
39
26
9
-9
-20
-36
-48
-60
-73
-86
-104
-113
-121
-121
-124
-116
-112
-107
-96
-89
-74
-65
-53
-33
-17
-8
5
11
11
18
28
32
35
32
39
46
45
45
44
42
43
50
57
58
58
55
57
58
59
59
58
56
53
49
48
47
44
40
36
37
39
42
40
38
34
34
34
32
27
20
14
5
3
-4
-22
-40
-52
-62
-73
-78
-81
-88
-88
-87
-80
-72
-65
-58
-49
-38
-26
-17
-12
-12
-19
-24
-22
-20
-25
-30
-36
-34
-28
-25
-25
-25
-20
-15
-5
5
10
7
8
12
16
17
17
12
12
20
26
30
29
27
24
31
38
44
52
59
61
66
70
69
65
61
61
54
53
50
41
32
21
11
-1
-9
-19
-31
-41
-47
-51
-58
-69
-78
-85
-82
-78
-78
-75
-73
-69
-60
-48
-39
-36
-35
-27
-22
-18
-19
-21
-22
-19
-19
-21
-21
-26
-26
-23
-15
-7
-3
3
10
21
33
38
41
41
42
43
48
50
47
40
33
26
23
25
20
17
15
18
19
20
21
22
20
20
23
23
24
24
20
9
4
-4
-12
-22
-35
-42
-44
-48
-50
-52
-52
-50
-45
-35
-27
-21
-17
-10
-3
5
10
9
4
-2
-8
-6
-6
-9
-13
-19
-19
-21
-23
-24
-26
