32
27
16
14
15
12
8
4
4
5
6
-1
-9
-17
-25
-30
-37
-41
-42
-47
-56
-63
-69
-71
-77
-87
-90
-92
-92
-93
-96
-98
-103
-104
-103
-106
-109
-111
-103
-100
-108
-107
-110
-114
-115
-109
-99
-100
-111
-121
-132
-141
-144
-151
-155
-164
-166
-159
-145
-127
-91
-38
14
61
114
160
202
245
280
301
304
304
296
296
296
293
274
264
256
257
269
269
248
202
171
140
115
84
48
13
-18
-39
-49
-41
-42
-43
-46
-29
-4
27
51
75
101
124
163
196
231
246
257
254
249
246
228
209
176
140
96
76
53
26
-3
-24
-37
-58
-65
-87
-113
-138
-154
-167
-175
-186
-211
-225
-223
-210
-197
-190
-193
-204
-204
-186
-162
-156
-158
-168
-177
-182
-195
-199
-211
-222
-239
-251
-255
-273
-286
-297
-292
-299
-326
-360
-396
-423
-447
-461
-503
-539
-582
-570
-469
-335
-218
-152
-47
41
156
296
419
454
399
374
366
404
411
388
315
280
287
320
379
375
299
194
191
207
179
124
68
-15
-65
-18
45
28
-34
-65
-63
-11
40
49
11
9
48
127
243
325
326
311
354
406
428
425
397
315
256
257
268
248
201
149
115
132
150
123
87
63
26
10
37
58
29
1
28
50
71
88
84
60
44
65
70
78
72
51
49
84
95
79
49
23
-1
-39
-36
-67
-119
-171
-193
-188
-177
-177
-191
-210
-223
-221
-220
-214
-233
-254
-271
-258
-247
-250
-249
-255
-272
-284
-295
-310
-325
-359
-403
-441
-459
-482
-528
-577
-625
-658
-687
-711
-756
-794
-821
-794
-673
-511
-362
-274
-122
-2
161
346
501
536
485
475
479
517
508
498
413
387
407
479
555
563
482
369
354
342
300
213
128
23
-32
2
62
30
-18
-40
-23
26
67
81
43
43
80
177
292
383
400
399
432
479
503
487
429
322
252
233
232
212
158
113
78
78
91
78
26
-36
-100
-133
-135
-134
-145
-163
-152
-139
-77
-31
24
47
56
77
96
114
119
125
100
106
107
136
113
123
121
94
77
56
37
-16
-52
-85
-119
-169
-175
-182
-176
-198
-213
-225
-225
-229
-253
-257
-257
-232
-219
-203
-203
-198
-196
-178
-174
-186
-204
-231
-261
-308
-348
-373
-397
-427
-445
-477
-483
-518
-548
-566
-579
-582
-596
-621
-647
-598
-504
-388
-305
-195
-91
26
186
335
426
437
449
463
503
547
567
513
455
429
441
477
495
459
375
339
331
315
256
204
132
59
41
74
69
19
-7
-20
11
63
110
102
80
100
160
245
323
359
358
379
411
415
390
363
319
273
258
262
248
206
180
147
141
148
144
87
16
-35
-78
-95
-98
-100
-120
-114
-118
-96
-113
-103
-83
-77
-52
-33
-34
-47
-37
-45
-30
-35
-31
-43
-45
-42
-56
-72
-100
-114
-121
-127
-140
-171
-199
-207
-214
-203
-181
-161
-156
-149
-140
-112
-91
-74
-71
-86
-83
-68
-56
-70
-89
-101
-110
-113
-113
-127
-160
-192
-225
-265
-290
-310
-350
-382
-414
-428
-450
-474
-488
-510
-527
-527
-528
-528
-517
-489
-424
-360
-276
-174
-80
49
171
279
344
398
439
463
478
500
497
465
457
466
472
480
469
445
436
444
440
402
345
264
190
124
89
43
-12
-46
-71
-73
-66
-36
-10
17
47
91
148
192
228
239
243
263
254
228
197
178
156
138
131
106
89
71
61
62
56
41
39
39
12
-15
-38
-52
-69
-86
-77
-81
-84
-84
-62
-44
-11
26
35
57
83
124
133
130
112
79
51
28
13
-11
-45
-76
-87
-83
-58
-37
-41
-43
-31
-13
8
21
4
-8
-1
-2
17
16
21
11
2
18
23
38
22
6
-1
-15
-31
-59
-116
-162
-193
-217
-250
-286
-340
-384
-407
-410
-425
-449
-463
-477
-488
-515
-513
-538
-542
-550
-544
-489
-437
-370
-325
-246
-143
-60
61
197
293
349
426
482
488
485
488
476
439
430
414
407
403
397
385
356
368
335
287
240
183
145
84
53
-1
-49
-70
-81
-100
-107
-70
-76
-80
-56
-20
11
50
96
96
114
141
156
141
118
122
117
114
103
99
80
77
82
87
115
122
135
125
126
128
128
113
67
27
-16
-19
0
-2
5
12
30
57
116
164
211
212
230
219
219
197
125
75
-46
111
11
30
20
-64
-47
-102
57
42
73
39
34
-23
-45
-47
-73
-85
-150
-153
-178
-159
-177
-171
-177
-163
-151
-154
-101
-99
-97
-99
-118
-121
-178
-188
-231
-262
-291
-315
-348
-398
-440
-473
-470
-501
-499
-546
-570
-609
-622
-639
-666
-619
-579
-489
-447
-309
-181
-66
136
307
461
548
685
774
797
815
812
775
686
664
604
540
488
433
371
326
326
263
183
97
19
-108
-236
-323
-441
-534
-595
-606
-612
-588
-519
-473
-389
-293
-155
-39
74
192
256
333
378
418
388
368
389
349
314
306
293
273
277
268
280
275
267
225
161
125
56
-24
-109
-201
-276
-344
-380
-434
-478
-422
-363
-252
-131
22
133
240
378
448
527
523
547
488
430
369
279
224
128
107
49
75
83
109
121
132
156
98
99
25
-28
-107
-190
-244
-314
-310
-321
-286
-235
-148
-64
0
57
89
134
139
134
77
5
-73
-170
-264
-349
-416
-496
-549
-609
-640
-660
-695
-698
-733
-729
-733
-757
-785
-855
-908
-963
-969
-875
-759
-644
-493
-233
-4
205
515
802
982
1062
1193
1258
1205
1147
1060
930
776
707
611
502
438
375
273
196
202
119
-14
-124
-235
-389
-520
-595
-690
-789
-783
-735
-657
-545
-377
-223
-103
128
287
445
576
697
713
693
729
693
604
519
462
379
346
314
292
231
211
212
170
113
54
-19
-150
-257
-373
-500
-588
-661
-700
-728
-641
-518
-408
-206
-45
163
277
497
638
678
783
726
737
584
510
344
179
87
-50
-89
-196
-163
-228
-212
-200
-181
-178
-235
-193
-256
-256
-306
-325
-333
-305
-235
-202
-105
-30
51
112
181
216
224
243
218
167
80
14
-66
-209
-297
-391
-477
-595
-680
-742
-827
-875
-931
-979
-1068
-1103
-1166
-1205
-1254
-1250
-1234
-965
-568
-283
-33
348
882
1042
1411
1826
2007
1817
1724
1820
1515
1241
973
790
457
357
373
227
149
61
-54
-335
-394
-550
-916
-1181
-1274
-1365
-1524
-1406
-1213
-1087
-867
-419
22
361
721
994
1156
1294
1432
1425
1289
1222
1101
926
825
782
635
453
399
286
134
-3
-136
-376
-591
-695
-812
-926
-975
-961
-962
-866
-693
-538
-400
-230
-75
52
196
293
387
484
558
675
730
865
921
967
1027
943
878
657
481
176
-91
-333
-615
-795
-923
-917
-929
-808
-686
-514
-362
-201
-63
-43
5
12
8
-8
7
33
70
137
227
319
373
422
428
372
301
170
-4
-177
-350
-508
-641
-731
-797
-861
-887
-871
-884
-913
-933
-975
-1000
-1054
-1102
-1181
-1190
-1237
-1241
-1243
-951
-238
220
559
795
1634
1748
1829
2347
2498
2115
1368
1615
1212
792
470
437
180
-34
295
155
93
-103
-184
-711
-935
-1015
-1432
-1811
-1805
-1572
-1528
-1136
-579
-198
94
616
1028
1217
1350
1424
1322
1222
1290
1316
1192
1122
1055
942
840
746
500
129
-113
-403
-736
-978
-1048
-1150
-1191
-1047
-825
-647
-488
-285
-151
-17
56
111
140
155
202
262
413
547
714
864
955
1098
1047
962
766
612
364
-23
-156
-416
-592
-750
-771
-750
-757
-676
-612
-516
-468
-391
-420
-369
-307
-219
-138
-46
94
170
272
348
373
336
296
179
79
-49
-161
-244
-296
-288
-285
-220
-191
-198
-237
-307
-422
-567
-692
-825
-930
-1010
-982
-962
-912
-847
-806
-687
-722
-719
-844
-958
-1083
-1296
-1330
-751
-78
332
531
1202
1907
1737
2256
2600
2458
1497
1249
1282
645
375
211
250
-123
264
457
344
114
-32
-456
-1094
-1159
-1410
-1799
-1988
-1582
-1283
-891
-263
284
494
796
1210
1351
1322
1293
1173
941
1005
1193
1254
1173
1132
1007
778
568
314
-161
-586
-855
-1074
-1186
-1116
-980
-906
-712
-390
-127
-28
59
100
89
82
129
233
292
405
515
685
834
929
885
814
732
547
409
167
124
-80
-119
-163
-141
-115
-224
-199
-345
-347
-542
-577
-635
-550
-477
-354
-107
99
347
463
601
574
541
393
280
121
-18
-137
-178
-166
-131
-103
-85
-25
-42
-41
-138
-242
-406
-514
-620
-720
-783
-791
-764
-794
-753
-730
-717
-796
-802
-893
-1004
-1040
-1101
-1146
-1245
-1231
-1340
-1385
-1322
-539
276
672
746
1317
1999
1726
2173
2544
2369
1281
1105
1304
750
462
342
343
-112
224
331
76
-327
-484
-938
-1539
-1481
-1540
-1780
-1893
-1302
-880
-411
153
572
648
846
1211
1269
1241
1228
1183
1013
1127
1357
1386
1166
948
689
333
40
-301
-780
-1094
-1193
-1200
-1136
-926
-703
-595
-435
-175
39
36
67
85
140
218
380
576
658
708
725
757
705
548
312
94
-101
-120
-175
-124
-96
21
94
71
231
66
-67
-309
-433
-565
-699
-654
-556
-362
-138
175
388
579
593
552
412
241
62
-118
-211
-233
-241
-191
-57
33
73
42
13
-83
-180
-313
-390
-470
-496
-458
-396
-328
-302
-300
-355
-457
-577
-695
-832
-903
-969
-960
-1005
-905
-874
-899
-924
-1026
-1112
-1250
-1306
-540
371
852
959
1511
2409
2096
2524
2907
2671
1466
975
1226
562
275
94
182
-291
1
224
-62
-569
-838
-1204
-1895
-1842
-1750
-1766
-1839
-1127
-469
81
579
981
1019
1004
1219
1238
1156
1053
1122
1009
1085
1325
1444
1145
727
365
-37
-446
-832
-1198
-1430
-1368
-1177
-945
-647
-299
-148
-84
50
220
153
57
108
239
362
562
806
874
844
743
641
428
173
-143
-427
-573
-567
-388
-177
66
215
294
388
403
290
111
-100
-252
-361
-403
-327
-202
-48
94
253
362
362
258
133
-14
-166
-260
-288
-245
-196
-89
16
115
156
117
8
-133
-209
-271
-320
-328
-280
-234
-169
-103
-141
-231
-350
-509
-697
-862
-938
-1032
-1094
-1097
-1063
-1027
-1035
-1001
-1034
-1135
-1300
-1442
-1521
-1619
-801
405
1189
1293
1661
2589
2319
2383
2828
2722
1433
627
1012
627
216
177
270
-251
-230
107
-206
-881
-1177
-1422
-2042
-2006
-1594
-1423
-1444
-803
-59
363
754
1054
929
761
990
1183
1171
1221
1385
1306
1232
1395
1417
968
325
-177
-582
-906
-1073
-1259
-1294
-1087
-751
-543
-304
-53
-31
-123
-110
100
141
177
300
528
735
876
969
857
581
237
-30
-285
-497
-668
-712
-682
-454
-105
167
368
386
495
302
304
179
48
-68
-120
21
-80
124
111
176
49
73
31
-57
-97
-135
-111
-130
-1
14
111
85
140
26
-1
-31
-85
-187
-180
-103
-60
7
30
62
-38
-99
-224
-359
-549
-698
-829
-912
-936
-934
-928
-923
-960
-996
-1076
-1176
-1275
-1350
-1354
-1472
-1481
-1468
-1235
114
1333
1869
1617
2232
2777
2061
2572
2857
2365
710
698
1062
420
180
133
-61
-806
-347
-291
-767
-1402
-1353
-1752
-2051
-1524
-1106
-1088
-1027
-201
198
560
869
996
714
825
1232
1470
1511
1606
1594
1299
1237
1260
1028
394
-244
-692
-906
-977
-992
-1077
-976
-753
-502
-347
-173
-99
-155
-142
67
433
632
817
953
1127
1155
1086
906
525
107
-264
-444
-518
-508
-463
-364
-196
-70
151
225
195
68
23
135
189
372
412
530
595
630
534
377
187
-101
-340
-479
-409
-412
-307
-199
0
82
132
133
22
-94
-223
-269
-289
-177
-110
-46
81
262
318
247
85
-130
-357
-524
-618
-746
-817
-832
-787
-741
-740
-786
-931
-1143
-1247
-1382
-1403
-1463
-1402
-1336
-1247
-1140
-1075
-1096
-795
774
1760
1950
1563
2444
2592
1940
2677
2884
2076
380
720
699
4
-269
-242
-651
-1124
-525
-467
-879
-1363
-1280
-1781
-1804
-1350
-963
-1023
-768
-40
313
754
1034
1056
737
925
1249
1439
1369
1322
1157
870
758
673
429
-189
-765
-1070
-1092
-999
-945
-986
-853
-641
-428
-265
-61
51
10
106
423
790
954
1058
1084
1012
836
662
367
-88
-483
-704
-699
-530
-335
-196
-17
140
254
345
507
447
219
168
271
333
383
434
371
308
165
-38
-208
-312
-458
-624
-537
-259
-55
68
201
269
227
124
28
-108
-269
-334
-315
-204
-24
102
111
149
201
137
-36
-248
-431
-574
-627
-675
-761
-830
-891
-952
-1001
-1084
-1204
-1377
-1480
-1552
-1498
-1451
-1394
-1343
-1373
-1292
-1338
-1328
-179
1540
2263
1939
2141
2988
2288
2335
2994
2631
983
139
817
318
-16
-125
-238
-958
-907
-436
-701
-1273
-1526
-1649
-1971
-1413
-810
-555
-650
-88
359
622
925
1002
763
587
1013
1477
1754
1769
1629
1150
861
712
450
-182
-862
-1252
-1333
-1065
-738
-586
-494
-284
-118
-21
106
142
36
56
386
830
1108
1288
1309
1160
860
563
185
-263
-650
-861
-913
-679
-286
-30
176
339
470
536
519
531
332
232
371
358
588
492
401
206
-19
-183
-495
-628
-735
-671
-539
-236
6
305
376
393
290
151
29
-166
-232
-275
-221
-176
-14
71
88
66
94
54
6
-78
-158
-272
-389
-406
-535
-710
-960
-1104
-1288
-1397
-1504
-1566
-1606
-1574
-1448
-1472
-1348
-1299
-1374
-1437
-1351
-1248
215
1911
2635
2290
2521
3328
2103
2249
2675
2244
377
-158
770
127
-82
-88
-11
-965
-875
-472
-739
-1401
-1594
-1670
-1910
-1149
-503
-184
-270
381
617
617
845
945
678
449
926
1461
1726
1770
1671
1118
601
335
109
-469
-1171
-1476
-1351
-1017
-634
-452
-265
-95
12
40
113
239
173
171
429
889
1134
1218
1115
853
456
111
-199
-592
-875
-927
-799
-533
-146
57
267
308
400
405
464
582
366
474
542
584
599
504
292
-34
-307
-546
-740
-804
-782
-756
-480
-206
2
47
124
190
86
-15
-52
-66
-135
-125
-68
-44
-78
-107
-183
-180
-148
-142
-118
-74
6
-48
-227
-388
-644
-933
-1226
-1378
-1461
-1533
-1566
-1516
-1394
-1388
-1329
-1317
-1221
-1365
-1486
-1487
-1513
-1333
353
2262
2848
2434
2656
3230
1951
2129
2613
2053
304
-22
1004
431
209
80
-80
-984
-941
-588
-746
-1160
-1344
-1419
-1449
-621
-150
-33
-166
363
597
652
924
988
778
631
1049
1503
1713
1647
1409
865
417
150
-34
-432
-994
-1323
-1252
-874
-547
-479
-346
-185
-96
-2
203
421
423
484
645
932
1055
1079
840
498
146
-168
-371
-633
-730
-798
-692
-472
-82
95
233
362
521
529
461
728
704
764
693
769
596
288
174
-204
-454
-753
-833
-894
-826
-675
-530
-342
-198
-94
-15
98
48
-31
-69
9
-8
-60
-50
-52
-118
-202
-221
-172
-109
-123
-124
-76
17
-92
-284
-453
-698
-1045
-1288
-1323
-1297
-1391
-1470
-1375
-1348
-1274
-1357
-1280
-1337
-1397
-1437
-1552
-1256
-1182
328
2028
2783
2511
2364
2996
1817
1819
2513
2344
805
97
1032
542
42
-81
-148
-1059
-1239
-695
-607
-911
-1063
-1075
-1329
-790
-282
-133
-200
281
605
584
966
1249
1050
726
984
1357
1479
1446
1338
848
349
174
74
-187
-727
-1109
-1237
-1003
-616
-442
-270
-111
15
54
256
464
559
547
592
765
887
996
826
556
166
-148
-355
-492
-609
-733
-637
-416
-189
-3
302
375
350
403
530
604
625
816
716
571
487
314
50
-271
-512
-721
-827
-774
-644
-550
-377
-278
-228
-181
-130
-71
-153
-210
-125
26
55
44
42
36
-78
-219
-202
-154
-138
-143
-47
24
10
-146
-399
-629
-872
-1092
-1318
-1323
-1285
-1372
-1421
-1213
-1120
-1189
-1331
-1249
-1210
-1354
-1152
-1263
-1064
-860
593
2197
2546
2323
2017
2374
1427
1685
2543
2211
983
405
1150
553
92
2
-241
-969
-1121
-517
-433
-648
-959
-1175
-1436
-1007
-505
-309
-132
311
623
668
1060
1220
971
617
786
1094
1271
1361
1282
866
270
73
-79
-325
-864
-1227
-1280
-1051
-606
-355
-107
-43
-54
-73
117
370
464
484
537
685
790
891
754
448
61
-289
-394
-454
-424
-439
-417
-141
-22
103
122
151
129
-22
259
453
658
839
713
625
399
288
123
-142
-191
-320
-330
-308
-282
-261
-300
-309
-344
-322
-195
-82
-94
-183
-162
-40
-57
-72
-59
3
20
-26
43
129
115
-16
-86
-81
-111
-304
-526
-685
-838
-1001
-1200
-1133
-1161
-1378
-1470
-1307
-1224
-1371
-1372
-1348
-1360
-1384
-1425
-1465
-1330
-429
1269
2361
2333
1855
2019
1754
1252
2136
2709
1853
632
837
1089
267
-51
-21
-432
-1023
-719
-104
-312
-740
-1123
-1454
-1488
-943
-418
-204
161
527
597
690
1025
886
489
463
977
1425
1626
1785
1520
872
267
74
-93
-473
-961
-1191
-1069
-785
-506
-396
-286
-335
-437
-343
25
335
450
612
820
938
912
893
698
351
17
-138
-121
-22
30
-95
-83
132
123
0
70
155
2
-12
319
438
354
402
403
296
186
158
171
41
5
-101
-148
-148
-175
-178
-171
-101
-134
-134
-118
-108
-260
-384
-360
-237
-203
-193
-55
77
56
-74
-9
69
-37
-160
-78
-22
-141
-401
-600
-729
-880
-986
-1063
-1075
-1142
-1264
-1377
-1277
-1303
-1409
-1522
-1503
-1449
-1581
-1375
-1200
-37
1570
2349
1879
1490
1923
1301
1226
2430
2867
1448
622
1156
843
-202
-130
120
-573
-879
-461
-96
-585
-857
-1310
-1805
-1689
-1077
-508
-241
301
404
252
264
545
442
307
639
1105
1531
1738
1918
1482
787
198
-120
-229
-437
-638
-893
-935
-912
-833
-793
-750
-798
-857
-568
-172
177
347
555
655
623
591
654
695
472
273
201
286
253
181
261
199
65
-34
128
127
-6
18
36
-13
-101
-9
25
184
167
187
212
302
244
-40
-6
-35
10
-21
224
400
299
138
40
-40
-230
-277
-351
-364
-361
-225
-210
-202
-201
-273
-356
-371
-139
-12
102
110
80
-71
-286
-444
-627
-714
-739
-803
-926
-980
-1017
-1287
-1504
-1533
-1459
-1538
-1521
-1418
-1424
-1354
-1130
424
1744
2155
1559
1538
1756
1104
1732
2777
2725
1010
701
1019
292
-455
-55
190
-612
-492
-63
-45
-761
-768
-977
-1450
-1159
-521
94
259
760
721
363
248
299
364
525
1021
1211
1323
1415
1417
912
369
175
55
-65
-230
-155
-270
-541
-777
-814
-720
-574
-396
-198
33
168
190
169
275
311
194
205
328
323
122
-32
107
-82
-188
-107
184
226
142
437
467
446
241
293
210
89
-75
-84
48
194
275
136
161
-66
-206
-391
-287
-188
-214
-76
119
339
315
227
108
-23
-191
-237
-200
-152
-240
-365
-375
-409
-401
-396
-279
-201
-157
-99
-51
-101
-274
-401
-514
-565
-616
-545
-603
-778
-1008
-1149
-1254
-1386
-1406
-1418
-1341
-1380
-1346
-1395
-1289
-1270
-315
1038
1750
1469
1277
1728
1072
1197
2158
2688
1388
650
1202
596
-371
-331
391
-228
-594
-20
239
-425
-762
-350
-611
-875
-662
-84
159
349
666
566
432
270
217
368
812
1158
1089
1058
1073
858
517
497
600
440
104
-82
-136
-382
-600
-662
-550
-578
-602
-371
-109
-35
-158
-186
-185
-200
-175
39
241
270
74
-121
-148
-96
-36
-113
78
244
316
275
491
655
347
211
227
216
-48
-85
-36
48
67
109
130
26
-108
-338
-321
-335
-350
-296
-57
153
197
267
301
195
31
-1
-14
-76
-146
-176
-235
-331
-373
-384
-371
-319
-240
-214
-216
-204
-257
-360
-441
-451
-571
-642
-643
-672
-816
-954
-1003
-1143
-1219
-1332
-1270
-1349
-1359
-1454
-1363
-1262
-1159
-149
870
1474
982
1077
1284
860
1048
1776
2276
1281
1044
1363
851
-60
-141
394
-2
-149
314
511
-188
-617
-320
-392
-643
-609
-139
-28
28
317
480
411
59
41
213
592
881
1099
1280
1192
946
693
757
775
639
454
371
269
-23
-230
-287
-327
-473
-509
-363
-271
-304
-325
-254
-237
-309
-336
-228
-108
-127
-221
-173
1
62
14
59
217
213
257
457
618
528
425
458
379
203
47
6
-63
-65
29
173
117
-24
-194
-331
-470
-562
-540
-474
-283
-124
43
174
198
66
-18
34
77
35
14
61
15
-80
-163
-188
-269
-334
-248
-102
-37
-82
-146
-293
-420
-518
-582
-645
-663
-663
-633
-649
-692
-826
-1008
-1082
-1181
-1129
-1219
-1099
-1054
-982
-917
-728
-55
338
464
216
426
522
480
776
1181
1312
832
888
1035
917
560
544
828
710
755
952
1048
506
-8
14
18
-76
-178
-5
-96
-258
-201
-67
-92
-394
-471
-357
-93
31
143
314
374
367
365
522
506
368
321
392
381
253
240
286
296
262
280
262
153
-1
-90
-70
-83
-146
-207
-172
-229
-441
-588
-587
-569
-636
-596
-428
-361
-321
-206
-34
-3
3
87
147
207
204
283
298
364
448
517
561
476
372
224
195
99
-6
-63
-81
-24
19
120
58
-67
-112
-84
-97
-177
-205
-257
-321
-407
-368
-347
-420
-460
-391
-219
-153
-119
-119
-118
-183
-270
-281
-274
-300
-371
-317
-267
-339
-482
-563
-626
-805
-920
-940
-931
-1004
-1057
-1031
-1032
-1036
-1023
-776
-518
-366
-400
-323
-135
-51
166
345
567
502
562
757
967
1058
1009
1226
1278
1327
1351
1544
1487
1148
1114
1131
1093
805
713
604
355
266
256
285
-22
-232
-332
-346
-344
-364
-151
-138
-186
-266
-188
-102
-180
-147
-94
73
137
335
599
691
576
385
373
300
252
262
326
278
164
169
91
-97
-356
-473
-485
-432
-319
-246
-200
-224
-201
-117
-33
-29
-58
-49
-16
8
62
120
152
150
141
199
224
172
68
72
119
105
93
165
248
238
233
293
359
329
233
204
193
80
-101
-177
-182
-282
-384
-381
-314
-334
-361
-303
-289
-340
-388
-338
-357
-413
-417
-350
-316
-372
-376
-415
-452
-523
-597
-678
-776
-857
-946
-961
-959
-980
-1011
-984
-933
-801
-543
-293
-220
-265
-132
1
181
329
515
552
518
658
811
986
945
987
981
990
1071
1146
1174
925
804
727
656
588
471
338
84
56
28
-35
-158
-371
-490
-588
-453
-387
-282
-198
-181
-157
-136
26
49
101
166
301
433
504
663
726
662
447
342
337
307
332
317
213
38
-68
-143
-237
-354
-518
-568
-480
-323
-297
-292
-201
-172
-150
-41
130
106
-20
-25
107
202
171
210
264
212
105
188
268
156
62
119
184
122
174
255
241
173
193
253
243
192
129
98
-17
-189
-315
-338
-332
-382
-421
-405
-371
-388
-427
-413
-385
-394
-371
-305
-270
-299
-296
-231
-226
-281
-340
-392
-510
-617
-648
-689
-790
-915
-951
-918
-937
-990
-1035
-992
-972
-832
-523
-248
-174
-275
-150
-34
137
267
493
651
633
775
890
1037
896
879
955
991
1047
1119
1263
973
745
679
680
541
332
339
182
86
-30
-63
-196
-473
-579
-564
-383
-395
-370
-285
-243
-246
-235
-38
32
102
207
381
481
454
522
578
573
386
327
390
382
294
165
80
-111
-227
-248
-226
-285
-415
-410
-353
-262
-243
-193
-146
-191
-135
-27
65
14
-3
41
50
117
140
165
134
139
168
188
246
206
166
163
237
268
291
349
363
335
269
297
294
204
49
-40
-115
-246
-263
-181
-181
-316
-363
-304
-262
-254
-210
-181
-222
-212
-114
-13
-21
-94
-137
-93
-60
-128
-253
-409
-541
-651
-672
-689
-772
-909
-989
-975
-1011
-1060
-1084
-1076
-1064
-954
-666
-377
-240
-242
-263
-159
-100
77
333
606
699
658
757
815
903
854
933
989
974
1026
1142
1230
938
723
676
666
534
378
355
181
23
-74
-58
-126
-322
-404
-394
-326
-355
-269
-123
-121
-176
-128
97
195
192
234
345
413
375
442
520
467
280
226
273
175
25
-36
-59
-166
-232
-202
-213
-340
-427
-335
-182
-117
-98
-62
-79
-149
-149
-68
-25
-85
-91
-2
95
105
103
118
61
31
80
189
190
172
196
251
304
285
281
271
262
239
215
189
95
-16
-106
-152
-165
-169
-163
-188
-211
-217
-179
-163
-156
-157
-178
-188
-165
-58
3
-29
-103
-109
-117
-177
-247
-344
-450
-557
-578
-573
-603
-734
-884
-951
-986
-979
-982
-974
-954
-882
-774
-718
-715
-619
-402
-176
-72
-10
103
196
392
609
793
748
661
705
816
934
937
1001
965
952
1000
1113
1071
747
549
459
442
331
266
192
21
-73
-132
-118
-262
-413
-476
-434
-327
-299
-182
-130
-123
-159
-74
92
145
184
210
316
327
314
366
367
261
84
84
98
58
36
41
-10
-128
-152
-119
-68
-95
-148
-136
-57
-29
-40
-17
-38
-68
-48
61
100
82
43
49
107
123
90
73
122
133
151
218
251
187
142
205
238
208
162
140
133
94
66
51
6
-85
-130
-86
-102
-163
-193
-189
-201
-205
-175
-162
-151
-126
-62
-4
-24
-75
-100
-131
-193
-275
-320
-371
-427
-473
-518
-553
-635
-731
-835
-853
-844
-831
-794
-772
-737
-745
-709
-707
-655
-601
-456
-198
1
85
75
205
252
379
572
738
748
670
776
850
943
909
932
923
881
924
955
937
653
463
379
342
238
117
61
-96
-173
-232
-196
-249
-381
-388
-327
-192
-202
-134
-65
-66
-95
-61
113
158
170
171
266
292
239
248
245
182
29
50
119
121
78
77
68
-4
1
26
24
-108
-188
-136
-27
8
-52
-38
-46
-62
-65
23
42
-40
-40
39
125
140
152
107
90
91
128
180
181
168
127
120
86
48
-32
-110
-122
-129
-112
-119
-111
-136
-192
-185
-213
-235
-240
-182
-149
-131
-73
-38
-12
-59
-77
-82
-91
-119
-124
-105
-180
-246
-303
-316
-388
-465
-485
-518
-544
-557
-526
-566
-621
-654
-657
-664
-670
-638
-601
-536
-483
-423
-332
-157
12
106
107
162
230
355
548
712
782
696
753
820
917
918
880
832
732
757
772
787
573
374
301
260
200
66
30
-127
-239
-262
-220
-189
-278
-293
-297
-217
-186
-159
-118
-120
-79
-69
43
120
165
166
159
196
178
202
228
238
166
141
201
218
197
158
131
90
71
53
49
35
-14
-19
21
56
10
-39
-48
-58
-66
1
85
64
23
45
93
99
74
79
111
160
210
240
231
166
83
41
28
13
-22
-52
-63
-68
-68
-47
-75
-151
-195
-169
-137
-145
-136
-117
-104
-120
-117
-94
-91
-129
-157
-131
-117
-151
-210
-247
-305
-368
-405
-404
-447
-501
-493
-472
-481
-525
-556
-604
-632
-622
-583
-548
-527
-497
-461
-389
-372
-357
-340
-239
-48
117
191
181
263
320
454
627
749
749
691
755
788
824
758
718
659
605
623
630
619
395
258
195
141
47
-44
-46
-144
-175
-188
-192
-272
-377
-388
-395
-309
-251
-166
-130
-141
-133
-121
-15
5
25
60
167
268
277
330
318
256
150
153
211
208
218
213
198
124
112
132
100
58
-3
18
70
102
96
79
59
27
76
148
177
113
92
126
157
203
183
144
95
84
103
119
121
52
10
2
10
-8
-58
-84
-111
-100
-81
-51
-87
-149
-175
-172
-150
-169
-165
-147
-128
-125
-133
-140
-178
-214
-236
-228
-229
-274
-308
-330
-378
-424
-441
-453
-478
-498
-495
-508
-540
-580
-582
-573
-559
-547
-522
-471
-443
-406
-384
-374
-378
-322
-251
-146
14
147
189
178
269
362
461
568
640
618
582
635
670
691
630
608
594
548
541
528
485
325
214
192
165
57
-37
-81
-170
-188
-156
-131
-185
-240
-231
-208
-157
-151
-138
-123
-107
-74
-37
64
85
107
170
261
304
271
286
265
239
199
226
263
247
231
233
230
193
178
176
162
125
116
143
166
173
148
118
129
145
160
193
212
208
191
190
179
135
83
49
59
83
75
35
-6
-54
-84
-81
-69
-104
-138
-103
-72
-58
-82
-123
-171
-206
-196
-165
-145
-162
-173
-171
-150
-167
-204
-222
-229
-237
-248
-262
-297
-338
-350
-350
-377
-423
-451
-453
-457
-466
-490
-515
-546
-559
-545
-523
-514
-488
-457
-423
-386
-359
-331
-333
-302
-251
-187
-109
-41
75
161
208
217
270
334
376
470
547
584
536
543
532
517
503
482
506
488
498
471
442
327
177
98
38
-1
-57
-49
-54
-55
-54
-88
-129
-187
-182
-156
-94
-54
-44
-2
38
65
59
100
153
199
279
342
371
326
299
300
294
268
245
268
294
326
346
351
317
241
178
155
155
125
106
125
141
122
70
72
53
-13
-36
-14
-4
-35
-17
-1
-32
-97
-117
-108
-122
-123
-127
-110
-124
-131
-119
-118
-149
-194
-182
-141
-111
-106
-112
-120
-151
-164
-148
-140
-159
-174
-152
-127
-150
-181
-188
-211
-247
-279
-271
-271
-289
-298
-298
-325
-371
-382
-362
-349
-348
-329
-317
-311
-309
-281
-247
-243
-246
-214
-146
-97
-83
-68
-43
-28
-16
7
26
25
53
110
185
217
214
251
275
269
250
260
259
263
292
329
320
265
254
237
238
212
188
172
133
114
94
82
17
-33
-46
-26
-15
-16
-10
-37
-50
-54
-50
-60
-70
-27
27
77
98
110
139
140
145
194
226
231
249
305
349
334
320
314
303
272
271
282
289
263
243
262
240
201
165
149
109
64
54
41
6
-37
-40
-71
-108
-140
-177
-183
-197
-186
-179
-179
-180
-189
-177
-170
-173
-173
-149
-130
-117
-105
-86
-77
-106
-120
-115
-127
-144
-159
-150
-161
-166
-168
-184
-200
-219
-206
-215
-232
-249
-237
-229
-236
-234
-245
-248
-258
-247
-221
-216
-224
-240
-223
-188
-155
-138
-121
-98
-80
-26
24
53
58
68
99
127
159
179
199
200
214
237
233
225
217
239
235
228
219
196
167
138
133
105
68
40
26
28
15
-1
-21
-37
-47
-47
-32
-17
-5
7
38
51
50
43
39
34
49
89
106
95
73
74
69
63
55
60
78
103
151
190
204
176
168
166
162
159
151
163
155
168
171
150
115
91
88
86
88
83
87
68
53
54
33
9
-9
-12
-22
-43
-75
-108
-134
-169
-179
-182
-202
-233
-246
-245
-245
-259
-267
-251
-232
-219
-216
-209
-205
-197
-186
-177
-180
-184
-173
-160
-162
-171
-163
-150
-148
-143
-116
-94
-109
-125
-116
-110
-100
-95
-86
-81
-77
-69
-73
-82
-106
-121
-116
-112
-112
-107
-98
-73
-44
-23
12
42
50
72
111
156
183
205
255
282
296
302
294
288
269
279
293
281
254
245
231
197
176
159
152
118
95
82
66
62
31
10
-4
-19
-26
-20
-9
-32
-46
-53
-60
-75
-67
-47
-51
-60
-64
-48
-50
-64
-61
-32
-7
22
69
90
94
105
124
142
140
141
161
195
217
234
245
231
198
179
180
159
132
108
113
123
120
105
74
49
34
29
20
-6
-45
-71
-88
-108
-126
-154
-179
-207
-216
-205
-211
-238
-252
-245
-230
-231
-223
-216
-211
-187
-166
-146
-148
-139
-133
-122
-113
-109
-95
-95
-84
-75
-55
-46
-38
-24
-30
-36
-37
-43
-36
-26
-31
-40
-41
-45
-52
-51
-56
-67
-68
-45
-5
15
15
18
26
27
41
76
97
119
147
189
232
254
271
272
276
274
278
282
276
248
216
206
187
170
143
117
93
63
50
42
20
-6
-29
-37
-53
-70
-80
-99
-123
-132
-116
-116
-109
-119
-125
-126
-142
-150
-161
-167
-173
-155
-125
-121
-115
-106
-89
-71
-52
-38
-30
-21
-10
15
20
4
1
15
32
50
60
55
44
33
38
49
51
32
12
18
31
39
30
19
9
3
10
18
10
-3
-12
-17
-26
-43
-56
-73
-78
-78
-80
-78
-81
-99
-102
-95
-92
-98
-101
-91
-84
-86
-80
-57
-51
-55
-56
-41
-22
-17
-11
-7
-16
-22
-14
4
14
19
30
48
64
63
57
41
15
-11
-27
-24
-26
-20
-16
-11
-6
-3
-1
-7
-5
14
45
73
96
119
131
149
171
180
184
188
198
193
203
199
174
153
125
128
118
100
70
52
50
42
35
19
-8
-34
-53
-67
-84
-104
-120
-121
-117
-116
-116
-126
-132
-135
-137
-132
-135
-138
-132
-124
-112
-105
-107
-99
-87
-83
-69
-65
-61
-54
-47
-33
-29
-15
3
23
35
40
45
40
31
23
27
25
24
29
32
52
63
67
71
72
73
69
68
64
67
71
78
75
60
45
43
42
23
3
2
9
5
-2
-6
-12
-21
-19
-8
-2
1
2
4
6
0
4
1
-12
-5
1
11
14
