-1
-2
-2
-1
1
1
1
1
1
2
2
3
3
4
4
5
5
7
8
9
9
10
10
9
9
11
11
12
12
13
11
12
14
15
14
12
13
11
12
11
12
13
14
14
12
11
10
11
8
4
1
0
-2
-3
-2
0
2
3
-2
-3
-2
-4
-5
-5
-5
-3
0
0
-5
-6
-3
1
5
6
10
10
8
9
10
10
5
3
0
3
3
1
-5
-12
-13
-12
-10
-4
-3
-5
-10
-13
-15
-13
-9
-11
-9
-10
-12
-14
-14
-14
-16
-14
-9
-7
-5
-10
-16
-23
-31
-27
-26
-24
-34
-39
-43
-47
-49
-46
-35
-34
-28
-25
-23
-22
-24
-28
-31
-23
-23
-26
-23
-24
-28
-29
-28
-27
-19
-12
-11
-10
-15
-21
-35
-38
-40
-33
-34
-39
-41
-34
-24
-22
-9
1
13
19
26
24
18
18
12
10
6
4
12
23
26
24
27
30
30
30
24
24
24
24
17
6
-6
-10
-14
-11
1
12
17
13
4
-7
-3
-1
14
25
17
10
13
15
12
18
28
38
60
66
56
50
47
49
48
52
48
54
57
46
33
23
20
18
24
26
21
3
-11
-14
-22
-29
-18
-13
-9
-5
-7
-15
-15
-9
-6
6
7
9
11
10
2
2
11
21
25
21
14
13
5
0
4
2
10
12
10
3
0
0
7
22
33
30
22
19
16
11
14
15
6
5
5
5
-4
-8
-14
-10
-12
-23
-33
-44
-56
-61
-47
-54
-68
-71
-74
-79
-76
-70
-67
-61
-58
-64
-67
-63
-56
-48
-39
-35
-29
-17
-12
-13
-4
14
21
23
24
32
35
32
26
18
27
46
63
63
51
43
50
57
60
61
62
55
37
29
33
40
42
41
45
46
40
32
28
25
25
29
35
36
29
27
22
22
27
32
29
24
11
-8
-13
-21
-36
-50
-53
-48
-45
-47
-43
-36
-38
-45
-38
-28
-30
-26
-13
-14
-22
-23
-18
-24
-7
-18
-11
207
418
256
-52
-27
82
89
333
567
244
-253
-209
32
31
96
250
240
77
-17
-35
-62
-45
3
150
232
134
-133
-282
-162
-21
64
139
179
99
6
-2
20
21
69
164
190
124
-11
-141
-177
-101
-9
15
-52
-164
-249
-333
-366
-377
-336
-267
-368
-540
-625
-629
-701
-650
-545
-574
-647
-637
-559
-539
-438
-305
-208
-150
-111
-81
-2
102
179
262
333
361
350
329
317
353
391
393
345
277
197
55
-50
-45
-59
-107
-184
-300
-402
-453
-426
-401
-331
-264
-253
-265
-254
-168
-60
110
271
373
434
489
569
664
780
882
944
941
924
886
850
828
777
711
622
519
409
310
200
95
-8
-97
-178
-258
-332
-374
-389
-397
-380
-349
-325
-309
-271
-195
-144
-101
-28
42
117
152
158
114
80
77
103
85
3
-118
-278
-392
-442
-528
-709
-822
-943
-1095
-1141
-986
-975
-1145
-1162
-1031
-932
-872
-615
-317
-256
-280
15
335
429
641
1147
1332
1078
1041
1236
1303
1270
1444
1362
922
594
526
383
171
145
-25
-459
-783
-815
-980
-1194
-1189
-1107
-1149
-1231
-1140
-1002
-881
-655
-332
-125
14
266
569
819
1037
1227
1358
1483
1596
1604
1533
1493
1465
1348
1197
1043
788
502
274
96
-106
-295
-478
-680
-871
-971
-1002
-1036
-991
-888
-784
-705
-606
-452
-265
-29
203
383
495
556
630
724
808
864
873
839
763
644
507
360
239
117
-13
-140
-290
-449
-601
-705
-771
-826
-869
-908
-921
-960
-989
-1010
-968
-921
-907
-886
-939
-1027
-1088
-1060
-1095
-1128
-1057
-1090
-1105
-1132
-545
585
859
-228
-908
91
881
1183
2214
2680
765
-780
749
2202
1593
1601
2734
1674
-599
-343
1062
523
-237
544
379
-1298
-1912
-1386
-1592
-1732
-920
-879
-2029
-2262
-1389
-1140
-1199
-502
109
-46
94
763
960
891
1341
1857
1878
1999
2353
2225
1799
1706
1813
1662
1435
1318
959
323
-159
-347
-504
-695
-859
-1061
-1407
-1745
-1820
-1570
-1310
-1061
-704
-500
-587
-589
-100
465
953
1443
1655
1351
1069
1311
1732
1920
1916
1820
1455
987
779
724
501
261
59
-196
-522
-801
-1041
-1272
-1270
-1141
-1141
-1278
-1310
-1295
-1255
-1070
-792
-587
-442
-243
-119
-155
-110
53
125
157
207
102
-214
-461
-700
-953
-1213
-1439
-1682
-2011
-2252
-2579
-2526
-1114
247
-673
-2533
-2084
-335
268
1370
3245
2308
-926
-664
2487
3071
2265
3704
4315
1212
-665
1298
2338
920
953
1800
-1
-2392
-2329
-1733
-2115
-1731
-1080
-2342
-3957
-3412
-2244
-2189
-1870
-824
-558
-827
-253
581
808
1215
2126
2569
2616
3054
3346
2993
2744
3020
3065
2654
2347
2078
1342
417
-47
-174
-427
-864
-1259
-1727
-2346
-2817
-2680
-2180
-1894
-1877
-1863
-1601
-1319
-830
-197
432
842
1151
1589
1952
2224
2330
2475
2596
2680
2622
2422
2151
1788
1318
877
596
308
-68
-463
-771
-1157
-1546
-1754
-1786
-1785
-1757
-1740
-1808
-1823
-1601
-1231
-957
-702
-448
-319
-238
8
302
410
419
378
314
183
44
-105
-540
-1053
-1458
-1661
-1911
-2232
-2558
-2753
-1650
-77
-427
-2487
-2746
-888
210
1165
2938
2677
-481
-1225
1808
3432
2693
3502
4620
2201
-430
790
2574
1699
1142
1898
684
-2066
-2808
-1939
-1829
-1745
-1297
-2248
-4141
-4212
-2743
-2082
-1987
-1278
-698
-820
-560
314
978
1435
2169
2761
2936
3160
3423
3370
3223
3381
3444
3093
2641
2222
1549
707
231
105
-196
-823
-1385
-1820
-2455
-3047
-2998
-2456
-2206
-2357
-2426
-2230
-1957
-1372
-467
159
400
677
1090
1488
1983
2371
2430
2457
2681
2677
2287
2009
1883
1493
998
731
404
-211
-744
-987
-1271
-1681
-1926
-2037
-2175
-2194
-2124
-2172
-2223
-2019
-1615
-1301
-1061
-794
-590
-385
-55
324
493
480
493
567
642
605
402
73
-299
-720
-1024
-1290
-1696
-2200
-2485
-2647
-2090
-185
596
-1401
-3215
-1830
210
1056
2680
3851
1371
-1590
187
3358
3429
3335
5088
4183
264
-592
1984
2750
1712
2065
1714
-1234
-3357
-2582
-1549
-1497
-1179
-1644
-3756
-4961
-3601
-2127
-1899
-1473
-748
-835
-1047
-186
849
1329
1929
2756
3055
2998
3291
3595
3504
3397
3553
3463
2907
2268
1671
1030
373
-30
-288
-680
-1293
-2012
-2713
-3193
-3174
-2776
-2446
-2422
-2534
-2649
-2376
-1639
-536
368
580
566
941
1718
2456
3060
3324
3016
2521
2543
2856
2908
2571
1964
1120
378
19
-230
-508
-786
-1205
-1973
-2629
-2718
-2491
-2414
-2352
-2303
-2497
-2552
-2169
-1542
-1049
-740
-529
-362
-99
346
676
758
771
923
1008
900
575
223
-26
-470
-795
-1295
-1808
-2375
-2591
-2847
-2234
118
643
-2067
-4200
-2056
217
874
2878
4143
768
-2828
-113
3665
3484
3379
5543
4033
-895
-1381
2136
3193
1924
2303
1587
-1966
-4075
-2643
-1090
-1036
-894
-1862
-4361
-5408
-3391
-1552
-1505
-1284
-656
-717
-1003
-13
1222
1857
2441
3180
3432
3237
3487
3763
3795
3711
3849
3673
2964
2228
1579
941
290
64
-102
-619
-1515
-2367
-3017
-3372
-3107
-2525
-2288
-2582
-2833
-2594
-2090
-1407
-415
586
1005
962
1519
2205
2440
2714
3351
3571
3163
2931
2750
2277
1783
1575
1146
545
13
-610
-1334
-1669
-1816
-2288
-2677
-2625
-2561
-2927
-3026
-2735
-2502
-2267
-1779
-1381
-1297
-1058
-528
12
335
563
768
887
986
1148
1189
930
588
301
9
-350
-848
-1372
-1975
-2403
-2820
-3029
-3286
-2066
230
-33
-3055
-4296
-1514
466
1497
3711
4065
-254
-2800
1064
4444
3953
4240
5936
3018
-1612
-674
3102
3487
2192
2352
579
-3085
-4085
-1995
-867
-1067
-1122
-2669
-5156
-5289
-2666
-1235
-1400
-1087
-648
-939
-846
618
1713
2185
2789
3445
3408
3310
3802
3941
3795
3829
4091
3571
2647
1997
1399
722
191
143
-195
-1032
-2148
-2919
-3250
-3229
-2882
-2574
-2471
-2793
-3052
-2994
-2127
-539
521
472
138
706
1676
2452
3200
3554
3023
2294
2531
3079
2947
2331
1797
1149
342
-68
-221
-523
-1044
-1548
-2174
-2649
-2639
-2413
-2365
-2473
-2484
-2589
-2554
-2053
-1314
-1002
-946
-651
-247
159
563
900
857
805
1005
1313
1265
826
510
244
-51
-30
-335
-1247
-2301
-2660
-2621
-2874
-2602
-2927
-2320
-673
-433
-2637
-3573
-860
893
1817
3382
3402
-323
-1865
1761
4268
3876
4299
5114
1905
-1031
513
2943
2734
2049
1772
-655
-2943
-2978
-1954
-1634
-1059
-1201
-3489
-5006
-4090
-2197
-1566
-1018
-694
-1107
-971
192
1307
1468
2254
3015
3094
2978
3453
3818
3448
3460
3575
3525
2887
2209
1538
1026
722
142
-364
-874
-1447
-2302
-2643
-2636
-2842
-3037
-2725
-2304
-2502
-2644
-2108
-1099
-438
98
670
1037
1471
2312
2902
2818
2694
2765
2804
2955
3144
2565
1493
924
740
299
-35
-184
-838
-1845
-2281
-2191
-2265
-2385
-2356
-2480
-2752
-2605
-2208
-1967
-1622
-1112
-766
-598
-253
194
554
796
1015
1142
1184
1261
1165
907
671
525
62
-416
-854
-1342
-2044
-2522
-2686
-3049
-3511
-3708
-1564
326
-997
-3980
-3629
-776
522
2344
4393
2845
-1668
-1474
2597
4229
4300
5746
5375
946
-1035
1260
3249
3150
3155
1943
-1639
-3547
-2827
-1726
-1297
-645
-1719
-4545
-5505
-3904
-2177
-1824
-1293
-1182
-1451
-985
157
882
1228
2423
3127
3156
3163
3637
3768
3621
3935
3997
3710
3128
2619
1711
933
601
362
-31
-783
-1576
-2448
-2862
-3021
-3061
-2844
-2564
-2637
-3081
-2885
-2081
-1330
-721
125
733
820
1225
2017
2525
2668
3059
3253
2954
2735
2659
2262
1729
1543
1193
497
-201
-708
-1265
-1656
-1670
-1845
-2329
-2691
-2702
-2698
-2568
-2216
-1996
-1970
-1854
-1451
-958
-459
-21
307
519
694
919
1108
1247
1298
1236
977
668
345
-47
-425
-889
-1464
-2143
-2558
-2850
-3080
-3661
-3076
-599
228
-2261
-4429
-2441
-112
1039
3203
4249
895
-2382
211
3719
4304
4868
6149
3658
-548
-304
2522
3623
3380
3160
566
-2754
-3273
-2055
-1332
-886
-707
-2847
-5245
-5191
-3337
-2096
-1602
-1199
-1534
-1505
-726
192
580
1503
2743
2988
2893
3125
3511
3321
3499
3951
3924
3323
2663
2200
1418
863
536
407
-9
-864
-1964
-2827
-2918
-2822
-2703
-2651
-2535
-2890
-3251
-3025
-2050
-763
-75
198
4
520
1378
2296
2913
3185
3022
2411
2501
2905
3042
2402
1889
1385
806
331
16
-348
-898
-1163
-1590
-2025
-2327
-2258
-2278
-2444
-2412
-2284
-2173
-2070
-1645
-1208
-880
-612
-268
150
449
598
635
766
1023
1162
995
626
326
93
-122
-512
-1070
-1683
-2170
-2581
-2879
-3058
-3006
-1190
297
-1005
-3670
-3382
-913
526
2537
4165
2191
-1894
-1382
2258
3819
4492
5865
4691
264
-1039
1414
3318
3494
3463
1789
-1777
-3278
-2373
-1202
-678
-398
-1865
-4430
-5076
-3767
-2312
-1700
-1138
-1319
-1715
-1247
-313
342
932
2175
2728
2686
2714
3069
3150
3211
3763
3974
3734
3034
2374
1606
1190
1130
997
661
-106
-1166
-2348
-2627
-2301
-2056
-2209
-2487
-2773
-3118
-2914
-2226
-1286
-606
-226
-260
-129
636
1548
2114
2309
2502
2325
2176
2388
2648
2364
1827
1442
1001
595
291
-4
-579
-1027
-1256
-1538
-1855
-1987
-2043
-2283
-2411
-2318
-2124
-1942
-1705
-1556
-1391
-929
-381
-49
69
262
426
560
764
1086
1154
735
367
325
299
-40
-471
-1007
-1786
-2275
-2230
-2155
-2498
-2633
-1157
6
-1072
-2941
-2370
-327
748
2452
3745
1933
-1383
-643
2624
3804
4152
5196
4181
335
-752
1670
3460
3341
2829
1192
-1809
-2939
-2008
-992
-681
-722
-2164
-4442
-4881
-3535
-2143
-1610
-1253
-1527
-1971
-1404
-310
466
987
1988
2454
2279
2293
2820
3221
3329
3666
3685
3412
2855
2256
1627
1425
1557
1210
530
-275
-1143
-2121
-2295
-1836
-1756
-2205
-2643
-2828
-3135
-2822
-1797
-930
-832
-834
-510
-220
476
1539
2253
2040
1806
1910
2037
2245
2556
2574
1974
1371
949
674
481
347
-32
-692
-1176
-1467
-1674
-1807
-1808
-1949
-2233
-2308
-2144
-1936
-1816
-1693
-1468
-1059
-631
-401
-302
-109
172
381
590
805
816
568
321
288
416
231
-414
-1078
-1523
-1757
-2006
-1982
-2273
-2247
-790
16
-1428
-3215
-2069
-214
798
2422
3001
360
-2243
-165
2682
3211
3758
4663
2570
-735
22
2570
3323
3005
2770
624
-2054
-1945
-584
-153
-252
-418
-2289
-4195
-3708
-2120
-1431
-1325
-1087
-1663
-1968
-1044
69
355
709
1648
1852
1664
1927
2546
2765
2996
3363
3307
3040
2711
2261
1670
1707
1919
1543
757
-14
-805
-1515
-1393
-1055
-1263
-1847
-2217
-2478
-2709
-2135
-1309
-1087
-1295
-1039
-759
-583
288
1284
1410
966
1195
1510
1547
1850
2266
2030
1334
1060
929
716
564
447
-67
-650
-820
-931
-1243
-1442
-1450
-1689
-1980
-1951
-1793
-1819
-1918
-1838
-1546
-1144
-790
-653
-661
-491
-157
86
276
515
589
461
315
327
251
12
-286
-647
-1009
-1296
-1453
-1701
-2148
-1925
-229
795
-678
-2675
-2135
-453
686
2451
3338
886
-2201
-1066
1890
2985
3675
4555
2685
-871
-908
1814
3283
3214
2841
852
-2009
-2352
-718
205
88
-288
-1835
-3764
-3807
-2257
-1093
-914
-1068
-1723
-2099
-1377
-286
181
517
1263
1460
1218
1407
2121
2510
2636
2934
3082
2882
2483
2157
1817
1797
1909
1726
1193
467
-325
-914
-808
-601
-867
-1432
-1743
-2033
-2317
-2146
-1621
-990
-908
-1051
-1072
-695
-31
598
1122
1175
1034
981
1325
1731
1926
1860
1620
1374
1087
1005
981
820
385
55
-116
-399
-733
-951
-1027
-1244
-1471
-1551
-1589
-1782
-1922
-1782
-1518
-1290
-1173
-1101
-1006
-863
-661
-406
-140
100
200
141
76
58
73
-58
-240
-458
-737
-1106
-1378
-1494
-1698
-2016
-1767
-274
476
-859
-2573
-2203
-722
474
2187
2839
637
-2118
-1209
1619
2925
3497
3960
2415
-618
-804
1667
3427
3435
2562
612
-1695
-1857
-418
511
327
-224
-1630
-3402
-3565
-2150
-859
-791
-1253
-1912
-2154
-1496
-558
-24
287
864
988
829
1048
1717
2163
2380
2759
2831
2577
2314
2345
2154
1983
2093
1991
1345
481
120
-63
-238
-483
-747
-1084
-1424
-1716
-2041
-2009
-1761
-1384
-1380
-1456
-1325
-1100
-750
-285
398
533
282
296
806
1202
1296
1469
1548
1354
1005
983
1104
1129
1056
866
498
70
-137
-215
-327
-496
-710
-999
-1367
-1649
-1638
-1380
-1202
-1279
-1452
-1504
-1373
-1192
-941
-617
-372
-346
-410
-320
-168
-108
-47
10
-77
-282
-421
-603
-914
-1162
-1288
-1331
-1426
-1668
-1452
-252
358
-880
-2357
-1789
-228
906
2103
2269
158
-1919
-648
1960
2994
3235
3357
1843
-527
-233
2082
3233
2779
1998
493
-1359
-1387
87
819
220
-543
-1548
-2736
-2760
-1434
-461
-804
-1455
-1784
-1659
-987
-159
112
33
337
755
934
1142
1622
1932
2047
2369
2675
2581
2363
2399
2287
1950
1843
2002
1814
1182
542
114
-122
-242
-352
-592
-974
-1438
-1862
-2014
-1682
-1330
-1278
-1355
-1423
-1502
-1463
-893
-241
-94
-222
-172
51
247
651
1116
1224
964
810
978
1172
1329
1364
1184
818
497
372
372
383
198
-246
-752
-993
-940
-874
-946
-1094
-1290
-1493
-1540
-1375
-1138
-1009
-980
-927
-851
-796
-715
-540
-339
-206
-209
-262
-321
-477
-588
-592
-552
-699
-897
-1080
-1275
-1512
-1313
-87
699
-156
-1773
-1925
-715
620
2042
2463
748
-1659
-1322
1094
2651
3120
3212
2042
-333
-857
1042
2847
3108
2460
1021
-998
-1589
-285
1104
1091
248
-896
-2125
-2481
-1591
-382
-135
-725
-1528
-1869
-1470
-774
-262
-11
237
260
88
212
838
1451
1738
1865
1889
1801
1749
1866
1944
1955
1910
1774
1482
1124
773
453
317
304
151
-314
-817
-1139
-1249
-1220
-1156
-1238
-1389
-1444
-1491
-1544
-1443
-1067
-775
-659
-511
-334
-255
-159
199
635
883
957
986
972
957
1057
1207
1372
1423
1216
802
500
545
629
458
79
-255
-560
-840
-929
-815
-752
-1009
-1429
-1625
-1456
-1248
-1206
-1216
-1136
-1060
-1062
-995
-809
-567
-385
-297
-295
-345
-362
-288
-224
-219
-346
-577
-765
-867
-936
-1024
-1040
-554
142
82
-951
-1701
-1221
-176
913
1589
977
-834
-1540
-72
1641
2143
2104
1868
651
-451
249
1915
2705
2364
1521
243
-682
-207
1017
1535
1015
84
-973
-1636
-1305
-335
166
-131
-718
-1282
-1480
-1079
-311
167
212
104
-33
-83
175
760
1285
1500
1404
1166
1079
1346
1689
1727
1549
1458
1358
1000
628
520
519
377
120
-114
-374
-670
-876
-912
-843
-824
-956
-1171
-1245
-1145
-979
-823
-645
-526
-515
-470
-291
-33
198
436
572
595
611
664
700
771
1005
1146
993
696
536
481
414
372
331
189
-80
-343
-486
-536
-596
-660
-662
-675
-824
-1031
-1031
-824
-684
-621
-528
-455
-425
-393
-262
-91
30
74
37
1
-46
-111
-205
-249
-302
-478
-649
-749
-935
-1222
-1213
-1169
-1145
-820
-474
-708
-1524
-1645
-999
-186
515
624
-188
-1249
-940
487
1504
1649
1457
1019
285
265
1208
2161
2299
1835
1080
262
28
552
1266
1317
749
-97
-778
-904
-452
93
134
-290
-875
-1121
-904
-454
-150
-117
-160
-232
-319
-325
-23
512
912
868
555
371
440
704
973
1071
895
604
473
428
354
314
405
429
186
-123
-259
-228
-159
3
68
-65
-226
-253
-157
-68
75
226
220
79
-61
-56
123
354
408
248
80
-10
-18
-2
94
197
171
1
-244
-358
-304
-192
-151
-158
-220
-379
-528
-465
-261
-175
-156
-124
-142
-221
-170
84
273
299
211
82
21
103
244
263
215
79
-108
-266
-322
-290
-374
-398
-508
-714
-1025
-1165
-1047
-1073
-1117
-1311
-1462
-1562
-1448
-1276
-1163
-858
-656
-812
-1192
-1140
-612
-10
470
588
222
-320
-252
470
1165
1416
1358
1067
643
556
936
1464
1623
1397
949
563
473
639
851
810
658
365
-44
-271
-113
178
156
-77
-305
-400
-442
-417
-314
-226
-172
-169
-180
-219
-191
-123
-44
51
153
187
79
-1
49
231
383
449
459
363
240
225
389
614
736
619
423
356
427
579
645
639
562
389
238
207
273
297
223
40
-175
-259
-232
-200
-231
-312
-463
-605
-599
-468
-390
-433
-464
-454
-451
-428
-304
-167
-87
4
39
32
67
222
439
518
499
428
385
396
477
508
442
362
248
173
109
80
12
-103
-229
-311
-377
-469
-539
-638
-674
-751
-837
-904
-865
-732
-744
-800
-852
-797
-725
-621
-499
-479
-519
-557
-479
-414
-393
-363
-346
-321
-288
-196
-115
-130
-209
-231
-83
152
295
246
96
28
133
294
425
495
493
421
352
417
558
655
653
594
547
496
472
441
418
425
416
272
-3
-174
-149
-67
-90
-202
-335
-408
-395
-285
-179
-181
-191
-85
57
64
13
115
339
478
498
500
532
546
581
671
759
755
658
546
460
446
471
439
314
164
36
-78
-145
-165
-203
-309
-401
-435
-432
-445
-458
-416
-387
-404
-404
-307
-136
-29
-18
-11
20
84
188
278
322
319
311
296
263
242
288
336
320
238
102
11
-25
-22
-41
-42
-40
-126
-225
-256
-248
-239
-186
-127
-165
-274
-330
-295
-202
-98
-69
-167
-265
-234
-163
-162
-186
-156
-145
-183
-207
-177
-146
-152
-145
-128
-121
-144
-132
-68
-5
-11
-48
-39
10
61
98
127
97
43
24
62
115
143
137
104
48
-9
-48
-49
-16
5
-42
-168
-295
-317
-230
-155
-167
-243
-321
-378
-362
-242
-123
-124
-166
-153
-97
-42
37
158
253
312
353
374
395
469
576
625
597
582
595
574
528
537
588
548
415
300
287
299
251
174
106
29
-53
-69
-50
-64
-132
-196
-203
-200
-208
-196
-158
-132
-153
-160
-132
-105
-91
-92
-115
-150
-150
-111
-74
-89
-147
-176
-178
-168
-185
-231
-246
-212
-165
-158
-182
-199
-188
-130
-64
0
34
23
-10
-12
52
131
170
170
131
59
13
37
113
136
45
-66
-97
-69
-62
-88
-70
-44
-102
-207
-223
-113
-20
-1
-5
-12
-28
4
94
199
264
284
269
244
245
300
380
439
446
382
283
220
244
322
358
291
166
61
24
25
47
59
2
-123
-235
-252
-208
-169
-171
-235
-334
-394
-366
-278
-201
-196
-217
-236
-240
-197
-112
-39
-33
-64
-88
-59
17
66
62
31
38
62
63
37
22
40
71
95
98
96
80
71
56
55
110
160
154
98
37
2
39
115
120
37
-44
-67
-100
-134
-133
-160
-233
-312
-347
-371
-410
-441
-457
-482
-515
-510
-513
-514
-480
-420
-370
-347
-331
-313
-261
-187
-92
-26
-14
5
46
86
103
139
192
220
199
146
123
138
171
160
124
104
73
9
-42
-25
14
-9
-87
-110
-71
-64
-79
-81
-57
-20
9
11
6
36
64
93
139
215
241
213
207
244
296
338
355
357
357
340
315
320
378
456
474
431
387
343
348
393
441
421
331
249
223
267
289
254
182
158
169
116
7
-65
-50
-24
-61
-147
-222
-273
-284
-268
-257
-252
-279
-326
-340
-301
-232
-177
-140
-155
-188
-166
-76
21
48
51
81
96
55
35
89
156
163
137
88
-13
-82
-64
-34
-53
-110
-158
-218
-282
-323
-321
-317
-333
-360
-406
-431
-413
-384
-378
-366
-341
-336
-335
-288
-199
-145
-139
-139
-115
-94
-87
-70
-23
23
29
-8
-30
2
44
37
-1
-13
-9
-19
-49
-48
-35
-42
-55
-42
-34
-43
-47
-30
-20
-23
3
54
102
106
84
71
98
141
163
156
145
137
133
151
180
208
214
194
176
170
191
220
254
267
259
252
257
292
336
376
392
377
372
367
374
390
416
456
445
387
314
258
257
284
284
222
124
42
-10
-30
-20
-21
-76
-173
-241
-275
-274
-238
-185
-165
-212
-269
-269
-208
-141
-87
-59
-72
-118
-136
-97
-24
26
46
32
-14
-62
-79
-59
-46
-49
-72
-123
-209
-277
-273
-234
-216
-244
-305
-356
-368
-333
-268
-246
-265
-281
-269
-242
-196
-136
-118
-105
-98
-83
-81
-73
-29
-10
-5
-17
-17
-30
-52
-55
-41
-15
-10
-35
-80
-90
-63
-34
-29
-10
7
-2
5
38
92
118
145
179
199
204
216
266
301
320
333
315
292
289
298
282
257
232
202
158
122
108
87
63
46
19
-25
-72
-90
-65
-43
-61
-106
-128
-112
-72
-57
-58
-38
11
50
60
54
52
72
93
133
168
166
139
119
123
136
139
115
109
84
35
-14
-17
26
27
-2
-44
-59
-63
-53
-33
-25
-34
-53
-58
-66
-59
-55
-56
-41
-19
-9
-24
-40
-70
-87
-71
-48
-53
-99
-133
-133
-121
-108
-98
-103
-141
-156
-141
-113
-75
-71
-91
-109
-95
-79
-75
-56
-29
-11
-26
-23
-8
-4
-5
-21
-37
-57
-57
-44
-28
-15
-16
-45
-91
-106
-83
-56
-38
-39
-81
-129
-140
-85
-18
27
43
16
-10
25
95
157
195
216
235
225
206
227
290
348
379
368
322
281
261
292
320
328
328
312
273
217
203
220
224
194
157
117
72
41
27
-7
-58
-90
-107
-133
-172
-175
-164
-175
-212
-246
-256
-245
-255
-280
-278
-268
-259
-260
-243
-217
-194
-170
-147
-154
-182
-163
-96
-52
-62
-85
-110
-116
-92
-46
-21
-41
-86
-133
-147
-125
-112
-142
-173
-183
-173
-183
-182
-184
-197
-184
-172
-174
-201
-190
-157
-120
-74
-40
-44
-56
-29
22
86
108
132
152
166
194
226
246
244
261
274
265
239
227
230
230
219
197
172
145
126
105
95
110
115
111
86
30
-5
-11
18
24
-4
-13
-17
-23
-26
-4
28
55
58
52
44
38
37
36
47
66
89
88
54
35
59
99
149
174
153
107
68
84
134
168
161
135
103
84
85
105
117
108
75
36
-10
-36
-40
-38
-37
-75
-133
-190
-209
-203
-194
-188
-197
-226
-245
-226
-190
-160
-138
-112
-106
-111
-86
-37
18
59
82
85
82
97
128
145
155
158
146
114
92
75
44
9
-27
-60
-105
-150
-192
-231
-237
-231
-254
-303
-343
-365
-379
-372
-351
-344
-352
-360
-342
-311
-271
-210
-166
-152
-143
-109
-73
-38
-3
29
45
62
100
121
120
121
156
189
185
173
160
153
150
154
158
140
113
92
71
70
91
121
127
108
84
66
85
118
144
147
122
112
115
131
159
176
198
210
201
182
186
210
222
223
229
214
190
179
183
201
213
212
191
160
136
125
131
134
121
105
91
59
21
5
8
-8
-49
-92
-124
-141
-170
-180
-182
-214
-254
-278
-285
-291
-280
-249
-251
-268
-283
-283
-259
-212
-139
-97
-95
-95
-74
-26
16
61
104
99
75
84
120
140
138
141
138
136
123
99
76
46
16
-10
-25
-43
-66
-109
-160
-192
-193
-184
-192
-203
-217
-221
-235
-236
-219
-196
-176
-170
-151
-134
-116
-97
-83
-69
-50
-16
3
17
25
18
25
45
60
59
48
45
43
18
5
12
37
42
25
1
-9
8
28
50
54
51
43
43
58
73
91
102
111
116
131
142
158
180
194
191
179
186
204
220
215
203
195
189
200
201
193
176
148
134
113
109
114
113
85
43
24
17
22
20
8
-3
-20
-51
-70
-66
-67
-86
-111
-119
-130
-148
-156
-144
-144
-161
-172
-187
-190
-186
-172
-157
-155
-147
-135
-119
-93
-68
-57
-54
-42
-4
14
17
24
36
58
62
75
85
98
89
72
66
69
80
72
54
21
-6
-13
-8
-5
-10
-29
-61
-75
-72
-65
-59
-57
-76
-102
-114
-108
-77
-48
-39
-49
-69
-65
-52
-42
-40
-44
-41
-55
-64
-63
-70
-80
-88
-83
-80
-86
-98
-103
-109
-117
-123
-115
-120
-130
-125
-104
-87
-83
-64
-43
-11
13
34
60
81
99
122
155
179
202
217
237
247
245
244
251
265
272
266
252
241
226
221
212
198
178
146
127
114
107
99
78
63
64
66
52
38
34
45
38
26
25
22
25
20
18
9
-2
-13
-15
-22
-39
-55
-72
-85
-104
-112
-123
-122
-119
-138
-152
-161
-162
-169
-171
-176
-185
-188
-188
-178
-170
-167
-172
-172
-161
-154
-147
-136
-136
-147
-137
-117
-103
-90
-78
-71
-77
-72
-53
-43
-37
-29
-13
-8
-1
6
15
21
38
68
77
75
71
75
79
85
90
88
78
79
79
68
67
59
40
25
34
46
37
8
-17
-22
-20
-18
-9
-9
-20
-34
-32
-7
24
46
48
42
44
65
92
120
136
147
150
159
175
201
212
220
233
228
220
220
212
196
184
170
157
129
109
89
64
44
21
3
-19
-41
-64
-79
-87
-88
-93
-96
-97
-97
-97
-93
-77
-72
-73
-75
-73
-68
-60
-52
-36
-18
-18
-21
-21
-23
-13
-6
-10
-21
-36
-46
-56
-63
-64
-68
-85
-97
-97
-100
-106
-106
-105
-108
-114
-112
-103
-111
-116
-106
-96
-91
-87
-89
-96
-97
-79
-63
-56
-53
-50
-41
-27
-14
-8
-6
-17
-20
-14
-4
10
17
14
0
-6
0
14
26
35
32
19
2
2
8
11
12
2
-19
-45
-46
-37
-33
-40
-43
-58
-63
-58
-55
-43
-36
-26
-15
-1
3
17
26
35
53
73
94
109
118
126
143
163
188
206
211
216
211
204
210
231
240
226
202
188
177
170
174
168
154
130
98
77
70
75
69
52
22
-4
-28
-31
-16
-21
-41
-63
-72
-79
-69
-66
-52
-42
-54
-63
-75
-72
-60
-52
-39
-41
-61
-71
-73
-69
-53
-44
-51
-68
-78
-74
-66
-60
-57
-61
-69
-61
-61
-73
-77
-72
-75
-87
-86
-83
-88
-104
-102
-87
-84
-89
-81
-72
-77
-77
-76
-58
-48
-40
-24
-22
-21
-18
-2
7
25
29
20
12
16
32
34
33
25
16
9
9
15
11
4
-10
-26
-36
-36
-30
-33
-46
-65
-69
-72
-62
-59
-55
-57
-57
-42
-26
-11
-5
4
13
31
51
67
74
79
86
95
101
116
128
127
127
126
133
137
146
148
146
139
130
124
113
118
111
95
81
70
62
51
41
30
21
15
12
5
-11
-23
-30
-43
-61
-72
-73
-75
-85
-94
-102
-104
-99
-90
-89
-98
-94
-85
-74
-63
-58
-52
-51
-42
-31
-23
-25
-19
-9
-4
-4
5
12
8
8
3
-1
-4
0
4
-5
-17
-21
-21
-27
-33
-40
-49
-54
-47
-37
-30
-32
-28
-21
-5
9
18
24
28
34
45
53
59
68
70
63
53
60
60
57
49
41
24
8
-2
-10
-20
-28
-32
-42
-56
-76
-86
-95
-93
-84
-88
-92
-92
-87
-75
-67
-60
-52
-43
-35
-23
-13
-4
6
16
20
24
36
48
46
44
46
48
49
55
63
66
70
71
72
79
82
86
88
89
91
83
78
74
77
79
84
85
78
72
71
68
57
47
36
30
31
16
7
-8
-24
-27
-31
-34
-47
-54
-59
-62
-60
-53
-51
-55
-55
-50
-45
-39
-26
-21
-22
-25
-20
-15
-16
-18
-17
-13
-17
-16
-13
-17
-25
-34
-36
-39
-39
-36
-36
-43
-47
-47
-45
-44
-44
-36
-35
-38
-37
-31
-14
-3
7
6
5
14
21
20
20
20
18
13
2
-2
2
2
3
-8
-29
-44
-38
-28
-28
-44
-51
-53
-49
-45
-45
-36
-36
-35
-39
-41
-41
-27
2
20
29
34
34
37
43
48
63
79
84
80
82
87
89
77
77
90
90
81
66
65
78
76
74
74
84
84
74
68
62
48
35
50
42
23
23
33
33
24
22
15
10
-5
-23
-44
-65
-61
-52
-50
-60
-71
-80
-94
-102
-93
-74
-61
-70
-90
-103
-112
-113
-91
-76
-70
-63
-69
-66
-72
-71
-59
-45
-42
-45
-49
-50
-54
-68
-54
-50
-54
-48
-39
-17
-5
-4
5
7
1
-7
-2
9
24
42
53
55
57
61
79
92
105
114
103
94
78
68
64
66
71
67
65
66
48
52
57
37
29
29
10
-8
-8
-17
-18
-33
-38
-27
-11
-7
-16
-12
-13
-9
-9
-9
3
5
1
-1
0
8
28
40
31
24
28
33
45
45
36
48
46
42
39
39
49
36
21
13
11
3
1
1
-10
-1
12
13
5
-4
-14
-14
-17
-23
-18
-19
-20
-19
-19
-21
-19
-21
-25
-30
-21
-29
-36
-23
-28
-43
-33
-31
-29
-36
-30
-36
-64
-70
-70
-51
-45
-43
-50
-62
-70
-65
-51
-47
-50
-49
-42
-48
-55
-59
-60
-40
-40
-36
-43
-40
-17
2
23
22
31
18
17
29
35
48
43
50
62
65
59
53
71
96
98
93
81
70
69
74
69
61
43
19
12
14
15
19
15
3
1
-7
-6
-1
18
30
20
25
31
37
38
33
35
68
105
325
518
190
-202
-55
271
362
395
383
51
-328
89
541
259
38
163
266
-61
-282
-122
-162
-246
-104
-180
-472
-595
-415
-194
-165
-214
-290
-515
-625
-514
-283
-82
-163
-210
-241
-295
-284
-210
-69
110
226
259
88
-81
-64
130
225
229
307
261
231
107
6
-125
8
86
163
245
72
15
-241
-278
-299
-205
-18
-36
80
-176
-471
-506
-403
-325
-169
193
118
-111
-278
-379
-327
-143
270
473
375
250
135
-43
-58
140
462
625
581
456
210
64
-31
137
350
447
453
247
61
-134
-190
-111
18
177
181
80
-87
-268
-329
-236
-44
126
193
149
19
-87
-122
-44
108
220
286
207
90
-11
-71
-5
76
162
188
130
40
-83
-162
-153
-93
-20
3
-45
-155
-242
-270
-249
-176
-132
-81
-74
-116
-151
-184
-161
-82
18
68
60
41
21
19
57
102
132
133
149
123
47
4
16
54
64
57
35
-16
-63
-73
-63
-57
-74
-87
-103
-118
-127
-127
-99
-49
-21
-40
-58
-64
-62
-48
-11
22
27
34
47
45
16
-1
26
59
45
23
11
-8
-22
-39
-47
-34
-24
-29
-16
-9
-29
-31
-16
14
43
43
54
48
39
35
27
37
75
92
95
91
84
71
62
77
74
59
56
36
16
4
-5
-1
6
3
-12
-30
-56
-54
-52
-24
-3
1
-7
-19
3
0
1
20
26
27
22
9
-5
2
19
44
57
37
18
-4
-12
-12
0
21
14
6
-23
-68
-91
-101
-95
-70
-51
-52
-40
-36
-31
-37
-45
-25
1
30
36
23
9
-5
-8
16
52
75
84
92
79
64
47
39
42
53
70
65
30
-8
-23
-12
3
-1
2
-12
-37
-60
-81
-74
-28
9
8
-9
-24
-37
-46
-33
-20
-6
17
36
38
32
15
-9
0
32
48
37
47
57
51
28
9
12
30
42
37
22
-5
-29
-33
-19
-17
-9
0
-14
-28
-40
-35
-26
-27
-18
-6
-12
-24
-47
-47
-16
24
34
21
8
-6
1
16
26
15
12
22
31
25
3
-27
-15
-8
-10
-10
-10
1
-4
-6
-28
-46
-54
-49
-47
-46
-56
-53
-58
-71
-75
-63
-50
-43
-24
-23
-19
-29
-21
-3
6
28
35
34
31
39
60
60
62
82
94
94
88
86
84
73
76
84
76
65
51
34
22
9
-4
3
17
-3
-24
-33
-31
-36
-51
-37
-38
-25
-32
-66
-91
-105
-97
-80
-54
-48
-72
-90
-90
-84
-68
-50
-27
-14
-23
-29
-50
-80
-92
-67
-22
1
-9
-35
-56
-54
-37
-27
-32
-25
-20
-21
-38
-68
-77
-82
-64
-49
-47
-55
-67
-76
-78
-62
-41
-23
-11
0
2
2
-2
-9
-2
17
56
78
62
48
55
69
75
78
93
105
114
111
97
85
87
94
100
100
83
77
90
95
84
76
72
75
73
72
65
71
80
72
59
49
40
38
49
52
49
43
46
40
40
39
30
23
25
25
18
9
12
17
15
-1
-17
-17
-15
-6
3
-2
-8
-17
-30
-38
-38
-31
-33
-42
-47
-46
-61
-78
-81
-83
-76
-79
-83
-87
-97
-103
-106
-105
-104
-101
-104
-114
-114
-110
-115
-113
-109
-104
-97
-93
-84
-73
-69
-74
-67
-54
-42
-35
-40
-38
-31
-10
-3
-11
-11
-7
7
15
10
11
24
29
14
2
7
22
36
40
50
51
42
28
17
19
23
41
61
63
51
42
43
40
39
58
76
74
62
43
32
34
58
78
71
59
65
71
57
49
49
68
92
104
89
73
60
59
66
78
85
92
95
85
75
59
47
49
57
62
61
47
31
10
-5
-22
-30
-22
-13
-12
-21
-31
-42
-45
-49
-56
-55
-47
-39
-35
-35
-34
-29
-26
-29
-34
-27
-15
-6
-2
6
10
-6
-15
-18
-27
-33
-30
-27
-30
-46
-60
-64
-72
-81
-84
-87
-90
-90
-93
-97
-99
-95
-94
-94
-93
-88
-86
-83
-77
-69
-54
-50
-41
-32
-28
-21
-14
-9
-11
-6
11
29
29
15
4
4
0
2
14
34
40
33
21
10
4
4
13
19
30
45
43
25
3
-2
11
23
34
42
49
57
60
52
38
31
38
51
58
56
50
49
51
42
37
34
37
41
41
38
29
23
29
32
23
18
18
17
14
13
16
18
16
14
9
8
6
5
12
13
15
15
10
2
-1
1
