-44
-46
-39
-38
-45
-48
-42
-26
-23
-27
-36
-48
-46
-31
-13
1
17
29
42
48
53
47
40
43
43
46
53
54
46
48
46
38
19
17
21
11
1
-10
-14
-11
-1
20
27
10
-1
-1
-1
-6
-15
-23
-25
-6
17
18
6
5
16
38
49
44
49
53
49
54
55
43
44
43
53
44
33
28
31
11
17
0
11
-7
23
19
33
17
-4
1
-6
343
479
246
-172
49
158
202
432
455
-95
-443
8
211
152
29
177
-118
-312
-190
29
-102
-137
317
413
184
-43
-6
-84
264
557
452
-92
-231
-49
117
133
46
-90
-364
-266
-81
-12
-233
-312
-444
-397
-288
-202
-300
-344
-248
-180
-72
-115
-64
-113
17
97
130
-7
-50
-45
-55
-64
-162
-244
-405
-396
-465
-434
-535
-604
-636
-601
-638
-579
-581
-698
-747
-431
-200
-221
-191
-200
-153
16
411
455
396
471
630
635
649
763
796
930
1059
992
635
401
375
466
613
501
207
-227
-435
-305
-242
-248
-338
-400
-514
-451
-308
-427
-435
-338
-97
-22
7
-22
-4
78
244
429
405
402
479
626
710
733
610
514
532
597
648
628
394
241
168
194
192
136
26
-79
-119
-139
-122
-174
-219
-184
-137
-143
-167
-230
-234
-128
-48
-33
-59
-117
-154
-100
-49
-11
-59
-90
-69
-47
-101
-207
-299
-405
-456
-494
-591
-745
-942
-1155
-1275
-1308
-1352
-1472
-1600
-1711
-1730
-944
443
643
-821
-1430
39
1315
1605
2192
2305
501
-218
1855
3070
1546
1209
2698
1976
2
617
1885
274
-1042
380
917
-1086
-2012
-1195
-1429
-2121
-1429
-1050
-2209
-2457
-1230
-796
-1259
-818
-96
-149
142
1185
1504
1070
1323
1897
1879
1905
2429
2381
1812
1722
1870
1402
882
817
609
89
-192
-390
-1072
-1617
-1541
-1382
-1498
-1574
-1630
-1847
-1742
-1276
-837
-506
-227
-1
172
551
971
1256
1430
1670
1952
1859
1679
1677
1709
1493
1324
1206
878
414
47
-156
-412
-668
-907
-1112
-1306
-1403
-1460
-1555
-1602
-1502
-1339
-1150
-950
-838
-739
-582
-360
-174
8
141
210
193
189
35
-166
-353
-527
-832
-1077
-1350
-1789
-1434
-33
689
-982
-2564
-1996
-332
642
1813
2118
-39
-1846
-174
2233
1901
1519
2684
2460
327
342
2089
1699
259
1045
2074
483
-1267
-1164
-963
-1467
-1038
-619
-1819
-3017
-2489
-1730
-1889
-1718
-1112
-1071
-1132
-322
328
254
387
1118
1508
1680
2172
2479
2183
2047
2360
2373
2029
1864
1780
1353
934
643
139
-484
-769
-790
-1015
-1390
-1724
-2013
-2126
-1934
-1612
-1354
-1142
-1103
-1140
-844
-140
481
863
1155
1195
1291
1579
1885
1987
2249
2435
2236
1907
1636
1340
1030
990
876
474
-148
-542
-780
-1036
-1181
-1284
-1479
-1708
-1755
-1700
-1656
-1538
-1391
-1231
-987
-756
-598
-553
-461
-261
-53
33
125
127
-45
-248
-410
-632
-893
-1122
-1537
-1843
-2117
-1746
-445
491
-975
-3095
-2462
-225
1078
1729
2183
315
-1841
-409
2681
2826
1775
2939
3195
772
-120
1979
2329
627
996
2295
650
-1891
-1857
-1068
-1389
-1282
-727
-1869
-3470
-3067
-1932
-1968
-1944
-1080
-790
-1035
-468
327
371
652
1665
2284
2270
2509
2825
2612
2581
3052
3090
2511
2203
2102
1557
892
587
191
-423
-733
-801
-1217
-1859
-2226
-2299
-2225
-2017
-1814
-1798
-1819
-1605
-1035
-512
-253
-32
500
952
1210
1698
1984
1838
1892
2422
2587
2328
2249
2177
1724
1189
1105
992
542
28
-154
-445
-934
-1258
-1431
-1626
-1731
-1704
-1771
-1880
-1905
-1726
-1515
-1306
-1134
-964
-819
-560
-285
-109
-29
15
50
125
230
67
-184
-452
-589
-974
-1346
-1658
-1825
-2008
-1239
522
568
-1634
-3050
-1138
826
1689
2346
2197
-263
-1468
1174
3424
2690
2127
3437
2523
119
335
2302
1869
686
1515
1585
-864
-2612
-1780
-1092
-1269
-1218
-1510
-3170
-4038
-2907
-1826
-1814
-1620
-969
-1055
-1173
-441
523
980
1494
2094
2274
2223
2461
2805
3014
3246
3251
2821
2307
2086
1738
1290
1079
865
139
-621
-868
-998
-1531
-2154
-2328
-2221
-2194
-2258
-2207
-2103
-2086
-1948
-1188
-238
54
-197
137
842
1381
1824
2194
2161
2056
2375
2568
2376
2115
2082
1874
1428
1051
761
305
-97
-231
-513
-1094
-1640
-1861
-1913
-1853
-1904
-2168
-2492
-2512
-2108
-1711
-1523
-1433
-1227
-995
-674
-318
-155
-114
53
378
529
472
195
-163
-274
-283
-447
-940
-1349
-1801
-2115
-1941
-614
900
71
-2518
-3118
-751
1121
1945
2456
1333
-1347
-1252
1885
3304
2412
2834
3781
1716
-537
688
2625
2017
1493
2128
896
-1952
-2749
-1306
-430
-477
-858
-2182
-3980
-3926
-2202
-1198
-1284
-1194
-1093
-1380
-1077
-81
747
1231
1802
2141
2037
2095
2620
3096
3372
3638
3503
2835
2336
2289
2143
1837
1487
903
12
-628
-869
-1152
-1632
-2053
-2261
-2395
-2410
-2444
-2594
-2582
-2174
-1600
-1017
-583
-439
-343
182
973
1652
1978
1940
1851
2095
2506
2628
2467
2262
2096
1791
1316
838
517
285
-3
-453
-1098
-1652
-1965
-2067
-2036
-2079
-2369
-2725
-2779
-2460
-1994
-1683
-1547
-1423
-1138
-779
-433
-147
98
413
612
691
616
506
409
395
296
-93
-551
-1012
-1276
-1557
-1690
-1810
-702
748
68
-2764
-3436
-762
1211
1865
2267
1337
-1694
-1848
1680
3525
2456
2740
3865
1507
-1180
516
3428
2789
1655
2111
942
-2193
-2737
-455
594
-170
-1138
-2354
-4056
-3779
-1761
-678
-1187
-1519
-1521
-1758
-1300
-58
924
1257
1601
1736
1628
1924
2735
3255
3372
3482
3223
2523
2149
2339
2261
1873
1435
887
28
-635
-873
-1040
-1402
-1872
-2213
-2366
-2284
-2253
-2379
-2370
-1949
-1309
-844
-793
-706
-249
564
1288
1800
1797
1436
1508
2147
2746
2729
2322
1880
1559
1236
961
832
642
239
-321
-893
-1364
-1674
-1820
-1795
-1816
-2086
-2471
-2671
-2568
-2183
-1732
-1513
-1481
-1392
-1096
-693
-307
6
282
456
495
539
577
630
594
386
125
-187
-501
-996
-1121
-1366
-1722
-2395
-1759
493
957
-1888
-4285
-2030
551
1481
2232
2253
-947
-3064
190
3503
2830
2307
4193
2876
-1249
-1073
3032
3839
2043
1993
1693
-1543
-3491
-1236
935
508
-986
-2234
-4067
-4442
-2292
-474
-862
-1798
-1723
-1746
-1500
-357
1021
1483
1507
1648
1683
1862
2595
3490
3769
3572
3172
2746
2473
2553
2568
2331
1814
1044
90
-596
-719
-752
-1109
-1798
-2265
-2424
-2389
-2476
-2545
-2388
-2067
-1605
-1249
-1085
-998
-452
332
952
1436
1451
1116
1230
2073
2728
2652
2320
2072
1767
1387
1200
1245
1018
545
19
-566
-1096
-1367
-1410
-1561
-1774
-2051
-2398
-2702
-2671
-2181
-1716
-1597
-1706
-1658
-1304
-772
-342
-134
66
286
433
519
617
624
562
401
208
-87
-426
-870
-1129
-1253
-1655
-2258
-2480
-889
799
-128
-3260
-3707
-902
916
1734
2466
1304
-2208
-2224
1838
3807
2838
3310
4231
1160
-1747
727
4310
3777
2153
1932
308
-2602
-2277
436
1284
-129
-1564
-2981
-4346
-3312
-941
-210
-1426
-1958
-1733
-1668
-1042
321
1318
1349
1347
1438
1573
2093
3003
3540
3474
3241
2852
2481
2497
2684
2394
1912
1455
768
-222
-696
-602
-799
-1540
-2173
-2294
-2354
-2517
-2656
-2526
-2250
-1962
-1699
-1193
-758
-554
-221
438
1052
1342
1487
1472
1625
2125
2643
2539
2012
1722
1652
1384
995
855
750
342
-287
-816
-1149
-1377
-1526
-1532
-1577
-1923
-2431
-2623
-2299
-1768
-1430
-1406
-1464
-1375
-1020
-486
-80
111
179
256
414
535
586
475
283
70
-222
-538
-863
-1055
-1273
-1889
-2471
-2868
-1747
466
828
-2100
-4384
-2238
356
1692
2745
2675
-736
-3078
125
3728
3800
3558
4764
2632
-1738
-980
3684
5016
2927
1783
613
-2340
-3094
-398
1470
279
-1575
-2914
-4482
-4270
-1907
-390
-1273
-2125
-1843
-1890
-1723
-396
1243
1649
1480
1512
1544
1845
2818
3832
3922
3471
3081
2889
2805
2700
2345
2000
1732
1117
39
-726
-824
-958
-1532
-2023
-2151
-2417
-2769
-2894
-2726
-2441
-2050
-1740
-1504
-1110
-716
-347
271
1048
1385
1425
1588
1808
2068
2473
2607
2271
1820
1591
1398
1065
818
667
349
-342
-946
-1219
-1381
-1614
-1800
-1854
-1991
-2368
-2653
-2439
-1978
-1674
-1593
-1535
-1372
-1000
-604
-309
-50
220
443
555
548
424
371
350
268
36
-485
-1090
-1382
-1164
-1378
-2014
-2796
-2435
-272
1024
-771
-3583
-2595
-259
1162
2623
3509
825
-2637
-682
3369
4119
3548
4794
3800
-751
-1481
2959
5296
3299
1711
1123
-1418
-3035
-1123
1066
335
-1396
-2432
-3911
-4491
-2729
-740
-998
-1923
-1725
-1712
-1785
-768
1022
1708
1546
1600
1729
1879
2585
3670
4007
3586
3116
2924
2789
2572
2243
1960
1759
1243
190
-816
-1105
-1059
-1380
-1989
-2290
-2402
-2615
-2884
-2815
-2529
-2092
-1523
-1161
-1022
-1010
-478
475
1498
1921
1611
1309
1372
2106
2867
2967
2431
1799
1433
1147
1068
1042
880
360
-534
-1137
-1317
-1298
-1472
-1771
-2002
-2221
-2466
-2692
-2496
-2064
-1745
-1596
-1558
-1388
-1042
-630
-365
-98
235
437
400
341
433
397
308
179
-41
-500
-931
-1383
-1570
-1535
-1763
-2494
-2110
185
1193
-1282
-3845
-2128
406
1625
3018
3581
171
-3122
-269
3972
4499
3896
4877
2978
-1592
-1222
3611
5418
2977
1457
463
-2242
-3116
-674
1106
-235
-1841
-2734
-4235
-4580
-2546
-568
-1121
-2033
-1808
-1688
-1593
-453
1269
1789
1594
1644
1874
2124
2694
3495
3822
3650
3203
2851
2729
2632
2211
1770
1682
1380
373
-784
-1233
-1220
-1363
-1813
-2232
-2479
-2744
-2972
-2911
-2406
-1855
-1708
-1631
-1254
-602
-63
472
979
1241
1366
1558
1963
2198
2445
2514
2189
1686
1512
1661
1345
767
337
141
-253
-766
-1029
-1201
-1507
-1948
-2065
-1979
-2079
-2329
-2444
-2240
-1868
-1491
-1304
-1223
-1035
-715
-381
-55
281
496
466
312
315
443
393
124
-43
-351
-828
-1366
-1407
-1420
-1812
-2436
-2534
-652
1111
129
-2994
-3224
-752
1048
2804
3992
1888
-2528
-1972
2650
4498
3900
4280
3743
-572
-1818
2336
4802
2889
1211
964
-1554
-3089
-1068
638
-647
-2120
-2211
-3475
-4278
-2691
-1006
-1497
-2239
-1580
-1395
-1211
-155
925
982
1173
2078
2326
2312
2789
3450
3484
3540
3734
3363
2802
2565
2367
1856
1691
1578
838
-368
-1111
-1222
-1257
-1503
-2006
-2392
-2577
-2649
-2788
-2428
-1752
-1493
-1649
-1353
-576
103
854
1275
1293
1138
1547
2151
2581
2814
2597
1947
1265
1385
1775
1609
974
263
-255
-711
-884
-959
-1150
-1518
-2096
-2341
-2310
-2134
-2214
-2357
-2270
-2031
-1680
-1467
-1174
-951
-669
-440
-172
264
621
667
361
336
521
518
242
128
-58
-742
-1470
-1609
-1443
-1736
-2226
-2665
-1947
-184
409
-1564
-3328
-2051
-150
1611
3274
3002
-551
-2588
292
3328
4156
4461
4565
1522
-1482
263
3586
4360
3012
1761
-673
-2762
-1883
-10
339
-664
-1537
-3191
-4454
-3455
-1675
-1184
-1736
-1700
-1810
-1824
-872
342
833
978
1616
1855
1797
2168
2921
3283
3437
3649
3370
2876
2669
2597
2162
1933
1949
1438
277
-666
-900
-1011
-1237
-1631
-2012
-2383
-2654
-2675
-2505
-2069
-1811
-1750
-1680
-1266
-468
326
816
823
801
967
1315
2046
2733
2686
1836
1190
1285
1649
1781
1520
945
134
-501
-654
-572
-613
-890
-1503
-2130
-2296
-2029
-1924
-2115
-2176
-2032
-1787
-1563
-1292
-994
-714
-433
-219
51
457
729
606
447
565
690
450
315
176
-266
-1068
-1397
-1126
-1222
-1805
-2518
-2621
-2648
-1586
107
88
-2042
-3178
-1618
185
2166
3545
2187
-1155
-1609
1477
3444
4077
4816
4147
723
-978
1443
3666
3595
2626
1335
-1187
-2552
-1440
-163
-77
-843
-2006
-3699
-4039
-2779
-1746
-1550
-1486
-1493
-2066
-1699
-346
581
724
1136
1761
1759
1973
2721
3271
3107
3166
3500
3413
3100
2812
2483
1945
1727
1483
909
218
-347
-892
-1478
-1654
-1702
-1951
-2296
-2539
-2645
-2673
-2304
-1841
-1382
-922
-673
-506
-286
403
864
1340
1611
1648
1599
1662
2019
2092
2144
1921
1500
895
618
772
680
341
-209
-743
-1312
-1559
-1423
-1355
-1558
-2054
-2356
-2347
-2031
-1616
-1401
-1350
-1312
-1137
-872
-418
113
416
328
183
276
504
576
517
394
105
-374
-733
-780
-872
-1300
-1855
-2169
-2284
-2458
-2082
-309
736
-1004
-3453
-2808
-534
1446
3410
3544
98
-2883
-693
2847
4071
4612
5035
2267
-1610
-684
3001
4304
3348
2468
175
-2808
-2501
26
897
-319
-1236
-2362
-3867
-3667
-1943
-916
-1267
-1498
-1755
-2000
-1222
84
645
632
1197
1625
1658
2073
2803
2895
2719
3266
3694
3298
2691
2528
2221
1736
1649
1740
1225
100
-809
-1263
-1245
-1234
-1410
-1779
-2163
-2592
-2933
-2599
-1940
-1417
-1314
-1136
-1041
-931
-478
188
776
1057
1283
1195
1086
1288
1814
2124
1928
1552
1087
842
881
1012
845
401
-152
-752
-1025
-917
-788
-1083
-1607
-1965
-2075
-1970
-1730
-1494
-1432
-1446
-1401
-1239
-893
-496
-241
-180
-15
176
198
85
174
273
172
0
-204
-474
-838
-1001
-1162
-1209
-1309
-1638
-2052
-2300
-1496
-151
225
-1191
-2299
-1694
-289
1527
2808
2268
-57
-860
744
2432
3346
4060
3900
1537
-170
790
2539
2958
2517
1659
-298
-1620
-1211
-203
-154
-648
-1246
-2447
-3246
-2711
-1531
-1233
-1534
-1707
-1808
-1590
-815
108
388
470
874
1397
1674
1935
2378
2739
2980
3067
3016
2784
2666
2611
2407
2000
1639
1419
869
170
-315
-471
-824
-1265
-1440
-1653
-2122
-2446
-2298
-2210
-2030
-1648
-1295
-1338
-1379
-1092
-594
26
580
920
687
543
940
1635
1978
2029
1934
1538
1202
1172
1467
1540
1199
626
42
-374
-493
-422
-563
-908
-1326
-1778
-2049
-1953
-1631
-1507
-1633
-1734
-1709
-1599
-1374
-969
-604
-472
-433
-380
-326
-228
-23
184
98
-122
-271
-365
-620
-795
-845
-1059
-1407
-1526
-1454
-1307
-449
325
-352
-1876
-1922
-570
948
2316
2483
581
-1441
-570
1730
2960
3365
3544
2130
-264
-237
1787
2969
2696
2185
737
-1382
-1644
-199
603
-94
-787
-1502
-2523
-2712
-1770
-937
-1136
-1440
-1602
-1624
-1164
-317
225
219
404
789
1177
1472
1873
2265
2499
2642
2619
2644
2680
2607
2251
1992
1949
1775
1304
751
308
-177
-517
-718
-875
-1180
-1602
-2014
-2248
-2140
-1871
-1573
-1453
-1567
-1772
-1576
-871
-175
133
52
-1
175
650
1269
1697
1755
1540
1317
1255
1480
1818
1935
1622
995
426
227
348
463
282
-263
-935
-1379
-1469
-1341
-1250
-1298
-1430
-1637
-1814
-1758
-1496
-1255
-1097
-885
-670
-655
-743
-730
-462
-122
180
245
-14
-353
-553
-469
-329
-251
-443
-828
-1196
-1433
-1440
-1235
-467
212
-184
-1478
-2049
-1268
75
1557
2111
833
-1305
-1477
396
1953
2633
2941
2277
248
-664
605
2248
2843
2629
1622
-407
-1502
-623
754
929
299
-519
-1660
-2344
-1946
-1015
-634
-729
-1046
-1574
-1788
-1182
-256
61
125
432
718
675
765
1327
1844
2011
2052
2203
2220
1983
1786
1811
1924
1943
1781
1277
555
62
67
189
11
-420
-984
-1432
-1599
-1408
-1225
-1203
-1209
-1301
-1477
-1506
-1059
-517
-121
0
-62
-145
7
581
1147
1389
1305
1178
1099
1137
1339
1502
1481
1277
988
656
416
367
337
156
-174
-516
-838
-1081
-1155
-1119
-1121
-1270
-1471
-1645
-1625
-1369
-1082
-1008
-1099
-1049
-849
-608
-376
-184
-51
58
118
97
0
-85
-132
-171
-216
-316
-500
-829
-1130
-1337
-1385
-1217
-763
-306
-474
-1225
-1747
-1440
-498
630
1176
479
-871
-1207
-73
1231
1864
2029
1636
600
-12
630
1782
2402
2344
1686
529
-278
38
945
1236
709
-66
-744
-1154
-1118
-633
-223
-322
-828
-1194
-1121
-810
-431
-105
72
-19
-66
113
427
751
1029
1153
1057
1075
1343
1497
1330
1189
1231
1216
1145
1075
819
389
100
61
0
-126
-232
-378
-704
-888
-786
-592
-530
-491
-525
-774
-796
-414
39
23
-155
-146
39
257
501
748
692
499
420
538
607
622
685
639
446
180
70
96
107
-14
-245
-466
-603
-598
-569
-606
-678
-741
-773
-750
-657
-557
-496
-449
-373
-294
-194
-36
106
85
-35
-59
-11
-6
-21
-20
-139
-416
-729
-763
-770
-773
-865
-1227
-1512
-1675
-1579
-1471
-1384
-1157
-1006
-1158
-1456
-1402
-954
-405
123
371
32
-497
-405
377
1191
1555
1541
1258
808
695
1134
1693
1963
1884
1453
846
468
596
998
1172
952
439
-152
-460
-280
140
258
-13
-369
-572
-559
-378
-81
107
72
-85
-218
-244
-74
356
717
669
381
215
263
411
617
740
635
384
243
215
178
198
301
333
201
72
6
18
127
306
367
255
185
192
208
197
279
397
410
266
51
-38
25
136
97
-28
-131
-234
-400
-487
-369
-240
-247
-374
-510
-660
-674
-451
-170
-119
-300
-411
-385
-279
-89
168
315
255
141
100
202
452
674
679
379
111
108
207
361
324
82
-197
-339
-315
-384
-388
-432
-604
-785
-957
-944
-911
-873
-859
-987
-1102
-1128
-1039
-936
-832
-719
-705
-741
-756
-702
-576
-300
-82
-82
-241
-336
-151
140
357
351
173
65
196
459
696
796
758
606
460
530
785
1015
996
832
693
596
590
728
922
920
688
433
338
415
522
552
398
133
-51
-60
-2
13
4
-79
-275
-408
-339
-210
-198
-211
-140
-134
-230
-179
20
129
117
129
172
182
282
498
565
429
376
457
510
463
401
341
278
253
214
65
-76
-80
-45
-138
-288
-355
-377
-411
-446
-463
-488
-466
-409
-424
-511
-533
-411
-290
-228
-184
-143
-116
-65
54
146
183
216
251
212
190
249
278
221
128
99
79
46
46
27
-46
-133
-191
-247
-265
-217
-188
-252
-377
-433
-437
-414
-369
-328
-356
-451
-458
-361
-239
-151
-127
-171
-260
-296
-178
-45
-6
-73
-169
-236
-227
-107
9
31
-42
-92
-96
-80
-1
118
142
63
17
32
32
27
104
206
200
117
90
104
143
205
246
226
158
115
64
25
75
155
155
70
-77
-207
-224
-87
70
68
-85
-250
-294
-185
21
119
93
53
62
115
203
351
444
434
411
440
453
445
490
553
531
451
406
380
350
347
370
352
215
37
-62
-68
-35
-52
-146
-271
-372
-404
-394
-384
-364
-358
-364
-371
-351
-288
-216
-149
-79
-28
-32
-53
-18
49
56
31
42
33
-26
-79
-81
-60
-60
-67
-99
-154
-183
-187
-182
-139
-59
-20
-87
-151
-113
-71
-48
-2
24
-42
-134
-89
15
-8
-85
-60
-29
-98
-161
-108
-63
-118
-136
-99
-107
-158
-155
-87
-35
-8
-20
-54
-29
45
114
139
178
226
249
296
384
452
427
384
370
408
465
492
456
326
195
116
105
154
195
129
-50
-243
-307
-220
-108
-91
-194
-350
-472
-466
-324
-204
-217
-310
-356
-340
-276
-156
-31
21
-13
-23
14
94
176
227
223
179
161
167
202
248
269
232
181
181
191
166
115
119
139
112
53
27
32
13
-36
-53
-23
6
20
-5
-63
-108
-102
-41
5
-20
-99
-198
-228
-196
-160
-165
-216
-299
-374
-385
-350
-310
-295
-284
-297
-345
-375
-332
-254
-194
-170
-166
-189
-202
-151
-54
21
33
53
83
106
138
188
233
226
200
200
181
137
103
87
45
-17
-38
-50
-76
-118
-147
-143
-122
-101
-83
-48
8
59
46
46
133
261
347
377
379
380
366
394
471
522
522
478
445
423
421
451
467
452
390
305
237
238
262
226
153
99
60
-17
-80
-66
-22
-57
-151
-248
-279
-236
-169
-155
-241
-302
-280
-249
-252
-220
-158
-202
-290
-303
-226
-179
-198
-185
-176
-205
-234
-190
-118
-103
-97
-67
-22
-9
9
35
69
107
124
154
183
205
168
94
68
100
115
57
-33
-106
-149
-142
-107
-97
-151
-234
-284
-289
-280
-250
-227
-255
-328
-381
-360
-333
-302
-273
-239
-226
-233
-230
-207
-142
-57
4
-6
-42
-30
28
65
86
135
146
88
20
32
87
98
79
57
15
-54
-87
-71
-22
6
-35
-77
-71
-17
-12
-13
9
10
10
40
117
148
121
113
165
205
230
276
306
296
287
323
363
371
374
406
427
411
400
394
397
418
432
411
360
304
283
304
329
311
243
213
251
283
236
163
153
151
112
61
38
-1
-84
-141
-139
-138
-198
-259
-266
-254
-256
-257
-247
-260
-295
-275
-190
-111
-81
-96
-131
-139
-87
-10
48
67
61
27
-28
-52
-29
9
22
-7
-77
-140
-160
-156
-168
-193
-213
-259
-344
-367
-342
-336
-362
-384
-391
-407
-393
-331
-284
-295
-287
-231
-204
-186
-98
-16
-21
-41
-2
46
48
69
104
93
40
33
51
44
38
34
20
-16
-20
-12
-6
12
29
13
-17
9
58
91
100
112
103
100
131
165
184
209
221
172
120
123
148
160
149
134
107
45
3
-7
-3
13
29
28
-12
-56
-68
-43
-20
-14
1
10
-8
-16
7
40
72
83
74
47
41
80
136
151
114
88
71
54
59
81
80
26
-51
-80
-78
-56
-26
-25
-52
-116
-156
-139
-65
14
56
40
-33
-86
-43
58
153
178
138
76
39
78
155
207
204
169
129
87
67
75
100
86
37
-28
-89
-124
-118
-91
-95
-107
-147
-184
-184
-133
-77
-68
-65
-70
-84
-77
-45
-26
-36
-50
-46
-61
-96
-82
-43
-59
-104
-111
-89
-92
-110
-121
-130
-134
-138
-144
-160
-167
-177
-176
-148
-124
-101
-88
-86
-87
-62
-22
34
100
143
166
170
195
245
302
329
346
358
347
336
326
318
306
294
272
234
177
132
116
110
96
69
31
-9
-12
5
-2
-35
-53
-46
-59
-98
-125
-116
-111
-139
-161
-159
-171
-180
-156
-100
-79
-77
-79
-77
-59
-28
16
42
41
1
-41
-73
-70
-35
-12
-21
-63
-118
-150
-124
-71
-39
-25
-21
-27
-51
-56
-24
-16
-24
-23
-29
-47
-88
-118
-128
-130
-125
-125
-136
-164
-172
-149
-95
-28
4
-13
-31
-7
45
98
131
141
119
98
106
125
138
143
141
113
83
72
77
88
103
120
103
51
11
16
27
24
8
-22
-65
-110
-114
-93
-97
-134
-160
-172
-172
-154
-104
-79
-91
-93
-62
0
46
79
121
146
132
129
163
214
233
214
185
172
168
177
191
191
179
176
186
198
196
184
174
157
141
119
91
61
30
0
-56
-106
-123
-142
-162
-170
-145
-132
-159
-173
-155
-114
-82
-61
-44
-40
-38
-20
-2
7
1
0
1
-18
-19
-14
-3
10
19
28
21
9
3
18
33
29
4
-41
-75
-101
-105
-90
-109
-172
-240
-293
-323
-337
-318
-294
-307
-331
-343
-329
-298
-262
-211
-182
-167
-151
-117
-69
-18
21
44
34
15
17
45
94
124
136
154
180
184
175
173
194
227
238
227
200
168
150
138
114
90
58
21
-21
-55
-58
-48
-26
-14
-27
-39
-19
16
54
83
93
100
102
107
113
120
138
146
136
126
115
121
135
144
164
167
177
194
199
189
169
153
157
174
171
146
129
112
79
29
-11
-15
-28
-89
-148
-167
-162
-180
-203
-198
-188
-196
-220
-213
-184
-165
-171
-166
-150
-130
-112
-86
-69
-79
-93
-86
-44
-8
28
50
67
103
136
164
167
169
188
200
203
187
162
123
78
55
34
3
-44
-109
-151
-173
-169
-156
-190
-240
-292
-322
-305
-267
-235
-254
-284
-295
-303
-285
-242
-197
-179
-193
-188
-156
-121
-82
-30
2
3
9
42
79
101
108
100
87
73
76
78
71
65
49
27
7
13
21
18
13
22
28
30
44
54
55
68
93
118
146
153
158
152
145
167
198
209
205
210
215
206
216
248
268
254
250
265
268
262
250
253
236
197
183
179
163
140
129
114
84
51
31
19
4
-13
-47
-90
-116
-134
-160
-172
-175
-180
-211
-240
-243
-254
-272
-280
-269
-255
-246
-223
-204
-200
-186
-149
-105
-74
-53
-22
18
50
75
102
116
118
125
138
146
155
154
147
133
113
95
73
47
18
-6
-21
-25
-46
-78
-115
-140
-154
-165
-164
-177
-197
-200
-189
-173
-166
-161
-140
-133
-128
-100
-59
-45
-47
-31
4
31
59
81
61
26
12
19
24
13
-11
-27
-60
-76
-65
-50
-48
-62
-81
-91
-76
-50
-34
-24
-9
4
14
39
87
118
122
130
160
190
202
225
260
267
255
253
258
267
273
287
301
276
237
216
205
190
172
167
148
102
63
46
35
24
16
-4
-38
-58
-53
-53
-55
-62
-68
-77
-95
-104
-109
-112
-125
-136
-144
-147
-158
-170
-166
-166
-174
-181
-188
-194
-189
-173
-156
-146
-134
-131
-123
-107
-99
-90
-76
-52
-30
-9
-1
7
16
26
44
71
76
53
35
36
50
53
54
52
30
-2
-14
3
21
12
-7
-11
-12
-19
-15
8
21
6
-6
-4
13
28
46
50
38
33
43
59
67
66
54
37
16
-4
-3
-14
-44
-74
-106
-117
-120
-123
-137
-136
-131
-124
-112
-99
-90
-84
-65
-42
-15
7
23
56
92
109
133
150
160
172
185
206
227
237
242
250
248
246
246
241
228
214
202
183
161
130
103
73
43
16
-10
-20
-28
-41
-46
-45
-48
-60
-65
-55
-39
-18
-4
6
9
3
4
4
-2
-17
-17
-22
-30
-39
-52
-59
-70
-76
-85
-96
-100
-99
-102
-107
-109
-106
-107
-115
-118
-118
-121
-117
-117
-118
-117
-118
-112
-105
-104
-106
-107
-115
-115
-103
-98
-102
-108
-111
-112
-108
-102
-90
-77
-68
-70
-69
-66
-56
-43
-28
-17
-5
9
28
51
50
42
42
44
55
54
52
50
38
25
25
11
-10
-29
-34
-40
-45
-48
-53
-66
-81
-82
-68
-45
-33
-14
-1
12
33
46
57
66
76
84
92
111
136
150
148
156
166
187
213
225
230
224
215
204
200
202
201
193
168
146
130
114
98
74
49
22
-2
-23
-37
-45
-53
-58
-65
-69
-74
-73
-71
-70
-67
-67
-75
-84
-84
-75
-63
-53
-53
-57
-61
-65
-64
-50
-33
-27
-23
-14
-7
-17
-24
-25
-23
-28
-33
-31
-34
-37
-38
-44
-59
-71
-73
-67
-66
-65
-52
-50
-59
-59
-56
-59
-67
-60
-50
-51
-54
-51
-48
-46
-41
-32
-15
-4
1
15
33
47
53
59
65
59
51
52
48
38
32
18
-1
-21
-38
-51
-53
-58
-67
-75
-91
-92
-83
-72
-66
-60
-54
-57
-40
-17
-5
3
11
6
2
9
31
52
56
55
62
60
61
77
100
121
129
140
156
169
182
192
190
186
184
187
193
184
169
149
131
118
109
106
100
83
69
67
70
71
70
54
34
13
-6
-13
-12
-28
-50
-75
-97
-103
-110
-120
-128
-128
-131
-130
-124
-116
-106
-98
-87
-75
-64
-64
-59
-58
-66
-66
-66
-66
-73
-82
-86
-87
-99
-103
-95
-101
-104
-99
-96
-93
-82
-72
-73
-75
-79
-72
-62
-59
-58
-53
-49
-55
-56
-48
-44
-38
-26
-17
-3
19
31
38
49
60
75
78
77
74
62
53
51
46
27
10
-1
-6
-12
-14
-9
-8
-18
-22
-5
9
17
17
25
31
34
38
34
31
32
34
38
28
24
24
22
24
29
40
47
52
53
57
55
59
69
76
82
77
78
76
69
63
59
51
38
32
32
30
28
28
21
11
19
29
36
39
36
27
22
16
14
9
-6
-25
-41
-51
-62
-63
-66
-79
-95
-99
-90
-75
-65
-55
-48
-51
-52
-41
-26
-26
-24
-23
-26
-33
-37
-32
-31
-39
-44
-36
-32
-31
-29
-22
-20
-18
-10
-3
0
-1
1
1
4
5
1
-2
-9
-6
-1
4
3
0
-9
-17
-16
-5
11
22
26
22
15
16
30
36
34
24
14
1
-9
-10
-15
-24
-41
-55
-58
-65
-64
-55
-48
-45
-43
-39
-32
-28
-20
-6
-4
-3
0
4
6
2
4
13
23
30
40
57
65
72
84
92
93
98
112
123
130
132
132
127
117
110
110
114
110
104
98
90
83
83
82
76
70
55
49
45
42
35
24
18
12
6
-2
-6
-11
-28
-37
-44
-56
-73
-87
-95
-99
-102
-107
-105
-107
-107
-99
-91
-85
-84
-81
-77
-81
-83
-77
-71
-81
-91
-103
-111
-107
-99
-86
-82
-80
-75
-61
-45
-37
-28
-26
-25
-28
-27
-20
-18
-17
-17
-24
-26
-20
-7
7
16
19
19
25
36
42
43
47
46
43
44
43
49
39
28
26
20
18
18
24
23
18
7
-1
-24
-37
-48
-56
-47
-43
-37
-29
-27
-27
-17
-8
8
11
11
22
29
32
32
35
32
39
51
67
80
102
126
139
142
139
149
150
158
171
175
171
163
140
121
105
97
94
83
88
90
65
44
29
4
-4
-6
3
3
-18
-33
-52
-72
-81
-82
-88
-93
-100
-111
-111
-109
-105
-98
-90
-91
-100
-109
-112
-104
-97
-88
-90
-111
-124
-131
-131
-121
-119
-119
-122
-115
-120
-117
-105
-95
-90
-91
-86
-94
-81
-69
-55
-39
-32
-21
-23
-24
-21
-8
1
3
-7
-10
0
-6
12
37
58
82
99
115
126
134
125
130
116
109
99
103
98
62
39
36
33
8
-5
-17
-33
-38
-43
-50
-56
-54
-46
-40
-40
-31
-35
-25
-8
2
-7
-13
0
-29
-31
-7
13
26
43
48
36
38
57
69
59
61
56
54
57
70
99
99
89
82
74
81
102
97
104
106
133
116
147
151
276
573
194
-67
-5
105
125
235
335
200
128
-87
374
553
-107
-295
201
320
-181
166
303
-570
-688
41
254
-152
-208
217
210
-350
-524
-427
-546
-364
-80
-141
-268
-183
-127
-225
-258
-257
-141
-23
-50
21
121
-169
-505
-590
-183
70
147
220
84
116
-200
-309
-185
-160
-5
148
401
-58
-455
-324
-322
-326
-174
160
271
32
-65
-169
-275
-237
-138
131
258
322
246
-134
-234
-187
-123
232
544
597
370
173
4
-130
-21
273
535
539
396
208
-22
-214
-176
-13
108
198
128
-62
-327
-444
-433
-263
-43
63
48
-133
-300
-349
-264
-52
155
235
245
167
79
51
76
172
264
322
315
217
82
7
23
112
200
217
135
4
-102
-132
-92
-75
-26
-24
-103
-186
-229
-259
-240
-184
-122
-72
-96
-122
-147
-163
-101
0
98
140
108
77
50
57
126
166
155
149
135
74
24
0
11
14
-16
-34
-32
-77
-100
-80
-74
-100
-124
-125
-139
-170
-187
-111
-46
-16
-10
-10
-31
-54
-36
28
123
141
144
170
206
193
137
137
176
195
194
167
110
59
25
13
-2
-18
-37
-48
-59
-64
-66
-72
-63
-31
-26
-40
-31
2
45
77
105
125
114
80
87
110
135
135
141
154
146
107
61
66
84
86
60
46
25
-35
-88
-95
-76
-61
-54
-37
-31
-62
-105
-105
-59
-34
-7
32
53
46
14
7
52
90
121
156
168
137
81
47
42
37
42
57
63
42
-20
-81
-123
-152
-136
-103
-85
-90
-118
-144
-169
-170
-156
-117
-85
-79
-87
-120
-135
-139
-121
-91
-87
-79
-62
-54
-53
-44
-7
22
59
81
81
56
14
-13
3
40
44
59
69
49
-11
-65
-78
-60
-50
-29
16
40
18
-19
-25
2
33
39
83
141
120
63
46
38
36
44
54
46
43
39
10
-10
-11
22
33
25
40
43
36
19
20
35
25
2
-2
4
4
2
8
15
20
33
43
23
-4
-35
-39
-16
3
36
42
37
20
7
6
-14
-49
-46
5
22
5
0
0
-10
-15
6
39
53
47
56
63
49
28
16
38
36
18
3
-6
-19
-38
-38
-22
-8
2
2
3
-5
-18
-8
7
-1
-20
-38
-51
-71
-79
-71
-72
-71
-70
-83
-118
-132
-141
-154
-132
-79
-48
-56
-81
-93
-90
-99
-93
-52
-36
-39
-39
-32
-31
-44
-48
-34
-18
-23
-20
-20
-39
-81
-93
-60
0
31
23
13
13
9
-7
13
52
81
80
55
57
64
23
-13
17
65
68
49
45
49
35
27
24
43
77
115
151
125
103
97
98
119
127
129
110
86
65
56
51
42
37
30
38
51
40
5
1
9
5
3
5
16
9
14
16
6
-14
-23
-23
-24
-10
-35
-44
-36
-28
-12
-8
-6
-6
-2
-4
-8
-24
-32
-22
3
17
5
-10
-19
-9
-20
-33
-21
-11
-3
-33
-37
-16
-11
-18
-11
28
20
-27
-48
-38
-29
-42
-47
-24
1
-2
-12
-12
-14
-40
-32
-7
11
12
-12
-15
-11
-31
-46
-32
-4
-5
-29
-41
-24
-33
-67
-60
-24
-18
-31
-31
-14
6
-32
-50
-41
-29
-8
-13
-21
-23
-37
-68
-71
-47
-18
-13
-33
-17
-2
-3
-17
-18
-1
12
18
17
21
8
-4
3
16
26
19
34
38
17
-18
-24
-16
-20
-13
5
33
34
27
23
38
34
28
35
54
57
34
24
9
4
4
8
16
15
11
2
-13
-9
3
15
14
11
20
22
8
-1
6
4
6
25
35
19
9
12
21
23
23
30
33
33
12
-2
-12
-3
2
-4
-1
-4
-11
-26
-32
-16
-9
-14
-26
-30
-30
-32
-39
-42
-35
-31
-42
-44
-28
-32
-32
-29
-17
-19
-26
-23
-25
-28
-25
-15
-8
-9
-8
-3
-12
-29
-39
-24
-9
-16
-20
-21
-13
-11
-29
-22
-19
-15
-9
-4
11
17
17
10
6
19
22
15
11
18
30
12
-4
14
23
20
26
45
49
37
38
45
54
52
54
63
52
43
36
31
28
16
12
20
17
-2
-16
-15
3
-4
-9
