-140
-138
-131
-125
-115
-110
-99
-94
-81
-68
-53
-33
-17
10
28
53
75
96
119
135
159
177
196
214
232
247
254
264
270
272
269
268
268
262
255
248
237
221
207
191
179
163
152
139
124
110
97
90
77
72
69
68
68
67
73
71
70
65
62
56
48
47
39
31
20
11
-7
-26
-44
-65
-84
-104
-119
-138
-154
-170
-181
-192
-208
-213
-220
-225
-232
-230
-229
-228
-225
-223
-219
-216
-206
-197
-194
-188
-192
-201
-206
-210
-221
-229
-235
-236
-244
-250
-247
-252
-251
-245
-238
-234
-219
-197
-161
-115
-76
-27
19
72
114
174
232
266
308
350
396
413
451
480
480
488
495
505
481
462
433
386
332
285
238
183
130
97
69
28
-11
-35
-63
-90
-104
-97
-82
-62
-32
6
32
58
99
138
194
228
275
304
339
372
376
390
363
365
341
327
310
264
238
174
129
58
-5
-58
-121
-169
-230
-263
-308
-344
-365
-382
-383
-389
-371
-356
-323
-295
-269
-236
-211
-171
-153
-138
-101
-93
-93
-79
-87
-73
-90
-77
-84
-105
-127
-167
-200
-246
-265
-316
-338
-377
-433
-451
-496
-536
-550
-560
-563
-579
-585
-578
-583
-568
-553
-474
-375
-293
-254
-172
-92
-103
13
144
202
220
329
483
450
503
591
605
553
605
715
640
614
620
601
476
395
379
290
202
129
113
46
-47
-96
-103
-152
-235
-223
-174
-177
-184
-94
-44
-70
-44
52
80
52
112
200
236
247
315
373
344
321
344
352
306
284
305
299
266
260
274
247
167
158
152
128
91
94
120
59
36
40
30
-17
-30
16
13
-1
19
38
17
-30
-23
-17
-43
-48
-15
-18
-44
-33
-17
-34
-85
-87
-75
-91
-96
-78
-80
-118
-140
-151
-185
-236
-252
-253
-268
-288
-264
-268
-287
-288
-304
-317
-355
-352
-337
-358
-362
-354
-346
-390
-409
-438
-474
-462
-481
-425
-448
-467
-466
-497
-513
-533
-525
-534
-482
-391
-324
-311
-281
-175
-188
-147
-4
49
63
144
323
326
324
443
486
451
475
605
604
564
592
612
562
491
492
461
381
310
290
261
210
152
145
130
65
37
85
97
60
114
202
196
171
228
257
205
214
280
302
286
332
387
378
355
360
370
313
294
305
323
287
265
276
231
184
115
123
98
53
58
49
19
-38
-38
-55
-126
-169
-137
-137
-155
-145
-139
-150
-194
-199
-200
-216
-221
-199
-182
-177
-175
-180
-182
-195
-190
-149
-135
-127
-109
-82
-77
-83
-92
-85
-99
-132
-93
-122
-166
-109
-155
-147
-176
-188
-180
-218
-172
-206
-170
-190
-174
-203
-205
-194
-277
-203
-216
-261
-232
-202
-190
-256
-210
-202
-260
-246
-253
-249
-272
-235
-130
-131
-125
-103
-89
-52
-52
3
102
114
123
229
261
238
278
333
361
356
416
499
457
449
476
468
403
387
408
355
300
280
259
185
122
72
37
11
-29
-13
6
-14
-42
-10
-12
-68
-57
-17
-28
-31
24
76
60
66
112
113
93
91
119
107
80
85
105
89
73
74
77
35
5
18
22
6
-14
8
15
-23
-35
-22
-20
-60
-46
-12
-27
-39
-14
-31
-41
-72
-71
-48
-118
-70
-89
-80
-124
-131
-137
-162
-144
-130
-90
-76
-16
-17
-39
17
1
-70
28
-22
-40
81
-49
74
11
-34
35
-78
-9
-80
-46
-102
-68
-117
-192
-157
-149
-231
-281
-129
-237
-270
-251
-175
-286
-375
-175
-297
-350
-280
-259
-281
-350
-225
-302
-362
-253
-299
-282
-197
-199
-207
-108
-134
-100
-32
13
33
34
130
162
182
182
299
306
288
354
406
366
361
417
366
346
303
332
252
220
206
144
146
66
61
46
16
-4
-20
-8
-54
-70
-56
-34
-56
-53
-3
-41
-43
-14
-9
-21
-16
4
18
-6
1
43
10
18
16
39
31
29
77
83
96
96
101
109
99
104
134
106
102
111
110
113
79
107
105
76
82
84
49
35
23
18
-17
-3
-7
-24
-2
-8
22
-27
18
54
-56
80
31
6
131
-29
143
32
-6
92
9
-21
69
39
-53
68
-69
42
2
-147
150
-99
-111
95
-163
-53
-81
-182
-9
-253
-160
-10
-323
-61
-143
-211
-56
-245
-138
-149
-245
-160
-204
-209
-164
-243
-250
-157
-295
-224
-191
-178
-167
-147
-77
-97
-60
-44
5
19
33
88
135
155
168
192
223
197
199
250
227
241
255
241
265
189
197
173
133
117
105
85
54
33
9
14
-18
-35
-21
-48
-48
-38
-27
-16
-29
0
-3
-4
-6
36
62
61
119
142
161
151
186
202
182
199
215
215
223
226
219
228
216
202
198
229
167
163
189
160
154
127
112
128
38
55
84
8
19
29
25
-43
-9
-43
-71
-105
-74
-79
-119
-124
-27
-39
-154
-34
48
-148
-99
33
-37
-156
-42
29
-99
-158
35
-63
-257
63
-137
-122
-54
-114
-115
-191
-131
-148
-308
-131
-110
-363
-192
-78
-383
-151
-227
-197
-186
-332
-32
-282
-271
-81
-261
-309
-194
-341
-292
-338
-294
-232
-369
-251
-211
-313
-217
-125
-191
-112
-94
-107
-83
-65
-10
-53
-18
-1
15
15
41
77
83
108
136
142
168
157
182
180
164
163
127
134
86
90
86
94
78
99
76
80
94
48
101
107
113
122
126
148
156
174
181
188
222
221
244
206
211
228
185
238
212
186
198
210
192
201
202
199
196
161
208
168
150
157
130
88
98
64
67
89
38
26
11
-1
4
-23
49
-50
16
29
-55
-31
-2
-138
-64
37
-231
48
-98
-41
-87
-199
160
-323
-87
106
-254
-53
-26
-112
-145
0
-277
-7
-222
-222
-30
-323
-93
-192
-244
-136
-178
-337
-57
-169
-257
-74
-80
-233
-92
-104
-191
-17
-275
17
-142
-181
-102
-89
-156
-234
9
-226
-177
-77
-146
-104
-109
-117
-44
-47
-2
-68
41
-40
-7
25
18
61
23
139
92
110
118
242
193
222
316
300
290
342
310
317
310
231
289
229
211
173
218
150
142
125
86
97
51
60
94
38
17
64
-2
37
11
62
52
3
125
24
46
63
23
87
45
109
115
122
161
156
164
129
148
117
113
136
73
138
80
4
60
-41
-34
-44
-61
-53
-59
-81
-98
-82
-101
-143
-94
-157
-189
-141
-255
-160
-244
-240
-68
-324
-93
-193
-234
-71
-281
-57
-124
-75
-100
-114
-17
-154
-104
-86
-74
-153
-70
-5
-196
2
-85
-106
-70
-96
-24
-107
-64
8
-56
-102
29
-135
-94
-54
-243
-33
-180
-90
-65
-252
-92
-184
-327
-115
-256
-269
-74
-277
-136
-225
-217
-221
-275
-158
-155
-148
-103
-90
-118
-114
-43
-13
-27
27
79
53
113
100
124
192
172
219
235
311
251
267
303
242
273
235
224
216
196
184
187
131
140
170
141
122
112
142
115
98
131
112
134
107
118
177
68
135
146
129
143
151
151
161
178
137
169
160
144
157
202
147
130
140
132
106
54
87
108
6
44
104
-21
39
11
4
-2
-77
-62
-11
-47
-200
13
-109
-170
-142
-87
-121
-221
-49
-116
-149
-109
-137
-132
-86
-181
-94
-72
-17
-112
-19
-58
-54
-63
-127
95
-103
-12
86
26
-29
11
-51
41
-48
-93
58
-60
-140
-75
-46
-183
-100
-99
-164
-104
-145
-144
-176
-223
-167
-254
-205
-204
-324
-154
-289
-274
-202
-301
-184
-280
-234
-152
-198
-186
-103
-151
-96
-91
-71
-4
-26
40
60
70
115
132
140
201
206
228
241
294
267
275
344
289
327
318
296
320
266
277
250
195
157
122
125
100
86
115
100
85
109
105
94
104
115
125
127
101
162
142
153
178
115
165
118
82
181
91
102
146
83
142
113
81
156
124
64
172
44
65
58
-10
13
-59
-42
-16
-75
-107
35
-115
-62
-42
-107
-30
-139
-105
55
-257
-118
-58
-160
-204
-120
-70
-182
-113
-288
186
-427
-117
114
-373
36
-189
-103
-32
-226
-92
61
-313
33
-75
-275
116
-237
-74
-59
-86
-122
-96
-59
-85
-164
-96
22
-304
-107
-109
-178
-279
-141
-117
-271
-231
-117
-174
-305
-210
-174
-295
-252
-259
-251
-242
-290
-154
-196
-171
-137
-86
-97
-45
-60
-13
35
-32
29
86
111
105
175
223
239
257
334
356
327
375
382
386
313
345
332
264
242
196
217
142
111
100
106
84
36
82
75
51
40
121
100
60
122
109
66
91
116
123
81
99
155
69
141
100
160
176
117
195
151
99
159
83
73
82
43
66
33
4
46
-5
-18
57
-35
9
0
-45
-48
-35
-72
-136
18
-131
-136
8
-163
-95
-79
-55
-216
-32
-136
-113
-119
-94
-58
-177
-28
-96
-63
-174
35
-115
-148
-103
58
-172
-169
76
-73
-161
-72
44
-139
-151
-22
90
-240
-90
234
-290
-97
206
-275
-56
-10
-134
-118
-124
-59
-165
-209
-105
-191
-313
-153
-196
-295
-218
-253
-257
-272
-270
-236
-185
-265
-152
-154
-215
-140
-127
-105
-72
-59
16
100
72
164
162
218
247
175
342
334
250
363
371
296
314
334
301
305
277
232
227
155
133
127
97
67
75
88
67
64
26
53
49
53
31
95
44
90
110
88
113
112
127
114
130
128
155
64
128
127
62
183
93
121
135
48
87
68
50
80
61
19
139
-95
59
69
-136
23
-28
49
-182
29
101
-274
2
-16
-228
44
-126
-241
120
-227
-272
103
-246
-139
-57
-119
-28
-90
-141
36
-117
-265
45
-125
-72
-44
-29
-3
-92
-116
-13
10
-224
60
62
-174
-73
98
-223
-190
126
-311
-45
15
-203
-128
-152
-103
-389
-276
-47
-397
-325
-81
-391
-304
-280
-423
-213
-361
-368
-94
-241
-232
-136
-162
-220
-129
-92
-52
-12
30
171
126
198
197
236
297
302
311
402
388
320
434
367
279
288
299
258
216
247
222
159
119
91
26
23
-33
1
66
41
26
40
80
-51
36
91
35
114
106
227
125
112
174
100
151
133
200
195
165
194
115
132
124
88
123
173
202
111
200
118
121
121
74
141
68
167
106
-24
128
36
-142
66
-9
-217
49
-33
-137
-131
-19
-138
-367
57
-232
-247
6
-226
-52
-333
-77
-98
-387
24
-235
-73
-243
-109
-41
-231
-23
-208
31
-164
-159
66
-96
-200
14
-99
-142
-67
-189
51
-120
-197
-41
-124
-123
-334
-109
-22
-424
-245
56
-388
-372
-153
-267
-431
-367
-192
-424
-341
-328
-324
-191
-387
-223
-151
-246
-165
-76
1
-31
53
78
178
127
164
254
306
364
294
506
353
365
408
360
395
287
396
359
275
252
241
144
128
125
103
126
107
76
109
64
31
29
57
37
57
99
90
120
176
155
50
237
105
70
185
147
187
138
156
226
80
75
218
120
165
211
198
155
120
121
78
109
70
106
109
88
48
66
-41
-123
109
-179
-97
129
-181
-5
-209
18
-108
-455
236
-176
-376
79
-100
-279
-154
-192
-80
-378
-45
-79
-217
-74
-37
-102
-364
253
-266
-257
274
-165
-107
104
-89
-103
-70
-116
85
-233
32
112
-345
-17
76
-450
-27
-96
-313
-101
-215
-134
-404
-236
-213
-532
-303
-322
-344
-429
-427
-136
-451
-301
-72
-322
-193
-112
-64
-78
32
95
13
133
169
187
206
353
345
352
441
473
430
361
513
434
335
431
376
279
312
175
186
110
49
51
27
31
-47
18
-19
-11
-72
-2
-29
-7
-36
-14
133
48
19
152
176
-9
189
139
167
236
71
234
250
77
188
267
79
212
198
141
236
198
207
231
136
126
177
82
137
152
158
90
49
87
-105
88
-117
-44
31
-83
-40
-134
-67
-359
-158
-160
-323
-255
-120
-329
-201
-386
-169
-365
-311
-96
-217
-135
-282
-12
-251
-196
-125
-128
-56
-143
-44
58
-156
-239
-43
-54
-199
-194
98
-247
-190
-159
-244
-235
-251
-237
-177
-153
-470
-52
-493
-357
-276
-568
-280
-382
-544
-366
-500
-432
-280
-354
-198
-264
-219
-169
-126
-51
45
82
50
213
211
244
329
398
457
480
605
613
596
555
532
535
497
534
474
483
443
275
298
136
142
89
85
135
17
34
-38
-43
-98
-39
-6
-14
3
-12
78
-30
44
52
118
57
108
246
163
201
179
211
176
207
145
259
213
164
253
176
232
139
143
243
171
76
235
176
90
143
123
151
41
77
40
84
-77
-15
-5
-109
-193
-116
-147
-275
-156
-278
-140
-221
-390
-82
-259
-429
-94
-321
-99
-276
-225
-15
-355
-82
-254
10
-190
-150
85
-203
14
-173
57
-148
-91
9
-76
-66
-61
-157
-170
-183
-214
-107
-319
-50
-410
-319
-286
-542
-346
-468
-304
-557
-455
-496
-613
-483
-453
-251
-263
-294
-307
-208
-212
-178
118
80
130
195
297
324
284
436
551
663
668
739
769
662
540
613
590
508
570
535
461
254
207
94
30
5
-68
68
-84
-82
-147
-197
-225
-258
-127
-98
-51
-92
-41
-45
-122
-51
-30
50
180
157
262
222
84
195
122
179
224
237
252
206
204
97
172
188
197
200
236
251
188
166
197
215
171
147
270
170
54
39
1
18
-92
-19
-3
-125
-103
-207
-221
-169
-336
-196
-206
-265
-342
-309
-294
-241
-282
-234
-94
-262
-219
-96
-159
-133
-75
-114
11
-145
7
-3
-91
23
-75
1
-19
-229
30
-80
-282
-53
-200
-227
-366
-331
-311
-576
-471
-454
-622
-689
-608
-749
-793
-679
-608
-464
-381
-399
-508
-417
-318
-260
39
282
205
105
227
357
342
447
765
918
889
870
952
872
699
816
956
979
883
778
679
446
270
173
258
218
35
14
-79
-246
-411
-357
-301
-291
-278
-252
-251
-405
-457
-356
-245
-224
-152
-75
-50
-120
-138
-9
117
99
248
311
297
209
173
258
223
263
294
452
377
346
240
249
264
162
363
380
284
172
60
144
-19
-27
55
31
-20
-160
-101
-209
-325
-226
-219
-188
-330
-331
-302
-414
-357
-368
-316
-378
-362
-354
-348
-319
-242
-245
-116
-253
-140
-85
-145
118
-165
59
91
-220
146
16
-37
-4
-184
90
-160
-216
-67
-369
-243
-409
-505
-271
-653
-645
-667
-744
-839
-935
-713
-775
-767
-562
-403
-599
-638
-338
-263
-102
53
326
238
-19
318
569
731
751
1024
1148
901
969
1132
1193
1136
1113
1273
1142
899
797
730
715
491
475
463
228
-44
-128
-74
-170
-236
-240
-247
-347
-456
-388
-358
-404
-379
-333
-220
-292
-279
-181
-86
-22
-3
151
182
124
172
311
335
307
368
388
382
334
317
383
352
448
455
417
247
218
316
280
381
364
261
73
-53
82
22
-29
6
3
-90
-302
-238
-239
-290
-230
-229
-251
-460
-488
-399
-406
-377
-500
-372
-403
-539
-398
-365
-339
-334
-238
-152
-250
-96
-47
-51
-54
-82
-51
-14
-70
-3
-91
-205
-171
-322
-218
-233
-355
-346
-519
-541
-538
-795
-758
-630
-822
-940
-895
-886
-1025
-751
-449
-552
-784
-648
-402
-341
-116
217
271
2
78
443
655
710
861
1050
1008
899
1070
1221
1296
1235
1254
1251
1007
920
901
934
803
548
467
323
104
13
39
16
-109
-253
-350
-369
-337
-368
-290
-281
-390
-469
-411
-298
-303
-224
-125
-98
-149
-132
-46
60
138
168
211
177
105
154
229
326
294
296
325
234
308
194
579
401
432
321
197
489
175
515
390
296
158
-95
255
49
47
68
-85
-26
-380
-195
-134
-335
-197
-460
-313
-540
-576
-376
-475
-397
-609
-466
-436
-509
-324
-307
-225
-318
-261
-103
-164
-42
-57
51
-52
-125
-6
-4
35
-65
-4
-196
-315
-357
-382
-309
-481
-532
-672
-835
-908
-921
-895
-951
-1052
-1138
-1099
-837
-657
-702
-871
-851
-591
-440
-135
142
90
-174
-116
442
806
793
894
1042
1051
971
1211
1566
1532
1353
1351
1407
1239
1122
1186
1260
966
654
573
530
366
240
279
143
-93
-277
-209
-117
-130
-206
-268
-336
-478
-427
-252
-142
-234
-304
-293
-236
-228
-128
64
68
-7
-14
72
110
142
210
275
192
87
109
207
335
179
355
417
363
319
223
587
311
464
431
436
361
58
333
239
206
68
-24
81
-134
-95
-7
-149
-242
-454
-304
-311
-427
-359
-475
-445
-674
-601
-474
-487
-459
-512
-386
-420
-359
-198
-122
-63
-130
-88
15
-24
35
-10
52
-45
-132
-72
-121
-181
-246
-226
-355
-478
-473
-614
-720
-804
-941
-1000
-1154
-1159
-1207
-1193
-861
-794
-951
-1206
-1068
-598
-363
-197
-98
-169
-445
-310
517
992
802
585
762
1009
1060
1363
1671
1562
1191
1130
1486
1589
1412
1314
1241
915
587
678
840
690
285
39
-6
-83
-119
-36
-24
-211
-433
-457
-341
-249
-294
-297
-350
-468
-491
-320
-128
-122
-213
-226
-174
-119
-15
83
126
-25
-42
13
137
127
152
146
141
91
149
487
366
444
178
426
400
328
601
482
509
143
276
437
253
299
169
149
7
-162
88
-4
-122
-294
-372
-241
-443
-321
-381
-452
-586
-673
-443
-468
-463
-524
-533
-450
-444
-293
-180
-160
-175
-220
-31
-20
12
-24
9
-1
-95
-28
-53
-84
-272
-294
-275
-312
-481
-623
-669
-855
-991
-986
-958
-1147
-1267
-1032
-734
-818
-1135
-1154
-746
-364
-330
-177
-109
-315
-360
251
1004
913
600
686
1110
1314
1357
1627
1671
1360
1174
1491
1751
1574
1274
1195
1068
823
760
894
853
399
66
41
142
116
-11
-104
-282
-433
-410
-260
-211
-326
-474
-506
-439
-390
-331
-270
-292
-375
-362
-223
-88
-99
-126
-136
-131
-85
34
135
104
-9
-12
117
179
179
249
300
150
158
303
475
297
251
374
334
291
269
388
223
22
81
139
98
-66
-113
-67
-229
-306
-292
-275
-355
-482
-455
-499
-567
-582
-543
-519
-616
-617
-535
-458
-432
-460
-386
-318
-265
-201
-128
-109
-147
-130
-87
-25
-53
-119
-134
-192
-189
-318
-318
-385
-458
-575
-709
-784
-864
-852
-959
-1079
-1135
-1023
-702
-568
-889
-1203
-994
-335
-130
-170
-144
-230
-365
-4
944
1184
641
439
956
1451
1457
1490
1650
1435
1207
1432
1855
1778
1317
1136
1072
989
856
950
907
513
69
-12
221
299
109
-180
-345
-354
-283
-169
-116
-282
-457
-544
-378
-213
-233
-301
-351
-334
-295
-191
-60
-43
-142
-204
-129
6
123
118
89
-12
-40
89
222
291
97
284
278
248
240
344
595
215
319
443
394
236
92
421
234
-48
10
79
154
-164
-159
-8
-280
-321
-316
-134
-270
-514
-406
-445
-469
-557
-468
-367
-487
-532
-491
-309
-273
-344
-241
-179
-122
-116
-5
60
-5
-25
-14
90
30
-111
-169
-145
-203
-320
-410
-424
-500
-704
-823
-874
-907
-1094
-1169
-1167
-1229
-1070
-760
-737
-1229
-1490
-874
-226
-229
-336
-260
-353
-461
215
1153
987
317
407
1196
1581
1510
1596
1544
1273
1236
1705
2019
1723
1218
994
1050
1056
1050
1018
765
297
-22
92
424
385
-62
-400
-425
-258
-171
-159
-265
-468
-598
-491
-219
-127
-255
-404
-396
-272
-120
-40
-2
-39
-151
-140
8
212
208
145
36
81
137
291
349
275
116
89
499
414
439
134
334
354
210
566
420
283
-75
146
488
157
-5
-62
1
-8
-214
35
-110
-406
-399
-346
-140
-436
-486
-423
-505
-512
-551
-310
-338
-521
-501
-416
-203
-218
-206
-157
-201
-130
-83
99
0
-82
-103
-69
-20
-168
-204
-298
-389
-499
-516
-548
-721
-901
-999
-1017
-1091
-1242
-1333
-1336
-1310
-998
-785
-1078
-1472
-1198
-420
-251
-338
-243
-195
-422
-102
898
1202
614
372
986
1496
1515
1514
1658
1399
1153
1450
1907
1829
1283
992
945
949
926
881
731
338
-62
-90
167
298
12
-390
-471
-345
-226
-215
-265
-403
-540
-506
-311
-152
-215
-376
-408
-284
-144
-49
-23
-23
-100
-165
-40
148
252
182
76
39
126
268
377
267
190
22
319
551
473
277
42
368
278
449
526
314
37
-183
285
433
109
-82
-141
19
-38
-62
78
-252
-415
-405
-165
-58
-351
-366
-389
-358
-344
-241
-61
-177
-333
-311
-119
81
49
6
-22
-12
25
127
205
59
-74
-143
-28
-14
-81
-225
-405
-504
-584
-612
-683
-822
-1005
-1234
-1245
-1228
-1316
-1353
-1334
-1020
-892
-1143
-1366
-1129
-431
-338
-328
-180
-165
-303
-32
960
1254
726
496
1053
1614
1628
1610
1701
1466
1243
1479
1945
1925
1309
956
894
976
918
795
622
217
-114
-194
71
165
-148
-527
-600
-396
-294
-318
-379
-481
-579
-567
-392
-235
-242
-345
-361
-246
-123
-66
-18
21
-16
-56
-11
179
287
269
147
105
125
274
383
344
206
57
270
331
392
237
245
240
110
261
386
281
37
-39
113
87
-57
-27
-40
-108
-305
-232
-87
-210
-276
-276
-185
-231
-294
-224
-171
-227
-276
-233
-138
-126
-153
-96
-43
-44
-49
7
92
82
17
1
-25
-19
-60
-120
-151
-255
-348
-420
-450
-552
-729
-824
-906
-981
-1102
-1182
-1289
-1389
-1463
-1377
-1324
-1022
-781
-1030
-1341
-1246
-452
-161
-112
-33
-58
-289
-121
930
1466
1019
615
945
1456
1679
1808
1894
1469
1051
1245
1777
1981
1477
936
601
591
712
760
632
171
-332
-491
-238
20
-121
-518
-732
-612
-417
-337
-328
-411
-527
-569
-387
-191
-80
-130
-126
-66
-21
63
151
290
294
199
117
204
361
431
399
291
194
155
288
340
350
76
113
271
260
185
19
233
89
73
207
219
9
-256
-25
165
-73
-231
-211
-96
-122
-246
-68
-173
-322
-320
-149
10
-194
-250
-179
-117
-109
-105
15
-1
-111
-72
65
139
45
-12
21
85
51
14
-6
-90
-139
-256
-241
-315
-430
-550
-650
-672
-820
-881
-990
-1053
-1188
-1269
-1362
-1381
-1452
-1419
-1249
-943
-701
-1044
-1222
-986
-275
-19
60
268
134
-71
216
1225
1608
1163
869
1235
1584
1724
1933
2027
1644
1140
1298
1741
1958
1543
1031
647
464
496
629
622
184
-367
-602
-373
-137
-211
-514
-691
-667
-540
-398
-296
-310
-411
-463
-292
-98
25
78
125
200
196
210
282
479
569
511
380
344
402
494
538
476
309
160
179
245
272
191
218
59
-39
-101
41
148
-86
-116
-146
-204
-323
-279
-81
-229
-433
-436
-290
-185
-288
-235
-188
-352
-399
-277
-40
-41
-163
-179
-185
-162
-115
27
69
-63
-180
-121
70
108
11
-80
-90
-78
-59
-15
-88
-227
-380
-417
-403
-453
-580
-740
-799
-889
-994
-1077
-1137
-1204
-1372
-1453
-1473
-1543
-1585
-1486
-1151
-846
-948
-1194
-1205
-664
-218
-15
257
326
51
-69
687
1526
1507
1148
1187
1446
1564
1833
2207
2091
1472
1113
1368
1762
1735
1379
905
456
190
249
484
397
-64
-568
-663
-506
-404
-439
-539
-565
-598
-567
-436
-290
-220
-217
-172
-85
-32
98
288
489
524
436
358
397
582
753
776
628
443
353
433
557
550
382
173
60
51
78
98
56
-68
-295
-332
-245
-115
-192
-292
-290
-416
-435
-344
-201
-237
-414
-363
-262
-217
-180
-110
-23
-144
-182
-40
62
117
47
86
73
7
33
107
184
71
-20
10
60
27
-63
-69
-70
-128
-164
-210
-287
-410
-464
-446
-519
-641
-818
-855
-886
-915
-969
-1113
-1214
-1278
-1287
-1300
-1376
-1419
-1512
-1433
-1037
-639
-602
-966
-981
-545
-108
193
498
668
340
159
777
1570
1646
1368
1349
1502
1495
1703
2107
2120
1596
1126
1172
1388
1424
1251
984
542
91
-69
89
159
-109
-475
-666
-677
-712
-727
-641
-515
-488
-531
-512
-423
-286
-137
17
126
106
90
220
519
763
769
641
482
505
628
817
856
694
442
299
366
414
379
235
96
-91
-84
-107
4
-3
-164
-297
-448
-281
-303
-260
-218
-296
-417
-519
-368
-240
-239
-195
-186
-199
-192
-140
95
95
66
57
79
128
126
244
258
170
81
79
134
116
104
148
164
84
-66
-113
-79
-14
-48
-125
-288
-446
-483
-428
-361
-477
-675
-792
-840
-844
-857
-870
-927
-1150
-1258
-1291
-1222
-1260
-1326
-1268
-1134
-797
-572
-644
-769
-678
-248
-25
305
689
663
313
339
1067
1510
1411
1399
1546
1519
1439
1699
2031
1829
1337
1095
1134
1173
1057
994
782
356
-72
-227
-157
-221
-402
-568
-611
-695
-849
-905
-723
-498
-454
-510
-491
-417
-332
-138
136
270
206
109
235
519
750
769
696
592
530
547
620
700
633
475
330
258
187
103
61
-34
-100
-130
-279
-370
-421
-363
-361
-447
-405
-532
-559
-475
-346
-267
-426
-472
-433
-332
-171
-117
-10
-24
-89
-40
40
178
169
147
142
99
97
105
126
142
74
-1
-43
-11
12
-13
-43
-106
-197
-234
-211
-190
-257
-404
-489
-497
-484
-540
-613
-682
-741
-829
-835
-799
-821
-994
-1174
-1175
-1191
-1211
-1279
-1220
-1155
-998
-556
-410
-515
-750
-411
-23
213
605
871
721
329
656
1374
1590
1436
1528
1659
1541
1459
1800
1980
1611
1257
1149
1182
951
774
749
562
202
-160
-305
-460
-650
-678
-580
-548
-721
-949
-990
-772
-493
-378
-339
-337
-305
-276
-43
246
357
287
261
440
602
675
700
750
759
697
603
587
567
530
503
442
319
54
-106
-182
-161
-119
-136
-232
-381
-436
-450
-393
-375
-359
-393
-436
-432
-410
-356
-354
-327
-261
-154
-94
-65
5
81
83
92
123
142
105
91
143
154
111
71
52
-7
-88
-107
-54
-13
-63
-122
-174
-235
-283
-278
-228
-234
-337
-415
-457
-468
-496
-544
-573
-623
-671
-740
-760
-749
-797
-886
-931
-969
-1037
-1139
-1136
-1104
-1002
-719
-406
-315
-509
-580
-280
53
269
483
753
760
551
675
1166
1461
1355
1320
1642
1803
1620
1523
1715
1735
1388
1157
1245
1220
850
572
591
550
159
-222
-326
-372
-508
-554
-414
-371
-578
-748
-632
-418
-379
-419
-336
-175
-118
-98
-22
71
97
134
282
423
464
395
386
475
524
457
342
297
314
311
245
152
56
-8
-104
-79
-42
-48
-164
-298
-176
-107
-132
-257
-309
-238
-267
-267
-269
-232
-269
-343
-271
-188
-188
-250
-251
-164
-143
-179
-179
-142
-101
-106
-125
-138
-143
-135
-118
-110
-135
-146
-150
-117
-95
-87
-72
-88
-82
-63
-55
-89
-168
-199
-207
-216
-268
-333
-370
-432
-472
-507
-549
-585
-658
-707
-781
-922
-983
-1044
-1093
-1141
-1111
-975
-845
-670
-554
-502
-496
-420
-201
0
179
360
522
632
716
826
933
1039
1186
1390
1547
1608
1589
1533
1470
1384
1308
1238
1156
1079
962
788
565
337
143
-29
-162
-216
-244
-296
-365
-415
-429
-420
-414
-432
-456
-442
-392
-301
-202
-137
-83
-43
-5
29
64
155
263
363
399
405
387
389
405
407
404
364
349
340
365
384
364
269
156
131
170
160
87
10
-22
-43
-91
-133
-203
-296
-353
-354
-318
-325
-373
-409
-426
-424
-449
-461
-458
-446
-389
-333
-309
-307
-291
-257
-219
-199
-166
-128
-89
-75
-44
-25
4
10
35
64
90
88
18
-15
-90
-122
-147
-170
-203
-278
-329
-417
-485
-571
-582
-586
-694
-837
-942
-1016
-1118
-1184
-1153
-1094
-1103
-1124
-1020
-807
-604
-485
-439
-348
-198
13
214
412
607
736
851
993
1188
1324
1371
1434
1577
1736
1793
1754
1677
1560
1427
1343
1261
1133
905
682
492
287
75
-110
-254
-397
-522
-574
-579
-618
-691
-731
-668
-615
-650
-697
-661
-557
-447
-339
-256
-215
-180
-58
119
228
247
279
405
549
646
656
618
580
543
543
549
533
457
381
402
441
406
261
133
65
51
19
-48
-92
-166
-227
-282
-311
-363
-405
-400
-359
-328
-351
-376
-369
-347
-341
-322
-304
-285
-244
-197
-138
-101
-74
-31
2
11
12
46
81
111
123
142
163
159
129
69
13
-46
-95
-137
-183
-217
-288
-372
-472
-565
-636
-713
-777
-864
-957
-1063
-1171
-1255
-1314
-1369
-1407
-1431
-1389
-1211
-895
-554
-384
-337
-257
-60
180
382
620
861
1042
1181
1309
1461
1566
1596
1674
1804
1901
1877
1765
1651
1514
1345
1140
934
715
471
242
32
-148
-338
-535
-729
-914
-1022
-1038
-995
-969
-968
-921
-785
-649
-589
-566
-478
-309
-112
23
140
280
452
624
730
794
813
833
866
901
930
899
842
766
667
573
451
311
177
97
63
30
-34
-194
-302
-367
-387
-407
-502
-530
-556
-522
-504
-482
-467
-451
-413
-351
-282
-224
-173
-134
-57
-16
23
15
28
67
97
120
118
112
94
64
57
36
0
-53
-93
-104
-117
-114
-136
-162
-230
-281
-332
-351
-380
-434
-450
-475
-481
-536
-606
-645
-710
-802
-875
-926
-963
-1068
-1147
-1187
-1205
-1159
-951
-564
-259
-203
-203
-15
260
439
552
761
1007
1128
1241
1434
1613
1605
1521
1608
1746
1717
1521
1378
1305
1111
852
625
439
220
-26
-218
-421
-665
-870
-1001
-1081
-1205
-1266
-1185
-1068
-993
-920
-722
-461
-295
-197
-36
182
355
482
625
792
908
1001
1111
1185
1211
1167
1113
1044
953
842
702
533
362
232
114
-60
-266
-420
-517
-628
-729
-735
-713
-690
-718
-673
-584
-543
-485
-419
-277
-197
-132
-7
128
224
269
377
522
560
522
498
499
466
355
296
261
173
54
-48
-124
-245
-402
-486
-536
-589
-655
-686
-662
-675
-695
-681
-635
-609
-608
-591
-543
-500
-454
-410
-378
-383
-402
-402
-392
-411
-482
-545
-643
-734
-814
-931
-1019
-1118
-1132
-1060
-725
-330
-177
-270
-179
189
367
420
500
872
954
889
1046
1455
1633
1363
1344
1640
1787
1424
1138
1165
1134
712
331
294
238
-61
-403
-470
-554
-808
-1035
-1106
-1066
-1099
-1086
-945
-775
-573
-354
-70
137
297
483
679
801
896
1073
1225
1293
1295
1402
1445
1348
1207
1075
974
729
485
300
136
-81
-335
-493
-641
-794
-960
-1021
-1129
-1217
-1193
-1101
-982
-959
-776
-575
-415
-283
-164
49
125
196
355
516
609
618
728
861
851
772
709
612
461
254
156
78
-89
-227
-331
-388
-562
-748
-851
-906
-957
-1006
-938
-848
-767
-703
-581
-483
-434
-349
-231
-134
-118
-43
65
121
141
148
147
77
-38
-123
-239
-405
-635
-793
-893
-1063
-1188
-1293
-1315
-1393
-1077
-602
-369
-416
-336
252
419
476
650
1102
1240
975
1284
1753
1879
1490
1546
2076
2116
1589
1300
1522
1291
670
211
303
47
-516
-715
-686
-737
-1212
-1306
-1238
-1229
-1361
-1379
-1115
-938
-690
-441
-32
280
603
841
999
1157
1257
1452
1371
1379
1498
1624
1536
1333
1437
1357
1041
606
392
185
-267
-641
-781
-839
-1153
-1342
-1278
-1141
-1292
-1465
-1350
-1170
-1080
-1077
-746
-454
-211
-42
254
605
653
717
741
919
979
949
920
917
950
865
744
567
461
222
-16
-280
-444
-584
-853
-984
-1044
-1013
-1093
-1129
-1015
-932
-914
-890
-726
-565
-474
-379
-152
91
202
262
324
433
411
313
256
152
95
-80
-171
-287
-486
-636
-911
-1026
-1256
-1475
-1647
-1866
-1881
-2006
-1861
-1287
-913
-604
-438
193
640
600
937
1297
1616
1282
1342
1846
2098
1883
1794
2199
2317
1974
1537
1671
1317
672
65
-61
-221
-851
-1094
-1160
-1128
-1425
-1495
-1473
-1516
-1610
-1544
-1303
-1139
-777
-516
-21
402
929
1330
1427
1651
1805
1936
1761
1608
1713
1714
1510
1328
1433
1405
1018
612
473
175
-430
-910
-1117
-1227
-1575
-1735
-1627
-1494
-1499
-1500
-1285
-1083
-976
-827
-560
-254
27
262
574
812
1093
1281
1306
1332
1326
1362
1155
954
877
785
541
286
207
88
-225
-521
-619
-762
-1036
-1300
-1291
-1258
-1326
-1293
-1092
-865
-778
-633
-371
-172
-68
57
270
453
552
652
751
758
725
703
621
455
217
63
-172
-429
-675
-849
-1080
-1320
-1508
-1665
-1812
-2021
-2084
-2168
-2195
-2110
-1401
-948
-597
-303
413
1089
1029
1570
1911
2266
1789
1774
2233
2243
1952
1663
2138
2101
1760
1327
1423
1039
337
-213
-495
-750
-1490
-1683
-1832
-1832
-2028
-1975
-1770
-1753
-1628
-1434
-1144
-969
-592
-252
134
582
1125
1577
1732
2025
2265
2309
2129
1908
1939
1664
1297
1044
973
794
332
119
-8
-262
-782
-1077
-1245
-1489
-1847
-1995
-1844
-1804
-1688
-1512
-1093
-773
-469
-171
124
427
653
858
1015
1240
1398
1483
1444
1481
1482
1399
1158
947
805
502
132
-151
-304
-580
-898
-1038
-1074
-1205
-1366
-1379
-1293
-1269
-1270
-1124
-895
-736
-557
-319
-31
188
374
619
801
948
1060
1129
1119
1031
924
796
560
324
91
-132
-448
-729
-819
-1031
-1193
-1512
-1622
-1773
-2012
-2094
-2231
-2211
-2279
-2264
-1836
-1053
-623
-170
211
1090
1520
1606
2189
2346
2534
1985
2102
2326
2108
1773
1594
1848
1689
1351
1023
1006
490
-20
-582
-902
-1245
-1784
-1920
-2112
-2065
-2017
-1846
-1697
-1504
-1162
-846
-679
-380
98
385
682
1054
1632
1953
1995
2248
2455
2466
2182
1927
1844
1454
1010
660
461
207
-214
-461
-586
-779
-1071
-1309
-1476
-1604
-1784
-1838
-1800
-1727
-1520
-1298
-990
-578
-185
163
447
779
1148
1274
1363
1438
1486
1457
1266
1166
1061
876
648
439
296
57
-282
-526
-731
-946
-1163
-1352
-1424
-1486
-1500
-1411
-1268
-1065
-870
-662
-385
-105
109
269
423
622
797
900
1041
1169
1286
1269
1206
1143
983
767
453
162
-166
-462
-795
-998
-1188
-1373
-1516
-1749
-1749
-1944
-1949
-2153
-2239
-2183
-2243
-2035
-1911
-1052
-576
-72
416
1137
1871
1858
2377
2584
2811
2350
2149
2319
2093
1745
1378
1604
1510
1247
885
909
653
124
-374
-791
-1076
-1660
-1926
-2146
-2170
-2189
-2073
-1830
-1577
-1180
-826
-469
-166
294
599
772
1080
1449
1753
1771
1867
2095
2124
2009
1787
1722
1489
1060
710
474
245
-239
-581
-739
-823
-1069
-1258
-1283
-1306
-1384
-1470
-1354
-1271
-1193
-1050
-810
-510
-188
92
423
702
1026
1252
1310
1388
1329
1314
1100
880
694
481
229
-29
-159
-280
-502
-736
-804
-917
-1067
-1255
-1307
-1290
-1351
-1300
-1137
-929
-743
-501
-195
129
360
560
747
881
1013
1059
1109
1104
1085
1064
976
858
686
499
224
-39
-316
-581
-906
-1231
-1411
-1618
-1816
-1970
-2012
-2085
-2141
-2184
-2084
-2001
-1973
-1745
-1645
-1032
-487
-35
483
846
1687
1866
2215
2591
2712
2682
2210
2326
2208
1866
1386
1257
1265
1019
685
515
492
34
-313
-658
-827
-1262
-1720
-1882
-2031
-2109
-2159
-1965
-1730
-1417
-1045
-548
-167
260
668
895
1208
1455
1734
1750
1679
1830
1857
1766
1554
1468
1428
1117
846
667
486
113
-271
-440
-563
-844
-1123
-1200
-1217
-1251
-1325
-1212
-1051
-905
-745
-497
-220
-16
135
269
512
722
864
880
983
1085
1080
962
842
790
591
342
103
-18
-203
-476
-652
-701
-778
-941
-1028
-982
-937
-933
-862
-721
-583
-471
-290
-53
156
300
450
630
819
935
988
1033
1060
1029
915
772
605
409
141
-104
-318
-525
-760
-993
-1168
-1277
-1430
-1559
-1667
-1734
-1849
-1954
-1933
-1964
-1843
-1827
-1565
-1344
-740
-172
194
721
1108
1813
1825
2208
2440
2501
2302
1927
2140
1798
1473
1058
1107
996
671
485
421
306
-183
-417
-717
-943
-1421
-1715
-1867
-2044
-2106
-2075
-1829
-1641
-1277
-875
-451
-105
294
670
865
1169
1450
1657
1640
1658
1824
1778
1653
1516
1544
1401
1075
884
725
516
126
-116
-273
-476
-748
-932
-987
-1097
-1182
-1253
-1101
-977
-889
-683
-502
-195
-48
131
315
481
662
699
802
858
869
789
725
683
604
419
250
145
4
-196
-432
-554
-692
-848
-944
-947
-954
-961
-899
-760
-621
-519
-392
-219
-62
43
168
300
442
520
604
662
697
692
650
625
554
427
207
32
-136
-347
-577
-836
-1014
-1169
-1333
-1415
-1507
-1582
-1684
-1763
-1755
-1792
-1854
-1828
-1748
-1535
-992
-664
-178
208
847
1461
1530
2078
2303
2470
2178
1981
2131
1726
1259
959
1032
882
568
431
573
415
111
-76
-271
-509
-1063
-1340
-1561
-1791
-1961
-2004
-1833
-1650
-1374
-968
-545
-166
318
629
902
1166
1391
1578
1488
1587
1684
1604
1512
1419
1494
1328
1071
971
848
643
313
104
-77
-382
-718
-911
-1035
-1163
-1304
-1339
-1161
-1091
-913
-747
-485
-213
-77
178
289
456
526
603
695
725
740
698
711
691
661
527
431
344
222
36
-173
-327
-501
-670
-780
-819
-867
-901
-876
-745
-616
-518
-410
-278
-122
-14
114
234
310
388
459
541
586
575
600
592
556
465
322
169
-65
-236
-447
-620
-836
-1030
-1127
-1210
-1278
-1378
-1399
-1472
-1446
-1576
-1531
-1609
-1620
-1545
-1369
-808
-653
-164
198
893
1282
1491
2055
2207
2314
1976
2097
1971
1545
1150
1005
1008
673
524
472
553
327
207
102
-55
-356
-734
-955
-1251
-1471
-1712
-1712
-1664
-1474
-1204
-881
-480
-102
376
659
951
1241
1449
1505
1440
1531
1471
1289
1141
1114
1079
858
763
710
625
439
250
111
-131
-408
-667
-844
-1030
-1227
-1382
-1342
-1225
-1109
-952
-729
-444
-212
15
209
344
392
431
453
471
463
404
375
418
507
513
492
520
512
397
253
112
-54
-289
-490
-604
-707
-800
-838
-776
-652
-499
-370
-209
-16
131
249
328
374
389
379
412
432
451
468
464
483
486
488
394
262
147
-17
-226
-477
-640
-854
-1044
-1181
-1233
-1281
-1371
-1328
-1310
-1289
-1377
-1366
-1323
-1294
-1281
-1020
-640
-434
-128
252
874
1089
1391
1819
2026
2026
1812
1937
1760
1365
1084
988
846
558
409
430
373
182
126
6
-112
-376
-609
-805
-1114
-1326
-1513
-1557
-1562
-1463
-1217
-954
-650
-248
196
493
805
1128
1360
1354
1299
1384
1260
1057
889
842
749
542
548
574
522
387
291
243
74
-133
-362
-563
-786
-954
-1065
-1106
-1089
-1065
-916
-717
-463
-206
7
170
278
392
427
401
364
336
284
205
217
251
268
276
328
387
331
254
174
58
-117
-298
-439
-567
-666
-690
-644
-577
-464
-311
-106
68
193
315
388
428
404
388
352
268
209
198
229
231
246
260
262
229
157
45
-110
-250
-464
-612
-855
-948
-1095
-1193
-1159
-1273
-1147
-1274
-1149
-1132
-1137
-1037
-1116
-967
-840
-496
-345
-83
215
673
894
1093
1549
1677
1800
1593
1766
1675
1310
1099
954
910
587
441
430
411
227
171
97
11
-229
-520
-618
-863
-1026
-1275
-1354
-1353
-1317
-1131
-963
-691
-351
13
286
592
883
1079
1097
1097
1199
1074
871
742
722
652
461
480
518
463
417
418
450
314
99
-65
-231
-424
-645
-819
-889
-929
-930
-841
-693
-530
-356
-176
7
142
250
278
249
264
262
201
139
171
244
247
254
363
442
407
350
336
273
104
-85
-218
-341
-452
-523
-525
-465
-418
-318
-187
-39
63
124
186
209
196
171
132
59
20
-5
18
17
54
76
77
79
54
24
-107
-233
-363
-507
-697
-829
-974
-1095
-1191
-1242
-1223
-1243
-1192
-1155
-1067
-1006
-960
-892
-821
-772
-546
-342
-221
-6
232
642
721
1003
1356
1467
1494
1431
1671
1510
1204
1060
1032
899
594
488
484
371
169
152
101
0
-261
-388
-456
-678
-856
-1016
-1020
-1086
-1055
-925
-741
-544
-280
-15
204
503
706
889
893
980
1048
913
814
755
757
603
483
539
533
458
400
414
368
190
25
-103
-223
-460
-639
-770
-830
-872
-910
-779
-695
-547
-432
-268
-107
-27
77
123
155
173
193
188
225
272
318
320
376
450
457
422
376
349
226
109
22
-66
-198
-310
-326
-321
-300
-285
-211
-121
-70
3
71
127
108
92
125
101
65
30
60
75
36
54
72
77
38
-16
-62
-165
-273
-396
-546
-693
-840
-951
-1042
-1104
-1115
-1107
-1077
-1000
-907
-789
-719
-658
-537
-456
-348
-208
-50
62
180
418
663
838
1039
1280
1421
1479
1518
1596
1512
1305
1167
1022
847
613
464
371
210
65
-16
-59
-152
-295
-395
-500
-649
-761
-836
-870
-917
-904
-789
-656
-475
-240
1
230
459
673
820
887
964
992
918
838
784
737
630
526
493
454
382
316
262
189
110
-17
-123
-246
-399
-517
-641
-663
-691
-692
-663
-605
-450
-355
-236
-96
15
97
128
206
281
282
272
292
330
311
277
312
339
292
245
223
227
174
73
20
-51
-121
-204
-256
-261
-289
-294
-276
-243
-200
-155
-126
-76
-45
-10
-5
-2
37
24
14
-18
-16
-8
-43
-57
-72
-103
-165
-250
-321
-424
-561
-678
-757
-835
-927
-972
-982
-956
-949
-888
-821
-736
-679
-618
-516
-415
-242
-153
-18
149
364
514
657
903
1067
1166
1200
1333
1357
1210
1098
1043
947
717
543
461
361
165
25
-45
-150
-310
-453
-495
-611
-754
-837
-846
-865
-894
-826
-723
-584
-439
-233
-36
155
366
526
648
730
825
828
785
769
745
657
538
509
478
380
262
240
201
108
-16
-52
-115
-270
-362
-443
-446
-512
-536
-480
-407
-325
-255
-126
-12
83
176
261
314
346
354
363
360
349
337
309
284
256
251
224
187
147
99
48
2
-51
-132
-196
-225
-238
-254
-271
-269
-261
-244
-209
-170
-121
-93
-53
-13
11
34
28
46
61
54
22
-1
-8
-39
-88
-149
-209
-294
-355
-414
-480
-559
-642
-664
-689
-687
-690
-679
-651
-630
-589
-561
-513
-466
-399
-333
-171
-62
54
204
381
603
654
841
977
1057
1088
1063
1123
990
862
798
722
591
446
378
325
199
89
41
-56
-182
-333
-418
-528
-678
-767
-809
-814
-852
-818
-721
-608
-482
-311
-130
24
202
325
442
488
540
566
500
485
452
419
346
310
371
331
310
310
312
283
173
133
75
-50
-191
-293
-333
-395
-468
-457
-400
-345
-279
-178
-43
36
95
168
224
225
206
196
190
155
120
125
119
131
127
152
178
176
170
143
117
72
11
-64
-124
-173
-201
-243
-261
-252
-222
-198
-183
-109
-49
-22
-4
41
63
61
50
58
52
11
-19
-53
-77
-133
-173
-213
-257
-310
-378
-412
-476
-543
-589
-626
-651
-683
-672
-635
-595
-516
-441
-290
-156
-29
118
268
437
503
623
722
781
791
777
804
754
718
697
678
632
578
547
500
410
308
223
100
-62
-211
-335
-480
-612
-708
-757
-796
-811
-753
-668
-559
-453
-320
-201
-94
31
121
186
216
251
287
285
293
306
314
290
306
334
343
328
308
315
238
180
126
51
-46
-162
-212
-287
-342
-351
-323
-281
-257
-174
-66
17
83
150
222
248
249
261
277
253
208
202
202
192
179
196
224
209
211
203
171
118
44
-13
-112
-208
-276
-331
-376
-410
-409
-381
-367
-328
-267
-212
-180
-153
-103
-77
-44
-30
-10
-4
-16
-1
1
2
-18
-25
-32
-61
-103
-139
-181
-244
-305
-368
-402
-456
-499
-510
-509
-490
-478
-428
-362
-298
-231
-144
-38
46
133
226
336
420
503
583
645
688
731
787
805
817
822
810
785
743
707
658
567
475
389
290
174
68
-18
-116
-213
-290
-350
-397
-427
-435
-437
-411
-367
-319
-273
-233
-174
-120
-72
-33
13
50
56
62
62
68
53
42
39
19
0
-20
-35
-67
-109
-146
-182
-222
-270
-304
-324
-346
-358
-346
-322
-296
-277
-239
-185
-131
-86
-47
1
35
47
52
65
65
62
49
30
14
1
7
-10
-33
-61
-95
-140
-178
-207
-251
-299
-348
-368
-385
-390
-368
-328
-292
-267
-218
-152
-82
-24
35
99
152
193
243
281
307
310
312
315
312
311
305
293
263
241
217
185
150
102
53
10
-32
-59
-70
-75
-63
-48
-32
-1
35
70
121
185
232
269
308
352
387
411
444
480
500
518
538
544
542
531
517
478
425
379
340
279
209
142
80
18
-56
-120
-172
-222
-269
-308
-318
-325
-338
-349
-349
-328
-313
-279
-246
-226
-205
-181
-145
-113
-81
-88
-92
-68
-46
-40
-41
-30
-28
-30
-36
-36
-47
-69
-96
-113
-129
-154
-173
-190
-197
-196
-191
-196
-168
-134
-117
-106
-84
-43
-21
-15
-1
21
33
27
23
29
31
22
-1
-29
-52
-97
-131
-151
-189
-237
-275
-292
-307
-313
-310
-301
-300
-297
-271
-232
-206
-178
-146
-108
-58
-1
39
80
118
159
202
230
262
278
297
307
299
285
275
255
228
195
161
130
98
64
20
-12
-39
-49
-58
-63
-51
-25
7
47
95
128
179
238
289
341
384
441
467
506
562
591
624
636
643
631
608
575
530
494
416
316
226
155
76
-18
-110
-187
-260
-326
-362
-388
-416
-458
-479
-464
-456
-450
-436
-422
-397
-366
-333
-294
-257
-229
-202
-168
-125
-101
-81
-54
-43
-37
-51
-48
-50
-62
-82
-138
-147
-141
-157
-189
-218
-215
-215
-209
-198
-189
-156
-129
-126
-97
-59
-37
-18
5
32
42
61
89
121
138
130
125
133
115
84
68
29
-13
-65
-103
-128
-156
-170
-183
-192
-187
-178
-171
-160
-151
-135
-123
-107
-85
-73
-39
-9
28
62
91
130
166
199
233
242
242
245
246
246
223
176
134
92
56
11
-56
-97
-137
-170
-195
-213
-208
-218
-213
-190
-173
-130
-101
-65
-40
-7
51
86
115
138
189
235
270
298
327
346
359
371
364
338
294
249
199
141
70
-1
-66
-128
-189
-237
-273
-302
-329
-343
-351
-361
-361
-360
-343
-325
-305
-285
-264
-229
-182
-138
-109
-70
-27
24
64
105
132
157
183
196
210
212
199
175
164
155
135
110
86
65
53
59
74
95
105
124
146
169
193
204
220
235
252
271
285
301
329
355
366
355
337
330
310
285
237
172
117
55
0
-61
-116
-156
-192
-223
-247
-252
-259
-263
-254
-240
-221
-207
-188
-170
-145
-111
-84
-67
-53
-26
0
22
32
38
51
64
65
50
49
51
41
14
-12
-41
-85
-123
-155
-179
-201
-226
-238
-230
-225
-202
-179
-154
-119
-77
-31
13
55
96
141
177
215
250
276
297
318
333
332
323
298
262
219
165
124
78
33
-32
-89
-132
-175
-201
-228
-254
-282
-306
-328
-332
-340
-328
-327
-328
-321
-302
-265
-233
-214
-195
-174
-146
-96
-70
-45
-38
-24
11
29
47
54
47
40
32
22
12
1
-11
-10
6
21
45
69
87
99
111
133
162
172
175
177
166
159
164
190
201
193
191
212
222
212
204
203
195
175
148
121
84
24
-23
-58
-92
-134
-174
-194
-215
-224
-213
-208
-207
-193
-159
-115
-85
-62
-41
-14
11
36
55
67
88
113
119
108
106
113
120
105
98
83
58
28
-3
-26
-71
-103
-125
-142
-160
-182
-186
-187
-180
-172
-151
-135
-124
-104
-78
-49
-28
-20
7
45
79
106
128
151
178
185
176
165
150
136
89
43
9
-39
-89
-137
-152
-157
-179
-197
-204
-203
-194
-178
-157
-142
-137
-133
-105
-85
-78
-62
-43
-23
-13
-6
28
60
63
72
87
108
113
114
110
97
84
73
72
56
33
12
6
4
0
-2
1
6
10
31
57
85
99
103
108
118
137
145
141
133
123
121
118
113
104
87
78
82
84
67
39
15
0
-24
-40
-56
-78
-110
-136
-141
-153
-169
-181
-180
-172
-159
-133
-102
-83
-65
-43
-13
20
51
80
99
108
114
129
136
137
131
122
114
108
104
96
73
57
51
36
24
10
-8
-27
-38
-35
-27
-36
-43
-31
-9
11
23
44
51
54
61
73
87
86
87
93
106
117
127
125
123
122
115
102
85
70
52
24
-1
-17
-37
-62
-74
-81
-98
-110
-113
-111
-119
-124
-111
-92
-86
-83
-67
-59
-66
-53
-45
-43
-61
-74
-61
-58
-57
-51
-37
-29
-29
-14
0
-8
-16
-15
-11
-19
-22
-5
-2
6
19
36
51
59
80
87
97
119
133
144
134
138
146
148
147
152
156
138
117
106
90
58
30
12
3
-11
-37
-58
-82
-105
-124
-129
-145
-168
-175
-176
-174
-186
-179
-166
-150
-131
-106
-80
-63
-48
-32
-18
-1
13
21
37
44
40
38
31
29
28
14
-1
-15
-27
-35
-49
-64
-75
-74
-75
-77
-76
-82
-78
-69
-63
-55
-56
-55
-42
-25
-17
-2
15
28
41
49
63
67
77
89
102
104
106
108
110
107
98
96
87
79
53
40
35
25
9
-4
-10
-16
-17
-26
-33
-35
-37
-32
-20
-12
-5
-1
0
6
12
17
21
26
26
27
35
36
32
23
22
30
27
16
16
20
21
18
20
35
48
52
51
61
64
62
62
59
63
60
56
64
71
72
66
71
67
62
55
34
18
5
-8
-26
-42
-62
-80
-90
-101
-110
-128
-144
-152
-168
-185
-186
-181
-175
-177
-173
-158
-142
-128
-116
-89
-62
-44
-22
-5
17
29
42
52
59
64
61
62
62
57
46
42
37
34
29
14
5
2
-5
-11
-11
-12
-19
-25
-29
-27
-26
-28
-15
-9
-7
4
18
20
18
22
31
45
40
34
30
28
19
22
26
28
19
10
3
-5
-14
-24
-32
-48
-62
-73
-72
-74
-70
-69
-66
-57
-43
-24
-12
1
15
31
36
48
66
74
74
76
86
88
80
71
68
65
52
48
45
38
25
27
32
28
18
12
18
13
3
6
17
11
11
19
30
39
43
54
62
67
70
74
73
58
52
46
41
36
29
21
11
1
-8
-23
-46
-60
-71
-92
-108
-115
-122
-132
-144
-148
-144
-146
-145
-128
-116
-106
-92
-69
-57
-42
-19
-2
14
19
30
46
49
53
65
67
61
59
56
50
46
49
53
50
41
37
25
15
3
-4
-10
-19
-17
-14
-18
-22
-20
-17
-19
-19
-17
-21
-26
-24
-14
-10
-12
-11
-2
8
8
8
6
-1
-3
-7
-10
-14
-26
-27
-35
-43
-48
-54
-55
-55
-56
-44
-38
-36
-29
-23
-14
-2
8
16
29
37
48
55
60
67
67
64
61
65
69
62
57
54
57
51
40
38
28
18
12
9
11
6
-6
-5
-6
-12
-10
0
3
2
4
8
16
14
14
20
16
14
18
24
22
11
7
7
2
-8
-20
-25
-32
-38
-40
-40
-42
-46
-48
-56
-61
-60
-56
-56
-56
-52
-44
-34
-27
-17
-9
-2
11
25
33
39
49
49
53
52
50
53
50
46
51
47
40
38
34
27
22
18
12
8
2
-4
-4
-2
-6
-7
-10
-13
-13
-18
-15
-10
-11
-9
-6
-6
-3
-4
-1
0
-5
-8
-4
-1
-10
-20
-26
-26
-26
-35
-41
-41
-46
-56
-54
-52
-57
-60
-62
-56
-51
-51
-43
-34
-30
-24
-12
-3
-4
0
8
10
15
20
24
21
13
10
6
1
-1
2
1
-1
2
5
4
2
6
3
-3
-5
1
2
-3
-5
3
5
5
6
12
15
17
26
37
45
46
48
49
49
49
51
51
51
47
46
46
37
25
21
16
7
0
-2
-6
-15
-24
-23
-21
-32
-37
-28
-23
-26
-18
-1
8
12
18
30
38
38
42
53
56
57
66
72
70
65
61
67
63
59
57
56
51
44
44
43
35
24
22
23
21
15
11
10
4
4
0
-6
-8
-15
-14
-5
-6
-11
-10
-9
-16
-24
-25
-23
-26
-38
-38
-32
-39
-44
-44
-46
-58
-69
-68
-64
-70
-79
-76
-69
-66
-66
-61
-56
-53
-47
-38
-25
-17
-14
-5
2
9
18
17
19
24
24
23
28
33
29
22
18
21
22
14
12
20
17
9
12
14
8
-1
-4
-1
-1
-6
-2
5
2
1
5
7
8
7
7
9
10
10
11
12
7
9
8
0
-3
-5
-9
-15
-18
-17
-21
-29
-35
-30
-35
-44
-39
-33
-36
-40
-35
-26
-27
-28
-18
-6
-6
-6
12
21
18
21
32
37
31
28
38
43
31
28
44
41
26
24
29
23
10
7
15
13
-4
-5
4
-5
-17
-15
-12
-17
-24
-20
-13
-15
-23
-20
-13
-15
-19
-19
-19
-20
-22
-23
-17
-16
-23
-24
-21
-25
-28
-29
-30
-27
-29
-30
-26
-28
-30
-26
-23
-20
-14
-3
2
4
6
15
25
27
27
39
47
44
50
61
64
58
55
63
68
53
47
60
58
45
47
55
49
34
30
36
30
15
15
22
14
0
3
8
0
-9
-7
-2
-6
-9
-5
-3
-12
-15
-8
-11
-17
-17
-17
-23
-31
-28
-25
-34
-43
-36
-36
-47
-47
-40
-42
-47
-47
-38
-36
-45
-41
-33
-32
-33
-25
-16
-16
-14
-5
-1
0
3
7
10
9
9
15
12
8
11
10
5
3
2
3
-3
-9
-6
-7
-13
-16
-17
-20
-22
-26
-27
-28
-30
-32
-34
-36
-34
-34
-36
-36
-29
-25
-28
-25
-20
-17
-19
-19
-15
-7
-8
-13
-2
2
-4
-2
2
8
8
3
12
24
18
15
26
35
37
38
44
53
56
57
60
71
72
68
75
77
76
78
77
79
81
74
75
