-153
-148
-129
-113
-86
-52
-16
16
46
82
101
117
134
143
135
126
120
101
77
63
49
23
4
-8
-20
-42
-55
-62
-80
-92
-97
-99
-98
-91
-78
-66
-47
-25
0
25
60
92
110
128
140
139
128
113
85
51
14
-21
-63
-103
-136
-166
-192
-199
-195
-191
-173
-139
-102
-70
-36
2
39
65
97
127
151
159
165
167
154
137
119
107
83
56
35
16
-6
-28
-50
-65
-76
-87
-92
-85
-75
-72
-54
-22
6
37
70
99
126
156
179
192
194
199
188
163
136
103
61
6
-35
-72
-118
-158
-176
-183
-191
-193
-175
-150
-126
-98
-54
-4
28
61
93
115
136
146
149
153
149
127
100
82
55
8
-25
-56
-90
-124
-142
-148
-162
-167
-151
-136
-120
-97
-66
-32
1
36
68
96
115
130
150
158
158
154
138
116
86
59
28
-18
-57
-92
-123
-152
-175
-189
-194
-204
-208
-185
-158
-133
-93
-40
4
37
78
129
157
175
192
207
190
160
138
101
56
8
-31
-65
-107
-140
-155
-167
-179
-184
-163
-138
-109
-60
-9
36
73
111
137
156
178
192
189
186
180
160
126
97
72
40
6
-25
-51
-85
-115
-143
-166
-188
-203
-201
-185
-165
-143
-114
-84
-48
-10
33
76
113
152
178
192
200
189
167
137
100
57
1
-46
-95
-141
-179
-213
-227
-238
-229
-211
-183
-137
-89
-29
25
73
116
149
182
211
228
243
244
236
215
186
155
117
74
38
1
-43
-79
-106
-133
-162
-174
-183
-182
-166
-148
-130
-110
-85
-59
-31
7
48
81
108
123
132
127
110
92
64
31
-7
-39
-74
-107
-132
-157
-184
-202
-206
-202
-196
-180
-153
-127
-93
-52
-6
34
76
123
161
190
210
228
236
223
205
188
160
121
85
44
8
-32
-66
-85
-105
-122
-127
-121
-113
-92
-51
-13
10
27
49
62
58
62
69
72
61
50
40
12
-12
-42
-55
-62
-74
-75
-76
-87
-113
-126
-129
-131
-133
-126
-124
-115
-103
-86
-55
-29
-9
15
57
88
112
139
164
171
170
158
133
111
85
65
41
26
10
-11
-20
-20
-15
-8
9
31
56
70
66
66
58
38
20
14
5
-18
-39
-46
-67
-86
-104
-107
-99
-90
-88
-85
-67
-72
-80
-75
-65
-76
-84
-74
-59
-57
-65
-55
-44
-34
-16
7
32
44
52
66
73
71
66
61
57
46
41
37
33
32
32
31
34
51
72
93
109
124
131
131
122
116
108
79
54
39
26
2
-24
-41
-59
-90
-106
-113
-116
-122
-122
-106
-90
-83
-79
-70
-65
-73
-82
-73
-58
-60
-52
-40
-35
-33
-28
-22
-16
-10
-3
2
1
2
-12
-22
-27
-28
-23
-9
14
27
41
52
58
66
78
91
103
117
127
123
114
106
89
71
53
27
7
-12
-35
-49
-69
-84
-88
-94
-87
-70
-53
-40
-20
-7
1
0
-10
-17
-24
-24
-22
-15
-4
-6
3
-4
-17
-27
-44
-47
-49
-53
-50
-47
-50
-53
-51
-36
-19
1
27
58
83
104
121
138
156
183
208
217
215
198
167
127
83
48
2
-43
-79
-109
-144
-178
-193
-201
-200
-195
-171
-144
-129
-114
-87
-61
-40
-18
11
37
59
69
72
77
74
65
59
46
24
3
-12
-35
-55
-82
-102
-127
-154
-168
-171
-165
-148
-114
-78
-32
10
52
99
141
183
231
274
300
316
319
303
273
230
182
141
86
25
-23
-65
-110
-153
-180
-206
-232
-252
-251
-235
-218
-186
-148
-119
-96
-80
-61
-31
3
40
76
105
120
116
106
91
75
55
33
4
-31
-63
-90
-111
-130
-152
-173
-179
-177
-157
-116
-67
-19
30
70
106
142
182
223
258
281
286
275
253
223
191
155
115
78
41
4
-34
-78
-123
-157
-185
-208
-209
-203
-197
-175
-155
-130
-93
-58
-25
6
31
62
91
107
112
113
101
80
61
38
15
-21
-50
-82
-111
-126
-127
-121
-112
-99
-79
-49
-17
23
64
97
120
144
168
192
208
218
223
217
196
169
139
102
63
21
-13
-49
-91
-125
-151
-173
-194
-195
-186
-165
-142
-117
-86
-60
-36
-11
20
53
82
101
113
108
90
64
36
-1
-27
-49
-71
-90
-111
-127
-147
-159
-162
-142
-123
-94
-51
-13
27
70
98
139
176
202
236
266
277
284
279
257
233
199
162
117
69
14
-44
-96
-144
-178
-213
-239
-256
-273
-265
-242
-201
-161
-126
-83
-49
-12
26
73
114
147
162
154
139
104
69
47
20
-7
-38
-65
-106
-147
-177
-206
-221
-240
-236
-217
-197
-170
-135
-87
-38
12
64
113
166
205
246
282
304
311
306
280
246
209
170
129
85
26
-24
-69
-125
-169
-196
-211
-219
-220
-214
-195
-187
-166
-135
-105
-65
-20
29
59
85
100
110
110
106
105
103
96
73
46
11
-30
-69
-95
-118
-142
-156
-166
-166
-154
-128
-100
-72
-48
-21
10
45
84
138
179
200
213
217
212
200
184
176
163
138
107
76
48
23
4
-19
-38
-53
-60
-66
-75
-70
-67
-71
-79
-75
-66
-47
-25
-7
5
12
12
7
11
23
39
43
41
31
12
-12
-41
-58
-73
-78
-82
-84
-89
-95
-92
-85
-74
-50
-25
-7
15
31
51
72
94
101
110
108
99
106
101
95
95
80
53
13
-17
-27
-28
-31
-35
-36
-54
-81
-90
-93
-94
-85
-78
-70
-68
-75
-69
-62
-52
-49
-34
-21
-26
-26
-23
-19
-25
-26
-30
-39
-53
-69
-72
-75
-66
-51
-46
-37
-31
-25
-17
-5
18
38
66
82
91
96
101
107
108
122
137
148
154
151
153
142
135
133
130
121
103
93
83
51
22
3
-10
-25
-26
-24
-27
-34
-48
-49
-60
-72
-74
-74
-71
-74
-74
-68
-69
-76
-82
-89
-85
-83
-71
-70
-64
-65
-69
-78
-79
-67
-63
-48
-44
-40
-48
-55
-59
-57
-46
-31
-19
-4
15
27
44
70
100
111
124
135
143
142
143
151
148
144
126
107
87
66
53
61
71
68
54
38
25
13
7
5
10
16
17
2
-7
-18
-28
-38
-50
-51
-58
-59
-63
-62
-54
-52
-51
-51
-56
-65
-81
-88
-84
-95
-113
-120
-120
-120
-106
-91
-72
-54
-42
-22
4
34
54
76
89
99
101
101
109
109
94
85
73
55
40
36
33
20
22
18
19
12
2
1
6
13
10
12
6
1
-4
-15
-21
-29
-35
-35
-32
-26
-11
8
14
5
-3
-5
-15
-24
-30
-34
-43
-50
-59
-61
-74
-88
-87
-87
-82
-67
-40
-28
-16
1
17
40
62
78
84
89
94
81
70
59
39
33
29
29
24
25
16
5
0
-7
-5
-7
0
7
-2
-9
-7
-9
-8
-3
-5
-8
-15
-25
-29
-34
-35
-32
-37
-44
-62
-69
-72
-74
-72
-73
-75
-83
-95
-99
-91
-84
-69
-52
-32
-20
-12
1
14
33
56
79
97
114
128
131
128
119
109
103
100
103
107
100
98
91
89
81
78
78
71
63
50
48
44
36
28
22
11
-8
-27
-36
-48
-54
-52
-55
-62
-73
-86
-97
-100
-105
-100
-96
-99
-101
-102
-106
-112
-115
-107
-96
-95
-93
-93
-89
-85
-78
-72
-63
-52
-40
-32
-36
-32
-31
-19
-5
7
22
28
32
36
43
53
63
84
100
104
108
116
129
130
135
134
129
117
92
78
56
40
28
16
9
-6
-23
-39
-49
-58
-65
-65
-54
-45
-38
-41
-42
-40
-46
-41
-30
-15
-12
-15
-12
-21
-24
-26
-28
-40
-46
-48
-53
-51
-46
-41
-42
-42
-35
-31
-32
-29
-12
18
42
61
79
95
102
113
132
144
145
140
133
118
87
63
45
23
3
-10
-17
-35
-62
-85
-107
-131
-145
-142
-133
-130
-121
-105
-88
-84
-75
-55
-40
-27
-15
2
18
26
37
42
42
40
34
34
32
30
24
5
-21
-41
-53
-62
-60
-45
-26
-9
2
25
51
61
77
101
120
133
146
164
168
156
144
127
111
88
69
62
37
9
-17
-41
-69
-95
-113
-126
-139
-147
-140
-137
-140
-142
-128
-123
-120
-107
-81
-59
-42
-11
9
23
26
27
39
40
34
24
10
-13
-34
-47
-56
-60
-65
-71
-71
-49
-25
-16
1
32
58
72
106
148
158
165
181
194
189
186
187
181
153
132
135
111
84
66
46
13
-18
-38
-64
-94
-114
-125
-132
-147
-167
-165
-172
-175
-143
-117
-103
-80
-51
-21
6
16
23
42
48
63
86
86
68
56
35
7
-4
2
-4
0
-12
-10
2
17
29
33
29
28
42
53
51
56
57
40
39
31
18
0
-19
-37
-49
-52
-67
-85
-109
-123
-153
-166
-180
-179
-173
-188
-186
-189
-184
-181
-150
-110
-89
-66
-30
-8
10
34
71
99
118
149
160
146
135
149
140
124
123
133
126
129
139
145
149
151
165
166
174
190
197
195
189
187
185
167
164
155
116
79
60
49
27
-6
-13
-41
-99
-119
-154
-175
-201
-217
-227
-237
-250
-260
-269
-294
-286
-272
-249
-241
-212
-184
-174
-157
-130
-94
-80
-77
-51
-26
-21
-19
-15
-6
5
30
59
84
93
94
108
119
139
165
194
200
198
198
193
192
202
204
209
200
189
171
130
102
81
63
42
43
22
-5
-41
-73
-79
-90
-89
-99
-107
-115
-128
-131
-135
-138
-106
-85
-52
-27
-37
-36
-51
-43
-40
-32
-16
-24
-34
-50
-65
-80
-74
-72
-62
-49
-36
-35
-38
-32
-19
-2
24
47
58
66
63
82
90
83
86
88
82
73
55
40
27
8
-5
-18
-35
-49
-63
-73
-81
-86
-82
-80
-70
-56
-51
-49
-54
-39
-22
4
22
53
82
94
90
93
89
69
78
90
71
62
43
36
56
42
52
53
51
44
47
31
17
17
27
37
31
48
54
75
64
97
56
112
-18
181
145
20
121
-143
8
-138
81
-58
-77
-101
-229
-130
-221
-67
-142
-45
-171
-157
-182
-177
-111
-125
-56
-72
-34
-65
-32
-80
-8
-32
27
-5
39
52
13
38
13
48
21
60
33
124
59
92
72
44
85
59
122
96
105
67
83
69
99
102
105
88
68
53
33
58
50
59
54
19
5
11
9
3
1
3
2
10
13
16
0
13
12
43
43
35
19
5
-17
-27
-40
-59
-51
-107
-59
-113
-82
-98
-76
-72
-94
-47
-90
-77
-100
-73
-75
-45
-40
-32
-47
-57
-40
-28
18
-7
3
-16
-13
-70
32
72
-73
-18
-44
-73
-67
20
-38
-90
-33
-40
-36
4
38
63
67
58
40
59
66
82
88
100
112
108
114
111
137
97
116
82
60
74
79
77
30
64
20
18
9
22
49
38
27
20
23
0
54
36
58
61
47
73
28
51
41
69
42
61
22
42
10
2
11
-35
-10
-36
-13
-60
-36
-101
-54
-99
-62
-85
-83
-69
-105
-49
-111
-49
-96
-35
-70
-56
-48
-84
-43
-84
-46
-88
-35
-50
-22
-41
-42
-48
-69
-49
-88
-63
-89
-62
-105
-94
-110
-106
-112
-83
-83
-50
-6
-7
65
10
85
50
90
75
101
117
105
118
111
138
100
159
83
147
78
124
64
45
24
-25
-4
-65
-20
-87
-19
-80
-24
-61
-40
-50
-64
-40
-54
-32
-29
15
-4
10
-27
2
-21
-10
-17
-34
-37
-57
-73
-90
-108
-117
-109
-129
-137
-127
-164
-93
-126
-58
-65
-26
12
4
83
41
139
82
158
100
136
131
108
148
98
157
113
120
104
98
93
65
60
39
39
23
-1
-10
-39
19
-9
35
17
27
58
54
136
101
149
108
128
112
119
111
102
82
47
48
11
26
12
-6
-18
-29
-37
-43
-49
-55
-33
-38
2
-22
-12
-4
-29
9
-19
46
-8
12
-5
-19
-9
-18
-5
-40
-33
-59
-49
-70
-34
-47
-47
-50
-73
-79
-101
-100
-121
-93
-90
-72
-87
-63
-62
-71
-54
-44
-40
-36
-16
-22
-18
-29
-12
-33
-42
-11
-57
-34
-45
-44
-47
-37
18
0
38
47
24
28
16
25
23
40
47
10
11
-1
8
-24
12
-2
25
40
40
46
16
54
46
107
77
138
74
94
52
73
81
62
101
11
68
-5
18
6
-31
-4
-63
-37
-54
-46
-32
-41
-37
-59
-54
-75
-61
-44
-9
-21
10
6
7
3
32
-10
32
-6
-12
-48
-48
-52
-80
-32
-98
-52
-139
-88
-161
-114
-100
-97
-40
-78
17
-62
55
-10
103
53
113
111
101
149
55
173
23
183
42
144
84
64
106
0
128
-16
78
-12
55
1
13
18
-12
14
12
49
51
82
62
80
56
88
39
69
29
43
-21
-10
-49
-81
-54
-147
-95
-199
-161
-232
-173
-185
-155
-135
-126
-111
-110
-122
-81
-61
-30
-4
-7
43
-14
42
-7
23
15
3
35
4
34
-12
37
-24
16
-13
-22
36
-18
85
-1
111
26
69
73
44
142
78
182
66
151
99
73
107
16
64
-37
23
-30
-26
-50
-65
-88
-116
-114
-160
-98
-150
-68
-142
-72
-86
-89
-33
-80
24
-41
50
-4
25
0
-2
13
-34
4
-81
-5
-92
-5
-74
-31
-49
-27
-30
-49
2
-4
46
31
85
56
85
69
92
91
72
133
66
151
88
109
67
77
89
35
106
37
77
16
50
-5
15
-17
-25
-37
-24
-18
1
36
22
57
32
34
27
48
53
66
83
76
29
54
12
3
-11
-50
-13
-49
35
-25
58
2
16
56
23
112
33
134
59
134
97
131
116
129
122
85
101
29
99
-7
94
-20
21
-37
-49
-50
-82
-32
-123
-33
-152
-46
-150
-112
-85
-180
-77
-185
-87
-177
-121
-103
-125
-84
-131
-78
-199
-118
-202
-164
-187
-212
-165
-242
-167
-269
-167
-287
-127
-229
-93
-113
-48
-43
-36
53
-17
78
5
66
7
64
29
67
23
52
47
16
87
37
55
52
48
78
73
102
105
73
126
17
126
7
103
58
130
104
81
120
5
100
-11
85
-34
35
-11
-20
19
-45
-7
-99
-27
-146
-57
-150
-91
-99
-121
-28
-80
-27
-18
-37
28
-38
63
-13
78
45
76
63
7
53
-33
41
-20
63
14
40
38
26
47
64
91
91
124
164
164
171
204
166
195
131
130
98
114
135
110
151
71
144
34
70
57
-5
78
-35
48
-91
-13
-118
-82
-104
-123
-79
-138
-62
-105
-38
-79
14
-49
38
-34
73
-4
51
23
20
5
-63
7
-121
5
-108
-19
-117
-38
-75
-75
-41
-96
-9
-91
42
-58
13
-32
11
-72
-1
-53
-42
-30
-78
-15
-89
-11
-83
-18
-120
-35
-130
-45
-76
-40
-26
-73
-47
-91
-62
-129
-46
-177
-54
-184
-69
-135
-80
-85
-110
-15
-98
33
-84
39
-88
23
-73
-31
-25
-53
17
-69
98
-65
117
28
145
140
181
182
167
203
143
220
151
219
173
189
127
126
88
97
98
60
55
23
6
-35
-22
-32
-32
-53
-44
-94
-43
-130
-11
-111
-26
-63
-62
-27
-96
-19
-102
-26
-109
-49
-111
-57
-181
-60
-166
-61
-118
-40
-144
-91
-123
-122
-53
-55
54
-10
91
-6
84
36
114
118
176
168
279
152
273
155
228
161
225
155
156
149
87
175
60
174
81
141
75
81
71
38
70
62
60
58
44
27
-12
14
-63
-17
-41
-7
-11
5
-30
-49
-100
-126
-142
-175
-95
-168
-110
-216
-178
-241
-215
-216
-230
-172
-216
-114
-174
-78
-125
-83
-63
-116
1
-85
38
-43
45
-75
11
-28
5
9
-31
75
-65
45
-80
50
-64
30
13
21
-27
24
-26
-32
-4
15
28
-9
36
-52
5
1
7
-12
-10
-33
-68
21
-69
30
-17
-47
-26
-69
-16
-81
8
-101
-12
-87
-46
-47
-56
5
-61
8
-30
0
34
47
84
78
103
101
109
137
142
168
173
155
200
103
213
65
175
88
131
90
80
139
25
147
1
104
-30
59
-61
47
-4
-11
34
-60
49
-98
108
-100
123
-78
48
-6
6
25
-8
47
-56
25
-68
-13
-71
-32
-45
-104
-69
-114
-74
-79
-49
-32
-35
-17
-30
56
-29
172
13
197
74
180
136
180
204
131
184
58
188
38
178
102
139
76
58
48
-54
18
-64
-56
-76
-46
-40
-70
-36
-104
-117
-66
-142
15
-59
32
-28
-45
-81
-112
-48
-159
-21
-163
-51
-190
-126
-262
-207
-263
-255
-251
-253
-200
-225
-175
-195
-124
-157
-55
-103
-12
-75
24
11
74
83
125
165
106
174
87
126
68
63
113
60
159
35
97
10
27
-42
-27
-19
-8
0
46
66
30
77
28
48
39
74
79
114
122
158
94
114
43
88
1
21
22
18
-18
-19
-17
-94
-41
-28
-60
-30
-31
-29
-5
-5
-10
23
37
22
100
74
82
65
68
51
40
65
30
78
-1
-3
-39
-16
-103
36
-46
31
-6
34
-17
-29
44
-116
97
-58
107
-12
98
12
67
15
18
49
37
128
28
111
-86
61
-168
-6
-98
-19
-68
-80
-47
-190
-43
-165
-12
-118
22
-49
7
-43
-11
-5
3
71
35
148
-1
113
-25
-38
17
-89
19
-53
-43
-8
-81
-19
-100
-26
-60
19
16
10
11
30
20
25
16
70
81
94
78
83
41
42
38
0
39
1
-25
20
-68
-55
-116
-129
-130
-239
-91
-173
-131
-129
-107
-103
-113
-16
-136
51
-56
52
-2
38
116
-52
142
-76
61
-24
25
19
-43
33
-129
-42
-141
-84
-164
-51
-157
-15
-97
-43
23
8
118
144
88
155
62
166
63
163
144
108
215
51
138
43
127
23
155
64
65
77
9
52
-65
19
-84
-20
-112
-38
-122
-59
-73
-122
-49
-81
-28
-60
0
-34
-45
-35
18
-35
94
36
52
-36
46
-105
-4
-97
-3
-61
-17
-51
-127
-50
-175
0
-103
56
-24
36
37
29
86
21
134
45
145
75
116
93
98
62
58
102
31
72
41
49
2
90
62
49
166
31
135
-17
66
-35
-27
-20
-3
-5
-61
-57
-53
-94
-82
-11
-111
-23
-51
48
-42
112
-40
50
36
6
-19
-22
-12
-56
-29
-21
-31
-88
-89
-119
-126
-134
-79
-82
-98
-117
-92
-111
-128
-21
-100
-58
-49
-63
-66
-116
-8
-158
4
-93
33
-57
50
6
67
80
2
144
-3
122
-14
19
-44
-17
-107
-42
-119
-51
-154
-97
-157
-105
-99
-21
61
-35
137
-15
66
68
114
140
106
199
185
145
219
69
183
81
113
83
22
82
31
59
16
-5
4
49
72
108
64
168
14
132
24
76
133
68
174
66
141
48
114
89
97
138
155
117
138
124
45
12
1
-67
33
-83
-89
-187
-164
-221
-183
-129
-167
-100
-98
-62
-86
-55
-33
56
-50
121
40
82
50
81
74
-18
116
-59
28
-93
-46
-118
-125
-127
-100
-105
-95
-60
-123
-69
-167
-111
-164
-55
-78
-50
-80
-34
-59
-85
-39
31
-27
23
101
-40
61
-49
106
7
17
44
-24
38
0
-86
-43
-292
-104
-247
-27
-167
-60
-128
-137
16
-120
4
-77
38
-103
85
-29
124
8
123
6
76
66
54
86
36
163
77
170
91
62
-5
7
-47
78
-3
95
17
84
52
98
43
38
48
-19
44
-7
85
-19
36
9
39
-20
81
84
86
97
57
106
35
63
-68
16
-129
-60
-61
-37
-41
-52
-63
-108
-55
-83
-42
-83
6
-91
-24
9
-23
37
31
103
69
87
79
44
109
87
112
123
145
142
149
134
118
113
65
96
73
143
37
67
26
20
-20
-21
6
-66
38
-39
24
-52
-37
-38
-107
3
21
-1
-11
29
18
-3
19
40
-53
-63
9
-81
-78
-88
-131
-158
-108
-127
-38
-160
-42
-174
-136
-123
-104
-80
-163
-75
-143
-78
-70
-17
-15
-28
65
27
54
101
76
61
103
152
108
91
148
89
51
81
-14
42
-83
-42
-63
-138
-52
-86
-68
-100
-89
-95
-152
-144
-90
-88
-24
-20
-6
-53
-13
27
8
104
14
58
-25
12
11
30
76
97
66
38
26
-3
31
-1
118
14
38
-49
-49
-67
-89
-39
6
20
23
22
27
56
60
110
61
112
95
91
74
58
23
-21
-20
-18
-10
29
16
8
-71
-7
-37
-3
-52
0
-23
-28
37
-22
2
-58
9
-64
27
-75
37
-42
4
41
30
89
74
122
52
142
34
105
66
102
74
72
99
-4
47
-70
-90
-95
-134
-78
-66
-37
-60
-17
-111
-40
-76
5
-43
21
13
17
11
12
68
19
110
10
88
-9
45
24
5
73
58
68
68
25
41
55
-2
4
-12
-20
-68
-57
-88
-90
-34
-78
-48
-70
-12
16
50
114
91
104
60
103
77
100
137
129
107
98
80
-36
-33
-95
-104
-161
-182
-223
-295
-337
-341
-373
-405
-386
-449
-456
-494
-472
-500
-473
-489
-494
-539
-518
-509
-468
-412
-371
-273
-237
-120
-24
-1
107
171
251
322
435
524
578
652
724
798
835
859
817
751
689
620
577
517
444
433
316
357
331
317
347
329
354
265
230
190
120
89
53
15
-56
-107
-131
-195
-167
-103
-46
42
111
199
221
272
263
281
284
241
226
125
73
9
-36
-73
-122
-97
-167
-163
-159
-201
-155
-226
-205
-280
-323
-333
-439
-446
-533
-564
-670
-710
-743
-802
-799
-783
-805
-823
-815
-773
-731
-709
-710
-745
-724
-735
-697
-670
-598
-533
-431
-257
-68
120
344
515
677
796
920
995
1022
998
923
840
737
584
456
359
242
165
86
88
53
44
20
20
-13
-67
-125
-198
-255
-304
-332
-336
-302
-291
-245
-182
-66
32
159
314
446
577
702
828
901
968
1004
1007
1030
1052
1060
1003
965
875
794
684
553
477
328
194
65
-34
-190
-291
-395
-487
-547
-583
-590
-598
-540
-476
-386
-297
-215
-188
-183
-182
-151
-119
-132
-95
-95
-77
-82
-47
-14
-36
-52
-70
-80
-123
-119
-188
-242
-315
-410
-524
-633
-728
-870
-976
-1077
-1216
-1346
-1511
-1632
-1767
-1866
-1804
-1644
-1522
-1378
-989
-610
-256
286
989
1383
1649
2098
2423
2389
2413
2483
2186
1739
1488
1248
799
510
319
-23
-277
-216
-253
-419
-361
-327
-588
-741
-669
-863
-1206
-1341
-1466
-1728
-1816
-1658
-1586
-1459
-1076
-650
-259
279
882
1230
1563
1973
2234
2205
2227
2190
1895
1550
1304
1052
584
288
76
-107
-276
-252
-261
-341
-281
-173
-140
-144
3
-12
-82
-69
64
54
40
162
238
288
410
626
711
817
923
958
913
870
766
504
286
69
-190
-482
-654
-800
-969
-1022
-969
-913
-905
-778
-661
-580
-476
-380
-340
-362
-357
-402
-472
-505
-507
-548
-591
-565
-528
-542
-553
-567
-669
-868
-1060
-1297
-1614
-1867
-1916
-1915
-2101
-2042
-1729
-1436
-1106
-313
532
958
1481
2202
2638
2673
2951
3012
2604
2168
1997
1622
1102
864
552
137
-95
-76
-328
-517
-485
-590
-860
-945
-926
-1285
-1642
-1783
-1902
-2107
-2081
-1901
-1796
-1496
-977
-384
130
812
1446
1893
2328
2815
3091
3031
3039
2926
2554
2103
1819
1395
798
389
135
-160
-439
-478
-590
-742
-731
-679
-766
-812
-729
-796
-857
-706
-550
-556
-455
-145
85
291
693
1096
1291
1505
1792
1866
1784
1659
1442
1025
670
346
-75
-510
-796
-1063
-1317
-1360
-1263
-1174
-1113
-900
-724
-634
-530
-423
-448
-539
-554
-611
-721
-815
-830
-869
-837
-723
-647
-624
-590
-547
-635
-747
-858
-1127
-1541
-1960
-2295
-2404
-2476
-2678
-2677
-2336
-1942
-1536
-540
503
1030
1585
2470
2992
3062
3344
3454
3034
2497
2261
1797
1210
823
430
-69
-250
-197
-442
-603
-523
-610
-984
-993
-948
-1256
-1644
-1730
-1800
-2018
-1976
-1830
-1656
-1382
-798
-193
452
1201
1900
2406
2906
3513
3747
3716
3669
3528
3012
2456
2048
1481
778
225
-89
-454
-739
-876
-988
-1149
-1122
-1034
-1039
-1003
-920
-932
-1041
-903
-803
-775
-715
-377
-57
193
682
1174
1546
1824
2156
2339
2372
2264
2054
1647
1160
657
51
-538
-1047
-1459
-1812
-1945
-1929
-1854
-1726
-1475
-1185
-1004
-841
-707
-643
-715
-800
-899
-1048
-1184
-1265
-1291
-1273
-1134
-950
-747
-568
-350
-248
-256
-330
-532
-933
-1412
-1657
-1798
-2093
-2397
-2277
-1974
-1702
-1069
-6
778
1275
2109
2957
3264
3445
3739
3569
3002
2597
2238
1575
915
474
-61
-556
-658
-738
-1002
-1049
-926
-1084
-1249
-1123
-1170
-1541
-1758
-1778
-1946
-2115
-2053
-1920
-1794
-1396
-751
-105
577
1409
2185
2758
3383
3948
4101
4034
3987
3698
3100
2544
2026
1260
472
-63
-494
-910
-1161
-1247
-1336
-1356
-1203
-1067
-1013
-915
-828
-789
-779
-676
-613
-564
-436
-152
181
505
913
1364
1767
2038
2353
2528
2496
2319
2055
1630
1105
536
-64
-685
-1224
-1629
-1949
-2096
-2089
-1982
-1844
-1577
-1240
-973
-774
-578
-459
-474
-522
-583
-724
-911
-1042
-1108
-1135
-1076
-940
-793
-679
-574
-531
-592
-729
-992
-1390
-1796
-2075
-2201
-2435
-2628
-2456
-2066
-1648
-970
129
966
1523
2320
3192
3510
3631
3877
3703
3134
2691
2335
1621
941
433
-147
-670
-873
-1008
-1306
-1399
-1335
-1461
-1637
-1517
-1524
-1836
-2013
-1993
-2058
-2147
-2017
-1759
-1470
-988
-283
422
1170
1990
2744
3287
3823
4298
4381
4253
4104
3762
3056
2403
1801
1020
238
-289
-673
-1106
-1375
-1498
-1596
-1627
-1468
-1296
-1230
-1137
-1012
-1030
-1011
-875
-628
-535
-411
-61
342
711
1095
1804
2160
2321
2596
2795
2642
2315
1960
1363
674
-29
-659
-1281
-1809
-2183
-2437
-2502
-2349
-2139
-1884
-1519
-1046
-737
-564
-334
-254
-397
-541
-607
-757
-997
-1127
-1140
-1146
-1068
-883
-709
-577
-418
-339
-398
-602
-832
-1283
-1733
-1904
-2042
-2319
-2437
-2011
-1637
-1220
-275
836
1439
2115
3168
3748
3898
4176
4255
3662
3103
2739
2082
1205
597
6
-754
-1181
-1324
-1545
-1823
-1746
-1685
-1807
-1769
-1636
-1725
-1973
-1988
-1980
-2030
-2023
-1800
-1570
-1234
-650
79
846
1584
2420
3107
3671
4178
4530
4475
4238
3958
3413
2690
2010
1340
506
-192
-683
-1089
-1434
-1581
-1631
-1634
-1484
-1285
-1123
-1026
-894
-818
-797
-764
-572
-472
-481
-300
95
423
707
1342
1829
2103
2410
2770
2789
2582
2370
1908
1259
529
-133
-914
-1640
-2163
-2520
-2770
-2789
-2568
-2336
-2043
-1574
-1111
-860
-568
-339
-307
-423
-491
-622
-881
-1078
-1175
-1194
-1163
-967
-761
-534
-327
-96
32
48
-1
-348
-789
-1325
-1778
-2161
-2404
-2673
-2812
-2450
-1959
-1350
-395
863
1658
2405
3491
4252
4428
4518
4624
4040
3230
2618
1965
943
95
-504
-1141
-1597
-1753
-1838
-2031
-1854
-1670
-1651
-1590
-1374
-1483
-1813
-1869
-1876
-2000
-2120
-1919
-1698
-1336
-775
12
830
1606
2514
3301
3991
4573
4972
4888
4681
4417
3826
2986
2229
1474
456
-336
-854
-1300
-1756
-1934
-1935
-1903
-1742
-1477
-1268
-1176
-1012
-911
-900
-855
-757
-686
-683
-473
-172
138
527
1035
1669
2052
2441
2812
2926
2766
2430
1976
1291
535
-278
-1043
-1728
-2295
-2705
-2946
-2919
-2767
-2511
-2121
-1611
-1116
-743
-449
-183
-110
-168
-242
-382
-563
-794
-934
-1033
-981
-859
-665
-411
-150
95
235
316
217
6
-435
-902
-1476
-2086
-2415
-2603
-2842
-2896
-2310
-1674
-1067
104
1460
2223
2928
4024
4594
4488
4516
4459
3678
2706
2053
1280
241
-517
-1010
-1517
-1804
-1778
-1746
-1766
-1544
-1314
-1316
-1281
-1136
-1266
-1612
-1753
-1807
-1951
-2063
-1870
-1498
-1075
-395
494
1366
2200
3137
3917
4497
4991
5246
5052
4663
4250
3499
2534
1689
893
-64
-829
-1319
-1692
-1998
-2098
-2033
-1925
-1757
-1569
-1385
-1334
-1229
-1203
-1197
-1301
-1172
-1070
-1036
-682
-215
395
758
1617
2281
2727
3122
3405
3492
3130
2814
2172
1386
411
-422
-1270
-2034
-2568
-2951
-3180
-3186
-2864
-2517
-2076
-1574
-992
-709
-410
-199
-141
-267
-438
-555
-806
-918
-1012
-943
-884
-631
-328
19
362
699
909
864
788
440
-58
-792
-1435
-2242
-2976
-3289
-3443
-3601
-3505
-2625
-1781
-935
517
1941
2688
3378
4446
4784
4472
4409
4113
3106
2102
1517
652
-345
-913
-1252
-1621
-1719
-1499
-1397
-1356
-1122
-915
-1006
-1039
-1072
-1343
-1818
-2060
-2127
-2330
-2371
-2148
-1659
-1129
-299
747
1738
2690
3650
4453
4979
5382
5422
5073
4540
3948
3060
2009
1085
192
-758
-1499
-1889
-2148
-2345
-2373
-2217
-2023
-1802
-1539
-1318
-1175
-1119
-1077
-1078
-1031
-786
-768
-592
-250
378
819
1356
2254
2687
3062
3352
3679
3447
3052
2527
1796
911
-71
-884
-1747
-2431
-2985
-3192
-3282
-3105
-2783
-2335
-1870
-1280
-779
-484
-161
-24
6
-192
-238
-414
-609
-803
-845
-771
-661
-412
-113
240
491
726
780
803
571
167
-446
-1074
-1796
-2562
-3366
-3727
-3651
-3771
-3599
-2913
-1649
-1001
237
1874
2894
3395
4156
4997
4617
4327
3960
3271
2026
1260
585
-286
-902
-1186
-1375
-1574
-1194
-1007
-835
-751
-321
-435
-649
-746
-944
-1427
-1977
-2019
-2273
-2313
-2225
-1637
-1060
-192
840
1929
2916
3858
4747
5242
5637
5632
5320
4514
3774
2793
1659
494
-446
-1323
-2173
-2637
-2854
-2887
-2893
-2558
-2224
-1867
-1597
-1297
-1166
-1111
-1089
-1169
-1217
-1240
-1044
-900
-600
-34
648
1282
1957
2832
3442
3711
3964
4028
3661
2907
2162
1235
100
-980
-1880
-2640
-3276
-3564
-3604
-3383
-2969
-2400
-1814
-1201
-560
-65
194
379
442
224
-64
-260
-421
-683
-806
-729
-550
-336
42
471
846
1131
1322
1352
1142
752
125
-650
-1516
-2398
-3230
-4083
-4547
-4363
-4195
-3913
-3181
-1657
-601
470
2337
3658
4150
4549
5508
5187
4419
4020
3383
2034
933
527
-286
-970
-1171
-1062
-1271
-936
-516
-376
-446
-160
-181
-756
-1058
-1403
-1913
-2736
-2833
-2929
-2939
-2772
-2106
-1207
-239
1056
2301
3487
4415
5324
5664
5820
5674
5186
4167
3147
2163
888
-361
-1286
-1909
-2623
-2894
-2865
-2624
-2449
-2041
-1647
-1349
-1110
-1002
-988
-1108
-1162
-1414
-1603
-1676
-1540
-1352
-881
-122
654
1568
2468
3408
4078
4609
4825
4519
4168
3365
2280
1021
-183
-1369
-2547
-3349
-3872
-4069
-4048
-3660
-3007
-2248
-1511
-770
-114
345
557
627
456
144
-220
-677
-960
-1218
-1259
-1179
-868
-348
221
799
1300
1737
1978
1961
1715
1301
529
-378
-1395
-2449
-3494
-4435
-5046
-5584
-5292
-4581
-3961
-3148
-1661
91
958
2525
4200
4848
4731
5289
5593
4425
3617
3151
2272
820
433
255
-229
-541
-237
-69
-38
360
432
237
-137
-197
-1059
-1803
-2432
-2925
-3756
-4170
-3871
-3643
-3144
-2438
-1065
68
1464
2739
3993
4850
5467
5771
5642
5342
4594
3567
2314
1406
315
-700
-1494
-1824
-2184
-2371
-2175
-1843
-1603
-1478
-1201
-1101
-1107
-1306
-1505
-1842
-2088
-2303
-2401
-2334
-1985
-1448
-760
227
1320
2360
3248
4122
4792
5063
5014
4650
3952
2972
1733
506
-771
-1894
-2850
-3519
-3862
-3931
-3685
-3242
-2588
-1843
-1103
-504
-24
318
428
308
120
-193
-505
-812
-929
-925
-788
-457
-37
518
1071
1629
2022
2237
2255
2073
1570
927
64
-910
-1957
-2947
-3781
-4574
-5056
-5275
-5289
-4951
-3870
-2929
-2107
-1051
644
1693
2401
3895
4659
4587
4338
5010
4472
3452
3130
2823
1931
1139
1379
1087
637
448
617
278
68
-98
-531
-1261
-1720
-2186
-3054
-3513
-3786
-3889
-4232
-3759
-3059
-2303
-1570
-446
850
1897
2898
3756
4508
4763
4898
4669
4393
3781
3045
2110
1343
726
21
-597
-958
-1065
-1306
-1405
-1370
-1260
-1459
-1631
-1755
-1853
-2138
-2415
-2569
-2607
-2555
-2429
-2000
-1417
-599
217
1151
2121
3008
3756
4150
4547
4679
4340
3697
2949
2198
1003
-146
-1138
-1921
-2677
-3187
-3263
-3195
-2990
-2675
-2100
-1553
-1054
-695
-401
-225
-121
-231
-384
-496
-567
-620
-582
-280
1
351
743
1264
1699
1984
2099
2092
1898
1446
876
175
-573
-1479
-2374
-3045
-3678
-4117
-4559
-4642
-4531
-4339
-3386
-2539
-1676
-995
448
1553
2059
3299
4169
4279
3955
4632
4473
3506
3081
3020
2175
1277
1278
1102
436
-28
97
-322
-642
-982
-1219
-1970
-2375
-2674
-3237
-3559
-3671
-3543
-3718
-3228
-2493
-1668
-1048
-18
1068
2068
2849
3580
4240
4427
4530
4323
4203
3702
3111
2338
1741
1166
522
-57
-452
-668
-1007
-1209
-1344
-1377
-1637
-1865
-2063
-2130
-2295
-2443
-2485
-2355
-2149
-1871
-1390
-716
59
786
1637
2369
3141
3561
3923
3948
3925
3565
2835
2152
1366
462
-553
-1275
-1891
-2339
-2702
-2681
-2597
-2386
-2133
-1712
-1322
-1033
-819
-677
-555
-554
-496
-622
-600
-574
-432
-241
92
477
819
1158
1495
1770
1841
1756
1524
1219
668
55
-613
-1260
-2001
-2644
-3170
-3596
-3879
-4123
-4027
-3978
-3135
-2355
-1754
-1086
69
1382
1581
2849
3816
4064
3595
4143
4442
3374
2958
2818
2357
1167
1155
1032
542
-87
-31
-346
-747
-930
-1288
-1807
-2396
-2455
-3239
-3466
-3667
-3452
-3647
-3254
-2481
-1807
-1017
-217
974
1795
2760
3345
3968
4179
4380
4202
3978
3637
3116
2457
1785
1460
889
421
33
-89
-463
-670
-866
-1066
-1388
-1683
-1995
-2304
-2409
-2565
-2609
-2585
-2197
-1892
-1350
-686
122
946
1630
2448
2978
3482
3651
3582
3463
2993
2381
1595
878
111
-709
-1336
-1784
-2043
-2252
-2267
-2102
-1889
-1676
-1439
-1178
-1036
-987
-935
-966
-934
-943
-948
-847
-691
-412
-143
266
675
1013
1315
1505
1662
1647
1448
1106
702
236
-370
-970
-1494
-2017
-2548
-2996
-3210
-3385
-3510
-3539
-3351
-2522
-2022
-1481
-910
352
1216
1519
2861
3564
3677
3352
4040
3935
3015
2720
2504
1848
989
986
729
263
-133
-131
-548
-716
-976
-1335
-1963
-2283
-2514
-3240
-3399
-3500
-3328
-3488
-2880
-2110
-1390
-630
308
1368
2205
2996
3525
4005
4115
4186
3876
3638
3216
2710
2057
1576
1305
825
412
180
76
-270
-524
-750
-988
-1434
-1809
-2160
-2432
-2675
-2818
-2785
-2610
-2239
-1811
-1148
-474
439
1075
1826
2419
2880
3194
3081
3157
2708
2356
1620
1055
527
-149
-634
-1127
-1298
-1504
-1564
-1571
-1456
-1383
-1324
-1264
-1097
-1059
-1041
-1077
-1025
-938
-922
-746
-582
-242
-15
294
639
955
1181
1269
1326
1329
1197
962
626
297
-80
-579
-1000
-1424
-1811
-2248
-2653
-2897
-3128
-3237
-3381
-3252
-2423
-1904
-1430
-807
639
1462
1883
3194
3929
3865
3474
4089
3710
2697
2243
2019
1249
505
601
455
106
-69
52
-350
-493
-755
-1246
-2081
-2440
-2905
-3696
-3923
-3928
-3692
-3660
-2795
-1856
-878
51
1122
2218
3034
3705
4002
4173
4104
3932
3411
3069
2692
2227
1645
1431
1370
1045
780
676
536
55
-330
-777
-1313
-1997
-2498
-2965
-3309
-3410
-3341
-3142
-2710
-1964
-1315
-606
217
1047
1564
2012
2523
2744
2686
2596
2526
2269
1823
1461
1076
639
247
-125
-444
-816
-1066
-1295
-1482
-1565
-1598
-1564
-1560
-1386
-1198
-1104
-968
-827
-630
-516
-349
-172
-66
88
212
387
591
754
897
963
1027
1069
943
781
513
184
-270
-755
-1218
-1820
-2327
-2783
-3244
-3490
-3613
-3532
-3573
-2919
-1818
-1150
-506
352
1851
2147
2708
3754
3974
3377
3023
3500
2635
1812
1690
1617
934
755
1118
1048
638
455
185
-512
-978
-1678
-2502
-3455
-3695
-4247
-4576
-4299
-3682
-3068
-2459
-1096
-2
972
1654
2450
2962
3245
3372
3329
3201
3045
2871
2539
2552
2586
2494
2130
2184
2124
1625
1035
577
-4
-928
-1640
-2216
-2713
-3271
-3456
-3491
-3291
-2951
-2480
-1972
-1385
-674
-202
180
697
1278
1466
1761
2128
2549
2482
2589
2806
2715
2381
1942
1615
974
378
-282
-793
-1281
-1621
-1835
-1880
-1732
-1515
-1316
-1052
-694
-502
-491
-624
-549
-689
-814
-810
-643
-446
-273
163
645
1087
1408
1649
1770
1737
1467
1051
523
-66
-693
-1305
-1716
-1984
-2252
-2475
-2535
-2532
-2522
-2586
-2604
-2516
-2588
-2065
-1433
-954
-616
161
1339
1645
2586
3562
3751
3223
3349
3543
2539
1972
1873
1459
504
509
726
359
-166
-255
-544
-1276
-1705
-2205
-2929
-3696
-3777
-4039
-3983
-3418
-2592
-1996
-1251
62
968
1596
2025
2614
2732
2735
2789
2879
2707
2534
2617
2608
2775
2794
2723
2388
2197
1804
1033
268
-426
-1273
-2171
-2712
-3008
-3266
-3509
-3333
-3010
-2576
-2116
-1587
-1070
-706
-263
98
446
766
1121
1418
1731
2193
2579
2686
2649
2713
2591
2136
1659
1246
612
-148
-602
-895
-1247
-1485
-1475
-1367
-1319
-1179
-1057
-1069
-1108
-1148
-1214
-1302
-1241
-1087
-917
-550
-29
454
865
1301
1679
1822
1827
1749
1487
1038
514
56
-344
-698
-951
-1119
-1190
-1201
-1305
-1447
-1606
-1827
-2161
-2549
-2747
-3032
-3202
-3366
-2775
-1791
-1084
-485
356
1783
2155
2719
3666
3833
3005
2598
2983
2221
1516
1507
1498
792
621
1052
802
231
-203
-588
-1482
-2140
-2548
-3154
-3683
-3616
-3293
-2980
-2304
-1432
-801
-431
288
844
1065
1132
1312
1489
1710
2122
2528
2935
3235
3667
3819
3869
3696
3183
2340
1463
723
-210
-1032
-1660
-2134
-2450
-2430
-2323
-2262
-2133
-1969
-1889
-1837
-1645
-1523
-1433
-1211
-829
-352
191
897
1461
1990
2443
2838
2922
2882
2793
2414
2073
1687
1435
1014
669
433
149
-125
-431
-718
-1087
-1433
-1743
-1977
-2143
-2221
-2145
-1976
-1614
-1168
-729
-273
126
545
798
972
1088
1103
1075
1040
1041
997
906
834
769
630
453
229
-21
-397
-759
-1089
-1426
-1794
-2086
-2308
-2549
-2687
-2897
-2994
-3122
-3068
-3119
-2883
-1905
-1174
-699
-172
1207
1965
2210
3243
3929
3400
2681
3082
2765
1667
1377
1511
987
380
728
869
359
-115
-354
-830
-1529
-1947
-2384
-2920
-3119
-2995
-2799
-2403
-1745
-1133
-795
-267
390
789
982
1197
1590
1946
2322
2776
3231
3461
3567
3610
3531
3253
2571
1778
950
239
-477
-1125
-1425
-1723
-1950
-1954
-1773
-1678
-1717
-1740
-1806
-1864
-1836
-1714
-1569
-1303
-907
-409
142
800
1398
1762
2100
2395
2597
2500
2420
2275
1981
1707
1523
1296
956
655
263
-136
-620
-1051
-1526
-1957
-2237
-2384
-2347
-2175
-1866
-1470
-1099
-671
-245
64
292
424
527
502
544
597
672
775
927
1121
1150
1209
1126
956
619
280
-107
-501
-910
-1239
-1546
-1851
-2043
-2281
-2386
-2599
-2650
-2894
-3025
-3116
-3154
-3133
-2879
-1874
-1006
-303
352
1439
2195
2433
3196
3719
3195
2483
2575
2398
1581
1445
1755
1319
929
1220
1312
723
200
-207
-1030
-1834
-2296
-2661
-3132
-3227
-3018
-2741
-2293
-1660
-1079
-754
-346
84
466
828
1141
1469
1951
2550
3017
3374
3686
3785
3539
3148
2733
2142
1318
574
60
-349
-711
-857
-867
-981
-1101
-1239
-1425
-1701
-1978
-2279
-2506
-2464
-2223
-1887
-1376
-704
-18
650
1261
1788
2081
2267
2304
2316
2270
2179
2055
1892
1841
1668
1436
1146
796
276
-366
-868
-1316
-1792
-2107
-2240
-2200
-2037
-1744
-1355
-1032
-706
-486
-299
-110
-9
45
141
380
631
901
1216
1495
1652
1664
1657
1521
1186
756
341
-37
-445
-791
-1085
-1340
-1553
-1738
-1915
-2115
-2279
-2528
-2732
-2904
-2952
-2949
-2937
-2734
-2427
-2095
-1417
-456
325
790
1311
1923
2119
2584
3106
2933
2521
2423
2332
1878
1895
2021
1458
930
918
646
58
-233
-735
-1574
-2068
-2146
-2361
-2435
-2171
-2064
-1971
-1417
-831
-564
-240
149
240
345
883
1279
1446
1839
2333
2611
2910
3245
3189
2868
2559
2149
1614
1172
793
336
-58
-321
-476
-602
-862
-1201
-1514
-1764
-2020
-2147
-2070
-1986
-1884
-1542
-1020
-477
61
566
912
1124
1314
1406
1432
1447
1515
1473
1495
1566
1572
1476
1274
1093
665
229
-214
-740
-1167
-1521
-1702
-1776
-1688
-1496
-1319
-1033
-829
-741
-579
-514
-523
-479
-342
-170
51
389
633
845
1052
1143
1102
1012
863
534
199
-92
-332
-536
-682
-743
-826
-913
-1037
-1187
-1360
-1564
-1812
-1984
-2104
-2187
-2199
-2131
-1986
-1874
-1707
-1534
-1403
-1084
-603
-51
519
903
1242
1446
1757
2120
2265
2349
2176
1731
1257
1017
978
938
963
899
648
520
474
316
97
-173
-556
-951
-1148
-1174
-1154
-1124
-1031
-942
-841
-679
-537
-393
-258
-60
207
494
805
1152
1556
1915
2101
2187
2094
1772
1426
1099
860
613
366
158
2
-47
-74
-65
-104
-277
-510
-695
-892
-1052
-1121
-1107
-1056
-907
-615
-377
-161
55
197
232
255
266
209
143
226
367
478
656
792
842
793
700
569
361
134
-69
-275
-400
-465
-498
-455
-399
-276
-166
-101
-70
-98
-166
-215
-187
-154
-97
-35
12
9
-10
-6
-61
-142
-223
-271
-289
-321
-316
-265
-215
-148
-96
-73
-67
-152
-308
-455
-567
-645
-734
-762
-690
-598
-547
-476
-430
-467
-540
-629
-636
-673
-698
-686
-667
-647
-609
-451
-319
-188
-35
112
249
347
433
467
514
613
696
813
975
1068
1092
1075
1068
1037
957
867
763
660
530
435
342
233
146
105
79
59
79
41
-28
-85
-109
-165
-223
-237
-222
-181
-104
22
119
199
241
318
370
394
415
378
351
343
365
381
394
420
383
339
324
287
194
53
-65
-189
-317
-387
-446
-524
-576
-566
-535
-525
-497
-507
-534
-546
-536
-481
-431
-367
-329
-265
-181
-103
-2
79
117
108
109
89
-1
-63
-115
-178
-217
-218
-208
-237
-239
-235
-227
-199
-175
-172
-190
-190
-184
-159
-126
-98
-76
-70
-49
-8
15
41
71
102
123
137
171
188
155
104
51
-1
-82
-138
-168
-198
-186
-157
-103
-60
-13
35
66
116
134
111
97
124
147
187
266
346
380
391
437
485
496
455
383
290
209
150
142
146
134
100
60
34
5
-13
-34
-75
-117
-119
-106
-82
-28
22
72
128
216
230
192
146
82
17
-65
-113
-151
-182
-183
-116
-40
34
83
95
108
137
152
135
121
81
26
-26
-74
-108
-129
-170
-208
-223
-224
-245
-270
-261
-268
-280
-287
-249
-227
-234
-235
-227
-217
-215
-171
-102
-39
5
45
81
91
76
45
7
-21
-31
-48
-31
7
38
55
58
78
73
29
-9
-43
-77
-115
-121
-103
-71
-38
-23
16
55
40
18
-5
-37
-90
-137
-140
-133
-78
-10
33
55
105
118
59
54
62
52
30
60
97
83
64
68
91
91
132
184
216
233
232
228
249
280
314
370
427
444
426
399
368
312
255
271
292
322
333
341
332
286
282
260
273
287
299
335
303
255
193
108
10
-37
-19
-23
-74
-131
-205
-308
-396
-389
-350
-327
-259
-208
-201
-241
-244
-255
-260
-220
-190
-181
-189
-214
-260
-284
-263
-193
-129
-38
16
13
-34
-91
-126
-179
-176
-146
-115
-87
-65
-53
-59
-78
-98
-93
-82
-88
-98
-130
-183
-238
-262
-249
-224
-187
-184
-207
-227
-286
-321
-317
-291
-261
-222
-180
-179
-171
-179
-194
-186
-151
-143
-134
-119
-108
-115
-134
-110
-85
-66
-30
-1
20
37
38
55
55
70
86
77
75
67
37
-14
-41
-66
-86
-78
-48
-14
13
38
36
52
72
105
162
229
295
349
394
426
429
423
416
401
404
394
385
398
408
433
488
539
601
615
593
554
473
390
291
203
116
31
-24
-72
-115
-145
-182
-212
-247
-270
-287
-312
-334
-362
-368
-375
-367
-350
-319
-299
-282
-253
-247
-239
-238
-215
-181
-152
-99
-47
0
35
71
88
77
46
19
-33
-94
-154
-193
-212
-217
-174
-135
-99
-65
-39
-29
-13
-4
-2
-21
-29
-37
-53
-43
-39
-31
-24
-6
-4
-15
-19
-19
-20
-2
39
77
113
143
173
181
190
193
178
152
122
99
72
62
51
37
15
19
30
29
43
45
34
19
20
4
0
-22
-38
-69
-92
-110
-147
-152
-157
-143
-116
-64
-35
-30
-29
-43
-53
-47
-41
-27
-14
3
35
52
91
122
143
163
183
216
231
250
273
285
288
292
301
294
263
221
176
113
40
-32
-90
-152
-211
-250
-278
-321
-354
-380
-413
-428
-448
-447
-467
-479
-486
-493
-483
-445
-396
-322
-228
-121
-1
96
197
284
357
412
436
456
462
456
451
451
449
435
421
421
400
370
330
278
228
165
120
81
41
12
-19
-56
-81
-114
-151
-179
-193
-183
-163
-117
-60
10
87
168
243
317
362
382
400
409
403
383
384
376
344
309
279
234
184
131
96
46
-4
-36
-85
-111
-129
-137
-144
-152
-161
-191
-235
-259
-275
-280
-264
-226
-187
-162
-136
-109
-97
-87
-86
-106
-127
-166
-218
-270
-315
-346
-370
-363
-329
-303
-275
-260
-266
-284
-312
-328
-341
-357
-367
-378
-392
-386
-371
-334
-270
-171
-61
30
111
164
181
191
222
270
320
358
384
386
370
364
360
351
324
271
195
103
12
-72
-132
-160
-150
-126
-93
-67
-66
-83
-110
-131
-154
-175
-188
-187
-165
-104
-18
82
182
261
324
355
375
361
319
262
217
181
162
166
175
180
159
143
99
46
-25
-93
-159
-197
-220
-226
-221
-207
-177
-166
-130
-117
-115
-133
-138
-131
-111
-66
-3
58
109
175
217
265
287
298
285
260
243
213
189
161
149
127
108
81
64
35
11
20
34
62
67
97
107
117
127
148
155
146
130
109
97
86
111
131
163
193
222
222
217
204
185
154
125
100
39
-14
-75
-123
-175
-218
-256
-299
-333
-362
-378
-381
-367
-366
-353
-342
-326
-319
-327
-327
-336
-334
-326
-301
-270
-231
-191
-145
-105
-80
-57
-53
-46
-39
-36
-33
-33
-37
-43
-44
-42
-31
-42
-59
-94
-121
-149
-170
-167
-158
-128
-103
-54
-22
8
16
26
19
10
2
-15
-17
-21
-7
16
56
93
131
154
172
173
165
144
103
76
40
19
7
12
6
2
-5
-13
-18
-25
-13
-6
8
18
35
56
68
87
104
114
119
119
102
79
48
26
-5
-18
-15
-16
-7
1
9
13
13
16
12
1
-13
-29
-51
-72
-90
-96
-92
-81
-51
-13
24
57
92
107
134
156
180
202
224
240
241
244
235
237
230
234
238
243
240
226
218
207
201
199
201
185
174
147
122
97
80
69
60
75
76
91
100
112
118
122
131
135
135
132
121
101
92
73
61
48
41
27
6
-11
-42
-63
-99
-119
-140
-159
-174
-185
-204
-226
-246
-271
-293
-319
-327
-347
-356
-358
-359
-358
-337
-311
-287
-254
-232
-212
-204
-199
-190
-177
-160
-150
-134
-127
-118
-112
-103
-94
-83
-71
-58
-52
-41
-36
-39
-28
-24
-15
-7
-4
-1
-3
-13
-21
-34
-45
-60
-66
-70
-66
-59
-42
-18
9
40
65
89
102
114
100
108
95
93
97
119
140
181
218
248
282
302
334
343
366
367
367
351
346
328
318
310
299
292
275
255
227
199
153
129
94
73
51
24
1
-25
-45
-75
-97
-124
-144
-176
-195
-213
-229
-235
-226
-203
-171
-128
-103
-71
-62
-50
-48
-37
-38
-33
-32
-31
-21
-16
-10
-10
-14
-13
-14
-17
-8
-30
-44
-71
-93
-110
-133
-150
-182
-203
-233
-247
-249
-245
-231
-213
-200
-172
-166
-148
-143
-141
-121
-116
-86
-66
-46
-34
-20
-13
-5
5
10
14
28
30
45
63
77
101
106
134
136
143
134
117
97
73
62
40
38
28
26
30
44
54
80
78
98
92
91
90
74
67
44
30
10
2
-8
-14
-25
-30
-42
-38
-40
-20
-7
2
24
27
44
47
49
46
43
39
45
53
73
83
98
107
117
120
120
118
96
81
59
40
25
16
-2
-15
-39
-59
-81
-107
-128
-152
-172
-183
-193
-193
-192
-186
-191
-181
-181
-175
-158
-157
-134
-125
-103
-77
-52
-16
15
54
92
123
159
175
197
200
196
193
160
150
111
82
54
18
-3
-32
-52
-70
-86
-99
-113
-127
-135
-149
-146
-163
-159
-174
-180
-181
-193
-182
-174
-161
-135
-117
-86
-64
-36
-8
7
34
45
72
78
94
101
103
112
107
103
96
89
82
75
68
70
61
70
69
81
72
72
66
50
55
45
50
49
55
63
70
88
108
124
142
161
173
187
204
215
216
215
206
201
202
204
212
208
214
215
217
220
225
225
214
205
184
170
148
121
99
67
51
25
10
-4
-16
-23
-34
-32
-37
-48
-54
-84
-102
-138
-166
-192
-218
-226
-244
-238
-232
-221
-209
-203
-196
-196
-195
-196
-198
-199
-199
-192
-181
-169
-151
-141
-130
-121
-113
-111
-107
-115
-120
-124
-121
-115
-109
-101
-100
-86
-90
-74
-79
-83
-84
-102
-99
-109
-92
-91
-81
-71
-64
-50
-42
-33
-37
-42
-41
-46
-37
-27
-21
-1
7
34
45
67
73
81
81
77
83
74
76
67
62
60
59
62
63
68
69
74
86
86
100
100
103
108
102
109
99
107
100
108
109
108
114
102
102
88
88
73
68
58
43
43
38
45
48
56
55
58
58
58
59
54
49
48
47
56
66
76
83
92
97
98
99
86
72
50
32
13
-1
-12
-24
-30
-43
-44
-55
-65
-78
-95
-111
-132
-139
-151
-158
-155
-160
-155
-151
-149
-143
-150
-141
-147
-133
-125
-111
-87
-76
-43
-27
-1
10
26
23
22
17
9
1
-11
-20
-33
-33
-46
-40
-56
-55
-70
-76
-83
-94
-94
-112
-106
-111
-100
-91
-77
-61
-50
-28
-15
8
24
36
47
61
71
92
102
118
125
134
144
147
163
156
162
150
145
139
126
117
102
91
81
71
68
53
51
33
25
13
0
-8
-22
-22
-30
-17
-11
15
32
61
82
109
132
144
159
153
159
149
149
139
135
131
122
125
117
113
100
83
63
42
21
3
-23
-40
-62
-75
-87
-101
-106
-130
-134
-159
-166
-178
-185
-183
-195
-175
-173
-142
-125
-101
-79
-68
-45
-44
-29
-34
-34
-33
-39
-26
-23
-9
-1
6
16
12
23
12
7
-10
-27
-45
-64
-78
-98
-107
-116
-116
-115
-109
-101
-95
-90
-82
-75
-67
-65
-58
-56
-47
-35
-26
-7
-4
21
22
48
52
65
76
74
88
84
103
98
111
103
103
101
91
86
69
55
39
29
21
13
13
7
11
12
17
21
23
23
17
14
11
4
2
-3
-3
0
5
17
29
37
47
55
65
70
78
77
78
75
68
67
54
46
31
21
7
-2
-5
-17
-14
-24
-18
-20
-19
-21
-28
-29
-45
-44
-55
-55
-61
-60
-60
-55
-52
-48
-44
-40
-38
-31
-27
-20
-16
-12
-6
-3
2
1
0
-12
-19
-32
-39
-49
-56
-55
-62
-50
-51
-39
-36
-36
-36
-46
-45
-59
-60
-71
-73
-68
-68
-53
-45
-34
-23
-12
-2
3
13
14
17
23
23
33
37
37
36
34
26
28
24
25
25
27
40
47
70
67
90
83
91
92
82
83
61
61
38
40
30
25
28
21
25
26
28
26
25
21
16
13
12
11
12
11
10
14
15
19
22
24
29
32
41
43
52
54
54
61
58
59
56
50
44
42
38
34
36
31
30
28
23
22
18
6
-3
-13
-23
-33
-44
-57
-72
-83
-97
-107
-108
-117
-114
-110
-107
-94
-82
-70
-61
-45
-42
-33
-28
-33
-29
-33
-32
-28
-25
-14
-13
-3
-6
4
3
-2
-1
-11
-9
-21
-16
-24
-23
-23
-29
-24
-29
-32
-38
-42
-51
-56
-61
-66
-65
-61
-58
-45
-41
-30
-24
-18
-14
-9
0
4
17
23
33
45
56
68
77
84
84
87
83
77
70
64
57
54
49
47
49
45
47
44
45
39
41
33
33
33
30
33
29
32
25
26
17
14
10
4
2
-3
-2
-8
-3
-4
0
5
5
12
12
17
15
20
21
22
29
27
31
28
25
22
13
9
-1
-2
-11
-13
-12
-17
-14
-17
-16
-18
-18
-22
-26
-31
-34
-38
-39
-45
-42
-44
-43
-42
-44
-45
-53
-51
-60
-59
-62
-61
-57
-53
-47
-41
-32
-28
-18
-16
-10
-9
-4
-4
2
3
6
10
10
11
7
6
-4
-9
-17
-25
-26
-29
-28
-25
-20
-19
-10
-8
-3
-1
0
-1
-3
-1
-4
1
0
5
8
6
9
6
6
3
4
7
8
20
21
33
38
48
51
52
54
50
51
45
47
43
46
45
48
50
51
50
44
42
34
30
22
22
21
22
28
26
32
28
28
21
17
11
3
1
-7
-4
-9
-6
-6
-6
-9
-15
-19
-28
-32
-38
-42
-38
-35
-25
-15
-2
7
14
19
16
13
8
-1
-4
-10
-11
-11
-11
-11
-15
-16
-25
-29
-38
-45
-50
-56
-54
-55
-51
-49
-45
-44
-46
-47
-56
-62
-71
-76
-78
-75
-66
-61
-48
-43
-33
-28
-24
-20
-18
-15
-14
-6
-1
12
24
34
44
51
56
54
51
47
40
38
32
30
31
29
33
28
28
22
18
11
3
4
-2
3
3
9
15
21
27
29
34
31
33
31
32
34
35
39
41
47
49
53
54
56
56
57
58
60
60
61
60
59
57
53
48
40
32
24
16
11
6
3
0
-1
-5
-9
-16
-23
-29
-34
-38
-42
-41
-38
-34
-30
-27
-22
-21
-20
-21
-22
-24
-22
-18
-13
-2
4
13
16
21
18
15
10
3
-1
-8
-11
-15
-13
-14
-12
-16
-20
-26
-37
-47
-61
-69
-78
-80
-83
-80
-75
-73
-67
-66
-65
-68
-69
-72
-72
-72
-65
-55
-44
-31
-20
-9
-2
1
0
-2
-7
-10
-15
-14
-12
-9
-3
0
6
7
11
8
4
1
-5
-6
-7
-3
-1
5
10
14
20
20
23
19
19
14
14
13
14
20
24
32
37
46
50
57
59
60
62
61
62
61
64
63
65
67
72
74
74
75
71
69
62
58
47
43
36
32
28
26
25
23
25
22
22
17
13
8
2
-1
-6
-3
-4
1
4
9
16
18
23
22
25
22
20
19
17
18
20
23
26
29
29
30
27
20
12
3
-9
-17
-24
-31
-35
-36
-36
-37
-37
-41
-45
-51
-56
-61
-68
-71
-74
-70
-69
-61
-57
-51
-47
-45
-43
