-21
-11
-17
-19
-20
-14
1
10
10
21
17
18
3
3
-6
-20
-23
-33
89
48
6
43
13
16
-4
108
96
16
89
91
62
32
7
-45
6
-39
-81
-15
-102
-161
-156
-144
-113
-187
-133
-17
-69
-29
-61
-7
-14
-110
67
136
66
125
132
75
65
28
67
120
23
83
33
32
120
-72
52
-40
-101
-16
-59
51
-84
-139
-93
-164
-176
-137
-89
-101
-92
-93
-101
-87
-63
-90
-34
-9
45
-14
44
98
-71
97
5
55
75
-5
104
37
16
73
40
109
73
47
61
60
-12
-88
58
-82
8
-16
-110
-3
-199
-105
-98
-208
-96
-210
-169
-117
-207
-61
-104
-78
-45
-36
-26
-10
-17
-90
78
-71
122
110
13
185
-46
155
86
160
277
78
190
41
-79
-84
-63
-35
-107
-99
-178
-260
-262
-269
-200
-203
-66
-111
-116
-63
-144
-125
-67
30
39
108
160
75
37
88
64
54
125
226
248
189
169
77
6
-33
-14
76
71
29
-69
-33
-205
-185
-74
-144
20
-163
-51
-124
-254
-64
-83
-13
47
71
144
114
63
162
65
148
274
147
176
174
131
79
96
93
57
-4
73
85
43
52
-102
-72
-113
-105
-82
-9
-52
-134
18
-53
-17
-6
-8
141
58
148
135
55
66
-14
70
78
76
155
123
96
41
-30
24
82
73
150
173
104
-23
-73
33
-21
51
176
52
25
-21
-120
-101
-42
39
52
78
75
-38
-63
-47
-4
30
142
183
101
129
-49
-54
-11
4
88
121
153
-33
-71
-97
-157
-91
0
107
94
59
-22
-74
-105
-44
79
101
158
34
-18
-54
-121
-82
-31
24
67
100
25
-14
-103
-120
-33
29
126
95
23
-61
-150
-138
-73
20
24
-9
-21
-142
-151
-150
-88
-23
3
-23
-49
-33
-106
-76
-41
-4
-47
15
36
-41
-45
-41
-17
4
66
80
51
57
47
47
73
72
58
62
18
-35
22
-19
28
43
-47
-42
-69
-38
-3
80
109
46
43
20
33
94
103
113
112
83
-30
-33
15
-11
34
52
84
36
-25
11
16
6
47
92
65
-6
-87
-124
-145
-95
-31
-34
-25
-104
-200
-204
-124
-13
14
50
63
-43
-123
-49
46
63
99
72
-13
-102
-155
-89
-65
-27
-15
-53
-64
-181
-172
-141
-82
-13
-43
-66
-152
-214
-194
-140
-56
-37
-76
-93
-135
-155
-123
-44
19
29
50
47
-11
-89
-118
-14
51
118
129
61
-32
-116
-87
9
140
137
155
122
56
-3
-7
106
136
204
259
244
213
70
96
87
167
269
254
300
149
116
70
111
194
204
255
256
205
104
58
20
3
55
139
143
70
-34
-104
-67
2
50
62
13
-25
-47
-4
19
-6
-49
-82
-43
-6
-24
-61
-121
-164
-193
-167
-110
-177
-208
-247
-211
-179
-203
-207
-239
-258
-305
-264
-280
-353
-391
-425
-374
-356
-344
-342
-379
-400
-364
-233
-218
-206
-313
-298
-263
-238
-123
-164
-167
-332
-272
-263
-353
-298
-374
-349
-425
-338
-268
-303
-225
-214
-62
-18
167
270
298
408
422
626
693
868
944
987
1083
1061
1203
1157
1236
1190
1142
1164
1036
995
838
781
706
619
540
388
252
86
-23
-46
-126
-176
-212
-262
-301
-295
-230
-213
-143
-70
-40
26
89
138
168
217
283
261
297
333
307
236
205
189
50
3
-84
-146
-303
-417
-453
-590
-714
-785
-799
-965
-929
-950
-1037
-1053
-958
-817
-893
-765
-757
-828
-706
-553
-399
-383
-374
-471
-585
-548
-478
-381
-415
-378
-540
-718
-775
-856
-819
-783
-388
-217
-331
-440
-507
-427
-272
226
589
583
459
325
394
532
830
1171
1302
1295
1157
1179
1198
1149
1082
1119
1158
1012
881
690
432
184
81
111
97
12
-156
-361
-474
-510
-394
-289
-249
-219
-177
-52
30
119
194
389
554
672
778
771
805
760
818
902
875
836
674
542
396
295
309
196
42
-97
-205
-378
-458
-474
-506
-486
-504
-485
-518
-598
-609
-511
-368
-246
-223
-141
-163
-340
-139
-88
-75
138
35
122
-40
-116
-84
-176
-14
9
-25
-150
-167
-400
-315
-356
-392
-289
-455
-316
-475
-576
-472
-465
-412
-416
-338
-279
-354
-327
-339
-282
-297
-153
-158
-198
-96
-208
-162
-199
-139
-115
-249
-165
-136
-284
-252
-261
-272
-195
-142
-101
-157
-194
-158
-71
-41
111
64
-29
51
38
84
104
169
235
165
185
240
268
272
274
281
297
396
389
363
312
270
286
334
396
400
318
251
235
254
255
320
337
265
245
268
348
283
243
234
244
246
309
328
264
251
254
325
360
415
302
205
216
298
268
268
255
165
115
115
228
166
128
105
69
2
102
40
-45
5
-47
17
16
-14
-90
-152
-181
-10
-102
-157
-40
-158
-129
-224
-103
-125
-160
-155
-197
-173
-276
-178
-235
-347
-381
-250
-347
-443
-264
-233
-421
-248
-96
-375
-438
-347
-246
-386
-294
-141
-212
-480
-368
-336
-314
-245
-278
-128
-381
-434
-318
-375
-450
-230
-178
-267
-371
-390
-454
-508
-196
-58
-132
-259
-214
-197
-214
51
328
329
97
88
208
245
380
480
535
465
444
514
564
540
495
531
571
631
504
402
379
327
301
316
357
291
72
-25
0
9
17
9
-23
-117
-66
46
97
34
26
3
73
261
236
195
99
266
195
229
531
395
271
190
306
341
362
417
246
97
77
214
141
78
163
75
-52
-112
-81
-119
-207
-192
-131
-291
-329
-302
-485
-409
-341
-255
-395
-391
-395
-456
-442
-551
-263
-328
-518
-502
-278
-425
-576
-282
-312
-430
-379
-233
-273
-408
-125
-186
-304
-45
-125
-89
-278
-112
78
-47
-15
-127
35
-52
-91
-39
23
156
-103
-88
-15
-137
-261
-267
-80
-268
-335
-146
-98
53
-171
-384
-191
-105
27
213
368
162
-189
-23
294
484
569
724
625
380
368
473
748
764
663
676
577
434
352
421
534
484
375
308
211
-33
-120
2
85
43
-68
-164
-350
-382
-189
-31
62
-71
-261
-287
-166
2
33
117
125
4
-46
104
236
257
321
332
313
253
292
289
266
372
375
325
228
200
188
88
139
233
154
12
-41
132
53
-25
74
-56
-65
-187
-159
-137
-195
-223
-262
-168
-389
-391
-317
-248
-296
-430
-158
-342
-401
-339
-319
-219
-389
-273
-297
-300
-305
-389
-332
-326
-214
-334
-243
-198
-475
-384
-217
-3
-257
-403
-246
-517
-441
-255
-294
-304
-534
-630
-600
-610
-487
-688
-533
-184
-78
-343
-644
-303
-263
9
327
546
260
-418
-37
286
630
775
776
786
348
438
754
1157
1216
976
839
665
747
753
790
921
707
418
181
271
223
93
220
153
-40
-268
-243
-121
-134
-69
58
17
-252
-396
-191
95
240
111
70
45
-52
68
272
493
412
292
219
252
299
394
498
418
408
354
327
178
91
215
234
253
159
28
-84
-206
-82
3
94
-30
-248
-314
-359
-233
-191
-119
-239
-461
-573
-575
-434
-298
-313
-476
-598
-684
-633
-491
-211
-317
-406
-461
-503
-400
-300
-60
-162
-209
-309
-373
-312
-164
-190
-185
-189
-353
-482
-500
-278
-367
-469
-476
-760
-992
-902
-924
-961
-1108
-620
-216
-507
-1116
-1300
-567
-219
174
403
348
-388
-777
175
963
1160
883
939
844
449
804
1458
1779
1343
956
928
869
903
971
1246
1044
442
29
61
282
190
152
65
-330
-629
-528
-293
-314
-430
-264
-103
-330
-593
-400
61
283
238
203
210
193
281
594
863
841
628
566
621
706
898
977
814
514
549
755
707
564
523
540
409
288
331
248
179
49
111
97
-146
-227
-335
-252
-373
-382
-381
-511
-580
-714
-694
-746
-697
-588
-567
-621
-762
-734
-552
-471
-414
-413
-502
-558
-423
-191
-154
-299
-339
-327
-249
-196
-243
-257
-316
-308
-435
-415
-471
-580
-648
-666
-632
-804
-916
-1077
-1198
-1314
-1402
-1419
-966
-325
-320
-1214
-1747
-938
-122
265
508
505
-145
-871
35
1204
1542
1290
1195
1302
743
936
1751
2251
1922
1314
1223
1078
1097
1323
1459
1198
493
100
112
293
306
118
-118
-554
-819
-596
-293
-423
-642
-571
-313
-456
-771
-597
-128
148
69
-53
-31
110
330
584
749
727
640
626
679
808
928
910
766
680
764
687
436
565
682
648
337
294
494
282
235
108
195
86
-48
69
-165
-310
-433
-225
-91
-349
-450
-610
-594
-593
-475
-338
-520
-649
-714
-536
-453
-420
-369
-404
-448
-470
-329
-247
-269
-303
-241
-186
-146
-115
-97
-138
-255
-250
-163
-101
-218
-502
-667
-629
-543
-651
-799
-1018
-1241
-1487
-1584
-1543
-1593
-1026
-460
-659
-1874
-2229
-900
-53
181
177
187
-522
-1098
199
1377
1582
1109
1109
1130
619
1228
2139
2422
1732
1137
1139
1086
1325
1650
1570
992
277
91
265
452
421
104
-391
-866
-772
-393
-322
-644
-794
-536
-371
-528
-629
-352
85
217
113
104
263
533
760
816
799
864
959
1007
972
1023
1018
978
890
881
950
790
694
620
661
672
513
498
252
142
127
74
158
-52
-100
-344
-556
-516
-466
-313
-550
-752
-893
-964
-871
-810
-670
-817
-1035
-1101
-1021
-802
-768
-761
-831
-905
-839
-659
-482
-497
-536
-567
-502
-290
-78
-79
-322
-495
-411
-76
-9
-197
-478
-561
-585
-584
-529
-676
-902
-1260
-1368
-1455
-1501
-1403
-610
-212
-962
-2168
-1795
-279
120
123
174
92
-854
-868
818
1733
1486
1062
1228
1138
837
1797
2638
2464
1536
1162
1406
1491
1804
1938
1537
760
333
458
640
588
469
36
-545
-755
-437
-110
-377
-714
-704
-437
-277
-455
-544
-357
48
175
93
162
367
624
651
736
916
1099
1066
943
970
1116
1094
958
937
919
971
835
724
621
602
648
334
289
278
249
92
-224
-76
-202
-226
-411
-539
-574
-780
-656
-761
-852
-1056
-1161
-1060
-1029
-959
-1073
-1155
-1133
-1094
-930
-869
-829
-876
-876
-732
-556
-402
-405
-448
-426
-319
-116
3
-111
-231
-233
-44
-5
-63
-208
-375
-400
-471
-521
-631
-842
-991
-1255
-1431
-1554
-1178
-171
-260
-1368
-2309
-1210
65
-66
25
173
-63
-1124
-433
1305
1681
1269
1035
1295
900
984
2127
2567
2094
1303
1220
1266
1398
1905
1670
966
290
302
364
317
380
33
-610
-989
-740
-436
-598
-838
-919
-828
-632
-537
-563
-669
-403
-100
25
46
218
505
583
572
675
1013
1237
1102
943
1023
1252
1246
1113
1034
962
1000
916
945
775
753
679
456
403
393
480
157
-93
-173
-162
-160
-315
-365
-558
-718
-784
-754
-651
-840
-980
-1103
-988
-863
-894
-885
-930
-891
-904
-758
-603
-560
-551
-547
-448
-315
-207
-176
-226
-189
-68
14
-47
-149
-66
-52
-106
-239
-267
-378
-530
-582
-741
-864
-1085
-1212
-1461
-1678
-1758
-1144
-278
-653
-1988
-2504
-941
12
-218
-109
39
-483
-1337
29
1550
1420
975
1058
1305
790
1334
2443
2411
1793
1233
1311
1390
1747
2008
1359
775
415
437
454
552
488
-157
-730
-768
-397
-225
-508
-889
-1023
-728
-354
-357
-580
-631
-256
-6
56
136
335
495
466
531
786
1088
1169
981
880
1056
1269
1248
1135
1086
978
717
808
1186
1038
628
244
534
598
515
592
262
83
-299
25
232
-22
-209
-553
-453
-632
-578
-430
-645
-856
-1178
-971
-846
-807
-843
-1051
-1037
-1064
-847
-688
-612
-620
-715
-689
-556
-288
-120
-164
-261
-247
-82
67
61
-34
-50
-2
24
-86
-209
-367
-404
-496
-605
-742
-908
-1123
-1491
-1527
-1550
-781
-406
-933
-2073
-2165
-600
-201
-296
-228
-167
-782
-1307
325
1348
1104
687
807
1043
636
1460
2285
2057
1328
944
1219
1317
1659
1706
1021
482
360
539
468
437
308
-245
-768
-683
-269
-183
-564
-942
-946
-603
-201
-266
-606
-598
-147
104
72
137
392
540
454
523
815
1072
1079
939
849
921
1105
1173
997
792
707
733
606
719
937
741
268
64
581
611
353
241
86
-11
-218
57
42
-286
-459
-544
-454
-564
-521
-596
-889
-963
-924
-775
-820
-875
-962
-1152
-1092
-903
-712
-725
-813
-862
-819
-662
-427
-267
-278
-314
-323
-206
0
165
48
-137
-107
35
31
-173
-291
-355
-450
-469
-728
-882
-1157
-1279
-1234
-1452
-586
-195
-749
-2152
-2030
-126
-5
-267
-187
-36
-886
-1378
634
1577
1066
545
748
998
646
1727
2450
1942
1146
890
1277
1436
1808
1651
834
420
452
566
418
456
285
-341
-801
-555
-131
-201
-603
-951
-897
-495
-116
-279
-728
-692
-162
110
43
29
251
375
347
464
741
1021
968
700
639
867
1135
1002
752
722
696
525
378
810
1012
587
81
56
535
604
508
381
27
-58
-116
197
189
-131
-306
-523
-359
-344
-340
-469
-732
-750
-766
-659
-575
-630
-804
-1082
-944
-715
-566
-653
-832
-811
-729
-550
-396
-279
-299
-439
-442
-177
127
159
-53
-245
-131
74
93
-61
-292
-362
-460
-502
-500
-615
-873
-1339
-1284
-1192
-839
-258
-504
-1357
-2205
-981
117
-91
-203
-266
-375
-1234
-255
1376
1312
705
472
951
807
1141
2219
2099
1347
823
1260
1575
1542
1667
1205
680
435
631
745
521
370
35
-369
-517
-273
-7
-256
-654
-794
-543
-173
-121
-383
-606
-254
156
165
57
225
513
436
324
545
912
959
704
618
773
916
836
730
695
618
443
381
450
750
713
208
-46
68
553
420
277
290
-167
-172
-151
193
155
-354
-343
-572
-420
-427
-460
-448
-855
-817
-876
-753
-687
-858
-932
-1163
-977
-847
-790
-819
-994
-887
-841
-690
-535
-507
-544
-597
-434
-207
-69
-31
-165
-280
-191
28
83
-120
-383
-487
-430
-437
-571
-723
-1065
-1245
-1108
-1060
-468
-283
-779
-1927
-1711
-124
85
-223
-363
-246
-872
-1015
717
1496
886
305
542
931
910
1790
2168
1520
986
1035
1457
1508
1776
1557
692
446
694
898
531
410
357
-198
-529
-298
118
-50
-504
-711
-653
-266
-4
-204
-631
-558
-78
103
70
145
293
224
187
421
658
782
744
697
610
694
812
824
747
688
583
449
437
678
991
660
176
38
530
762
545
545
296
52
-24
287
466
108
-168
-279
-269
-290
-251
-185
-468
-780
-866
-706
-574
-597
-801
-1094
-1093
-861
-726
-813
-856
-817
-791
-798
-605
-405
-412
-488
-449
-301
-164
20
39
-147
-254
-46
97
20
-114
-252
-317
-425
-428
-595
-757
-987
-1085
-990
-1106
-519
-349
-845
-1823
-1517
-72
-29
-355
-482
-358
-815
-727
776
1157
540
220
685
962
857
1590
1849
1339
914
1089
1384
1360
1581
1367
766
528
709
789
531
520
338
-143
-456
-217
157
2
-370
-651
-510
-157
-3
-215
-566
-373
44
139
-8
22
291
326
221
276
571
831
737
547
491
652
757
736
670
588
449
349
515
681
770
412
174
236
497
682
444
534
342
115
77
244
485
61
-144
-232
-276
-237
-316
-253
-575
-778
-742
-646
-544
-727
-793
-950
-957
-820
-787
-715
-746
-735
-810
-777
-560
-357
-337
-427
-388
-221
-23
51
42
-63
-60
73
160
115
-38
-158
-251
-290
-374
-555
-703
-881
-1017
-1073
-1186
-778
-365
-741
-1746
-1874
-453
-19
-603
-748
-466
-628
-1112
-97
869
539
62
243
676
593
994
1566
1291
839
800
1094
1173
1315
1345
832
462
568
723
577
466
390
22
-461
-310
138
170
-309
-678
-527
-228
-80
-193
-430
-411
-155
11
-46
-35
165
299
198
162
404
690
741
556
436
470
658
805
735
559
445
449
407
494
807
675
363
118
374
695
575
669
402
241
191
227
452
201
135
-20
-227
-164
-152
-54
-385
-606
-576
-615
-535
-574
-586
-794
-939
-841
-728
-587
-582
-682
-808
-806
-513
-303
-284
-318
-327
-300
-217
78
202
41
-143
-67
119
154
97
-56
-186
-222
-235
-290
-374
-569
-697
-910
-1006
-952
-895
-428
-522
-1082
-1778
-1168
-104
-298
-548
-520
-365
-904
-640
620
768
233
124
681
748
560
1250
1540
1114
714
904
1194
1154
1336
1180
614
398
665
773
513
413
297
-181
-372
23
269
-82
-549
-569
-418
-256
-104
-215
-508
-524
-215
-52
-90
-21
140
112
67
229
525
714
549
302
256
566
825
727
525
430
437
428
534
654
563
402
319
331
437
580
599
368
106
51
156
222
210
64
-173
-405
-364
-170
-182
-401
-667
-699
-656
-600
-600
-694
-788
-912
-898
-738
-599
-607
-746
-764
-642
-518
-426
-351
-287
-289
-300
-181
-19
118
133
25
-5
79
215
200
112
-24
-163
-192
-160
-114
-322
-666
-884
-889
-700
-850
-815
-485
-624
-1296
-1738
-708
-24
-467
-756
-575
-493
-949
-235
792
614
26
133
757
763
872
1399
1356
947
869
1256
1353
1290
1353
1080
702
694
941
869
653
512
299
-34
-11
285
259
-116
-415
-384
-239
-115
-97
-275
-455
-353
-106
-13
16
138
207
69
71
373
672
613
380
351
537
691
647
551
508
512
417
416
521
580
472
244
268
363
426
430
332
279
64
36
180
187
37
-184
-195
-236
-268
-242
-300
-435
-582
-536
-506
-535
-535
-587
-667
-685
-547
-471
-525
-538
-479
-495
-465
-335
-217
-207
-255
-212
-115
43
144
125
74
64
149
158
133
160
152
33
-159
-189
-124
-237
-382
-619
-756
-866
-983
-939
-1006
-890
-821
-1021
-1385
-1458
-744
-457
-753
-793
-659
-679
-950
-325
395
303
-12
109
574
580
758
1176
1193
898
808
1109
1223
1218
1203
986
732
708
897
864
646
407
234
76
65
186
168
-146
-453
-426
-189
-30
-109
-346
-519
-342
6
171
97
-2
33
114
257
493
613
531
362
369
482
622
707
589
407
341
394
401
358
456
428
186
14
181
410
298
127
26
14
-8
25
31
-100
-204
-210
-202
-205
-224
-210
-273
-369
-374
-316
-266
-334
-395
-426
-385
-344
-343
-332
-325
-344
-354
-322
-250
-228
-246
-223
-156
-82
-58
-21
37
53
45
55
104
130
100
73
-22
-56
-144
-186
-205
-276
-425
-629
-686
-777
-906
-1013
-1013
-1064
-923
-784
-939
-1416
-1312
-612
-456
-711
-733
-472
-626
-673
53
521
301
103
424
733
707
1022
1319
1189
911
978
1244
1307
1311
1171
884
779
848
855
630
467
352
118
-89
-59
81
-30
-305
-447
-339
-165
-81
-191
-386
-423
-178
28
21
-3
83
128
102
226
492
609
464
337
380
502
571
544
422
258
171
194
234
343
274
65
-198
-144
144
191
-18
-231
-214
-190
-124
15
-18
-215
-300
-172
18
-17
-75
-107
-130
-129
-68
51
44
-81
-197
-146
-19
29
-95
-181
-156
-155
-221
-197
-53
-20
-135
-249
-179
-3
83
36
-36
-81
-18
63
79
-35
-127
-111
-118
-157
-218
-300
-330
-389
-452
-616
-736
-770
-823
-952
-1113
-1077
-1105
-1022
-887
-857
-1121
-1250
-771
-432
-470
-482
-340
-324
-468
1
495
454
290
463
767
733
877
1136
1122
960
978
1133
1107
1043
1051
933
723
596
613
594
495
327
138
-17
-6
44
10
-129
-278
-249
-133
-40
-73
-144
-129
-9
131
209
207
241
315
322
333
397
509
500
361
300
337
394
366
285
188
112
56
50
118
84
-84
-216
-137
-44
-106
-123
-41
-72
-155
-104
64
78
-28
21
91
106
120
159
118
24
61
163
155
72
17
-22
-46
-33
-20
-78
-145
-128
-91
-117
-140
-132
-97
-88
-131
-169
-139
-52
-91
-209
-178
-54
-1
-97
-162
-161
-132
-101
-151
-235
-337
-364
-439
-534
-562
-607
-752
-942
-975
-969
-1019
-1064
-1079
-1103
-969
-792
-882
-1144
-961
-501
-474
-573
-423
-239
-435
-405
139
444
290
240
494
602
564
839
1053
895
745
843
929
887
986
998
670
450
599
688
492
362
414
252
31
65
246
237
45
-44
12
116
176
130
38
68
173
229
233
284
297
251
231
291
365
373
252
136
145
203
221
124
35
-15
-40
-85
-71
78
118
-51
-180
-23
170
177
171
158
100
77
294
462
360
209
201
301
282
326
372
253
75
61
214
196
66
-21
-115
-181
-208
-120
-118
-226
-346
-404
-342
-248
-180
-255
-380
-372
-281
-239
-204
-145
-157
-260
-254
-113
-27
-84
-191
-239
-219
-192
-172
-201
-331
-467
-513
-493
-535
-666
-831
-927
-975
-1026
-1094
-1123
-1114
-993
-890
-942
-1160
-1034
-632
-522
-577
-483
-296
-440
-465
-17
303
180
110
389
544
488
708
972
930
758
834
954
954
1060
1142
970
729
729
821
748
656
582
420
265
258
383
346
183
31
34
109
181
151
-13
-79
-18
69
88
97
67
-6
-40
42
126
135
53
4
39
84
102
89
74
89
80
43
76
160
266
233
135
100
247
430
420
328
317
348
344
381
487
452
309
233
275
300
215
166
82
-20
-86
-42
-1
-110
-270
-355
-318
-251
-261
-325
-406
-418
-384
-350
-326
-273
-237
-281
-306
-236
-118
-72
-102
-123
-103
-66
8
57
6
-86
-140
-122
-113
-142
-220
-330
-434
-502
-514
-569
-645
-754
-866
-928
-939
-957
-1026
-1073
-1073
-902
-785
-860
-1062
-959
-595
-472
-456
-352
-250
-389
-345
161
463
345
294
504
652
663
914
1123
1031
916
979
1121
1134
1110
1073
934
854
819
807
766
673
528
313
252
309
325
190
8
-76
-85
-57
-56
-110
-215
-321
-305
-209
-156
-193
-256
-238
-225
-180
-91
-18
-44
-80
-33
52
126
140
134
124
116
156
202
268
295
232
183
207
355
390
367
347
271
206
191
342
324
179
79
54
66
30
39
-4
-129
-205
-236
-217
-219
-253
-286
-385
-384
-320
-246
-238
-277
-306
-308
-209
-121
-91
-116
-132
-105
-63
5
71
70
16
-36
4
44
60
58
1
-84
-143
-116
-119
-165
-270
-361
-412
-442
-457
-495
-570
-662
-733
-737
-762
-794
-850
-898
-901
-898
-679
-499
-550
-789
-693
-296
-117
-67
12
62
-67
32
489
745
662
591
690
803
907
1146
1231
1089
969
1034
1130
1132
1160
1065
835
697
719
757
632
487
330
135
36
50
101
-15
-234
-368
-371
-308
-278
-329
-438
-509
-442
-327
-295
-320
-344
-320
-279
-196
-92
-27
-43
-62
1
101
160
177
187
183
178
183
225
279
259
185
114
125
181
192
189
101
2
-17
82
154
50
-62
-112
-105
-104
-109
-104
-180
-295
-326
-284
-256
-275
-319
-377
-380
-322
-274
-262
-266
-271
-296
-260
-163
-83
-87
-126
-107
-28
34
41
45
48
36
39
70
115
112
43
-12
-12
2
-16
-72
-138
-211
-266
-281
-298
-361
-438
-476
-484
-504
-531
-531
-557
-599
-618
-560
-495
-502
-409
-305
-310
-367
-250
28
91
98
234
346
306
342
631
800
747
772
881
904
879
988
1087
1011
921
895
883
848
849
778
592
483
468
407
309
243
176
9
-134
-166
-158
-215
-317
-415
-462
-428
-396
-411
-456
-450
-421
-397
-343
-269
-248
-257
-235
-164
-97
-41
-15
-24
-11
18
58
71
66
48
54
114
160
143
69
62
117
152
110
71
68
47
13
-17
-6
-8
-70
-117
-120
-125
-160
-194
-199
-231
-274
-294
-287
-277
-281
-299
-300
-291
-261
-255
-264
-245
-212
-191
-178
-120
-59
-44
-40
21
90
102
89
91
147
195
200
183
163
176
184
163
150
116
43
-30
-49
-60
-105
-183
-232
-250
-278
-298
-331
-347
-383
-400
-410
-408
-380
-373
-382
-379
-301
-181
-149
-168
-150
-33
66
110
229
321
314
289
429
616
630
613
669
702
675
690
787
786
692
640
627
622
614
601
497
340
283
258
174
113
74
-42
-192
-235
-208
-256
-354
-402
-413
-446
-444
-402
-410
-438
-409
-348
-314
-267
-215
-194
-204
-168
-95
-33
-7
-1
4
42
118
147
121
128
216
230
170
118
218
290
202
145
133
124
48
78
159
63
-72
-113
-53
-38
-100
-130
-183
-233
-234
-198
-182
-241
-270
-284
-268
-213
-192
-224
-290
-270
-221
-181
-152
-153
-146
-127
-79
-18
35
69
84
69
68
137
210
205
149
137
148
154
155
157
136
51
-25
-17
21
-8
-95
-157
-171
-190
-211
-231
-263
-294
-347
-352
-332
-337
-353
-360
-343
-311
-255
-216
-159
-103
-106
-67
35
121
176
217
283
289
337
454
527
521
510
573
592
557
576
595
544
467
430
428
369
321
248
156
81
21
-24
-98
-155
-242
-341
-389
-405
-431
-483
-514
-512
-514
-492
-445
-423
-418
-371
-306
-261
-201
-138
-117
-91
-44
27
70
108
128
124
160
184
217
183
238
315
277
181
178
299
293
254
255
194
105
105
220
194
45
-27
-14
11
-28
-26
-65
-157
-201
-193
-150
-159
-200
-244
-318
-287
-242
-209
-230
-270
-252
-244
-180
-127
-84
-82
-82
-15
70
141
184
200
196
217
284
333
337
296
259
254
240
235
222
177
101
47
45
32
-7
-67
-130
-161
-175
-190
-229
-270
-298
-330
-314
-285
-269
-289
-290
-253
-195
-169
-156
-141
-89
-29
13
24
52
121
160
206
254
289
279
275
305
369
398
396
358
343
359
375
372
325
275
214
172
153
144
109
23
-47
-72
-73
-106
-167
-208
-257
-293
-302
-297
-311
-337
-336
-316
-293
-266
-226
-208
-197
-169
-115
-65
-31
-16
-14
-14
21
88
129
124
116
136
189
235
204
192
167
184
172
174
205
162
101
47
97
93
72
17
-39
-42
-32
-18
-50
-102
-142
-164
-169
-144
-134
-171
-235
-238
-207
-168
-175
-171
-143
-136
-108
-77
-16
16
23
36
72
153
201
212
228
262
296
306
329
332
318
292
287
290
264
227
182
139
106
82
46
13
-19
-45
-79
-136
-180
-202
-225
-259
-289
-296
-303
-295
-289
-300
-299
-275
-230
-220
-212
-191
-146
-110
-83
-64
-40
5
59
96
89
96
104
109
130
172
203
183
163
149
145
143
151
152
105
63
46
38
13
-21
-64
-93
-104
-114
-123
-136
-145
-145
-166
-195
-192
-185
-193
-199
-192
-167
-146
-131
-131
-110
-75
-52
-21
15
54
61
77
110
133
148
159
183
191
196
188
189
182
176
168
140
127
111
91
65
63
62
37
-7
-16
-21
-48
-76
-95
-109
-129
-151
-178
-202
-203
-198
-208
-209
-189
-167
-171
-158
-116
-84
-56
-21
19
30
49
76
107
131
145
174
196
211
212
220
247
264
261
228
214
200
171
148
113
68
20
-14
-46
-70
-93
-127
-164
-192
-189
-183
-192
-215
-233
-227
-206
-199
-200
-202
-187
-154
-110
-76
-74
-69
-53
-27
11
46
87
107
122
147
175
207
217
221
212
199
205
214
208
188
185
177
166
162
153
136
115
86
60
51
48
36
-10
-49
-67
-78
-95
-121
-142
-166
-174
-175
-182
-197
-199
-172
-158
-153
-132
-96
-72
-83
-61
-16
30
49
59
79
83
93
106
139
153
154
142
145
150
140
113
91
85
59
23
-1
-4
-43
-92
-121
-117
-115
-162
-218
-260
-264
-254
-260
-267
-275
-271
-260
-240
-216
-188
-157
-135
-102
-66
-36
-8
17
36
57
78
102
133
157
156
150
152
153
147
141
124
109
93
77
53
24
5
-23
-66
-102
-119
-145
-183
-209
-220
-219
-219
-217
-225
-224
-194
-185
-165
-137
-102
-74
-48
-5
23
63
96
134
171
194
229
265
294
312
340
372
387
382
373
376
368
345
321
296
266
228
172
142
124
86
29
-23
-59
-85
-105
-113
-123
-149
-185
-202
-203
-207
-219
-239
-236
-224
-224
-219
-178
-146
-126
-101
-74
-34
-14
7
37
62
74
86
107
134
144
142
144
146
141
134
132
121
101
79
71
71
66
49
26
8
9
0
-17
-30
-48
-70
-93
-101
-106
-100
-117
-143
-155
-131
-102
-111
-118
-109
-86
-76
-65
-28
5
5
-13
4
27
28
22
35
59
69
72
87
91
86
82
85
85
69
50
43
36
22
11
-10
-45
-95
-112
-105
-118
-146
-163
-145
-140
-137
-127
-105
-93
-88
-69
-31
-9
-1
10
31
65
96
127
153
169
177
194
219
256
269
261
263
280
293
290
271
239
215
191
169
153
114
71
36
5
-9
-14
-19
-38
-79
-95
-98
-100
-118
-137
-147
-169
-181
-177
-176
-188
-188
-180
-162
-153
-152
-150
-145
-126
-111
-88
-72
-71
-75
-62
-31
2
19
12
25
49
75
93
114
128
146
169
181
193
201
209
200
183
173
172
167
163
147
116
78
68
66
36
23
11
-13
-31
-38
-33
-51
-64
-74
-80
-90
-92
-86
-92
-91
-77
-70
-66
-65
-61
-51
-36
-11
-25
-39
-23
-22
-23
-24
-31
-35
-56
-74
-82
-87
-97
-106
-102
-108
-123
-128
-127
-132
-135
-137
-143
-140
-123
-101
-85
-79
-64
-45
-25
10
34
44
66
93
119
138
153
168
172
187
199
186
191
193
177
170
176
177
165
142
132
117
87
83
86
56
12
1
12
-1
-36
-53
-76
-123
-140
-139
-132
-157
-194
-204
-200
-205
-205
-209
-220
-230
-230
-211
-199
-190
-190
-190
-182
-161
-138
-127
-116
-98
-72
-47
-31
-8
21
38
46
57
77
100
121
132
141
149
155
166
165
166
156
146
144
129
110
95
81
72
77
49
-6
-26
-23
-35
-58
-67
-59
-62
-71
-65
-71
-78
-88
-82
-79
-84
-71
-68
-70
-66
-36
-23
-35
-25
-14
-10
-18
-16
-12
-15
-32
-24
1
6
-16
-32
-12
4
4
5
25
25
13
13
36
49
37
44
69
84
86
104
119
133
136
138
149
148
162
164
157
168
174
172
173
173
172
166
169
164
153
137
114
120
107
100
84
52
38
26
23
23
2
-23
-53
-80
-76
-88
-122
-141
-162
-184
-192
-186
-207
-243
-242
-231
-233
-235
-228
-217
-221
-223
-199
-189
-179
-166
-147
-117
-100
-79
-54
-23
6
24
55
84
102
108
125
150
155
161
165
163
174
163
173
184
176
171
152
127
117
114
103
81
67
54
21
3
-8
-25
-61
-78
-76
-82
-96
-114
-116
-123
-131
-134
-129
-135
-150
-126
-119
-130
-120
-104
-109
-100
-81
-75
-68
-75
-71
-49
-52
-49
-30
-15
-12
-31
-7
4
-4
-2
0
5
8
9
3
11
28
28
39
56
55
76
99
116
115
109
108
108
113
103
111
127
123
126
127
127
146
153
153
146
145
135
136
138
123
107
98
96
78
64
35
26
16
-6
-21
-34
-55
-79
-89
-105
-105
-109
-131
-146
-146
-142
-151
-168
-163
-183
-195
-175
-166
-167
-171
-151
-142
-148
-122
-101
-75
-50
-38
-3
19
21
49
81
90
99
112
127
152
151
146
165
164
147
157
163
143
133
130
120
110
96
90
76
50
45
33
11
-20
-25
-42
-65
-73
-82
-106
-128
-136
-138
-151
-161
-176
-182
-164
-164
-154
-142
-146
-159
-151
-140
-137
-111
-107
-120
-104
-93
-68
-43
-34
-17
-17
-7
10
18
-2
-7
8
5
24
41
55
71
76
68
61
68
87
84
81
86
106
117
109
122
134
121
117
133
113
97
88
85
92
90
99
94
83
86
83
90
88
68
41
19
23
4
-16
-30
-44
-39
-67
-74
-69
-92
-100
-107
-113
-103
-96
-103
-94
-90
-84
-94
-83
-83
-88
-87
-73
-47
-50
-44
-27
9
19
25
53
82
84
94
117
126
123
117
132
140
148
152
177
193
195
207
214
225
211
197
193
178
151
146
148
135
120
96
93
81
37
29
30
2
-32
-44
-38
-55
-86
-90
-87
-105
-118
-110
-113
-137
-158
-147
-145
-162
-145
-123
-119
-108
-95
-93
-94
-99
-101
-102
-91
-96
-88
-74
-83
-83
-75
-74
-80
-70
-76
-85
-77
-71
-74
-71
-79
-56
-38
-52
-31
-34
-47
-36
-23
-40
-57
-37
-21
-19
-19
-17
0
9
-7
6
12
-3
4
5
-7
-6
5
-6
-8
4
-2
-25
-5
-7
-47
-46
-43
-44
-41
-53
-49
-38
-48
-47
-38
-29
-35
-62
-61
-54
-58
-73
-66
-58
-60
-58
-47
-22
-47
-35
-18
-28
-7
2
16
35
46
48
55
72
72
82
89
102
116
105
129
160
147
158
183
179
171
171
175
171
148
130
136
133
106
101
107
103
78
78
72
56
30
14
30
6
-25
-19
-29
-42
-53
-53
-42
-74
-79
-59
-63
-76
-77
-73
-84
-77
-56
-47
-51
-41
-18
-31
-28
-7
-8
15
28
35
47
40
41
57
57
44
60
73
66
64
77
81
57
48
63
48
43
30
24
27
-2
-4
0
-12
-20
-23
-29
-23
-31
-42
-46
-51
-71
-89
-74
-75
-88
-81
-70
-64
-57
-67
-70
-42
-47
-48
-38
-32
-35
-37
-34
-35
-30
-45
-35
-44
-58
-56
-52
-56
-60
-71
-71
-67
-73
-60
-69
-47
-56
-52
-41
-52
-39
-56
-60
-64
-70
-55
-63
-56
-37
-42
-29
-17
-21
-9
4
16
23
43
63
75
89
83
87
106
105
94
90
81
82
65
59
67
61
46
44
52
48
32
39
40
16
1
-7
-1
-10
-31
-15
-8
-35
-29
-28
-24
-20
-25
-21
-26
-28
-36
-14
-8
-8
17
27
50
59
60
75
88
91
99
113
117
117
117
117
113
130
130
123
128
130
116
111
121
113
87
81
76
58
54
52
49
32
24
9
3
-14
-18
-19
-36
-37
-64
-65
-77
-87
-100
-93
-76
-83
-77
-73
-48
-38
-58
-42
-35
-34
-29
-35
-18
-23
-28
-31
-49
-36
-39
-57
-53
-50
-54
-58
-52
-44
-40
-47
-34
-27
-36
-44
-48
-51
-53
-58
-65
-65
-69
-78
-89
-83
-85
-96
-90
-99
-94
-86
-93
-85
-83
-88
-88
-89
-91
-87
-92
-101
-84
-92
-83
-74
-83
-72
-75
-80
-66
-65
-62
-55
-58
-46
-41
-31
-29
-19
-25
-24
1
-8
-7
1
-6
3
6
13
27
29
42
50
55
56
68
78
78
80
93
111
115
122
132
139
137
140
140
146
155
145
143
164
153
145
159
155
153
147
146
159
140
132
133
134
130
125
122
112
118
96
90
95
74
74
68
55
45
30
23
20
20
8
-11
-10
-13
-23
-14
-15
-16
-6
-20
-10
-2
-15
-13
-14
-18
-10
-19
-12
-10
-13
-16
-19
-5
-25
-27
-14
-24
-26
-26
-24
-21
-36
-31
-37
-51
-34
-46
-53
-66
-70
-68
-87
-84
-83
-94
-100
-95
-101
-105
-106
-100
-101
-106
-102
-92
-92
-107
-100
-96
-102
-112
-103
-107
-107
-101
-104
-87
-87
-86
-84
-70
-70
-83
-61
-51
-49
-37
-30
-8
-19
-24
-1
-4
-19
-16
1
-6
-7
10
21
28
32
44
60
55
54
65
66
68
65
82
87
81
92
91
99
89
88
89
86
87
84
89
93
90
94
77
65
75
71
57
54
65
56
61
48
50
57
29
25
30
35
29
32
34
23
19
21
16
17
18
7
15
24
15
4
24
21
3
29
32
37
27
20
30
17
8
13
22
5
-6
21
12
0
2
0
5
-8
0
7
5
-1
-11
4
0
-8
-8
-9
-11
-7
-13
-18
-18
-33
-40
-34
-39
-30
-30
-46
-40
-30
-37
-48
-30
-50
-56
-33
-41
-52
-56
-51
-54
-57
-76
-61
-69
-71
-73
-72
-68
-71
-61
-74
-57
-57
-65
-46
-48
-48
-21
-25
-27
-19
-8
-13
-14
0
3
5
12
19
18
19
14
17
16
14
16
33
19
21
24
12
15
18
15
9
24
16
15
15
4
15
7
-1
-3
-1
-9
-14
-8
-23
-20
-26
-33
-39
-33
-46
-51
-51
-54
-38
-53
-46
-56
-52
-56
-57
-47
-58
-58
-74
-73
-71
-69
-61
-53
-44
-46
-24
-10
-28
-21
0
3
-4
14
23
30
34
35
46
44
51
54
63
68
46
51
56
45
43
58
56
53
56
62
49
54
46
43
45
44
49
46
49
48
52
51
47
48
43
44
42
42
43
40
39
31
34
27
32
32
26
42
35
42
26
35
36
17
25
18
20
16
21
24
11
4
10
