-10
-21
-15
-1
0
-14
-6
18
-14
15
-10
18
-44
-4
-26
-19
-6
-19
-1
-33
14
-30
19
-11
21
-24
-19
8
-36
12
-17
7
-27
27
-21
3
-6
-5
-4
-26
14
-16
16
-9
22
-3
0
24
-6
20
-9
18
-23
-7
-12
-13
29
0
42
8
35
2
30
13
19
27
-14
16
-35
8
-26
30
10
5
16
20
16
27
23
37
-13
18
6
8
22
-13
25
-34
14
-31
24
-15
11
8
-46
23
-3
25
12
26
26
-30
41
-20
29
-19
-5
-22
-30
-5
-21
26
-10
16
7
-18
26
-7
6
8
-3
-25
-26
-25
-20
-21
-3
-6
-10
13
-21
29
-12
46
-28
30
-32
36
-27
23
-19
-22
-5
-24
1
-12
11
-45
24
-45
24
-46
33
-42
43
-34
29
-36
-7
-15
-59
12
-78
59
-87
77
-68
86
-42
42
6
8
10
-41
27
-73
23
-86
4
-70
-18
-20
-64
30
-62
46
-21
45
9
13
11
-30
47
-34
39
-23
32
0
-6
27
-13
20
-15
30
2
2
15
9
21
10
60
13
42
-6
31
2
-2
13
-6
-3
23
12
18
21
35
6
19
30
31
30
26
28
16
15
27
-11
18
-27
31
-15
9
16
-17
40
-42
61
-44
56
-24
31
-12
14
37
-6
64
-29
34
-42
-19
-16
-18
19
-52
36
-40
6
-41
28
-29
11
5
17
-5
11
13
4
30
12
12
9
5
-7
-18
-37
-41
-54
-22
-68
22
-54
-13
-39
-34
-10
-27
31
-22
41
-34
26
-22
-10
-11
-23
15
-46
36
-29
26
-31
17
-20
-24
1
-52
28
-27
39
-27
34
-28
15
-10
8
15
-46
29
-88
35
-73
40
-53
34
-7
-6
45
-22
56
-35
72
-35
83
-10
40
-26
15
-53
-6
-35
6
-7
2
5
-8
19
-6
9
3
21
16
40
11
25
-28
17
-54
33
-28
23
-22
22
-12
1
14
-21
12
-15
8
15
4
14
-25
-14
-19
-40
1
5
8
24
-28
36
-45
33
-27
12
18
-47
89
-129
135
-132
101
-60
12
63
-79
145
-118
176
-100
112
-40
75
-34
57
11
29
37
21
49
-38
71
-64
96
-32
96
-9
31
37
-7
47
-20
53
0
53
18
33
17
17
33
12
13
36
40
46
51
43
32
5
23
-6
5
-15
5
-21
-2
-6
-8
-7
-11
-13
-28
-34
-28
-40
-3
-29
-31
-13
-72
46
-74
34
-36
1
-23
-59
2
-90
-54
-69
-47
-59
-44
-37
-74
-5
-90
-10
-62
-24
-36
-25
-5
-41
5
-45
29
-43
26
-41
22
-23
-45
27
-104
51
-55
40
-57
61
-42
77
-3
43
56
-30
96
-47
99
-57
51
-8
45
9
44
28
25
13
9
41
-12
47
-13
36
-25
24
-15
11
9
9
22
-10
8
-4
6
11
-1
60
-18
46
-1
32
14
73
18
44
51
2
28
-47
79
-57
59
19
25
10
-11
44
-53
18
-44
-25
-43
-8
-16
-5
62
-33
56
-16
34
-43
30
-36
6
-52
29
-33
-29
21
-34
53
-23
93
-29
74
-5
25
13
-41
66
-53
75
-15
19
-6
-53
21
-82
21
-8
-38
25
-38
-13
-39
19
-6
-23
3
-55
-16
-68
-2
-70
-20
-51
-34
-31
-40
2
-50
-9
-28
-19
-38
-34
-39
-67
6
-99
-5
-49
-28
-40
-40
10
-83
45
-38
23
-44
7
-49
36
9
-7
40
29
10
19
70
1
75
-20
128
-19
17
64
-56
103
-77
93
-90
75
16
30
69
-19
97
-17
126
5
103
9
82
56
12
81
109
92
95
84
34
33
57
82
73
69
134
51
90
47
92
74
32
78
-24
50
-21
30
-28
35
-1
2
23
-49
60
6
43
14
-29
-19
-95
-39
-112
-26
-76
-120
-49
-141
-50
-158
-20
-160
-93
-125
-134
-52
-207
5
-190
11
-142
-82
-42
-121
1
-145
23
-130
-19
-88
-52
-27
-121
9
-189
24
-186
42
-96
3
-44
-71
51
-96
170
217
151
123
85
-101
35
10
138
-64
8
-123
-46
-28
-86
170
39
26
-58
25
-74
-1
70
-37
45
-28
41
122
139
127
60
181
33
133
111
166
151
147
141
102
187
10
190
48
99
6
7
-6
-50
2
-54
-3
-108
80
-124
49
-100
-37
-71
-117
-4
-186
29
-117
19
-78
-7
-59
13
23
-54
2
-38
-50
-81
53
-120
-2
-70
-52
-31
-148
-33
-174
-27
-153
-15
2
-69
-7
-78
-72
-57
-118
-4
-92
-52
-31
-145
-5
-93
39
-121
39
-7
-83
29
-42
30
-88
56
-22
8
-14
20
3
-10
56
-50
137
-21
102
-7
55
34
36
30
50
70
-14
61
-2
-12
2
56
-34
117
-21
90
-40
26
-26
-19
69
-37
113
-53
53
-24
9
-26
9
21
25
38
-81
49
-83
45
-38
28
65
-74
65
-108
37
-75
41
-46
56
-2
-17
122
-101
82
-100
65
-97
72
-2
32
56
-79
109
-92
124
-46
84
39
-17
130
-128
88
-82
50
-25
97
21
-40
86
-50
99
-43
139
-95
104
-45
33
-75
14
-38
-45
47
-55
115
-99
119
-105
98
-59
148
50
24
113
-96
49
-32
1
53
-99
107
-123
56
-79
35
43
-26
78
-100
112
-41
22
32
-30
-19
-22
-21
49
-64
77
-86
-46
27
-49
35
-25
-7
-32
-32
28
-122
106
-47
34
13
-130
29
-217
161
-210
97
-115
-33
37
-164
147
-131
71
-50
-9
-62
-58
-34
-37
11
17
-51
93
-50
1
48
10
43
-38
60
3
30
90
5
113
45
75
120
9
62
-97
96
-130
138
-38
15
13
-4
51
7
137
-69
87
-104
-21
-157
-41
-159
-119
-38
-184
2
-143
-3
-126
-56
-78
-97
21
-164
37
-213
12
-138
10
57
-166
119
-161
91
-163
29
-111
28
-22
51
46
51
64
-62
119
-175
136
-190
163
-142
90
-95
-30
-5
-44
87
-100
242
-127
166
-141
153
-108
26
4
18
77
-79
149
-101
182
-87
150
-19
149
-40
138
-7
6
131
-128
302
-135
268
-153
206
-96
23
36
-71
141
-148
164
-157
127
-74
14
49
44
-29
59
78
-135
49
-68
6
-31
126
-48
-78
23
-77
30
-74
79
-63
78
-3
-7
-1
-60
54
-31
-29
-40
-23
-60
-41
-68
-66
27
19
80
68
14
-60
-78
-99
-52
-44
-90
-56
-62
60
-30
121
114
39
105
-17
80
53
15
57
-40
2
-4
32
15
74
69
-16
39
-29
61
-2
69
4
-30
0
-35
-54
85
46
11
38
-64
13
-72
80
-82
-50
6
8
43
12
119
-34
13
37
-43
67
-86
-60
-45
-110
-51
-73
2
-93
31
-67
10
13
44
29
-55
63
-109
42
-10
-64
35
-93
71
-29
43
45
-23
70
-64
144
-138
94
-69
48
59
-24
58
-85
100
-97
83
-7
-16
7
-81
32
-46
90
12
134
40
109
57
104
82
51
125
-4
148
23
71
-18
87
21
73
82
-13
80
3
95
4
23
1
-47
-18
-25
-34
-72
-30
-34
-34
-11
39
-49
60
46
-5
37
-24
72
-61
8
-74
-18
-64
-44
-13
-97
70
-135
27
-15
-33
-34
-47
2
-125
-46
-75
-57
-84
-125
-59
-126
-46
-75
-21
-40
-67
-33
-123
53
-82
10
-79
-24
-54
-107
-1
-84
36
-18
8
-33
20
96
28
129
16
59
59
50
57
42
52
9
7
12
-11
43
39
88
30
98
95
40
67
56
101
-2
76
86
29
94
21
48
28
36
46
25
91
80
74
165
84
138
146
150
160
75
110
16
92
-9
109
9
40
46
-50
70
-45
13
-90
-41
-85
-87
-30
-40
-57
-85
36
-89
-10
-2
-41
-47
-98
-27
-85
-47
-34
-27
-7
27
-7
33
19
51
34
-18
47
-14
-43
-84
-76
-105
-27
-29
44
-13
-35
-29
-33
5
15
-23
-71
-51
-110
2
-69
49
36
-1
51
-57
34
-13
53
24
39
40
53
59
15
70
32
70
-9
71
31
33
77
27
39
107
108
74
96
66
41
-4
19
-91
-115
-97
-133
-113
-130
-140
-218
-242
-243
-227
-212
-255
-258
-359
-391
-406
-415
-406
-411
-456
-496
-536
-544
-557
-491
-440
-425
-303
-274
-148
-48
99
254
381
500
583
669
712
703
703
668
593
521
448
405
297
271
189
158
148
113
115
64
89
18
-6
-69
-67
-107
-104
-73
-60
22
61
180
220
351
443
545
624
675
721
730
715
686
644
564
500
409
349
306
249
174
72
13
1
-66
-84
-151
-179
-295
-315
-380
-436
-457
-514
-555
-580
-571
-577
-532
-530
-456
-445
-411
-466
-407
-445
-525
-558
-666
-751
-972
-1012
-1233
-1254
-1279
-1250
-1182
-1150
-942
-893
-530
-269
140
377
685
992
1106
1338
1341
1412
1243
1179
979
835
699
570
407
274
259
198
207
174
207
161
131
76
26
-107
-269
-388
-499
-574
-624
-643
-635
-547
-389
-225
3
235
457
670
865
1034
1120
1168
1131
1086
985
845
710
540
376
191
63
-42
-94
-155
-212
-228
-196
-152
-191
-39
-93
6
-37
58
67
48
136
30
173
78
208
166
225
209
227
240
223
250
174
124
11
-33
-179
-272
-392
-461
-592
-610
-675
-724
-742
-758
-715
-684
-614
-592
-556
-555
-538
-557
-612
-670
-757
-913
-1036
-1203
-1345
-1451
-1478
-1388
-1371
-1124
-963
-587
-172
198
798
1134
1553
1723
2039
2115
2034
2027
1720
1464
1102
890
552
247
86
-127
-199
-232
-230
-221
-243
-192
-279
-389
-495
-693
-891
-1134
-1247
-1395
-1441
-1456
-1357
-1120
-840
-462
-32
384
807
1206
1556
1798
2010
2046
1973
1878
1641
1406
1068
754
403
113
-121
-293
-359
-479
-467
-410
-344
-217
-148
-27
12
85
170
165
220
185
215
217
272
350
382
501
591
654
712
717
721
653
537
417
231
51
-211
-436
-681
-879
-1038
-1153
-1223
-1289
-1184
-1156
-1046
-947
-833
-712
-655
-555
-595
-642
-736
-864
-995
-1173
-1390
-1608
-1706
-1668
-1502
-1476
-1142
-891
-422
-47
578
1238
1443
1976
2109
2498
2260
2317
2100
1653
1369
915
735
258
114
-216
-287
-357
-272
-253
-225
-201
-210
-332
-427
-530
-806
-1091
-1392
-1459
-1690
-1745
-1740
-1561
-1312
-909
-391
115
653
1185
1670
2096
2472
2644
2685
2572
2409
2107
1721
1292
882
413
-9
-245
-469
-626
-754
-753
-758
-635
-513
-459
-364
-337
-231
-265
-158
-82
12
48
201
476
613
817
1012
1290
1373
1506
1516
1493
1331
1075
833
476
148
-297
-629
-990
-1217
-1434
-1547
-1604
-1555
-1489
-1412
-1212
-1059
-956
-874
-740
-668
-679
-712
-694
-774
-847
-930
-1005
-1105
-1214
-1384
-1468
-1437
-1228
-1221
-1173
-857
-551
-187
115
902
1099
1303
1615
1956
1931
1725
1840
1438
1136
821
712
317
118
-39
-221
-294
-252
-227
-423
-401
-407
-467
-707
-719
-946
-1229
-1518
-1586
-1591
-1725
-1614
-1488
-1124
-765
-218
328
846
1467
2019
2434
2807
3078
3106
2906
2731
2513
2015
1518
1062
615
121
-228
-469
-644
-863
-931
-951
-953
-880
-849
-802
-766
-658
-686
-565
-478
-259
-196
-1
438
696
1138
1410
1906
2084
2324
2414
2310
2187
1796
1503
965
506
-48
-554
-1057
-1420
-1671
-1863
-1960
-1927
-1846
-1680
-1489
-1266
-1088
-998
-846
-840
-828
-861
-874
-932
-986
-974
-1026
-1026
-1068
-1121
-1191
-1366
-1377
-1323
-1157
-1156
-1121
-807
-607
-247
65
767
942
1100
1519
1862
1910
1724
1941
1590
1364
1098
1023
695
427
314
71
18
6
-52
-299
-286
-384
-523
-811
-862
-1130
-1438
-1691
-1751
-1785
-1879
-1755
-1587
-1173
-803
-177
383
996
1613
2195
2627
2996
3294
3264
3111
2926
2637
2096
1534
1041
531
-45
-434
-685
-964
-1187
-1281
-1249
-1281
-1212
-1157
-1161
-1130
-1042
-974
-968
-750
-601
-380
-217
318
753
1100
1654
2044
2602
2672
2990
2973
2798
2463
1995
1513
769
229
-474
-1032
-1544
-1871
-2116
-2209
-2106
-1933
-1793
-1466
-1186
-910
-784
-657
-488
-637
-653
-771
-858
-988
-1066
-1050
-1073
-989
-932
-922
-872
-899
-896
-1131
-1116
-1115
-1160
-1326
-1369
-1085
-974
-729
-342
355
479
883
1455
1875
1925
2027
2236
1957
1860
1676
1507
1067
856
543
146
-15
-140
-434
-722
-788
-895
-1167
-1343
-1390
-1592
-1759
-1896
-1777
-1772
-1706
-1510
-1199
-709
-219
430
962
1550
2176
2681
3022
3313
3519
3364
3103
2881
2514
1927
1323
820
277
-250
-664
-957
-1226
-1433
-1502
-1497
-1475
-1395
-1357
-1292
-1173
-1004
-896
-783
-410
-147
167
506
1077
1543
1776
2354
2618
2895
2945
2966
2814
2355
1976
1373
775
66
-484
-1088
-1606
-1933
-2149
-2269
-2260
-2082
-1856
-1697
-1388
-1118
-966
-812
-744
-682
-800
-847
-926
-1020
-1036
-1043
-961
-855
-738
-550
-456
-377
-344
-444
-665
-970
-1333
-1706
-1762
-2053
-2267
-2268
-1926
-1657
-1200
-203
487
1029
1702
2691
3081
3233
3489
3505
3120
2712
2456
1859
1231
653
174
-318
-586
-835
-1144
-1326
-1292
-1365
-1496
-1467
-1453
-1515
-1687
-1569
-1506
-1479
-1462
-1206
-883
-534
3
555
1154
1720
2368
2917
3279
3636
3747
3607
3436
3178
2695
1978
1364
744
41
-617
-1104
-1519
-1876
-2101
-2124
-2127
-2007
-1784
-1596
-1261
-1001
-639
-450
-44
228
522
739
1080
1529
1599
2008
2193
2508
2502
2581
2559
2283
2023
1626
1245
664
163
-364
-882
-1368
-1682
-1958
-2120
-2215
-2095
-2052
-1892
-1638
-1429
-1216
-1105
-873
-796
-717
-665
-581
-603
-577
-531
-463
-450
-467
-443
-482
-549
-667
-864
-1141
-1479
-1871
-2013
-2040
-2106
-2247
-2008
-1472
-1104
-375
514
1262
1631
2297
3099
3232
3322
3327
3239
2676
2365
1992
1407
792
327
-57
-507
-704
-936
-1137
-1378
-1290
-1407
-1529
-1650
-1610
-1776
-1918
-1871
-1816
-1749
-1701
-1344
-951
-385
122
847
1437
2133
2789
3297
3708
3919
4020
3748
3444
3073
2508
1737
1026
411
-273
-913
-1324
-1634
-1902
-2009
-1962
-1790
-1641
-1365
-1097
-857
-610
-374
-282
-21
252
376
575
747
1309
1294
1765
2085
2317
2557
2530
2764
2422
2246
1766
1292
708
49
-587
-1204
-1795
-2162
-2509
-2605
-2680
-2542
-2355
-2164
-1729
-1484
-1099
-986
-717
-638
-583
-585
-644
-752
-848
-924
-939
-979
-991
-928
-967
-894
-928
-980
-1189
-1294
-1615
-1565
-1516
-1523
-1577
-1402
-690
-608
157
943
1643
1912
2470
3414
3298
3413
3428
3419
2775
2417
2165
1537
895
421
6
-521
-759
-1078
-1367
-1737
-1576
-1892
-1960
-2113
-2034
-2083
-2261
-1959
-1897
-1617
-1579
-1087
-568
-42
535
1231
1881
2468
3009
3460
3727
3820
3799
3473
3190
2712
2105
1326
705
100
-516
-1050
-1429
-1686
-1936
-1981
-1895
-1780
-1617
-1412
-1167
-942
-706
-524
-355
-19
161
428
598
1084
1381
1756
2144
2465
2747
2735
2916
2749
2533
2042
1552
891
206
-523
-1218
-1836
-2348
-2729
-2991
-3029
-2957
-2748
-2514
-2113
-1767
-1414
-1188
-941
-815
-753
-790
-844
-868
-979
-1069
-1048
-985
-928
-854
-751
-562
-499
-459
-551
-650
-887
-1310
-1363
-1334
-1435
-1651
-1532
-813
-690
-42
863
1642
2034
2533
3606
3588
3660
3662
3611
3019
2495
2178
1450
715
203
-293
-874
-1153
-1411
-1636
-1963
-1798
-1922
-1998
-2116
-2026
-1964
-2156
-1964
-1846
-1616
-1515
-1119
-556
45
669
1383
2060
2697
3304
3743
4042
4120
4152
3834
3427
2964
2316
1536
757
153
-452
-1010
-1444
-1716
-1898
-1952
-1898
-1709
-1531
-1269
-1072
-823
-659
-480
-396
-227
25
160
503
603
1280
1388
1966
2196
2510
2831
2559
2893
2299
2119
1326
790
117
-755
-1326
-2047
-2482
-2848
-3003
-2915
-2872
-2544
-2205
-1900
-1421
-1238
-793
-829
-618
-672
-731
-780
-962
-953
-1049
-1010
-883
-760
-598
-430
-303
-164
-222
-292
-527
-867
-1299
-1714
-1727
-1886
-2108
-2143
-1559
-958
-601
585
1508
2286
2577
3725
4167
3981
3995
3816
3404
2387
2064
1285
516
-287
-673
-1206
-1502
-1684
-1740
-1911
-1869
-1665
-1799
-1808
-1932
-1764
-2117
-2134
-2080
-1928
-1827
-1571
-954
-320
414
1232
2100
2926
3732
4318
4742
4871
4878
4549
4014
3382
2594
1701
741
3
-678
-1258
-1714
-1939
-1966
-1906
-1775
-1532
-1244
-1042
-801
-679
-558
-597
-531
-718
-423
-398
-186
36
383
1263
1260
2256
2431
3070
3075
3083
3238
2476
2135
1172
562
-420
-1293
-1952
-2657
-3035
-3253
-3265
-3009
-2882
-2257
-1995
-1430
-1017
-761
-451
-624
-409
-651
-808
-979
-1167
-1175
-1290
-1165
-899
-760
-422
-268
47
110
107
16
-390
-698
-1404
-1812
-2017
-2091
-2260
-2435
-1717
-1021
-431
596
1820
2684
2989
3905
4536
4340
4030
3775
3231
2201
1500
838
-75
-759
-1261
-1547
-1814
-1885
-1784
-1881
-1788
-1671
-1641
-1838
-1982
-1984
-2186
-2395
-2349
-2136
-1856
-1584
-929
-32
865
1777
2648
3622
4363
4892
5101
5196
4958
4471
3755
2913
2063
1121
223
-568
-1055
-1495
-1806
-1919
-1794
-1607
-1503
-1314
-1101
-963
-938
-1020
-1065
-1071
-1232
-1241
-991
-708
-334
13
837
1602
2240
2953
3443
3921
3904
3854
3534
2846
1992
990
68
-938
-1806
-2534
-3101
-3351
-3364
-3113
-2833
-2417
-1866
-1453
-1030
-753
-550
-588
-724
-792
-996
-1195
-1345
-1437
-1322
-1183
-861
-520
-141
270
477
752
709
617
257
-301
-895
-1658
-2368
-2755
-2852
-2958
-2965
-2509
-1456
-674
409
1772
2870
3433
3947
4760
4680
4118
3587
3020
2034
1039
375
-314
-972
-1363
-1428
-1428
-1352
-1213
-1095
-1078
-989
-1068
-1349
-1749
-2032
-2254
-2655
-2778
-2597
-2262
-1883
-1219
-126
933
2007
3025
4001
4837
5270
5445
5358
5025
4331
3451
2555
1639
724
-140
-787
-1187
-1461
-1563
-1551
-1398
-1236
-1123
-1062
-1037
-1092
-1265
-1556
-1748
-1910
-1996
-2085
-1796
-1178
-818
37
619
1945
2519
3264
3981
4003
4313
3598
3507
2536
1587
594
-523
-1241
-2179
-2634
-3026
-3134
-2921
-2721
-2235
-1924
-1482
-1147
-1015
-692
-834
-839
-1112
-1239
-1255
-1465
-1353
-1292
-969
-571
-255
279
617
959
1078
1102
1018
624
142
-559
-1127
-1941
-2554
-3225
-3427
-3071
-3005
-2461
-2130
-634
217
1067
2482
3271
3893
3627
4415
4126
3378
2710
2164
1519
550
192
-141
-444
-666
-615
-539
-342
-524
-512
-882
-1001
-1479
-1994
-2463
-2962
-3052
-3367
-3155
-2816
-2072
-1374
-494
641
1838
2906
3666
4347
4854
5073
4889
4562
4155
3454
2637
1989
1382
843
215
-81
-292
-476
-571
-730
-793
-1063
-1260
-1523
-1889
-2156
-2512
-2704
-2855
-2687
-2459
-2081
-1653
-653
175
967
1880
2517
3592
3387
4035
3845
3640
3077
2241
1939
722
109
-755
-1198
-1683
-2093
-2122
-2204
-2133
-1985
-1880
-1652
-1767
-1558
-1651
-1635
-1584
-1688
-1553
-1638
-1329
-1157
-922
-559
-225
200
477
622
900
857
839
536
371
30
-539
-995
-1545
-1937
-2590
-2893
-3177
-2742
-2537
-2264
-1804
-898
221
590
1950
2713
3296
3194
3728
3923
3251
2815
2337
2017
1187
915
517
341
-42
-119
-286
-290
-490
-844
-1174
-1503
-1776
-2413
-2700
-3020
-2910
-3085
-2793
-2278
-1607
-854
-140
941
1841
2798
3411
3921
4366
4597
4492
4133
3908
3483
2818
2203
1776
1359
712
287
41
-266
-626
-985
-1215
-1558
-1939
-2232
-2547
-2735
-2930
-2956
-2889
-2598
-2175
-1720
-1180
-360
575
1120
1897
2399
3130
3248
3367
3562
3157
2890
2204
1888
1228
479
-78
-714
-1114
-1586
-1889
-2127
-2289
-2281
-2371
-2261
-2192
-2068
-1962
-1870
-1537
-1427
-1270
-1121
-863
-634
-529
-298
-63
114
286
411
555
605
569
511
296
229
-171
-460
-1017
-1332
-1909
-2471
-2854
-3158
-2457
-2701
-1984
-1867
-413
319
1023
2556
3089
3835
3292
4276
3856
3340
2471
2118
1516
699
456
161
109
-271
-111
-291
-6
-454
-536
-1185
-1356
-1947
-2486
-2922
-3212
-3073
-3238
-2684
-2117
-1102
-472
532
1536
2642
3371
3889
4276
4478
4434
4073
3759
3366
2808
2135
1696
1355
1052
515
300
-31
-251
-689
-1149
-1494
-1985
-2389
-2867
-3073
-3183
-3237
-3177
-2796
-2233
-1597
-1089
-200
630
1363
1920
2440
2985
3115
3292
3201
3090
2756
2414
1898
1514
1004
475
-110
-673
-951
-1455
-1810
-2185
-2287
-2416
-2514
-2427
-2273
-2136
-2020
-1743
-1452
-1249
-1054
-832
-578
-393
-206
-6
166
339
513
695
790
850
770
704
399
250
-226
-707
-1208
-1793
-2276
-2968
-3198
-3464
-2865
-2608
-2008
-1415
-311
848
1352
2806
3346
3731
3293
3680
3529
2616
1963
1584
1285
538
574
727
826
520
676
636
520
-135
-623
-1321
-2070
-2688
-3347
-3548
-3805
-3448
-3154
-2410
-1483
-428
482
1262
2106
2862
3241
3408
3441
3393
3207
2881
2810
2647
2488
2188
2123
2005
1754
1313
880
367
-325
-997
-1692
-2298
-2881
-3298
-3500
-3522
-3327
-2986
-2533
-1913
-1284
-587
-122
410
889
1292
1651
1781
2166
2301
2541
2697
2746
2966
2673
2531
2190
1756
1204
331
-276
-992
-1598
-2161
-2534
-2706
-2835
-2711
-2497
-2149
-1899
-1676
-1368
-1173
-954
-902
-815
-674
-566
-329
-135
156
415
634
876
959
990
848
615
312
-138
-502
-1003
-1382
-1784
-2151
-2436
-2838
-2882
-3205
-2677
-2142
-1728
-1300
-824
486
668
1612
2408
2901
2747
2699
3326
2825
2358
2067
2107
1588
1248
1336
1334
921
559
361
67
-532
-1214
-1713
-2278
-2652
-3035
-3036
-3029
-2726
-2360
-1853
-1136
-428
225
555
1107
1615
2057
2298
2484
2809
2936
3078
3234
3443
3423
3038
2793
2511
2034
1273
534
-76
-853
-1531
-2033
-2346
-2654
-2842
-2752
-2521
-2294
-2023
-1730
-1433
-1108
-844
-553
-372
-9
234
649
1084
1562
2115
2399
2934
3094
3332
3173
2908
2524
1933
1235
383
-325
-1052
-1600
-2136
-2350
-2522
-2517
-2456
-2267
-1946
-1736
-1560
-1428
-1233
-1091
-1005
-885
-739
-545
-334
-65
234
453
641
738
888
918
844
725
471
336
97
-122
-397
-761
-1064
-1512
-1989
-2404
-2924
-3349
-3722
-3245
-2690
-2343
-1745
-689
630
1168
2402
3377
3747
3358
3413
3571
2767
2110
1668
1510
916
858
1134
1266
1048
906
884
615
6
-697
-1403
-2189
-2811
-3279
-3442
-3569
-3276
-2840
-2189
-1462
-615
174
647
1209
1778
2300
2503
2705
3008
3191
3270
3343
3502
3356
2953
2629
2190
1602
765
160
-477
-1168
-1621
-1930
-2070
-2264
-2213
-2139
-2068
-1963
-1848
-1796
-1805
-1718
-1539
-1392
-1106
-611
-46
553
1274
2194
2759
3329
3589
3884
3612
3174
2778
1892
1116
111
-419
-1195
-1771
-2027
-2136
-2153
-2216
-1942
-1791
-1693
-1668
-1605
-1504
-1607
-1542
-1511
-1354
-1131
-914
-522
-166
298
638
934
1214
1395
1437
1349
1312
1142
898
636
352
51
-412
-786
-1309
-1718
-2195
-2618
-3122
-3446
-3522
-3627
-2984
-2278
-1348
-791
112
1251
1843
2547
2999
3247
2898
2660
2624
2198
1883
1768
1811
1772
1891
2185
2081
1934
1535
925
71
-847
-1641
-2694
-3410
-3900
-4048
-3953
-3597
-2835
-2151
-1392
-586
176
779
1103
1386
1555
1821
2100
2280
2481
2718
3098
3182
3327
3348
3154
2636
1986
1482
780
73
-613
-1141
-1571
-1881
-2025
-2123
-2176
-2201
-2271
-2289
-2250
-2144
-2120
-1990
-1676
-1206
-718
-93
645
1342
1865
2505
2911
2982
2939
2565
2364
1636
1325
743
184
-175
-577
-657
-1016
-1033
-1158
-1298
-1502
-1657
-1779
-2044
-2175
-2219
-2154
-2043
-1812
-1347
-986
-477
-7
472
880
1122
1389
1464
1464
1374
1185
1093
909
711
485
264
136
-212
-358
-716
-934
-1314
-1644
-1802
-2229
-2380
-2763
-2786
-2895
-2673
-1915
-1464
-847
-403
561
1208
1811
2716
2916
3035
3006
3344
3083
2673
2679
2436
2097
1755
1727
1366
776
426
-93
-721
-1352
-1844
-2239
-2684
-2734
-2834
-2695
-2414
-1961
-1488
-1116
-555
-314
-12
316
682
870
1073
1595
1961
2255
2603
2995
3169
3094
3048
2743
2266
1788
1206
509
-178
-561
-949
-1323
-1499
-1545
-1568
-1713
-1664
-1672
-1714
-1720
-1739
-1698
-1656
-1367
-1111
-853
-391
106
489
815
1177
1543
1641
1817
1792
1694
1568
1387
1279
881
737
349
59
-304
-657
-1000
-1439
-1646
-1868
-1931
-1928
-1806
-1604
-1359
-941
-575
-315
-77
115
266
278
357
357
335
385
473
607
681
830
907
941
983
937
811
513
228
-111
-439
-814
-1166
-1501
-1802
-1995
-2227
-2358
-2527
-2493
-2554
-2305
-1842
-1224
-663
-90
592
1184
1829
2347
2694
2585
2608
2363
2077
1694
1505
1369
1215
1295
1249
1198
1139
1114
809
435
-90
-715
-1501
-2004
-2379
-2599
-2623
-2492
-2290
-1984
-1398
-915
-458
-85
253
379
477
666
896
1156
1476
1726
1968
2199
2417
2504
2507
2391
2030
1630
1194
783
318
44
-214
-527
-856
-1052
-1158
-1340
-1531
-1746
-1930
-2116
-2254
-2250
-2130
-1893
-1545
-1142
-671
-219
187
546
783
1044
1173
1163
1153
1051
1102
989
1055
1051
990
949
782
730
489
223
-128
-459
-717
-922
-1059
-1105
-1095
-1051
-940
-754
-578
-404
-314
-188
-75
1
190
275
475
640
808
1012
1041
1128
1092
1038
918
708
564
311
112
-110
-234
-375
-562
-724
-937
-1085
-1332
-1557
-1809
-2040
-2241
-2416
-2464
-2293
-1955
-1511
-868
-241
379
870
1336
1640
1776
1862
1802
1690
1480
1305
1133
1058
1095
1150
1260
1316
1296
1093
718
301
-293
-773
-1206
-1546
-1752
-1926
-1830
-1730
-1534
-1355
-1167
-895
-728
-511
-324
-128
62
300
674
1053
1454
1793
2047
2218
2270
2215
1979
1654
1293
964
689
434
256
92
-31
-176
-335
-477
-700
-978
-1284
-1528
-1739
-1895
-1916
-1836
-1644
-1375
-982
-582
-241
91
351
537
615
656
656
614
602
637
691
727
797
807
826
748
627
473
214
-27
-263
-436
-558
-604
-567
-500
-378
-255
-169
-22
7
91
76
66
83
65
176
264
491
649
846
1004
1049
1035
926
814
587
396
182
-30
-176
-344
-387
-413
-414
-426
-462
-447
-477
-474
-556
-609
-634
-679
-608
-524
-357
-249
-91
4
57
109
60
34
-94
-161
-246
-297
-305
-308
-296
-301
-300
-342
-367
-407
-468
-534
-579
-608
-589
-528
-400
-238
-52
110
241
359
417
436
432
406
363
359
368
412
477
571
648
643
614
529
386
194
-37
-230
-430
-570
-686
-736
-750
-750
-707
-653
-521
-442
-387
-342
-262
-206
-152
-54
89
250
383
525
656
783
829
846
852
809
735
682
646
604
504
441
370
296
202
70
-28
-152
-237
-359
-442
-489
-530
-530
-485
-363
-258
-160
-30
115
215
273
335
395
426
438
453
484
489
473
464
446
412
380
344
298
218
133
60
-37
-134
-223
-279
-322
-340
-345
-353
-356
-349
-325
-282
-246
-217
-174
-137
-106
-43
15
48
46
72
120
93
77
73
54
4
-23
-45
-77
-111
-119
-110
-112
-60
-26
18
74
110
145
161
162
197
230
224
229
200
197
194
189
193
141
133
89
60
-11
-94
-159
-248
-333
-433
-494
-540
-579
-623
-642
-614
-597
-580
-543
-508
-471
-429
-358
-308
-237
-164
-107
-17
56
145
242
343
477
580
634
676
688
675
624
546
437
314
142
-17
-143
-280
-346
-375
-351
-252
-163
-97
-79
-85
-113
-188
-232
-281
-274
-258
-266
-244
-254
-216
-189
-116
-23
91
239
355
447
463
484
438
423
411
359
300
212
122
-31
-158
-272
-331
-369
-338
-292
-230
-153
-145
-165
-154
-190
-255
-300
-320
-320
-365
-378
-433
-447
-471
-485
-458
-404
-308
-203
-115
-38
-12
-10
11
-6
33
53
83
131
97
72
58
65
95
177
320
446
577
637
643
610
560
501
434
392
333
264
173
65
-55
-135
-212
-242
-233
-211
-188
-202
-211
-208
-201
-157
-116
-48
-26
-14
-21
-76
-113
-168
-151
-94
-23
101
234
341
407
459
537
581
591
591
530
446
359
241
131
64
34
-11
-17
-32
-69
-111
-127
-122
-129
-103
-103
-113
-162
-194
-237
-268
-281
-273
-215
-174
-115
-87
-41
36
85
85
100
138
143
109
32
-54
-94
-130
-158
-210
-233
-219
-261
-297
-363
-370
-377
-386
-365
-380
-357
-348
-366
-381
-404
-375
-328
-255
-199
-131
-38
18
94
153
249
311
370
389
366
337
295
226
155
119
85
74
56
41
33
93
124
155
178
222
263
272
277
241
251
219
172
119
85
80
70
85
107
165
217
269
305
326
302
290
281
234
198
133
85
21
-55
-92
-139
-170
-198
-198
-171
-190
-176
-160
-136
-136
-138
-144
-160
-172
-227
-229
-273
-271
-285
-316
-323
-392
-381
-340
-265
-199
-131
-3
99
224
306
367
416
435
483
470
449
400
346
323
304
349
352
379
397
370
336
232
143
50
-37
-121
-240
-307
-377
-411
-404
-397
-347
-302
-251
-198
-198
-191
-157
-107
-41
28
99
171
209
227
262
263
265
255
247
235
176
137
106
95
68
84
97
80
73
-13
-58
-139
-194
-238
-233
-219
-222
-224
-211
-179
-187
-109
-78
-14
29
40
23
0
-46
-85
-131
-160
-162
-195
-192
-210
-187
-192
-208
-208
-208
-202
-194
-196
-181
-169
-159
-132
-96
-64
-38
-32
-21
-22
-32
-5
-22
-55
-76
-139
-184
-303
-396
-509
-567
-485
-462
-253
-136
67
215
286
421
466
580
593
602
571
505
408
394
483
587
694
807
865
808
645
466
274
29
-149
-371
-507
-659
-753
-806
-816
-704
-641
-566
-505
-519
-557
-585
-571
-483
-367
-161
54
246
444
581
666
727
768
744
687
603
500
386
317
303
292
282
268
224
138
14
-160
-328
-472
-579
-676
-732
-763
-726
-652
-545
-426
-283
-134
-35
68
112
115
112
150
205
265
314
380
408
431
445
436
412
328
267
195
101
20
-68
-108
-115
-133
-117
-102
-99
-129
-179
-199
-211
-213
-184
-149
-122
-70
3
93
172
261
326
381
430
437
414
393
380
363
349
322
310
289
272
217
154
116
67
-6
-68
-124
-208
-268
-317
-312
-289
-264
-230
-222
-215
-228
-247
-269
-277
-272
-270
-266
-254
-227
-180
-160
-141
-86
-39
7
27
25
13
-17
29
68
129
181
185
205
129
108
53
14
19
-29
-45
-58
-89
-108
-92
-81
-48
-26
-5
-2
-51
-89
-122
-174
-159
-140
-116
-70
-56
-7
22
50
94
98
114
92
66
27
-25
-60
-92
-114
-125
-137
-145
-138
-177
-224
-284
-324
-335
-366
-382
-376
-378
-351
-332
-305
-238
-195
-162
-144
-138
-134
-125
-110
-72
-35
21
81
149
248
300
338
362
385
391
382
337
270
230
162
132
122
145
180
223
261
254
228
224
206
180
169
157
149
142
150
153
167
167
191
217
220
230
220
224
215
195
172
178
196
210
213
194
171
154
137
105
62
14
-19
-64
-111
-145
-181
-211
-210
-199
-192
-209
-203
-203
-217
-228
-267
-298
-307
-311
-301
-294
-272
-259
-222
-199
-195
-195
-190
-185
-190
-208
-245
-265
-293
-295
-290
-271
-218
-170
-114
-75
-32
12
48
78
118
124
111
122
129
138
136
139
146
135
139
125
98
64
5
-44
-101
-136
-185
-218
-249
-243
-225
-215
-185
-175
-155
-140
-94
-84
-61
-28
1
60
114
169
228
287
338
373
403
415
393
381
359
309
257
227
207
210
210
223
203
187
179
132
77
34
-15
-49
-81
-102
-116
-108
-77
-38
9
40
74
95
110
123
116
112
128
137
145
170
188
200
198
206
194
165
136
92
71
36
1
-40
-66
-68
-68
-58
-50
-58
-66
-61
-87
-100
-109
-118
-122
-132
-93
-69
-35
-19
-25
-16
-20
-37
-61
-75
-105
-141
-169
-204
-223
-243
-240
-229
-209
-198
-187
-181
-173
-140
-142
-129
-138
-118
-116
-108
-97
-99
-93
-98
-84
-83
-80
-78
-64
-75
-90
-89
-78
-100
-102
-99
-103
-92
-74
-54
-42
-30
-6
18
18
34
42
45
44
58
80
110
145
177
215
230
246
270
287
290
275
262
244
202
183
161
141
111
99
79
65
63
54
56
36
26
-9
-14
-16
-11
2
3
7
17
34
28
12
-13
-25
-34
-52
-65
-88
-83
-84
-77
-54
-43
-21
-21
5
26
32
31
15
15
4
4
-7
-14
-13
-12
-15
-24
-8
-4
0
-5
-22
-32
-45
-54
-80
-108
-119
-129
-132
-133
-129
-116
-127
-123
-121
-126
-130
-119
-112
-104
-87
-69
-61
-60
-34
-41
-45
-55
-50
-56
-64
-62
-76
-66
-71
-50
-33
-24
-19
-28
-41
-59
-72
-78
-91
-102
-89
-90
-70
-61
-47
-28
-1
36
66
93
104
127
142
150
149
144
152
154
165
179
184
191
185
185
187
182
178
159
136
113
90
93
92
112
132
125
113
117
128
124
108
121
127
124
126
126
140
135
142
142
136
124
105
84
59
23
-18
-58
-84
-99
-124
-134
-159
-166
-188
-191
-194
-205
-204
-206
-212
-227
-222
-203
-179
-160
-125
-97
-72
-38
-15
-2
5
12
19
27
14
24
22
32
34
27
37
28
24
6
-4
-34
-51
-70
-82
-98
-92
-97
-105
-106
-115
-104
-97
-74
-53
-47
-31
-12
-1
5
13
36
41
53
60
48
47
48
47
37
22
11
5
14
4
-3
-8
-4
3
8
19
8
5
9
14
21
27
36
40
49
68
83
95
103
115
122
115
117
110
100
78
52
33
32
25
18
17
40
50
61
93
96
93
89
87
84
74
77
79
72
85
86
101
109
122
115
100
99
94
85
82
87
88
83
82
74
54
50
22
-3
-25
-50
-74
-103
-124
-134
-151
-156
-158
-157
-145
-147
-136
-122
-124
-105
-98
-90
-89
-83
-75
-79
-73
-55
-46
-39
-20
-16
-9
-13
-16
-33
-48
-66
-70
-91
-100
-100
-105
-95
-95
-97
-100
-90
-80
-78
-66
-58
-63
-46
-38
-41
-49
-44
-20
-15
-19
-9
-11
-10
0
8
8
-6
-10
-13
-30
-48
-61
-65
-78
-73
-57
-48
-47
-43
-24
-28
-26
-23
-24
-38
-32
-24
-13
-1
20
47
80
119
141
161
169
174
163
166
163
138
125
107
117
104
117
119
123
118
113
101
87
76
64
63
40
44
55
69
98
124
150
162
189
198
196
189
182
174
147
131
107
95
83
63
53
24
-10
-31
-72
-106
-143
-181
-219
-237
-243
-256
-263
-258
-262
-272
-262
-250
-234
-219
-202
-189
-177
-153
-120
-98
-62
-24
16
33
54
70
83
85
89
112
105
108
84
88
73
58
62
56
39
41
26
15
3
-15
0
-9
13
23
35
50
68
87
86
102
91
83
75
71
70
74
82
73
59
54
54
38
14
-11
-34
-73
-102
-131
-142
-152
-147
-145
-153
-144
-133
-114
-104
-102
-86
-84
-67
-52
-33
-3
8
34
55
79
94
111
105
107
116
117
130
133
140
122
141
125
133
123
123
131
117
123
84
84
63
63
42
26
28
26
38
33
31
21
19
16
18
15
7
-7
-17
-19
-20
-22
-18
-19
-26
-49
-52
-65
-78
-82
-82
-85
-93
-73
-72
-61
-46
-49
-48
-56
-67
-63
-77
-84
-87
-73
-50
-43
-17
-8
-8
1
3
1
-21
-38
-48
-55
-52
-44
-39
-35
-38
-26
-15
-7
-16
-21
-39
-48
-57
-74
-73
-84
-75
-68
-52
-34
-24
-18
2
-4
8
-8
-25
-35
-52
-47
-64
-50
-40
-32
-33
-14
-17
-20
-27
-34
-35
-63
-66
-75
-68
-55
-45
-40
-36
-33
-26
-6
-1
7
16
13
15
28
56
72
85
102
105
130
123
143
135
136
146
136
154
124
131
106
105
99
86
78
47
34
3
-2
-23
-34
-53
-53
-43
-40
-34
-37
-38
-40
-41
-41
-59
-55
-81
-80
-67
-79
-67
-63
-52
-49
-23
-25
-26
-30
-24
-25
-19
-21
-23
-37
-42
-44
-44
-21
-28
-6
-22
-8
-22
-11
-16
-10
2
9
23
27
60
52
72
57
64
47
35
25
3
4
-16
-23
-23
-30
-17
-21
-17
-22
-33
-29
-36
-27
-19
-14
-19
-14
-18
-1
-16
-3
11
5
19
23
33
32
31
44
41
42
43
28
22
19
13
6
14
7
3
10
5
10
-5
19
10
27
37
46
60
53
75
69
83
86
80
75
82
90
96
108
91
104
98
92
86
85
74
58
49
32
32
15
19
-3
-11
-37
-47
-57
-64
-63
-77
-79
-93
-95
-101
-106
-93
-73
-73
-86
-92
-72
-75
-71
-76
-75
-81
-82
-85
-67
-63
-88
-78
-79
-81
-105
-94
-102
-105
-94
-78
-83
-67
-61
-55
-43
-42
-19
-20
-7
0
1
9
1
-13
4
-5
-1
4
10
26
20
47
41
47
40
31
22
28
25
7
22
15
15
11
31
34
28
35
24
20
5
13
2
-11
2
-9
-4
-5
-3
-10
-10
-10
-8
-19
-8
-9
-10
3
-5
14
31
51
58
76
92
81
101
108
108
119
109
112
92
105
93
105
89
92
86
73
78
70
60
46
51
20
36
12
6
16
-1
9
-8
11
-2
-10
14
2
7
-1
8
12
1
6
-9
-5
-28
-28
-33
-28
-35
-53
-47
-77
-65
-99
-84
-116
-138
-144
-169
-161
-192
-171
-184
-167
-168
-168
-140
-151
-130
-119
-114
-100
-92
-85
-67
-51
-53
-23
-10
-8
11
1
24
11
9
17
17
37
28
48
39
49
59
58
69
69
61
63
67
50
65
50
53
63
49
59
60
51
57
53
64
47
33
29
22
3
-4
3
-18
-12
-15
-5
-8
1
6
1
14
3
19
20
28
43
51
70
90
88
96
105
86
109
101
101
81
75
70
59
63
51
51
43
30
24
23
5
-4
-11
-11
-14
-13
-15
-4
-12
16
7
28
26
9
28
6
21
17
18
20
29
23
33
32
23
19
11
-2
-18
-35
-47
-74
-70
-88
-89
-99
-127
-108
-138
-117
-124
-129
-128
-121
-124
-108
-91
-100
-70
-75
-56
-46
-44
-30
-41
-37
-38
-44
-51
-55
-49
-58
-58
-45
-57
-37
-45
-41
-37
-16
-27
-3
6
6
21
20
37
29
43
42
52
60
67
67
70
80
77
89
90
76
90
82
95
88
96
89
79
66
63
57
46
42
31
16
5
-11
-25
-25
-22
-36
-24
-14
-18
5
-4
6
2
-2
-8
-11
-5
-13
-15
-4
-19
-12
-20
-16
-22
-25
-23
-33
-10
-25
-14
-5
-3
12
13
36
37
50
57
66
72
68
80
65
63
69
60
52
60
61
70
74
62
53
57
38
36
28
21
8
5
-3
-12
-26
-28
-28
-37
-34
-50
-43
-52
-42
-62
-61
-51
-74
-63
-73
-75
-67
-74
-66
-73
-62
-56
-72
-56
-69
-69
-68
-78
-62
-67
-61
-67
-66
-55
-59
-41
-42
-32
-27
-24
2
2
16
19
33
34
47
62
57
84
81
77
96
97
97
107
97
92
95
83
79
75
78
60
69
52
33
22
7
3
-12
-13
-25
-21
-35
-25
-28
-36
-23
-35
-20
-23
-18
-13
-14
-10
-15
-13
-5
-9
-14
2
-12
4
-5
14
9
10
17
12
20
20
23
26
30
24
22
12
12
-1
-1
-1
-7
4
4
-3
14
10
14
18
26
29
44
46
48
45
34
36
21
28
18
8
-1
-19
-9
-28
-24
-26
-55
-48
-67
-64
-77
-66
-81
-76
-79
-83
-76
-87
-81
-92
-86
-94
-84
-76
-76
-57
-54
-40
-39
-17
-18
1
4
5
16
8
16
16
18
20
12
21
15
27
25
34
43
39
55
47
59
56
65
59
58
54
53
59
54
55
59
56
49
53
48
50
44
43
39
37
29
37
23
25
23
13
6
7
-2
-18
-21
-22
-41
-36
-39
-44
-29
-41
-30
-38
-22
-34
-24
-33
-27
-23
-29
-18
-24
-16
-28
-17
-22
-21
-10
-9
0
4
4
9
16
27
32
40
39
50
54
50
55
60
59
43
48
39
39
34
24
19
17
6
3
-1
-9
-14
-29
-33
-41
-47
-54
-54
-56
-62
-59
-58
-58
-48
-51
-50
-44
-46
-40
-39
-34
-25
-27
-30
-21
-25
-18
-18
-13
-25
-19
-21
-27
