-12
-12
-18
-22
-23
-16
-22
-30
-34
-52
-42
-31
-37
-27
-23
-9
-10
-18
-4
4
12
13
32
45
57
59
51
60
74
77
72
68
54
48
43
35
33
26
16
14
0
-4
0
-11
-7
-7
0
-12
-20
-17
-30
-17
-15
-6
-4
-24
-28
-22
-20
-22
-40
-48
-55
-59
-52
-58
-59
-63
-52
-50
-48
-47
-40
-43
-34
-33
-20
4
-2
20
20
28
27
19
18
5
3
2
-2
-7
-10
-2
0
-9
-9
-6
-8
-21
-24
-31
-41
-47
-39
-38
-27
-24
-10
50
183
266
281
244
155
119
82
58
73
53
87
109
204
354
423
462
269
168
53
-44
-21
-151
-177
-305
-417
-391
-418
-273
-185
-74
-57
-140
-119
-316
-282
-329
-263
-195
-195
-26
-85
42
-37
19
84
-5
66
-121
-103
-162
-229
-100
-181
-63
-121
-192
-194
-353
-270
-310
-343
-328
-347
-257
-239
-177
-50
10
110
172
215
299
351
427
476
514
547
562
583
595
618
629
621
596
571
512
457
411
346
323
231
149
83
-2
-20
-101
-134
-128
-153
-135
-170
-188
-170
-168
-128
-139
-121
-70
-68
-27
7
8
49
50
46
48
28
34
-7
-15
-14
-33
-42
-80
-91
-116
-168
-200
-213
-272
-314
-326
-342
-363
-411
-421
-410
-457
-447
-488
-482
-533
-572
-558
-576
-514
-521
-443
-405
-354
-286
-224
-147
-100
-42
12
67
151
220
309
407
494
607
657
703
707
716
712
658
671
612
592
533
459
412
300
218
93
-17
-108
-240
-306
-383
-428
-439
-464
-456
-458
-404
-365
-337
-279
-209
-121
-36
80
211
352
510
628
766
871
935
989
1024
1021
990
990
960
916
829
743
659
545
427
295
144
-8
-148
-276
-388
-495
-572
-651
-698
-751
-769
-762
-751
-703
-642
-572
-477
-379
-284
-188
-88
-2
51
122
180
225
238
244
261
273
222
174
105
35
-65
-189
-303
-447
-623
-799
-977
-1135
-1279
-1435
-1595
-1749
-1881
-2046
-2170
-2407
-2100
-1412
-944
-993
-950
64
326
187
595
1414
1517
459
1027
2009
2012
1447
1733
2724
2333
1977
2549
2760
2046
1156
1201
1005
240
-85
-310
-654
-1072
-1032
-974
-1410
-1589
-1587
-1797
-2192
-2041
-1677
-1785
-1866
-1376
-675
-494
-268
360
725
671
706
1192
1404
1163
1272
1645
1826
1722
1898
2219
2054
1791
1722
1681
1305
815
628
375
1
-212
-245
-331
-605
-643
-605
-720
-831
-832
-837
-1019
-1055
-861
-746
-711
-515
-192
-26
39
271
464
452
397
491
579
507
494
600
634
598
609
667
600
415
341
220
-11
-195
-293
-422
-575
-614
-542
-569
-645
-645
-668
-753
-910
-925
-979
-1084
-1133
-1164
-1158
-1211
-1199
-1159
-1296
-1354
-1557
-1686
-1931
-2164
-1511
-1148
-968
-1177
-408
532
223
470
1227
1721
783
341
1457
1632
728
727
1642
2010
1306
1863
2738
2269
1498
1338
1445
577
-236
-402
-831
-1377
-1384
-1207
-1300
-1493
-1213
-1112
-1556
-1485
-1208
-1354
-1785
-1551
-864
-762
-637
141
881
991
1124
1789
2159
1787
1618
1949
1941
1557
1515
1913
1947
1653
1761
2007
1805
1353
1111
908
341
-233
-462
-679
-1032
-1186
-1067
-991
-1031
-833
-614
-669
-673
-565
-494
-661
-686
-436
-350
-306
-77
305
489
563
825
988
928
809
809
757
554
461
443
351
240
227
240
115
-31
-111
-263
-508
-689
-791
-943
-1126
-1158
-1112
-1133
-1097
-983
-922
-930
-924
-906
-982
-1106
-1146
-1177
-1311
-1336
-1396
-1391
-1525
-1619
-1653
-1670
-1118
-854
-803
-792
-119
385
123
567
1299
1409
694
909
1791
1443
771
1243
1930
1633
1234
2074
2514
1796
1492
1740
1552
630
187
65
-593
-1102
-1118
-1182
-1443
-1478
-1236
-1325
-1415
-1069
-994
-1252
-1248
-822
-769
-917
-448
188
283
297
951
1537
1471
1447
1904
2112
1799
1720
1978
1924
1526
1452
1619
1486
1176
1076
1019
737
418
200
-52
-401
-650
-882
-1164
-1243
-1221
-1219
-1280
-1070
-770
-796
-759
-512
-305
-419
-518
-293
-189
-267
-163
114
286
282
464
738
826
791
746
712
627
488
338
174
27
-70
-256
-337
-334
-349
-476
-604
-547
-556
-704
-787
-760
-786
-902
-895
-799
-819
-870
-812
-743
-756
-778
-740
-762
-869
-920
-930
-1043
-1237
-1313
-1459
-1216
-921
-817
-835
-510
247
196
313
977
1370
999
652
1476
1533
758
684
1288
1417
855
1299
2036
1743
1391
1670
1854
1253
687
628
98
-559
-729
-910
-1265
-1495
-1224
-1182
-1271
-896
-590
-689
-691
-280
-145
-416
-275
164
159
0
376
932
962
975
1374
1761
1695
1656
1808
1787
1572
1340
1252
1089
885
652
411
345
301
74
-192
-266
-240
-471
-726
-672
-710
-913
-1002
-857
-705
-898
-788
-552
-466
-400
-325
-27
-46
-73
107
154
174
114
154
219
144
221
218
191
268
253
269
174
122
68
-129
-207
-338
-510
-650
-743
-718
-800
-851
-727
-659
-615
-570
-479
-415
-506
-541
-534
-579
-676
-788
-825
-846
-887
-943
-992
-1041
-1142
-1262
-1440
-1152
-924
-965
-1021
-676
-15
-205
33
744
1043
752
611
1460
1413
800
962
1396
1369
928
1380
1914
1569
1475
1720
1775
1345
991
933
398
-79
-231
-553
-878
-1087
-1018
-1129
-1200
-876
-792
-857
-677
-336
-296
-390
-121
150
61
104
423
625
570
707
1001
1126
1131
1293
1442
1407
1446
1483
1382
1177
1031
839
579
405
235
-85
-344
-397
-464
-710
-859
-700
-798
-930
-855
-693
-691
-931
-747
-600
-622
-585
-558
-398
-497
-416
-163
-136
-29
5
147
307
326
431
343
349
378
239
176
95
55
-80
-245
-180
-213
-360
-405
-394
-360
-458
-428
-352
-445
-524
-524
-473
-506
-571
-544
-524
-564
-545
-548
-599
-680
-763
-829
-983
-1072
-1263
-1398
-1561
-1609
-1265
-1262
-1129
-1048
-450
-150
-210
443
810
922
638
1031
1444
970
854
1236
1377
1122
1167
1817
1846
1584
1941
2083
1909
1500
1461
1205
533
303
-9
-466
-839
-949
-1022
-1271
-1138
-868
-891
-767
-442
-240
-343
-240
105
55
-96
18
256
168
144
472
697
717
832
1147
1275
1299
1347
1354
1230
1101
928
695
515
395
143
-150
-217
-287
-534
-749
-689
-687
-826
-864
-621
-625
-741
-697
-534
-425
-577
-442
-383
-382
-377
-399
-242
-218
-141
-11
59
268
350
365
450
476
508
340
283
307
126
-3
-80
-93
-188
-293
-218
-194
-266
-275
-204
-180
-241
-267
-266
-342
-435
-464
-535
-599
-651
-682
-707
-767
-744
-822
-916
-979
-1049
-1204
-1398
-1511
-1642
-1445
-1415
-1340
-1256
-845
-399
-406
149
671
908
810
1068
1602
1335
1065
1357
1490
1226
1097
1536
1708
1383
1637
1891
1791
1545
1452
1315
713
402
159
-417
-933
-1144
-1250
-1579
-1645
-1333
-1292
-1300
-936
-532
-488
-447
-42
138
-25
25
291
279
116
283
559
609
663
950
1160
1224
1360
1501
1470
1371
1347
1185
935
749
536
170
-141
-276
-488
-770
-844
-831
-867
-851
-739
-547
-580
-477
-345
-295
-258
-368
-318
-389
-399
-345
-375
-278
-225
-139
43
185
396
453
539
699
700
684
584
524
394
150
63
-57
-223
-345
-401
-367
-387
-366
-264
-248
-207
-117
-121
-167
-244
-292
-382
-540
-601
-680
-806
-818
-835
-806
-860
-876
-817
-949
-1010
-1110
-1245
-1389
-1245
-1156
-1219
-1210
-833
-548
-586
-86
424
621
500
875
1435
1190
999
1251
1409
1130
989
1379
1447
1160
1320
1501
1444
1248
1187
1121
737
597
377
-87
-411
-584
-791
-1140
-1173
-994
-1134
-1174
-806
-533
-510
-411
40
231
142
314
560
553
430
525
656
640
607
719
773
890
995
1045
1099
1180
1230
1045
941
910
677
260
17
-115
-412
-739
-801
-811
-926
-864
-765
-555
-508
-348
-140
-118
7
-65
-50
-125
-195
-150
-347
-382
-331
-348
-223
-174
39
164
209
474
525
602
574
503
460
225
139
21
-196
-292
-408
-404
-377
-376
-253
-198
-47
65
53
79
69
15
-134
-278
-343
-527
-772
-822
-885
-1007
-1134
-1166
-1113
-1213
-1265
-1246
-1343
-1350
-1131
-1144
-1137
-1099
-726
-660
-722
-120
178
263
249
770
1167
892
1029
1422
1449
1269
1345
1675
1499
1249
1486
1440
1272
1111
1076
908
550
534
278
-122
-307
-443
-682
-1007
-996
-926
-1161
-1151
-859
-739
-755
-581
-173
-114
-153
104
292
225
162
345
460
407
429
563
585
618
721
777
789
824
834
738
696
673
492
247
164
54
-190
-369
-398
-456
-635
-619
-491
-477
-457
-337
-154
-110
-114
-8
2
-68
-127
-160
-210
-340
-326
-270
-260
-183
-76
57
165
265
411
460
493
508
437
375
261
158
48
-46
-63
-99
-140
-121
-75
-30
-9
51
104
103
70
26
-43
-151
-292
-434
-597
-733
-877
-1007
-1140
-1223
-1300
-1367
-1411
-1428
-1506
-1499
-1227
-1257
-1243
-1136
-773
-717
-729
-129
128
193
216
742
1085
843
984
1327
1374
1243
1352
1668
1548
1359
1563
1520
1428
1300
1218
1051
750
731
435
62
-113
-288
-542
-819
-793
-779
-1031
-995
-701
-647
-694
-547
-214
-224
-263
3
173
101
81
271
364
304
312
435
426
483
545
571
619
702
748
681
708
762
631
444
407
353
164
-55
-58
-132
-284
-288
-242
-186
-243
-118
2
1
57
72
76
-20
-100
-115
-259
-359
-378
-445
-443
-419
-291
-236
-192
1
121
188
245
311
341
261
256
235
109
39
7
21
-13
-55
14
33
47
90
87
122
94
45
-33
-141
-221
-412
-594
-724
-881
-1080
-1243
-1366
-1469
-1613
-1693
-1649
-1782
-1640
-1466
-1399
-1306
-1156
-748
-763
-566
-81
86
198
301
753
902
775
1042
1260
1277
1255
1419
1675
1538
1564
1739
1616
1547
1414
1328
1077
811
729
342
31
-110
-328
-574
-801
-783
-837
-1023
-897
-724
-691
-662
-439
-175
-194
-124
120
187
146
219
336
364
310
395
469
479
580
649
689
731
836
869
811
831
827
666
530
495
393
194
63
8
-79
-175
-214
-183
-224
-207
-130
-48
-15
-32
23
-30
-103
-143
-216
-306
-415
-462
-494
-547
-490
-432
-382
-289
-187
-25
33
109
189
174
189
149
100
16
-71
-87
-167
-227
-226
-227
-203
-177
-125
-72
-51
-33
-51
-100
-157
-266
-408
-544
-673
-827
-1032
-1192
-1298
-1468
-1570
-1671
-1693
-1764
-1751
-1492
-1467
-1375
-1212
-855
-712
-635
-127
83
175
278
648
885
791
948
1177
1225
1250
1375
1563
1608
1580
1765
1730
1692
1637
1475
1320
1051
925
595
247
63
-169
-402
-617
-700
-746
-884
-871
-704
-655
-601
-483
-255
-175
-151
33
142
128
151
225
254
221
199
261
255
340
427
471
573
664
760
794
831
872
794
685
641
536
382
196
74
-31
-161
-188
-209
-203
-191
-148
-76
-56
-28
-6
-19
-53
-90
-171
-273
-373
-420
-481
-547
-527
-468
-429
-387
-247
-105
-11
79
197
273
306
330
310
261
192
140
92
8
-51
-83
-98
-82
-69
-27
5
24
44
12
-22
-130
-226
-354
-501
-660
-900
-1070
-1250
-1419
-1568
-1693
-1755
-1843
-1886
-1651
-1561
-1489
-1308
-992
-716
-707
-253
70
179
293
520
854
802
840
1075
1167
1226
1293
1467
1625
1605
1736
1769
1732
1725
1549
1435
1220
1021
782
395
189
-45
-324
-576
-753
-801
-913
-992
-842
-740
-672
-556
-337
-126
-87
53
203
240
261
307
327
293
227
269
265
270
356
409
485
580
691
770
796
833
830
757
669
549
416
223
32
-85
-223
-335
-399
-423
-391
-359
-281
-222
-172
-112
-97
-84
-96
-123
-190
-286
-349
-407
-494
-518
-519
-479
-448
-378
-214
-108
27
167
284
381
425
443
396
340
276
163
52
-43
-120
-187
-239
-223
-202
-225
-190
-124
-77
-78
-91
-101
-167
-278
-408
-571
-746
-959
-1134
-1283
-1437
-1556
-1684
-1736
-1778
-1564
-1397
-1373
-1189
-869
-592
-561
-204
199
251
337
580
887
863
840
1075
1173
1171
1237
1384
1491
1447
1541
1662
1586
1579
1506
1367
1160
985
798
408
140
-18
-296
-580
-740
-807
-899
-1029
-912
-773
-734
-646
-466
-226
-156
-61
93
147
134
158
148
108
63
48
29
12
133
171
211
315
455
540
556
651
703
631
532
475
349
147
-36
-141
-260
-401
-464
-480
-438
-413
-339
-218
-126
-37
17
52
70
60
-6
-88
-155
-218
-320
-401
-409
-384
-370
-307
-169
-62
21
145
286
362
404
422
417
370
312
255
161
82
17
-54
-92
-101
-99
-90
-61
16
73
92
92
94
65
-33
-160
-293
-475
-679
-883
-1043
-1226
-1402
-1516
-1582
-1627
-1619
-1406
-1344
-1279
-1065
-723
-546
-449
-9
195
267
399
670
848
811
912
1059
1120
1169
1252
1364
1466
1471
1568
1580
1585
1560
1420
1316
1114
956
677
358
135
-108
-392
-606
-756
-857
-937
-967
-848
-773
-673
-547
-346
-172
-95
21
119
133
123
93
34
4
-74
-115
-143
-92
-27
9
134
273
401
489
591
695
708
650
593
498
375
194
34
-66
-210
-309
-357
-347
-316
-259
-210
-116
10
84
130
142
161
101
8
-68
-134
-251
-363
-414
-433
-450
-429
-341
-264
-151
-47
91
192
249
327
367
365
334
279
195
86
-20
-96
-173
-205
-208
-191
-140
-103
-31
20
36
86
54
8
-101
-235
-387
-619
-789
-1000
-1200
-1399
-1540
-1637
-1722
-1801
-1721
-1487
-1477
-1351
-1084
-741
-658
-484
3
139
252
417
729
814
801
962
1068
1112
1184
1297
1375
1462
1495
1632
1586
1606
1626
1488
1330
1165
1060
736
427
241
26
-300
-497
-626
-731
-846
-895
-788
-760
-659
-542
-353
-219
-144
-53
8
4
-7
-45
-108
-133
-179
-187
-218
-124
-29
20
138
328
477
560
664
763
779
700
642
562
417
225
72
-50
-174
-274
-327
-337
-334
-291
-239
-157
-72
-3
28
44
54
26
-42
-124
-198
-315
-420
-500
-513
-524
-513
-447
-352
-235
-136
9
122
193
271
329
333
289
222
154
63
-36
-95
-164
-194
-206
-184
-144
-99
-29
15
33
73
65
-11
-109
-245
-370
-553
-741
-944
-1110
-1264
-1432
-1512
-1586
-1593
-1655
-1459
-1283
-1273
-1096
-838
-586
-530
-195
174
274
406
668
903
935
1003
1142
1235
1259
1384
1445
1521
1586
1626
1689
1632
1669
1581
1432
1294
1154
965
637
386
184
-85
-348
-523
-691
-782
-860
-832
-746
-704
-590
-481
-329
-225
-182
-104
-55
-62
-50
-85
-103
-129
-181
-146
-116
-5
84
160
323
462
554
651
731
790
758
680
656
542
395
240
129
30
-127
-193
-221
-273
-267
-256
-213
-173
-147
-103
-105
-93
-113
-159
-217
-301
-367
-435
-525
-565
-579
-573
-547
-491
-411
-338
-212
-100
-8
98
175
212
215
220
203
152
93
45
15
-30
-51
-66
-40
5
30
76
103
112
87
33
-16
-116
-257
-404
-577
-715
-874
-1043
-1150
-1292
-1352
-1439
-1451
-1443
-1403
-1192
-1139
-1035
-782
-522
-368
-184
192
408
482
705
948
1037
1119
1218
1336
1361
1411
1519
1506
1595
1619
1636
1625
1580
1568
1422
1271
1129
951
684
419
208
14
-263
-469
-607
-734
-820
-863
-821
-787
-728
-640
-551
-454
-383
-367
-308
-287
-271
-267
-296
-251
-240
-205
-168
-92
42
116
215
351
463
555
634
693
724
697
654
578
483
414
303
162
50
-17
-90
-163
-197
-177
-176
-177
-165
-142
-135
-195
-212
-208
-268
-355
-418
-455
-525
-584
-577
-579
-566
-520
-457
-358
-243
-148
-67
48
160
224
268
314
321
290
257
245
219
158
117
100
79
63
46
55
37
15
16
-28
-88
-169
-272
-374
-518
-661
-791
-945
-1062
-1175
-1273
-1368
-1418
-1433
-1450
-1353
-1144
-1091
-976
-710
-458
-303
-110
280
414
525
774
995
1097
1152
1267
1327
1363
1459
1502
1439
1521
1542
1532
1475
1438
1410
1221
1058
933
768
474
209
40
-146
-443
-613
-718
-861
-944
-968
-909
-911
-865
-776
-675
-571
-492
-434
-364
-327
-282
-227
-217
-178
-149
-68
-26
31
159
245
306
412
547
657
698
725
772
750
706
649
580
498
362
259
195
108
-1
-95
-140
-137
-196
-229
-205
-203
-219
-231
-220
-254
-310
-349
-352
-400
-464
-508
-528
-540
-545
-496
-430
-362
-254
-123
-33
79
183
248
295
354
415
395
365
346
304
252
200
145
112
83
85
77
51
37
16
1
-60
-108
-206
-307
-402
-527
-655
-784
-889
-1002
-1067
-1146
-1201
-1200
-1161
-1163
-1001
-874
-809
-616
-379
-191
-94
215
438
524
680
899
1009
1078
1189
1235
1262
1314
1360
1308
1340
1372
1323
1271
1240
1191
1070
900
772
636
395
166
-32
-206
-471
-659
-764
-924
-1030
-1083
-1068
-1084
-1042
-951
-882
-773
-661
-573
-490
-404
-332
-252
-212
-147
-95
-65
23
94
163
218
308
410
495
565
635
692
731
728
707
728
654
534
479
388
261
162
72
-8
-87
-128
-187
-232
-223
-253
-290
-276
-265
-297
-341
-355
-381
-427
-454
-501
-518
-497
-494
-470
-409
-333
-254
-152
-49
65
167
247
316
367
431
415
407
391
341
321
263
222
178
145
152
93
58
44
6
-48
-108
-155
-239
-320
-391
-510
-606
-691
-815
-892
-954
-1020
-1064
-1068
-1053
-1087
-988
-822
-811
-720
-487
-290
-187
9
296
406
524
741
894
951
1044
1145
1164
1184
1232
1231
1198
1222
1198
1166
1094
1072
999
832
731
601
460
247
61
-94
-291
-506
-593
-730
-877
-917
-963
-968
-990
-916
-854
-818
-694
-604
-509
-404
-331
-251
-197
-123
-66
-55
19
62
109
181
230
303
364
429
495
533
577
581
560
569
522
461
408
325
243
153
91
34
-54
-123
-146
-180
-223
-250
-283
-287
-307
-341
-370
-370
-392
-433
-425
-424
-423
-418
-380
-328
-278
-251
-190
-100
-14
36
82
184
247
299
312
343
361
348
365
361
347
324
324
317
279
219
184
184
119
44
17
-24
-74
-184
-280
-332
-419
-491
-556
-603
-659
-729
-787
-819
-827
-842
-874
-819
-709
-690
-641
-492
-324
-245
-145
77
253
357
482
638
776
879
951
1016
1071
1093
1086
1052
1070
1021
933
905
856
766
638
540
461
312
175
73
-90
-224
-378
-467
-578
-726
-742
-792
-841
-837
-784
-747
-750
-670
-560
-514
-442
-333
-221
-173
-117
14
81
114
161
225
300
355
396
426
456
476
498
494
486
484
512
490
417
405
377
333
258
176
151
121
32
-41
-94
-149
-199
-269
-295
-335
-360
-374
-384
-383
-398
-374
-366
-359
-336
-322
-297
-264
-227
-195
-140
-84
-41
8
57
107
163
219
249
280
332
378
380
390
404
395
383
351
310
233
188
132
64
-17
-89
-138
-238
-332
-371
-424
-495
-543
-587
-612
-685
-733
-728
-756
-809
-824
-811
-776
-761
-736
-651
-521
-419
-352
-152
23
148
271
448
598
695
791
868
927
952
970
952
943
934
901
799
767
758
645
528
490
446
310
172
100
24
-136
-247
-330
-417
-507
-589
-641
-682
-711
-708
-678
-652
-588
-495
-415
-352
-259
-177
-103
-37
47
115
156
194
231
279
280
288
312
331
336
359
390
416
373
367
427
417
384
372
378
341
276
219
161
92
27
-83
-138
-182
-229
-270
-345
-339
-320
-290
-297
-303
-241
-202
-215
-205
-173
-171
-180
-148
-104
-110
-118
-46
11
17
63
153
218
233
284
364
406
401
400
424
434
397
358
302
239
186
117
31
-57
-144
-238
-312
-385
-450
-521
-563
-591
-627
-659
-708
-728
-753
-801
-814
-795
-778
-769
-731
-651
-581
-516
-424
-275
-129
-21
145
305
420
524
618
696
751
808
822
820
845
830
772
709
665
616
544
488
456
376
291
237
147
49
-39
-93
-193
-311
-370
-432
-521
-597
-593
-573
-569
-548
-470
-410
-360
-282
-209
-115
-41
31
119
171
201
222
246
300
320
288
310
369
350
310
336
410
411
378
423
478
454
408
400
383
332
269
211
141
59
-21
-91
-168
-225
-255
-287
-302
-322
-332
-316
-290
-285
-307
-293
-258
-238
-256
-244
-219
-182
-175
-176
-102
-61
-43
-12
41
99
149
203
248
278
309
327
342
333
313
287
225
191
152
63
-19
-66
-141
-243
-318
-348
-402
-489
-515
-521
-560
-610
-657
-667
-705
-766
-761
-755
-738
-713
-672
-600
-544
-445
-330
-193
-69
74
247
354
430
581
684
700
766
818
831
804
828
832
757
736
736
693
615
575
560
492
385
324
255
150
50
-40
-138
-246
-314
-391
-467
-509
-543
-546
-553
-495
-407
-414
-384
-247
-183
-154
-85
14
77
75
129
184
177
182
202
216
219
235
282
278
281
296
324
363
375
380
365
375
363
311
253
220
186
101
30
-15
-52
-126
-181
-206
-232
-266
-297
-281
-277
-305
-321
-310
-318
-308
-330
-323
-282
-275
-265
-267
-231
-161
-138
-129
-47
46
114
142
199
255
289
318
331
364
336
300
284
230
155
98
59
-2
-81
-134
-162
-216
-278
-329
-360
-426
-466
-477
-535
-579
-609
-642
-673
-674
-676
-701
-703
-632
-563
-534
-467
-347
-210
-141
-28
129
273
386
469
558
665
715
728
803
847
836
816
822
822
771
724
708
662
589
516
477
406
302
215
109
42
-55
-151
-218
-289
-338
-386
-417
-430
-438
-439
-429
-410
-356
-329
-333
-289
-248
-220
-191
-144
-101
-84
-69
-36
11
10
20
95
134
156
208
261
302
319
329
366
392
369
347
379
346
263
239
231
172
83
68
47
-19
-72
-95
-107
-138
-145
-150
-167
-168
-167
-153
-156
-172
-179
-194
-173
-154
-162
-150
-112
-67
-46
-16
35
90
148
171
221
283
262
272
286
251
247
225
204
153
86
41
-10
-78
-139
-184
-224
-269
-313
-346
-371
-378
-440
-499
-516
-539
-584
-609
-621
-626
-606
-616
-581
-550
-501
-438
-387
-316
-224
-114
-40
52
181
272
355
450
519
586
633
659
689
718
724
704
714
705
635
595
583
529
435
362
326
268
171
64
7
-58
-141
-222
-297
-349
-394
-449
-482
-483
-488
-488
-471
-452
-432
-397
-349
-312
-279
-222
-156
-106
-91
-49
14
63
102
137
187
247
283
307
328
349
360
361
365
356
365
342
290
262
232
167
107
61
19
-44
-85
-112
-151
-172
-177
-168
-168
-176
-177
-155
-156
-159
-156
-149
-149
-129
-112
-116
-97
-80
-73
-72
-53
-3
26
50
71
101
127
119
120
109
106
91
78
56
6
-17
-30
-44
-89
-132
-150
-187
-217
-232
-273
-305
-306
-336
-379
-413
-401
-414
-471
-471
-454
-450
-449
-421
-373
-337
-293
-209
-133
-64
27
120
223
294
374
430
484
558
603
614
622
663
672
632
606
607
579
542
505
494
456
387
321
265
194
122
55
5
-70
-156
-191
-260
-307
-354
-371
-380
-385
-387
-404
-374
-348
-321
-284
-238
-175
-129
-106
-61
-18
15
17
58
104
129
163
181
225
232
244
280
262
250
263
268
240
201
190
166
129
114
92
61
31
8
-5
-50
-82
-63
-44
-50
-56
-32
-22
-32
-44
-70
-71
-60
-78
-87
-114
-101
-91
-125
-120
-108
-92
-83
-84
-78
-88
-71
-58
-66
-58
-53
-61
-66
-80
-86
-92
-109
-107
-111
-130
-152
-148
-144
-168
-182
-181
-156
-173
-210
-194
-198
-213
-232
-251
-233
-237
-235
-207
-189
-163
-139
-100
-49
-3
61
114
179
243
276
321
375
414
433
452
477
507
502
494
499
510
500
464
456
448
436
376
328
312
263
206
158
121
78
12
-53
-76
-109
-179
-238
-224
-253
-314
-333
-334
-329
-359
-355
-308
-280
-285
-279
-248
-217
-220
-200
-152
-135
-120
-101
-74
-41
-16
21
43
57
101
121
121
138
151
156
154
151
144
134
127
128
118
104
91
101
111
107
81
74
85
52
18
7
9
-9
-50
-82
-98
-120
-164
-197
-202
-219
-253
-258
-260
-256
-248
-229
-209
-212
-189
-163
-155
-164
-173
-159
-140
-138
-123
-109
-89
-60
-63
-55
-51
-30
-2
0
7
8
23
34
23
25
27
21
6
-13
-40
-49
-47
-49
-49
-41
-21
-2
23
53
97
127
156
196
226
237
253
283
307
316
326
349
357
356
360
366
356
354
353
320
297
299
289
254
224
199
162
120
81
35
-21
-49
-77
-133
-186
-219
-225
-256
-293
-324
-329
-303
-326
-340
-344
-326
-291
-294
-281
-267
-236
-221
-235
-201
-161
-129
-114
-77
-34
-22
10
62
107
132
148
178
204
212
209
224
239
237
234
230
235
234
214
185
173
167
138
110
104
94
57
8
-24
-42
-82
-135
-161
-191
-224
-239
-263
-286
-290
-296
-294
-290
-287
-264
-244
-229
-189
-176
-151
-129
-100
-58
-71
-50
0
19
5
6
56
68
54
59
74
96
77
72
87
64
39
31
18
-17
-28
-19
-29
-44
-60
-59
-37
-38
-39
-6
27
71
90
107
148
189
208
218
257
295
306
305
311
320
326
319
314
307
276
255
235
206
177
158
134
103
58
29
2
-38
-88
-123
-150
-199
-227
-273
-311
-323
-332
-353
-367
-352
-335
-352
-351
-308
-287
-281
-271
-231
-210
-224
-204
-160
-122
-107
-91
-51
-20
5
22
53
98
111
146
184
223
246
256
281
291
281
269
287
283
258
234
198
188
163
126
102
89
67
33
4
-24
-40
-64
-103
-136
-144
-165
-195
-224
-222
-228
-243
-254
-244
-220
-229
-206
-163
-153
-143
-126
-103
-67
-62
-39
-4
18
17
9
25
37
42
49
57
70
68
74
77
75
89
98
94
91
85
79
54
44
34
15
9
-8
-16
-17
-8
-1
4
17
38
49
63
88
116
132
140
148
154
167
152
150
162
180
166
128
126
122
102
85
68
34
12
-22
-58
-73
-89
-119
-164
-192
-215
-259
-291
-301
-317
-359
-388
-389
-378
-380
-383
-354
-327
-310
-295
-256
-207
-177
-165
-126
-72
-27
-21
-10
63
105
101
99
136
167
174
189
221
267
255
244
291
327
302
295
340
341
326
315
328
305
251
235
239
230
188
172
163
137
107
88
81
61
36
-5
-46
-64
-97
-129
-155
-181
-186
-188
-178
-168
-162
-183
-189
-173
-186
-154
-106
-82
-86
-81
-28
-23
-31
-15
7
31
29
37
55
67
62
54
51
68
83
63
63
72
97
93
64
60
66
47
0
-20
-6
9
-12
-28
-9
19
12
6
38
63
54
53
74
98
90
79
89
95
81
55
49
59
37
16
-5
-8
-22
-44
-48
-54
-58
-86
-89
-94
-104
-131
-135
-144
-184
-213
-223
-232
-234
-232
-235
-228
-221
-203
-188
-175
-148
-128
-124
-91
-43
-30
-39
-11
20
32
31
45
100
115
108
124
136
164
185
202
219
253
284
297
310
324
327
331
303
273
281
264
223
183
168
159
119
82
52
25
1
-18
-25
-48
-72
-94
-102
-120
-132
-147
-185
-192
-198
-191
-207
-192
-168
-178
-170
-150
-136
-117
-115
-105
-86
-36
-11
-13
5
25
33
15
15
-7
-9
30
30
-2
-1
-9
-13
-5
7
-20
-16
-10
0
-18
-23
-18
-15
-34
-73
-63
-38
-73
-87
-83
-76
-59
-28
-79
-81
-34
-16
-17
-12
-28
-46
-29
9
-13
-100
-91
-50
-13
-59
-91
-119
-88
-85
-78
-83
-92
-123
-58
-44
-90
-82
-119
-91
-100
-101
-104
-124
-100
-101
-58
-56
-26
-40
-43
9
22
13
7
63
132
132
60
28
117
173
124
112
71
151
227
225
166
116
145
242
249
196
242
255
203
217
183
145
168
154
139
120
122
60
13
30
7
-7
-71
-101
-96
-114
-83
-43
-122
-199
-207
-165
-127
-169
-225
-198
-159
-148
-147
-160
-166
-174
-155
-109
-75
-6
8
-26
-19
27
13
-58
-37
49
141
131
74
52
46
50
48
51
79
51
13
-10
45
91
61
32
39
65
50
27
-15
-41
-16
19
82
102
33
-26
-2
37
44
-29
-17
59
75
52
-19
-4
-14
-15
17
62
48
35
-6
-24
23
-37
-91
-102
14
73
43
15
-2
-10
-37
-50
-76
-62
-44
-22
-57
-52
-30
-3
-34
-95
-43
15
55
2
7
21
9
72
99
98
93
74
133
156
114
113
94
79
101
174
190
148
148
169
205
201
195
134
108
92
75
120
147
116
65
50
12
4
29
2
-43
-92
-70
-61
-136
-139
-162
-188
-168
-155
-144
-164
-239
-227
-239
-203
-161
-176
-170
-202
-177
-175
-120
-39
-29
-74
-24
8
-45
-43
-29
23
57
14
-9
9
27
5
4
68
68
55
48
45
49
41
-3
38
44
14
44
80
57
-42
-83
-58
-51
-65
-26
-15
-9
-36
-41
-21
-41
-59
-50
-51
-20
9
-26
-71
-90
-54
-38
-45
-23
25
26
-2
-18
8
5
34
56
47
37
31
51
12
15
53
94
88
47
39
75
42
-37
-33
-3
74
86
47
-25
-16
43
40
49
76
101
109
56
43
57
51
83
80
108
110
120
148
87
83
122
104
115
103
81
118
122
96
37
32
-6
-1
84
56
-22
-64
-33
-19
-8
-61
-102
-99
-120
-124
-107
-27
-29
-82
-136
-95
-67
-148
-152
-128
-98
-130
-174
-139
-77
-88
-119
-118
-82
-72
-93
-59
-58
-13
-32
14
19
-35
-36
-23
74
84
68
28
4
6
36
79
26
-5
-7
48
45
4
-62
-105
-80
-42
-46
-45
-29
-40
-61
-137
-114
-28
23
-55
-115
4
60
67
15
-39
-2
53
65
24
-49
-57
25
50
53
54
75
59
-1
45
73
45
28
67
134
153
52
24
76
70
86
54
92
133
110
77
39
88
104
93
89
69
118
96
61
59
81
80
45
71
116
98
27
29
84
98
65
29
30
83
88
60
35
50
117
111
71
29
48
74
9
-13
-37
-21
20
-23
-64
-114
-92
-65
-106
-81
-55
-55
-89
-103
-66
-49
-70
-100
-132
-94
-27
-17
-71
-137
-122
-85
-53
-36
-40
2
-1
-75
-90
-67
-83
-42
-28
-5
17
4
-21
-69
-17
-16
-28
-11
4
2
31
46
22
40
-36
-18
8
9
7
-58
-44
-43
-65
-59
-66
-77
-132
-138
-129
-96
-68
-49
-59
-72
-44
-41
-37
-66
-50
32
39
-18
-49
-1
-4
-71
-54
25
33
8
59
46
41
18
31
81
71
35
57
85
53
-12
1
43
59
63
49
72
72
-10
-34
0
38
42
-10
0
17
65
69
20
20
20
18
8
27
4
-3
31
35
31
6
-38
-51
23
21
19
15
-18
49
10
12
25
30
-2
-19
41
-4
-28
-72
-38
-15
-39
-23
-55
-83
-46
-2
7
-52
-85
-49
-36
-31
-41
-8
-17
-30
-2
-14
-34
-8
-10
-8
6
32
67
75
71
79
76
52
55
49
100
128
100
115
108
93
71
34
62
67
98
103
21
-4
-20
19
21
-3
-42
-32
-3
-39
-47
-83
-112
-111
-84
-70
-101
-156
-171
-129
-84
-76
-99
-118
-52
-49
-97
-65
-67
-102
-93
-85
-46
14
1
-27
-37
-4
19
18
-61
-60
-21
-43
-42
-58
-53
-18
-8
-24
-7
-15
27
25
12
36
31
11
-18
-46
-68
-51
-1
8
-26
-38
24
55
24
4
-24
-11
56
116
93
28
23
48
72
36
17
34
19
11
31
33
24
49
75
71
77
52
43
47
52
31
22
37
73
85
66
48
36
50
47
36
50
76
100
119
71
40
33
64
82
67
57
40
72
62
88
82
59
71
46
23
25
26
13
40
35
41
23
-11
-20
-21
-7
-41
-48
-72
-79
-30
-20
-49
-50
-65
-96
-104
-125
-96
-70
-64
-86
-110
-91
-104
-94
-80
-63
-70
-99
-84
-61
-48
-44
-47
-72
-92
-86
-49
-40
-67
-57
-63
-84
-73
-42
-20
-56
-42
-6
1
2
-42
-44
-14
23
-8
-34
-44
-24
24
12
3
-28
7
24
-20
-41
-16
50
59
28
21
22
11
34
62
40
22
19
66
77
34
-9
12
56
76
38
6
55
63
88
24
-13
15
38
69
59
28
18
39
51
48
28
-2
5
51
4
-7
11
65
87
31
11
-3
5
38
80
58
26
41
79
94
45
40
39
57
93
86
23
12
50
50
57
33
47
44
4
19
31
17
-40
-27
-8
-11
-8
-51
-27
-15
-28
-22
-84
-70
-60
-70
-87
-50
-39
-76
-57
-63
-51
-72
-92
-64
-18
15
-12
-44
-48
-17
-32
-68
-53
-64
-41
-23
7
-16
-89
-70
-40
-31
-45
-60
-63
-39
10
11
-12
-14
-66
-47
-18
-19
-20
-17
13
-20
-25
-19
-8
-29
-44
-17
17
9
1
10
17
44
15
-23
-20
15
54
45
2
45
101
57
-2
12
71
79
38
15
36
73
46
-2
-26
-8
25
24
9
44
67
32
43
68
34
1
15
28
41
68
88
78
22
18
33
-1
13
23
17
-1
33
74
63
53
36
38
75
75
66
44
49
44
12
11
-3
6
10
26
12
17
25
-30
-45
-31
-9
-22
-35
-24
-26
-29
-49
-44
-50
-57
-58
-54
-25
-23
-33
-47
-17
-12
-23
-20
-25
-33
-9
16
-1
-20
-50
-30
-8
-19
-30
-52
-26
26
20
-43
-57
-29
-20
-39
-61
-69
-40
-28
-38
-56
-81
-56
-32
-19
-10
26
35
-7
-10
-6
35
40
18
6
-4
38
53
46
5
-13
-8
9
30
25
9
14
19
42
6
-18
-21
-17
25
-8
-18
-5
-1
8
3
-19
-36
-20
8
25
-14
-29
-7
9
17
-15
-33
-36
-22
-32
-16
-8
4
-11
1
41
11
24
31
36
25
10
-14
-18
-6
-31
-25
-17
-13
-33
-32
-28
-27
-57
-58
-33
-43
-34
-11
0
2
2
-3
5
7
-21
-47
-10
15
-12
-49
-59
-22
-21
-32
-44
-37
-13
-3
-30
-17
-6
-41
-48
-25
5
-9
-23
-23
4
4
-22
-27
-45
-20
-19
-10
7
-15
-25
-23
-23
-18
1
5
-39
-32
3
13
6
-1
0
12
21
33
58
64
73
47
25
43
67
50
35
74
86
59
54
51
31
65
66
65
69
70
86
55
80
116
83
51
25
37
46
60
29
-9
-2
30
41
-5
-8
24
38
39
21
23
39
64
25
-13
15
63
50
9
32
40
39
25
33
43
39
39
26
28
55
63
23
10
17
14
21
5
-19
-36
-25
-8
-12
-6
-17
-28
-14
-1
-12
-35
-17
-9
-21
-32
-19
1
-5
-15
-46
-56
-5
15
-18
-36
-50
-13
19
6
-14
-28
-7
7
14
16
18
-42
-50
-13
8
15
0
12
-12
-4
-18
-27
-26
-32
-2
1
-4
-27
-27
3
-4
-1
0
0
-16
-31
-32
-13
14
-6
-2
-14
9
7
-5
22
25
28
10
6
-6
-5
-4
-1
2
13
18
-11
-2
3
-13
-11
0
17
14
22
2
-25
-13
-9
-32
-36
-8
-9
-33
-51
-32
-26
-26
-45
-71
-45
-11
-10
-46
-52
-20
-16
-28
-46
-53
-31
-30
-16
-15
-39
-60
-63
-24
-3
-35
-31
-3
-15
-25
-39
-41
-30
-18
-18
-39
-60
-59
-40
-38
-17
-21
-41
-34
-30
-31
-34
-26
-41
-38
-33
-27
-27
-52
-52
-46
-23
0
7
-9
-21
-19
-9
-25
-29
-12
9
7
-11
-14
2
12
6
22
23
24
42
25
12
-4
6
37
36
23
13
2
8
4
14
5
13
13
11
28
13
26
38
45
30
-1
30
45
15
-9
-10
21
12
0
2
3
29
23
24
29
31
44
36
43
50
51
32
27
42
32
27
28
41
50
43
31
22
18
24
44
44
41
33
26
37
18
-5
0
20
21
-13
-28
-10
-8
-14
-4
24
41
22
15
34
34
32
26
16
15
14
15
13
1
-19
0
12
19
37
30
39
40
47
49
45
43
33
54
63
40
-8
-13
36
28
-5
-24
9
33
20
2
-9
25
25
9
-7
7
14
-16
-28
-24
-17
-21
-10
-12
-45
-46
-5
5
5
-24
-5
26
24
13
-9
13
21
9
-18
-16
5
3
4
-16
-16
-4
23
29
14
-4
-4
13
33
20
-27
-30
-7
3
-16
-22
-18
-29
-26
-23
-12
-20
-17
-10
-20
-19
-37
-26
-6
-4
-15
-41
-16
2
-5
-24
-41
-20
2
4
-24
-36
-19
-9
-10
-5
-3
-3
-16
-3
-5
-11
-5
-20
-14
-9
2
-13
-24
-17
-22
-19
-2
