-13
-28
-31
18
23
28
18
-4
15
-32
18
16
28
22
-11
22
0
5
-8
1
20
6
15
13
6
-27
-7
40
17
8
13
-3
-22
-16
16
53
-16
20
-7
-35
-2
-14
30
-14
-4
5
5
-1
-11
9
-39
10
25
-2
23
-24
-8
-27
-20
25
21
27
-2
-33
-37
-27
3
35
14
19
-18
-25
-24
-19
10
-1
21
15
12
-16
-1
-27
-16
7
17
22
14
-8
-28
-47
5
39
31
28
-1
-11
-52
-18
31
41
26
28
-31
-23
-30
-5
60
11
15
-8
-27
2
15
15
47
0
-7
-29
11
6
8
25
-28
9
-10
17
-11
-37
-1
12
-6
15
42
-30
-30
-11
-19
29
13
38
-10
-65
-18
10
-19
-14
21
-12
-41
-31
-5
-37
-17
-1
30
-42
-41
1
-9
-43
-17
31
-15
39
-15
-37
-44
-2
28
26
8
21
15
-47
24
18
10
25
-29
12
-9
56
56
25
2
-30
48
-1
23
58
-7
35
1
5
6
-25
29
19
-31
6
30
11
-29
-57
20
-34
-22
-15
-37
-49
-77
12
-48
-42
7
12
2
-92
-71
-54
-32
0
-35
2
-29
-77
-14
-20
-3
-24
-23
-6
-27
15
-12
-13
-23
-68
-45
-1
73
20
-21
40
9
18
-38
-13
53
-53
15
0
54
16
-32
12
-7
13
43
15
16
-19
-21
28
37
91
27
-63
-55
20
-28
114
73
41
-18
-128
85
-8
53
97
85
-32
-79
0
21
58
1
73
23
-39
4
-19
22
12
20
22
-1
-20
-56
-13
-20
-42
-69
22
56
31
-6
-44
-45
-89
-97
-70
1
18
-34
-53
-20
9
-101
-11
28
17
5
-60
40
-41
-47
-7
50
33
13
62
64
47
20
79
103
-13
71
52
31
81
86
44
0
129
144
141
45
101
29
-88
48
67
123
133
37
14
-56
-36
15
94
84
14
6
-112
-19
2
-9
24
-61
-61
-63
-115
43
-8
-34
25
-89
-22
-73
-53
-2
-32
13
7
-33
-9
-70
31
-74
11
-12
26
79
-29
46
-68
-12
-36
-21
43
12
2
2
-18
32
-23
52
30
25
15
32
24
12
-28
-4
24
-6
19
-9
31
-61
-9
13
35
-9
-40
-7
-26
-46
-14
-3
-37
6
-24
25
1
-6
40
-21
-33
4
-21
36
-53
-26
-53
-59
-67
4
101
6
-7
-51
-76
-146
-76
38
49
-64
-12
-34
-47
-73
-46
56
-24
-21
-87
-6
-115
-82
-87
-110
-48
-83
38
-48
-68
14
-51
-47
-10
-80
-15
-27
13
39
-74
-18
-34
49
21
23
-16
50
-12
-47
24
0
15
-30
87
58
29
6
40
-26
-40
53
79
51
21
28
-25
-20
16
35
78
-9
19
-15
-8
-11
12
49
-33
37
-13
1
-30
-8
-1
-36
26
66
7
-6
1
-22
-83
45
47
34
0
-87
-34
-63
-12
74
34
-36
-48
-96
-21
14
22
60
-61
-71
56
-2
30
48
31
30
-44
51
-2
12
78
12
16
-21
-12
19
16
-6
-7
-9
-16
57
19
69
2
-14
40
-25
93
106
27
40
77
11
125
47
120
-8
-62
54
85
116
16
98
43
-49
-105
83
81
44
16
49
10
-65
17
112
114
23
-33
52
81
17
102
77
20
16
-14
75
5
-21
20
-26
65
-20
-31
3
-84
-33
-9
34
6
-46
-34
-146
-122
28
-54
-7
-76
-99
-39
-125
-19
-38
-35
11
-81
36
-33
-55
26
-38
60
1
22
6
-17
17
-20
27
-32
30
-58
-25
51
-54
76
-5
4
73
-28
-19
-50
-26
22
70
7
-11
36
-16
-29
-8
56
13
24
-27
-1
-36
-117
-6
-33
31
57
-24
24
-55
-50
-40
-57
-7
1
-44
6
12
41
31
2
76
12
32
23
60
90
39
-14
14
-20
-18
1
8
5
-61
-83
-50
-57
-38
26
-46
-36
-75
-94
-50
-77
-3
-4
-55
-83
-56
-18
-88
-7
6
-3
-25
-77
11
-46
-61
26
-12
11
-22
-28
-8
-62
-17
-38
40
-64
-54
-22
-97
-84
-26
-3
17
-67
27
36
-113
-20
-43
65
-34
0
62
-14
-66
33
54
19
36
32
-20
-79
24
-3
67
16
24
101
-5
71
-7
-46
63
-59
75
67
-31
30
-77
-42
-28
-34
8
-50
-13
-36
-81
20
33
19
89
22
89
34
-7
162
68
54
109
155
95
33
158
141
17
50
98
0
-33
-63
16
-33
-70
20
-24
-20
-77
-38
5
-33
-33
17
45
0
7
62
29
35
39
75
50
-14
45
45
12
56
11
33
-7
-14
49
21
-31
-19
-20
-52
-36
-43
-4
-101
-50
24
-29
-77
-22
-54
-77
-31
15
-64
-61
-64
-83
-25
-43
9
-25
-21
-3
-33
-45
-49
-31
-30
0
13
-27
-32
-28
-21
-28
-36
-33
9
-30
-10
9
3
42
-17
13
39
-28
-9
18
1
51
7
16
-13
-92
-57
-88
-74
-42
-105
-79
-96
-104
-42
-44
3
24
19
-24
-50
-92
-32
-19
-24
49
42
34
4
40
58
50
49
40
44
49
52
48
94
86
59
79
73
63
38
34
30
0
16
27
-3
37
44
33
27
51
112
126
112
92
113
80
106
118
102
157
133
129
116
129
145
108
129
145
122
177
168
205
179
141
108
62
45
-12
-26
-43
-70
-51
13
7
6
22
20
-30
-37
-43
-64
-65
-131
-157
-206
-230
-218
-234
-196
-216
-208
-236
-292
-336
-403
-455
-518
-531
-565
-540
-521
-494
-517
-490
-463
-529
-553
-657
-699
-828
-888
-924
-942
-805
-571
-123
246
665
970
1324
1497
1645
1809
1661
1463
1008
720
339
98
-5
-129
-142
-125
24
92
316
362
366
243
123
74
-53
-51
-124
-58
47
247
462
656
811
845
820
791
795
705
700
579
518
535
529
584
555
557
493
397
289
188
14
-125
-247
-376
-378
-410
-398
-413
-399
-388
-389
-378
-383
-423
-454
-488
-482
-450
-451
-438
-486
-493
-535
-592
-650
-766
-908
-999
-1119
-1204
-1293
-1370
-1503
-1691
-1838
-2094
-2306
-2625
-2763
-3094
-2311
-1209
-111
777
1464
2851
2848
3897
4509
4749
4097
2807
2123
666
73
-639
-834
-1572
-1494
-1355
-939
-169
-47
468
-380
-407
-828
-890
-1183
-1672
-1528
-1615
-1029
-557
641
1260
1960
2056
2204
2335
2328
2437
1645
1311
688
512
227
130
156
34
-31
-232
-176
-223
-146
-590
-858
-1056
-1076
-954
-898
-599
-444
-130
208
648
1083
1355
1307
1182
1023
1048
1079
866
726
498
440
428
362
390
304
111
-210
-505
-574
-621
-750
-869
-894
-758
-530
-346
-188
-75
44
48
49
183
240
293
179
137
164
227
269
110
-37
-226
-470
-777
-1056
-1219
-1331
-1478
-1517
-1473
-1257
-1128
-1071
-1011
-1006
-1091
-1384
-1749
-2186
-2775
-3228
-3893
-3602
-1929
-345
1148
1726
3271
3786
4169
5374
5414
5074
2877
1497
-112
-1235
-1578
-1930
-2086
-2454
-2017
-1673
-477
-146
215
-344
-1198
-1401
-1721
-1254
-1809
-1495
-1216
-648
239
1264
2551
2830
2775
2259
2085
1917
1950
1400
793
433
223
395
321
621
424
160
-265
-557
-405
-275
-354
-668
-635
-349
94
405
772
900
928
748
466
493
436
220
-229
-496
-320
-51
533
1054
1304
1650
1565
1502
1220
1220
1033
273
-279
-827
-982
-1001
-1030
-982
-831
-777
-609
-576
-262
20
-145
-51
-39
242
629
764
764
704
520
210
-233
-624
-956
-1463
-1851
-2060
-1894
-1514
-1082
-808
-457
-60
74
107
-71
-222
-542
-1030
-1416
-1644
-1643
-1728
-1908
-2193
-2451
-2837
-3192
-3482
-3060
-1265
437
1759
2366
3605
4151
4345
5245
5130
4570
2240
535
-1054
-2231
-2338
-2663
-2446
-2521
-1933
-1191
-26
572
730
291
-654
-962
-1170
-714
-999
-742
-270
195
1074
1921
2960
2906
2420
1673
1131
1039
994
650
181
-47
-50
153
333
677
537
226
-177
-468
-200
50
128
57
179
564
934
1216
1336
1120
763
209
-346
-524
-613
-717
-997
-978
-531
-43
521
771
1002
1321
1460
1528
1404
1324
1149
650
381
123
-86
-346
-997
-1144
-1328
-1219
-1039
-1046
-539
-344
59
391
648
971
878
612
333
38
-339
-852
-1506
-1837
-2024
-2004
-1868
-1573
-1090
-729
-392
-120
338
595
687
545
301
264
144
-70
-376
-691
-1004
-1286
-1654
-1725
-1858
-1873
-2054
-2297
-2337
-2433
-2512
-2900
-3098
-2374
-332
1681
2955
3539
4393
4213
4045
4626
4553
3788
1201
-412
-1904
-2688
-2347
-2317
-1854
-2058
-1756
-1110
-209
462
645
84
-601
-665
-185
796
954
1524
1652
1590
1558
1598
1938
1214
275
-783
-1180
-766
-152
414
710
918
1197
1225
1272
1321
915
433
-310
-522
-151
312
681
607
514
442
148
-163
-539
-949
-1340
-1920
-2014
-1603
-876
-207
129
554
956
1315
1473
1381
1193
1081
720
577
692
905
891
300
12
-466
-693
-851
-1329
-1381
-1528
-1303
-883
-420
470
956
1203
1322
1213
1252
964
400
-57
-532
-863
-1135
-1263
-1184
-1175
-1198
-1191
-1007
-616
-212
1
133
394
602
791
771
587
367
-119
-525
-904
-1190
-1334
-1626
-1763
-1883
-1787
-1768
-1920
-2021
-2468
-2579
-3299
-3617
-4101
-3550
-474
2119
4718
5150
6023
5644
4471
5007
4351
3622
369
-1932
-3613
-4379
-3483
-2754
-1651
-1698
-1471
-1057
180
954
1401
942
44
23
527
2015
2282
2657
2305
1330
625
140
458
18
-899
-1824
-2017
-1104
309
1396
2083
2129
1880
1510
1110
1065
649
129
-501
-643
68
867
1353
1200
657
47
-694
-1267
-1548
-1673
-1608
-1748
-1516
-664
284
975
960
879
693
407
297
137
265
173
137
301
486
941
781
453
-368
-777
-831
-966
-772
-753
-371
-298
-17
419
839
1049
804
512
375
389
287
90
-167
-319
-609
-842
-1091
-1120
-1175
-1327
-1358
-1076
-320
378
971
1290
1595
1696
1605
1295
857
268
-499
-1119
-1625
-1660
-1749
-1807
-2016
-2075
-1934
-1952
-1804
-1998
-1885
-2083
-2120
-2254
-2446
-2621
-1944
1014
3740
5875
5751
5600
4222
2684
3050
2613
2285
-621
-2649
-4112
-4600
-3327
-2454
-1205
-1444
-1594
-1187
179
1490
2233
1932
1111
708
918
2003
1919
1842
828
-477
-1427
-1718
-803
-688
-1040
-1700
-1624
-471
1037
2259
2843
2624
2019
1296
803
869
651
353
-361
-677
-272
192
555
131
-484
-1226
-1974
-2153
-1859
-1205
-717
-659
-383
188
916
1398
1275
1068
736
498
446
538
764
949
578
327
149
11
-50
-764
-782
-1081
-878
-451
-265
494
521
819
787
856
1097
854
700
304
164
54
-132
-275
-455
-654
-1004
-1259
-1229
-1089
-946
-883
-725
-256
278
762
1051
1195
1170
925
566
299
44
-289
-561
-958
-958
-1025
-1125
-1243
-1604
-1482
-1786
-1616
-1558
-1430
-1132
-1347
-1222
-1529
-1595
-2038
-2776
-2875
-287
2951
5640
6052
5311
4581
2090
2276
2029
2301
547
-2367
-3454
-4512
-2979
-1824
-392
-47
-636
-626
171
1503
2317
2336
1212
568
330
1373
1603
1377
702
-892
-1903
-2596
-1610
-858
-791
-1080
-1189
-92
1432
2774
3458
3102
2032
693
-446
-495
-389
-296
-641
-1056
-694
-206
376
297
-293
-1070
-1936
-2010
-1373
-425
346
445
417
558
917
1295
1133
811
329
-88
-79
147
613
752
538
139
-191
-93
194
168
-37
-127
-207
209
390
916
1018
586
391
-162
34
4
-104
-280
-620
-502
-386
-70
111
143
-70
-387
-601
-600
-407
-372
-346
-229
21
400
678
861
800
517
117
-212
-212
-249
-220
-484
-677
-863
-1048
-1081
-1325
-1344
-1560
-1591
-1613
-1516
-1336
-1385
-1353
-1631
-1742
-2245
-2654
-3296
-2178
1082
3904
5891
4852
4168
1821
228
933
1312
2171
-218
-1700
-2956
-3120
-1788
-989
143
-394
-1090
-1087
139
1611
2556
2114
1147
377
212
869
654
677
-222
-1406
-2055
-1841
-244
466
383
-212
-419
440
1409
2293
2493
1839
825
-321
-675
-179
307
369
-101
-387
-104
225
436
190
-319
-793
-1203
-852
-95
693
1058
741
389
153
212
226
102
87
70
122
359
671
1072
1115
578
46
-404
-352
-337
-352
-209
-156
82
305
397
527
451
132
-96
-339
-73
41
127
245
238
377
237
236
199
87
-276
-735
-966
-894
-771
-666
-520
-318
41
238
565
684
795
500
114
-86
-159
-51
-252
-292
-518
-621
-905
-1092
-1249
-1494
-1792
-2299
-2243
-2391
-2067
-1900
-1659
-1147
-1424
-1387
-2100
-2599
-2908
-890
2739
5448
6276
4738
3488
759
731
1770
3007
2813
-129
-1617
-3547
-2996
-2106
-912
-17
-780
-829
-300
1377
2510
2509
1323
121
-550
-63
604
967
1193
207
-573
-1178
-459
406
224
-278
-924
-464
513
1480
2217
2015
1112
-119
-1059
-750
-36
716
930
649
671
655
680
455
-84
-627
-1198
-1361
-816
-133
531
362
-278
-773
-1072
-715
-446
16
433
690
1002
1160
1305
1528
889
258
-161
-403
136
-225
319
36
-233
-172
-754
-155
-358
-95
-176
-254
359
591
1015
920
657
397
37
79
219
267
11
-659
-1075
-1402
-1390
-1217
-1014
-636
-327
240
757
1136
1173
844
284
-181
-375
-342
-156
-194
-259
-675
-996
-1377
-1860
-2298
-2753
-2925
-3003
-2584
-2164
-1448
-977
-756
-782
-1388
-1721
-2549
-2566
346
3792
6690
6223
4156
2244
-967
-82
1186
3174
2642
-561
-1967
-4280
-3407
-2289
-706
426
-500
-346
281
1636
2414
1697
392
-686
-1090
182
1193
1920
1834
142
-1007
-1973
-1191
-299
-406
-258
-587
289
1447
2152
2678
1649
445
-932
-1574
-498
550
1622
1731
1195
885
343
208
102
-244
-351
-745
-485
283
676
846
-87
-994
-1564
-1608
-787
-140
723
1133
1111
1085
903
860
931
813
684
756
671
839
219
-85
-506
-1270
-1239
-1516
-904
-555
-299
100
35
442
585
707
940
834
717
463
162
55
-373
-804
-1322
-1736
-1734
-1667
-1289
-769
-331
120
407
757
1007
907
848
600
507
485
330
244
-128
-577
-1080
-1706
-2072
-2407
-2680
-2590
-2577
-2102
-1603
-1311
-826
-981
-904
-1289
-1910
-2162
-2615
636
4265
6872
6509
3608
1961
-1581
-495
1689
3748
3365
-489
-1974
-4421
-3651
-2066
-122
1153
-197
-566
-318
831
1267
697
-206
-671
-533
971
2177
2300
1466
-835
-2235
-2753
-1289
438
840
877
205
353
993
1552
1831
909
-41
-827
-915
144
1024
1590
1187
368
-19
48
595
736
485
61
-443
-457
14
527
666
63
-675
-1105
-1079
-644
-498
-252
-123
140
612
1065
1409
1352
1344
802
694
534
742
502
23
192
-364
-214
-697
-832
-1070
-1308
-846
-631
134
477
699
631
598
479
407
332
359
429
160
-119
-827
-1245
-1805
-1976
-1731
-1054
-208
239
553
470
360
3
-48
-89
208
443
374
289
-154
-552
-1326
-2038
-2480
-2645
-2535
-2217
-2024
-1736
-1892
-2194
-2210
-2325
-2007
-1978
-2015
153
3717
6275
5900
3156
1784
-771
-221
3052
5645
5843
1224
-1284
-4199
-4552
-2474
-219
1971
386
-864
-1690
-1256
-658
-692
-513
-255
116
1314
2341
2017
977
-1094
-1787
-1757
286
2552
2895
2186
118
-888
-886
361
1802
1848
1101
34
-912
-1078
-970
-595
-268
-387
98
599
1385
1326
318
-554
-1209
-775
258
1422
1918
1195
-13
-1136
-1726
-1493
-1026
-451
6
288
733
1092
1312
854
33
-255
-85
585
1502
1989
1367
-151
-1404
-1632
-1265
-450
169
131
-157
-658
-594
-410
-87
161
188
559
891
1226
1063
481
-383
-1025
-1187
-963
-547
-368
-477
-931
-1002
-689
-165
237
424
406
210
-3
7
113
147
122
-100
-52
-421
-747
-1384
-1931
-2269
-2535
-2147
-2091
-1771
-2031
-2237
-2766
-2860
-2658
-1476
2216
4711
5275
2449
962
38
-138
3414
6197
7204
2955
-529
-2423
-3534
-1810
318
2550
1139
-1336
-2847
-2803
-1911
-1092
-287
143
300
340
993
554
-5
-831
-827
26
1305
3198
3043
1590
-263
-1079
-291
1202
2914
3270
2017
341
-1386
-2022
-1555
-572
476
519
394
-4
-344
-654
-1105
-1096
-745
-157
534
1117
1272
686
-481
-1026
-834
109
895
983
705
-23
-465
-708
-413
552
1005
1083
670
184
1
-490
-189
-37
23
148
-193
-130
-419
-394
-412
-615
-329
-149
58
82
36
125
142
257
486
517
406
-105
-638
-957
-1109
-923
-709
-409
-372
-426
-380
-341
-224
-72
92
126
58
31
22
65
62
-36
-209
-493
-936
-1562
-1992
-2147
-2152
-2159
-2116
-2366
-2546
-2973
-2964
-2776
-1722
1909
3985
4198
1434
124
181
216
4114
6674
7100
2571
-1159
-1890
-2353
-34
2288
3887
1462
-2159
-3620
-3196
-1869
-546
367
78
-912
-2019
-1578
-1458
-922
-570
-138
799
1214
2164
1625
515
-163
257
1970
3546
4283
3366
1045
-636
-1098
-510
699
1297
1254
-86
-1515
-2195
-2205
-1510
-961
-530
-330
-517
-809
-1054
-969
-526
-309
130
633
1013
1046
548
458
494
897
1796
2141
1986
1017
210
163
208
1078
1153
409
-645
-1830
-1682
-1513
-704
-24
-175
-454
-1225
-1255
-958
-492
143
563
920
988
782
597
373
171
125
107
334
360
-13
-659
-1377
-1390
-998
-424
-13
-104
-366
-863
-1011
-842
-423
-58
3
-156
-499
-819
-1088
-1070
-1186
-1250
-1455
-1736
-1833
-2125
-2174
-2595
-2555
-2558
-1432
1431
2809
2011
-668
-600
383
1735
4857
6332
5077
240
-1629
-876
225
2278
3794
3786
164
-2949
-3181
-1593
102
1370
1624
120
-2132
-3427
-2767
-1903
-606
245
397
-56
-667
-152
-55
92
655
1774
2926
3234
3004
2137
1009
781
1384
2303
2820
2233
1051
-558
-1295
-1045
-466
-38
-471
-1206
-1942
-2287
-1989
-1476
-900
-666
-867
-1053
-1111
-784
-106
467
1077
1455
1579
1556
1259
1342
1449
1525
1734
1580
1497
965
302
-130
-439
-274
-459
-674
-870
-1261
-1569
-1715
-1443
-1128
-1092
-1120
-1121
-1023
-729
-423
20
451
695
794
651
599
622
639
674
583
448
323
94
-61
-275
-407
-496
-711
-773
-876
-921
-1106
-1459
-1536
-1572
-1399
-1383
-1534
-1623
-1832
-1940
-1979
-1990
-1938
-2070
-1868
287
2139
2174
88
-711
640
1422
3603
5489
5215
1648
-1401
-251
1124
2441
3509
3604
1192
-2586
-3538
-2232
-541
591
1087
152
-1651
-3124
-2759
-1718
-841
46
-121
-625
-1368
-994
58
408
808
1246
1844
2206
1965
1883
1604
1793
2413
2707
2738
2189
1465
735
146
329
635
524
-211
-1331
-2077
-2460
-2305
-1579
-1045
-1033
-1639
-2260
-2182
-1686
-724
154
724
630
272
317
899
1600
2200
2407
1805
1235
954
1212
1251
1083
1133
853
498
53
-238
-475
-946
-1187
-1217
-1100
-1029
-1226
-1510
-1630
-1554
-1264
-957
-771
-622
-711
-562
-167
475
964
899
682
427
408
554
697
790
612
270
-106
-444
-421
-419
-547
-821
-1220
-1405
-1622
-1738
-1818
-1952
-1935
-2256
-2406
-2362
-2355
-2205
-2406
-862
965
1189
-336
-1591
-5
1256
2871
4850
5042
2693
-504
334
2256
3227
3818
4074
2834
-267
-1575
-646
529
532
370
-429
-1845
-3052
-3072
-1944
-1285
-619
-728
-1642
-2412
-2379
-904
188
878
1232
1061
901
822
1392
2021
2488
2894
2925
2571
2252
2070
2053
1923
1777
1762
1460
760
-111
-925
-1294
-1530
-1572
-1570
-1897
-2335
-2828
-2869
-2541
-2100
-1500
-1093
-1047
-968
-733
-19
812
1548
2146
1878
1550
1348
1485
1766
1661
1748
1485
1072
780
567
586
362
82
-255
-711
-1041
-1242
-1394
-1409
-1361
-1292
-1243
-1390
-1372
-1465
-1444
-1224
-877
-322
-20
196
331
430
760
982
1151
1145
1025
952
770
659
546
395
-26
-480
-758
-862
-1137
-1418
-1484
-1777
-2329
-2818
-2905
-2746
-2714
-2173
-569
128
-829
-2482
-2014
-128
966
2508
3441
2563
-90
-730
1878
3628
4016
3969
3508
1616
-197
572
2280
2597
1764
869
-466
-1804
-2438
-1891
-1518
-1670
-1697
-2218
-2828
-3260
-2698
-1699
-1130
-560
-128
-48
-120
88
759
1423
2041
2649
2811
2540
2340
2356
2529
2518
2522
2509
2243
1879
1395
904
424
57
-132
-473
-1024
-1634
-2157
-2350
-2425
-2147
-1943
-1984
-2076
-2101
-1707
-1347
-679
35
290
535
754
1313
1562
1664
1879
1730
1461
1240
1239
1177
955
762
620
267
20
-185
-353
-494
-792
-1034
-1285
-1321
-1241
-1300
-1334
-1370
-1327
-1265
-1162
-1020
-961
-907
-673
-208
151
278
222
290
513
722
944
984
769
278
-271
-453
-563
-469
-522
-656
-1033
-1617
-2103
-2552
-2507
-2286
-810
303
-64
-1740
-2517
-1214
-212
1354
2681
2447
186
-1362
533
2383
3020
3178
3295
1950
88
601
2331
3019
2206
1796
955
-200
-805
-385
97
-410
-642
-1098
-1762
-2482
-2539
-2018
-1827
-1574
-1350
-970
-742
-633
-551
-408
253
896
1424
1563
1784
1936
1936
2084
2267
2523
2438
2186
1845
1482
1160
896
814
698
401
-172
-798
-1214
-1373
-1299
-1383
-1537
-1645
-1845
-1868
-1817
-1350
-1045
-1047
-883
-673
-262
111
554
880
833
883
1180
1477
1610
1562
1384
1162
845
729
710
511
398
175
34
-254
-562
-605
-709
-891
-1070
-1123
-1024
-970
-887
-806
-884
-892
-785
-507
-255
-185
-224
-315
-279
-112
114
295
402
315
86
-227
-488
-679
-800
-854
-884
-1092
-1441
-1845
-1949
-885
-4
-253
-1631
-2071
-1126
-430
930
2240
2039
-263
-1632
40
1825
2611
3031
3243
1687
-263
36
1675
2471
1957
1666
784
-218
-509
-57
162
-410
-540
-836
-1194
-1340
-1064
-999
-1447
-1459
-1142
-744
-608
-398
-459
-686
-417
242
1010
1277
1491
1450
1240
1251
1636
2150
2301
2212
1855
1519
1199
1070
959
764
551
122
-282
-654
-835
-986
-1113
-1104
-1152
-1219
-1226
-1115
-1059
-969
-825
-788
-840
-747
-342
-103
-25
58
158
295
434
671
797
750
795
873
887
838
723
581
385
257
187
-10
-260
-427
-623
-783
-928
-973
-936
-995
-1016
-1047
-1040
-1033
-951
-732
-523
-378
-311
-201
-91
13
46
6
18
39
65
37
-38
-213
-439
-676
-817
-1031
-1271
-1370
-1599
-1064
-306
-62
-836
-1759
-1307
-786
21
1240
1799
841
-858
-511
832
1598
2078
2615
2303
825
295
1201
2132
1986
1621
1108
400
120
310
520
2
-406
-613
-856
-934
-846
-695
-1113
-1413
-1306
-941
-588
-355
-230
-588
-776
-509
38
430
758
1130
1171
1015
997
1287
1480
1561
1565
1521
1408
1167
1048
859
713
456
185
-58
-351
-527
-684
-722
-898
-1069
-1130
-1112
-985
-841
-677
-659
-664
-523
-268
-66
3
-11
-17
174
367
497
478
486
535
441
423
465
596
594
526
506
435
289
120
16
-101
-250
-431
-514
-532
-543
-585
-728
-856
-905
-799
-701
-706
-660
-562
-376
-230
-86
-22
5
35
88
171
192
186
55
-89
-240
-374
-525
-755
-936
-1114
-1274
-1438
-1722
-1469
-844
-455
-778
-1281
-1081
-951
-737
117
1034
974
70
-27
396
569
898
1770
2127
1445
964
1189
1556
1513
1684
1590
1037
677
697
832
524
315
-6
-491
-647
-407
-145
-431
-702
-934
-1062
-940
-507
-100
-296
-526
-600
-420
-181
111
410
448
469
584
823
996
1063
988
892
912
1006
1077
925
722
400
113
0
49
98
-85
-304
-526
-717
-756
-666
-557
-570
-616
-545
-439
-347
-235
-186
-106
-64
-53
50
156
273
196
43
34
85
163
124
41
-9
-23
46
165
196
98
-81
-275
-264
-175
-54
-95
-216
-241
-267
-272
-305
-239
-203
-221
-230
-226
-142
-91
-12
2
26
61
68
116
125
124
18
-72
-114
-135
-192
-244
-353
-592
-812
-946
-940
-949
-988
-1057
-1197
-1420
-1413
-1001
-594
-497
-631
-563
-552
-521
-38
514
609
185
189
442
526
695
1117
1353
1049
944
1177
1353
1215
1124
1097
923
903
939
885
605
388
188
-86
-200
-188
-110
-218
-285
-373
-482
-568
-537
-445
-469
-389
-298
-231
-279
-207
-6
101
164
263
449
488
432
336
336
453
571
684
692
654
464
289
196
218
205
53
-56
-150
-199
-197
-118
-30
-61
-108
-81
50
139
135
107
116
167
195
209
115
-20
-149
-175
-162
-202
-246
-327
-394
-383
-281
-191
-141
-131
-126
-96
-108
-67
5
106
124
79
70
100
153
113
87
90
101
130
208
269
254
200
88
-7
-71
-52
40
96
99
-17
-206
-373
-415
-363
-353
-379
-383
-415
-445
-473
-458
-445
-508
-491
-398
-314
-289
-328
-346
-375
-371
-355
-379
-467
-560
-449
-269
-155
-156
-189
-220
-290
-195
103
328
317
243
298
326
312
388
505
510
458
517
595
600
553
538
474
400
411
458
409
233
65
-43
-109
-192
-234
-279
-334
-382
-436
-407
-361
-322
-312
-339
-309
-199
-70
31
122
193
236
266
309
288
265
329
407
429
398
432
421
342
294
416
603
620
511
349
245
194
218
316
312
125
-83
-174
-179
-226
-323
-426
-517
-497
-386
-287
-257
-272
-266
-293
-282
-168
-46
72
151
192
189
150
167
214
278
332
343
346
312
253
172
111
64
59
91
91
74
7
-33
-35
-57
-78
-95
-103
-137
-202
-210
-228
-272
-251
-193
-199
-274
-329
-312
-283
-211
-64
25
8
-16
27
61
41
76
104
119
175
231
233
140
89
122
181
176
137
62
-103
-202
-157
-68
-86
-205
-260
-303
-372
-407
-423
-451
-535
-556
-513
-429
-421
-524
-571
-574
-570
-551
-527
-476
-419
-390
-316
-250
-178
-111
-110
-86
-22
115
254
317
379
355
324
296
331
386
415
460
427
356
334
384
433
411
333
244
202
210
263
269
200
99
27
11
48
135
129
31
-124
-223
-234
-186
-58
43
48
-51
-134
-139
-75
-26
9
62
111
151
175
222
304
339
350
379
369
334
275
283
370
437
383
321
247
226
183
102
125
114
92
90
55
3
-47
-146
-172
-131
-109
-148
-254
-265
-299
-360
-298
-226
-166
-194
-192
-140
-59
57
72
52
80
132
118
131
174
225
144
86
181
211
192
158
126
177
110
72
88
66
34
-53
-4
17
-55
-123
-230
-297
-343
-372
-293
-264
-330
-375
-448
-399
-354
-348
-384
-405
-370
-321
-270
-193
-195
-292
-277
-179
-93
-25
19
-16
-114
-77
-28
-43
46
44
62
36
63
119
80
-41
-24
80
126
154
158
144
3
-26
9
79
170
169
147
82
-15
12
20
-28
-1
-124
-207
-118
-79
-62
-144
-184
-192
-275
-222
-159
-215
-274
-223
-155
-35
79
132
50
-41
-40
9
110
174
280
306
255
179
158
146
131
178
171
173
119
114
64
143
160
156
73
-20
89
1
52
63
115
72
-5
55
96
104
114
162
120
203
207
186
204
185
171
100
111
184
178
155
226
190
204
170
169
239
59
182
137
135
187
177
222
126
86
14
7
-19
32
-7
-16
-13
-50
-60
-28
-12
-58
-9
-102
-98
-25
-138
13
-16
-94
35
-64
-35
-4
-51
54
-59
-136
-70
-157
-45
-61
-129
-99
-187
-215
-233
-222
-192
-238
-205
-191
-136
-154
-225
-133
-126
-86
62
-70
86
-65
-108
-54
-194
77
43
47
2
-108
-21
-173
-99
79
-46
-66
-223
-207
-110
-162
-117
-112
-163
-106
-112
-25
23
-113
-16
77
75
79
67
87
107
31
152
100
117
-29
4
100
-19
82
-9
-35
19
-131
-67
14
-37
23
-22
47
61
-63
44
-38
40
97
-11
88
-70
-31
-4
-30
78
-25
10
19
-109
59
-47
-35
67
-2
112
23
65
109
44
36
24
120
156
208
74
96
91
-15
-4
44
143
87
38
64
102
35
103
83
162
195
117
189
274
223
252
204
196
229
253
244
169
210
116
127
116
159
88
118
-54
-35
-2
-141
-32
-195
-36
-161
-196
14
-194
-196
-211
-189
-139
-163
-99
-106
-190
-185
-177
-66
-53
-89
-130
-169
-208
-198
-120
-127
-225
-245
-258
-327
-198
-137
-97
-194
-154
-122
-302
-199
-69
-137
-67
-86
-115
-215
-52
-29
-75
-33
91
13
-93
41
48
-132
-104
65
-44
43
26
129
11
-68
35
142
213
122
205
143
98
150
252
377
219
229
199
91
-5
161
98
67
85
49
77
-36
36
-2
-42
-82
-174
-175
-82
-209
-115
-273
-229
-258
-393
-146
-271
-233
-237
-342
-192
-323
-160
-163
-250
-98
-142
-123
-26
4
31
113
51
204
93
207
250
184
262
246
229
218
267
197
132
195
35
55
-46
29
90
-72
30
-25
-54
-147
-88
-69
-197
-188
-134
-197
-6
-124
-17
8
-105
14
35
104
69
172
73
143
71
132
312
137
190
221
125
94
160
154
133
44
43
95
62
105
73
29
-71
-47
27
16
45
-54
-148
-30
-145
-67
-53
-80
49
-122
-65
-97
-50
-99
-140
-5
-37
-47
-46
-39
-5
-73
-25
138
80
83
100
128
29
25
205
181
203
116
130
96
38
115
101
108
103
131
108
35
87
-49
-18
12
-56
128
-146
-41
-84
-177
-136
-159
-141
-75
-107
-103
-166
-262
-204
-238
-90
-88
-60
-71
-112
-51
-22
-22
118
46
108
183
149
206
90
222
141
119
181
190
118
25
100
-32
2
-58
-136
-174
-268
-189
-290
-209
-308
-345
-258
-376
-369
-306
-214
-215
-233
-222
-215
-247
-3
15
111
67
-21
70
47
50
115
164
133
122
151
120
110
91
-35
58
12
80
122
-18
26
78
-9
-54
-31
103
-116
69
63
85
138
19
142
111
106
231
209
177
285
105
153
247
250
332
268
247
306
225
174
233
150
138
99
230
89
126
104
-38
95
-44
55
-12
-71
-102
-109
-162
-158
-42
-238
-130
-100
-191
-132
-223
-197
-266
-240
-215
-190
-116
-152
-212
-243
-211
-172
-146
-73
-20
-109
-142
-237
-123
-91
-15
-32
92
55
-143
32
-35
9
28
107
146
85
119
78
201
147
196
196
129
228
81
32
46
59
-64
51
45
-75
-22
-207
-222
-202
-294
-112
-137
-179
-176
-316
-307
-243
-250
-312
-80
-179
-159
-12
-147
-117
-124
-128
16
-59
-32
64
-54
44
45
31
112
96
97
-6
-65
93
-106
142
-5
75
9
-50
180
9
122
80
68
72
96
26
367
135
179
226
74
151
72
180
281
210
301
240
37
102
79
245
295
213
255
42
27
21
32
231
71
240
157
79
117
65
24
91
-9
-1
98
-9
85
-9
77
-46
36
38
-102
22
-101
-125
-58
-207
-15
-21
-117
-89
-155
-114
-261
-51
-34
-166
-10
-230
-111
-150
-170
166
-135
42
65
-99
204
-2
127
147
61
206
196
146
28
167
100
161
110
186
103
-43
53
-9
-78
18
0
-31
-97
-239
-159
-301
-274
-119
-235
-199
-257
-336
-344
-313
-220
-218
-150
-163
-176
-329
-173
-114
-192
10
-123
-107
-103
-185
-41
-28
-31
28
50
-128
-36
-164
-33
78
-47
196
0
70
46
-67
85
61
135
127
80
131
133
60
162
111
94
177
318
379
274
276
231
202
221
312
382
331
219
150
116
112
62
205
239
48
61
-86
-167
-153
-58
-85
-61
23
-51
-32
-86
-85
-95
-125
-131
-49
-29
-61
-66
-129
-131
-148
-112
-108
-44
-26
-170
-55
-90
-127
-103
-118
-32
-163
14
-151
-74
5
-175
-26
-97
121
35
-9
197
39
89
125
183
109
187
157
270
222
113
375
65
156
216
60
111
46
123
53
-74
-143
14
-141
-168
12
-247
-73
-249
-201
-25
-319
-61
-186
-116
-102
-132
-68
-99
31
-128
-61
-80
-79
-103
-55
-13
-120
-86
-182
-84
50
-184
78
-77
-132
-36
-189
86
-156
-38
98
-51
69
-90
50
-1
2
220
183
97
156
3
34
105
103
292
190
277
160
121
162
96
141
164
133
106
127
20
65
-40
103
132
-6
101
-84
-34
-117
-140
30
-169
-34
-33
-194
-61
-196
-212
-136
-226
-137
-70
-177
71
-78
-76
-97
-216
-26
-96
-40
42
-66
-108
-99
-187
3
-158
-59
-77
-106
-143
-240
-99
-138
-79
-86
121
46
62
33
17
132
60
199
162
136
68
109
234
129
174
100
79
100
94
41
140
-57
40
49
21
175
7
156
-21
-59
97
-69
37
28
-41
81
-55
67
95
-141
-72
-52
-14
34
148
93
-23
-72
51
16
16
79
180
-49
-11
105
-94
210
103
-84
141
-74
55
114
36
142
-54
-16
115
-2
226
229
179
256
44
224
0
81
302
1
134
15
33
109
34
215
45
14
-6
-72
-14
50
-130
-55
-54
-59
-58
-142
61
-197
-221
-128
-260
-160
-131
-230
-26
-189
-273
-173
-276
-86
-163
-96
-66
-113
-91
-162
-42
-112
-116
-52
26
95
109
-70
-77
-114
-245
16
23
88
29
-158
22
-97
-79
-102
-32
-117
-132
-2
9
23
-16
-28
-47
-76
-1
45
81
47
14
-59
-58
115
88
36
77
-7
-37
82
-29
79
-81
-84
80
-2
41
22
-104
-79
-95
-86
-5
-4
-176
-83
25
-107
35
-50
120
36
-36
94
-18
83
0
79
103
65
15
107
194
0
54
71
143
68
77
227
94
87
132
72
163
127
169
238
70
225
158
205
213
160
200
141
239
196
121
227
129
232
142
121
90
40
83
-77
35
42
91
-111
94
-85
-160
-143
-290
-128
-254
-217
-120
-159
-190
-180
-192
-143
-275
-150
-235
-199
-55
-149
39
-201
-87
-104
-88
47
-117
-105
-52
-61
-61
49
-93
-35
9
-75
-63
-92
-150
-34
-116
-162
-55
-101
-77
-81
-93
26
-120
-28
71
6
64
-74
94
106
-44
84
56
56
7
-46
121
-59
76
169
-38
77
-10
2
-38
-36
120
-18
64
85
-66
38
-89
74
-83
-30
61
-18
51
-70
32
-86
1
208
-32
-6
46
-104
88
-130
149
56
-132
195
-87
72
-66
-86
87
-22
-6
-58
-25
23
-17
59
176
78
106
134
129
-43
56
236
88
213
161
194
152
-11
123
56
111
150
91
143
14
-29
-57
-19
12
-73
78
-35
-41
36
-183
28
-43
40
-7
-108
60
-25
-163
-30
64
30
55
76
144
-175
-141
28
-94
13
-40
159
145
108
45
-133
96
-62
-15
67
-81
6
-93
4
10
-34
14
13
-14
-97
-164
-106
-128
-121
-126
-53
21
35
80
14
55
-3
-64
-146
-48
-60
-61
-37
20
87
-35
-72
-12
1
-170
-80
7
-135
-143
-237
-4
-105
-61
177
-120
24
-110
-2
-65
-150
66
-87
-133
-98
-13
161
8
80
176
-153
-10
-89
45
58
6
244
11
64
138
132
203
64
183
132
-110
188
117
54
139
22
199
-10
68
209
-6
25
36
98
-78
56
40
63
34
-26
28
-81
-17
-18
-88
-105
-141
-120
-103
-112
16
-85
-145
-139
-106
-120
-167
-136
-66
-97
-126
52
-155
-62
-23
20
-27
-78
125
-126
18
-8
81
75
27
130
-31
90
-93
77
-47
-10
141
34
100
54
20
63
8
16
56
-10
112
4
111
47
121
5
-5
151
-10
47
106
142
137
23
-23
53
61
110
184
215
56
20
-42
0
2
-18
52
-57
-36
-73
-148
-90
-130
-91
-101
-41
-169
-177
-193
-159
-186
-144
-22
-6
26
-14
-22
47
105
-112
-60
-65
9
39
51
227
92
5
64
114
146
69
74
58
7
-48
-16
150
114
158
34
186
11
-26
82
-16
63
-89
33
3
-103
25
-51
-49
-65
-197
-46
-97
-49
43
19
142
7
-50
-105
-155
11
98
60
75
16
-49
-41
29
53
-121
-50
31
-147
-73
-19
-12
-91
-78
78
12
-101
71
33
-192
-6
43
106
109
145
104
85
-27
32
48
2
51
-39
22
-26
102
142
79
78
75
31
68
-37
19
39
-19
105
16
108
38
-28
100
25
80
-26
-34
18
-175
-16
-154
-148
-73
-113
97
-35
51
-21
-122
-84
-57
-69
-73
15
-99
-76
-21
-83
23
-62
-123
-93
-161
-64
-84
0
-27
-45
-27
-137
60
3
92
156
43
76
-61
104
138
101
57
63
87
-43
105
77
145
-34
-61
-22
-109
-118
-46
44
1
-22
-11
-2
-212
-15
-69
67
-61
-88
66
-136
-94
-38
-54
-76
-62
-51
50
-72
-89
-6
-129
-81
-147
-130
-99
-150
28
-24
-75
-47
-75
67
-63
-15
-84
-206
-124
-199
-50
-144
-90
-45
-21
67
-26
62
-37
-34
61
71
53
24
102
151
85
195
195
182
106
61
150
104
121
102
58
52
35
-51
94
87
64
192
-5
0
-4
-113
67
7
-34
14
-141
10
-45
-40
110
-6
98
-95
-66
-75
-193
-39
-88
-22
11
-96
-70
-80
-84
-55
39
-59
-88
-20
-81
-17
-12
-5
-41
-84
-53
-44
-21
7
-46
-78
-33
-32
-14
25
30
18
14
128
100
154
128
151
139
-5
99
16
-56
57
17
60
97
25
86
-39
-30
68
-84
46
20
-9
65
-21
-97
-116
-2
-60
70
24
25
50
-61
12
-67
-105
8
-125
-96
-29
-104
97
18
153
6
-35
55
-111
-87
0
-61
0
68
54
190
3
77
-10
-27
99
-36
131
120
71
6
18
-68
-31
13
114
92
-29
73
-3
-65
-56
74
81
143
118
99
24
-121
-4
26
15
72
1
-38
-46
-87
42
91
75
145
22
84
7
-33
85
-20
45
52
-51
5
1
4
75
12
67
38
-23
39
-19
-46
54
27
-4
-16
10
16
-59
6
12
-94
-104
-10
0
11
84
85
57
100
95
72
132
119
77
1
102
22
51
27
54
89
-81
24
-82
-71
-89
-104
-28
-197
-10
-11
3
-3
-108
143
-22
-33
21
-20
-85
-152
-131
-94
-43
-93
88
-21
50
45
-55
15
-87
10
-64
67
65
-65
34
14
-12
25
-30
3
-76
-142
-31
9
-32
88
-33
49
-67
-47
49
-50
107
-57
22
-46
-70
4
29
61
11
41
35
-17
18
-6
-47
-97
-23
-76
20
46
-37
147
-134
-2
-93
-101
48
-150
73
-46
16
10
-25
66
-74
-11
-105
-97
-203
-87
-23
-50
28
-126
-93
-136
-178
-72
-65
9
-66
-123
-86
-130
-85
46
-10
-9
96
-55
59
40
40
114
44
97
30
35
134
21
152
130
74
221
67
62
59
-84
67
-7
41
146
-16
151
43
-43
16
-134
-3
-31
2
146
-56
30
12
12
5
-30
33
-41
-117
-100
26
-94
20
1
-44
-97
-146
-71
-107
13
-56
-24
-90
-118
-81
-84
11
17
-8
-46
-42
-32
50
8
15
41
-43
-22
-79
8
-31
-124
78
-64
34
17
-41
89
-97
-20
16
0
50
11
29
54
-82
-36
55
43
158
87
136
113
15
23
-4
12
11
-19
37
22
17
-27
-19
20
-64
-11
-22
-54
-50
-40
-82
-64
-55
-20
-6
-36
-16
-93
-22
123
76
27
32
-128
-103
-40
4
154
185
141
128
99
17
-24
-12
18
-69
22
15
-11
57
67
122
89
111
80
-2
8
-47
58
-47
59
87
67
131
27
126
69
95
35
17
31
64
64
97
126
123
-21
40
-42
-39
-84
-90
7
-70
-46
-79
18
-76
-55
36
-11
0
-153
-89
-66
-88
82
8
124
16
-39
17
-15
58
3
69
39
-18
50
3
36
7
24
67
-55
16
-12
-55
1
30
58
63
44
74
31
-29
-14
-56
-36
-27
-1
-26
-61
-48
53
2
-51
37
-111
-105
-128
-121
40
-48
-6
43
-68
-78
-113
-64
-21
-87
-36
-29
-56
-50
-31
5
-30
-8
-57
-15
38
-6
88
59
-53
41
34
17
46
-4
59
-3
10
13
-63
37
-3
15
-6
-52
-16
-21
7
75
99
79
5
50
95
43
142
97
76
59
-44
57
72
44
97
28
86
-8
-15
77
25
46
-45
-2
-80
-59
-78
-18
-6
-69
-35
-50
-24
-83
14
-34
-79
-120
-94
-41
-42
-14
-8
-24
-41
-35
-92
-89
-82
-115
-95
-79
19
50
1
83
8
-13
-43
-14
57
-66
51
89
85
85
70
68
-68
-1
59
49
-2
57
65
1
69
79
213
8
51
70
8
6
11
149
-24
-15
48
-33
-35
-1
21
65
-35
45
-36
-6
-4
12
78
57
62
33
17
-23
21
-33
-33
-98
-110
-115
-127
1
-28
-18
25
-103
-48
-54
-25
37
63
9
-25
1
-32
0
-20
-4
37
41
67
44
-26
-20
-104
-10
-89
-9
42
5
88
39
68
39
35
35
50
-7
-60
-34
22
109
49
214
172
18
84
-16
42
-58
-13
12
-33
18
43
79
-4
2
-35
-45
-20
-38
53
36
-54
54
12
26
60
28
84
-104
-75
-76
-62
-66
-118
46
-114
18
62
67
128
-12
-8
-41
-39
-28
-1
-18
61
-12
-15
-10
-13
-8
-74
2
-20
-22
-16
11
11
2
-12
-14
30
11
20
61
54
29
41
65
100
28
9
0
-59
12
-30
12
49
14
101
37
-87
-71
-92
18
54
82
135
17
-12
-106
-69
-53
-51
17
-57
-39
-63
-36
21
13
90
79
17
-96
-117
-131
-146
-116
-79
-1
-56
-18
-26
-75
-133
-72
-102
-95
19
-37
25
-12
-68
-102
-110
2
16
40
33
15
-48
-80
-15
5
23
-61
9
-22
-96
-111
-99
-96
-85
-42
-3
-99
-168
-118
-142
-11
-52
79
101
18
27
-28
-71
-142
-101
-110
-71
-64
10
60
-2
67
61
24
-11
-83
-69
-49
-37
21
9
15
80
114
105
84
59
-9
35
-4
46
39
94
138
62
191
97
141
137
68
90
58
0
44
-20
-28
33
-29
80
52
12
10
-19
-71
10
-29
8
30
-25
36
-7
38
27
54
30
67
51
-12
48
22
54
38
12
15
-35
-92
-68
-70
-64
72
-53
-7
30
-33
70
49
136
53
-42
-23
-54
-49
-14
51
95
25
-21
15
13
40
48
15
23
21
-23
34
44
52
69
17
20
-18
-41
-29
25
-1
27
36
38
48
12
-18
-48
-28
-34
5
73
120
87
47
63
3
-10
4
17
-66
-70
-48
-44
14
19
14
17
-34
-97
-100
-108
-98
-62
-40
-67
41
39
5
74
10
9
18
21
98
86
0
98
-4
-35
69
-24
76
-16
-58
44
-87
-45
-42
-62
-30
-101
-17
1
103
59
48
59
-1
-13
-35
-35
-79
-81
-85
-41
10
30
42
25
68
-16
19
46
-10
-12
-97
-4
-70
-3
-2
-29
3
30
79
54
47
44
2
-32
-82
6
74
54
116
69
42
-55
63
43
128
96
-31
-24
-124
-59
13
15
136
92
70
6
-86
-53
-107
-94
-99
-71
-42
-121
-43
-51
-116
40
-3
57
62
-53
-24
-51
-40
-30
4
18
-41
50
44
68
34
-31
31
-90
-54
-4
12
-21
-26
-59
-50
-68
-94
83
53
22
46
16
-28
-28
-60
-31
-11
-43
4
2
-37
31
33
-42
61
-53
-1
-5
-48
12
-23
41
-53
-17
13
45
43
-14
-33
-113
-90
-76
-46
8
2
36
26
59
23
49
50
-4
23
-34
-14
-90
-39
27
26
138
95
99
58
-18
-17
-38
-19
-19
32
-17
0
-4
-48
33
-91
-79
4
-33
-45
7
-34
21
-59
40
125
-8
71
-18
