12
1
-9
-20
11
-22
-9
-4
-35
-1
-11
-1
10
1
16
-7
-10
23
-18
3
-8
-40
35
-18
-29
33
-20
0
28
-31
15
1
24
24
-14
13
-5
11
-11
4
3
39
1
-20
55
-29
-23
12
-13
-36
-4
4
-32
-17
1
-20
-53
11
27
-63
25
30
-71
31
-20
-36
-6
-5
38
-65
48
38
-61
77
-10
-6
-1
13
14
-57
58
-4
-48
30
-9
-44
30
2
-6
7
38
-35
-19
27
-26
18
-21
84
-46
16
56
-80
118
-38
-4
71
-50
47
-18
21
-6
-8
75
-79
61
8
12
25
-46
129
-56
18
88
-36
-3
56
19
-13
74
54
19
29
8
84
-14
35
93
-37
111
-67
26
107
-103
125
25
52
-34
51
94
-126
142
-38
31
-58
-66
110
-151
19
30
-13
-36
5
50
-95
33
61
-111
50
1
-57
79
-79
41
-73
10
48
-75
8
73
-36
-185
195
-174
-33
112
-151
146
-187
48
73
-177
147
13
-43
-73
89
-59
-73
99
-29
63
-73
152
-50
-120
322
-160
12
188
-103
-5
36
26
-55
98
-59
66
89
-196
267
-135
-17
63
-123
132
-268
185
-8
-244
154
76
-184
81
221
-173
58
109
-94
-11
16
53
-118
-19
82
-226
79
-14
-61
94
-100
84
-63
-14
-11
-39
58
-203
72
-45
-224
127
-81
-122
20
-81
-128
-83
19
-88
-137
142
-250
-52
97
-268
102
-47
-100
-76
0
-101
-107
50
-21
-167
105
-12
-138
188
-34
117
-118
196
-70
-99
156
-100
-38
-47
29
-166
109
-73
42
-34
1
6
-123
140
-53
-19
40
57
-183
108
28
-65
90
4
84
-26
54
38
4
-26
109
-116
13
139
-128
49
42
-26
-46
9
-6
-3
-82
21
67
-123
33
143
-144
33
46
-57
-16
-26
47
-41
42
-31
0
-11
-19
-26
2
67
-109
2
35
-118
-24
2
-21
-67
-60
-28
-108
26
-177
65
-75
-210
132
-252
25
-15
-57
37
16
3
-60
-34
98
-120
35
131
-92
1
32
133
-193
129
148
-240
185
7
-84
120
-88
90
-104
23
145
-166
154
61
-138
132
-124
-4
65
-109
127
-74
32
32
8
156
-95
222
14
-74
119
57
-68
137
48
-31
59
-20
158
-272
226
-49
-176
149
-143
48
-137
-43
-31
-211
151
-176
-53
211
-316
149
-70
-153
116
-188
178
-62
-73
250
-278
176
60
-92
205
-103
92
-27
-30
80
-116
23
-1
-60
80
-152
128
97
-211
225
-8
-100
109
-39
213
-169
213
127
-150
213
60
3
109
87
-94
79
-99
60
25
-128
166
-93
-8
29
-89
234
-174
10
216
-225
113
1
83
50
-105
297
-195
210
91
-49
218
-80
145
-7
97
-22
47
139
-43
103
51
65
-4
55
82
-27
88
-47
-1
54
-60
-5
7
82
-81
-88
193
-72
-125
301
-131
-1
164
-133
112
22
28
-51
229
-156
75
25
-85
182
-297
259
-145
-126
208
-210
-8
-6
-143
-110
-14
-93
-74
-12
-148
-68
-167
-34
-41
-142
101
-98
-171
104
-94
11
-11
1
48
-31
-123
139
-15
-211
108
-38
-144
97
-163
50
84
-205
115
-3
30
-57
12
85
-84
-120
58
24
-197
75
5
-9
-119
-15
123
-234
69
-47
-8
-72
-11
-19
-49
81
-236
156
-83
-80
21
-46
-23
-95
28
41
-171
113
12
-145
189
-103
66
-21
22
-1
10
20
37
35
51
-45
81
124
-114
61
175
-7
-172
254
-12
-243
203
-28
-65
92
-123
259
-110
-44
347
-170
108
72
-80
214
-195
101
114
-84
181
-95
136
1
38
-75
288
-146
140
69
-174
317
-268
233
-163
275
-232
-49
358
-511
343
-199
174
-127
-101
444
-413
164
31
63
-202
242
-19
-83
260
-289
264
-97
-6
49
73
152
-21
-106
373
-131
-116
450
-221
256
-224
311
9
-258
361
-143
117
-131
168
104
-357
266
-38
-255
159
-138
54
-57
-190
281
-340
1
98
-355
227
-320
92
-60
-94
63
-174
130
-176
18
-98
18
103
-182
112
-33
-77
45
-97
107
32
11
-89
100
-16
-145
115
-49
19
-193
136
7
-94
126
74
-80
-9
-9
79
-99
45
155
-117
176
-226
294
-116
-46
218
-83
117
-120
162
-9
-127
133
21
14
16
110
25
-97
91
-78
-26
66
-36
29
-6
68
-190
206
-222
154
-47
-173
247
-240
124
-137
195
-98
-141
109
20
-43
-217
445
-231
-88
212
-176
247
-381
410
-37
-196
191
-45
146
-226
245
112
-131
24
252
-143
-24
115
86
-238
149
192
-394
386
-236
61
-65
47
-109
-85
171
-355
124
-131
-8
-151
-46
44
-188
46
-113
20
-101
-177
67
-167
-58
62
-164
111
-61
-201
234
-257
17
67
-117
30
-189
47
-101
-214
91
11
-190
21
-17
-121
-197
60
-90
-178
-53
44
-172
-60
126
-193
69
-3
-47
32
-56
-6
92
-175
18
72
-98
54
-37
135
-98
124
-112
65
-1
-297
347
-382
253
-59
-217
397
-395
186
-70
-71
78
-172
85
2
-217
172
-70
-182
287
-353
162
-14
-93
53
-7
80
-195
113
24
-7
-57
188
4
-19
155
188
16
-14
329
-39
122
166
136
120
-74
319
-71
55
187
54
47
87
235
-148
123
104
79
-128
407
-103
28
157
2
131
-45
289
-40
41
313
-143
113
137
-11
-24
100
216
-322
201
59
-74
-114
276
-148
-118
27
-30
-28
-444
490
-443
-161
210
-246
-146
68
5
-313
39
23
-88
-274
339
-206
-105
-12
187
-235
-66
303
-394
188
-69
69
-147
194
-98
-162
327
-478
348
-95
-46
148
-230
224
-280
222
47
-124
305
-133
31
42
177
-101
-48
388
-368
188
52
-20
5
9
114
-77
34
43
4
-70
62
-147
80
-51
1
-16
125
-178
80
-30
-170
333
-498
461
-290
-42
273
-365
244
-199
217
-126
-166
345
-339
10
156
-251
201
-331
166
101
-439
493
-320
143
-35
-197
319
-485
347
-213
80
123
-368
519
-491
241
79
-231
442
-325
169
-29
-14
4
-169
315
-171
-59
377
-307
73
244
-316
347
-186
-3
52
-257
382
-467
459
17
-245
289
-79
70
-186
263
49
-218
238
-13
34
-130
81
207
-351
268
0
190
-331
299
99
-458
378
-136
13
-139
222
-141
-167
134
-91
-16
-102
191
-191
85
-141
91
-37
-283
343
-392
100
36
-139
3
-60
23
-190
141
-242
79
50
-314
366
-415
330
-261
-109
307
-388
144
40
46
-253
379
-264
-51
224
-190
110
17
-9
14
28
-63
365
-477
501
-177
-28
97
-161
438
-515
368
84
-268
311
-140
107
39
-197
447
-453
472
-80
-159
285
-271
89
-83
252
-254
68
208
-223
23
-5
180
-282
44
268
-380
175
27
-151
72
-121
160
-282
161
-28
-70
16
100
-91
-144
373
-395
387
-241
206
-89
6
356
-285
439
-283
220
-67
-23
308
-184
114
196
-213
19
287
-357
172
120
-192
-41
73
-86
-205
19
191
-256
-35
146
-276
108
-273
137
26
-248
194
-62
-50
-109
82
-22
-107
8
73
-9
-221
325
-259
-46
249
-156
24
79
134
-401
236
224
-467
299
-31
-33
-200
118
321
-650
549
66
-395
312
-210
181
-249
17
264
-381
273
-184
155
-230
30
230
-469
571
-294
-21
279
-382
256
-224
39
164
-401
378
-124
-48
-86
80
54
-371
509
-397
336
-163
-90
363
-471
382
-63
2
238
-242
295
-43
-266
436
-292
100
114
-15
-5
30
320
-474
394
-37
-259
401
-237
185
-28
-229
323
-424
359
-294
148
137
-457
622
-616
510
-307
-68
528
-521
367
-70
38
42
-340
496
-250
-35
278
-53
310
-449
518
-71
-281
419
-76
166
-77
147
42
-9
27
97
-151
280
-182
-54
285
-217
-78
-6
-32
54
-146
-65
321
-408
100
-229
415
-589
132
135
-372
222
-520
506
-625
88
116
-347
109
-142
40
-156
-235
389
-485
38
175
-278
227
-296
358
-269
108
-16
250
-77
-67
411
-433
118
12
-19
-252
464
-430
184
214
-309
94
-18
172
-365
219
372
-507
138
249
-154
-71
8
134
-162
-37
-47
309
-537
173
-20
-214
280
-387
348
6
-348
224
285
-547
375
117
-338
202
-125
100
-303
181
-221
141
-124
51
120
-245
505
-508
281
247
-530
437
66
-74
148
4
21
209
-263
278
238
-465
538
-345
202
38
-275
667
-451
181
233
-191
225
-14
40
102
118
-255
276
-57
-100
123
99
135
-382
448
-228
-103
131
-24
282
-550
528
-106
-262
166
37
8
-188
196
4
76
-329
472
-179
-351
438
-127
-170
64
243
-279
48
254
-332
189
124
-321
409
14
-365
446
-119
1
-98
219
140
-362
300
-161
169
-388
182
103
-147
-23
39
33
-229
-94
-151
505
-761
176
432
-700
-52
196
-213
-151
-162
48
5
-320
33
-190
200
-414
-36
233
-309
-156
268
-289
-206
382
-746
474
-222
-152
243
-647
680
-721
271
-170
269
-22
-486
984
-754
348
-186
313
10
-228
256
62
299
-689
668
131
-605
483
15
94
9
-184
514
-245
-129
257
-184
716
-973
814
39
-414
688
-583
643
-287
127
-39
64
426
-412
100
378
90
-568
446
692
-874
327
484
-400
37
191
209
-160
103
99
-91
241
231
-539
841
-364
-115
222
-9
199
-472
912
-940
1063
-868
478
291
-448
585
-430
884
-1005
892
-495
273
-102
-55
407
-647
647
-310
106
-30
35
-191
350
-296
-37
386
-538
63
173
-319
-159
269
-458
100
-41
-144
-132
-218
182
-639
117
279
-848
488
-215
-320
-28
-76
127
-727
574
-112
-632
557
-368
-261
-90
193
-379
-131
618
-857
364
-209
267
-593
68
516
-897
658
-210
131
-442
548
-459
42
279
-214
234
-200
453
-541
159
57
-63
-224
455
-103
-237
389
-435
202
-55
34
58
-131
410
-516
305
-8
-146
216
-364
697
-715
488
-113
-87
195
-251
464
-284
177
205
-24
71
-34
167
164
-445
613
-365
334
-186
153
392
-768
924
-606
252
114
-271
478
-380
520
-377
148
446
-710
788
-264
-12
239
-365
670
-825
661
-124
-307
624
-626
385
-48
-405
486
-564
614
-500
-177
822
-1161
658
-304
80
56
-241
417
-579
509
-344
-45
103
-225
-36
-319
349
-446
-12
-137
-129
-15
-420
322
-185
17
-94
-161
81
-125
-329
340
-143
-403
369
-386
186
-145
115
74
-122
304
-268
302
-69
14
198
-26
271
-97
175
152
-6
-67
35
232
-87
-133
161
-23
-263
94
91
-97
9
-90
109
-214
55
-100
-35
106
-342
307
-206
106
-100
45
137
-157
194
66
89
22
161
-37
181
52
-37
300
-39
60
96
136
-66
-15
106
-78
87
-258
308
-156
-69
158
-256
142
-212
76
-17
-11
17
-39
-80
107
12
-202
217
-132
-37
-19
204
-36
-169
51
19
-66
-24
197
-91
-79
-151
-52
-99
-48
-49
-22
186
-333
130
-62
-187
204
-185
293
-97
29
50
-89
20
-18
30
190
-31
51
133
-299
55
-211
9
0
140
16
-100
-22
-243
-22
-42
174
109
7
127
-95
-100
-30
108
179
144
317
57
27
-74
27
132
226
304
208
142
-7
-24
7
227
206
291
312
231
70
172
136
126
395
228
351
306
88
208
57
265
197
213
383
122
116
94
75
75
28
210
71
-13
56
-125
-264
-213
-133
-221
-128
-223
-132
-296
-452
-306
-340
-499
-450
-275
-365
-471
-625
-460
-742
-785
-527
-629
-590
-773
-852
-1044
-962
-919
-961
-855
-807
-937
-1187
-837
-693
-386
-4
-23
-185
-153
75
263
942
1182
1101
821
892
1010
959
1393
1699
1527
1300
1337
1118
970
750
805
686
520
386
151
-203
-544
-718
-727
-652
-710
-730
-725
-742
-770
-642
-369
-109
3
544
756
711
746
828
1152
1383
1776
1952
1996
1768
1500
1591
1648
1526
1432
1345
990
616
274
79
-202
-414
-528
-674
-879
-1338
-1454
-1659
-1613
-1471
-1496
-1286
-1482
-1426
-1468
-1312
-997
-823
-748
-593
-497
-654
-641
-553
-502
-537
-548
-582
-917
-1202
-1419
-1519
-1713
-1665
-1547
-1810
-842
-396
-599
-1500
-1169
-661
-635
791
1721
1603
68
-117
985
1205
1935
2850
3256
2148
1267
1727
1856
1734
1736
2066
1895
813
282
-212
-477
-824
-730
-262
-612
-1464
-2290
-2243
-2031
-1838
-1100
-760
-857
-1220
-1151
-666
-429
-98
443
1169
1218
1180
1350
1343
1398
1702
2291
2610
2446
1870
1496
1321
1221
1334
1433
1386
754
106
-115
-282
-373
-452
-313
-351
-704
-971
-1050
-918
-859
-599
-223
-281
-391
-649
-416
-239
-101
224
211
341
-54
-9
110
114
199
55
106
-173
-362
-453
-501
-413
-642
-887
-1039
-1362
-1545
-1605
-1570
-1740
-1897
-2020
-2282
-2334
-2620
-2596
-2416
-2339
-1446
-247
347
-503
-1620
-693
307
1273
2966
3609
2197
-117
505
2119
2930
3563
3897
3385
1078
433
1341
1936
1777
1314
1311
-29
-1260
-1728
-1499
-1116
-1344
-1339
-1780
-2644
-3420
-3512
-2282
-1426
-1042
-1237
-1478
-1533
-1418
-253
839
1274
1302
1273
1537
1743
2207
2660
2946
2975
2911
2809
2435
2074
1896
1933
2008
1935
1295
569
-30
-274
-144
9
43
-655
-1266
-1690
-1312
-900
-668
-474
-651
-779
-885
-492
-40
380
573
617
540
348
335
586
938
1183
993
528
210
-136
-155
98
146
-106
-650
-1041
-1315
-1297
-1195
-1255
-1432
-1818
-2184
-2205
-2119
-2028
-2093
-2078
-2220
-2498
-2676
-2780
-2452
-2125
-1817
-810
357
301
-1174
-1556
253
1281
2304
3385
3160
798
-904
1147
3370
3910
3583
3131
1793
-135
441
2247
2790
1904
636
-204
-1413
-1637
-1071
-385
-405
-1625
-2596
-3272
-3134
-2815
-1975
-1080
-1293
-1981
-2478
-1936
-845
330
1319
1238
720
480
1079
2195
3120
3654
3427
2881
2463
2683
3026
3240
3012
2485
2034
1503
1141
837
866
662
124
-376
-753
-1085
-1392
-1269
-980
-923
-1265
-1475
-1511
-1247
-830
-201
208
84
-76
-65
265
636
1108
1312
1210
879
544
675
812
980
909
605
68
-448
-575
-522
-418
-594
-997
-1494
-1838
-1907
-1735
-1626
-1823
-2230
-2432
-2635
-2476
-2356
-2272
-2196
-2765
-2907
-3008
-2569
-2292
-1310
434
406
-1065
-2555
-894
908
1921
3161
2813
850
-1595
117
3278
4081
3521
2505
1487
-125
482
2751
3418
2366
404
-603
-1159
-723
200
349
-322
-1815
-2855
-3085
-2231
-1349
-1212
-1349
-1981
-2536
-2432
-1455
59
1021
1000
227
-391
132
1389
2718
3300
3221
2546
1852
2045
3010
3743
3533
2785
2042
1669
1444
1599
1664
1409
743
-137
-586
-809
-458
-277
-385
-673
-1325
-1589
-1467
-761
-133
22
-349
-605
-544
-121
585
1004
930
582
357
386
811
1096
1166
844
440
79
-109
0
34
-67
-436
-833
-1189
-1450
-1451
-1502
-1497
-1680
-2088
-2429
-2647
-2424
-2194
-2026
-2215
-2520
-2808
-2912
-2711
-2433
-2258
-2290
-2333
-1749
-37
480
-605
-2060
-664
1188
1887
2954
2729
1218
-956
752
3856
4445
3544
2336
1968
1014
1785
3643
3865
2474
430
-336
-188
435
1041
411
-816
-2251
-2871
-2505
-1676
-984
-1734
-2569
-3140
-3032
-2167
-1138
-201
-151
-594
-1109
-923
407
1762
2462
2246
1907
1729
1765
2664
3608
3945
3253
2440
2098
2270
2451
2307
1835
1462
1022
227
28
-135
160
-350
-786
-819
-1308
-1473
-1509
-743
-426
-784
-1024
-1137
-666
-237
157
374
169
1
-9
442
913
1065
823
462
351
263
375
507
458
175
-203
-496
-574
-636
-654
-806
-1002
-1407
-1799
-1957
-2061
-1964
-1945
-2097
-2488
-2572
-2690
-2503
-2544
-2699
-2700
-2943
-2645
-2540
-2001
-708
-320
-907
-2448
-1494
513
1370
2129
1791
1020
-725
231
3127
4343
3762
2246
1812
1462
2158
3758
4083
2877
992
112
447
1236
1835
979
-522
-1858
-2165
-1484
-842
-553
-1501
-2674
-3202
-2629
-1481
-837
-720
-1018
-1366
-1371
-952
238
1311
1570
1233
987
1425
2029
2698
3257
3350
3018
2426
2364
2735
3004
2841
2190
1706
1185
1185
1061
1020
643
50
-375
-767
-206
-190
-403
-918
-1139
-904
-758
-455
-492
-631
-783
-661
-420
-195
-79
-179
-189
-109
148
190
50
9
-109
-49
43
81
-11
-350
-602
-698
-665
-711
-851
-1133
-1367
-1596
-1723
-1734
-1758
-1807
-2043
-2142
-2151
-2174
-2218
-2354
-2303
-2349
-2452
-2327
-2225
-2095
-1795
-749
-509
-1228
-1920
-1010
465
1017
1553
1360
495
-471
823
3045
3549
2932
2095
1774
1554
2224
3445
3469
2251
876
554
960
1540
1768
896
-414
-1353
-1270
-604
-213
-454
-1431
-2329
-2450
-1779
-844
-607
-973
-1419
-1591
-1278
-664
224
705
542
166
385
1139
1672
1959
2019
2088
1918
1820
1960
2340
2391
1965
1528
1428
1476
1317
1486
1326
1063
380
290
659
682
627
104
-105
-245
-243
-110
-176
-256
-481
-732
-722
-572
-426
-495
-578
-641
-703
-762
-643
-347
-233
-314
-599
-601
-403
-175
-63
-44
-137
-337
-440
-312
-90
-120
-311
-573
-635
-623
-659
-868
-1076
-1156
-1252
-1297
-1365
-1558
-1885
-2034
-2009
-1970
-2094
-2239
-2311
-2295
-2164
-1806
-1309
-1098
-1312
-1569
-1130
-309
410
803
758
508
218
755
1850
2561
2429
1895
1700
1649
1962
2451
2654
2245
1443
1069
1139
1358
1377
977
324
-260
-421
-223
-37
-284
-910
-1500
-1577
-1155
-627
-495
-775
-1138
-1123
-720
-145
389
424
230
30
368
1033
1497
1591
1297
1161
1297
1559
1779
1753
1616
1374
1203
1292
1383
1346
1130
1070
1078
845
625
545
576
445
340
243
-44
-216
-268
-133
-171
-331
-522
-795
-779
-623
-425
-416
-647
-891
-997
-797
-542
-431
-620
-944
-925
-762
-189
117
-60
-444
-743
-618
-426
-89
28
-408
-807
-970
-926
-887
-837
-748
-832
-948
-1050
-999
-1165
-1083
-949
-876
-909
-1003
-772
-730
-561
-440
-473
-523
-405
-116
-56
-104
-101
-95
-1
142
364
537
318
23
-122
5
211
261
203
-8
-141
-183
-22
178
335
345
62
-44
27
279
505
464
460
313
333
452
690
846
654
474
407
566
617
631
521
370
307
272
402
546
549
366
284
354
433
497
616
691
673
620
681
945
1069
1007
871
868
881
809
731
727
706
523
382
360
306
120
-28
-15
2
-174
-387
-478
-404
-423
-527
-527
-609
-738
-826
-764
-654
-608
-644
-713
-748
-741
-710
-619
-569
-653
-750
-808
-719
-629
-556
-519
-652
-714
-649
-485
-251
-355
-632
-713
-615
-360
-179
-94
-293
-592
-546
-233
88
180
59
-59
-52
72
160
238
345
340
320
368
464
503
433
331
278
372
429
348
236
146
67
-5
56
129
17
-211
-382
-372
-419
-450
-492
-605
-714
-713
-575
-462
-473
-550
-662
-637
-445
-300
-178
-134
-46
-34
71
310
427
537
562
678
744
770
859
983
1124
1098
1042
954
970
1101
1175
1134
1006
868
714
695
804
787
637
416
279
232
221
237
115
-18
-195
-266
-172
-102
-139
-324
-512
-523
-371
-291
-348
-415
-448
-531
-497
-371
-262
-296
-390
-397
-423
-381
-396
-377
-403
-438
-409
-356
-337
-392
-443
-470
-423
-375
-326
-357
-352
-338
-333
-306
-297
-258
-277
-242
-160
-124
-127
-122
-57
-13
-22
-64
-73
303
552
433
389
298
162
115
505
854
636
385
273
137
124
321
583
536
297
107
-59
-69
22
88
14
-190
-378
-417
-372
-328
-373
-496
-551
-477
-356
-289
-350
-397
-370
-282
-181
-25
147
181
111
148
263
389
474
548
626
602
605
655
697
719
651
604
591
597
530
434
402
308
187
152
133
95
-63
-200
-220
-226
-302
-384
-380
-446
-509
-510
-446
-471
-525
-530
-466
-407
-393
-421
-390
-306
-282
-262
-293
-261
-253
-167
-89
-98
-135
-195
-118
-81
-51
-29
-13
9
-61
-68
-21
4
34
58
82
57
8
1
59
118
114
81
50
47
91
218
268
269
210
132
152
246
342
317
285
227
155
153
212
304
258
141
78
48
23
-42
-14
-20
-67
-81
-98
-188
-311
-310
-225
-167
-196
-301
-363
-326
-276
-174
-121
-116
-157
-155
-37
105
188
213
232
246
298
388
565
643
614
559
528
570
611
647
665
622
533
469
448
461
420
334
257
195
131
80
77
85
-6
-77
-115
-139
-198
-261
-243
-240
-271
-306
-289
-298
-317
-340
-285
-178
-187
-260
-278
-184
-157
-184
-211
-208
-204
-214
-241
-246
-206
-240
-297
-301
-249
-263
-324
-341
-311
-291
-273
-260
-245
-266
-308
-282
-225
-184
-214
-212
-183
-137
-94
-27
52
22
-9
11
109
218
244
201
186
174
137
176
272
329
254
155
104
132
194
204
169
80
21
-44
-41
58
90
-37
-203
-240
-215
-166
-145
-162
-195
-276
-314
-257
-150
-108
-173
-207
-198
-123
-36
22
81
112
110
115
212
324
391
417
400
409
423
483
549
575
566
522
502
447
409
401
395
360
268
182
104
21
-12
-39
-68
-128
-257
-377
-452
-434
-435
-454
-499
-577
-629
-621
-527
-478
-477
-516
-486
-397
-349
-310
-243
-164
-135
-114
-67
1
73
141
174
207
248
285
316
335
346
358
337
306
328
327
291
196
159
126
95
76
16
-39
-121
-173
-197
-190
-187
-227
-290
-308
-326
-336
-330
-290
-204
-210
-240
-223
-151
-90
-74
-35
35
23
-9
11
88
184
189
160
122
127
145
175
228
219
146
34
34
119
172
144
68
18
-9
12
49
91
66
20
-16
40
135
159
163
143
128
150
208
257
261
204
176
204
239
284
286
259
180
165
224
247
243
203
137
66
36
51
46
3
-82
-164
-210
-227
-281
-338
-338
-360
-406
-439
-437
-446
-482
-467
-423
-421
-476
-479
-413
-345
-311
-266
-189
-129
-105
-80
-10
83
152
202
266
315
340
332
342
389
426
425
402
390
356
318
326
318
239
167
95
71
67
36
25
-40
-114
-164
-162
-168
-209
-236
-252
-251
-261
-248
-219
-232
-269
-238
-181
-151
-151
-147
-125
-106
-48
22
75
72
37
53
124
167
173
152
164
153
127
145
144
140
104
114
145
143
120
90
120
166
185
204
213
182
202
256
297
281
226
182
198
271
293
283
236
205
166
175
205
158
62
-31
-41
-40
-57
-138
-215
-258
-314
-340
-348
-368
-441
-486
-436
-408
-417
-440
-461
-443
-386
-334
-315
-264
-258
-263
-221
-178
-139
-109
-69
-17
37
43
49
113
190
222
209
208
189
205
220
256
281
223
171
129
139
136
137
113
59
19
-2
42
32
-21
-81
-125
-144
-138
-93
-96
-130
-167
-194
-173
-137
-86
-73
-86
-74
-14
24
41
66
78
114
135
165
167
159
155
170
196
182
137
71
74
115
149
130
81
56
14
23
60
73
56
27
27
51
96
108
120
159
162
172
185
201
202
216
268
294
296
247
221
220
232
236
195
169
111
55
18
7
-20
-82
-138
-191
-218
-261
-295
-328
-360
-413
-457
-434
-414
-437
-459
-450
-437
-413
-369
-328
-308
-299
-296
-264
-220
-179
-153
-137
-126
-107
-68
-31
-10
2
32
57
86
102
97
98
90
85
103
128
130
127
116
113
121
110
130
153
149
133
128
118
109
118
150
152
123
110
119
132
127
126
148
139
107
113
105
101
73
48
61
72
75
56
36
10
-4
-17
-18
-24
-39
-68
-94
-86
-67
-68
-93
-96
-92
-92
-87
-52
-34
-36
-40
-32
7
32
51
90
113
125
146
155
165
164
166
164
169
177
171
136
95
75
51
45
16
-25
-60
-108
-149
-169
-172
-207
-255
-279
-274
-268
-283
-293
-277
-256
-257
-224
-198
-185
-179
-161
-92
-48
-26
-36
-18
26
52
82
77
81
76
82
108
139
140
85
76
100
121
101
88
93
61
10
-11
9
-4
-43
-49
-9
-4
-28
-28
-19
-9
-9
10
38
59
74
78
88
95
93
123
159
172
147
128
130
146
148
143
139
92
48
30
57
47
-6
-51
-73
-68
-72
-73
-73
-103
-144
-168
-144
-105
-94
-99
-99
-78
-71
-57
-25
14
31
42
60
76
84
67
65
91
114
136
146
148
122
81
67
66
62
40
23
4
-15
-35
-54
-80
-115
-147
-166
-178
-182
-193
-205
-204
-218
-229
-230
-219
-184
-152
-138
-148
-152
-140
-104
-52
-21
-13
-20
-17
9
47
83
109
123
112
110
134
163
168
160
173
175
165
164
160
165
159
146
141
123
116
103
99
79
42
11
-3
4
14
-1
-9
-4
-15
-34
-39
-37
-49
-62
-60
-20
7
-6
-27
-30
-25
-19
12
43
36
15
1
1
14
8
-5
-26
-52
-55
-42
-33
-34
-60
-88
-99
-101
-89
-100
-115
-116
-112
-108
-91
-84
-95
-110
-104
-67
-41
-15
-2
-2
12
36
51
77
78
78
93
120
133
130
126
121
121
115
107
95
75
50
48
57
67
51
27
-1
-12
-4
-10
-13
-10
-22
-44
-65
-64
-51
-41
-29
-18
-10
-7
-14
8
36
33
9
10
16
17
39
45
60
55
15
3
12
30
28
11
-9
-30
-38
-45
-41
-42
-62
-85
-80
-56
-52
-67
-78
-74
-71
-78
-71
-66
-71
-77
-79
-58
-31
-27
-16
5
5
-14
-38
-29
-15
-6
-5
-11
-17
-39
-31
-12
9
5
-11
-24
-33
-19
-18
-30
-59
-78
-88
-76
-43
-20
-30
-64
-80
-65
-46
-27
-26
-34
-45
-43
-10
19
26
21
27
44
74
90
95
94
81
87
96
112
113
111
115
110
111
113
114
116
119
116
107
84
67
69
65
46
40
34
41
51
52
57
47
24
12
24
37
54
62
61
63
64
69
76
93
98
93
88
100
110
99
93
96
83
51
37
23
10
-8
-15
0
-8
-43
-78
-97
-120
-139
-152
-157
-156
-170
-185
-177
-187
-201
-223
-236
-230
-229
-225
-202
-172
-163
-165
-167
-161
-154
-151
-133
-115
-106
-103
-84
-63
-50
-45
-50
-51
-43
-48
-49
-40
-31
-29
-39
-24
-20
-20
-29
-28
-19
-11
-12
7
22
15
9
7
21
28
33
35
49
62
67
71
77
91
98
97
116
139
159
178
188
197
200
193
186
197
207
203
196
191
188
181
166
168
167
160
155
155
147
124
102
88
74
61
35
18
15
12
10
1
-6
-10
-13
-10
11
24
23
8
5
19
21
28
39
40
21
14
23
32
33
30
22
11
2
-14
-19
-28
-45
-61
-67
-78
-88
-112
-141
-161
-182
-200
-210
-213
-231
-248
-261
-258
-254
-259
-255
-253
-256
-258
-255
-242
-232
-232
-220
-212
-195
-177
-158
-130
-110
-95
-92
-88
-86
-70
-52
-29
-7
-11
-17
-21
-14
9
25
25
25
19
18
33
58
76
71
53
51
67
90
103
108
113
105
105
132
160
177
171
160
167
183
207
232
241
243
240
239
257
275
273
265
251
247
248
239
246
246
224
196
179
165
154
136
115
102
77
53
30
12
-9
-29
-42
-51
-59
-64
-71
-81
-86
-92
-97
-98
-100
-102
-108
-112
-101
-96
-88
-74
-78
-72
-79
-85
-83
-74
-70
-70
-75
-80
-82
-94
-104
-109
-106
-105
-110
-109
-113
-117
-115
-122
-132
-139
-155
-160
-158
-158
-153
-155
-156
-160
-156
-141
-124
-105
-97
-97
-92
-80
-71
-65
-63
-71
-73
-77
-62
-47
-32
-22
-19
-16
-9
19
33
46
44
43
51
63
87
99
108
109
101
98
114
136
151
162
151
162
171
178
197
197
197
187
193
206
218
222
206
189
181
185
188
203
196
178
171
158
161
156
135
116
96
76
75
67
66
49
23
-4
-8
-11
-11
-6
-30
-42
-75
-103
-108
-116
-116
-123
-133
-140
-154
-166
-167
-159
-162
-162
-165
-169
-147
-138
-120
-122
-138
-141
-128
-99
-86
-59
-62
-63
-55
-51
-55
-55
-55
-64
-70
-79
-95
-101
-112
-130
-140
-138
-137
-155
-152
-164
-165
-156
-139
-117
-98
-79
-60
-39
-17
-3
13
34
51
74
100
129
135
142
136
139
162
171
174
181
170
153
151
137
133
126
108
100
85
104
108
102
86
64
60
67
98
128
133
126
124
128
148
164
194
206
221
229
254
270
264
250
236
224
184
197
127
135
29
28
-49
-103
-131
-204
-185
-272
-223
-282
-237
-285
-261
-249
-249
-213
-199
-173
-151
-115
-96
-52
-65
-14
-52
-3
-48
-19
-37
-41
-52
-65
-80
-104
-122
-163
-145
-166
-164
-197
-188
-239
-232
-278
-255
-314
-301
-292
-291
-241
-272
-191
-217
-165
-167
-94
-62
-45
10
-11
36
-6
52
37
13
41
10
43
27
71
43
28
37
6
24
35
41
22
4
-7
-21
-5
12
25
37
48
69
97
148
172
179
191
179
205
200
200
207
165
177
135
178
182
155
194
130
179
131
159
194
118
168
123
137
119
115
150
86
125
124
141
140
110
162
106
139
153
130
149
139
154
130
156
131
123
94
129
67
89
76
-22
26
-29
-114
-47
15
-59
-101
104
-91
-59
-28
-26
18
-281
267
-400
-10
-90
-160
-3
-351
353
-543
7
-60
-180
-47
-237
111
-277
-201
-163
-263
-49
-388
-71
-156
-238
-184
-295
174
-508
-77
-134
-222
-62
-357
177
-253
-343
179
-264
15
21
-245
224
-472
144
-131
-11
153
-167
334
-340
315
-208
66
252
-317
344
-265
116
-123
6
298
-257
377
9
74
231
-66
335
-33
24
274
-62
227
243
-1
409
5
144
154
54
250
-21
253
165
23
92
233
-145
317
18
39
240
-79
275
-111
67
184
-114
49
176
-12
62
90
41
-8
6
41
154
-37
91
143
-268
142
-8
76
141
-78
251
-210
0
84
43
-24
22
-1
-202
133
-208
40
-87
-58
-30
-192
67
-148
-18
-186
47
-170
-140
31
-191
138
-225
-11
-24
-218
6
-112
1
-81
-242
-64
66
-464
250
-124
-119
20
-405
446
-420
81
293
-244
307
-342
301
79
-286
493
-62
128
119
32
233
-156
184
154
-82
118
99
-175
90
62
-204
238
-114
33
6
-163
104
-147
-63
45
-129
30
-149
163
-179
140
-143
-102
268
-530
459
-361
110
79
-429
490
-365
56
314
-256
369
-274
133
89
-211
306
-150
139
-118
-4
-19
57
-14
-194
352
-318
96
-28
27
137
-350
468
-326
43
176
-162
309
-178
226
-76
57
113
-162
341
-268
133
18
-171
185
-204
215
29
-209
286
-228
52
121
-303
379
-362
-27
168
-450
245
-266
77
-21
-295
272
-441
-7
-13
-195
-131
-255
271
-559
123
44
-402
212
-189
113
-119
-7
96
-212
114
-15
-56
83
81
4
41
61
58
-81
151
44
-13
290
-168
314
-98
-31
219
-156
269
-17
92
126
9
-36
110
-60
-10
83
75
-87
-9
35
-73
97
-107
174
-82
-49
-20
69
-202
79
18
-70
83
37
-66
151
-58
19
170
-211
309
-205
-66
136
-188
-36
109
-88
5
-75
30
-58
-111
93
-119
-70
-162
254
-333
1
308
-539
292
-202
-104
218
-259
268
-242
118
31
-202
327
-114
114
103
-12
106
-63
282
-134
198
237
-234
284
-78
219
-191
348
-72
-3
245
-71
132
-53
243
-245
129
-42
13
-157
145
-271
61
-175
-96
33
-294
307
-621
267
-267
-295
207
-401
221
-407
120
-140
-229
276
-445
334
-275
39
33
-92
165
-356
446
-201
-28
263
40
10
-26
263
-125
-15
166
154
-59
31
215
-147
50
44
140
-28
64
119
-238
406
-361
182
150
-406
320
-218
-109
495
-603
571
-138
-329
534
-524
357
-44
-131
214
-117
2
18
35
-139
94
-95
-160
400
-637
606
-374
-228
527
-782
765
-552
229
73
-427
463
-658
646
-489
158
99
-260
364
-417
383
-94
-119
308
-207
272
-100
121
190
-263
451
-480
449
-68
-133
386
-254
251
-113
28
191
-183
161
125
-175
135
-46
13
-123
137
-154
-7
-34
-165
57
-294
143
-173
-28
-29
-2
-187
190
-235
19
145
-259
196
-108
130
-109
31
130
-146
164
10
125
-11
-29
222
-163
169
-135
301
-139
-40
342
-264
159
-93
106
56
-138
193
147
-324
219
-47
-42
15
60
-50
-16
94
-299
313
-240
-26
130
-70
-96
69
-34
18
-116
-46
165
-332
214
-141
1
-47
-136
227
-299
314
-198
-23
256
-603
620
-574
354
-19
-369
665
-809
497
-320
72
-5
-113
197
-158
27
18
84
-215
238
-107
129
-162
170
-84
-8
142
-172
299
-385
472
-334
306
3
-121
374
-425
398
-134
14
210
-187
140
-4
-137
23
-9
84
-205
366
-312
184
-265
105
108
-378
490
-309
176
-62
-52
114
-63
-119
317
-451
317
41
-401
567
-340
88
170
-279
612
-480
157
541
-781
661
-222
-112
360
-494
492
-204
-169
460
-376
-40
336
-535
294
-44
-191
231
-293
260
-371
277
-189
127
-211
80
279
-476
335
46
-377
181
-113
-14
-12
-88
342
-475
291
-71
-229
289
-464
457
-377
-80
437
-754
484
-310
-73
178
-484
444
-479
140
115
-351
448
-476
268
-224
-93
137
-503
610
-555
93
168
-665
661
-778
567
-309
-150
324
-583
435
-482
403
-434
77
279
-581
564
-307
60
212
-176
189
109
-102
326
-224
190
154
-244
255
-1
223
-333
588
-464
308
-79
94
-32
38
164
-188
266
-92
241
-319
483
-210
37
259
-54
164
-40
280
-112
198
-142
356
-108
97
156
86
-67
340
-165
303
-28
-173
619
-671
886
-585
425
120
-432
538
-384
164
82
-258
365
-126
-149
419
-473
350
-210
-7
37
-214
59
150
-275
274
-148
-21
154
-475
521
-486
194
-58
-83
201
-425
343
-348
53
-120
-77
178
-396
293
-105
-352
147
-180
-173
56
-193
71
-121
-195
17
-27
-363
115
-72
-379
286
-608
373
-304
-441
503
-836
302
-71
-464
381
-232
-357
385
-571
241
-294
-106
67
-303
153
-213
235
-307
335
-327
213
45
-135
307
-121
100
0
-86
230
-255
406
-117
-16
394
-401
309
280
-427
483
-6
-322
654
-556
414
251
-488
737
-444
313
-35
-10
191
4
54
-74
523
-558
500
4
-98
286
-261
557
-280
78
376
-236
200
-128
261
-110
-107
318
-324
299
-185
-109
640
-850
606
56
-591
805
-740
424
38
-542
738
-577
192
-28
-106
81
-280
314
-449
371
-577
299
-306
-51
89
-444
582
-807
418
-287
-207
275
-462
178
249
-995
921
-586
-371
693
-646
419
-375
264
-146
-84
-167
383
-283
-301
785
-866
375
43
-387
550
-629
631
-42
-518
742
-620
400
-301
161
114
-305
451
-499
658
-698
495
-22
-314
436
-86
-281
620
-404
29
552
-911
1202
-798
382
340
-489
353
133
-150
125
315
-194
398
-197
416
-323
395
22
62
241
-273
524
-417
209
114
78
-93
170
200
-248
275
-200
606
-466
110
497
-554
178
125
-225
210
-303
83
154
-566
512
-518
494
-478
256
-137
-146
298
-514
289
-72
-337
168
77
-397
456
-694
592
-535
66
-3
255
-564
148
442
-1028
825
-472
23
133
-332
393
-368
-97
627
-853
708
-502
383
-279
-137
495
-527
337
-224
192
-77
-60
20
308
-444
394
-87
47
195
-245
356
-117
114
54
225
-342
454
-98
-328
740
-550
334
-51
25
56
47
-140
388
-120
-273
604
-519
183
48
139
-345
410
-266
-161
513
-859
1031
-811
358
372
-894
986
-645
115
168
-436
591
-524
115
427
-515
-5
357
-172
-352
840
-741
641
-179
-407
911
-906
415
457
-955
954
-346
-450
1038
-961
665
-300
73
106
-270
385
-504
689
-955
908
-564
-33
538
-807
912
-832
434
28
-254
206
-157
231
-461
417
-138
-127
463
-648
648
-462
-48
362
-401
200
62
-10
-32
126
-37
57
-70
28
34
166
-483
738
-484
-57
423
-573
654
-654
510
-236
-100
244
-265
447
-723
770
-469
83
-29
-123
386
-640
491
-83
-350
226
-163
43
-103
-75
39
26
-421
357
-234
-342
636
-829
318
82
-592
212
65
-420
228
-276
325
-433
-14
263
-225
-172
166
248
-599
311
101
-234
184
-196
275
-203
-2
109
-226
405
-516
522
-242
-49
153
-260
189
-6
-327
568
-436
36
209
-322
69
128
-167
-25
242
-516
608
-608
444
-180
-146
393
-507
383
-157
-95
193
-233
154
-33
-262
439
-472
299
-183
141
-195
102
81
-357
428
-310
80
115
-80
11
154
-308
338
-117
-92
312
-108
-61
-23
260
-532
616
-233
-203
802
-933
804
-207
-106
491
-466
373
-154
-86
269
-101
-159
561
-523
243
109
-147
130
-49
195
-109
65
109
411
-802
964
-250
-445
749
-412
140
263
-226
311
-159
-76
519
-507
434
-40
165
-308
324
7
-222
395
-223
363
-268
146
69
-223
144
-21
46
-113
178
76
-357
293
-132
-5
-218
420
-361
44
-140
153
-239
-258
480
-524
410
-742
900
-876
-15
472
-714
377
-210
-26
131
-355
108
139
-612
625
-547
219
-28
-225
152
-318
197
-238
222
-257
52
276
-538
316
-80
-66
-44
-73
173
-396
344
-405
363
-351
254
-14
-290
678
-656
281
138
-134
-201
438
-276
205
-203
258
-136
1
128
143
47
-361
743
-673
293
152
-187
381
-221
148
400
-529
387
185
-278
380
-199
292
-116
139
10
148
-50
45
341
-375
486
-121
50
122
178
-266
429
-150
-41
342
-379
457
-195
116
146
243
-531
847
-647
293
129
-397
695
-671
471
-160
178
-355
582
-450
210
78
-186
272
-423
233
25
-474
459
-217
-60
169
-433
616
-778
438
-223
20
-76
-165
128
-301
155
-445
475
-572
115
109
-481
367
-274
-107
108
-409
215
-292
-116
363
-786
523
-225
-358
426
-461
-5
67
-406
-32
20
-253
19
-129
62
-227
60
-200
231
-336
-74
253
-695
577
-556
128
274
-563
453
-363
300
-140
-282
754
-746
145
356
-570
588
-598
624
-271
-317
904
-1040
833
-223
-270
585
-369
131
60
-3
279
-330
375
151
-170
300
33
268
-294
334
-55
-120
190
10
24
26
238
-141
268
78
-101
403
-368
382
-198
-9
229
-335
472
-472
419
-25
-89
181
44
131
-269
482
-179
-17
281
-290
441
-332
157
193
-275
367
-368
398
-468
279
-80
-238
574
-755
575
-411
154
-22
-372
712
-864
577
-268
-304
409
-631
199
-13
-368
108
-168
151
-219
-22
193
-339
-1
-127
143
-438
5
508
-972
644
-106
-411
550
-500
521
-649
586
-300
-243
527
-524
407
-378
476
-349
46
186
-115
193
-289
319
-221
33
-78
14
64
4
-192
257
-19
-187
322
-171
148
-15
15
-5
56
-64
62
-14
43
8
-157
299
-234
196
-120
39
123
-337
363
-249
179
-202
176
82
-347
487
-466
498
-389
-5
374
-576
454
-353
408
-418
207
223
-442
695
-519
249
95
-385
411
-434
162
240
-382
81
50
-18
-312
226
10
-110
-135
143
49
-430
366
-104
-158
140
43
-164
198
-11
-61
33
206
-295
73
95
-150
131
-238
544
-583
355
208
-577
786
-543
333
-101
44
149
-371
652
-593
454
-16
-128
281
-229
299
-220
164
87
-338
379
-174
-87
246
-111
81
-189
289
-200
-45
292
-275
160
-147
145
-84
-90
453
-352
306
-132
31
201
-432
520
-247
-98
245
-398
406
-393
188
117
-273
259
-208
201
-127
50
-123
13
79
-395
227
24
-236
153
-265
393
-572
283
-8
-216
183
-515
538
-506
148
47
0
117
-268
178
140
-317
43
207
-180
-13
-100
251
-296
203
-54
43
152
-171
363
-341
379
-190
-18
147
-81
3
-104
388
-315
155
173
-188
118
-41
-24
175
-194
55
207
-228
70
149
-121
99
17
82
21
15
95
-50
38
-65
168
-349
473
-176
-134
575
-657
580
-377
131
279
-458
395
-221
98
-169
113
-57
103
-93
115
85
-229
321
-208
83
40
-123
102
-63
-38
222
-412
516
-297
-202
531
-551
276
-17
-111
63
-3
-173
107
-36
-233
281
-346
312
-140
-214
312
-348
72
-62
59
-111
-117
66
-24
-105
-50
95
-139
29
-131
108
-71
-132
4
26
-106
-285
376
-294
132
-91
103
0
-295
334
-277
210
-117
-1
95
-90
-132
187
-48
-99
207
-197
250
-251
131
188
-320
307
-159
6
109
-91
170
-81
33
64
-25
60
-105
306
-140
-69
332
-239
137
-61
146
-12
-61
283
-183
95
161
-27
-23
212
-46
42
22
187
-20
-40
327
-324
363
-143
-78
386
-353
131
83
-103
27
-45
124
41
-153
90
87
-197
217
-181
45
171
-418
189
17
-320
237
-298
226
-76
-442
667
-661
243
-53
-144
199
-384
256
-205
125
-163
-112
213
-177
-192
148
109
-457
362
-267
-7
-59
-122
161
-231
115
-94
-3
3
29
-155
131
33
-179
86
44
41
-237
182
-21
-161
189
-219
315
-300
101
5
-149
129
-186
149
-77
24
-146
201
-157
25
116
-82
230
-310
162
8
-63
-60
251
-200
81
106
-163
282
-213
219
-34
93
-7
121
-33
-14
206
-259
215
18
-108
317
-233
174
77
-237
372
-243
145
-6
58
-148
301
-69
-94
362
-388
283
-165
53
95
-94
-22
216
-420
353
-175
-138
301
-327
325
-218
122
13
-28
-22
20
114
-314
254
-51
-157
211
-141
2
12
-187
233
-292
89
124
-237
137
-229
278
-441
259
-43
-250
510
-523
388
-75
-193
274
-272
149
82
-231
260
-45
-125
301
-221
207
48
-118
113
28
-120
67
18
-91
74
-154
127
-70
-202
362
-329
18
193
-284
106
-111
87
-87
25
26
35
-37
-10
51
-4
-77
140
-20
-221
396
-447
283
-15
-176
391
-460
452
-270
125
83
-116
105
-111
102
-371
420
-463
197
34
-239
227
-220
60
-174
83
-169
67
-95
69
25
-86
130
2
-55
50
172
-245
198
-27
-132
166
-113
8
114
-204
204
-47
-143
293
-207
115
-88
-11
18
-213
114
25
-151
142
-130
-46
-16
-45
19
-64
122
-57
31
-30
154
-39
-22
199
-27
37
130
56
-19
150
-103
44
40
-117
81
-49
97
-119
89
42
-87
60
-7
1
-30
0
-3
-23
-62
-2
-38
-10
96
-146
141
101
-140
138
0
59
-125
141
36
-132
204
-86
132
66
-58
179
-99
28
55
-57
37
3
45
-106
99
-37
-12
86
-71
92
-55
2
37
-30
47
-43
43
-79
4
63
-109
168
-66
-1
137
-120
-23
96
-24
-155
99
-30
8
-44
76
108
-140
49
88
-135
-30
-14
9
-106
-130
130
-275
79
-92
-28
-4
-71
23
-229
88
-58
-179
118
-24
-45
12
-35
108
-153
96
-27
-68
63
-72
53
-84
66
-107
-15
10
-41
-32
27
40
-13
2
39
68
-172
66
-47
42
-124
120
111
-96
92
6
54
-42
92
2
97
33
15
118
-66
234
-22
33
188
-106
73
109
-33
75
-14
86
-59
-87
171
-102
124
35
45
104
-13
138
5
142
-7
12
84
-60
140
-27
122
72
-96
156
-98
23
10
0
54
-128
76
-52
-24
25
62
-1
32
67
-11
41
-10
25
-78
-41
34
-170
103
-37
-51
13
22
-6
-99
78
8
-129
28
41
-110
43
-33
-41
-8
-47
-10
-12
-11
59
-121
40
-32
-153
60
-93
44
-33
-59
124
-171
-50
75
-142
-42
-7
-45
-24
-37
-12
-34
34
-18
35
76
12
18
27
29
-23
-45
48
-75
17
35
4
52
-47
35
-63
42
-30
-61
97
-148
9
-15
-67
47
-110
49
-54
-35
-51
25
-42
-13
102
-78
92
70
23
48
83
122
-32
105
114
25
-71
125
39
-196
73
-54
-31
3
60
13
46
17
2
29
-23
60
23
43
34
18
11
-12
3
-6
-47
-38
16
15
-57
150
-92
-100
76
-112
-2
4
57
96
-87
63
21
-131
35
-1
-82
21
-10
-13
32
18
55
-71
-1
40
-25
81
26
79
-54
-64
21
-163
52
13
-52
113
-64
-5
7
-117
-31
-21
-69
16
-23
-78
86
-80
-61
55
-46
-32
10
52
-41
-3
-6
-48
-34
-44
22
7
-62
63
-35
7
-63
-17
0
-87
94
-91
52
22
-57
17
3
14
12
21
58
-13
-13
9
17
18
-21
99
-6
-32
51
17
42
70
-17
141
-46
45
36
20
88
-17
66
-1
32
20
-9
42
44
-57
-10
-54
-60
-9
-9
30
16
-18
-18
-4
76
-26
75
21
-65
-6
-96
11
-15
-80
62
-24
-84
22
-44
81
-25
30
78
-24
36
2
49
33
3
15
50
-47
-33
15
-32
11
-3
9
22
-3
-15
-5
-3
-30
30
-11
46
-30
-33
42
-73
3
-67
-33
-58
-106
-41
12
-60
-17
66
-30
-3
-21
84
10
17
107
-56
40
-28
-19
69
10
82
24
62
33
3
59
-3
45
6
-46
57
-9
-47
49
-52
19
-37
6
1
-40
-31
2
0
-37
62
-5
50
-60
87
3
2
94
15
48
33
-20
30
18
16
15
-2
4
-18
5
-24
41
-68
-4
-36
-82
-6
-42
-70
16
-47
-65
46
-80
15
29
13
40
44
-3
0
-50
-53
9
-56
2
-15
-22
-5
-49
-30
-16
-77
-26
-33
-53
-93
-9
-54
-72
16
-37
-2
9
35
13
10
32
-3
29
41
18
10
35
-12
24
22
23
82
-54
12
5
-99
-54
2
-66
-36
-39
-19
-64
-91
10
-66
-17
-18
25
-8
-22
36
-42
-16
13
-25
43
31
-8
37
-11
-5
19
-50
26
-20
-82
42
-7
5
60
51
36
28
60
30
61
32
86
38
-22
56
-28
33
-5
24
33
27
60
86
95
27
55
27
41
62
61
86
65
40
40
44
32
64
0
58
54
19
24
74
29
55
67
78
98
40
104
66
86
35
40
42
29
58
37
58
14
-8
-37
-42
-43
-82
-81
-27
-50
-76
-15
-75
-48
-66
-26
28
-2
40
84
5
-2
-12
-22
-55
17
-11
4
0
-46
-10
-68
-52
-67
-47
-54
-52
-58
-55
-68
-103
-43
-84
-81
-43
-81
-38
-62
-64
-38
-55
-68
-37
-11
-7
-32
4
23
-15
15
38
5
-13
9
-22
-16
-13
-17
4
-4
13
3
-5
1
-3
-8
10
-17
-16
21
-51
41
-22
0
24
17
18
2
38
-39
19
-32
-7
3
17
41
23
32
50
32
95
72
107
44
52
39
-2
41
8
108
-4
54
-3
-23
-5
-14
27
18
63
-25
-16
13
-7
-9
28
34
61
54
54
86
24
25
-9
16
13
14
17
5
34
12
26
39
28
7
22
-3
23
13
-20
22
12
-9
-7
12
-19
4
4
21
0
-23
-23
-71
-20
-82
-45
-5
-73
2
-77
-46
-34
-89
-18
-40
-72
-51
-55
-121
-33
-62
-81
8
-48
-53
0
-52
-44
-21
-68
-53
-88
-67
-59
-91
-43
-15
-61
-18
10
-25
-9
8
-34
-17
-14
-40
-4
-31
-33
-29
-79
-15
-48
-76
-23
-88
-83
-83
-76
-77
-27
-23
-11
-8
-17
-12
-38
0
-13
11
-2
33
5
-23
6
-27
-38
-17
-38
-38
-27
-44
-22
-53
-26
-65
-48
-13
-44
25
31
30
18
15
-1
-5
-3
31
1
13
13
-18
-3
-18
0
-19
11
-8
16
14
9
15
0
-4
-10
3
-11
38
4
4
17
8
-9
-4
15
5
4
6
38
-5
12
21
-3
-9
7
-3
3
33
-2
50
1
2
17
12
45
34
80
56
41
39
16
15
27
1
22
24
30
29
37
48
41
51
47
70
45
59
71
64
76
56
55
31
17
36
9
5
9
-13
-30
1
-18
4
28
-3
35
11
22
31
24
32
44
52
38
66
56
22
38
13
-13
18
3
30
32
7
15
-35
-43
-57
-57
-36
-32
-16
-12
-20
-10
-17
-22
-20
-30
-45
-26
-22
2
-7
11
10
-30
26
-19
19
27
13
44
15
15
-1
-7
-6
-34
-2
-33
-21
8
-21
29
3
3
23
-2
26
48
20
53
6
4
-10
-34
0
-10
9
11
5
20
-4
15
24
7
22
10
-25
-6
-26
-41
-19
-42
-26
-47
