-21
-23
-24
-19
-25
-22
-16
-20
-11
2
6
12
13
19
23
19
21
17
15
22
31
28
26
15
0
-13
-17
-14
-5
-3
-4
-1
-8
1
11
28
34
18
8
6
0
-3
15
11
-5
-13
-9
4
6
4
10
10
18
27
28
27
15
14
13
4
-6
-21
-33
-51
-57
-77
-81
-73
-45
-44
-21
-14
-5
-25
-18
-8
14
67
53
323
65
-40
56
-81
50
31
199
75
-123
-28
-109
-73
15
103
62
15
-43
-80
-136
-82
-91
-80
-28
-54
-15
-56
-13
-63
-20
-61
-33
-7
-18
42
-35
63
-34
6
18
-49
13
41
91
27
-88
61
-143
16
74
39
232
115
-5
-85
-34
-141
-9
-65
156
-157
-265
-43
-205
-7
17
132
155
-135
-56
-9
-60
-22
2
16
-168
-103
-127
-21
-52
-3
50
-106
-72
12
-17
14
-12
-7
8
-149
85
-106
105
209
21
276
30
141
-15
-192
117
-102
-26
140
-42
-42
-73
-75
115
92
211
218
-79
-129
-257
-237
-155
-31
-232
-164
-155
-196
-144
-162
125
-86
206
129
-110
33
-86
-100
-6
105
163
195
106
83
-86
78
70
46
262
181
-16
-19
-19
-221
-117
-12
30
6
31
-29
-190
-140
-244
-116
3
216
117
-83
37
-63
68
8
9
107
15
67
93
86
-10
-38
-6
-6
-3
147
273
82
-6
-19
-187
-55
-135
71
204
-33
77
-49
-98
-119
-119
24
-22
123
92
-136
112
-43
-99
234
142
251
155
167
142
-4
129
-2
-54
121
22
-1
143
-105
70
-1
-143
92
44
272
40
127
50
-133
-47
-117
55
154
138
-48
76
-195
-157
-70
-10
207
161
95
-42
-58
-149
-48
131
172
-32
72
-118
-378
-151
-253
-33
-69
3
-69
-242
-107
-227
-14
-14
-39
37
-20
-6
-82
-46
-80
-1
59
-10
125
157
-38
-49
-43
-236
-59
-79
9
10
-129
-102
-284
-179
-50
-75
38
95
45
132
17
-29
19
-77
133
251
183
181
167
52
4
69
163
218
192
156
117
-10
-67
-69
-19
79
46
141
156
51
87
79
124
125
43
179
141
213
199
192
246
152
203
213
304
321
329
332
209
119
53
81
43
91
90
41
-4
-128
-174
-234
-146
-73
-187
-28
-71
-228
-279
-325
-250
-307
-257
-132
-162
-265
-224
-307
-437
-436
-390
-259
-254
-225
-277
-540
-622
-668
-565
-339
-331
-350
-467
-617
-686
-758
-619
-576
-420
-430
-466
-531
-500
-288
-198
48
194
242
260
333
477
615
716
780
893
852
942
1034
1066
1168
978
1005
980
944
958
883
830
628
560
485
436
354
228
113
-20
-59
-122
-140
-139
-188
-139
-88
-35
-38
-92
-3
57
211
336
392
464
370
391
463
544
575
545
511
390
345
202
166
85
-82
-123
-211
-252
-489
-631
-706
-818
-810
-853
-922
-1044
-1121
-1147
-1105
-1000
-963
-1093
-1159
-1144
-1057
-908
-893
-823
-922
-1023
-998
-988
-855
-941
-1081
-1254
-1247
-564
-137
123
-60
-322
-427
-493
458
1153
1354
1084
637
662
412
1013
1689
1872
1879
1417
1575
1304
1161
1187
1042
1257
1067
1164
855
347
-74
-492
-269
-111
-63
-262
-683
-1030
-1350
-1084
-678
-557
-589
-624
-453
-295
-132
-38
128
275
557
940
1299
1384
1159
1076
1287
1629
1868
1832
1596
1276
930
1041
1171
1095
759
302
116
-125
-195
-253
-428
-607
-878
-922
-911
-1024
-1170
-1219
-1098
-980
-840
-804
-827
-858
-831
-612
-313
-120
-161
-240
-228
-218
-89
58
170
191
77
56
-34
-224
-379
-560
-558
-580
-796
-871
-1167
-1413
-1643
-1730
-1717
-1714
-1821
-2001
-2151
-1916
-1239
-1051
-903
-1130
-918
-896
-403
817
1080
1183
558
670
704
937
2092
2290
2444
1865
1513
1556
1312
1832
1584
1657
1451
756
616
52
10
-417
-491
-316
-669
-857
-1408
-1592
-1762
-1660
-1094
-972
-895
-1179
-1178
-874
-528
-86
15
337
422
556
925
1177
1548
1543
1770
1877
1937
2181
1935
2000
1885
1821
1914
1865
1802
1291
1001
845
719
765
605
433
-4
-316
-485
-445
-346
-473
-542
-778
-872
-988
-926
-775
-741
-719
-719
-619
-638
-647
-590
-451
-317
-215
-125
-145
-172
-194
-183
-37
38
10
-52
-155
-336
-393
-322
-399
-566
-708
-854
-1046
-1143
-1245
-1307
-1466
-1547
-1662
-1760
-1797
-2052
-2086
-2407
-1952
-1036
-553
-643
-1382
-1259
-1399
-839
822
1460
1415
166
56
148
479
1946
2465
2599
1587
1139
1151
1160
1761
1730
1657
1304
832
467
-31
13
-246
-365
-127
-321
-818
-1507
-1607
-1581
-1244
-655
-523
-846
-1385
-1290
-733
98
547
441
426
317
518
959
1473
1796
1661
1718
1781
2067
2169
2060
1967
1861
1917
1828
1956
1691
1248
900
799
937
707
587
206
-160
-312
-425
-130
-268
-468
-692
-877
-730
-799
-662
-694
-716
-770
-823
-592
-568
-564
-489
-283
-159
-157
-94
-155
-159
-96
99
281
256
62
-188
-212
-90
-105
-134
-224
-604
-664
-679
-754
-836
-1040
-1177
-1326
-1260
-1295
-1414
-1618
-1651
-1832
-1854
-1724
-1887
-2093
-2205
-1314
-717
-655
-1213
-1408
-1180
-1161
261
1149
1177
92
-467
179
413
1662
2318
2267
1380
558
1084
1353
1959
2047
1685
1225
698
687
479
623
575
245
116
-92
-384
-896
-998
-775
-655
-466
-430
-817
-1295
-1253
-610
152
437
200
-74
-122
183
715
1285
1543
1305
1022
1006
1266
1551
1609
1632
1545
1462
1370
1206
1171
987
1062
1199
1144
879
329
117
20
231
416
307
-24
-616
-805
-724
-392
-239
-382
-580
-857
-913
-836
-615
-451
-510
-647
-682
-650
-682
-629
-432
-269
-351
-435
-326
-423
-450
-305
-73
-53
-157
-173
-469
-293
-147
-195
-172
-365
-413
-537
-438
-217
-516
-476
-502
-596
-546
-703
-593
-737
-763
-702
-773
-825
-953
-1033
-1090
-659
-188
6
-446
-880
-695
-498
109
618
720
316
-441
-281
117
656
1065
1048
805
114
231
581
937
1103
859
754
451
409
352
353
556
392
284
169
37
-157
-385
-259
-52
58
46
-72
-337
-464
-173
302
577
442
175
51
152
395
699
896
850
633
548
712
923
1054
1000
881
811
779
682
685
702
606
415
375
433
301
255
148
48
-21
-75
83
41
-48
-153
-243
-178
-200
-113
-169
-270
-359
-428
-281
-239
-261
-390
-394
-407
-503
-432
-405
-414
-427
-368
-385
-520
-559
-517
-530
-413
-395
-494
-490
-646
-507
-507
-383
-217
-320
-404
-682
-339
-256
-351
-241
-275
-317
-560
-432
-444
-392
-425
-532
-603
-649
-629
-777
-808
-985
-707
-334
-29
-306
-944
-766
-608
-77
437
609
311
-639
-464
145
668
1045
1002
759
88
166
762
1171
1364
1027
753
506
538
746
794
943
735
500
319
218
250
137
230
291
185
86
8
-103
-155
151
522
522
178
-94
40
413
770
855
678
361
218
407
749
916
762
476
246
236
371
566
608
427
78
-42
52
132
225
226
105
-166
-307
-154
-64
38
-28
-112
-207
-384
-311
-218
-83
-144
-288
-352
-390
-260
-251
-182
-277
-434
-481
-556
-389
-458
-364
-341
-394
-568
-595
-374
-521
-401
-429
-187
-406
-617
-268
-268
-163
-242
-264
-194
-345
-281
-66
-255
-225
-424
-419
-347
-416
-315
-444
-680
-805
-869
-935
-799
-1057
-791
-358
-300
-816
-1398
-957
-476
-32
295
334
-305
-1164
-611
357
1086
1072
599
371
-187
321
1157
1645
1597
787
524
525
882
1222
1206
1112
656
283
275
501
605
462
417
202
-62
-142
-25
119
50
112
281
173
-117
-167
194
595
580
400
326
316
423
553
746
866
642
397
338
529
736
669
658
380
122
-8
174
548
392
381
85
-166
-207
-108
409
295
111
-281
-505
-361
-309
70
-58
-266
-610
-783
-508
-389
-214
-378
-478
-622
-758
-555
-356
-239
-382
-538
-522
-464
-509
-324
-151
-235
-300
-383
-220
-143
-115
6
-116
-99
-123
-99
-15
-97
-176
-217
-283
-236
-346
-506
-535
-645
-670
-860
-997
-1084
-1274
-1249
-738
-280
-426
-1335
-1694
-960
-203
287
297
-38
-860
-1148
-41
1042
1353
819
391
272
284
1149
1888
2013
1275
627
726
1061
1457
1539
1337
917
450
252
454
734
691
364
19
-279
-422
-237
29
-50
-249
-351
-298
-474
-564
-345
21
74
-195
-287
-285
-69
111
273
343
237
105
14
173
404
474
447
342
374
281
289
350
514
655
571
450
191
160
260
522
652
539
257
-36
-15
134
332
306
65
-258
-453
-355
-213
-153
-278
-440
-579
-666
-569
-431
-376
-488
-615
-588
-454
-308
-254
-210
-281
-397
-220
-96
37
60
-58
-197
-156
75
88
43
-138
-255
-328
-369
-276
-460
-656
-848
-1048
-1052
-1172
-1300
-1474
-1556
-1106
-585
-730
-1574
-2029
-1130
-195
181
185
-196
-683
-1032
108
1351
1579
1009
451
627
800
1584
2166
2068
1575
896
1027
1386
1714
1643
1183
862
382
250
378
586
419
-131
-489
-738
-718
-497
-371
-557
-932
-904
-678
-681
-735
-605
-250
-120
-276
-378
-205
102
330
443
491
473
473
600
761
890
907
846
754
779
855
851
919
857
743
553
674
783
604
558
476
495
349
295
365
149
-43
-143
-40
-41
-249
-320
-420
-497
-622
-638
-531
-610
-763
-895
-850
-782
-752
-714
-738
-777
-764
-684
-529
-423
-421
-454
-466
-334
-176
-46
-65
-241
-304
-186
-1
-64
-171
-335
-458
-486
-496
-472
-666
-966
-1113
-1198
-1242
-1258
-1253
-700
-552
-946
-1758
-1660
-466
-81
38
-91
-329
-761
-759
745
1488
1338
733
554
919
1044
1879
2182
1901
1269
898
1290
1460
1647
1458
1030
696
232
258
402
499
235
-316
-604
-787
-578
-289
-342
-748
-999
-755
-529
-524
-588
-440
-197
-163
-202
-165
105
354
514
614
617
623
627
810
955
999
907
715
635
633
790
774
639
504
497
479
420
497
412
349
143
244
234
133
29
-206
-186
-320
-197
-258
-471
-583
-731
-607
-652
-633
-602
-752
-801
-907
-719
-623
-626
-686
-811
-690
-639
-531
-498
-479
-437
-403
-322
-193
-109
-97
-105
-49
32
69
130
27
-26
-123
-130
-145
-200
-286
-583
-727
-821
-857
-856
-1016
-962
-479
-267
-726
-1690
-1329
-143
136
-1
-247
-271
-779
-709
803
1366
1015
318
382
792
867
1684
1911
1569
868
665
1179
1348
1513
1234
794
406
65
231
446
591
238
-364
-725
-709
-282
-14
-256
-821
-929
-553
-244
-290
-406
-297
-133
-81
-58
49
263
448
570
606
692
777
783
853
922
1023
892
774
747
758
732
656
654
540
439
296
420
477
367
296
51
215
80
159
91
-197
-151
-452
-117
-207
-284
-460
-737
-553
-680
-431
-485
-648
-766
-874
-551
-507
-496
-606
-757
-617
-581
-357
-350
-408
-414
-464
-247
-40
95
34
-131
-84
35
172
205
82
-2
-189
-124
-117
-114
-311
-604
-743
-886
-974
-1128
-1098
-1054
-518
-438
-946
-1859
-1623
-235
51
-98
-502
-548
-716
-749
757
1308
991
280
224
848
929
1651
1845
1533
922
638
1117
1375
1517
1262
737
358
30
194
487
582
205
-483
-864
-737
-259
1
-333
-854
-936
-603
-253
-295
-384
-283
-118
-51
0
154
361
490
534
553
627
731
773
844
834
829
779
722
691
668
601
482
555
546
523
310
204
209
216
378
232
198
-6
-130
-78
-87
44
-150
-220
-353
-449
-399
-406
-284
-470
-561
-621
-617
-525
-539
-446
-556
-671
-679
-589
-378
-369
-428
-528
-494
-325
-188
-39
-16
-77
-166
-82
154
280
168
-23
-106
-6
52
24
-166
-420
-537
-616
-595
-664
-899
-1143
-1238
-1205
-666
-402
-795
-1870
-1832
-490
-119
-283
-639
-506
-856
-1103
330
1083
880
42
145
707
658
1336
1713
1580
848
542
1059
1300
1511
1316
852
426
167
450
601
609
262
-317
-628
-551
-158
-21
-358
-775
-890
-590
-305
-355
-483
-444
-237
-182
-167
-77
148
350
419
427
473
634
760
795
805
787
791
785
780
731
645
549
533
621
557
447
316
412
399
376
348
310
237
108
122
29
50
-28
4
-36
-250
-250
-312
-188
-256
-301
-308
-471
-455
-486
-352
-388
-514
-548
-543
-342
-308
-321
-407
-439
-313
-272
-112
-33
-52
-180
-230
-10
183
221
99
-28
-46
-20
-11
-34
-184
-374
-589
-659
-703
-780
-960
-1134
-1302
-1205
-616
-633
-1371
-2124
-1205
-187
-452
-688
-661
-514
-1158
-601
848
987
349
-42
581
784
851
1610
1778
1327
729
890
1305
1453
1567
1207
678
288
311
582
659
502
58
-525
-679
-401
-14
-58
-550
-882
-845
-510
-327
-446
-517
-431
-277
-226
-183
-37
175
327
294
276
422
669
731
657
616
665
709
676
640
654
610
541
447
506
552
438
324
244
403
339
352
363
257
178
-36
103
82
79
91
-116
-178
-320
-229
-182
-271
-266
-391
-399
-433
-350
-249
-387
-463
-531
-421
-307
-296
-259
-336
-340
-358
-243
-34
6
-47
-187
-138
13
102
118
6
-68
-182
-192
-173
-155
-276
-472
-680
-785
-840
-939
-1031
-1231
-1247
-1428
-890
-572
-922
-1859
-1867
-467
-180
-377
-558
-491
-849
-1148
425
1231
869
154
198
790
688
1431
1938
1692
953
611
1172
1484
1657
1479
861
447
231
539
729
682
386
-332
-693
-575
-67
165
-252
-720
-924
-618
-220
-142
-259
-410
-267
-183
-40
149
394
508
319
235
442
881
963
740
613
726
817
700
676
754
711
453
312
381
452
443
276
156
131
261
273
170
125
127
4
-152
-54
-24
-90
-253
-254
-197
-272
-326
-384
-320
-281
-362
-399
-415
-356
-371
-388
-328
-349
-401
-460
-371
-276
-343
-402
-389
-301
-235
-252
-205
-235
-198
-145
-90
-64
-118
-137
-233
-236
-232
-217
-358
-536
-631
-701
-788
-1010
-1057
-1067
-1130
-1357
-1183
-458
-590
-1443
-1984
-777
173
-211
-367
-392
-368
-1046
-147
1270
1214
460
28
690
819
1105
1834
1727
1131
501
895
1390
1539
1570
1011
527
242
520
863
854
579
8
-439
-368
21
355
110
-367
-681
-543
-55
206
65
-315
-364
-168
164
426
505
402
212
253
541
815
852
630
545
600
711
739
748
684
473
335
280
357
320
289
246
197
191
3
72
72
190
109
-72
47
-164
-97
-210
-24
16
-266
-242
-379
-221
-271
-243
-214
-426
-410
-453
-289
-241
-298
-361
-518
-397
-302
-193
-222
-325
-356
-371
-266
-133
-62
-137
-250
-244
-67
71
71
-86
-217
-228
-130
-112
-227
-366
-483
-545
-639
-645
-724
-941
-1140
-1161
-1117
-750
-439
-721
-1577
-1819
-646
2
-195
-504
-644
-785
-1068
221
1222
912
29
-165
558
705
1245
1669
1366
635
280
905
1302
1417
1203
602
221
122
538
706
559
198
-334
-565
-380
28
126
-269
-715
-825
-482
10
57
-279
-563
-353
11
221
274
246
227
195
309
533
705
692
547
499
577
701
657
601
613
547
404
246
356
471
466
341
216
105
21
168
322
251
19
-2
60
3
38
97
84
-95
-127
53
41
-67
-139
-50
-72
-191
-177
-110
-81
-226
-288
-243
-191
-141
-207
-185
-188
-219
-226
-202
-69
-45
-145
-254
-149
38
124
60
-51
-100
-146
-58
-12
-68
-276
-462
-484
-465
-535
-683
-842
-1000
-1182
-1228
-1225
-1173
-686
-677
-1251
-2092
-1464
-234
-274
-534
-712
-589
-1138
-852
758
1103
360
-321
221
698
649
1343
1577
1135
385
498
1207
1343
1329
973
522
262
338
633
553
353
42
-442
-636
-420
-8
-56
-541
-897
-830
-385
-91
-213
-538
-599
-298
-17
101
134
219
236
197
311
629
851
666
410
437
695
748
636
593
533
387
249
370
514
427
183
46
154
265
276
137
-15
-40
-8
133
237
200
-53
-188
-77
121
228
142
38
-92
-88
58
179
133
-46
-143
-127
-34
49
-8
-109
-161
-124
-131
-107
-9
13
-51
-136
-91
0
55
87
32
-81
-103
-8
65
-38
-100
-172
-185
-278
-307
-409
-541
-642
-779
-863
-1050
-1197
-1293
-1276
-1295
-860
-738
-1241
-2090
-1691
-361
-210
-577
-810
-696
-1102
-1018
531
1107
421
-370
-91
530
620
1348
1599
1037
273
323
1101
1397
1446
1092
406
67
232
717
698
385
93
-329
-509
-319
177
244
-273
-713
-662
-162
152
47
-218
-324
-102
106
336
432
460
401
305
478
746
955
742
508
501
683
799
712
644
510
359
235
290
437
331
116
-99
-73
169
191
87
-138
-114
5
89
233
110
-44
-170
-49
190
262
246
71
-71
-90
77
278
233
73
-76
-68
4
100
169
80
-84
-244
-213
-53
35
-6
-142
-219
-196
-147
-110
-66
-45
-108
-179
-132
-57
-73
-134
-193
-212
-283
-354
-387
-481
-501
-655
-752
-931
-1114
-1179
-1218
-1139
-1303
-914
-728
-1145
-1924
-1575
-310
-263
-631
-721
-550
-1012
-1003
561
1172
442
-341
29
715
734
1376
1607
1065
345
435
1236
1429
1362
942
395
207
312
631
629
451
117
-402
-482
-198
182
105
-324
-634
-626
-241
67
8
-234
-266
-6
162
227
267
324
412
422
465
533
680
647
531
515
606
613
432
355
338
324
200
135
116
59
10
-64
-61
4
181
95
-70
-100
91
241
156
197
48
1
-7
141
352
222
74
-129
-40
164
206
149
-55
-83
-96
-34
58
20
-68
-276
-285
-186
-79
-79
-235
-284
-233
-132
-99
-128
-93
-111
-180
-186
-94
33
-85
-241
-324
-269
-204
-246
-323
-511
-646
-711
-744
-707
-859
-1036
-1269
-1284
-1217
-1170
-668
-699
-1245
-2001
-1351
-232
-274
-463
-702
-705
-1211
-640
863
1033
268
-355
158
664
893
1530
1420
820
328
722
1411
1455
1320
875
507
404
576
865
819
588
201
-168
-84
198
429
200
-171
-333
-233
155
311
162
-172
-152
124
287
317
293
409
392
277
313
545
710
480
273
265
397
381
286
292
199
75
-48
46
122
37
-80
-135
-114
-73
7
29
-55
-78
-23
36
119
219
169
7
-54
117
245
130
0
-41
18
-44
-31
29
14
-119
-224
-135
-102
-140
-211
-227
-219
-264
-256
-247
-248
-213
-210
-205
-221
-146
-114
-128
-100
-13
4
-82
-174
-117
-26
-44
-156
-226
-216
-303
-415
-531
-504
-612
-821
-950
-982
-1003
-1099
-1142
-1146
-836
-643
-954
-1557
-1295
-384
-193
-450
-531
-391
-754
-665
415
989
554
-33
209
563
711
1245
1522
1173
565
618
1127
1381
1465
1204
797
495
595
862
902
756
426
24
-143
22
337
382
58
-307
-418
-152
105
103
-103
-212
-205
-138
86
261
205
-2
-81
65
220
331
255
96
-9
64
189
191
136
61
14
-37
36
120
150
94
18
-60
-34
167
281
180
62
58
140
205
323
377
212
10
13
169
270
208
67
-55
-146
-65
16
29
-91
-191
-187
-170
-113
-80
-87
-192
-292
-223
-103
-50
-115
-135
-96
-99
-70
-21
46
20
-27
-20
35
47
-9
-56
-59
-110
-185
-260
-260
-313
-415
-556
-712
-797
-904
-975
-1076
-1163
-1242
-1304
-1381
-1039
-720
-869
-1522
-1500
-681
-359
-437
-477
-381
-759
-842
157
909
702
131
170
568
768
1311
1620
1368
792
698
1176
1537
1682
1407
902
583
650
902
950
800
529
81
-179
-53
358
479
108
-363
-518
-213
134
173
-106
-361
-367
-250
-53
102
115
-49
-240
-155
56
281
223
71
-5
39
166
209
240
156
77
34
87
193
183
90
2
27
128
262
251
118
-11
91
248
307
295
155
35
-24
144
303
196
-3
-179
-158
-104
-62
-3
-124
-295
-391
-240
-44
-32
-89
-203
-238
-201
-68
35
-12
-97
-152
-82
9
107
139
83
37
25
83
169
214
166
9
-83
-103
-70
-64
-191
-349
-513
-540
-576
-662
-770
-946
-1078
-1194
-1170
-1129
-1230
-1345
-1087
-748
-890
-1493
-1397
-678
-384
-431
-403
-260
-651
-699
226
961
794
256
308
602
821
1354
1668
1434
841
695
1127
1533
1697
1298
773
511
598
828
885
782
392
-102
-232
23
374
267
-159
-547
-615
-297
-32
-18
-311
-527
-534
-337
-60
36
-44
-171
-190
-76
83
260
228
101
38
109
233
231
224
213
207
143
114
193
259
234
147
115
263
312
217
83
142
246
197
190
147
-20
-120
-14
196
161
-47
-193
-239
-100
70
140
-59
-297
-272
-95
36
40
-46
-170
-243
-164
-11
88
18
-159
-184
-97
33
83
43
-49
-121
-66
43
117
72
-99
-210
-189
-94
-61
-162
-361
-525
-554
-529
-514
-601
-801
-948
-981
-930
-912
-1010
-1108
-1266
-1088
-605
-495
-981
-1448
-878
-255
-155
-68
-59
-279
-766
-24
1040
1165
642
370
650
731
1168
1795
1716
1096
678
1009
1430
1641
1630
1058
618
508
802
971
887
658
183
-153
-90
269
413
132
-268
-494
-394
-92
-2
-120
-399
-515
-491
-265
-18
-54
-187
-308
-250
-112
77
196
76
-77
-80
58
170
180
195
127
32
-35
50
190
194
73
-37
-3
165
240
152
-23
-73
57
149
199
86
-99
-130
-70
88
96
-57
-196
-263
-119
-62
-39
-151
-299
-338
-298
-135
-120
-197
-335
-398
-298
-215
-83
-116
-256
-298
-218
-46
-14
-29
-69
-75
-75
-53
72
109
-7
-203
-200
-53
-9
-112
-286
-367
-375
-379
-396
-470
-610
-731
-750
-710
-710
-792
-944
-987
-929
-794
-475
-429
-726
-1178
-755
-109
33
46
2
-49
-484
12
978
1225
758
395
610
785
1127
1719
1699
1152
685
917
1389
1589
1602
1125
713
547
753
981
989
735
233
-112
-11
293
416
149
-236
-460
-440
-177
-50
-157
-477
-597
-454
-262
-146
-203
-305
-364
-365
-166
23
93
-84
-231
-157
10
145
121
63
-18
-53
-38
72
147
101
-25
-57
51
184
203
73
-40
4
96
115
77
22
-59
-149
-93
17
10
-157
-270
-247
-167
-171
-194
-221
-281
-331
-312
-184
-156
-220
-309
-290
-218
-173
-159
-180
-194
-196
-178
-151
-126
-80
-87
-110
-70
-7
41
-18
-74
-89
-32
33
-14
-114
-221
-241
-221
-225
-261
-364
-493
-548
-529
-470
-519
-593
-670
-731
-710
-686
-616
-643
-451
-313
-425
-754
-572
7
152
86
101
134
-156
-8
799
1150
805
472
632
856
972
1399
1516
1145
708
737
1072
1239
1298
985
552
397
533
714
640
464
164
-132
-132
-2
63
-163
-428
-559
-559
-454
-402
-434
-583
-670
-575
-412
-311
-357
-402
-355
-261
-142
-58
15
-62
-97
19
183
227
157
134
148
218
245
251
251
235
233
236
279
305
270
180
128
179
205
178
74
-19
-104
-62
10
13
-83
-239
-264
-216
-130
-80
-127
-255
-369
-330
-188
-110
-140
-277
-312
-269
-174
-83
-53
-133
-274
-206
-25
78
28
-60
-62
-6
99
193
167
62
-12
31
88
118
67
-45
-126
-149
-103
-103
-165
-271
-374
-411
-396
-407
-444
-494
-544
-614
-645
-602
-563
-558
-543
-394
-297
-376
-502
-345
-76
25
90
141
103
-28
189
590
746
623
538
570
601
775
1031
1075
846
632
609
730
878
930
679
367
256
297
345
290
209
-53
-351
-434
-320
-198
-304
-512
-668
-683
-570
-457
-391
-465
-585
-579
-425
-222
-140
-155
-219
-248
-129
52
177
147
71
65
108
206
299
340
268
177
166
214
296
362
337
195
66
105
246
331
302
158
-3
-53
0
92
120
69
-64
-202
-212
-98
17
-22
-152
-248
-248
-142
-25
2
-85
-220
-251
-140
27
81
-21
-108
-127
-45
61
132
122
49
22
72
184
267
265
199
165
216
266
271
241
220
194
115
75
77
65
-12
-107
-159
-197
-217
-262
-321
-375
-426
-468
-496
-470
-463
-501
-519
-505
-439
-404
-317
-247
-287
-363
-260
-40
29
14
44
86
35
24
224
397
411
324
253
265
334
475
539
439
297
192
228
332
406
323
85
-80
-157
-85
-18
-51
-203
-415
-491
-463
-338
-280
-369
-494
-542
-428
-286
-201
-206
-291
-314
-215
-59
8
-15
-11
0
50
132
227
202
115
111
174
256
248
176
124
138
184
173
172
216
129
19
-8
143
171
91
103
91
10
-66
67
183
92
-29
-68
-45
-41
-13
36
-12
-104
-165
-121
-41
-8
-36
-95
-111
-56
20
90
80
60
60
86
171
243
298
275
237
265
340
436
435
370
300
288
331
353
354
287
194
118
114
152
153
66
-46
-82
-90
-83
-103
-143
-194
-244
-256
-274
-263
-264
-262
-295
-352
-373
-345
-281
-261
-267
-294
-235
-169
-159
-160
-152
-123
-115
-68
41
57
-25
-65
20
94
138
171
128
49
38
137
218
195
125
28
-20
37
95
56
-47
-117
-193
-213
-172
-145
-212
-312
-338
-301
-256
-244
-265
-298
-260
-194
-136
-146
-155
-130
-84
-24
4
17
-2
-3
39
90
122
106
88
95
120
142
161
180
153
111
92
123
186
213
187
139
110
111
128
175
188
131
64
54
118
164
166
104
38
13
42
85
93
54
-2
-25
-3
54
90
58
2
-4
37
97
130
156
173
143
165
236
293
308
292
282
278
297
342
370
365
324
285
280
258
218
169
156
132
80
31
-10
-48
-93
-115
-128
-141
-198
-262
-272
-241
-236
-273
-305
-325
-312
-277
-254
-263
-294
-307
-303
-255
-199
-168
-171
-219
-188
-128
-69
-67
-77
-62
-67
-41
-3
40
20
11
34
40
30
44
78
53
23
27
56
45
4
-17
-15
4
13
-26
-89
-128
-125
-111
-113
-127
-174
-211
-194
-160
-157
-182
-196
-188
-169
-128
-94
-64
-49
-52
-48
-13
37
63
74
90
112
115
119
141
164
165
146
139
154
156
146
125
116
118
102
80
65
43
7
-25
-10
15
-15
-67
-104
-89
-73
-64
-47
-41
-47
-71
-52
-8
38
58
49
38
67
106
132
157
185
196
180
181
208
243
263
260
248
232
196
164
163
187
165
113
56
28
21
7
-10
-53
-96
-157
-170
-151
-168
-189
-201
-186
-197
-212
-183
-158
-163
-158
-93
-34
-32
-36
-9
20
39
71
98
104
90
88
113
123
120
110
82
48
43
60
56
40
36
19
-27
-68
-53
-31
-42
-85
-112
-123
-141
-136
-107
-86
-129
-169
-166
-140
-95
-74
-67
-88
-114
-100
-44
-13
-22
-32
-32
-16
22
43
34
11
20
53
77
112
115
108
92
100
137
172
187
153
109
101
120
132
113
80
42
8
4
16
-1
-45
-72
-98
-122
-131
-126
-143
-175
-195
-200
-185
-179
-176
-169
-170
-178
-166
-118
-76
-74
-71
-46
-6
13
35
65
74
72
85
119
119
99
74
66
65
57
48
16
-13
-28
-36
-63
-98
-127
-138
-147
-159
-161
-185
-212
-243
-241
-205
-184
-188
-204
-167
-132
-101
-63
-24
20
33
63
86
125
153
185
218
232
247
248
256
274
301
319
314
303
304
299
299
306
293
269
240
203
170
162
164
134
54
-9
-21
-8
8
8
-37
-119
-148
-113
-72
-72
-104
-130
-142
-131
-100
-100
-116
-138
-142
-124
-96
-63
-45
-36
-33
-10
31
68
84
97
106
102
112
148
176
178
163
159
158
160
161
146
138
129
128
113
103
81
45
23
21
19
-12
-51
-100
-123
-131
-147
-172
-191
-201
-217
-228
-225
-210
-212
-223
-225
-214
-197
-183
-169
-170
-176
-173
-152
-115
-97
-91
-96
-96
-82
-61
-47
-43
-52
-55
-59
-62
-57
-58
-78
-107
-118
-122
-129
-144
-155
-154
-156
-166
-171
-151
-127
-106
-95
-77
-73
-53
6
52
73
60
71
97
134
180
219
223
196
218
267
306
310
295
285
278
281
273
267
243
220
206
187
159
119
94
72
61
47
31
6
-12
-21
-32
-51
-73
-91
-96
-86
-75
-91
-101
-99
-97
-96
-84
-64
-69
-95
-83
-33
-9
-24
-38
-18
20
46
69
79
83
80
89
138
186
205
194
192
212
248
254
247
255
254
259
239
239
227
200
183
166
151
111
76
42
20
3
-19
-50
-83
-107
-144
-171
-180
-178
-198
-230
-238
-232
-220
-210
-211
-225
-235
-225
-194
-171
-173
-187
-196
-182
-169
-142
-130
-149
-147
-127
-114
-122
-138
-142
-142
-145
-131
-132
-144
-152
-153
-143
-136
-119
-109
-114
-112
-96
-74
-48
-28
-20
-9
1
21
50
77
95
96
113
129
142
154
167
157
126
117
126
124
108
97
94
94
67
59
44
43
37
16
-1
-27
-54
-67
-57
-64
-74
-95
-109
-114
-130
-123
-130
-136
-141
-140
-126
-118
-113
-109
-109
-107
-78
-59
-48
-45
-38
0
35
53
64
71
76
111
166
202
207
206
224
240
262
285
296
284
269
283
304
306
291
280
274
263
250
235
227
200
167
139
111
87
59
30
7
-12
-28
-60
-86
-92
-95
-111
-130
-136
-147
-153
-151
-148
-153
-138
-117
-110
-103
-101
-92
-103
-105
-91
-88
-94
-104
-103
-91
-82
-84
-82
-88
-86
-88
-87
-86
-99
-89
-87
-75
-70
-70
-69
-56
-22
3
16
9
24
46
69
81
73
69
59
72
93
108
107
90
96
109
129
134
117
81
56
59
70
64
44
30
7
5
-2
-22
-50
-75
-86
-87
-97
-124
-139
-152
-156
-154
-161
-168
-172
-150
-137
-141
-157
-168
-158
-147
-119
-98
-100
-109
-90
-45
-8
0
-5
3
42
76
95
99
100
117
149
185
218
237
229
228
242
266
281
277
259
247
249
248
245
222
199
187
174
151
135
124
95
61
30
12
-11
-36
-40
-42
-70
-96
-98
-80
-84
-117
-139
-141
-143
-164
-166
-168
-167
-164
-149
-127
-123
-130
-131
-110
-101
-99
-103
-96
-87
-81
-71
-60
-50
-52
-43
-17
-11
0
10
15
25
21
27
39
47
53
66
82
81
87
91
97
93
96
109
97
83
75
82
87
90
101
84
67
77
98
87
53
36
38
29
-1
-7
2
-21
-45
-35
-25
-46
-82
-99
-104
-121
-142
-155
-167
-183
-190
-190
-198
-207
-223
-232
-220
-210
-200
-203
-209
-201
-201
-185
-165
-138
-112
-91
-60
-38
-16
3
26
45
70
91
114
145
159
177
187
199
223
241
246
244
230
237
249
248
236
218
213
206
203
194
185
172
143
119
102
94
79
43
0
-27
-49
-61
-63
-63
-83
-110
-135
-140
-124
-127
-139
-158
-165
-172
-164
-149
-138
-142
-144
-130
-94
-79
-91
-89
-77
-56
-40
-29
-18
-9
-4
9
19
20
33
37
41
43
47
56
56
62
62
64
72
77
84
81
80
94
109
115
112
109
112
107
107
115
123
110
98
100
101
93
89
88
71
44
34
45
46
26
6
-10
-32
-42
-38
-45
-74
-90
-89
-94
-111
-122
-128
-146
-152
-139
-133
-152
-169
-173
-157
-148
-136
-128
-135
-140
-131
-103
-80
-78
-92
-98
-74
-38
-5
13
5
10
28
58
80
90
98
103
104
113
131
146
148
134
145
151
152
140
130
133
134
117
92
74
53
31
21
20
12
-17
-42
-57
-69
-80
-91
-96
-126
-156
-163
-152
-143
-145
-145
-152
-169
-166
-136
-107
-108
-116
-110
-90
-73
-55
-55
-59
-54
-38
-5
15
20
18
24
36
52
63
60
49
46
58
76
76
78
79
89
87
84
89
80
64
53
60
69
70
65
65
57
46
40
39
37
31
21
15
9
10
10
9
-3
2
9
14
8
-5
-4
-7
-4
-11
-4
-12
-15
-12
-10
-7
-12
-9
-13
-20
-26
-27
-34
-44
-45
-46
-47
-47
-45
-51
-68
-78
-77
-65
-56
-54
-54
-52
-53
-53
-44
-35
-29
-26
-12
11
31
39
55
64
61
67
80
88
80
70
81
84
83
83
77
63
47
42
44
38
12
1
1
1
-7
-24
-32
-41
-52
-55
-53
-56
-62
-66
-79
-79
-83
-68
-65
-78
-83
-86
-79
-79
-66
-57
-55
-61
-53
-44
-45
-40
-31
-23
-18
-14
2
24
30
35
44
49
47
51
71
84
81
69
76
90
91
93
111
121
98
78
81
93
89
75
65
66
59
45
38
47
48
37
20
8
10
2
10
18
4
-11
-23
-17
-6
-1
-6
-15
-17
-11
-4
-22
-28
-28
-28
-28
-27
-19
-25
-31
-22
-6
-4
-21
-34
-35
-24
-16
-12
-12
-21
-28
-17
2
9
5
-4
-4
-2
12
20
23
15
8
10
10
17
22
31
22
16
26
25
22
18
22
20
7
3
4
3
-9
-4
5
7
-10
-29
-30
-25
-22
-27
-32
-38
-49
-52
-46
-39
-42
-53
-58
-57
-52
-47
-51
-56
-59
-59
-56
-45
-33
-29
-30
-27
-19
-6
-1
-7
-13
0
12
15
22
29
36
37
37
47
54
54
50
50
51
53
55
58
62
55
50
47
49
43
32
32
34
30
23
18
11
5
2
1
-4
-12
-15
-17
-18
-22
-31
-37
-41
-38
-43
-46
-53
-53
-51
-52
-50
-45
-39
-50
-57
-50
-33
-31
-38
-33
-26
-24
-25
-12
0
-3
-3
8
22
25
31
32
33
33
38
47
49
46
44
47
48
50
52
50
40
35
38
37
32
25
26
23
15
7
1
1
-6
-5
-5
-10
-17
-20
-23
-27
-25
-18
-16
-31
-41
-35
-29
-27
-32
-35
-35
-40
-37
-30
-29
-37
-41
-34
-31
-36
-44
-38
-33
-32
-33
-31
-27
-25
-25
-22
-16
-11
-5
-6
-3
0
9
17
24
22
19
26
36
46
49
48
51
53
60
66
72
72
70
67
68
69
68
70
65
62
58
53
50
45
46
45
37
25
17
11
2
-2
-6
-14
-34
-52
-48
-40
-46
-58
-73
-72
-71
-69
-65
-73
-81
-82
-73
-74
-72
-68
-67
-64
-57
-40
-30
-28
-23
-14
-2
8
21
34
38
36
41
56
63
67
65
67
67
66
73
78
71
66
63
60
54
55
57
46
30
22
26
23
14
2
-5
-8
-17
-20
-24
-29
-34
-39
-38
-40
-43
-49
-47
-47
-51
-51
-50
-48
-48
-46
-49
-47
-41
-34
-34
-37
-36
-33
-29
-25
-22
-20
-22
-24
-16
-10
-5
-5
-8
-4
1
7
12
18
22
22
25
33
38
40
42
46
52
53
53
54
57
59
61
62
63
60
55
53
56
56
50
43
37
33
30
28
20
10
4
-3
-11
-17
-18
-24
-39
-48
-49
-53
-62
-68
-70
-74
-84
-86
-83
-82
-87
-86
-78
-73
-73
-70
-60
-55
-49
-41
-30
-23
-19
-10
-2
8
15
24
32
38
45
50
57
63
72
74
71
71
76
82
78
75
74
70
64
62
63
57
48
39
38
33
24
14
10
5
-2
-9
-14
-20
-26
-31
-34
-35
-42
-48
-52
-51
-49
-56
-63
-65
-61
-60
-61
-58
-60
-62
-62
-54
-45
-47
-52
-49
-40
-33
-29
-25
-21
-21
-21
-12
-2
2
2
5
8
15
24
32
35
34
38
46
52
57
61
62
61
59
64
70
72
70
68
69
66
68
69
66
59
53
53
50
42
33
26
20
12
6
-2
-12
-22
-26
-30
-40
-44
-45
-50
-56
-63
-65
-65
-67
-68
-72
-75
-77
-76
-71
-65
-64
-64
-64
-57
-48
-40
-32
-25
-20
-15
-11
-2
9
13
15
19
28
31
36
43
47
51
52
56
57
59
60
61
59
56
58
56
52
48
48
47
43
39
36
34
28
28
27
26
16
9
8
4
0
-9
-11
-15
-19
-23
-26
-30
-32
-31
-29
-33
-38
-40
-40
-40
-39
-41
-44
-49
-51
-48
-43
-44
-46
-48
-50
-48
-43
-34
-30
-29
-28
-23
-19
-14
-8
-4
-1
0
6
12
18
24
28
33
34
40
48
52
53
54
56
60
59
60
59
55
52
52
54
50
42
37
