17
11
-2
-19
-42
-49
-58
-73
-87
-96
-102
-110
-103
-104
-112
-121
-132
-142
-151
-144
-149
-154
-163
-177
-184
-179
-164
-154
-136
-129
-125
-119
-108
-104
-106
-96
-92
-79
-63
-49
-47
-44
-30
-20
-6
9
25
37
57
80
98
114
127
144
162
180
202
210
218
225
232
239
240
240
234
226
222
216
201
189
175
158
142
133
121
105
102
99
100
103
117
125
122
120
104
90
72
65
61
54
43
31
23
1
-17
-38
-71
-106
-130
-142
-151
-164
-180
-209
-232
-251
-272
-275
-289
-304
-319
-311
-323
-354
-362
-381
-400
-409
-388
-393
-416
-427
-427
-421
-435
-430
-424
-396
-354
-245
-108
-50
-31
16
85
107
201
325
366
358
414
506
498
517
537
510
456
455
494
451
396
316
257
194
128
91
49
12
-49
-47
-27
-54
-94
-102
-80
-88
-53
24
73
83
125
195
233
232
246
275
279
298
345
410
405
379
371
345
315
263
262
233
180
142
123
110
34
-8
-35
-70
-109
-116
-93
-130
-168
-174
-164
-178
-191
-175
-169
-162
-152
-113
-78
-88
-97
-86
-84
-104
-109
-91
-98
-145
-152
-138
-162
-208
-240
-271
-334
-383
-406
-419
-471
-528
-551
-565
-585
-612
-631
-658
-689
-689
-666
-667
-679
-685
-598
-437
-299
-200
-117
-38
-26
74
281
401
429
475
619
632
656
746
761
689
632
730
727
660
570
483
365
214
154
80
-11
-144
-202
-210
-242
-310
-348
-349
-403
-395
-288
-185
-166
-100
39
133
168
224
311
319
321
387
480
510
491
517
516
454
387
387
374
289
254
266
248
169
134
142
71
5
-1
16
-31
-42
15
18
-14
-12
31
25
-4
31
99
114
118
179
220
179
132
146
141
92
61
76
69
10
-9
-19
-83
-160
-187
-176
-200
-220
-214
-204
-246
-277
-275
-302
-345
-362
-332
-340
-356
-349
-345
-377
-418
-425
-445
-494
-519
-538
-542
-581
-623
-657
-733
-797
-867
-827
-715
-585
-472
-387
-302
-296
-234
-65
96
170
247
423
524
568
638
714
691
644
738
817
796
726
692
608
469
351
284
183
14
-75
-102
-139
-241
-298
-312
-363
-404
-365
-284
-262
-212
-79
40
89
152
244
292
299
377
499
561
590
657
710
669
621
604
597
531
504
531
515
485
425
406
301
198
153
134
131
62
64
43
0
-26
-34
-49
-79
-75
-66
-43
-33
-24
-31
-56
-83
-82
-68
-73
-63
-58
-56
-74
-102
-101
-135
-177
-188
-180
-195
-211
-218
-222
-245
-286
-315
-360
-395
-442
-466
-481
-492
-500
-519
-530
-578
-621
-665
-682
-694
-703
-698
-719
-721
-776
-778
-860
-773
-567
-453
-370
-309
-102
-212
-151
148
241
213
266
596
553
523
715
831
724
677
925
948
839
835
917
791
630
589
554
411
174
171
144
27
-118
-122
-113
-300
-339
-223
-171
-271
-230
-40
-29
-89
22
160
106
71
216
351
315
347
488
525
438
434
534
500
413
444
496
444
338
370
383
232
170
173
178
11
-24
59
-17
-81
-93
-24
-128
-231
-168
-157
-218
-226
-139
-124
-222
-242
-202
-262
-330
-326
-269
-308
-384
-304
-301
-377
-402
-354
-335
-413
-363
-286
-276
-293
-267
-201
-254
-267
-238
-226
-269
-269
-192
-167
-217
-208
-191
-249
-264
-253
-232
-252
-330
-257
-269
-363
-343
-371
-437
-448
-470
-445
-472
-525
-312
-235
-208
-231
-72
-76
-206
4
155
153
73
277
426
281
315
488
477
366
483
693
637
520
649
642
501
410
426
437
219
192
280
258
101
28
97
-44
-176
-127
-37
-91
-157
3
53
-58
-80
35
33
-58
-5
150
136
109
211
288
237
141
226
256
201
227
315
353
255
279
330
274
204
228
295
231
239
304
326
246
191
251
207
133
155
173
152
94
122
120
-1
-52
-72
-120
-199
-241
-195
-246
-320
-334
-351
-417
-499
-468
-477
-481
-460
-392
-362
-336
-364
-353
-272
-309
-263
-220
-91
-140
-154
-55
-66
-118
-186
-44
-88
-175
-85
-71
-183
-256
-236
-277
-340
-416
-363
-413
-527
-505
-510
-538
-603
-602
-510
-458
-437
-408
-319
-293
-331
-201
-65
-87
-87
65
195
185
239
409
441
440
531
688
661
610
713
725
658
593
638
611
490
464
477
456
307
265
275
182
98
102
133
66
31
94
121
45
25
80
50
-3
42
126
113
89
157
193
137
119
191
224
192
174
233
201
152
150
184
151
71
147
162
166
112
160
187
69
117
153
127
58
31
115
20
-33
6
-54
-119
-191
-144
-170
-263
-227
-254
-285
-367
-365
-326
-424
-443
-420
-387
-394
-382
-296
-287
-355
-221
-202
-180
-97
-37
18
-44
90
92
19
100
191
11
143
238
3
112
86
11
-29
-91
-69
-197
-220
-183
-284
-363
-341
-410
-571
-462
-518
-647
-592
-608
-559
-511
-451
-400
-401
-386
-360
-312
-195
-163
-106
-8
56
161
161
272
358
423
452
593
649
588
733
728
692
651
641
629
563
553
526
483
394
330
287
203
127
85
67
56
14
56
58
-32
-47
-29
-35
-78
-66
-20
-23
-8
1
14
-16
-46
-4
18
23
15
45
35
17
32
-1
-1
-22
15
90
67
97
85
94
57
23
119
56
80
108
129
158
50
92
66
13
21
-12
14
-71
-79
-59
-132
-154
-209
-198
-213
-240
-177
-185
-213
-244
-76
-269
-219
-19
-140
-77
-14
168
-110
140
150
27
126
62
238
-2
90
288
27
16
178
39
-148
-24
-3
-219
-206
-99
-203
-275
-283
-317
-378
-484
-446
-406
-519
-464
-459
-536
-521
-501
-585
-516
-440
-430
-378
-330
-257
-337
-189
-181
-106
-70
-22
159
135
220
278
330
341
391
492
514
540
598
614
600
564
578
577
508
510
484
450
391
343
325
273
202
176
167
150
68
79
67
12
-26
-60
-24
-94
-83
-48
-43
-66
-89
-70
-101
-120
-107
-78
-82
-75
-63
-34
-70
-70
-21
-6
4
85
149
128
168
199
249
205
221
292
255
244
246
271
226
185
198
156
109
108
71
80
-24
-2
-19
-59
-178
-144
-204
-256
-214
-360
-48
-454
-233
-153
-371
-141
-406
-13
-275
-158
-56
-195
67
-359
163
-257
12
-68
-129
107
-202
109
-125
-3
-19
-62
19
-101
-112
38
-252
-99
-194
-175
-124
-391
-74
-378
-251
-300
-380
-245
-455
-324
-417
-401
-453
-472
-408
-438
-326
-414
-301
-305
-365
-211
-247
-94
-198
1
65
56
185
159
288
289
399
458
496
514
552
581
593
543
579
568
507
517
454
493
352
316
260
226
128
67
71
-20
-21
-69
-69
-138
-178
-180
-183
-179
-163
-133
-126
-126
-86
-97
-59
-36
-46
32
76
98
140
215
176
236
292
278
319
263
333
337
247
324
280
180
186
179
132
89
80
138
58
63
32
54
-43
-137
18
-135
-179
-199
-13
-234
-254
-25
-349
-163
-218
-284
-87
-147
-260
-34
-17
-171
-28
-60
83
-117
-67
200
54
-78
96
270
-178
59
98
95
-38
-30
179
27
-72
-90
32
-105
-272
-148
-45
-301
-269
-176
-229
-344
-261
-406
-198
-461
-368
-221
-436
-329
-378
-392
-325
-521
-325
-319
-442
-137
-321
-136
-132
-182
-49
-79
21
-13
162
160
182
264
239
249
261
366
328
344
423
409
426
380
370
382
254
283
226
238
124
167
89
-7
37
-60
-51
-87
-106
-80
-61
-97
-107
-39
-88
-84
-21
-69
27
-26
16
121
63
145
155
112
166
179
174
232
261
183
277
167
236
195
131
287
139
189
194
154
154
136
79
107
107
113
28
72
144
-136
97
-31
46
-166
-31
67
-283
121
-218
14
-132
-203
119
-277
-90
145
-428
346
-248
-187
396
-544
149
9
-79
-18
-1
21
56
-195
8
208
-452
120
127
-269
-29
-140
28
-224
-414
99
-235
-364
-22
-171
-8
-490
39
-68
-327
-23
-169
114
-261
-153
89
-193
-131
-283
104
-138
-264
-131
30
-95
-373
104
-192
-160
-138
-115
25
-178
-41
31
-129
-64
-48
-33
-9
-2
89
54
64
4
60
124
10
211
122
213
179
157
222
76
214
94
169
130
73
147
39
13
-1
77
-95
37
164
-128
178
76
-67
169
-1
71
65
85
180
172
56
292
177
-23
343
140
142
298
192
180
189
199
214
107
161
168
121
124
112
161
45
25
28
-34
33
-3
-131
142
-46
-263
170
-191
-152
41
-373
324
-418
-236
514
-755
251
0
-513
567
-796
430
81
-493
367
-82
-158
50
-111
-93
177
-404
166
139
-466
209
-165
-268
228
-415
83
167
-459
114
-142
-210
29
-380
202
-72
-397
283
-352
-123
89
-356
-106
157
-455
66
-40
-496
393
-603
-91
247
-590
6
37
-433
-47
-191
-278
15
-386
-117
48
-441
88
-98
-347
134
-184
-81
53
-163
141
-49
-80
261
-67
117
257
-75
283
251
84
269
265
164
256
143
196
292
113
261
200
160
38
177
93
71
137
74
45
254
-93
154
160
-208
430
-174
175
220
-34
303
-75
196
171
-71
242
78
266
30
206
179
-101
337
-51
97
219
-3
175
-10
-8
90
-162
-4
-112
52
-17
-284
169
-25
-350
83
-228
151
-400
-251
644
-846
231
-111
-72
-144
-159
281
-318
174
143
-256
191
-61
2
-74
-131
327
-398
289
-134
-138
342
-483
92
-146
-1
-33
-466
502
-398
-53
28
-244
89
-151
-49
-72
-119
11
-218
-200
168
-154
-480
554
-634
33
210
-564
452
-629
261
-115
-481
210
-151
-268
-183
4
-81
-311
-147
63
-131
-309
39
87
-240
-41
93
-113
50
-115
139
-24
163
58
32
312
-26
173
170
328
102
296
361
110
306
175
259
167
81
410
-59
80
147
97
-82
108
211
-180
299
-64
183
-21
-19
333
-278
212
250
44
24
297
159
-208
328
200
-74
236
213
210
-7
99
281
-33
47
302
32
97
72
215
-77
-81
320
-348
99
142
-121
66
47
-262
145
-248
-340
536
-806
415
56
-688
754
-759
-57
530
-939
661
-165
-491
730
-999
648
-384
-343
780
-899
460
-22
-164
-18
-125
-153
275
-414
-25
693
-995
322
94
-554
-78
205
-415
116
-304
-272
313
-876
-206
644
-996
4
285
-566
-47
-445
-45
-305
-376
-105
-98
-281
-358
-172
-312
-613
-20
-266
-247
106
-156
-193
-346
250
-394
106
464
-241
464
148
95
168
268
249
548
323
481
761
98
351
526
167
384
358
433
287
178
193
-130
171
-167
71
132
-44
34
-131
-27
-259
-193
-27
-71
54
-29
52
54
-200
105
47
6
218
217
206
102
223
165
249
193
134
494
208
128
343
187
170
88
165
259
133
27
206
158
-220
118
-12
-159
147
-133
-70
-93
-326
-115
-215
-262
34
-248
-201
242
-695
145
-117
-509
257
-418
158
-210
-103
87
-237
96
-248
113
-19
252
-144
-11
169
-224
-216
183
62
-84
219
-221
107
-471
-55
-60
-286
146
-317
-183
-354
-284
-408
-243
-355
-404
-142
-722
-265
-584
-723
-505
-601
-401
-627
-214
-373
-283
-562
-322
23
-400
146
212
175
-8
80
323
336
340
698
820
622
751
697
832
543
719
838
739
793
515
594
418
251
95
273
225
-54
62
18
-191
-368
-239
-195
-269
-189
-95
-70
-286
-185
-152
-80
-42
75
129
142
151
90
228
218
286
376
427
430
468
355
418
435
297
386
499
425
365
329
284
145
69
205
172
100
8
9
-161
-249
-259
-200
-199
-250
-250
-314
-400
-530
-488
-329
-315
-494
-154
-249
-484
-311
-325
-98
-424
-87
144
-272
-245
14
-119
-298
20
-1
13
-183
-82
-78
-295
-159
-258
-94
-127
-278
-368
-353
-263
-495
-502
-142
-425
-543
-525
-513
-611
-1058
-567
-644
-819
-577
-791
-625
-689
-456
-266
-550
-172
-129
-188
10
286
234
104
409
551
580
643
787
966
903
901
1049
1039
889
954
1000
915
703
635
627
429
274
221
187
31
-132
-184
-157
-380
-412
-337
-336
-455
-484
-307
-390
-484
-330
-266
-135
-214
-92
59
33
47
137
393
365
423
559
616
580
439
695
713
669
726
764
650
476
571
575
539
487
483
394
272
256
158
173
135
-2
-9
-136
-252
-314
-343
-343
-437
-494
-490
-569
-584
-594
-611
-534
-558
-538
-442
-399
-465
-303
-327
-285
-255
-156
-168
-177
-81
-211
-45
-105
-100
-19
-120
-173
-211
-175
-99
-260
-291
-277
-492
-509
-431
-416
-633
-602
-584
-876
-878
-913
-974
-928
-978
-839
-894
-698
-473
-515
-684
-469
-133
-108
153
477
469
75
202
717
900
895
1138
1342
1228
1004
1141
1453
1178
1243
1339
1208
920
616
726
697
408
204
175
28
-380
-481
-348
-402
-609
-658
-444
-658
-735
-519
-395
-370
-421
-285
-176
-167
-147
50
225
260
288
453
633
520
534
795
830
694
768
771
769
865
772
927
586
721
583
541
779
553
528
339
351
254
25
172
150
-1
-29
-229
-149
-403
-347
-270
-401
-362
-610
-508
-547
-625
-536
-503
-441
-503
-534
-430
-433
-411
-316
-231
-247
-324
-209
-186
-76
-178
-19
15
-94
-112
-136
-106
-211
-193
-198
-218
-405
-480
-458
-511
-694
-697
-660
-867
-884
-992
-1034
-1150
-1204
-1096
-1070
-1027
-713
-541
-583
-836
-749
-266
-125
239
411
529
119
92
705
1127
1192
1171
1411
1338
1083
1185
1592
1592
1299
1216
1216
965
683
747
791
479
36
-68
-144
-353
-527
-441
-432
-744
-882
-833
-713
-732
-641
-537
-530
-621
-537
-289
-110
-69
-37
125
150
109
352
594
632
590
608
621
600
618
701
818
671
592
376
698
584
586
473
452
545
95
423
399
301
74
-77
272
-81
-178
-44
-126
-109
-461
-218
-161
-431
-297
-339
-270
-478
-520
-214
-275
-340
-414
-302
-239
-467
-226
-233
-224
-322
-222
-117
-213
-195
-181
-82
-153
-256
-279
-231
-292
-363
-324
-355
-571
-627
-657
-595
-763
-876
-835
-985
-1024
-1150
-1143
-1157
-1226
-1298
-1212
-1055
-831
-527
-506
-814
-897
-332
29
301
427
530
225
71
767
1393
1440
1047
1295
1417
1306
1461
1802
1883
1411
1199
1308
1322
1066
1056
1029
638
128
-4
208
146
-161
-301
-393
-637
-777
-561
-358
-423
-579
-562
-534
-488
-322
-75
103
-10
-75
74
305
442
555
676
629
476
506
726
848
751
676
582
512
412
434
532
448
418
393
250
160
83
253
228
106
96
-103
-126
-206
-51
-7
-283
-327
-346
-264
-230
-270
-156
-331
-460
-363
-258
-216
-300
-243
-271
-383
-348
-285
-132
-202
-271
-278
-357
-278
-217
-117
-157
-261
-271
-254
-260
-263
-293
-380
-418
-502
-516
-504
-601
-611
-711
-796
-837
-912
-896
-984
-1103
-1166
-1185
-1155
-1247
-1224
-1022
-559
-466
-809
-1009
-641
-86
135
327
525
197
-229
313
1328
1577
1034
964
1340
1377
1467
1836
2063
1579
1052
1261
1625
1508
1212
1127
894
354
54
427
613
179
-295
-413
-375
-536
-433
-205
-283
-620
-762
-506
-257
-248
-203
-81
-118
-201
-36
307
448
399
352
433
452
503
681
782
633
470
383
514
523
448
380
335
177
26
341
287
302
-188
4
88
-111
114
-6
9
-322
-406
-76
-177
-206
-252
-247
-134
-398
-186
-138
-192
-220
-385
-118
-260
-214
-156
-207
-234
-450
-324
-196
-185
-253
-311
-250
-299
-241
-191
-131
-218
-369
-230
-302
-236
-368
-429
-419
-569
-573
-551
-596
-714
-837
-881
-912
-981
-1066
-1112
-1148
-1283
-1335
-1291
-1248
-1090
-769
-543
-928
-1247
-716
-32
87
39
316
181
-266
300
1389
1564
814
695
1290
1555
1548
1844
1973
1488
998
1373
1919
1723
1215
938
830
495
399
618
601
55
-460
-481
-244
-202
-349
-413
-465
-703
-700
-369
-149
-224
-369
-309
-170
-68
35
269
308
190
143
313
498
541
543
544
414
396
435
539
557
364
203
177
313
229
409
269
178
-73
9
305
89
215
45
-88
-137
-160
111
-53
-189
-188
-273
-62
-171
-89
-91
-313
-255
-307
-140
-140
-244
-228
-353
-356
-306
-197
-168
-259
-288
-318
-214
-132
-94
-77
-224
-214
-229
-82
-42
-113
-198
-302
-279
-305
-240
-366
-503
-658
-683
-708
-697
-720
-974
-1099
-1228
-1164
-1182
-1277
-1264
-1082
-729
-809
-1072
-1140
-696
-295
-144
28
155
-173
-284
497
1288
1220
687
765
1220
1517
1652
1837
1734
1246
1217
1619
1938
1682
1128
870
784
698
679
791
563
23
-321
-249
-18
-59
-275
-448
-543
-594
-508
-259
-187
-412
-573
-426
-167
-56
-10
96
80
13
108
352
468
436
333
293
298
325
382
474
371
230
151
247
341
180
553
257
212
-87
201
539
116
356
54
29
-57
-14
400
-14
-274
-268
-205
127
-206
-110
-228
-519
-346
-326
-57
-321
-527
-419
-471
-418
-435
-332
-318
-486
-402
-306
-115
-154
-145
-99
-133
-103
-75
160
22
-104
-232
-185
-104
-198
-174
-353
-455
-554
-502
-494
-565
-713
-980
-1069
-1084
-997
-1103
-1225
-1333
-1310
-987
-643
-759
-1160
-1177
-605
-228
-132
78
3
-282
-170
697
1291
923
582
885
1394
1496
1555
1673
1481
1187
1240
1690
1779
1344
954
857
800
607
616
617
365
-56
-269
-105
-43
-174
-350
-395
-450
-431
-284
-157
-246
-421
-403
-216
-83
-67
-25
-24
-24
15
136
286
313
245
221
215
269
283
321
322
206
137
106
281
278
329
210
296
258
251
397
389
422
190
194
255
252
195
75
104
95
-35
25
10
-51
-244
-333
-215
-280
-359
-405
-400
-458
-550
-544
-448
-490
-532
-503
-335
-317
-333
-308
-207
-129
-161
-76
-82
-19
-62
-63
-70
-92
-143
-161
-155
-268
-326
-493
-431
-500
-580
-734
-895
-957
-1058
-978
-1080
-1213
-1343
-1299
-916
-701
-871
-1233
-1203
-660
-275
-112
-13
-139
-351
-158
666
1138
859
515
746
1217
1454
1604
1691
1485
1142
1232
1655
1803
1434
1062
868
812
743
784
751
447
8
-136
6
69
-43
-283
-367
-413
-355
-249
-171
-252
-402
-394
-272
-107
-75
-81
-107
-115
-96
35
176
228
161
70
56
75
162
217
235
136
57
62
207
247
504
386
200
87
182
627
479
515
364
113
114
198
590
388
-28
-73
-65
182
90
-3
-76
-453
-447
-294
-158
-205
-480
-522
-549
-604
-483
-431
-417
-593
-623
-493
-348
-241
-263
-257
-267
-245
-156
40
12
-77
-152
-143
-56
-94
-109
-204
-329
-440
-486
-431
-521
-636
-843
-988
-1002
-1043
-1096
-1220
-1280
-1281
-973
-751
-923
-1226
-1124
-573
-362
-203
-71
-144
-367
-159
679
1041
756
513
766
1165
1391
1537
1630
1391
1075
1206
1575
1739
1404
1044
805
743
760
824
843
452
58
-120
-7
87
-23
-232
-359
-388
-328
-226
-179
-242
-432
-427
-270
-95
-78
-96
-83
-83
-38
-1
119
178
133
51
40
95
135
113
202
103
64
17
187
190
215
493
162
197
-70
408
442
246
436
174
206
55
232
479
108
-34
-126
-67
123
-104
-6
-175
-437
-345
-341
-88
-298
-455
-457
-580
-494
-446
-311
-327
-467
-476
-347
-229
-174
-171
-165
-170
-224
-118
20
-19
-87
-253
-192
-186
-155
-154
-274
-418
-564
-519
-527
-567
-817
-963
-1062
-1028
-1036
-1098
-1113
-1181
-907
-767
-813
-1035
-965
-582
-360
-124
55
-44
-286
-26
658
1068
888
779
921
1163
1434
1647
1740
1399
1055
1147
1499
1655
1413
1071
783
610
597
712
700
359
-33
-204
-99
-39
-89
-261
-326
-382
-407
-282
-206
-207
-323
-302
-211
-132
-71
5
88
58
42
88
197
287
316
290
214
169
144
196
243
223
94
44
65
85
173
174
197
32
4
41
142
184
164
140
7
-64
-24
94
109
45
-76
-54
-43
-18
13
-42
-150
-293
-236
-174
-129
-161
-214
-276
-333
-311
-247
-199
-191
-230
-224
-194
-120
-63
-33
-59
-139
-130
-101
-17
-37
-126
-203
-283
-287
-279
-312
-377
-561
-622
-657
-679
-714
-906
-944
-1072
-1164
-1229
-1279
-1165
-1238
-905
-701
-822
-1087
-1025
-442
-173
-18
133
110
-126
32
801
1293
1078
826
944
1259
1519
1740
1872
1582
1207
1115
1447
1700
1528
1154
780
581
451
520
612
420
24
-285
-302
-206
-203
-284
-386
-448
-488
-449
-314
-253
-272
-298
-283
-248
-170
16
162
177
117
78
110
220
382
410
323
180
114
174
313
357
280
111
54
-16
227
279
179
194
-14
180
-51
164
296
32
19
-176
-15
-70
-144
79
-129
-223
-284
-309
-65
-231
-179
-205
-361
-289
-298
-52
-86
-286
-308
-332
-212
-144
-89
-65
-216
-247
-178
-43
1
-75
-134
-141
-105
-100
-91
-151
-242
-357
-381
-386
-447
-575
-676
-739
-834
-933
-1049
-1137
-1185
-1242
-1347
-1354
-1329
-1062
-809
-769
-1005
-1074
-721
-339
-21
221
263
25
-66
526
1215
1315
1115
1053
1187
1367
1660
1959
1865
1458
1173
1262
1528
1518
1342
1030
670
382
252
352
343
51
-264
-415
-471
-517
-499
-453
-439
-522
-553
-518
-381
-287
-180
-123
-110
-119
-55
178
388
468
432
346
342
419
581
665
607
449
323
273
375
409
315
223
44
111
138
236
54
-69
-72
-86
-74
-98
-76
-223
-383
-307
-224
-251
-343
-377
-310
-339
-310
-284
-262
-282
-319
-225
-181
-150
-134
-79
-51
-96
-144
-83
-27
25
56
47
28
-5
42
75
111
13
-18
-66
-56
-96
-146
-190
-320
-405
-472
-446
-575
-661
-797
-848
-932
-1107
-1134
-1253
-1236
-1336
-1343
-1340
-1285
-867
-601
-657
-968
-841
-392
-115
222
568
548
134
170
997
1504
1410
1296
1357
1426
1423
1744
2055
1868
1402
1088
1191
1272
1181
1042
817
461
18
-92
-13
-44
-262
-461
-558
-705
-818
-810
-625
-485
-515
-573
-557
-416
-297
-103
140
224
153
140
342
601
743
791
760
680
648
690
797
853
763
574
456
386
322
248
236
129
46
52
-61
-131
-274
-187
-245
-319
-284
-389
-456
-551
-484
-381
-432
-436
-481
-450
-365
-326
-208
-183
-200
-207
-181
-65
-14
24
108
109
50
10
16
43
82
111
95
35
-49
-110
-93
-49
-98
-216
-308
-371
-412
-488
-528
-625
-747
-861
-932
-963
-1012
-1038
-1131
-1180
-1289
-1411
-1429
-1395
-1263
-1225
-846
-480
-537
-772
-737
-167
39
228
687
895
583
312
928
1542
1509
1389
1585
1698
1472
1475
1906
2019
1586
1178
1073
1060
839
742
744
486
-28
-406
-412
-421
-588
-702
-664
-714
-932
-1076
-949
-680
-559
-489
-415
-347
-315
-205
161
475
572
531
554
687
824
998
1098
1090
984
855
825
844
809
707
556
416
219
20
-86
-157
-85
-192
-344
-570
-674
-625
-700
-570
-549
-662
-807
-854
-661
-624
-609
-497
-443
-396
-389
-273
-84
-39
31
106
122
124
139
258
359
367
357
325
262
189
201
249
230
172
80
-31
-114
-181
-194
-221
-338
-439
-537
-627
-662
-741
-763
-824
-948
-1023
-1094
-1103
-1142
-1203
-1153
-1258
-1304
-1378
-1337
-1181
-1127
-593
-280
-261
-543
-471
47
246
545
958
1155
858
593
1061
1604
1586
1482
1626
1783
1569
1339
1608
1767
1463
1038
920
938
612
311
323
271
-34
-434
-587
-656
-857
-886
-706
-560
-641
-857
-851
-650
-453
-214
-81
69
109
225
419
574
800
947
1004
977
1066
1188
1137
1073
1129
1138
968
732
593
543
438
284
125
-18
-205
-381
-505
-449
-441
-611
-673
-781
-709
-834
-842
-640
-663
-577
-654
-550
-458
-467
-293
-156
-8
59
18
171
220
226
325
376
445
376
349
402
324
274
222
164
113
-7
-70
-97
-133
-191
-294
-344
-400
-478
-559
-619
-674
-716
-739
-771
-854
-922
-924
-955
-962
-994
-951
-999
-1006
-1008
-1013
-1060
-1078
-1047
-845
-415
-188
-155
-342
-237
-56
111
410
580
733
709
819
951
967
1070
1109
1194
1387
1489
1498
1287
1129
1072
937
814
709
630
534
297
94
-38
-154
-274
-421
-437
-454
-449
-390
-362
-378
-335
-247
-168
-135
-85
80
231
373
461
554
639
666
680
692
773
818
820
813
790
711
591
418
311
218
134
39
-75
-176
-306
-407
-443
-475
-532
-537
-574
-579
-585
-591
-520
-511
-435
-390
-407
-337
-370
-312
-229
-139
-15
27
84
103
54
72
84
141
208
216
257
191
150
101
44
35
13
-9
-10
-40
-93
-127
-199
-218
-230
-280
-307
-371
-446
-459
-471
-502
-529
-543
-545
-579
-617
-678
-679
-693
-663
-656
-707
-697
-778
-791
-908
-890
-849
-673
-393
-195
-93
-238
-277
-286
-120
45
197
480
531
619
639
654
642
612
803
1075
1293
1298
1201
1111
994
844
746
728
720
669
552
478
323
112
-37
-183
-221
-255
-172
-128
-170
-206
-204
-108
-84
-124
-122
-74
12
139
218
276
280
340
393
369
358
363
409
452
488
493
408
259
115
13
2
-60
-119
-193
-224
-229
-311
-285
-351
-332
-373
-415
-330
-326
-259
-282
-228
-143
-203
-170
-195
-84
-5
-2
85
109
127
107
98
138
101
22
59
109
171
137
75
49
-63
-76
-106
-125
-176
-259
-211
-201
-202
-303
-354
-358
-373
-412
-469
-481
-523
-503
-508
-518
-600
-717
-754
-759
-752
-864
-966
-995
-1029
-1054
-1137
-1131
-1205
-1021
-601
-125
34
-279
-173
13
313
426
603
1085
1075
1180
1129
1445
1438
1243
1433
1734
1994
1664
1437
1365
1337
1064
793
653
468
219
-30
-120
-313
-567
-763
-880
-949
-1064
-988
-884
-823
-778
-608
-339
-224
-174
-86
198
410
575
691
880
1050
1131
1254
1263
1288
1164
1107
1099
1011
895
684
509
325
177
4
-218
-478
-701
-744
-833
-923
-1058
-1015
-978
-994
-945
-953
-817
-828
-685
-482
-301
-131
-120
73
199
296
376
495
664
699
751
770
778
680
599
568
493
372
199
129
15
-132
-280
-363
-458
-626
-732
-780
-813
-931
-999
-966
-932
-940
-943
-905
-862
-836
-835
-769
-728
-737
-715
-688
-660
-770
-869
-955
-955
-1032
-1047
-1053
-993
-489
-26
358
42
83
381
549
639
660
1281
1319
1219
1177
1622
1740
1316
1158
1516
1859
1444
1095
1098
1207
755
256
147
59
-228
-623
-676
-689
-930
-1135
-1215
-1161
-1186
-1125
-883
-718
-586
-374
14
249
435
606
953
1119
1169
1361
1572
1750
1679
1750
1787
1732
1538
1352
1255
1030
726
427
198
-111
-447
-734
-916
-1157
-1457
-1533
-1611
-1570
-1634
-1539
-1384
-1319
-1105
-894
-573
-396
-222
31
268
442
609
839
1029
1087
1157
1304
1372
1307
1226
1167
1055
809
636
551
374
127
-153
-271
-489
-779
-1005
-1105
-1201
-1348
-1377
-1327
-1246
-1281
-1195
-1071
-951
-916
-857
-709
-601
-526
-449
-330
-285
-302
-340
-359
-428
-509
-557
-642
-746
-883
-981
-1026
-1099
-1112
-604
-130
104
-132
58
583
540
538
663
1293
1168
927
1161
1763
1793
1303
1322
1804
1856
1129
974
1152
1096
267
-136
47
-63
-576
-994
-919
-975
-1286
-1448
-1309
-1270
-1298
-1215
-814
-484
-257
-9
359
691
988
1239
1436
1520
1602
1853
1910
1969
1939
2043
1876
1575
1441
1257
909
399
122
-90
-444
-919
-1132
-1195
-1418
-1814
-1944
-1809
-1796
-1879
-1739
-1358
-1139
-1031
-716
-281
12
167
365
724
906
999
1148
1345
1454
1406
1440
1466
1386
1187
984
765
484
192
-22
-248
-485
-626
-748
-893
-1097
-1237
-1322
-1450
-1539
-1501
-1354
-1239
-1149
-947
-708
-575
-530
-423
-279
-244
-284
-224
-106
-72
-102
-108
-95
-237
-455
-666
-799
-996
-1220
-1400
-1522
-1526
-1646
-1304
-735
-337
-320
-291
309
598
537
754
1215
1517
1177
1288
1883
2063
1723
1512
1985
2086
1492
1054
1272
1184
457
-157
-89
-97
-716
-1083
-1107
-1082
-1409
-1532
-1316
-1292
-1363
-1278
-860
-480
-224
64
479
910
1301
1625
1793
1928
2015
2189
2198
2083
2187
2202
2022
1640
1529
1432
914
337
25
-180
-698
-1267
-1463
-1531
-1844
-2206
-2181
-2023
-2076
-2035
-1802
-1328
-1202
-1018
-589
-247
147
333
805
1078
1148
1313
1449
1534
1425
1377
1402
1320
1157
1144
999
719
380
103
-98
-487
-791
-962
-1107
-1226
-1307
-1239
-1262
-1348
-1340
-1221
-1134
-1121
-954
-717
-460
-312
-26
196
280
283
252
324
153
35
-59
-136
-234
-409
-485
-641
-842
-1054
-1254
-1444
-1689
-1905
-1936
-2027
-1757
-1090
-663
-427
-282
417
835
722
1058
1437
1733
1337
1405
2050
2165
1893
1774
2294
2323
1739
1349
1485
1162
337
-196
-206
-330
-983
-1178
-1156
-1190
-1453
-1456
-1236
-1360
-1411
-1226
-871
-631
-330
81
525
973
1475
1943
2048
2170
2285
2393
2261
2035
2120
1968
1662
1340
1392
1276
656
155
-104
-394
-1100
-1631
-1820
-1970
-2337
-2495
-2311
-2177
-2125
-1950
-1451
-1152
-967
-733
-311
14
208
566
920
1231
1315
1562
1746
1672
1538
1419
1326
1074
905
776
580
301
71
-107
-374
-664
-925
-1074
-1298
-1441
-1455
-1416
-1406
-1367
-1159
-1009
-864
-694
-437
-249
-122
92
321
460
451
517
562
564
396
292
196
4
-212
-492
-625
-881
-1084
-1334
-1535
-1691
-1922
-2036
-2067
-2053
-1835
-1250
-846
-491
-222
439
859
886
1338
1685
1959
1598
1702
2146
2129
1886
1776
2163
2073
1679
1433
1470
1037
316
-133
-314
-624
-1267
-1448
-1535
-1606
-1719
-1577
-1339
-1441
-1296
-1000
-732
-575
-263
188
552
920
1421
1939
2100
2278
2459
2595
2470
2198
2127
1848
1497
1153
1056
838
382
54
-152
-466
-1051
-1461
-1728
-2036
-2450
-2601
-2507
-2351
-2190
-1815
-1379
-1017
-662
-379
-12
175
475
662
894
1143
1369
1628
1663
1739
1733
1689
1410
1106
881
645
303
-35
-222
-480
-701
-917
-1005
-1117
-1287
-1382
-1423
-1420
-1449
-1384
-1273
-1112
-915
-629
-346
-138
122
318
497
529
577
587
508
458
348
332
132
-24
-206
-361
-576
-851
-1012
-1268
-1501
-1785
-1922
-2088
-2185
-2182
-2144
-1856
-1263
-749
-346
-27
564
1083
1161
1580
1890
2133
1928
1959
2366
2378
2146
1895
2148
2148
1801
1427
1349
1061
420
-71
-340
-614
-1245
-1588
-1671
-1684
-1785
-1755
-1516
-1342
-1147
-918
-655
-416
-102
234
545
900
1378
1809
2011
2244
2498
2618
2481
2202
2090
1782
1340
929
715
486
17
-276
-422
-617
-1060
-1413
-1663
-1955
-2349
-2574
-2486
-2389
-2203
-1893
-1393
-975
-534
-152
271
545
716
958
1057
1293
1325
1491
1567
1583
1651
1541
1438
1169
927
657
301
-53
-337
-662
-940
-1126
-1219
-1279
-1398
-1399
-1311
-1255
-1254
-1226
-1080
-932
-807
-631
-414
-142
95
350
575
705
772
797
776
696
520
376
169
-63
-234
-468
-635
-901
-1034
-1218
-1478
-1676
-1902
-2002
-2171
-2269
-2250
-2116
-1527
-1037
-585
-175
320
975
1090
1540
1884
2123
1984
1819
2201
2205
2044
1688
1862
1956
1733
1421
1331
1223
653
162
-219
-427
-1047
-1516
-1718
-1782
-1852
-1885
-1603
-1360
-1072
-800
-434
-149
119
367
565
864
1218
1654
1867
2093
2433
2642
2660
2410
2264
2014
1552
1068
660
362
-106
-503
-679
-812
-1115
-1461
-1658
-1795
-2044
-2312
-2349
-2294
-2114
-1882
-1549
-1025
-642
-129
304
692
1106
1213
1412
1447
1555
1613
1443
1433
1436
1434
1279
1074
951
791
442
101
-205
-519
-887
-1251
-1344
-1437
-1520
-1533
-1449
-1289
-1220
-1071
-869
-700
-568
-454
-273
-27
162
308
454
574
743
795
796
760
646
526
271
50
-165
-461
-729
-1002
-1155
-1320
-1600
-1782
-1903
-2005
-2106
-2197
-2121
-2074
-1655
-1149
-801
-421
-29
649
918
1354
1801
2064
2075
1927
2241
2257
2065
1685
1713
1783
1552
1263
1165
1148
700
313
0
-201
-781
-1323
-1562
-1707
-1879
-2022
-1805
-1585
-1313
-996
-554
-203
68
364
602
863
1103
1404
1599
1750
2021
2224
2297
2161
2086
1999
1672
1226
830
539
62
-370
-659
-838
-1154
-1492
-1594
-1658
-1774
-1936
-1882
-1705
-1650
-1491
-1227
-900
-589
-340
126
491
815
1041
1251
1486
1559
1590
1548
1521
1408
1307
1133
964
768
559
334
39
-173
-434
-692
-965
-1134
-1208
-1307
-1384
-1372
-1272
-1173
-1097
-924
-694
-529
-359
-147
92
282
387
523
654
695
709
665
637
544
403
262
83
-86
-320
-560
-799
-998
-1243
-1491
-1719
-1866
-1960
-2110
-2176
-2178
-2077
-1765
-1282
-932
-542
-190
400
785
1064
1587
1795
1987
1834
2051
2195
1999
1779
1660
1783
1576
1347
1172
1172
880
532
231
-47
-440
-971
-1199
-1444
-1612
-1765
-1711
-1543
-1344
-1045
-697
-407
-153
167
419
632
861
1158
1331
1435
1631
1816
1889
1818
1739
1721
1487
1173
901
634
271
-198
-462
-700
-1023
-1344
-1511
-1576
-1697
-1783
-1716
-1537
-1463
-1311
-1054
-809
-571
-402
-27
249
491
744
928
1176
1265
1377
1394
1358
1283
1195
1082
891
697
504
321
90
-90
-301
-543
-757
-893
-961
-1090
-1164
-1154
-1098
-1053
-986
-818
-629
-493
-377
-149
61
225
371
526
670
681
681
643
596
487
293
182
60
-130
-310
-492
-637
-825
-1083
-1264
-1515
-1676
-1838
-1983
-2036
-2082
-2027
-1882
-1361
-993
-602
-306
218
777
915
1452
1701
2008
1906
1920
2184
2003
1831
1580
1685
1599
1390
1213
1232
1071
776
531
248
18
-556
-871
-1167
-1377
-1590
-1729
-1598
-1479
-1230
-973
-641
-340
9
301
544
798
1047
1245
1267
1399
1553
1607
1549
1440
1516
1435
1238
1024
821
590
186
-108
-380
-694
-1069
-1319
-1450
-1561
-1651
-1656
-1505
-1401
-1185
-981
-779
-560
-401
-98
78
238
439
575
756
870
1018
1088
1076
1105
1097
1053
892
673
524
339
82
-136
-329
-512
-703
-826
-890
-952
-997
-989
-940
-910
-876
-805
-687
-610
-506
-330
-160
23
202
368
495
586
653
663
634
539
398
243
64
-84
-232
-426
-617
-761
-882
-1123
-1284
-1466
-1531
-1713
-1853
-1839
-1959
-1873
-1856
-1225
-955
-709
-370
139
795
771
1428
1750
2055
1888
1962
2302
2053
1838
1557
1756
1522
1311
1130
1211
1061
742
591
341
166
-357
-624
-935
-1160
-1423
-1577
-1552
-1534
-1329
-1121
-805
-541
-101
240
440
730
1019
1236
1158
1265
1444
1374
1246
1147
1277
1154
896
820
767
580
203
-1
-179
-455
-811
-1071
-1211
-1389
-1526
-1588
-1408
-1267
-1154
-900
-669
-357
-166
46
239
337
497
523
614
699
764
797
775
875
926
868
752
670
556
327
67
-96
-269
-537
-760
-867
-901
-963
-1001
-912
-800
-714
-643
-532
-376
-325
-268
-138
-3
102
198
306
412
475
542
576
583
539
436
351
209
73
-136
-372
-565
-728
-925
-1132
-1266
-1385
-1498
-1576
-1610
-1559
-1644
-1610
-1607
-1449
-947
-879
-495
-286
317
730
798
1524
1746
2088
1917
2115
2346
2063
1825
1620
1699
1408
1177
969
1037
797
561
402
247
110
-403
-569
-790
-1014
-1309
-1473
-1432
-1450
-1387
-1195
-866
-546
-140
147
491
835
1103
1263
1220
1398
1420
1289
1160
1044
1060
814
658
612
541
379
144
55
-92
-326
-657
-854
-1016
-1216
-1399
-1448
-1313
-1235
-1108
-885
-594
-292
-112
127
338
466
594
549
611
609
586
548
482
594
575
528
495
532
461
281
138
1
-172
-444
-639
-760
-853
-969
-979
-885
-790
-718
-640
-454
-316
-231
-128
-5
84
118
151
197
246
244
274
298
308
342
276
222
139
40
-115
-353
-518
-723
-920
-1142
-1243
-1321
-1420
-1442
-1474
-1365
-1386
-1344
-1270
-1240
-1099
-828
-594
-368
-136
299
780
906
1437
1764
2053
2036
2023
2334
2046
1792
1503
1450
1220
853
681
663
547
316
258
163
92
-279
-438
-580
-817
-1047
-1255
-1225
-1300
-1244
-1044
-810
-550
-195
161
473
775
1074
1275
1230
1284
1294
1130
916
714
638
419
203
171
143
91
-25
-64
-56
-205
-403
-528
-641
-822
-996
-1058
-976
-958
-856
-635
-416
-136
66
358
545
620
708
698
693
617
523
467
389
370
349
306
308
291
291
213
105
-10
-168
-335
-489
-606
-713
-827
-870
-793
-712
-630
-514
-319
-128
-7
116
234
314
326
311
307
283
219
191
181
185
180
137
109
78
15
-124
-324
-486
-677
-878
-1083
-1211
-1268
-1352
-1371
-1319
-1202
-1167
-1076
-1025
-905
-858
-764
-402
-313
-46
98
570
878
989
1517
1718
1951
1772
1894
1976
1650
1375
1153
1085
730
501
373
398
203
52
10
-67
-176
-471
-535
-735
-904
-1064
-1160
-1171
-1206
-1099
-931
-738
-488
-128
120
403
700
925
1021
956
1035
975
781
598
458
364
110
19
73
73
1
-45
26
26
-65
-171
-237
-333
-483
-588
-615
-608
-597
-513
-367
-192
24
210
368
484
542
592
519
457
421
306
204
111
129
112
45
38
95
94
5
-55
-104
-194
-355
-432
-518
-601
-672
-664
-580
-522
-382
-212
-36
98
226
322
360
354
321
282
193
127
69
27
-4
-36
-34
-55
-108
-142
-229
-319
-467
-607
-710
-891
-993
-1074
-1095
-1101
-1131
-1029
-980
-899
-794
-695
-571
-526
-426
-213
-3
199
390
630
957
1157
1371
1603
1745
1771
1711
1722
1635
1357
1115
949
789
567
338
291
199
80
10
-62
-102
-260
-390
-483
-620
-772
-921
-976
-1017
-1015
-929
-776
-575
-318
-38
247
497
688
835
859
867
859
733
576
415
315
202
96
96
101
109
111
134
197
184
83
31
-35
-128
-254
-352
-347
-369
-331
-246
-93
41
128
257
359
425
416
372
331
283
187
104
24
-20
-33
-41
-15
-29
-30
-32
-48
-74
-158
-253
-343
-417
-459
-488
-497
-456
-377
-275
-159
-46
76
143
198
242
230
182
95
41
-16
-77
-135
-151
-169
-181
-186
-205
-215
-295
-326
-391
-477
-562
-680
-735
-843
-889
-895
-944
-899
-865
-774
-673
-617
-492
-409
-318
-209
-20
184
318
475
693
932
1026
1178
1365
1468
1410
1375
1423
1263
1047
848
747
550
333
246
198
111
0
-19
-60
-146
-284
-336
-455
-633
-767
-859
-907
-964
-909
-793
-650
-467
-204
37
240
428
611
729
710
712
698
597
454
362
325
227
156
178
204
204
199
259
276
203
167
105
11
-114
-198
-234
-323
-347
-341
-291
-228
-161
-47
34
89
130
182
198
157
145
87
29
-23
-75
-72
-102
-106
-92
-74
-73
-99
-85
-129
-188
-208
-256
-293
-326
-328
-277
-256
-228
-154
-84
-46
13
38
33
39
7
-19
-68
-115
-153
-182
-206
-199
-171
-191
-203
-226
-225
-272
-317
-369
-422
-453
-531
-547
-570
-580
-592
-563
-506
-472
-420
-348
-282
-232
-176
-132
-81
29
168
284
422
540
734
829
939
1085
1127
1151
1046
1056
981
788
639
503
437
280
206
187
123
27
-48
-69
-146
-267
-399
-489
-606
-718
-804
-849
-843
-841
-750
-614
-442
-259
-66
109
259
434
526
570
563
574
522
437
389
339
295
230
283
322
359
381
390
454
395
345
259
160
37
-110
-177
-275
-353
-402
-379
-314
-276
-217
-119
-32
19
54
87
102
79
40
10
-25
-51
-82
-91
-88
-85
-65
-50
-30
-9
-7
-22
-33
-49
-93
-161
-204
-218
-255
-285
-259
-212
-189
-153
-97
-44
-21
-21
-12
-13
-24
-81
-95
-109
-135
-165
-180
-159
-168
-168
-184
-172
-211
-247
-290
-352
-391
-459
-470
-497
-486
-473
-455
-406
-344
-282
-222
-137
-72
-8
84
192
265
360
444
551
645
694
787
859
854
835
841
812
702
599
529
438
313
201
130
38
-71
-154
-193
-272
-371
-418
-455
-520
-588
-615
-615
-614
-594
-511
-403
-281
-155
0
154
270
369
443
518
518
539
524
486
455
417
422
387
391
414
409
375
350
326
249
167
89
10
-100
-239
-321
-353
-411
-437
-406
-351
-285
-239
-134
-37
7
45
77
111
96
68
55
33
-18
-46
-36
-23
-17
-8
23
37
51
55
35
-8
-82
-119
-174
-233
-261
-304
-312
-307
-273
-231
-181
-117
-56
-4
29
55
58
45
19
31
10
-22
-36
-41
-42
-63
-76
-67
-83
-122
-147
-201
-235
-310
-367
-384
-442
-457
-449
-443
-391
-345
-292
-215
-156
-59
37
133
211
301
378
450
516
537
584
604
626
625
626
612
541
464
412
356
247
165
85
8
-71
-165
-223
-308
-399
-448
-495
-530
-555
-562
-545
-507
-436
-352
-266
-168
-59
64
155
235
324
392
439
457
508
509
492
523
516
509
468
469
453
399
399
363
301
211
159
112
-10
-90
-120
-171
-233
-272
-248
-219
-228
-174
-103
-57
-37
-10
44
48
26
3
11
-11
-54
-50
-52
-52
-65
-49
-23
-15
-5
13
-3
-38
-55
-81
-128
-173
-207
-228
-250
-248
-220
-197
-172
-121
-76
-41
3
20
64
65
48
55
31
17
-11
-10
-18
-58
-61
-78
-84
-104
-145
-159
-202
-245
-292
-326
-336
-394
-406
-404
-419
-390
-367
-312
-239
-198
-137
-87
-23
37
73
145
184
236
280
321
376
378
394
413
407
393
367
355
312
248
213
166
88
14
-49
-119
-169
-227
-249
-255
-290
-279
-270
-252
-233
-226
-176
-149
-120
-78
-32
24
65
125
187
228
278
317
354
385
396
405
366
337
336
287
240
196
153
109
38
-1
-39
-83
-116
-144
-155
-165
-191
-195
-184
-187
-178
-162
-138
-131
-110
-99
-90
-67
-58
-52
-53
-65
-68
-62
-69
-65
-56
-76
-83
-82
-90
-108
-125
-123
-120
-119
-114
-121
-130
-115
-111
-105
-80
-63
-26
0
17
50
75
80
95
110
120
116
111
107
80
74
45
38
4
-15
-36
-88
-107
-149
-159
-174
-215
-229
-236
-234
-232
-225
-189
-136
-113
-59
-22
21
77
106
152
175
207
209
206
217
212
229
212
206
216
215
219
219
225
208
203
180
170
155
123
105
89
73
58
72
54
62
60
66
66
52
58
64
92
84
102
95
82
84
82
88
72
79
75
62
66
53
50
46
37
57
50
40
30
22
11
-4
-7
-11
-35
-67
-72
-88
-92
-102
-96
-108
-125
-126
-139
-140
-151
-157
-167
-172
-185
-198
-197
-206
-210
-215
-231
-247
-245
-236
-230
-210
-201
-202
-186
-175
-149
-151
-146
-140
-163
-154
-141
-123
-112
-87
-62
-45
-31
-24
-13
-17
-14
-6
5
9
15
26
37
60
83
110
114
127
139
136
148
146
125
103
81
63
63
58
50
64
78
89
104
126
148
167
166
174
194
190
198
201
200
222
232
250
287
322
335
371
398
428
440
435
430
415
401
368
335
295
249
211
174
149
126
91
64
32
10
-25
-79
-104
-133
-155
-170
-186
-164
-166
-163
-137
-125
-111
-103
-77
-47
-47
-33
-19
-24
-31
-27
-36
-48
-54
-55
-72
-95
-112
-137
-151
-184
-206
-226
-263
-281
-288
-280
-291
-305
-308
-305
-317
-307
-293
-268
-248
-236
-214
-208
-183
-175
-159
-133
-128
-119
-107
-103
-105
-98
-104
-95
-93
-92
-79
-94
-99
-100
-77
-71
-79
-47
-33
-7
6
32
52
54
63
77
103
96
119
120
141
157
166
200
205
217
205
213
195
170
151
117
81
43
18
-4
-18
-24
-23
-21
-11
0
15
20
15
33
49
72
83
114
145
170
206
257
298
335
379
386
418
434
435
443
433
407
360
332
290
246
209
171
134
88
46
-1
-37
-73
-99
-124
-150
-164
-201
-207
-226
-225
-214
-197
-176
-158
-114
-108
-80
-50
-37
-15
-5
-10
-13
-26
-33
-44
-66
-74
-95
-108
-128
-145
-163
-179
-181
-200
-225
-234
-242
-262
-272
-267
-262
-259
-254
-233
-217
-197
-180
-148
-115
-99
-64
-44
-28
-17
-21
-12
-30
-37
-44
-41
-44
-61
-54
-72
-75
-65
-66
-57
-54
-66
-55
-50
-41
-20
-10
8
30
59
73
97
107
131
143
138
156
176
187
171
184
175
165
164
155
143
118
87
57
40
4
-21
-42
-59
-82
-102
-113
-102
-92
-100
-77
-59
-45
-26
2
34
62
89
123
161
189
213
241
265
271
283
280
275
270
251
244
216
209
183
152
124
95
66
16
-18
-54
-74
-114
-142
-155
-172
-176
-185
-166
-171
-164
-165
-166
-145
-135
-116
-113
-96
-90
-97
-86
-76
-78
-69
-75
-91
-102
-114
-125
-136
-153
-164
-171
-179
-169
-173
-164
-156
-146
-134
-132
-113
-108
-92
-73
-52
-22
-4
18
46
64
89
113
109
131
145
156
160
161
172
156
143
125
120
104
82
64
45
14
-7
-14
-22
-23
-36
-25
-21
-12
-10
-6
3
6
31
32
60
85
83
97
115
118
129
139
130
135
109
99
87
69
51
27
14
-28
-56
-72
-98
-118
-140
-150
-150
-163
-165
-153
-149
-135
-119
-85
-62
-45
-11
9
37
56
74
110
120
132
156
162
157
147
143
132
114
88
61
30
-7
-34
-51
-77
-101
-108
-134
-141
-137
-161
-171
-181
-200
-194
-203
-181
-165
-162
-140
-132
-109
-97
-82
-73
-70
-47
-43
-38
-26
-23
-13
-18
-22
-15
-28
-42
-45
-37
-44
-43
-39
-38
-33
-32
-14
1
17
36
65
80
96
114
134
161
169
186
201
222
233
229
256
260
250
247
235
238
209
184
159
126
101
66
42
23
6
-14
-24
-25
-31
-28
-33
-25
-5
7
28
35
45
50
44
61
70
78
77
69
74
62
58
53
45
29
-4
-22
-47
-63
-92
-121
-124
-155
-172
-191
-192
-204
-217
-218
-225
-213
-213
-194
-170
-159
-139
-118
-92
-65
-50
-26
-8
8
31
45
69
82
93
99
89
86
65
49
30
6
-1
-32
-50
-61
-79
-98
-115
-117
-123
-136
-138
-138
-146
-160
-164
-163
-153
-155
-149
-127
-115
-90
-72
-54
-36
-26
-15
-9
8
30
28
36
38
35
32
18
36
27
29
38
36
49
31
45
56
68
78
90
121
126
151
176
194
212
216
229
241
248
245
250
255
228
223
205
181
170
131
119
96
69
57
24
10
-22
-60
-80
-107
-116
-128
-134
-132
-133
-126
-111
-82
-65
-54
-38
-25
-21
-18
11
20
25
34
41
47
44
43
39
38
22
11
3
-16
-40
-50
-67
-85
-86
-97
-89
-91
-98
-93
-88
-87
-79
-74
-64
-42
-46
-33
-7
12
18
23
51
53
60
71
77
96
76
80
94
82
74
76
62
51
31
-1
-3
-43
-64
-68
-90
-91
-98
-93
-87
-101
-89
-87
-104
-106
-110
-108
-109
-105
-94
-104
-102
-91
-89
-90
-86
-71
-73
-61
-56
-37
-36
-47
-27
-32
-21
-20
-18
3
-4
-2
13
19
25
38
60
73
75
95
115
118
137
146
157
162
153
163
151
142
138
137
125
101
97
87
57
30
11
-7
-31
-56
-61
-69
-90
-90
-91
-94
-103
-99
-82
-94
-75
-58
-47
-32
-15
5
8
29
46
50
56
56
70
68
59
66
68
65
48
45
45
21
11
-2
-8
-28
-59
-45
-50
-62
-62
-48
-40
-48
-36
-18
5
9
21
40
41
48
57
87
88
95
113
115
128
106
120
121
90
100
77
72
62
32
35
10
-4
-18
-42
-53
-76
-77
-95
-100
-100
-119
-109
-111
-100
-96
-95
-84
-84
-70
-79
-66
-63
-69
-40
-47
-34
-32
-41
-19
-36
-30
-12
-12
-16
-15
-2
-1
2
6
6
17
8
25
34
22
33
31
39
38
57
75
74
90
85
97
87
69
90
55
55
44
24
27
-2
10
-4
-23
-21
-47
-58
-78
-90
-86
-115
-124
-127
-128
-115
-114
-103
-80
-74
-62
-56
-40
-19
-15
-3
11
30
32
31
47
51
55
55
57
59
48
39
32
37
20
9
6
6
6
-6
12
11
10
22
17
37
38
41
67
58
80
89
92
110
108
127
132
131
133
124
117
111
114
98
88
83
66
54
30
29
8
-12
-27
-45
-52
-73
-83
-73
-87
-97
-101
-101
-109
-102
-94
-88
-70
-72
-58
-56
-52
-31
-29
-29
-21
-21
-19
-9
-21
-3
4
-16
5
0
8
9
3
28
10
17
16
13
18
9
28
24
22
29
33
