104
99
93
84
78
72
65
56
45
33
20
10
-3
-16
-30
-46
-60
-74
-83
-92
-103
-114
-123
-131
-139
-146
-151
-156
-161
-167
-167
-166
-163
-163
-161
-161
-161
-156
-152
-148
-148
-146
-143
-134
-124
-115
-109
-106
-103
-98
-91
-86
-84
-82
-79
-73
-59
-47
-35
-30
-21
-11
3
14
23
28
32
43
58
74
86
99
108
125
142
156
166
168
173
179
190
199
205
207
211
222
232
240
241
239
234
232
228
222
215
202
191
184
183
177
167
153
138
127
115
102
81
63
43
30
24
17
9
-1
-7
-11
-14
-22
-34
-45
-59
-68
-77
-86
-103
-119
-132
-141
-150
-161
-170
-185
-191
-197
-195
-202
-206
-213
-219
-221
-224
-233
-250
-261
-277
-283
-295
-304
-318
-325
-324
-319
-312
-314
-320
-327
-321
-309
-299
-288
-276
-252
-204
-136
-65
-13
43
89
151
213
267
299
310
319
323
348
362
366
346
329
316
304
292
269
237
188
151
122
101
82
52
36
23
28
37
36
41
41
55
76
117
143
159
185
213
265
315
352
369
374
371
373
376
367
347
305
260
233
216
196
159
123
78
42
16
-10
-44
-75
-108
-138
-148
-170
-184
-205
-218
-224
-227
-225
-220
-221
-213
-199
-188
-165
-157
-159
-157
-151
-144
-136
-146
-161
-188
-222
-245
-267
-287
-314
-363
-410
-459
-480
-508
-536
-588
-640
-674
-692
-576
-438
-308
-263
-112
-2
124
311
461
519
476
545
553
611
617
614
524
463
491
483
508
459
368
214
182
156
68
-15
-102
-187
-252
-182
-144
-203
-244
-256
-236
-211
-145
-132
-172
-167
-117
-23
61
149
167
192
251
304
337
357
357
271
216
218
220
177
120
75
2
-28
-11
-18
-63
-118
-162
-166
-163
-163
-174
-184
-161
-131
-79
-25
23
37
51
100
151
189
199
216
215
230
265
296
287
253
217
203
202
183
149
96
55
32
1
-29
-46
-93
-132
-149
-151
-165
-186
-194
-201
-211
-213
-207
-202
-200
-202
-173
-149
-142
-154
-174
-191
-226
-272
-304
-325
-383
-440
-490
-539
-602
-669
-724
-787
-832
-876
-850
-742
-611
-507
-404
-229
-120
35
213
344
365
371
427
448
471
472
460
373
367
413
455
485
452
369
263
245
209
121
50
-20
-107
-146
-88
-58
-107
-118
-87
-73
-38
20
31
26
68
154
244
338
409
417
446
502
534
534
548
524
444
414
425
415
361
301
241
175
138
117
68
-5
-70
-113
-114
-94
-99
-140
-151
-109
-80
-42
4
14
7
15
46
58
43
38
31
35
37
53
54
45
34
-5
-21
-22
-31
-85
-130
-154
-183
-194
-197
-222
-242
-246
-232
-217
-216
-206
-202
-189
-182
-176
-161
-148
-143
-151
-152
-161
-154
-165
-194
-220
-244
-252
-274
-314
-374
-439
-477
-509
-539
-586
-630
-681
-711
-662
-578
-470
-404
-270
-129
15
194
350
444
450
520
578
620
644
640
595
548
583
604
612
611
572
504
445
417
331
225
165
106
51
16
20
-20
-57
-56
-61
-82
-93
-66
-71
-54
-3
55
113
168
222
245
287
351
390
415
427
403
373
369
364
329
288
248
193
138
114
106
70
12
-47
-94
-119
-103
-103
-118
-153
-155
-145
-124
-93
-99
-96
-89
-48
-14
-6
-8
-12
-11
-10
8
19
-4
-39
-58
-69
-69
-78
-106
-138
-153
-174
-183
-193
-212
-245
-268
-262
-255
-250
-245
-235
-235
-208
-164
-124
-91
-70
-64
-66
-51
-47
-69
-102
-130
-155
-171
-197
-235
-269
-327
-376
-407
-434
-482
-533
-603
-641
-665
-696
-715
-707
-672
-615
-527
-408
-266
-168
-34
112
237
276
309
374
392
432
466
468
413
381
390
397
431
437
416
372
358
356
291
254
203
117
60
59
64
3
-43
-69
-86
-89
-65
-45
-63
-41
7
67
121
176
218
234
282
318
332
322
303
274
243
252
236
216
177
158
149
138
148
129
111
99
108
100
98
89
51
34
44
57
39
15
9
10
10
60
94
93
71
73
94
72
83
59
40
9
-22
-29
-62
-85
-117
-122
-125
-113
-106
-116
-110
-118
-109
-75
-58
-67
-73
-60
-42
-13
9
18
26
40
61
65
93
89
69
50
39
19
-23
-46
-73
-106
-150
-181
-219
-276
-348
-396
-435
-469
-506
-535
-573
-605
-632
-624
-594
-574
-525
-438
-264
-137
22
174
289
339
345
442
439
455
486
492
465
410
450
452
487
514
507
472
423
400
311
264
222
154
82
54
47
-38
-101
-137
-182
-235
-235
-217
-225
-178
-128
-63
-10
48
62
33
51
31
7
-22
-18
-41
-74
-48
-27
-14
-11
1
15
26
43
49
40
33
30
22
-4
-14
-30
-59
-62
-61
-67
-67
-35
-19
9
40
93
108
109
139
146
169
145
136
91
60
11
-47
-58
-107
-114
-141
-122
-98
-91
-68
-45
2
26
50
64
59
55
35
24
14
-6
-13
-19
0
21
29
40
61
58
46
53
16
-37
-114
-181
-241
-320
-379
-475
-543
-610
-656
-714
-748
-794
-847
-904
-936
-965
-979
-900
-821
-720
-639
-400
-235
-41
198
375
444
446
615
599
593
586
592
558
475
547
533
531
589
625
608
572
573
464
340
296
205
88
-6
-34
-120
-204
-222
-225
-248
-242
-188
-175
-111
-26
54
103
164
222
207
216
235
193
158
158
176
151
147
197
202
209
240
277
250
237
248
235
215
183
149
90
41
4
-28
-65
-74
-94
-134
-123
-111
-73
-60
12
70
111
172
198
256
240
230
213
185
175
118
84
50
45
24
-1
30
45
57
64
84
97
90
89
58
8
-43
-68
-111
-128
-114
-119
-110
-78
-22
10
46
81
95
95
78
47
-31
-96
-169
-262
-356
-440
-513
-594
-655
-744
-817
-908
-984
-1042
-1120
-1107
-996
-885
-786
-672
-344
-133
7
328
581
663
579
777
806
656
631
626
595
456
550
557
511
590
608
567
501
530
367
89
22
-118
-328
-504
-488
-566
-726
-660
-641
-620
-605
-441
-352
-250
-33
100
196
297
433
401
371
435
407
304
274
330
303
270
353
401
400
433
482
455
413
408
295
175
74
-6
-137
-250
-295
-395
-474
-487
-453
-411
-371
-257
-152
-72
93
146
297
328
399
456
405
485
356
376
281
245
198
81
115
11
21
-33
-6
17
-34
-3
-69
-85
-154
-210
-249
-335
-353
-407
-427
-387
-270
-288
-184
-115
-80
-16
21
122
87
70
29
-60
-142
-206
-324
-392
-508
-603
-720
-832
-900
-1040
-1119
-1257
-1341
-1437
-1582
-1445
-1159
-928
-759
-523
147
306
603
1174
1490
1532
1293
1746
1544
1279
1175
1059
931
628
861
702
627
692
612
452
321
429
47
-403
-424
-632
-973
-1198
-1095
-1221
-1378
-1071
-843
-605
-348
88
304
551
977
1144
1181
1235
1348
1131
961
990
837
576
524
611
512
445
520
467
336
275
179
-68
-296
-431
-699
-917
-1008
-1038
-1168
-1161
-985
-871
-754
-530
-255
-141
30
218
485
516
724
798
880
933
914
1089
808
964
770
674
530
308
266
-139
-138
-318
-426
-509
-573
-522
-613
-506
-446
-443
-358
-353
-249
-296
-202
-153
-172
-58
-28
109
111
269
347
392
442
443
450
323
243
40
-152
-331
-564
-744
-968
-1064
-1195
-1298
-1335
-1452
-1480
-1630
-1637
-1760
-1757
-1857
-1565
-916
-651
-348
31
1078
1077
1492
2249
2483
2160
1765
2336
1694
1276
1043
874
424
184
560
248
130
217
56
-359
-452
-422
-1048
-1587
-1407
-1598
-1879
-1786
-1319
-1284
-1099
-339
123
499
888
1362
1367
1563
1850
1776
1519
1472
1426
998
869
886
651
271
244
207
-118
-295
-393
-667
-947
-1003
-1067
-1271
-1262
-1145
-1141
-1016
-749
-522
-448
-219
52
144
283
455
587
710
818
1093
1127
1258
1330
1283
1362
1138
1125
719
462
162
-234
-452
-800
-866
-1057
-988
-883
-769
-585
-457
-269
-151
-37
42
7
42
41
81
138
208
321
321
433
463
509
434
360
242
68
-54
-244
-388
-531
-613
-726
-810
-817
-840
-930
-968
-1048
-1137
-1262
-1353
-1388
-1492
-1469
-1537
-1557
-1512
-1437
-1472
-829
52
518
580
1053
2084
1726
2026
2594
2699
1781
1253
1848
1055
613
443
445
-20
-31
471
46
-201
-147
-502
-1133
-1205
-1083
-1698
-2087
-1507
-1324
-1260
-725
59
148
377
1126
1437
1460
1629
1797
1472
1600
1859
1783
1463
1449
1354
858
647
461
-6
-618
-790
-978
-1316
-1343
-1233
-1261
-1237
-884
-608
-546
-364
-162
-122
-70
102
219
211
364
575
734
905
1087
1128
1138
1153
1083
914
637
570
188
100
-57
-193
-202
-432
-319
-516
-479
-589
-704
-673
-739
-648
-606
-448
-219
-14
268
487
625
688
684
698
540
436
206
24
-122
-179
-228
-259
-204
-175
-118
-137
-141
-285
-391
-506
-632
-800
-900
-917
-986
-1004
-940
-890
-914
-975
-912
-1007
-1123
-1237
-1467
-1563
-1784
-1806
-1253
-182
510
602
1128
2287
2161
2209
2872
2876
1750
851
1383
666
88
48
118
-278
-167
565
236
-184
-256
-583
-1475
-1658
-1529
-1998
-2445
-1765
-1192
-969
-277
488
659
712
1305
1490
1333
1443
1560
1229
1270
1726
1827
1512
1326
1177
667
221
-127
-727
-1319
-1500
-1559
-1660
-1466
-1065
-907
-753
-335
-4
-56
-97
3
-39
-88
50
288
415
600
912
1080
1221
1210
1078
759
541
364
-43
-161
-338
-327
-426
-335
-84
-172
-143
-241
-295
-470
-638
-713
-822
-745
-552
-305
15
328
617
790
908
864
694
502
272
32
-223
-318
-398
-400
-342
-192
-126
-122
-93
-166
-249
-398
-519
-670
-737
-746
-761
-737
-688
-619
-756
-796
-839
-989
-1229
-1421
-1474
-1647
-1820
-1855
-1862
-1870
-673
431
1071
1069
1836
2777
2127
2767
3126
2766
1221
985
1469
450
213
245
177
-412
55
524
-107
-548
-541
-1118
-1802
-1618
-1402
-1823
-1831
-889
-464
-126
590
1013
780
938
1421
1409
1227
1532
1697
1456
1719
2106
2033
1479
1104
626
-96
-596
-1059
-1627
-1974
-1742
-1526
-1377
-920
-458
-319
-206
143
246
10
-57
91
150
242
527
857
960
1052
1177
1096
890
550
193
-316
-592
-668
-823
-835
-641
-194
-74
157
415
424
158
64
117
-299
-437
-477
-372
-332
-73
303
416
629
767
727
564
442
241
-69
-237
-214
-323
-361
-247
-120
-193
-200
-134
-247
-390
-465
-470
-517
-507
-449
-422
-380
-273
-277
-423
-535
-716
-942
-1184
-1414
-1554
-1819
-1816
-1824
-1893
-1883
-1948
-1785
-569
608
1154
1150
2014
2915
2322
3096
3447
2898
1265
1075
1346
189
14
-58
-292
-864
-115
254
-362
-674
-591
-1232
-1873
-1480
-1266
-1655
-1641
-637
-149
280
941
1231
1003
1163
1531
1464
1324
1556
1540
1312
1650
1980
1797
1132
699
166
-484
-1010
-1464
-1941
-2154
-1802
-1463
-1027
-528
-111
-1
144
510
585
397
266
392
482
554
766
972
942
849
807
630
280
-51
-402
-777
-864
-764
-691
-620
-267
19
34
240
375
169
-98
-175
-216
-389
-352
-208
-107
66
355
548
576
630
577
410
197
115
-20
-182
-221
-197
-181
-194
-210
-276
-320
-406
-506
-565
-545
-458
-395
-320
-151
-46
-52
-122
-209
-368
-670
-868
-988
-1170
-1382
-1489
-1546
-1533
-1604
-1655
-1832
-1876
-1946
-1884
-402
654
1258
1178
2333
3223
2652
3519
3517
2811
952
945
928
-245
-326
-353
-550
-978
15
252
-470
-922
-809
-1543
-2164
-1676
-1374
-1612
-1420
-194
408
889
1503
1600
1265
1324
1594
1328
1089
1369
1316
1110
1465
1913
1606
825
342
-209
-904
-1464
-1796
-2178
-2178
-1665
-1116
-641
-105
312
368
477
740
740
414
337
483
565
682
901
1075
909
740
560
250
-214
-655
-838
-1103
-1146
-927
-513
-248
-35
347
524
479
519
493
172
0
-31
-50
-138
71
226
235
351
446
411
252
197
45
-138
-165
-100
-132
-163
-92
-74
-176
-218
-244
-429
-607
-613
-599
-513
-365
-171
-38
82
179
86
-87
-272
-487
-801
-1003
-1196
-1371
-1479
-1621
-1563
-1683
-1714
-1910
-2115
-2011
-2231
-777
534
1398
1454
2187
3701
2889
3547
3781
3195
1164
463
1014
-236
-516
-450
-422
-1069
-323
307
-350
-1063
-929
-1389
-2276
-1828
-1321
-1255
-1303
-49
716
1126
1704
1798
1394
1182
1481
1297
1074
1217
1387
1174
1470
1901
1698
936
169
-389
-1188
-1667
-2068
-2359
-2304
-1793
-1073
-545
91
495
564
543
649
716
503
353
440
670
856
943
1047
925
623
272
-105
-487
-1000
-1237
-1299
-1281
-893
-592
-118
57
423
661
384
533
308
165
-103
9
131
0
179
296
325
260
291
150
-20
-138
-153
-316
-278
-101
23
12
43
101
-82
-203
-324
-448
-605
-607
-518
-385
-200
60
206
220
255
157
-67
-382
-645
-865
-1149
-1250
-1308
-1363
-1518
-1608
-1730
-1908
-2142
-2264
-2321
-2250
-490
842
1615
1588
2911
3879
2936
3723
3762
2906
516
524
722
-527
-674
-504
-534
-1231
-253
-31
-801
-1447
-1178
-1893
-2470
-1674
-1066
-971
-777
718
1137
1469
1876
1766
1214
994
1346
1075
965
1257
1378
1180
1487
1772
1346
444
-329
-942
-1699
-1999
-2217
-2313
-2032
-1410
-701
-233
367
617
532
461
588
674
504
543
718
946
1071
1129
1019
660
248
-168
-620
-1034
-1348
-1467
-1538
-1051
-444
-148
207
328
753
439
508
596
209
210
28
340
272
373
492
378
347
257
118
-62
-258
-297
-288
-279
-89
4
185
210
273
140
-4
-131
-355
-477
-511
-465
-342
-168
36
264
301
302
167
21
-205
-435
-693
-893
-1142
-1193
-1275
-1428
-1456
-1723
-1729
-2009
-2207
-2296
-2431
-2053
-361
1195
1831
1792
2938
3737
2784
3427
3528
2531
255
294
722
-513
-617
-468
-578
-1340
-466
-230
-1178
-1709
-1320
-1803
-2273
-1312
-534
-470
-273
1189
1528
1589
1869
1707
1101
884
1316
1166
1033
1396
1524
1193
1340
1435
935
-37
-745
-1272
-1864
-1926
-1940
-1907
-1594
-932
-360
-31
443
611
495
405
585
752
754
872
1062
1212
1205
1127
842
366
-124
-511
-909
-1238
-1360
-1196
-1129
-968
-558
-201
118
147
451
422
343
495
507
550
489
660
522
413
399
306
25
-220
-241
-277
-248
-173
-12
33
108
148
202
132
77
-71
-219
-209
-236
-250
-268
-195
-130
-74
-30
42
34
-11
-87
-178
-263
-387
-579
-816
-994
-1100
-1158
-1438
-1612
-1833
-1857
-1979
-1996
-1877
-1941
-1863
-1595
467
1745
2241
1933
2860
3470
2358
3283
3093
2132
-35
351
586
-647
-623
-678
-997
-1764
-622
-605
-1367
-1741
-1178
-1658
-1829
-655
-99
-157
-61
1343
1433
1533
1707
1520
957
894
1362
1227
1211
1426
1409
891
1016
979
414
-600
-1257
-1512
-1858
-1753
-1687
-1474
-1154
-583
-66
260
541
515
397
402
749
927
882
930
1115
1140
902
672
379
-208
-760
-1037
-1191
-1357
-1380
-1217
-1162
-840
-482
-47
73
412
566
575
725
834
1056
728
976
727
528
259
53
-60
-426
-352
-427
-298
-218
8
50
148
148
213
172
130
82
-18
43
13
98
-11
9
-61
-58
-65
-24
-66
-137
-160
-160
-115
-292
-406
-717
-914
-1104
-1187
-1298
-1492
-1635
-1683
-1668
-1656
-1627
-1631
-1726
-1788
-1792
-1296
789
2013
2336
1869
2895
3381
2182
2832
2612
1602
-470
-40
356
-673
-711
-723
-985
-1498
-449
-385
-1121
-1572
-1108
-1477
-1370
-243
149
117
230
1472
1437
1476
1501
1150
755
820
1411
1354
1488
1555
1364
917
1048
725
-188
-1020
-1434
-1521
-1748
-1356
-1191
-988
-561
54
384
326
405
262
248
457
853
885
901
1150
1212
1032
672
350
-284
-888
-1182
-1263
-1303
-1333
-1202
-1000
-666
-298
-2
-18
185
406
504
587
710
1023
853
903
913
684
341
-14
-203
-431
-486
-460
-437
-304
-47
35
108
172
236
96
-7
64
70
66
95
209
212
137
98
23
-40
-38
-117
-141
-184
-178
-215
-307
-429
-635
-905
-1115
-1229
-1385
-1356
-1442
-1387
-1503
-1532
-1451
-1518
-1354
-1642
-1655
-1736
-1292
662
2081
2585
1976
2456
3037
1927
2257
2345
1476
-361
-469
482
-401
-708
-666
-885
-1406
-869
-403
-1045
-1581
-1163
-1139
-1132
-130
336
281
134
1089
1296
1069
1247
1033
818
854
1447
1508
1473
1543
1305
606
395
302
-288
-913
-1339
-1264
-1305
-975
-743
-639
-353
-51
145
89
288
394
534
762
1092
1252
1229
1220
980
639
183
-204
-604
-879
-1007
-1056
-1034
-937
-825
-748
-584
-383
-210
-18
331
639
1009
1283
1494
1412
1286
1241
851
479
0
-326
-505
-578
-474
-411
-258
-126
-72
44
159
140
-15
-95
86
316
347
355
374
378
271
77
-43
-195
-314
-410
-334
-181
-135
-164
-289
-394
-536
-878
-1158
-1344
-1400
-1447
-1462
-1280
-1317
-1397
-1493
-1516
-1538
-1693
-1715
-1688
-1515
312
2194
2780
2237
2299
3187
1801
1895
2502
1820
-131
-704
701
-170
-636
-520
-680
-1525
-1193
-360
-927
-1411
-1175
-1043
-1352
-362
244
103
-85
647
1037
736
1215
1055
773
706
1285
1437
1305
1430
1184
617
360
463
-19
-555
-1123
-1255
-1357
-1131
-892
-940
-746
-403
-20
77
397
507
565
651
979
1151
943
918
745
517
112
-96
-361
-779
-962
-1012
-988
-1025
-922
-830
-709
-410
168
449
581
675
849
1090
1052
1257
938
656
469
312
139
-190
-165
-293
-383
-227
-42
-3
-123
-156
-10
118
286
275
305
498
588
514
355
304
122
-199
-286
-182
-80
-99
-74
87
139
39
-219
-542
-841
-1063
-1272
-1399
-1388
-1325
-1370
-1376
-1281
-1320
-1438
-1615
-1707
-1791
-1791
-1629
-1516
306
2296
2868
2235
2076
2820
1537
1707
2651
2002
96
-401
856
24
-672
-435
-877
-1763
-1321
-342
-718
-1257
-987
-1130
-1403
-462
213
-104
-126
601
1052
900
1333
1226
512
520
991
1289
1157
1280
1083
629
600
659
141
-521
-1058
-1404
-1442
-1246
-902
-954
-730
-323
-38
190
378
470
294
380
838
1135
1037
881
802
592
218
-25
-230
-684
-1014
-974
-847
-833
-785
-600
-353
-117
193
345
418
591
676
847
1079
1034
754
452
378
387
125
-61
-129
-115
-193
-221
-150
-180
-277
-294
-142
70
341
449
476
477
493
354
97
-90
-181
-216
-254
-109
91
122
117
64
30
-86
-354
-628
-892
-930
-976
-1158
-1184
-1117
-1133
-1354
-1518
-1471
-1501
-1614
-1723
-1509
-1400
-1357
-1340
216
2214
2833
2153
1770
2383
1394
1398
2521
2401
423
-347
687
185
-793
-570
-687
-1768
-1498
-441
-287
-984
-905
-1168
-1519
-684
93
41
-182
547
875
902
1288
1351
604
315
951
1323
1440
1506
1410
740
455
578
261
-258
-812
-1157
-1285
-1011
-692
-762
-813
-558
-368
-178
209
418
335
257
723
1078
991
816
627
384
-8
-139
-114
-344
-769
-865
-684
-519
-507
-330
-185
-270
-11
283
578
501
455
428
279
486
445
226
137
225
186
10
-26
-55
-400
-491
-297
-100
84
140
298
370
572
634
490
300
95
-71
-197
-159
-131
-202
-242
-166
-115
-7
25
-28
-146
-296
-385
-624
-799
-940
-965
-971
-913
-944
-1028
-1249
-1529
-1550
-1570
-1512
-1814
-1664
-1451
-1379
-724
1244
2825
2601
1790
2065
1972
1047
2026
2935
1880
-89
278
695
-515
-891
-590
-1168
-1877
-857
70
-145
-450
-426
-952
-862
71
511
407
622
1091
938
1094
1417
893
132
201
693
908
1027
1170
838
287
192
232
131
-205
-570
-759
-682
-469
-409
-384
-353
-325
-300
-67
274
352
241
190
362
425
305
213
163
-26
-406
-516
-349
-421
-588
-558
-294
-172
-163
128
300
408
393
506
660
526
264
32
48
104
71
67
211
148
-13
-169
-180
-244
-399
-314
-112
113
290
400
406
378
385
380
271
154
-15
-194
-278
-244
-218
-290
-276
-174
-116
-64
17
-56
-270
-518
-640
-839
-968
-918
-889
-945
-1069
-1113
-1255
-1467
-1596
-1547
-1697
-1765
-1808
-1414
-1447
-521
1364
2368
2196
1397
2166
1504
1150
2239
3073
1804
109
706
363
-756
-1020
-235
-976
-1449
-625
-4
-186
-570
-388
-1076
-897
-258
251
703
1120
1242
604
748
1047
689
302
567
844
839
1144
1393
1014
253
49
37
154
171
-119
-307
-504
-564
-773
-634
-464
-665
-719
-312
202
268
238
179
136
-66
-37
87
169
124
-137
-180
-227
-193
-428
-339
-91
-91
-130
-3
421
307
288
429
429
191
113
110
-17
-76
-23
104
99
285
131
3
-21
-117
-252
-229
16
4
-33
142
308
200
184
315
389
228
36
-58
-156
-181
-221
-179
-162
-130
-108
-96
-55
-151
-454
-748
-836
-882
-937
-936
-819
-1045
-1305
-1374
-1408
-1525
-1580
-1441
-1532
-1711
-1565
-1571
-1079
595
1759
1862
1119
1878
1675
952
1838
2848
2264
333
793
854
-323
-918
-86
-142
-1071
-717
-319
-517
-949
-512
-675
-833
-403
-65
345
830
1316
804
404
611
551
463
907
1486
1339
1149
1332
1274
700
408
427
391
427
373
347
19
-262
-562
-789
-705
-704
-708
-506
-37
189
154
98
118
29
1
188
242
265
197
262
242
50
-27
-114
5
115
102
209
204
217
114
155
410
170
3
-17
80
24
-150
-23
9
8
1
33
38
12
-88
-125
-127
-195
-244
-285
-126
10
82
126
174
227
166
55
-57
-164
-236
-303
-248
-135
-160
-276
-367
-390
-508
-699
-862
-1033
-1123
-1068
-999
-1010
-1206
-1418
-1440
-1467
-1402
-1414
-1292
-1359
-1594
-1541
-1463
-376
742
1546
1162
1047
1663
1107
1170
1817
2542
1224
420
1107
716
-249
-418
500
-71
-683
-397
-189
-773
-1174
-645
-516
-535
-510
-89
281
500
607
442
485
278
205
531
1162
1468
1316
1376
1324
1018
624
588
656
576
491
410
296
-6
-314
-574
-607
-726
-898
-893
-590
-258
-213
-171
-165
-206
-294
-151
75
108
47
16
175
178
141
47
179
376
205
120
70
246
-66
-99
176
306
152
-15
304
202
4
-177
-19
-20
-113
-75
48
98
-94
-88
-31
-34
-257
-285
-142
-53
19
179
314
270
231
296
291
202
157
119
43
-28
-13
-57
-151
-251
-410
-601
-714
-746
-825
-884
-836
-859
-1032
-1120
-1056
-1163
-1257
-1185
-1043
-1108
-1159
-1097
-1174
-1334
-939
206
1007
1066
747
1149
987
706
1142
1867
1604
575
1003
1254
706
21
337
495
-148
-183
117
16
-615
-616
-247
-198
-381
-391
-63
52
125
223
440
326
-77
76
503
861
831
1081
1360
1126
814
727
882
762
649
627
583
415
177
15
-24
-170
-552
-833
-762
-553
-483
-430
-325
-383
-509
-506
-386
-404
-564
-593
-403
-105
47
150
192
174
-17
-81
39
104
53
44
294
446
461
421
401
341
189
99
139
211
187
83
25
-64
-260
-425
-431
-393
-419
-364
-211
-83
-36
18
62
108
202
327
438
514
585
558
479
399
247
55
-87
-96
-152
-248
-349
-448
-549
-667
-719
-798
-888
-973
-908
-882
-889
-917
-916
-929
-983
-962
-930
-999
-1107
-1038
-919
-407
76
391
186
124
298
220
405
631
1013
723
644
918
950
740
455
747
672
592
708
942
809
290
257
305
364
164
117
141
68
41
-58
128
33
-130
-153
119
358
262
419
469
366
172
271
418
323
358
413
463
378
304
225
128
85
34
92
194
226
101
31
-5
-121
-237
-264
-323
-488
-536
-443
-379
-482
-591
-684
-702
-651
-527
-417
-382
-347
-266
-30
193
323
354
390
474
501
558
606
594
472
393
441
395
252
135
86
39
46
97
73
23
6
81
143
213
245
216
212
220
242
124
-1
-109
-186
-244
-275
-253
-325
-413
-491
-533
-591
-602
-571
-586
-563
-550
-561
-560
-526
-560
-691
-745
-724
-773
-867
-934
-997
-1091
-1097
-826
-550
-456
-586
-607
-518
-412
-123
62
231
199
375
581
708
782
711
856
914
1087
1220
1382
1332
1025
1010
1022
944
683
560
448
251
242
257
306
131
-14
-96
-103
-95
-256
-187
-131
-129
-299
-284
-83
-93
-141
-152
-59
-135
-100
196
420
384
262
343
394
330
259
277
252
150
119
189
198
-36
-268
-342
-352
-398
-390
-362
-404
-461
-394
-285
-283
-284
-252
-99
38
155
217
291
353
330
353
363
351
279
239
234
215
203
182
191
171
127
70
83
168
242
248
230
273
242
188
215
214
106
-93
-141
-119
-176
-264
-364
-441
-574
-668
-672
-639
-634
-653
-618
-547
-484
-513
-571
-576
-564
-614
-658
-660
-709
-820
-902
-924
-970
-1080
-997
-641
-398
-428
-563
-382
-298
-156
107
409
471
345
586
735
903
843
939
1035
1029
1167
1278
1423
1064
774
746
801
655
392
422
234
131
73
173
114
-216
-292
-397
-281
-348
-323
-193
-215
-232
-275
-20
7
-49
-78
10
123
142
371
526
592
432
387
445
398
336
279
323
200
137
127
98
-48
-337
-507
-554
-526
-541
-508
-484
-493
-513
-406
-363
-334
-281
-162
25
134
225
238
346
350
388
407
398
388
357
403
397
396
293
233
241
221
165
104
182
190
202
253
248
203
79
63
45
18
-51
-114
-114
-169
-231
-291
-347
-459
-515
-495
-431
-404
-452
-466
-462
-423
-463
-497
-514
-533
-560
-567
-535
-603
-731
-883
-957
-1050
-1102
-1139
-928
-639
-479
-513
-575
-453
-418
-138
133
395
322
327
599
802
966
872
1033
1035
1083
1224
1399
1408
964
880
883
861
630
458
410
149
143
125
203
27
-219
-333
-380
-249
-398
-341
-230
-140
-201
-205
-24
-71
-91
-89
95
161
236
424
587
578
361
341
380
412
322
300
325
242
177
112
37
-212
-470
-574
-498
-452
-500
-504
-479
-443
-402
-303
-271
-311
-313
-182
11
106
94
113
196
220
196
214
248
225
223
289
314
216
117
82
101
72
31
49
67
94
111
162
112
19
-14
-16
-50
-99
-103
-149
-179
-191
-234
-347
-418
-388
-372
-356
-348
-379
-423
-419
-418
-452
-489
-500
-490
-493
-448
-488
-547
-649
-776
-891
-957
-979
-1055
-1085
-1018
-722
-521
-437
-547
-448
-291
-144
169
355
552
462
659
835
1002
1060
1012
1155
1127
1284
1353
1493
1287
937
906
846
792
534
508
356
180
226
226
244
-50
-177
-263
-208
-178
-245
-104
-144
-167
-226
-64
39
-36
25
92
212
193
289
421
427
297
177
221
237
255
244
262
172
30
-68
-152
-236
-457
-547
-490
-406
-432
-473
-386
-388
-388
-350
-261
-268
-287
-191
-68
38
33
80
162
201
190
222
304
259
213
235
270
219
137
142
175
192
152
163
212
218
205
207
207
105
-5
-14
-4
-56
-131
-172
-189
-219
-249
-282
-314
-331
-334
-302
-307
-342
-371
-361
-326
-338
-367
-401
-395
-401
-456
-499
-608
-740
-848
-886
-918
-1027
-1040
-1055
-999
-786
-554
-443
-592
-488
-369
-202
62
296
504
420
693
858
1018
1008
970
1107
1067
1251
1272
1398
1150
849
816
738
694
405
422
277
185
220
199
190
-152
-237
-298
-187
-186
-260
-127
-144
-125
-175
-12
42
-13
32
102
215
171
247
358
411
291
206
297
318
292
234
214
73
-37
-89
-109
-188
-352
-420
-377
-271
-308
-289
-231
-176
-186
-153
-87
-172
-181
-154
-17
40
65
93
142
277
281
261
208
213
171
180
239
214
182
163
228
212
158
115
95
120
127
141
77
-12
-96
-142
-145
-206
-285
-341
-275
-233
-245
-261
-280
-298
-360
-330
-322
-345
-381
-364
-284
-281
-312
-415
-424
-455
-499
-561
-631
-690
-836
-844
-874
-903
-1017
-1059
-1027
-915
-621
-479
-440
-548
-389
-291
-123
163
351
468
431
702
817
920
914
946
1036
1037
1192
1226
1245
954
775
753
699
606
424
427
264
202
154
101
-5
-264
-321
-372
-261
-294
-292
-185
-174
-161
-235
-104
-84
-89
-12
113
213
192
294
366
328
214
201
244
218
210
212
217
125
19
-47
-80
-108
-210
-212
-110
-88
-96
-57
4
-70
-148
-117
-117
-123
-79
19
68
74
98
143
198
212
168
161
228
290
339
396
394
299
237
277
316
287
251
259
268
250
193
109
-12
-129
-197
-220
-196
-210
-235
-231
-183
-188
-256
-283
-303
-318
-309
-233
-193
-230
-261
-286
-313
-346
-371
-419
-444
-452
-488
-540
-617
-690
-781
-832
-850
-919
-941
-934
-885
-883
-850
-665
-535
-459
-473
-318
-206
-117
89
304
475
421
547
643
758
805
830
939
907
967
985
1086
965
737
664
626
587
434
419
301
170
44
-29
-55
-210
-268
-317
-224
-216
-248
-197
-178
-187
-261
-141
-5
72
96
146
187
147
189
253
253
107
55
140
212
181
106
60
-34
-47
9
80
38
-44
-54
1
91
78
0
-92
-147
-170
-110
-24
-29
-95
-96
-22
23
44
32
14
22
118
247
322
295
261
267
261
283
286
303
262
220
249
246
198
82
0
-42
-93
-109
-131
-135
-168
-209
-213
-232
-241
-289
-304
-301
-260
-208
-200
-220
-279
-279
-306
-325
-325
-330
-368
-433
-426
-419
-455
-544
-602
-644
-678
-679
-680
-675
-699
-685
-660
-632
-607
-578
-428
-258
-131
-132
-64
39
139
320
468
583
531
605
714
817
849
832
899
894
942
947
964
819
628
554
456
371
221
167
58
-36
-58
-121
-188
-322
-342
-350
-288
-253
-271
-246
-244
-211
-231
-153
-104
-116
-76
0
96
91
110
127
128
98
68
83
86
83
102
151
165
167
145
118
41
0
-25
32
46
-25
-36
-60
-28
-85
-36
-30
-60
-33
40
159
135
150
115
149
177
192
260
284
325
304
373
383
312
261
215
220
185
174
125
74
31
-38
-77
-97
-115
-165
-164
-155
-183
-212
-204
-178
-188
-214
-217
-203
-212
-236
-235
-227
-265
-304
-315
-340
-364
-404
-404
-443
-498
-532
-551
-551
-574
-550
-565
-550
-531
-521
-504
-510
-502
-507
-440
-309
-169
-74
-36
78
160
264
394
506
575
571
705
758
821
850
838
854
818
843
780
723
591
449
381
319
252
117
61
-47
-129
-174
-209
-218
-287
-279
-308
-290
-286
-322
-302
-290
-260
-259
-192
-119
-89
-53
2
42
39
86
125
151
130
120
151
166
175
144
127
116
125
132
124
69
13
0
25
24
-16
-29
-64
-79
-82
-20
7
4
20
54
117
126
118
116
163
226
263
303
312
288
259
240
227
183
120
69
58
57
29
-12
-51
-93
-127
-116
-95
-117
-118
-109
-76
-74
-88
-78
-111
-122
-114
-98
-124
-172
-188
-204
-213
-240
-258
-292
-320
-343
-355
-322
-320
-338
-373
-384
-377
-428
-452
-450
-439
-433
-416
-393
-404
-388
-353
-264
-223
-184
-113
-23
68
99
162
229
282
377
495
579
601
577
579
579
588
579
546
543
527
495
444
416
308
179
115
95
46
-29
-41
-111
-168
-205
-242
-277
-299
-260
-255
-228
-203
-185
-169
-142
-136
-156
-106
-45
45
95
116
103
91
158
184
154
106
108
160
216
258
222
150
67
29
30
12
-2
-80
-82
-58
-39
-32
-78
-72
-99
-52
16
63
60
41
89
121
153
121
126
122
112
118
90
77
13
-25
-17
-32
-56
-58
-32
-28
-45
-48
-38
-48
-33
-22
-52
-72
-77
-59
-68
-100
-125
-140
-159
-169
-180
-202
-237
-278
-264
-248
-262
-290
-296
-277
-280
-281
-270
-289
-303
-302
-288
-257
-245
-261
-242
-188
-136
-141
-144
-97
-72
-35
27
90
116
131
176
216
240
280
331
365
402
403
398
408
407
387
357
354
357
345
340
312
270
239
193
157
105
54
10
-53
-93
-117
-133
-156
-167
-179
-160
-167
-195
-197
-197
-169
-142
-84
-40
-33
-5
28
52
60
69
72
103
138
170
184
181
181
154
146
136
109
88
75
71
71
88
100
74
47
40
27
31
50
70
77
93
98
96
79
39
18
-8
-3
-14
-37
-52
-95
-142
-180
-162
-162
-173
-165
-149
-125
-106
-88
-96
-104
-115
-108
-97
-94
-100
-125
-100
-82
-92
-111
-123
-119
-115
-121
-138
-143
-167
-176
-184
-198
-212
-255
-244
-223
-219
-224
-244
-219
-218
-212
-176
-153
-148
-139
-100
-54
-23
-12
15
34
68
117
154
170
165
198
239
267
293
314
337
373
406
406
409
387
366
358
350
348
315
305
285
265
235
191
158
116
89
62
60
44
45
34
9
-5
-53
-67
-80
-84
-77
-67
-47
-41
-31
-34
-30
-43
-49
-34
-13
15
27
42
16
14
15
10
7
-18
-15
-27
-5
14
5
-14
-33
-30
-28
-15
-5
2
20
42
73
78
60
38
16
25
28
26
16
-10
-27
-56
-66
-80
-109
-140
-155
-152
-157
-162
-189
-204
-221
-220
-207
-210
-201
-199
-176
-169
-163
-157
-152
-142
-138
-138
-156
-164
-164
-171
-167
-158
-165
-174
-168
-140
-126
-129
-128
-134
-134
-108
-90
-96
-109
-98
-71
-53
-40
-51
-58
-43
8
71
113
139
157
188
246
273
278
296
313
346
374
400
412
400
365
358
360
342
326
321
318
295
274
251
209
158
111
72
42
21
-4
-22
-46
-59
-90
-123
-141
-164
-166
-177
-176
-176
-170
-151
-148
-149
-143
-130
-125
-105
-88
-72
-44
-45
-51
-58
-59
-69
-75
-64
-65
-71
-62
-51
-35
-11
-6
-7
4
28
46
51
69
65
65
91
97
98
70
59
59
52
48
43
20
-18
-17
-19
-35
-56
-79
-94
-104
-113
-120
-122
-133
-153
-169
-174
-176
-187
-194
-194
-189
-178
-164
-149
-147
-156
-162
-143
-126
-125
-96
-85
-85
-70
-43
-20
-21
-25
-17
-11
-6
3
4
-2
-17
-26
-25
-17
-15
-12
-13
-15
4
18
21
32
47
62
76
95
116
142
168
192
221
247
263
268
280
295
316
327
327
336
329
327
326
320
301
267
246
210
175
133
96
65
30
13
-19
-47
-73
-96
-107
-115
-129
-136
-130
-127
-122
-138
-143
-138
-145
-134
-129
-130
-125
-119
-113
-127
-152
-157
-141
-138
-126
-114
-115
-95
-89
-73
-66
-59
-39
-23
-4
0
6
8
9
7
13
22
21
32
46
46
32
44
55
42
35
34
26
14
14
11
-2
-4
1
-4
-20
-28
-56
-80
-81
-79
-91
-108
-109
-107
-124
-131
-124
-122
-121
-117
-104
-96
-91
-80
-77
-63
-50
-33
-11
-25
-23
-2
11
13
12
28
32
26
25
20
13
7
16
18
14
4
-1
7
11
10
4
14
25
28
50
66
71
80
112
145
164
189
190
187
194
206
204
202
204
199
191
172
156
133
97
78
68
64
40
14
-9
-33
-49
-88
-110
-115
-115
-119
-128
-140
-151
-154
-151
-139
-141
-145
-139
-129
-116
-118
-108
-103
-100
-93
-89
-89
-93
-83
-74
-51
-43
-25
-6
3
22
34
57
69
80
97
106
111
112
112
110
113
118
118
117
116
116
104
96
95
98
102
104
113
121
123
109
93
75
65
68
53
39
25
8
-13
-33
-45
-52
-60
-68
-73
-76
-76
-77
-72
-72
-66
-61
-68
-70
-60
-47
-39
-46
-44
-34
-32
-27
-25
-16
-14
-22
-15
-5
-6
-16
-21
-23
-14
-8
-2
-6
-22
-28
-25
-21
-25
-30
-21
-9
10
31
36
52
62
75
102
121
137
146
159
163
159
149
151
145
130
115
94
82
60
40
22
3
-14
-31
-48
-61
-74
-92
-104
-111
-118
-130
-138
-146
-151
-153
-150
-152
-155
-160
-149
-147
-155
-159
-166
-161
-167
-152
-127
-111
-101
-88
-77
-65
-41
-25
-7
13
38
54
65
63
60
66
69
70
73
74
81
92
97
109
114
110
113
129
148
161
147
139
134
132
139
131
123
108
101
100
96
71
40
21
6
-2
-9
-16
-29
-33
-37
-37
-39
-49
-62
-74
-82
-79
-75
-79
-80
-80
-76
-62
-48
-33
-17
-17
-13
-8
-3
3
5
7
6
11
18
25
23
14
1
0
3
8
6
8
18
31
48
56
67
67
68
67
72
88
88
88
83
80
89
91
92
81
65
64
61
56
43
29
8
-11
-17
-28
-42
-62
-77
-88
-99
-115
-136
-151
-169
-183
-189
-187
-190
-185
-187
-182
-172
-179
-180
-180
-175
-177
-167
-161
-155
-153
-148
-136
-116
-103
-93
-79
-62
-47
-31
-16
-6
13
23
32
49
60
69
82
98
111
115
124
132
133
143
144
145
149
148
151
150
141
130
127
119
107
96
88
83
80
82
73
60
