15
18
26
36
35
47
56
58
54
50
49
37
32
30
17
8
6
7
5
4
8
6
8
7
3
8
13
13
2
-9
-7
-1
9
19
23
20
12
3
10
5
6
9
-6
-7
-10
-5
-9
1
13
8
10
16
14
4
15
28
29
27
23
31
31
30
43
47
44
31
36
41
40
54
62
66
61
61
63
50
51
61
65
71
69
73
56
48
51
51
56
58
62
53
58
51
37
27
38
47
44
42
34
25
7
-4
-13
-26
-44
-58
-63
-72
-81
-91
-102
-111
-116
-124
-126
-131
-134
-131
-139
-144
-166
-182
-183
-196
-205
-215
-210
-209
-212
-205
-198
-190
-173
-161
-150
-130
-118
-97
-92
-75
-57
-47
-31
-27
-22
-8
3
28
56
85
137
197
348
519
555
458
292
214
147
198
453
584
499
295
221
224
221
393
496
385
123
-125
-251
-360
-331
-226
-220
-240
-314
-235
-172
-209
-201
-283
-312
-396
-382
-270
-263
-215
-207
-190
-151
-152
-60
-6
0
13
-43
-29
-44
-21
111
190
290
325
348
387
342
383
419
411
436
421
469
469
444
506
485
445
361
263
255
169
106
43
-39
-102
-200
-228
-279
-355
-390
-446
-501
-535
-528
-497
-497
-489
-452
-411
-374
-324
-237
-177
-139
-79
-9
38
49
96
121
133
123
123
151
116
97
63
25
8
-33
-58
-98
-121
-161
-234
-277
-313
-382
-418
-435
-439
-431
-437
-421
-415
-378
-374
-361
-346
-329
-290
-255
-208
-166
-114
-88
-39
34
71
92
97
104
80
33
42
-8
-17
-71
-97
-133
-208
-220
-303
-347
-212
-39
-9
-53
130
354
218
323
554
597
385
412
785
723
656
824
1024
978
907
1122
1165
966
872
820
780
656
621
575
444
437
393
375
330
318
235
124
86
96
49
20
79
141
159
213
353
397
339
342
416
362
299
257
279
249
229
253
254
257
147
58
3
-52
-172
-330
-425
-485
-554
-580
-586
-596
-638
-688
-696
-725
-768
-842
-854
-872
-895
-962
-949
-974
-1046
-1128
-1196
-1339
-1545
-1802
-2037
-2192
-2558
-1908
-1359
-1116
-1449
-766
375
-187
148
1006
1548
395
161
1594
1429
671
1116
2157
2034
1408
2551
3225
2369
1976
1930
1725
661
555
343
-464
-832
-807
-814
-1182
-959
-887
-1369
-1681
-1394
-1363
-1869
-1965
-1480
-1540
-1391
-772
81
112
131
911
1221
1285
1086
1511
1544
1196
1339
1646
1833
1707
1765
1959
1843
1762
1583
1219
875
452
178
-198
-392
-522
-720
-834
-813
-601
-592
-712
-624
-633
-665
-839
-737
-573
-710
-596
-459
-95
-5
140
439
501
588
577
671
651
451
397
313
292
247
177
233
196
177
98
-6
-87
-259
-469
-606
-725
-832
-985
-1037
-981
-974
-988
-953
-887
-954
-1083
-1142
-1242
-1414
-1666
-1774
-1903
-2056
-2185
-2155
-1416
-1085
-960
-886
54
542
155
838
1632
1641
677
1253
2177
1481
945
1717
2369
1669
1501
2719
2761
1823
1747
2006
1430
379
332
-129
-1043
-1410
-1419
-1696
-2076
-1782
-1730
-2021
-1705
-1243
-1416
-1786
-1336
-1050
-1472
-1235
-450
-177
-510
105
1173
1348
1368
1850
2392
2196
2042
2397
2320
2034
1806
1829
1716
1535
1603
1390
1225
1102
896
494
145
14
-467
-1014
-1183
-1152
-1358
-1639
-1392
-1145
-1182
-1105
-717
-489
-609
-535
-311
-242
-374
-298
-136
-117
-12
162
365
515
686
829
825
969
981
774
602
502
361
-16
-181
-179
-349
-588
-628
-512
-607
-756
-713
-700
-844
-990
-1019
-1081
-1202
-1314
-1343
-1350
-1380
-1384
-1398
-1359
-1358
-1454
-1564
-1591
-1723
-1523
-1154
-964
-1000
-609
226
202
418
1258
1772
1336
1203
2144
2053
1248
1393
1979
1656
1050
1754
2316
1675
1463
1939
1868
1069
892
818
32
-567
-694
-1001
-1591
-1639
-1535
-1824
-1780
-1283
-1127
-1306
-965
-425
-601
-580
-3
249
-94
-3
745
808
640
1007
1532
1600
1510
1948
2180
2031
1989
2005
1921
1657
1466
1190
846
668
387
29
-152
-178
-439
-733
-629
-565
-804
-1065
-905
-805
-1034
-1074
-878
-721
-897
-814
-482
-346
-373
-359
-76
80
83
137
271
383
280
215
339
430
331
133
155
234
70
-127
-132
-101
-354
-601
-579
-531
-730
-938
-916
-901
-1006
-1085
-953
-857
-922
-907
-810
-708
-763
-852
-807
-837
-870
-992
-979
-1009
-1144
-1231
-1226
-1167
-1112
-788
-589
-499
-383
177
339
331
912
1342
1187
870
1484
1684
1045
989
1548
1456
856
1208
1896
1510
1131
1610
1767
1195
919
1142
640
-70
-203
-368
-891
-1209
-1130
-1336
-1453
-1111
-918
-1001
-723
-160
-205
-304
234
520
174
74
660
759
383
622
1100
1132
975
1362
1710
1517
1469
1628
1608
1357
1188
1056
708
486
293
-68
-323
-410
-563
-896
-846
-685
-822
-945
-729
-482
-675
-666
-387
-321
-512
-533
-305
-367
-527
-426
-243
-172
-155
34
199
301
448
469
477
500
481
320
182
185
19
-249
-324
-275
-379
-563
-516
-422
-530
-593
-506
-485
-619
-680
-610
-673
-809
-866
-878
-949
-1017
-979
-942
-947
-952
-898
-894
-900
-972
-1117
-1181
-1335
-1297
-1134
-1103
-1137
-978
-422
-330
-200
514
957
857
842
1593
1700
1065
1164
1630
1359
793
1186
1664
1128
913
1477
1618
1163
1099
1384
970
449
371
179
-335
-663
-755
-1071
-1195
-1005
-1024
-1126
-765
-320
-379
-222
428
628
365
498
1012
886
520
751
953
764
619
931
1085
946
1056
1272
1357
1337
1345
1239
1037
925
666
249
-17
-215
-582
-926
-902
-905
-1150
-1200
-918
-780
-876
-728
-413
-358
-464
-308
-166
-285
-407
-378
-338
-414
-361
-237
-205
-103
74
224
360
556
701
667
661
698
555
331
222
102
-166
-389
-379
-400
-566
-584
-408
-348
-357
-239
-71
-85
-184
-193
-236
-376
-583
-731
-865
-987
-1103
-1183
-1227
-1221
-1248
-1325
-1297
-1283
-1194
-1056
-984
-965
-876
-559
-524
-434
57
354
260
308
977
1150
803
1029
1514
1378
987
1349
1712
1258
998
1338
1380
910
793
975
639
240
202
90
-287
-540
-650
-968
-1136
-1069
-1188
-1355
-1128
-807
-891
-801
-210
63
-69
123
666
722
498
747
1014
903
776
983
1147
1047
1126
1283
1333
1335
1356
1331
1218
1167
982
693
512
407
104
-255
-339
-436
-719
-857
-724
-689
-823
-747
-517
-448
-426
-281
-141
-157
-152
-77
-91
-164
-156
-155
-217
-183
-103
-72
-39
121
246
281
372
464
413
308
305
240
8
-216
-308
-453
-641
-725
-725
-780
-803
-725
-631
-538
-464
-427
-438
-425
-418
-546
-684
-778
-925
-1156
-1309
-1338
-1484
-1646
-1663
-1583
-1604
-1385
-1085
-975
-922
-538
-127
-178
93
639
791
568
906
1459
1240
1000
1449
1694
1335
1276
1786
1794
1325
1523
1800
1573
1237
1378
1344
845
643
534
151
-258
-453
-730
-1085
-1132
-1138
-1352
-1313
-1002
-851
-902
-515
-72
-88
-69
303
575
359
414
700
706
549
632
849
795
765
940
1032
1027
1039
1063
1005
952
914
649
417
335
132
-253
-481
-544
-803
-1070
-1095
-997
-1078
-1129
-906
-709
-605
-471
-230
-61
-36
27
96
137
113
43
27
40
48
-2
2
165
273
302
387
594
669
554
567
628
475
201
54
-34
-303
-571
-648
-693
-816
-888
-791
-698
-648
-583
-471
-409
-416
-420
-446
-510
-639
-802
-941
-1048
-1162
-1322
-1453
-1515
-1533
-1609
-1502
-1182
-1057
-1006
-737
-209
-82
-18
504
862
773
729
1207
1302
899
961
1288
1178
898
1163
1460
1235
1207
1501
1544
1322
1262
1261
910
643
521
190
-213
-435
-617
-961
-1099
-1008
-1100
-1216
-994
-688
-660
-511
-46
184
171
350
723
800
693
847
966
884
813
909
954
855
899
969
969
988
1024
1005
944
954
814
556
393
260
-40
-406
-536
-675
-988
-1123
-1098
-1105
-1172
-1054
-804
-723
-600
-395
-219
-151
-71
71
85
55
55
-7
-63
-79
-116
-194
-213
-112
-56
-46
70
230
242
218
287
293
139
4
-55
-203
-439
-548
-604
-718
-811
-782
-711
-684
-569
-437
-340
-262
-175
-101
-123
-167
-221
-340
-467
-620
-772
-969
-1105
-1218
-1360
-1453
-1498
-1285
-1177
-1141
-938
-556
-279
-222
204
659
721
629
943
1312
1045
855
1192
1303
962
933
1369
1378
1075
1285
1557
1421
1173
1269
1274
910
704
587
319
14
-157
-381
-664
-722
-766
-965
-980
-753
-667
-721
-406
-3
69
147
511
797
705
715
911
901
691
605
644
530
372
363
380
372
384
430
460
514
509
387
315
285
125
-164
-334
-425
-661
-898
-920
-913
-1022
-1040
-816
-632
-575
-425
-163
-19
53
215
331
324
244
229
163
40
-54
-149
-230
-260
-245
-235
-208
-102
-19
-2
106
255
259
179
182
207
83
-85
-134
-197
-354
-479
-443
-409
-458
-419
-285
-166
-96
17
133
156
126
89
-11
-168
-319
-528
-762
-962
-1128
-1339
-1499
-1598
-1557
-1432
-1390
-1299
-1030
-656
-524
-289
225
506
472
640
1103
1151
860
995
1250
1054
800
1013
1200
929
904
1170
1218
1087
1121
1227
1062
904
819
581
290
77
-196
-583
-781
-856
-1122
-1312
-1184
-1048
-1128
-998
-572
-360
-303
-3
360
393
368
538
627
487
376
389
303
165
129
140
119
167
265
339
439
585
638
622
704
734
577
421
389
257
-10
-159
-189
-283
-443
-423
-280
-246
-182
3
211
296
365
492
555
535
488
439
326
179
20
-116
-202
-262
-330
-365
-314
-214
-140
-86
61
173
195
225
274
269
146
37
-33
-161
-318
-437
-524
-603
-653
-659
-609
-555
-505
-424
-336
-266
-260
-299
-339
-444
-620
-815
-994
-1214
-1451
-1640
-1753
-1879
-1930
-1772
-1667
-1606
-1364
-937
-667
-422
76
494
594
757
1218
1387
1176
1222
1472
1347
1098
1243
1433
1232
1162
1420
1512
1377
1418
1539
1391
1230
1169
974
652
402
139
-257
-551
-686
-968
-1265
-1262
-1161
-1243
-1199
-834
-583
-540
-310
93
232
187
318
463
358
222
210
163
18
-40
-23
-42
-12
88
177
271
456
585
605
656
737
673
535
474
376
127
-74
-126
-242
-416
-500
-468
-444
-411
-274
-111
21
148
282
398
480
512
463
371
339
247
83
1
-23
-88
-198
-162
-55
-16
28
164
310
341
357
419
429
340
251
181
58
-89
-234
-348
-439
-507
-553
-593
-552
-479
-440
-404
-318
-267
-300
-345
-371
-454
-651
-828
-981
-1185
-1429
-1628
-1758
-1911
-1927
-1801
-1741
-1636
-1335
-972
-752
-417
83
383
506
803
1183
1178
1093
1313
1434
1222
1149
1350
1326
1096
1183
1365
1274
1174
1272
1311
1149
1057
981
748
489
285
-5
-352
-566
-761
-1077
-1232
-1195
-1224
-1291
-1115
-802
-688
-576
-251
27
87
182
398
462
371
345
352
289
166
140
147
138
224
296
363
504
653
710
744
859
885
756
658
596
427
159
3
-89
-289
-476
-540
-531
-581
-591
-490
-376
-297
-191
-60
54
134
145
125
150
137
53
-46
-59
-73
-184
-231
-159
-96
-96
-24
144
264
285
380
493
477
409
387
366
217
58
-49
-160
-281
-381
-417
-457
-473
-445
-441
-434
-386
-390
-450
-487
-525
-634
-802
-920
-1052
-1277
-1472
-1594
-1705
-1852
-1839
-1657
-1602
-1551
-1292
-919
-734
-486
30
376
508
787
1240
1391
1296
1474
1668
1529
1398
1512
1567
1338
1268
1401
1329
1205
1248
1261
1105
1005
981
767
502
348
111
-234
-461
-564
-824
-1074
-1066
-1015
-1123
-1079
-770
-635
-608
-336
-9
63
116
336
469
425
465
552
501
408
424
450
404
436
519
520
559
676
721
686
721
776
666
552
510
391
123
-63
-148
-334
-547
-661
-676
-749
-807
-735
-624
-585
-499
-353
-238
-157
-96
-23
17
42
18
-24
-18
-33
-117
-158
-122
-85
-101
-69
47
120
140
184
278
306
284
276
254
184
77
-6
-71
-162
-255
-334
-371
-392
-424
-444
-424
-393
-412
-425
-391
-409
-496
-587
-618
-707
-861
-981
-1087
-1214
-1351
-1442
-1430
-1312
-1292
-1264
-1043
-731
-558
-360
108
464
573
774
1196
1387
1275
1367
1586
1520
1342
1391
1462
1255
1118
1193
1165
1039
999
1010
898
788
733
579
377
214
8
-266
-456
-576
-802
-1036
-1057
-1009
-1108
-1121
-884
-729
-714
-536
-224
-71
-30
112
309
367
353
414
458
429
409
412
431
469
495
496
568
676
694
673
731
816
756
655
627
578
397
227
137
19
-180
-320
-325
-370
-436
-450
-369
-298
-253
-173
-67
11
30
63
80
68
6
-101
-154
-192
-284
-367
-392
-362
-364
-338
-239
-157
-129
-80
26
80
55
37
39
-12
-111
-197
-250
-337
-441
-526
-575
-594
-628
-655
-651
-628
-620
-623
-629
-622
-656
-729
-820
-891
-992
-1141
-1249
-1342
-1411
-1514
-1528
-1354
-1274
-1217
-980
-610
-400
-259
221
620
719
867
1278
1534
1425
1513
1767
1757
1598
1668
1785
1637
1519
1627
1606
1470
1431
1418
1270
1102
1034
839
581
404
182
-131
-364
-497
-741
-1000
-1037
-1017
-1144
-1193
-982
-849
-876
-759
-491
-377
-359
-207
-23
33
68
175
234
250
283
345
365
413
479
493
537
624
677
657
684
732
659
562
542
480
304
151
112
-9
-193
-281
-303
-355
-424
-410
-356
-334
-294
-220
-171
-141
-106
-71
-76
-92
-105
-154
-201
-209
-222
-261
-246
-168
-123
-80
26
147
186
224
311
352
307
257
252
184
51
-21
-65
-148
-227
-271
-297
-339
-356
-363
-389
-404
-397
-440
-501
-540
-584
-676
-791
-872
-962
-1103
-1205
-1276
-1360
-1421
-1450
-1396
-1278
-1194
-1089
-856
-582
-402
-203
177
458
554
748
1108
1276
1223
1348
1567
1563
1459
1571
1679
1569
1478
1549
1544
1394
1301
1243
1089
910
767
564
321
127
-83
-337
-530
-649
-843
-1018
-1027
-1013
-1113
-1121
-943
-856
-858
-729
-502
-405
-365
-204
-25
33
86
202
284
334
382
457
485
533
600
617
668
720
730
679
669
685
589
471
414
342
185
44
-16
-105
-257
-337
-338
-370
-432
-421
-373
-377
-382
-361
-347
-345
-335
-326
-342
-341
-327
-333
-328
-289
-255
-250
-195
-106
-47
-2
83
173
193
207
274
319
286
242
246
212
135
96
87
61
3
-23
-12
-17
-47
-61
-79
-108
-147
-215
-276
-358
-464
-596
-711
-808
-915
-1035
-1104
-1157
-1226
-1250
-1260
-1141
-1038
-997
-858
-602
-397
-286
-23
300
450
569
851
1129
1182
1188
1394
1504
1439
1443
1563
1546
1406
1410
1415
1316
1178
1079
941
752
603
436
193
1
-169
-396
-599
-730
-840
-1019
-1093
-1073
-1081
-1136
-1065
-910
-881
-831
-652
-487
-443
-344
-165
-56
-11
86
210
291
347
430
500
566
633
672
710
744
766
725
673
669
623
500
406
363
270
129
42
-2
-108
-220
-264
-283
-331
-384
-366
-351
-374
-383
-339
-311
-321
-313
-300
-278
-271
-268
-264
-231
-185
-161
-107
-16
38
80
155
228
280
291
320
339
322
291
298
296
252
216
189
173
139
112
90
64
37
5
-42
-80
-121
-176
-240
-280
-357
-461
-537
-614
-694
-802
-871
-916
-979
-1037
-1058
-1056
-1071
-985
-882
-839
-728
-527
-384
-298
-32
247
336
467
745
954
956
1038
1273
1311
1241
1312
1414
1331
1198
1237
1206
1050
932
853
710
522
397
221
16
-136
-296
-483
-649
-721
-834
-1003
-1049
-1028
-1099
-1182
-1085
-964
-974
-920
-724
-588
-550
-404
-193
-82
-1
147
282
366
455
550
584
614
671
678
662
665
681
625
576
585
523
413
356
333
248
142
97
51
-58
-168
-196
-220
-292
-348
-345
-352
-376
-375
-357
-338
-323
-308
-286
-266
-232
-211
-185
-129
-96
-79
-29
10
44
65
92
131
148
168
197
221
223
224
241
240
226
224
216
193
184
161
133
102
72
40
-5
-40
-79
-122
-197
-261
-321
-392
-474
-537
-587
-658
-711
-743
-784
-836
-855
-863
-900
-897
-804
-746
-734
-636
-472
-386
-290
-44
148
243
433
710
869
910
1054
1232
1257
1239
1324
1368
1259
1175
1171
1095
951
829
742
582
419
301
137
-29
-164
-307
-463
-585
-667
-770
-894
-915
-915
-969
-977
-897
-815
-789
-702
-530
-417
-336
-188
-29
94
191
323
447
502
548
594
629
646
647
635
623
616
601
569
544
534
498
436
404
381
325
255
202
146
75
-5
-48
-78
-128
-176
-174
-173
-190
-189
-180
-157
-142
-124
-98
-68
-49
-62
-44
8
37
39
63
103
98
93
128
145
129
127
156
172
154
141
149
143
140
126
117
119
89
49
13
-8
-60
-124
-177
-215
-280
-360
-421
-464
-525
-590
-634
-667
-710
-775
-803
-841
-883
-930
-961
-967
-981
-1017
-1033
-961
-927
-931
-813
-637
-531
-412
-160
91
225
416
692
880
973
1105
1279
1338
1342
1388
1405
1334
1243
1198
1113
987
891
780
654
539
424
279
144
64
-54
-194
-313
-421
-534
-668
-747
-781
-854
-901
-858
-822
-793
-716
-596
-517
-440
-296
-143
-38
57
168
254
309
336
377
394
404
400
385
392
401
402
375
369
394
376
335
319
308
256
189
157
109
30
-45
-92
-139
-216
-273
-279
-296
-324
-314
-275
-247
-237
-205
-157
-129
-110
-82
-60
-27
-15
-21
-3
14
12
9
47
90
117
151
200
238
264
300
330
337
315
310
298
261
211
151
97
26
-52
-131
-198
-273
-361
-425
-470
-505
-552
-619
-645
-680
-745
-784
-837
-883
-930
-975
-1016
-1052
-1067
-1091
-1093
-1048
-1000
-944
-845
-685
-542
-380
-130
111
295
492
747
960
1067
1184
1321
1397
1390
1391
1418
1360
1275
1215
1147
1034
904
792
673
541
430
311
186
69
-62
-197
-320
-419
-541
-655
-709
-751
-813
-847
-789
-718
-680
-597
-451
-327
-232
-107
55
167
228
318
400
445
466
496
509
498
499
493
482
494
498
477
473
478
453
408
389
356
305
234
179
123
35
-57
-115
-164
-233
-282
-285
-284
-280
-274
-247
-208
-183
-153
-134
-104
-86
-81
-64
-40
-34
-34
-14
26
60
78
109
162
210
237
285
349
385
399
411
413
398
347
296
255
194
105
24
-36
-111
-191
-268
-343
-410
-490
-544
-571
-620
-685
-722
-750
-793
-842
-866
-896
-933
-958
-983
-981
-987
-978
-954
-897
-809
-725
-625
-478
-315
-176
4
216
385
548
720
889
1002
1061
1147
1203
1200
1175
1157
1126
1035
935
848
742
626
504
394
285
189
79
-43
-139
-240
-344
-429
-516
-605
-681
-746
-775
-793
-806
-779
-717
-647
-581
-478
-360
-247
-141
-18
95
192
282
354
414
448
472
486
486
485
488
473
457
464
442
413
393
395
378
341
329
296
245
188
147
89
17
-45
-97
-138
-173
-199
-221
-230
-233
-237
-231
-218
-198
-186
-175
-153
-139
-124
-112
-76
-54
-24
14
49
85
114
163
215
259
278
297
316
326
323
308
300
271
243
207
161
114
62
4
-46
-91
-155
-222
-261
-314
-374
-430
-481
-520
-572
-602
-625
-652
-674
-678
-680
-685
-668
-645
-630
-613
-574
-541
-503
-441
-388
-337
-254
-143
-67
21
163
295
389
489
623
714
757
818
878
869
816
794
762
670
565
478
391
283
180
94
2
-93
-166
-240
-311
-366
-428
-496
-546
-577
-621
-667
-681
-683
-692
-689
-642
-581
-525
-440
-319
-202
-103
18
141
243
343
442
522
571
613
649
661
651
643
643
629
621
614
602
580
565
546
530
511
488
467
430
401
351
292
239
186
132
72
19
-36
-79
-109
-138
-152
-166
-168
-165
-159
-150
-123
-104
-97
-68
-42
-23
-8
22
39
63
82
103
112
113
135
139
132
120
115
88
64
41
12
-23
-72
-119
-170
-227
-290
-348
-401
-452
-487
-522
-547
-570
-598
-607
-612
-602
-580
-553
-519
-486
-462
-434
-402
-387
-363
-348
-329
-319
-291
-245
-228
-194
-136
-68
-22
65
194
277
357
476
572
618
652
692
691
653
617
580
523
425
357
282
188
108
30
-49
-112
-153
-203
-248
-290
-319
-359
-408
-447
-480
-517
-549
-561
-559
-565
-541
-480
-425
-367
-261
-143
-57
59
185
295
372
447
510
548
578
593
592
580
567
561
545
527
519
509
501
506
501
478
462
436
395
349
293
227
149
75
12
-55
-128
-193
-238
-281
-330
-351
-342
-350
-347
-304
-261
-227
-186
-141
-96
-62
-26
-1
9
31
59
73
78
93
115
125
136
168
181
190
200
186
175
150
108
55
3
-63
-120
-181
-253
-314
-373
-419
-460
-502
-530
-542
-550
-538
-516
-483
-448
-406
-352
-304
-281
-262
-252
-248
-258
-275
-288
-302
-307
-291
-265
-250
-214
-155
-107
-63
29
125
189
260
347
408
416
423
431
401
343
306
261
191
133
99
65
25
-12
-28
-30
-37
-35
-29
-30
-39
-54
-72
-86
-124
-168
-196
-214
-223
-225
-210
-178
-129
-84
-13
77
163
236
328
423
492
548
586
614
615
618
610
589
557
536
515
488
467
442
425
400
376
353
321
291
258
197
146
97
35
-37
-95
-161
-218
-270
-321
-353
-382
-388
-385
-377
-360
-332
-306
-273
-236
-204
-171
-162
-131
-107
-86
-64
-38
-6
4
27
47
75
90
94
105
112
108
102
78
53
29
-20
-69
-113
-160
-207
-250
-285
-312
-337
-363
-375
-361
-357
-345
-318
-284
-258
-232
-191
-172
-157
-152
-133
-136
-149
-156
-165
-178
-198
-197
-202
-194
-181
-159
-134
-83
-40
-11
61
120
158
185
238
270
260
252
246
217
168
151
136
119
102
99
102
87
85
85
84
78
89
92
78
72
52
37
14
-7
-16
-47
-56
-50
-44
-28
6
55
89
137
197
271
323
375
437
481
498
506
514
506
488
458
421
368
333
288
244
203
172
138
91
72
47
13
-21
-45
-76
-109
-143
-176
-199
-246
-282
-307
-330
-357
-370
-364
-368
-361
-342
-322
-282
-249
-213
-169
-134
-90
-64
-28
-2
30
60
71
74
82
84
80
74
87
100
95
97
98
96
74
63
38
6
-24
-61
-98
-132
-155
-181
-211
-228
-240
-250
-257
-257
-254
-240
-226
-207
-187
-172
-164
-155
-149
-157
-167
-178
-194
-203
-211
-223
-215
-217
-198
-180
-163
-144
-113
-72
-44
-2
49
87
102
126
158
161
153
163
159
130
119
120
112
99
111
138
141
141
161
173
186
194
191
199
195
174
152
133
115
92
77
81
88
103
116
146
169
197
217
242
285
313
333
354
369
362
350
337
305
262
226
186
144
110
77
32
5
-23
-52
-75
-87
-97
-114
-128
-141
-152
-185
-207
-221
-238
-286
-323
-344
-374
-401
-414
-403
-400
-388
-350
-315
-286
-249
-206
-150
-108
-74
-27
20
39
59
80
90
97
101
113
133
153
159
168
184
196
190
182
173
160
133
111
84
51
30
15
6
-19
-45
-66
-80
-89
-112
-114
-105
-111
-109
-93
-79
-83
-93
-89
-110
-129
-134
-151
-164
-170
-185
-209
-215
-218
-225
-216
-199
-180
-171
-145
-126
-112
-73
-45
-26
-5
26
44
54
72
78
92
100
107
119
132
149
156
164
170
175
186
190
201
204
202
197
190
182
172
165
153
141
136
130
124
132
137
139
163
191
198
216
242
259
253
251
252
240
221
219
207
185
168
137
120
84
65
43
23
11
-15
-32
-50
-74
-111
-142
-164
-202
-237
-262
-290
-318
-333
-340
-348
-347
-345
-330
-303
-276
-243
-206
-162
-124
-85
-45
-15
18
39
48
53
64
68
62
65
71
76
87
94
99
98
105
97
78
62
53
43
20
-7
-33
-55
-88
-112
-133
-148
-159
-163
-175
-184
-184
-191
-193
-192
-183
-189
-184
-167
-162
-155
-153
-152
-153
-159
-152
-138
-139
-136
-126
-115
-113
-107
-92
-73
-59
-37
-8
11
29
46
66
82
100
112
130
148
149
156
166
171
179
188
207
222
236
246
252
261
267
274
286
293
293
295
303
304
292
291
283
280
270
264
266
260
254
252
250
246
240
232
225
215
201
185
163
130
95
58
15
-29
-71
-112
-146
-190
-217
-242
-266
-278
-291
-299
-307
-313
-319
-320
-324
-331
-334
-331
-342
-348
-346
-346
-331
-324
-318
-298
-266
-234
-197
-156
-116
-79
-45
-21
6
21
31
35
33
28
18
7
10
-6
-18
-21
-24
-21
-27
-14
-13
-21
-18
-23
-23
-33
-43
-50
-64
-73
-91
-103
-103
-111
-111
-108
-96
-78
-60
-35
-11
20
41
65
89
102
115
122
129
122
111
108
87
81
78
66
72
70
72
68
74
83
87
95
104
114
121
115
107
107
102
90
81
69
64
58
54
56
59
69
87
102
118
139
148
160
171
178
178
186
186
190
189
188
192
185
190
195
197
196
202
210
210
203
199
187
174
146
122
92
51
22
-5
-44
-77
-108
-138
-164
-188
-202
-221
-232
-238
-241
-250
-252
-246
-244
-255
-262
-265
-274
-279
-287
-290
-292
-287
-278
-266
-253
-231
-213
-190
-169
-136
-111
-100
-84
-73
-74
-74
-74
-85
-95
-100
-99
-107
-102
-94
-89
-84
-71
-52
-45
-42
-28
-21
-21
-16
-13
-16
-19
-20
-17
-18
-18
-11
-7
3
19
31
48
81
107
130
156
179
200
207
213
226
224
219
220
212
204
193
188
188
185
187
188
186
180
176
174
171
161
147
134
121
109
99
91
82
71
60
44
40
32
30
33
41
43
50
56
61
73
72
82
83
85
86
94
101
94
93
86
84
83
77
78
71
62
50
42
34
15
-1
-21
-43
-60
-79
-93
-111
-133
-140
-162
-184
-195
-209
-217
-230
-235
-229
-227
-224
-214
-211
-201
-191
-185
-177
-169
-166
-166
-156
-148
-152
-155
-153
-145
-142
-136
-118
-100
-89
-79
-60
-44
-40
-41
-36
-29
-27
-28
-24
-26
-27
-35
-33
-34
-38
-43
-47
-41
-36
-21
-14
4
11
17
27
34
51
57
57
65
71
76
82
90
104
106
117
130
146
167
181
194
200
213
215
209
203
196
189
177
162
149
135
116
101
88
76
59
41
34
28
22
13
7
2
-9
-21
-27
-34
-40
-42
-41
-43
-45
-42
-40
-32
-28
-26
-18
-11
-7
-3
3
2
3
4
5
3
3
4
6
9
4
-2
-7
-13
-17
-27
-29
-28
-38
-49
-56
-52
-60
-72
-84
-93
-96
-108
-111
-117
-124
-127
-128
-132
-131
-128
-127
-123
-111
-99
-91
-80
-72
-57
-51
-37
-24
-13
2
12
24
34
43
52
53
56
57
66
73
82
90
92
94
96
104
104
99
97
89
85
81
78
75
64
54
46
41
37
40
40
42
46
50
56
59
63
61
61
61
65
68
64
72
74
79
85
89
99
101
99
104
104
101
101
96
88
80
70
58
45
26
11
-4
-23
-42
-63
-79
-91
-110
-120
-128
-134
-138
-151
-164
-175
-188
-196
-207
-214
-215
-212
-205
-198
-191
-186
-174
-164
-154
-135
-121
-100
-82
-65
-45
-32
-22
-11
1
8
17
28
38
43
42
46
53
57
60
68
74
74
76
75
78
80
76
71
66
56
51
49
51
47
47
52
53
54
51
57
65
67
68
67
67
74
75
71
71
70
73
76
81
81
88
88
88
90
85
82
80
78
77
83
88
88
94
97
93
83
75
75
65
53
49
41
26
11
0
-7
-19
-33
-40
-47
-50
-48
-50
-53
-60
-64
-70
-75
-78
-81
-81
-80
-82
-82
-80
-73
-74
-70
-72
-68
-62
-58
-53
-46
-43
-49
-52
-57
-65
-75
-84
-97
-114
-127
-138
-152
-163
-174
-182
-188
-197
-192
-186
-189
-187
-186
-184
-185
-184
-183
-177
-169
-166
-157
-149
-134
-115
-99
-81
-63
-48
-34
-20
2
27
42
59
73
87
100
109
122
130
137
147
156
163
178
188
194
197
204
210
214
218
221
222
220
220
216
211
205
198
188
184
173
156
144
128
112
96
82
71
66
56
48
40
35
32
28
21
15
6
2
-3
-7
-8
-13
-19
-23
-28
-32
-31
-32
-36
-41
-41
-46
-52
-55
-59
-61
-61
-62
-71
-80
-86
-94
-102
-111
-121
-129
-130
-133
-130
-123
-119
-116
-109
-93
-85
-72
-59
-52
-40
-31
-21
-13
-4
5
12
15
16
20
23
30
38
42
50
54
55
57
60
57
51
47
42
40
34
23
16
4
-5
-10
-17
-22
-25
-27
-31
-32
-38
-41
-45
-41
-36
-30
-25
-24
-17
-15
-7
-4
2
6
18
31
35
47
51
59
68
76
81
86
91
93
99
103
105
105
108
111
116
114
109
107
100
97
90
79
72
65
56
47
36
24
19
8
2
-6
-16
-23
-33
-38
-44
-47
-50
-53
-58
-57
-60
-65
-67
-71
-73
-72
-74
-70
-64
-60
-54
-50
-50
-47
-46
-43
-43
-48
-52
-58
-64
-69
-71
-73
-72
-75
-74
-76
-73
-72
-75
-73
-76
-75
-79
-82
-85
-86
-87
-84
-79
-78
-74
-75
-67
-64
-56
-49
-42
-31
-21
-5
7
21
31
38
46
51
64
76
84
86
87
89
92
95
98
104
107
107
104
99
95
89
85
80
72
67
59
53
40
30
21
12
9
4
4
-2
-2
-7
-9
-11
-12
-12
-13
-6
-4
2
2
3
6
13
19
25
32
34
35
33
37
40
43
47
48
55
59
64
68
68
70
64
61
52
41
31
16
6
-6
-15
-22
-26
-30
-38
-41
-50
-57
-64
-69
-71
-77
-82
-86
-88
-94
-96
-99
-102
-97
-98
-93
-89
-85
-83
-75
-65
-58
-50
-39
-29
-23
-20
-17
-16
-15
-16
-19
-24
-26
-31
-35
-37
-40
-41
-43
-40
-41
-38
-34
-35
-33
-34
-35
-37
-37
-36
-35
-34
-30
-29
-25
-17
-8
5
15
29
41
52
