-39
-37
-36
-34
-31
-26
-23
-21
-19
-16
-13
-12
-11
-8
-7
-4
-4
-1
0
2
4
5
8
11
13
16
18
20
22
24
26
26
27
27
27
29
28
28
30
31
31
30
30
30
31
30
29
29
28
27
25
24
22
22
21
21
22
24
26
29
30
33
36
38
40
39
41
41
39
39
35
32
31
29
27
26
23
21
17
14
10
9
6
3
0
-5
-9
-14
-16
-16
-17
-18
-21
-25
-27
-28
-30
-29
-30
-33
-37
-42
-44
-48
-53
-55
-56
-58
-59
-57
-55
-55
-54
-51
-47
-42
-39
-35
-32
-29
-30
-33
-33
-37
-41
-47
-51
-57
-63
-67
-71
-74
-76
-73
-68
-63
-57
-53
-49
-46
-43
-37
-29
-20
-17
-11
-5
2
8
14
22
34
44
55
66
71
77
80
86
92
95
102
104
108
112
118
126
130
135
135
136
138
142
142
145
143
137
128
120
111
97
85
68
51
34
22
16
13
10
10
8
4
2
-4
-1
-3
-3
-8
-17
-32
-51
-66
-75
-81
-94
-101
-111
-118
-121
-121
-119
-128
-138
-151
-159
-163
-174
-189
-205
-225
-245
-252
-251
-252
-252
-244
-236
-226
-217
-203
-194
-184
-181
-184
-196
-208
-219
-227
-223
-230
-242
-265
-273
-281
-285
-278
-273
-259
-231
-161
-81
9
87
157
227
298
387
449
498
512
519
529
546
564
549
529
496
483
477
473
440
380
323
267
235
199
167
110
54
25
16
22
20
21
9
14
36
68
101
127
160
198
264
324
372
395
420
440
447
463
453
425
378
347
313
270
215
151
84
17
-27
-73
-112
-165
-215
-260
-288
-302
-322
-331
-336
-331
-327
-302
-281
-268
-255
-230
-200
-188
-174
-172
-168
-166
-148
-134
-129
-138
-160
-174
-185
-197
-222
-243
-276
-314
-345
-359
-390
-436
-470
-494
-524
-554
-580
-617
-641
-662
-660
-668
-665
-663
-631
-521
-381
-246
-146
-21
68
182
326
465
530
522
542
536
568
584
596
535
463
423
389
396
360
300
172
104
63
9
-41
-99
-161
-249
-237
-215
-208
-230
-228
-217
-206
-130
-76
-41
-17
53
130
246
381
472
518
558
618
626
632
625
569
483
422
385
322
261
208
140
72
40
21
-18
-47
-69
-107
-135
-130
-112
-108
-97
-67
-43
-16
21
53
73
103
143
182
214
239
250
251
257
260
261
257
237
185
125
74
19
-25
-66
-98
-127
-161
-193
-212
-228
-242
-251
-243
-226
-217
-201
-205
-201
-186
-178
-163
-160
-149
-147
-140
-142
-156
-168
-192
-212
-242
-264
-288
-312
-346
-388
-432
-474
-508
-549
-578
-631
-680
-726
-778
-798
-829
-777
-662
-529
-434
-325
-185
-96
64
255
419
455
493
546
558
597
624
626
540
521
493
463
451
432
348
219
205
157
96
11
-39
-122
-194
-147
-122
-121
-135
-104
-110
-53
54
113
159
224
308
368
476
576
625
627
663
706
701
705
675
586
466
387
320
231
169
109
34
-31
-39
-29
-49
-68
-84
-97
-91
-53
-19
-27
-34
-29
-3
29
73
92
98
114
138
171
196
235
224
211
180
157
122
74
14
-60
-102
-149
-191
-245
-268
-288
-305
-298
-264
-235
-216
-193
-197
-183
-181
-170
-164
-160
-160
-165
-162
-167
-193
-234
-255
-273
-289
-311
-334
-362
-384
-419
-459
-507
-560
-608
-655
-697
-733
-748
-756
-698
-589
-431
-304
-162
7
155
335
532
710
792
833
848
834
801
764
690
565
474
398
328
254
197
98
-17
-92
-129
-163
-243
-283
-332
-374
-385
-365
-351
-343
-306
-287
-232
-152
-56
24
114
237
336
456
590
694
747
771
784
763
729
663
564
436
308
192
83
4
-88
-171
-266
-335
-367
-413
-456
-491
-503
-508
-464
-419
-382
-344
-283
-217
-131
0
97
170
220
269
320
370
400
392
369
318
271
228
173
104
36
-44
-104
-137
-184
-217
-257
-292
-317
-314
-288
-270
-250
-220
-182
-145
-115
-91
-62
-45
-8
25
48
63
63
59
47
44
19
-20
-70
-135
-210
-277
-339
-400
-473
-551
-627
-679
-715
-757
-775
-788
-782
-773
-728
-625
-477
-308
-165
19
190
377
577
768
914
968
984
966
930
881
802
693
562
425
333
242
189
117
13
-67
-134
-156
-203
-274
-348
-412
-427
-418
-367
-338
-319
-263
-177
-50
91
228
328
449
574
703
829
891
914
894
854
784
705
601
455
307
141
16
-96
-202
-278
-349
-404
-445
-451
-443
-441
-439
-429
-421
-375
-304
-256
-178
-115
-25
59
138
254
326
393
436
467
474
450
413
335
236
153
60
-49
-131
-210
-287
-364
-384
-386
-391
-370
-352
-331
-298
-254
-216
-180
-152
-127
-114
-77
-46
-24
10
38
75
87
110
130
115
105
81
22
-47
-122
-194
-274
-353
-419
-504
-606
-687
-760
-831
-881
-932
-974
-1010
-1013
-999
-925
-731
-472
-203
47
344
640
867
1123
1365
1469
1431
1346
1247
1076
885
706
481
271
119
15
-69
-118
-128
-215
-298
-310
-317
-376
-459
-512
-558
-570
-527
-438
-337
-201
-29
164
390
640
848
969
1084
1178
1207
1173
1093
946
746
537
325
141
-35
-196
-319
-444
-491
-500
-517
-514
-510
-496
-524
-523
-503
-501
-509
-499
-462
-392
-279
-173
-44
119
276
421
529
642
682
661
673
614
512
390
246
100
-43
-145
-228
-313
-366
-392
-398
-388
-358
-309
-296
-255
-197
-158
-112
-61
-11
40
95
131
155
194
197
161
146
125
99
46
-19
-73
-107
-130
-147
-189
-260
-318
-402
-499
-579
-653
-765
-862
-943
-1026
-1088
-1128
-1145
-1148
-1163
-1126
-1065
-982
-647
-217
153
399
727
1136
1231
1476
1777
1826
1591
1277
1105
746
490
334
96
-128
-219
-161
-191
-122
-7
-127
-347
-391
-421
-585
-701
-760
-784
-716
-482
-181
98
444
720
917
1167
1402
1493
1398
1267
1109
920
786
651
454
257
135
10
-86
-91
-136
-293
-453
-538
-610
-664
-696
-703
-681
-621
-492
-333
-146
9
99
161
218
266
246
177
81
52
66
117
201
262
338
338
403
437
402
349
169
-1
-186
-323
-396
-470
-451
-422
-362
-228
-96
19
105
146
148
104
71
44
-45
-88
-118
-105
-56
-6
66
93
131
124
74
31
-45
-134
-221
-271
-308
-328
-331
-352
-388
-443
-505
-590
-696
-848
-1003
-1184
-1307
-1387
-1449
-1454
-1400
-1328
-1021
-315
361
781
1053
1580
1728
1671
1964
2041
1727
1064
794
490
89
57
-47
-246
-378
-185
-140
-215
-118
-193
-630
-947
-890
-926
-976
-917
-738
-535
-139
356
669
981
1191
1201
1156
1221
1235
1053
837
699
610
649
743
684
512
375
209
-37
-230
-342
-562
-833
-933
-866
-697
-486
-283
-128
41
212
330
388
395
307
119
4
-12
16
31
13
61
100
190
371
421
410
316
232
124
-3
71
3
-143
-143
-144
-99
-50
-30
-93
-219
-244
-242
-304
-289
-252
-259
-217
-70
99
141
196
215
137
111
78
-34
-157
-226
-304
-381
-336
-274
-258
-196
-159
-134
-125
-152
-228
-391
-540
-662
-812
-940
-1024
-1077
-1193
-1230
-1211
-1270
-1309
-1350
-1351
-1288
-716
82
690
970
1353
1932
1862
2036
2334
2251
1611
875
654
148
-85
-129
-285
-476
-421
-147
-195
-170
-96
-367
-913
-1045
-937
-910
-859
-698
-389
-51
490
880
1086
1290
1287
1118
1023
1051
993
807
635
587
634
782
801
547
266
0
-317
-668
-839
-892
-1046
-1130
-987
-696
-334
-26
143
234
290
326
301
221
141
14
-144
-141
-19
132
161
155
133
84
46
-5
-20
-33
14
-21
51
160
349
458
387
452
328
220
52
-131
-276
-461
-479
-488
-363
-170
27
152
244
345
363
324
243
174
38
-39
-90
-106
-46
-23
-25
-81
-68
-76
-147
-207
-276
-346
-399
-421
-447
-477
-517
-644
-793
-889
-1039
-1212
-1418
-1512
-1620
-1697
-1653
-1605
-1435
-979
-23
764
1212
1475
1929
2013
1768
1988
1948
1488
662
300
44
-280
-196
-194
-346
-486
-271
-254
-401
-389
-480
-941
-1258
-1030
-774
-574
-355
9
323
689
1061
1149
1132
1064
893
691
723
834
864
776
729
787
846
888
661
249
-151
-478
-776
-968
-909
-829
-787
-623
-298
56
335
459
417
329
278
245
172
135
129
68
16
74
207
235
125
-10
-157
-266
-344
-386
-406
-195
-18
133
297
497
699
523
568
386
180
48
-231
-299
-474
-389
-342
-275
-74
97
206
215
271
270
227
149
133
84
116
109
52
98
94
55
-106
-217
-275
-378
-397
-380
-338
-248
-207
-213
-244
-297
-441
-727
-1001
-1236
-1408
-1557
-1698
-1702
-1677
-1581
-1485
-1344
-1172
-820
113
946
1398
1548
1943
2118
1816
2030
2148
1716
842
349
80
-380
-393
-348
-582
-788
-605
-465
-549
-458
-406
-806
-1127
-879
-554
-325
-89
216
459
739
1065
1129
1084
1024
831
627
659
828
921
854
742
693
740
775
517
40
-357
-620
-824
-906
-723
-516
-427
-284
-39
257
467
496
332
164
121
124
119
140
151
87
6
0
64
54
-89
-299
-457
-465
-390
-285
-81
215
416
524
627
698
634
501
350
96
-98
-218
-340
-402
-378
-323
-285
-214
-95
-5
9
31
42
49
68
107
126
168
212
158
86
39
-59
-244
-416
-528
-567
-526
-392
-271
-175
-66
-74
-144
-267
-428
-690
-1031
-1324
-1471
-1556
-1610
-1603
-1623
-1502
-1432
-1390
-1349
-1307
-1170
-584
420
1254
1557
1759
2235
2028
1949
2185
1991
1239
300
37
-393
-621
-409
-426
-707
-771
-440
-413
-464
-355
-486
-992
-1026
-587
-237
15
255
554
706
975
1156
1086
979
821
632
580
776
1012
1042
843
678
638
617
467
38
-432
-710
-816
-792
-619
-325
-112
-11
128
326
497
521
340
119
21
46
131
177
202
152
12
-85
-138
-206
-337
-556
-688
-671
-490
-350
-154
195
432
618
605
732
595
397
423
155
85
-46
-99
-182
-263
-157
-193
-209
-175
-98
-57
68
191
250
242
290
338
282
285
134
-51
-176
-242
-299
-387
-350
-339
-297
-133
9
89
123
70
-93
-264
-417
-614
-875
-1118
-1239
-1302
-1331
-1298
-1351
-1406
-1412
-1411
-1453
-1474
-1403
-1183
-242
1015
1841
2013
2278
2554
2084
1997
2133
1721
713
-94
-293
-680
-643
-309
-447
-793
-710
-433
-474
-464
-326
-607
-1051
-804
-248
135
386
615
723
776
1002
1037
865
724
570
387
452
814
1073
949
669
504
401
365
167
-274
-624
-719
-666
-543
-270
50
164
129
174
288
376
337
194
72
42
157
291
310
249
98
-99
-274
-367
-409
-521
-602
-611
-452
-222
173
523
666
760
670
726
481
440
408
83
0
-211
-166
-192
-216
-269
-402
-386
-315
-207
-118
74
183
270
282
369
381
305
206
-44
-172
-290
-346
-433
-488
-458
-435
-344
-180
-47
30
29
-83
-199
-354
-533
-774
-1035
-1264
-1388
-1497
-1513
-1492
-1555
-1514
-1559
-1496
-1505
-1491
-1427
-804
600
1742
2234
2158
2636
2408
1905
2189
2123
1439
149
-262
-493
-767
-437
-344
-743
-1023
-705
-537
-570
-392
-292
-794
-952
-333
272
640
753
851
780
879
1002
818
617
448
275
223
508
844
962
702
362
250
272
286
-67
-536
-709
-701
-599
-359
-31
131
70
18
106
291
401
266
54
4
83
165
194
158
-8
-305
-519
-580
-547
-506
-529
-528
-419
-189
181
560
774
764
606
528
436
422
495
345
134
-59
-135
-123
-155
-221
-383
-478
-381
-192
-10
167
269
301
347
432
469
411
281
75
-68
-107
-102
-146
-218
-248
-269
-240
-110
12
53
60
0
-109
-205
-335
-556
-881
-1180
-1401
-1533
-1563
-1545
-1598
-1651
-1583
-1518
-1511
-1532
-1606
-1103
285
1710
2468
2262
2695
2626
1808
2057
2303
1844
398
-265
-360
-845
-583
-280
-680
-1229
-1015
-656
-693
-483
-116
-525
-942
-341
389
795
927
1008
858
791
993
912
669
512
325
142
365
750
965
725
322
112
106
366
286
-157
-412
-407
-340
-207
132
358
198
-29
15
203
397
401
160
-43
-68
74
175
119
-5
-256
-537
-618
-504
-342
-313
-364
-330
-214
287
658
696
631
488
448
82
207
449
119
-41
-271
-332
-267
-216
-260
-524
-559
-365
-243
-55
228
287
179
116
229
236
157
55
-184
-221
-129
-112
-146
-177
-214
-316
-315
-178
-82
-5
18
-53
-95
-113
-287
-560
-882
-1178
-1351
-1563
-1644
-1635
-1674
-1630
-1650
-1584
-1526
-1541
-1667
-877
883
2217
2546
2239
2737
2226
1558
2080
2226
1492
46
-242
-416
-809
-413
-340
-973
-1382
-995
-665
-646
-345
-141
-677
-711
53
660
967
1008
1021
832
879
1069
885
588
358
158
122
445
723
744
440
108
38
136
436
332
-56
-213
-229
-145
-5
204
234
-7
-212
-146
48
235
204
-18
-166
-166
-9
78
19
-111
-376
-537
-534
-386
-241
-177
-138
22
335
607
785
501
299
-21
-164
-1
-73
75
-52
-172
-227
-265
-111
-122
-220
-300
-278
-114
57
97
135
72
13
-35
-35
79
57
-10
-59
-58
17
12
-35
-88
-146
-110
-67
7
97
54
-8
-98
-249
-430
-628
-874
-1076
-1209
-1275
-1297
-1376
-1375
-1411
-1500
-1431
-1434
-1470
-1460
-1437
-263
1382
2590
2615
2178
2500
1640
1321
1982
2083
1194
-100
-115
-389
-736
-384
-445
-1104
-1304
-816
-452
-280
26
2
-680
-558
234
689
848
874
903
757
869
1025
842
471
129
-102
-65
316
533
556
352
195
305
471
694
510
147
-41
-139
-87
99
217
111
-134
-277
-223
-153
-27
-104
-288
-355
-342
-140
24
27
-128
-350
-417
-388
-229
-31
187
362
417
501
524
499
199
-7
-157
-351
-325
-233
-165
-162
-153
-195
-246
-189
-86
-97
-113
-31
-10
-12
38
68
8
-98
-132
-134
-78
22
-16
-99
-116
-90
-68
-17
60
61
8
10
26
25
-6
-140
-326
-516
-659
-755
-879
-1011
-1083
-1179
-1326
-1383
-1419
-1414
-1577
-1565
-1454
-1441
-1405
-1337
238
1895
2665
2294
2034
2340
1251
1190
2099
2157
911
-164
-80
-508
-935
-661
-743
-1338
-1152
-605
-286
-94
176
-128
-857
-437
396
746
832
1036
1082
895
916
938
712
240
-131
-224
70
519
670
683
509
326
381
545
712
489
197
109
59
156
298
238
19
-242
-404
-404
-314
-155
-216
-345
-289
-249
-78
36
-15
-141
-326
-334
-293
8
201
317
491
553
504
250
327
162
-231
-333
-337
-396
-387
-291
-251
-255
-240
-62
19
180
216
101
37
-10
-50
-126
-69
-43
-103
-144
-61
-25
-27
-85
-219
-244
-166
-49
26
136
165
21
-75
-74
-114
-169
-288
-424
-527
-708
-821
-973
-1146
-1290
-1479
-1565
-1561
-1473
-1491
-1396
-1428
-1379
-1527
-874
917
2120
2426
1796
2085
1731
923
1680
2485
1886
263
-146
-182
-791
-1101
-681
-889
-1230
-783
-347
-37
-79
-120
-793
-1032
-262
353
590
787
1200
1026
842
822
762
499
98
72
173
603
865
777
549
246
212
334
609
734
513
357
387
286
114
79
-38
-285
-456
-266
-80
-71
-60
-181
-334
-408
-374
-276
-170
-56
6
-17
85
242
221
117
197
454
493
414
418
433
264
29
-143
-387
-596
-649
-569
-425
-218
-107
-32
82
154
122
28
57
63
13
31
140
130
23
-132
-282
-291
-211
-110
-62
-2
113
193
176
129
26
-83
-192
-215
-136
-77
-58
-141
-371
-667
-883
-991
-1140
-1264
-1313
-1377
-1469
-1474
-1418
-1387
-1423
-1415
-1510
-1270
371
1874
2325
1750
1720
1679
672
1168
2450
2432
825
170
253
-343
-956
-674
-532
-1168
-742
-200
102
-14
-182
-619
-1233
-630
60
409
599
1039
1039
696
788
691
426
102
224
532
743
1008
933
694
382
180
288
610
769
568
380
405
333
-75
-172
-153
-369
-573
-357
14
-28
-190
-328
-395
-425
-407
-333
-174
55
135
117
145
186
91
-24
103
384
503
443
294
196
65
-134
-312
-482
-658
-743
-642
-371
-115
-112
-175
-186
-127
-96
-99
5
90
99
112
168
139
-37
-232
-386
-433
-309
-98
56
81
107
136
90
24
-51
-151
-247
-254
-141
-19
-14
-100
-234
-460
-674
-780
-859
-923
-1012
-1153
-1287
-1350
-1344
-1382
-1317
-1204
-1204
-1216
-1094
-22
1276
1942
1582
1333
1525
972
983
1894
2426
1232
349
538
138
-610
-709
-17
-477
-601
71
281
-60
-606
-521
-937
-801
-29
395
470
509
831
547
399
453
327
162
256
784
919
970
1028
840
549
344
431
565
712
657
459
284
80
-202
-324
-296
-375
-430
-331
-150
-157
-282
-315
-341
-350
-332
-171
163
337
301
222
169
140
62
105
333
492
531
461
423
217
-102
-275
-383
-499
-590
-416
-216
-45
-111
-318
-393
-404
-319
-287
-115
53
74
94
168
182
-16
-254
-393
-362
-250
-58
108
144
154
86
-15
-57
-83
-187
-307
-284
-174
-110
-160
-212
-293
-432
-611
-722
-727
-763
-898
-1094
-1185
-1241
-1256
-1283
-1258
-1180
-1191
-1158
-1121
-1022
-228
791
1328
1075
1011
1246
906
828
1491
2033
1236
553
724
553
-64
-388
296
189
-178
91
269
2
-736
-620
-566
-597
-326
32
249
115
308
388
298
211
172
297
437
773
1051
1120
1119
1021
863
773
797
851
926
814
669
468
216
-77
-248
-226
-295
-307
-268
-207
-252
-378
-312
-353
-415
-344
-160
88
174
230
196
105
62
107
215
375
459
419
388
299
143
-77
-220
-354
-428
-402
-259
-93
-133
-272
-438
-520
-494
-423
-292
-160
-66
-7
20
28
-64
-231
-343
-337
-194
10
220
301
258
207
111
12
-42
-69
-125
-165
-96
-36
-105
-214
-293
-371
-491
-552
-530
-519
-588
-662
-744
-856
-930
-859
-851
-854
-828
-788
-757
-827
-762
-694
-327
100
412
454
462
582
415
454
677
908
727
589
744
719
609
532
699
572
353
344
416
394
68
4
-4
-7
-58
-60
-22
-177
-182
-97
44
-26
-147
-104
-25
103
224
474
594
597
614
647
677
592
616
578
490
425
381
314
232
258
195
45
-77
-127
-142
-173
-143
-157
-219
-208
-147
-142
-196
-243
-344
-363
-215
-5
30
-55
-83
-128
-112
-92
-55
-103
-174
-134
-43
107
161
118
-19
-112
-49
60
147
165
147
58
-42
-80
-133
-256
-349
-351
-287
-163
-21
23
-52
-102
-80
-43
-8
32
43
-2
-78
-84
-101
-183
-233
-215
-199
-202
-187
-219
-308
-416
-519
-650
-737
-694
-644
-599
-620
-690
-790
-852
-882
-940
-945
-812
-571
-401
-289
-190
-176
-235
-187
48
280
413
509
584
727
895
960
939
909
915
908
994
1150
1133
964
846
792
665
530
461
366
258
245
325
274
62
-90
-146
-162
-159
-60
35
34
53
112
135
94
95
149
151
207
304
347
356
405
403
284
216
214
245
260
276
266
221
175
136
91
41
-15
-109
-179
-163
-87
-109
-180
-220
-259
-285
-252
-205
-274
-327
-289
-193
-149
-155
-198
-302
-293
-210
-94
-29
-8
-5
-42
-51
-81
-127
-211
-233
-211
-168
-91
-27
-8
-63
-81
-46
-14
-29
-61
-94
-130
-167
-213
-257
-331
-386
-401
-381
-368
-375
-411
-481
-570
-682
-751
-802
-808
-786
-734
-712
-768
-796
-809
-765
-670
-491
-315
-255
-221
-143
-33
57
154
258
372
514
629
723
798
855
912
930
978
983
998
954
817
736
626
520
355
269
173
47
26
13
6
-69
-117
-162
-186
-178
-192
-144
-140
-97
-32
46
124
148
195
211
247
295
348
372
393
384
335
374
391
361
266
237
244
198
225
249
210
75
0
21
35
1
-63
-125
-179
-189
-148
-103
-130
-184
-159
-69
-45
-44
-49
-72
-107
-101
-49
-45
-54
-68
-42
0
22
19
-14
-62
-133
-152
-118
-93
-126
-175
-186
-176
-153
-143
-120
-97
-112
-99
-82
-112
-197
-245
-263
-317
-358
-342
-325
-356
-368
-380
-373
-412
-459
-493
-567
-640
-695
-683
-665
-669
-718
-771
-759
-696
-536
-333
-226
-257
-295
-264
-198
-53
91
188
270
442
623
717
762
753
783
845
946
1007
1046
1023
851
703
623
553
364
233
205
154
113
102
139
58
-29
-53
-20
-10
-33
15
68
102
118
185
226
221
236
263
286
276
322
387
438
415
389
424
432
415
373
322
200
121
161
203
188
82
-15
-103
-90
-49
-65
-115
-200
-220
-202
-71
-15
-63
-110
-95
-49
-15
29
-35
-122
-181
-126
-97
-127
-169
-209
-192
-179
-122
-89
-111
-164
-158
-93
-57
-69
-116
-168
-221
-224
-192
-179
-188
-232
-255
-250
-250
-283
-312
-321
-337
-362
-349
-318
-329
-360
-380
-379
-377
-387
-367
-381
-445
-507
-551
-603
-643
-638
-623
-638
-623
-604
-562
-408
-239
-176
-233
-256
-239
-147
37
188
281
332
394
439
529
603
608
632
700
824
907
967
905
747
614
550
520
435
380
299
232
234
239
203
67
-18
-48
-30
12
67
118
84
84
121
166
163
143
182
232
304
357
376
373
364
382
387
405
356
255
176
129
99
52
12
-49
-96
-112
-122
-133
-144
-166
-198
-199
-189
-184
-147
-92
-69
-99
-74
-44
-86
-123
-124
-131
-187
-203
-176
-172
-191
-182
-134
-103
-62
-23
-10
-22
-17
28
33
21
-38
-98
-128
-136
-106
-100
-112
-153
-191
-205
-172
-127
-129
-114
-133
-146
-151
-150
-156
-212
-257
-288
-267
-250
-255
-300
-357
-378
-446
-497
-516
-511
-519
-531
-516
-493
-468
-493
-470
-366
-255
-214
-207
-142
-89
-20
86
216
271
272
334
395
479
511
546
604
655
710
752
788
719
627
576
523
439
374
353
292
251
255
225
133
35
13
13
48
82
114
155
176
199
182
172
173
197
249
309
360
351
335
342
348
307
232
174
110
90
112
122
78
16
-14
-40
-83
-119
-162
-206
-238
-250
-226
-213
-237
-260
-220
-167
-158
-168
-168
-197
-253
-262
-260
-288
-309
-289
-263
-252
-211
-141
-104
-91
-91
-90
-62
-32
-9
4
-9
-35
-53
-40
-14
-17
-49
-73
-89
-99
-96
-79
-80
-104
-127
-133
-143
-181
-203
-205
-204
-222
-230
-240
-286
-345
-364
-362
-376
-429
-462
-461
-468
-485
-482
-456
-432
-418
-442
-443
-449
-402
-294
-166
-96
-70
-26
0
77
187
315
367
396
471
548
636
644
651
678
706
721
740
763
664
552
497
481
408
325
303
245
206
162
139
103
54
49
52
76
81
74
64
60
64
79
106
118
162
211
248
270
250
213
180
148
101
73
91
92
60
48
55
26
-21
-45
-63
-100
-128
-107
-83
-73
-103
-124
-132
-128
-115
-95
-78
-140
-166
-174
-195
-236
-263
-263
-281
-279
-233
-157
-122
-130
-121
-90
-47
-23
0
12
-11
-26
5
54
58
28
-2
-14
-14
4
-5
-52
-107
-151
-151
-141
-138
-172
-201
-215
-217
-214
-232
-267
-329
-370
-379
-377
-393
-403
-418
-432
-439
-424
-402
-396
-382
-393
-393
-376
-356
-334
-312
-292
-275
-213
-139
-81
-47
-17
33
89
173
265
318
350
387
416
461
498
529
540
560
611
599
578
543
467
394
347
340
289
228
196
180
155
127
115
71
34
34
78
113
125
146
147
160
178
184
180
181
195
196
189
176
142
96
107
122
112
80
63
85
129
171
161
132
68
57
70
77
59
15
1
-16
-3
-28
-72
-156
-231
-248
-243
-228
-249
-274
-304
-291
-247
-217
-199
-218
-216
-183
-150
-127
-136
-137
-155
-149
-120
-79
-61
-61
-43
-21
12
12
-6
-44
-77
-100
-88
-61
-49
-56
-76
-85
-100
-98
-111
-117
-137
-151
-180
-206
-221
-241
-264
-286
-281
-283
-263
-238
-208
-195
-206
-219
-220
-229
-248
-270
-309
-325
-322
-312
-302
-297
-257
-233
-172
-73
-1
38
64
120
177
239
306
343
358
386
409
408
425
434
426
441
464
474
463
450
415
361
345
322
285
253
254
251
235
222
195
172
151
152
165
171
157
133
138
119
74
49
40
22
33
83
114
138
166
213
213
209
216
218
212
209
231
225
217
172
141
110
81
35
-20
-53
-119
-149
-180
-197
-221
-247
-269
-274
-259
-268
-275
-299
-301
-294
-279
-250
-230
-218
-212
-173
-126
-64
-29
-17
16
57
87
94
84
50
12
-6
6
19
6
-32
-79
-108
-119
-122
-146
-180
-202
-217
-214
-226
-258
-311
-362
-363
-335
-297
-270
-266
-285
-302
-286
-278
-296
-313
-329
-333
-300
-251
-234
-249
-276
-270
-241
-213
-177
-157
-137
-103
-45
6
45
62
70
87
132
162
190
230
252
265
268
311
325
338
342
363
397
409
445
454
461
425
406
395
384
357
326
311
263
260
274
269
219
175
160
137
150
158
149
105
93
123
165
213
209
196
186
197
203
214
208
174
182
198
216
207
188
145
125
117
89
66
22
-23
-87
-117
-151
-210
-247
-274
-285
-294
-287
-291
-291
-286
-285
-284
-279
-268
-251
-216
-177
-155
-152
-127
-99
-83
-64
-39
-53
-65
-50
-26
-17
-30
-50
-70
-85
-84
-66
-59
-65
-65
-51
-50
-70
-101
-122
-152
-171
-155
-137
-146
-164
-185
-220
-246
-260
-267
-258
-245
-228
-209
-184
-171
-174
-180
-168
-147
-110
-78
-55
-60
-64
-67
-87
-86
-93
-96
-106
-104
-96
-83
-52
-31
0
22
44
52
83
119
145
174
211
228
231
253
255
264
269
289
301
313
331
323
325
330
323
307
312
313
308
320
322
302
277
246
219
203
200
198
184
155
133
114
101
111
98
101
112
124
152
157
133
106
100
85
70
68
42
-3
-40
-53
-65
-84
-110
-154
-190
-202
-191
-191
-198
-222
-253
-255
-247
-236
-230
-224
-220
-204
-184
-177
-192
-213
-226
-243
-239
-222
-220
-227
-229
-221
-211
-184
-168
-164
-152
-128
-108
-106
-97
-87
-76
-69
-51
-36
-37
-18
-17
-14
-26
-48
-63
-71
-74
-76
-65
-61
-53
-37
-25
-36
-51
-53
-45
-29
-8
4
5
13
16
16
19
23
15
23
39
38
35
34
32
46
69
93
108
124
152
171
186
195
194
200
214
220
216
207
197
195
210
229
231
234
240
244
252
267
280
276
262
253
240
222
205
178
169
181
175
162
135
102
78
68
61
51
47
55
66
68
51
19
-1
-11
-18
-10
-5
-30
-59
-71
-80
-98
-112
-132
-163
-179
-182
-189
-211
-225
-233
-241
-239
-242
-255
-270
-284
-293
-278
-264
-270
-278
-280
-273
-272
-258
-250
-263
-258
-243
-224
-200
-182
-170
-162
-138
-106
-87
-84
-78
-60
-52
-26
3
14
21
27
37
35
35
38
42
31
37
44
43
37
25
13
3
-2
20
43
47
58
61
62
60
60
59
49
45
45
47
41
32
15
1
5
12
29
37
46
66
97
109
117
112
111
139
170
205
214
210
191
188
187
196
202
201
213
224
243
255
254
234
217
228
240
254
243
218
183
165
164
156
137
94
69
70
60
42
26
-7
-25
-24
-16
-2
-17
-24
-22
-35
-30
-33
-42
-65
-66
-55
-41
-38
-73
-98
-135
-161
-170
-154
-148
-149
-144
-113
-127
-176
-189
-239
-246
-237
-188
-160
-190
-190
-211
-217
-222
-197
-179
-174
-154
-134
-102
-99
-88
-87
-83
-82
-58
-48
-53
-47
-51
-20
-2
8
5
-4
-8
-8
0
-1
1
-13
-11
2
1
6
6
-15
-38
-37
-26
-7
6
27
40
41
53
59
72
61
35
27
27
35
39
23
4
-23
-42
-43
-44
-50
-41
-22
-4
13
18
18
-4
1
28
51
62
60
53
49
74
96
97
83
78
92
118
138
156
153
140
145
153
160
152
141
136
131
127
114
88
46
25
15
27
25
11
-4
-9
-4
-9
-11
-33
-44
-55
-40
-23
-34
-49
-67
-71
-61
-41
-45
-64
-72
-78
-68
-58
-51
-48
-49
-45
-34
-20
-21
-39
-56
-47
-34
-24
-26
-32
-24
-28
-18
0
7
1
8
34
60
75
80
78
61
51
58
65
58
55
60
72
84
89
84
69
54
53
55
54
36
22
21
16
22
16
4
-28
-50
-43
-45
-45
-43
-45
-42
-38
-32
-29
-24
-21
-17
-5
2
-3
-18
-26
-25
-35
-60
-79
-92
-106
-111
-109
-121
-136
-142
-131
-121
-107
-96
-90
-90
-89
-80
-73
-65
-50
-29
-17
-4
22
33
37
36
28
31
34
47
56
67
79
86
76
57
45
32
35
40
48
42
24
1
-20
-28
-29
-39
-47
-49
-60
-64
-70
-81
-99
-109
-114
-108
-93
-90
-97
-105
-99
-97
-99
-84
-77
-80
-75
-68
-67
-70
-71
-76
-76
-69
-61
-52
-33
-8
8
10
4
17
25
30
49
83
110
117
129
138
141
130
130
134
134
137
152
164
173
178
175
179
171
180
179
185
181
168
163
142
127
109
100
91
80
80
83
77
66
59
50
45
45
48
50
40
35
25
14
2
-11
-14
-12
-18
-31
-51
-71
-92
-115
-116
-126
-136
-130
-126
-124
-123
-117
-130
-139
-147
-134
-114
-101
-92
-84
-69
-68
-49
-30
-9
13
31
49
61
65
56
60
66
72
75
74
76
68
60
61
52
35
22
13
7
-2
-11
-19
-37
-59
-65
-69
-74
-84
-98
-110
-124
-131
-138
-149
-154
-153
-148
-143
-140
-127
-120
-113
-108
-98
-88
-86
-75
-69
-56
-46
-36
-17
-7
1
10
19
20
24
27
33
46
62
72
83
93
95
101
110
120
125
128
136
144
150
151
150
143
137
135
134
133
134
128
116
106
93
78
63
51
42
27
22
23
18
12
9
10
7
-7
-24
-29
-37
-39
-40
-35
-40
-50
-57
-68
-71
-82
-89
-93
-98
-95
-91
-91
-96
-99
-102
-104
-109
-109
-111
-109
-109
-114
-108
-105
-94
-84
-64
-42
-23
-4
10
28
38
52
67
82
93
109
119
116
117
113
112
111
115
118
115
113
106
97
87
76
60
48
38
25
14
5
-12
-36
-59
-78
-89
-102
-115
-125
-131
-145
-149
-145
-154
-160
-159
-150
-132
-122
-116
-109
-110
-108
-99
-86
-75
-68
-61
-46
-34
-27
-20
-16
-11
-3
10
25
36
44
54
67
76
86
94
107
119
130
138
141
143
139
142
140
139
143
148
145
136
127
121
111
88
74
61
51
39
36
35
22
16
9
-2
-9
-16
-25
-29
-35
-43
-50
-64
-69
-74
-75
-73
-77
-75
-77
-80
-73
-76
-84
-86
-96
-98
-93
-94
-97
-103
-110
-113
-114
-113
-113
-115
-110
-105
-97
-85
-78
-60
-47
-34
-15
9
32
54
70
85
98
101
103
104
110
118
124
130
142
146
147
145
137
127
113
97
84
72
67
62
55
48
36
21
9
-3
-19
-25
-34
-44
-52
-61
-72
-75
-76
-76
-73
-79
-78
-79
-80
-69
-67
-61
-53
-44
-27
-18
-15
-4
-7
1
10
11
14
14
13
13
12
13
20
23
30
37
50
62
72
82
86
88
94
100
99
104
110
107
103
97
91
84
74
57
46
38
25
10
-3
-12
-18
-26
-31
-36
-45
-56
-65
-71
-76
-83
-89
-90
-93
-94
-98
-100
-97
-91
-90
-92
-86
-81
-79
-82
-84
-83
-83
-86
-93
-96
-98
-98
-98
-93
-94
-88
-75
-63
-50
-37
-27
-15
-3
8
20
30
44
54
63
79
90
98
109
116
121
129
132
136
137
135
133
125
123
118
116
116
106
94
84
72
55
40
23
11
-1
-6
-9
-14
-20
-28
-37
-52
-65
-74
-81
-88
-89
-89
-84
-77
-75
-77
-79
-81
-82
-78
-75
-71
-66
-51
-39
-30
-23
-16
-10
-3
12
26
43
54
60
71
82
88
93
95
100
104
112
120
124
126
126
124
120
122
119
118
118
119
122
121
116
109
97
86
83
76
66
53
36
18
6
-6
-18
-37
-52
-61
-66
-75
-88
-99
-105
-113
-116
-118
-124
-126
-129
-131
-131
-126
-121
-121
-119
-117
-109
-107
-112
-115
-118
-111
-105
-103
-96
-86
-69
-55
-52
-48
-47
-43
-35
-28
-20
-9
7
16
26
29
38
46
43
43
45
47
51
52
52
49
45
46
44
36
31
25
18
10
1
-4
-8
-11
-15
-17
-25
-30
-37
-52
-61
-74
-80
-85
-90
-88
-89
-90
-93
-99
-103
-100
-95
-93
-83
-70
-59
-46
-35
-25
-15
-14
-8
1
6
17
29
35
41
51
59
65
67
72
83
91
100
104
113
120
123
129
140
145
150
151
151
147
146
142
134
132
127
119
112
108
104
99
93
85
77
69
65
50
31
25
15
5
-3
-10
-16
-25
-28
-33
-39
-46
-54
-60
-63
-53
-51
-49
-45
-49
-45
-44
-50
-51
-51
-47
-43
-41
-37
-34
-35
-33
-33
-32
-33
-34
-37
-39
-40
-35
-29
-19
-12
-4
5
11
12
8
10
13
17
19
20
22
26
28
28
20
8
7
1
-5
-9
-10
-11
-12
-13
-20
-28
-34
-35
-46
-53
-59
-67
-69
-75
-75
-79
-80
-81
-86
-91
-88
-93
-91
-87
-81
-71
-63
-55
-48
-45
-42
-34
-30
-26
-23
-17
-13
-10
-2
5
13
17
21
24
25
29
34
39
41
41
46
52
59
63
66
65
64
63
59
60
61
65
66
66
73
72
69
65
58
54
48
39
32
25
19
14
10
6
5
-2
-12
-18
-24
-26
-25
-28
-28
-20
-14
-9
-12
-20
-27
-29
-27
-30
-31
-29
-21
-15
-6
-4
-3
1
8
8
10
11
12
15
18
26
31
27
29
31
26
27
25
25
22
25
29
32
31
33
35
32
33
32
25
16
13
10
6
4
4
-2
-4
-10
-21
-28
-31
-39
-42
-46
-47
-52
-64
-70
-75
-73
-77
-78
-80
-78
-76
-76
-78
-77
-76
-73
-71
-65
-57
-55
-46
-46
-46
-46
-42
-36
-26
-14
-7
1
11
19
23
33
36
37
39
38
36
34
35
37
38
37
41
41
38
34
35
38
40
40
42
38
35
34
23
16
3
-7
-12
-16
-19
-21
-22
-26
-33
-38
-42
-44
-45
-47
-46
-45
-41
-38
-35
-42
-49
-55
-57
-59
-56
-56
-53
-46
-40
-35
-28
-20
-15
-7
1
6
13
15
17
18
21
25
32
38
39
42
44
47
49
53
55
59
65
68
72
76
74
74
74
73
69
63
56
47
44
40
39
36
36
34
36
38
31
25
21
15
11
8
5
0
-3
-5
-9
-14
-21
-25
-28
-33
-37
-35
-33
-29
-24
-24
-22
-19
-18
-17
-16
-14
-12
-10
-5
-2
3
8
12
18
22
27
29
29
30
33
34
39
44
46
47
49
51
54
53
51
49
49
48
47
45
40
35
30
26
20
13
7
-1
-7
-13
-17
-24
-27
-31
-34
-35
-38
-41
-46
-50
-51
-54
-56
-60
-62
-66
-68
-70
-73
-73
-73
-70
-68
-64
-61
-56
-51
-44
-38
-32
-28
-24
-21
-18
-16
-16
-16
-15
-9
-5
2
7
13
19
27
31
35
38
41
46
48
52
53
51
54
53
49
46
44
42
40
39
39
39
40
40
39
39
37
31
28
22
18
11
6
2
-3
-6
-8
-11
-14
-20
-22
-22
-22
-17
-15
-14
-12
-12
-10
-11
-11
-12
-11
-8
-5
-2
2
3
6
9
13
17
22
26
30
34
36
39
40
41
41
44
45
47
48
47
47
48
48
46
46
45
43
41
37
31
26
21
15
9
4
0
-5
-8
-13
-17
-21
-26
-32
-36
-39
-44
-48
-52
-55
-61
-65
-69
-70
-71
-71
-71
-73
-72
-73
-70
-69
-64
-62
-58
-53
-52
-50
-49
-48
-49
-47
-44
-44
-40
-38
-34
-30
-24
-18
-13
-9
-6
-4
-1
1
2
2
1
1
1
1
1
0
1
-1
0
0
0
1
4
7
7
9
8
7
6
4
2
1
1
1
2
3
1
1
2
4
5
6
10
12
