20
13
11
12
6
10
13
15
18
16
17
11
19
20
8
5
-6
-17
-25
-37
-47
-57
-66
-57
-54
-44
-26
-23
-11
-19
-16
-15
-11
-8
-22
-20
-22
-15
-14
-6
1
-5
3
-1
-2
-15
-15
-14
-18
-14
-20
-16
-24
-23
-25
-33
-34
-43
-48
-58
-57
-52
-53
-44
-38
-35
-30
-30
-27
-18
-23
-16
-18
-25
-28
-34
-21
-16
-13
-13
-7
-4
-12
-4
3
5
-3
-7
-4
-10
-9
0
15
13
13
23
23
19
19
27
27
22
14
13
11
14
21
20
23
19
19
27
38
45
52
68
79
83
96
109
109
96
95
103
100
100
112
115
116
131
153
170
174
176
180
182
177
162
149
144
126
110
113
111
107
105
113
111
99
96
93
77
66
60
39
24
7
-5
-17
-13
-9
-38
-48
-60
-75
-85
-80
-72
-87
-98
-94
-84
-91
-105
-113
-119
-125
-140
-159
-166
-172
-186
-170
-157
-153
-155
-154
-166
-154
-130
-129
-90
-100
-86
-95
39
227
161
188
133
104
24
-16
154
54
42
56
152
240
376
677
694
640
491
407
283
270
223
-21
-131
-332
-300
-325
-181
-59
-261
-227
-399
-425
-536
-601
-502
-826
-844
-874
-837
-693
-716
-539
-587
-570
-463
-461
-335
-303
-241
-125
-82
44
144
239
376
393
463
494
495
520
476
524
535
534
547
506
467
428
413
399
343
255
182
83
30
-24
-90
-115
-196
-241
-297
-345
-295
-287
-278
-265
-242
-191
-147
-71
-13
32
90
164
234
309
369
408
463
467
469
458
425
394
324
275
222
160
82
8
-52
-149
-231
-258
-365
-433
-514
-572
-618
-705
-678
-716
-700
-682
-695
-608
-588
-529
-460
-419
-310
-272
-206
-157
-153
-112
-70
7
46
89
174
152
168
174
155
85
30
50
-28
-44
-84
-97
-102
-153
-118
-131
-123
-145
-157
-102
-137
-71
-39
12
91
97
242
311
422
557
612
725
777
909
1007
1019
1101
1116
1163
1177
1201
1219
1151
1152
1102
1047
995
910
872
789
709
654
585
506
395
295
207
121
67
-5
-106
-188
-220
-248
-286
-317
-342
-343
-347
-349
-345
-348
-349
-345
-350
-356
-414
-466
-509
-564
-643
-734
-832
-958
-1150
-1280
-1448
-1647
-1826
-2096
-2194
-2529
-2046
-1447
-1427
-1480
-1383
-258
-543
-530
392
544
313
-422
770
1039
500
1049
1369
1715
1315
1998
2744
1965
1842
1585
1270
837
426
455
-496
-874
-790
-1065
-1037
-1173
-1154
-1501
-1852
-1585
-1711
-1783
-1827
-1853
-1734
-1605
-971
-539
-357
-98
207
611
822
1028
1116
1193
1265
1299
1508
1754
1927
1885
1947
2065
2046
2012
1857
1687
1382
1117
990
760
620
477
381
294
191
291
219
103
1
-145
-198
-360
-371
-373
-420
-337
-298
-117
-15
77
192
167
228
234
217
156
67
106
96
97
157
153
151
85
49
-13
-172
-291
-480
-713
-898
-1147
-1311
-1527
-1648
-1799
-1997
-2140
-2429
-2554
-2820
-2294
-1908
-1940
-1977
-1518
-534
-850
-367
552
799
485
320
1544
1366
1006
1425
1753
1884
1594
2501
2863
2286
2289
2159
1915
1326
934
511
-574
-932
-1125
-1525
-1751
-1960
-1954
-2240
-2277
-1947
-2031
-2118
-2223
-2181
-2120
-1995
-1532
-1388
-1211
-817
-269
279
652
1040
1263
1557
1787
1897
2039
2130
2148
2047
2104
2239
2290
2237
2137
2029
1819
1640
1436
1095
729
465
229
-51
-219
-248
-409
-558
-526
-487
-508
-605
-573
-536
-611
-600
-592
-546
-481
-396
-246
-158
23
165
220
344
438
514
478
460
466
346
275
213
181
60
-86
-150
-266
-380
-481
-628
-802
-997
-1172
-1390
-1595
-1820
-2023
-2268
-2453
-2602
-2806
-2256
-1926
-1830
-1792
-1104
-204
-495
80
949
1258
857
863
1977
1628
1363
1789
2200
2185
1895
2788
2949
2490
2539
2422
2140
1461
1204
720
-360
-702
-1012
-1520
-1955
-2086
-2026
-2419
-2403
-2035
-2067
-2157
-2138
-1811
-1834
-1906
-1500
-1336
-1221
-987
-412
99
358
848
1262
1627
1902
2159
2392
2412
2394
2345
2267
2155
2039
1908
1726
1573
1472
1322
1140
978
827
651
414
160
-60
-222
-401
-558
-655
-714
-735
-682
-592
-543
-453
-329
-203
-125
-47
71
145
150
217
344
421
504
631
741
782
814
881
881
831
754
625
474
237
37
-179
-382
-553
-705
-842
-986
-1065
-1190
-1336
-1520
-1712
-1875
-2103
-2319
-2549
-2812
-2992
-3281
-2987
-2553
-2458
-2355
-1941
-922
-812
-425
579
1012
971
857
1813
1843
1375
1643
1877
1820
1494
2080
2477
2049
2106
2247
2090
1690
1482
1238
225
-327
-586
-1256
-1847
-2175
-2247
-2668
-2793
-2338
-2185
-2127
-1942
-1574
-1431
-1395
-965
-831
-878
-727
-353
-43
99
553
944
1249
1677
2103
2414
2570
2755
2828
2707
2627
2576
2368
2071
1879
1774
1540
1343
1211
1063
928
801
764
541
435
302
91
-47
-257
-335
-594
-671
-649
-735
-735
-761
-649
-608
-483
-256
-195
-94
-11
44
67
79
182
106
17
22
38
52
-11
-19
-40
-122
-154
-186
-262
-413
-583
-736
-901
-1037
-1190
-1392
-1616
-1761
-1884
-2071
-2245
-2408
-2608
-2785
-2965
-2691
-2307
-2258
-2190
-1808
-988
-825
-503
424
893
925
981
1810
1958
1621
1839
2076
1953
1736
2199
2413
2030
2085
2242
1992
1649
1562
1312
425
-32
-244
-919
-1557
-1832
-2051
-2621
-2803
-2508
-2490
-2553
-2276
-1886
-1769
-1547
-1017
-813
-814
-560
-158
33
135
485
714
857
1216
1551
1771
1995
2313
2463
2496
2692
2793
2681
2476
2366
2168
1855
1656
1422
1068
779
673
516
306
211
180
53
-4
85
-14
-192
-240
-262
-393
-548
-551
-615
-775
-724
-564
-491
-414
-207
29
139
326
537
582
572
558
520
399
291
186
-19
-148
-188
-253
-398
-473
-496
-621
-730
-772
-850
-1093
-1317
-1434
-1626
-1840
-2075
-2258
-2448
-2630
-2677
-2786
-2406
-2112
-1994
-1770
-1149
-394
-384
169
965
1255
1161
1459
2110
1873
1684
1993
2065
1766
1749
2154
2056
1781
1968
1950
1595
1390
1352
819
94
-132
-516
-1262
-1742
-1939
-2382
-2857
-2847
-2689
-2801
-2688
-2296
-2007
-1793
-1337
-848
-702
-484
-99
133
193
381
629
687
882
1282
1530
1710
2073
2420
2559
2706
2935
2969
2781
2652
2491
2132
1781
1471
1036
560
303
136
-136
-350
-330
-323
-394
-307
-221
-216
-302
-301
-359
-525
-601
-718
-849
-935
-888
-821
-752
-558
-321
-174
15
279
464
552
627
685
577
456
357
164
-83
-272
-396
-604
-736
-742
-808
-864
-865
-836
-894
-1010
-1070
-1222
-1436
-1691
-1933
-2187
-2475
-2652
-2810
-2546
-2369
-2278
-1989
-1376
-663
-519
166
1013
1333
1404
1814
2366
2156
1993
2226
2114
1720
1717
1936
1711
1424
1622
1623
1339
1318
1311
853
275
83
-321
-1098
-1581
-1938
-2539
-3029
-3104
-3090
-3226
-3072
-2662
-2387
-2043
-1427
-866
-617
-311
138
417
535
719
891
918
1082
1368
1523
1706
2078
2364
2521
2805
3123
3230
3181
3190
3081
2768
2458
2144
1640
1113
741
437
69
-159
-210
-322
-346
-235
-82
-83
-62
23
-99
-256
-361
-502
-715
-904
-957
-1050
-1086
-961
-821
-675
-476
-184
71
249
472
605
602
566
512
346
90
-98
-302
-555
-719
-818
-933
-1021
-1006
-996
-1014
-1019
-1036
-1120
-1276
-1392
-1651
-1985
-2255
-2552
-2787
-2693
-2614
-2607
-2483
-1873
-1210
-973
-154
726
1149
1368
1934
2490
2309
2259
2458
2265
1859
1858
1959
1624
1333
1482
1391
1137
1141
1136
759
331
246
-132
-784
-1174
-1564
-2175
-2675
-2839
-2973
-3203
-3118
-2826
-2627
-2258
-1618
-1064
-677
-185
361
745
1002
1298
1481
1510
1627
1756
1772
1831
2028
2159
2258
2476
2743
2880
2952
3070
3016
2818
2615
2352
1873
1379
947
464
-32
-416
-630
-903
-1000
-953
-933
-880
-705
-493
-478
-464
-399
-452
-591
-660
-742
-923
-1067
-1045
-1030
-985
-820
-583
-344
-88
257
483
634
763
838
760
617
483
255
-28
-312
-536
-777
-984
-1112
-1205
-1264
-1285
-1266
-1277
-1311
-1341
-1457
-1625
-1833
-2022
-2299
-2356
-2248
-2384
-2374
-2088
-1511
-1298
-892
56
604
911
1392
2159
2385
2317
2643
2710
2353
2177
2224
1946
1453
1343
1255
846
687
691
417
-5
-125
-230
-715
-1047
-1202
-1624
-2120
-2353
-2476
-2759
-2926
-2785
-2730
-2616
-2200
-1690
-1313
-883
-233
333
750
1192
1599
1790
1925
2092
2157
2097
2136
2184
2108
2129
2260
2326
2313
2376
2439
2325
2172
2074
1824
1437
1077
711
268
-181
-513
-794
-1085
-1199
-1270
-1333
-1256
-1120
-969
-897
-733
-564
-530
-450
-396
-413
-458
-463
-414
-418
-361
-234
-116
53
264
501
685
870
1027
1078
1099
1102
1010
788
559
334
42
-243
-490
-710
-932
-1095
-1175
-1305
-1355
-1397
-1514
-1641
-1797
-1907
-2130
-2319
-2146
-2141
-2235
-2120
-1689
-1263
-1209
-585
169
476
746
1320
1926
1963
2104
2466
2403
2212
2238
2236
1903
1556
1507
1162
742
627
447
37
-334
-387
-620
-1065
-1243
-1417
-1827
-2154
-2256
-2361
-2568
-2612
-2525
-2464
-2280
-1902
-1512
-1205
-769
-252
202
601
1015
1346
1546
1781
1999
2085
2131
2232
2240
2163
2181
2238
2206
2128
2125
2079
1942
1839
1699
1435
1148
908
627
274
-23
-259
-546
-800
-929
-1027
-1126
-1127
-1049
-992
-913
-767
-649
-587
-473
-392
-407
-380
-318
-318
-367
-308
-209
-152
-42
127
297
412
553
659
703
709
681
582
412
268
89
-135
-346
-509
-702
-889
-1008
-1132
-1245
-1382
-1468
-1604
-1743
-1844
-2013
-2117
-2279
-2208
-2048
-2094
-1981
-1692
-1253
-1075
-726
57
427
606
1051
1687
1919
1894
2229
2405
2184
2104
2173
2061
1714
1541
1432
1075
943
853
549
198
72
-47
-460
-716
-823
-1187
-1580
-1724
-1787
-1995
-2149
-2070
-2014
-1914
-1676
-1342
-1092
-829
-431
-60
288
646
955
1165
1415
1699
1822
1851
1964
2030
1962
1941
1998
1979
1858
1800
1766
1659
1569
1453
1236
960
778
576
232
-50
-252
-511
-780
-910
-938
-1068
-1143
-1059
-1013
-961
-858
-714
-634
-594
-459
-392
-349
-236
-159
-125
-75
75
188
236
363
510
597
662
763
843
841
817
771
679
584
445
248
60
-106
-298
-520
-724
-876
-1062
-1250
-1393
-1554
-1681
-1817
-1944
-2055
-2144
-2233
-2347
-2196
-2068
-2071
-1954
-1607
-1192
-1045
-554
74
371
664
1149
1639
1708
1834
2140
2065
1899
1936
1914
1627
1315
1271
1040
707
610
429
111
-184
-287
-490
-841
-996
-1188
-1490
-1680
-1736
-1817
-1955
-1926
-1814
-1741
-1554
-1259
-973
-734
-363
44
391
758
1102
1406
1623
1874
2090
2160
2220
2306
2292
2213
2204
2160
2007
1878
1834
1738
1551
1406
1269
1063
859
707
517
257
64
-92
-273
-445
-557
-676
-802
-835
-808
-807
-802
-733
-682
-620
-511
-404
-334
-252
-131
-59
1
97
158
162
197
267
288
282
313
320
275
255
259
209
103
23
-77
-224
-359
-514
-722
-915
-1089
-1252
-1455
-1615
-1742
-1924
-2025
-2091
-2155
-2246
-2323
-2313
-2374
-2287
-2043
-1942
-1827
-1573
-1155
-878
-573
55
432
656
1052
1545
1768
1763
2018
2142
1972
1917
1953
1839
1527
1370
1291
1000
825
707
469
209
47
-42
-294
-482
-584
-802
-1002
-1083
-1133
-1251
-1342
-1298
-1235
-1168
-989
-757
-559
-354
-57
290
604
868
1134
1339
1525
1710
1794
1807
1805
1783
1675
1570
1519
1426
1265
1142
1055
960
860
752
610
459
360
227
69
-42
-148
-333
-484
-573
-655
-746
-808
-784
-794
-759
-673
-578
-504
-412
-299
-212
-111
2
86
115
186
253
269
287
309
317
326
351
376
385
386
380
357
313
287
218
73
-47
-169
-311
-500
-666
-808
-989
-1124
-1219
-1318
-1422
-1477
-1516
-1601
-1666
-1670
-1701
-1762
-1804
-1709
-1567
-1547
-1431
-1160
-859
-672
-357
169
451
631
996
1380
1527
1596
1804
1827
1670
1638
1632
1451
1215
1106
956
713
587
475
244
61
-6
-101
-298
-394
-447
-644
-818
-890
-961
-1080
-1144
-1133
-1134
-1091
-934
-756
-614
-419
-122
169
430
661
840
991
1143
1287
1331
1307
1309
1254
1133
1059
1018
928
798
742
719
643
569
522
463
375
303
222
139
39
-72
-162
-256
-306
-372
-430
-453
-449
-402
-389
-313
-218
-187
-139
-58
22
54
74
120
130
127
145
152
160
179
186
189
206
243
260
260
257
222
177
110
31
-59
-171
-294
-424
-523
-611
-716
-825
-883
-915
-979
-1024
-1053
-1092
-1164
-1251
-1312
-1399
-1466
-1548
-1578
-1489
-1460
-1454
-1331
-1053
-830
-651
-273
111
312
546
905
1163
1208
1314
1444
1371
1319
1334
1250
1062
960
922
761
651
617
478
295
213
160
-13
-187
-276
-417
-620
-759
-838
-958
-1075
-1109
-1115
-1087
-989
-839
-713
-556
-330
-88
136
334
532
697
854
993
1082
1121
1155
1180
1149
1108
1081
1035
951
882
836
777
709
666
615
530
455
409
335
224
140
77
14
-41
-47
-90
-116
-114
-118
-97
-118
-107
-129
-151
-111
-122
-129
-105
-83
-44
-34
8
61
81
108
134
173
184
185
171
139
99
46
-28
-105
-158
-229
-291
-326
-355
-392
-425
-452
-474
-483
-502
-548
-603
-649
-711
-791
-912
-999
-1118
-1262
-1351
-1442
-1442
-1388
-1352
-1295
-1114
-849
-656
-418
-11
312
490
757
1107
1294
1332
1486
1578
1512
1467
1476
1405
1240
1168
1090
920
813
740
565
384
285
171
-42
-199
-303
-483
-670
-779
-867
-1001
-1099
-1129
-1141
-1130
-1035
-948
-857
-705
-510
-307
-117
99
286
460
632
785
897
942
966
990
966
927
885
850
780
707
678
618
558
509
464
405
388
384
345
295
270
279
235
194
178
124
59
15
-4
-62
-150
-198
-232
-240
-233
-257
-242
-216
-194
-154
-98
-38
-20
-32
-9
22
23
1
-45
-67
-93
-113
-138
-167
-192
-241
-278
-281
-266
-284
-330
-343
-338
-349
-383
-426
-484
-550
-634
-749
-820
-932
-1059
-1197
-1301
-1351
-1472
-1543
-1510
-1438
-1400
-1316
-1111
-906
-747
-480
-151
106
325
590
853
1003
1142
1292
1338
1321
1322
1311
1233
1136
1063
935
797
710
605
475
367
288
193
82
19
-53
-184
-289
-360
-439
-540
-624
-639
-662
-668
-589
-500
-385
-266
-117
68
235
421
584
726
840
945
1031
1076
1089
1065
1002
953
905
830
774
703
648
593
542
516
492
460
396
369
350
298
248
192
139
65
-25
-85
-152
-242
-327
-416
-491
-549
-585
-622
-649
-650
-649
-633
-612
-579
-554
-542
-509
-454
-406
-370
-339
-315
-259
-223
-192
-151
-151
-119
-108
-94
-54
-27
-18
-40
-8
47
46
32
14
4
-40
-96
-142
-232
-344
-502
-639
-747
-887
-1030
-1169
-1265
-1332
-1314
-1258
-1220
-1108
-907
-699
-503
-203
106
278
467
746
950
1018
1118
1222
1196
1161
1201
1153
1029
939
887
782
701
674
566
440
370
330
222
127
60
-64
-186
-250
-317
-429
-518
-583
-632
-672
-650
-589
-540
-444
-341
-213
-37
110
233
364
515
640
739
815
875
922
931
934
916
888
848
780
733
698
658
619
562
525
486
464
430
381
335
276
203
135
64
-15
-114
-233
-333
-423
-502
-593
-654
-690
-731
-760
-764
-721
-696
-672
-611
-542
-472
-412
-335
-274
-228
-192
-164
-130
-109
-93
-75
-69
-29
11
20
47
88
120
140
157
173
163
139
120
78
11
-71
-158
-284
-406
-537
-683
-823
-989
-1111
-1247
-1346
-1431
-1476
-1404
-1388
-1351
-1214
-999
-847
-686
-376
-143
2
219
498
664
751
915
1022
1013
1055
1124
1082
1002
994
948
845
837
818
716
632
604
535
420
350
261
113
-7
-87
-224
-362
-472
-561
-653
-688
-665
-667
-613
-509
-392
-224
-38
140
305
455
633
754
814
880
892
895
872
837
796
722
657
592
542
508
455
403
374
353
336
285
232
172
97
9
-96
-175
-283
-386
-484
-563
-628
-709
-745
-772
-783
-753
-709
-657
-613
-539
-454
-399
-321
-235
-186
-140
-70
-20
15
49
88
128
135
185
226
243
283
308
335
363
405
431
414
409
402
367
318
253
193
109
-2
-93
-204
-344
-468
-592
-735
-858
-991
-1100
-1205
-1301
-1365
-1401
-1332
-1284
-1230
-1084
-879
-691
-495
-185
76
243
462
732
896
994
1140
1238
1248
1305
1365
1341
1310
1309
1247
1133
1103
1060
915
800
729
627
473
358
234
36
-140
-270
-413
-548
-655
-751
-816
-815
-796
-762
-684
-599
-485
-378
-224
-90
-1
109
190
269
311
353
366
340
332
317
285
253
209
165
129
80
51
2
-51
-99
-152
-202
-253
-314
-373
-414
-456
-470
-474
-482
-499
-494
-459
-450
-418
-375
-340
-290
-226
-151
-88
-9
57
132
210
276
363
414
461
519
552
595
624
650
680
694
717
728
745
752
726
732
722
697
687
635
607
573
504
440
343
229
118
-21
-140
-247
-371
-481
-581
-679
-788
-877
-961
-1067
-1147
-1208
-1287
-1308
-1265
-1235
-1214
-1113
-933
-809
-675
-407
-199
-72
130
371
502
586
750
832
811
839
880
810
717
686
602
460
397
353
219
107
79
-17
-144
-182
-241
-366
-444
-442
-512
-591
-596
-622
-670
-659
-600
-586
-534
-434
-354
-283
-171
-61
5
65
149
215
232
252
260
240
200
169
131
83
26
-17
-59
-92
-114
-141
-159
-167
-159
-139
-138
-105
-55
-28
13
59
130
160
186
255
290
308
349
359
361
357
351
370
347
336
335
306
303
294
278
267
265
269
261
275
289
276
281
285
265
238
206
188
160
116
117
112
87
75
76
66
47
59
39
14
-11
-38
-86
-174
-231
-299
-401
-493
-577
-660
-765
-847
-903
-979
-1006
-1028
-1021
-962
-939
-876
-793
-685
-567
-461
-299
-156
-51
90
235
332
417
512
578
592
620
669
648
614
634
614
572
555
550
506
454
450
394
324
287
219
149
85
19
-55
-140
-190
-264
-308
-312
-344
-355
-354
-344
-354
-335
-303
-299
-284
-258
-208
-176
-157
-128
-141
-138
-113
-119
-114
-100
-86
-97
-73
-20
2
40
127
216
293
390
494
576
641
708
769
778
788
791
762
732
667
617
532
452
381
308
260
186
156
129
98
70
36
21
-1
-36
-35
-53
-75
-72
-94
-100
-88
-64
-41
-20
29
70
110
176
236
299
332
371
413
395
395
369
323
266
183
99
18
-96
-213
-314
-413
-519
-624
-712
-791
-881
-973
-1047
-1129
-1194
-1242
-1258
-1262
-1253
-1218
-1160
-1058
-951
-816
-665
-498
-343
-193
-30
100
229
350
441
512
576
654
695
729
773
765
767
779
747
714
663
626
558
466
398
287
187
99
-4
-96
-194
-282
-339
-399
-457
-486
-521
-519
-519
-511
-470
-436
-399
-364
-304
-243
-196
-156
-119
-73
-40
16
88
150
221
276
349
418
491
577
622
686
731
756
796
803
800
765
733
703
639
570
501
426
338
262
210
141
45
-31
-89
-163
-228
-268
-290
-329
-367
-377
-389
-398
-407
-383
-365
-337
-283
-244
-189
-127
-62
8
75
140
197
236
283
319
347
357
340
332
291
245
197
118
57
-42
-139
-221
-335
-429
-545
-655
-750
-851
-936
-1034
-1118
-1196
-1249
-1298
-1344
-1369
-1369
-1351
-1321
-1259
-1170
-1078
-959
-809
-660
-488
-314
-125
52
233
428
580
735
853
956
1060
1115
1169
1188
1174
1166
1119
1069
1009
934
865
780
691
604
505
408
307
203
111
7
-83
-162
-254
-322
-379
-424
-444
-472
-485
-464
-414
-370
-334
-264
-203
-144
-55
32
103
166
229
305
372
428
489
529
571
597
606
626
635
643
625
607
594
563
534
491
438
401
362
311
257
210
171
121
74
32
-15
-58
-93
-119
-126
-145
-156
-155
-171
-176
-171
-165
-157
-150
-132
-94
-44
2
40
81
111
144
165
179
205
203
201
206
177
144
105
55
0
-57
-105
-160
-242
-311
-382
-470
-541
-620
-707
-793
-883
-945
-997
-1058
-1108
-1145
-1167
-1180
-1184
-1165
-1145
-1108
-1065
-1010
-919
-838
-748
-631
-519
-402
-261
-117
11
127
266
398
502
602
686
732
775
826
838
845
852
840
808
780
758
720
662
617
567
498
437
375
318
247
179
133
71
18
-24
-64
-99
-124
-132
-130
-126
-101
-77
-45
-6
29
64
99
141
178
210
244
262
265
301
328
348
384
404
424
428
451
472
470
480
479
467
460
427
402
359
312
282
233
190
143
104
35
-24
-69
-121
-190
-233
-269
-328
-360
-388
-419
-456
-492
-508
-511
-522
-504
-501
-481
-456
-435
-398
-370
-337
-304
-273
-249
-230
-206
-193
-201
-186
-179
-188
-180
-181
-196
-215
-229
-244
-273
-307
-337
-373
-410
-452
-502
-540
-579
-609
-613
-621
-613
-611
-597
-589
-579
-554
-532
-497
-458
-412
-354
-302
-250
-177
-106
-39
48
149
237
316
408
502
568
635
724
795
842
893
933
959
966
961
937
908
877
835
789
711
632
556
474
386
292
205
120
33
-40
-107
-174
-236
-279
-311
-344
-358
-366
-360
-359
-349
-332
-311
-279
-238
-201
-151
-102
-55
-1
48
106
164
222
272
329
375
417
446
466
486
488
489
481
461
421
401
365
305
257
205
148
90
33
-25
-82
-147
-201
-251
-300
-334
-365
-407
-427
-441
-467
-476
-467
-454
-438
-398
-362
-317
-271
-227
-169
-113
-55
-9
37
93
128
159
192
222
238
239
250
243
226
211
184
142
90
44
-10
-65
-115
-163
-204
-241
-273
-303
-325
-341
-353
-356
-357
-347
-334
-323
-300
-291
-275
-240
-223
-186
-156
-136
-96
-64
-15
21
59
120
174
235
290
353
407
459
516
540
574
590
596
594
572
548
510
457
400
333
272
206
135
65
17
-40
-103
-138
-176
-210
-229
-260
-286
-308
-328
-343
-362
-364
-371
-365
-368
-359
-345
-327
-278
-240
-182
-124
-63
-4
48
100
138
185
224
243
256
262
273
267
254
247
234
225
198
166
147
102
65
29
-10
-50
-94
-123
-145
-173
-200
-217
-219
-240
-249
-240
-234
-235
-224
-199
-189
-184
-163
-136
-119
-81
-53
-40
-6
26
50
85
103
134
157
165
180
183
174
167
149
135
116
95
66
23
-1
-29
-66
-93
-122
-144
-163
-182
-207
-227
-236
-243
-241
-237
-233
-217
-210
-203
-179
-160
-142
-101
-69
-31
18
60
104
145
183
223
255
274
304
331
348
358
356
367
364
360
362
353
348
333
311
284
255
217
167
126
84
35
-7
-44
-87
-129
-154
-180
-209
-225
-239
-251
-262
-256
-248
-248
-238
-234
-220
-209
-191
-162
-142
-124
-100
-75
-45
-24
-2
26
41
61
91
108
117
136
149
157
177
172
168
162
145
141
128
118
98
85
58
34
13
-20
-40
-69
-88
-109
-143
-162
-185
-203
-216
-230
-234
-235
-227
-227
-223
-215
-219
-210
-194
-189
-173
-159
-142
-129
-106
-80
-56
-24
6
36
56
73
89
101
103
103
106
96
84
75
63
49
27
10
-5
-24
-29
-34
-44
-45
-46
-43
-37
-21
-14
-2
20
31
45
57
79
100
124
148
167
190
207
224
240
246
254
268
282
286
298
305
299
306
297
291
279
261
248
222
194
163
123
78
38
-1
-37
-64
-102
-140
-172
-206
-222
-239
-243
-231
-233
-226
-219
-211
-191
-179
-151
-123
-103
-80
-64
-42
-19
-1
13
22
37
54
75
93
111
128
146
150
150
153
147
134
116
87
64
33
4
-10
-38
-60
-76
-87
-101
-127
-148
-175
-201
-226
-242
-260
-284
-303
-326
-343
-356
-364
-366
-368
-370
-372
-365
-357
-355
-336
-319
-308
-281
-268
-242
-214
-195
-166
-145
-120
-96
-74
-53
-32
-8
8
23
50
76
92
106
126
147
162
173
183
187
199
215
225
242
261
272
283
289
286
291
298
306
309
308
306
294
287
288
282
286
289
285
292
300
311
317
318
317
307
297
287
263
243
216
186
162
126
104
82
66
53
34
25
13
3
-2
-17
-32
-36
-51
-67
-80
-96
-113
-132
-142
-143
-147
-151
-161
-175
-168
-169
-168
-163
-164
-158
-158
-160
-164
-175
-171
-169
-173
-165
-169
-167
-171
-168
-161
-163
-157
-152
-135
-129
-123
-118
-112
-110
-110
-109
-118
-124
-120
-122
-119
-114
-115
-113
-121
-116
-114
-120
-123
-128
-131
-132
-141
-141
-138
-141
-138
-136
-130
-124
-120
-108
-94
-82
-75
-66
-56
-47
-40
-29
-19
-15
-2
20
41
55
79
96
116
139
166
181
195
210
215
216
209
209
203
184
171
160
152
141
121
108
92
80
72
66
61
58
54
54
53
52
57
56
61
65
75
75
77
85
89
98
104
116
125
134
142
150
162
169
178
184
194
198
201
210
208
203
203
206
210
203
191
175
154
139
115
88
54
26
-1
-33
-61
-86
-117
-151
-176
-195
-213
-229
-240
-251
-254
-256
-258
-263
-258
-250
-247
-235
-222
-204
-197
-186
-170
-159
-146
-126
-118
-107
-95
-88
-77
-75
-65
-61
-56
-46
-43
-41
-47
-55
-64
-74
-84
-95
-106
-119
-132
-146
-151
-156
-166
-168
-165
-159
-149
-140
-125
-115
-103
-83
-66
-46
-23
5
31
46
67
93
116
138
158
177
192
209
223
228
226
237
246
245
243
242
229
207
190
169
143
113
82
56
27
-4
-26
-50
-72
-94
-108
-121
-132
-138
-133
-132
-126
-110
-97
-79
-61
-39
-19
4
27
48
70
85
106
129
153
164
175
194
202
206
210
211
213
213
215
207
190
174
155
131
102
72
46
9
-25
-53
-81
-111
-136
-154
-173
-190
-200
-202
-210
-214
-208
-199
-189
-171
-155
-133
-112
-86
-62
-40
-13
5
26
42
57
69
82
92
102
112
120
128
131
138
138
134
125
121
116
99
85
70
54
37
23
10
-4
-17
-27
-35
-44
-50
-53
-57
-59
-60
-60
-58
-52
-47
-44
-36
-31
-27
-22
-17
-14
-10
-2
6
12
17
26
35
33
39
46
45
37
30
24
7
-4
-17
-30
-49
-65
-78
-93
-109
-123
-133
-151
-162
-171
-173
-186
-192
-194
-191
-188
-183
-165
-149
-131
-106
-75
-47
-17
14
48
68
90
114
136
147
152
164
162
160
160
163
155
145
142
133
122
112
111
101
82
64
52
29
5
-17
-40
-66
-96
-112
-129
-144
-164
-172
-177
-181
-182
-171
-160
-155
-140
-126
-108
-96
-69
-52
-38
-22
-2
13
21
41
49
65
71
91
103
115
125
134
148
150
156
164
178
179
181
184
188
188
194
195
193
193
185
185
174
169
154
140
127
109
91
70
56
42
26
11
3
-8
-15
-24
-30
-38
-39
-43
-52
-56
-62
-67
-74
-75
-76
-79
-81
-81
-80
-79
-78
-78
-76
-79
-79
-86
-89
-95
-105
-113
-122
-134
-146
-155
-164
-175
-181
-182
-183
-180
-174
-162
-151
-136
-117
-99
-80
-62
-39
-22
-6
11
27
42
53
67
79
90
100
110
119
125
128
132
131
125
120
114
102
89
78
63
44
26
10
-7
-26
-44
-58
-73
-88
-102
-113
-127
-138
-146
-153
-158
-162
-162
-161
-159
-156
-147
-136
-127
-116
-101
-88
-76
-60
-45
-32
-20
-3
11
19
33
47
61
71
87
104
119
135
155
171
188
202
221
235
244
253
258
261
259
255
248
239
227
214
198
183
166
149
131
111
93
75
58
39
20
1
-18
-37
-53
-66
-81
-93
-102
-111
-117
-121
-121
-122
-120
-117
-113
-109
-105
-101
-98
-96
-94
-88
-85
-83
-83
-79
-76
-74
-68
-65
-63
-60
-54
-51
-48
-44
-38
-36
-32
-27
-25
-20
-18
-13
-11
-5
-2
4
8
14
19
22
29
33
37
38
40
39
37
38
35
30
27
24
19
13
8
5
-1
-8
-15
-22
-30
-42
-52
-66
-78
-92
-106
-118
-131
-141
-151
-159
-166
-171
-174
-175
-176
-172
-170
-163
-157
-149
-138
-130
-117
-105
-88
-76
-60
-43
-25
-7
12
33
54
73
92
112
129
147
162
178
188
198
206
211
213
211
211
205
199
192
185
173
162
149
138
125
111
97
82
69
55
44
32
21
12
4
-2
-9
-10
-13
-13
-15
-13
-11
-9
-6
-2
1
1
5
9
10
11
18
19
20
22
25
27
26
28
29
28
25
23
22
18
13
11
6
1
-3
-5
-8
-12
-12
-13
-13
-16
-13
-14
-13
-11
-7
-3
-1
3
7
10
12
14
19
20
23
25
29
28
30
31
31
27
25
21
15
7
-1
-9
-19
-29
-41
-51
-65
-77
-90
-101
-113
-125
-133
-143
-152
-159
-164
-171
-175
-178
-178
-180
-177
-172
-166
-158
-149
-136
-125
-112
-98
-81
-66
-49
-32
-15
1
18
33
47
61
71
82
91
100
109
115
118
120
123
121
120
116
112
106
99
91
85
76
67
58
46
37
26
17
6
-2
-10
-16
-24
-30
-36
-40
-45
-47
-49
-50
-48
-48
-43
-42
-36
-30
-24
-17
-9
-1
8
19
27
38
47
57
65
73
79
85
91
97
102
107
111
112
113
113
112
112
111
110
106
102
98
93
86
81
75
72
66
61
55
50
