60
51
50
39
29
20
11
0
-10
-17
-28
-47
-61
-70
-78
-90
-100
-104
-109
-117
-121
-126
-134
-141
-145
-147
-153
-157
-153
-166
-181
-189
-201
-211
-223
-219
-218
-225
-232
-239
-237
-234
-226
-218
-200
-174
-148
-111
-73
-30
10
54
98
144
189
235
278
315
364
395
423
437
449
455
460
467
455
451
430
412
378
331
295
255
221
189
167
143
124
107
89
75
60
56
48
48
65
79
94
105
114
116
118
116
118
126
120
103
79
55
23
-8
-44
-82
-128
-166
-200
-242
-268
-309
-345
-380
-421
-447
-472
-490
-507
-524
-528
-535
-543
-547
-542
-537
-526
-504
-493
-469
-462
-446
-428
-416
-402
-393
-368
-348
-318
-284
-211
-154
-118
-80
-35
-8
11
94
162
190
227
300
331
335
390
423
429
429
465
477
450
439
418
380
318
282
238
190
140
109
92
43
13
-15
-26
-50
-59
-50
-41
-40
-20
20
47
67
91
134
156
187
224
272
297
338
370
374
373
356
350
323
312
300
279
250
225
197
159
119
62
26
-15
-49
-64
-85
-108
-132
-144
-166
-176
-179
-166
-163
-156
-124
-116
-101
-89
-75
-70
-52
-31
-15
-4
3
16
10
1
-12
-21
-37
-65
-89
-98
-113
-133
-148
-186
-220
-254
-284
-305
-337
-369
-384
-408
-435
-443
-470
-503
-525
-523
-503
-479
-404
-338
-306
-279
-230
-179
-147
-61
25
64
134
222
277
291
337
370
375
393
440
465
439
441
424
380
305
263
203
125
57
16
-10
-81
-135
-189
-229
-281
-303
-279
-257
-247
-223
-173
-153
-135
-107
-66
-43
-12
62
125
174
229
293
318
314
328
351
339
332
341
341
338
318
335
309
284
240
221
201
158
176
170
167
175
168
163
124
116
116
111
120
127
137
108
116
103
89
81
67
88
77
77
86
82
61
25
10
-14
-44
-56
-51
-39
-49
-54
-57
-84
-110
-118
-133
-150
-154
-161
-154
-187
-196
-208
-259
-293
-312
-319
-342
-354
-383
-393
-439
-485
-513
-565
-605
-614
-599
-557
-502
-456
-442
-419
-389
-374
-293
-202
-146
-100
-19
71
111
158
228
253
260
318
383
408
410
429
413
377
360
330
281
237
193
161
117
64
25
-24
-66
-116
-125
-115
-106
-87
-54
-23
-24
1
28
23
47
81
130
177
200
245
254
233
243
250
252
245
252
267
254
257
250
253
227
203
206
195
186
177
170
160
123
128
104
90
62
35
35
9
0
-21
-33
-63
-84
-108
-129
-164
-188
-202
-225
-218
-230
-224
-251
-247
-260
-261
-250
-249
-226
-221
-189
-206
-195
-202
-219
-263
-225
-235
-205
-177
-205
-136
-177
-224
-158
-201
-276
-228
-244
-243
-249
-259
-210
-273
-325
-244
-275
-338
-294
-270
-293
-273
-249
-191
-138
-128
-107
-50
-48
-63
10
84
73
72
165
248
203
230
359
381
351
427
518
468
423
502
507
419
415
437
399
334
330
350
294
246
239
229
159
120
150
140
96
85
107
83
26
15
32
-11
-30
3
26
-22
-7
37
29
15
9
41
26
9
52
52
29
7
16
13
-38
-12
-3
-5
-33
-31
-15
-25
-22
-4
6
-7
7
52
46
39
55
61
59
8
24
20
-35
-44
-67
-81
-112
-108
-84
-100
-90
-92
-76
-122
-137
-109
-146
-109
-102
-122
-96
-131
-114
-56
-151
-108
2
-170
14
24
-122
116
-120
-38
77
-150
-15
8
-111
-81
-93
-155
-184
-193
-237
-211
-266
-276
-237
-332
-341
-334
-402
-433
-371
-336
-353
-351
-339
-324
-354
-344
-226
-199
-211
-159
-16
-13
-65
120
159
138
266
368
417
381
454
504
456
433
473
513
450
455
509
474
417
409
442
378
315
350
326
282
229
247
249
173
160
169
143
84
70
112
87
52
76
100
54
31
87
45
8
38
31
34
2
17
4
-29
-13
1
5
-54
-15
-4
-23
3
2
20
2
8
39
3
-28
-11
0
-11
-47
-28
-63
-111
-108
-130
-142
-198
-164
-144
-154
-142
-123
-159
-186
-171
-189
-180
-144
-140
-220
-130
-163
-193
-132
-197
-70
-183
-121
45
-241
21
-95
-158
8
-176
-48
-57
-175
-5
-182
-153
-28
-194
-181
-68
-182
-227
-169
-226
-248
-328
-224
-306
-371
-317
-336
-360
-343
-280
-302
-354
-265
-277
-322
-213
-207
-136
-133
-29
19
-31
88
125
142
220
309
369
384
411
481
445
431
479
478
446
470
439
433
392
358
348
305
299
254
246
202
154
140
118
78
38
26
6
-38
-45
-29
-27
-37
-33
1
-30
-41
-21
-43
-35
-35
5
13
11
34
18
36
22
68
84
112
146
158
182
171
183
201
185
179
194
209
208
195
214
184
145
132
134
85
46
74
22
52
4
4
-61
-26
-93
-129
-25
-180
13
-195
-132
-49
-197
-147
-5
-194
-122
24
-290
38
-133
-137
-25
-220
-19
-157
-139
-90
-114
-147
-176
-40
-240
-160
-39
-289
-91
-174
-223
-110
-321
-173
-218
-369
-233
-299
-366
-302
-387
-361
-395
-407
-335
-325
-388
-320
-348
-366
-291
-324
-207
-227
-177
-76
-77
-24
7
109
133
191
279
331
357
359
423
397
391
405
419
406
395
358
371
329
274
265
248
228
191
186
127
81
41
11
-10
-47
-59
-80
-107
-112
-101
-95
-93
-92
-81
-68
-103
-43
-64
-66
-28
-60
35
5
-31
65
51
61
121
130
162
164
180
223
209
207
243
248
222
245
250
193
235
206
213
148
183
144
162
91
168
45
95
138
-83
205
-96
40
-13
-106
69
-131
-111
40
-254
3
-168
-87
-173
-90
-88
-190
-52
-31
-133
-101
29
-62
-135
5
-29
-81
-8
-124
104
-246
-52
9
-231
-35
-135
-30
-142
-163
-18
-222
-163
-189
-246
-220
-340
-283
-312
-382
-375
-377
-373
-347
-295
-359
-263
-290
-304
-221
-164
-137
-117
-10
7
5
90
128
196
226
260
381
329
387
422
444
435
437
506
461
463
462
434
389
326
296
287
224
169
143
97
53
34
17
17
-14
-40
-16
-87
-51
-42
-102
-34
-53
-53
-40
-34
5
-15
36
41
59
59
53
84
60
118
83
103
105
100
89
66
84
44
60
64
34
80
47
57
58
36
99
69
68
97
98
74
18
68
25
-69
118
-122
69
-43
-77
96
-255
170
-163
-144
124
-230
-27
-42
-116
-136
7
-88
-136
49
-179
33
-111
-137
88
-174
-85
-1
-107
-42
-90
-106
-40
-103
-134
-143
-82
-151
-261
-113
-170
-280
-215
-221
-295
-264
-324
-302
-254
-404
-256
-321
-376
-270
-326
-272
-259
-185
-219
-174
-121
-185
-85
-76
-48
-12
25
97
96
80
187
200
189
266
337
339
327
382
384
337
325
336
329
297
262
258
230
141
123
130
74
50
40
27
32
-37
7
31
-71
-5
12
-93
29
-35
12
35
-55
74
39
30
36
98
58
77
62
55
134
-5
45
110
21
9
65
22
30
43
34
69
21
28
100
6
7
90
-25
33
-15
-21
98
-162
53
15
-175
84
-157
2
-81
-149
29
-219
-73
-105
-147
-159
-110
-129
-180
-131
-123
-140
-149
-156
-71
-194
-103
-102
-173
-6
-228
-88
-20
-234
-108
-105
-157
-115
-173
-86
-99
-237
-58
-170
-141
-77
-175
-99
-72
-127
-140
-127
-45
-161
-184
-56
-176
-131
-151
-150
-106
-204
-134
-140
-161
-82
-126
-112
-65
-108
-59
-20
-17
8
33
120
78
95
169
161
182
179
256
291
242
272
315
264
234
245
251
207
191
214
201
174
173
123
163
84
41
157
77
81
68
95
159
-52
111
149
-45
140
46
115
60
34
135
74
43
70
106
59
13
137
49
54
85
65
116
29
94
136
56
102
156
95
119
109
100
134
71
66
141
98
29
71
145
-110
129
-64
-18
95
-262
256
-207
-70
30
-257
6
-185
-146
-34
-141
-109
-117
-81
-73
-189
-82
-20
-123
-104
89
-218
117
-174
23
-6
-137
109
-190
161
-229
56
-64
-128
18
-217
23
-98
-190
-17
-104
-212
-134
-182
-147
-226
-236
-168
-220
-279
-218
-188
-283
-250
-273
-173
-283
-304
-155
-170
-222
-182
-89
-139
-145
-40
-24
0
-62
6
111
-68
70
106
86
112
152
201
152
184
159
192
136
110
166
116
103
95
165
48
112
47
41
125
-93
66
133
22
-55
216
-4
26
207
-28
330
41
84
463
-87
240
327
-23
317
164
159
274
171
156
235
190
102
188
207
94
228
151
79
245
55
90
188
40
23
162
24
-4
150
-44
82
80
-113
223
-123
14
131
-125
141
-60
42
-24
-23
-76
3
-87
-44
-40
-38
-83
-57
-82
14
-150
12
-41
-62
-23
-15
-48
-49
51
-180
46
-126
-35
-238
131
-274
-45
-58
-251
81
-320
10
-110
-177
-53
-137
-121
-192
-142
-255
-184
-113
-354
-65
-236
-249
-163
-322
-155
-337
-247
-152
-416
-45
-234
-229
-59
-214
-153
-177
-156
-77
-196
-144
-70
-79
-160
50
5
-34
103
74
148
112
195
160
176
213
112
257
143
190
210
163
178
121
111
41
108
73
-14
215
115
15
273
38
234
76
112
359
-54
281
326
-73
492
59
121
445
-118
395
212
21
403
97
106
322
52
131
254
64
144
195
27
77
172
-28
22
155
-89
65
142
-148
229
-57
-65
197
-291
186
-161
-63
25
-120
0
-77
-100
35
-218
-16
-29
-294
141
-231
-104
-78
-56
-233
20
-190
16
-158
-144
60
-122
-334
191
-273
-117
-207
-46
-215
-140
-91
-162
-118
-69
-266
0
-137
-312
134
-344
38
-202
-143
21
-254
-127
-80
-85
-287
-31
-197
-124
-177
-281
90
-455
5
-107
-370
184
-328
-141
138
-365
67
-75
-210
43
-186
-65
31
-115
1
88
4
-9
161
103
83
215
203
232
167
295
247
219
209
262
248
173
240
135
190
171
3
191
99
17
211
-5
192
85
-51
300
-60
-33
420
-316
325
31
-94
350
-306
345
-19
-73
263
-145
99
59
-6
21
140
15
48
150
-54
180
-154
100
-32
-75
67
-128
146
-143
74
-31
-38
94
-70
-6
53
-53
-4
-8
14
-7
-10
70
-101
56
-31
-38
39
-66
42
99
-239
99
127
-229
88
49
-63
152
-179
99
171
-191
33
57
144
-251
150
131
-175
22
-83
108
-249
-1
-33
26
-213
82
-162
-40
-240
-32
-193
-217
56
-391
-9
-233
-156
-224
-220
-103
-346
-126
-258
-194
-129
-435
34
-259
-327
36
-310
-108
-125
-206
-10
-114
-110
-70
-25
-66
20
-54
90
55
86
117
211
182
176
207
290
140
192
293
77
230
127
231
51
212
132
77
214
-39
316
-30
98
244
-135
378
-21
104
388
-158
408
94
-74
501
-274
269
190
-144
416
-141
238
164
-175
378
-171
52
201
-246
176
-23
-68
108
-100
46
-3
-87
152
-149
64
89
-152
225
-196
81
139
-309
475
-228
-58
447
-528
438
-234
-9
195
-263
274
-97
144
-206
366
-190
-57
246
-224
271
-229
193
72
-28
3
-27
195
-138
0
142
-17
49
-20
-63
294
-325
130
181
-318
371
-272
139
10
-192
241
-418
203
-66
-354
176
-284
-34
-183
-214
-50
-153
-458
47
-292
-411
-18
-393
-77
-327
-119
-185
-347
-157
-191
-177
-231
-145
-107
-156
-174
-4
-218
44
-5
-103
224
7
67
117
91
129
31
126
154
106
58
260
41
63
178
22
80
35
139
59
36
66
45
86
-72
118
174
-117
273
99
-171
439
-231
99
245
-191
194
78
-143
210
-29
-154
248
-42
-152
244
-120
58
59
-189
326
-261
98
72
-47
88
-204
229
-101
-103
113
-48
60
-165
49
198
-280
119
145
-190
99
66
-111
168
-112
21
110
-125
-4
208
-274
173
52
-239
344
-298
172
56
-184
320
-417
364
-240
-52
128
-161
-15
-194
208
-525
270
-196
-246
448
-734
438
-189
-366
390
-483
226
-270
-110
86
-420
102
-384
-79
-20
-570
91
-295
-316
-166
-313
-132
-323
-41
-258
-114
-150
-220
-89
-230
-3
-173
-34
-71
-2
17
-117
223
-75
131
223
57
363
83
226
311
73
306
140
259
254
196
301
191
173
236
164
207
242
215
234
263
193
116
374
37
202
340
99
224
252
81
178
230
-45
318
-19
170
336
-227
309
184
-148
199
108
72
51
-21
144
-16
-58
88
-11
-49
18
-59
47
-16
-68
6
110
-140
-59
209
-281
266
-232
56
145
-517
414
-470
-12
-4
-472
127
-360
-102
-158
-220
-60
-196
-140
-201
-151
4
-388
13
-100
-240
-8
-386
153
-175
-320
79
-63
-216
-106
82
-274
113
-153
-163
248
-485
154
-131
-146
-104
-237
108
-331
-175
20
-272
-197
-318
26
-392
-289
4
-349
-232
-257
-198
-166
-215
-175
0
-324
-69
-148
-202
-23
-147
-64
48
-87
19
64
-68
218
70
120
314
201
216
301
297
198
377
213
324
350
223
416
198
328
301
259
386
181
429
246
197
312
194
139
230
290
86
282
154
212
171
65
285
123
-108
493
14
-68
362
11
88
-26
234
123
-105
95
207
-4
-178
274
36
-94
224
-55
64
5
3
-117
161
-159
-9
194
-340
171
-185
-9
-135
-333
258
-466
-89
-2
-408
79
-409
-112
19
-346
-190
-100
0
-424
-120
126
-426
-58
13
-528
413
-597
-187
389
-822
297
-302
-169
71
-348
-78
-56
-63
-462
14
-40
-425
-203
44
-199
-371
78
-395
-159
-71
-554
142
-288
-457
236
-650
-21
-137
-594
176
-273
-257
-13
-120
-187
-155
-31
-33
-74
64
62
87
43
199
34
183
265
211
436
256
423
369
259
437
254
470
329
382
448
261
335
180
412
32
343
398
130
386
204
225
279
-8
216
363
16
248
362
18
376
-54
272
393
-220
452
210
-83
395
-146
145
161
-139
247
76
9
127
-103
103
-35
-229
251
-149
3
-16
87
-217
2
-35
-105
12
-146
172
-319
20
-10
-406
136
-306
-168
-190
50
-308
-373
260
-577
-121
-406
60
-170
-770
478
-350
-522
17
-357
227
-906
317
-9
-636
269
-677
439
-346
-579
792
-662
187
-202
-53
162
-507
32
-92
54
-614
365
-390
-98
-67
-769
616
-879
-12
87
-809
529
-1030
84
-103
-951
389
-612
-45
29
-624
287
-451
-234
-18
-104
43
-155
135
43
42
44
153
290
122
351
278
409
283
227
481
181
462
217
561
357
231
480
-17
533
4
159
604
-78
423
462
-99
382
175
-85
614
-40
226
635
-357
633
41
-121
669
-283
379
361
-94
411
-13
62
262
-200
182
346
-337
451
91
-234
302
-183
183
45
46
240
20
-8
38
23
-115
48
276
-237
399
-28
-271
63
-43
-160
-379
330
-229
-63
-317
-142
137
-785
-68
236
-646
-151
216
-727
217
-614
-191
172
-952
512
-302
-489
448
-817
104
-39
-575
408
-359
-10
94
-341
-56
10
-113
-260
49
196
-530
-21
112
-657
121
-369
-139
-12
-472
47
-382
-310
-107
-320
-497
192
-513
-108
-3
-293
-12
-469
112
-169
-225
226
-110
15
77
-109
233
-5
175
317
217
314
242
352
188
228
423
184
355
407
194
277
137
150
71
96
205
56
168
266
-124
17
254
-308
232
100
7
372
-295
355
71
-398
455
83
-104
364
166
64
95
58
238
22
85
271
258
-103
171
334
-181
40
189
195
4
94
327
-48
-20
102
160
-11
241
16
442
-27
-99
489
-411
301
121
-234
454
-63
-213
134
-273
103
-285
-46
29
58
-436
-132
369
-1081
593
-568
-40
338
-1085
745
-471
-558
333
-326
-41
60
-546
426
-314
-528
387
-481
-28
132
-520
191
-190
-545
154
-501
-8
-265
-169
-115
-610
41
-455
-390
-302
-192
-273
-664
-154
-72
-741
21
-187
-259
-170
-486
153
-347
-154
148
-68
-81
187
-10
280
194
217
562
192
503
447
285
487
413
450
449
388
405
312
284
167
264
207
191
209
96
272
-145
264
-44
-196
407
-49
-51
235
-2
-67
126
-88
73
206
-38
253
81
56
146
-18
-62
399
-54
4
338
-86
-114
277
-61
36
163
-47
322
-78
30
236
-43
36
155
283
-40
312
118
82
222
-2
264
80
107
189
3
161
-97
-17
121
-188
38
-125
-2
-252
-196
-28
-301
-195
-111
-306
54
-584
27
-162
-608
325
-508
-74
150
-776
339
-343
-557
406
-571
-37
-55
-573
213
-504
-375
232
-716
-6
-237
-554
-95
-537
-269
-504
-497
-192
-659
-569
-227
-609
-625
-325
-169
-313
-446
-91
-338
-342
-112
5
148
-4
82
158
25
387
237
424
790
462
548
735
478
622
580
702
793
500
569
468
257
275
227
361
171
98
98
-30
-182
-102
-61
-31
-94
-163
-41
-156
-287
-200
-6
-59
-60
3
116
-113
-99
123
41
77
37
185
92
-75
65
44
123
185
167
303
166
-33
84
292
326
230
365
399
103
88
186
439
292
142
364
373
-153
137
28
244
202
-241
568
-234
-296
-6
-197
-76
94
-464
-85
-130
-816
25
-496
-7
-371
-272
-71
-719
-236
-36
-366
-124
155
-526
-2
-457
78
-59
-349
20
4
-393
-540
368
-581
-328
391
-729
-241
-210
-648
-56
-808
-229
-215
-1239
-455
-384
-1028
-603
-38
-402
-386
-521
-468
-309
-244
169
212
181
100
-221
197
551
333
730
839
850
636
602
1007
853
1081
959
1266
843
464
828
546
641
497
530
430
69
-158
-2
-83
-130
-91
-47
-144
-367
-430
-304
-105
-442
-222
75
-315
-464
-143
-81
-203
63
97
87
81
-130
166
140
175
249
94
243
78
-58
106
372
240
191
104
278
114
109
489
408
354
192
62
437
137
101
418
264
176
-233
6
252
-160
-51
113
79
-526
-331
77
-550
-283
-311
-150
-772
-618
17
-942
-190
-497
-218
-542
-688
218
-866
-178
162
-625
-223
-98
-99
-398
-200
312
-485
-222
172
-201
-390
-204
36
-487
-604
128
-462
-709
-560
-575
-782
-737
-674
-630
-663
-540
-372
-873
-644
-315
-479
-28
-111
190
-158
-338
292
346
807
686
701
922
740
843
1208
1326
1304
1095
1074
1126
897
907
1067
1062
676
456
510
295
257
188
175
143
-205
-321
-245
-285
-263
-276
-250
-323
-616
-437
-282
-293
-226
-163
-143
-246
-200
-23
73
122
49
153
138
60
135
214
274
212
116
216
142
185
254
367
347
140
265
207
379
378
331
431
184
276
276
300
406
134
246
149
93
150
32
130
-89
-108
-100
-253
-158
-363
-288
-358
-616
-461
-450
-558
-621
-655
-578
-595
-695
-454
-263
-624
-436
-186
-448
-141
-296
-204
-86
-463
-150
-123
-411
-171
-313
-375
-361
-470
-272
-559
-611
-572
-907
-662
-682
-927
-855
-881
-573
-501
-706
-810
-735
-477
-269
-180
37
-24
-388
-206
480
808
527
600
915
799
827
1107
1412
1436
1065
1201
1408
1158
1069
1247
1244
989
589
615
762
547
356
288
256
-27
-225
16
21
-222
-311
-208
-314
-414
-335
-203
-178
-291
-354
-194
-145
-209
-40
79
10
-100
-50
170
153
115
184
257
151
47
206
226
272
204
266
439
295
248
329
441
368
412
443
372
311
218
370
381
213
249
201
181
125
88
87
15
-55
-181
-206
-228
-344
-341
-390
-453
-573
-643
-629
-511
-533
-730
-564
-453
-572
-628
-311
-287
-544
-269
-197
-238
-222
-183
-148
-203
-36
-310
-298
-39
-196
-284
-315
-326
-474
-666
-515
-629
-714
-834
-881
-1032
-1007
-416
-594
-905
-1172
-947
-430
-482
-303
-143
-377
-743
-458
646
783
272
278
627
801
615
1114
1543
1165
774
938
1481
1274
1062
1268
1184
801
482
850
1066
725
350
183
327
205
59
237
149
-185
-402
-202
30
-269
-253
-155
-261
-398
-345
-85
-28
-146
-202
-129
-142
-162
-80
147
17
-143
-65
58
122
80
50
111
59
28
273
279
290
172
333
343
288
387
341
438
408
412
445
207
319
354
314
373
89
184
110
3
145
-104
-158
-335
-295
-311
-459
-430
-598
-587
-671
-727
-613
-656
-677
-625
-581
-558
-575
-517
-390
-477
-270
-40
-470
-62
-21
-320
59
-103
-12
-138
-318
45
-329
-274
-174
-523
-520
-626
-588
-810
-918
-662
-690
-533
-593
-1117
-1214
-425
7
-359
-507
-363
-451
-675
158
998
440
-172
172
922
1000
813
1266
1156
899
843
1171
1673
1353
988
995
948
762
697
1033
1058
382
-16
217
501
418
197
101
-125
-189
0
237
109
-263
-375
-147
-37
-103
-117
-68
-228
-280
-164
-77
-8
-138
-156
-69
-166
-139
-30
135
-11
-155
-154
20
117
87
250
174
206
-47
347
495
577
460
284
526
388
478
644
565
498
216
379
522
376
363
93
211
-4
-68
74
-155
-131
-425
-448
-435
-601
-507
-629
-665
-803
-904
-642
-579
-558
-686
-811
-612
-479
-239
-339
-360
-501
-389
-199
-50
12
-394
-260
-192
-188
-122
-309
-292
-502
-577
-320
-637
-727
-751
-899
-828
-708
-343
-654
-1233
-1036
-319
-163
-440
-416
-223
-461
-648
186
977
424
-195
224
944
967
756
1241
1284
752
773
1311
1691
1224
943
1026
982
872
842
1111
999
349
146
384
674
546
164
105
-10
-9
179
274
74
-238
-243
-32
40
-85
-177
-225
-240
-255
-139
-93
-184
-296
-288
-213
-197
-206
-160
-130
-227
-293
-165
25
16
-86
-120
79
196
273
176
179
264
345
560
604
462
323
297
556
672
576
401
239
343
346
405
329
129
20
-119
-31
-12
-176
-268
-415
-465
-621
-573
-421
-491
-705
-818
-689
-565
-474
-466
-549
-615
-516
-312
-189
-255
-415
-355
-240
-174
-175
-243
-281
-255
-326
-319
-381
-486
-448
-671
-632
-629
-827
-870
-876
-805
-486
-625
-1037
-1246
-660
-70
-547
-733
-411
-344
-622
-278
633
528
-204
-53
749
1008
613
730
1231
997
761
962
1377
1349
924
982
1008
882
747
931
1090
640
96
230
678
716
364
-10
-13
161
288
274
140
-169
-271
-31
110
28
-174
-269
-216
-150
-119
-134
-240
-300
-294
-267
-280
-297
-287
-254
-251
-373
-310
-140
-82
-135
-279
-8
55
73
50
124
311
83
352
526
448
337
160
668
619
426
443
324
535
262
478
523
175
195
17
251
179
-124
-161
-275
-241
-362
-379
-309
-524
-607
-646
-538
-449
-606
-529
-520
-515
-508
-419
-213
-344
-366
-346
-227
-188
-157
-130
-226
-281
-293
-175
-203
-253
-437
-489
-536
-589
-460
-569
-769
-901
-907
-772
-460
-461
-898
-1240
-909
-210
-271
-580
-565
-401
-531
-343
462
657
43
-195
504
1031
929
794
1036
1078
860
953
1415
1506
1166
941
953
1013
915
1020
1051
732
286
297
670
759
395
74
36
103
229
296
159
-177
-282
-92
95
70
-122
-274
-299
-213
-140
-131
-229
-345
-354
-302
-217
-189
-163
-199
-243
-250
-152
-24
0
20
-1
-75
93
299
347
306
219
400
377
531
624
610
488
340
672
695
572
450
408
495
399
374
430
230
94
51
131
125
-149
-166
-244
-264
-320
-416
-359
-482
-610
-642
-561
-482
-492
-518
-545
-538
-480
-376
-275
-307
-418
-364
-268
-172
-224
-275
-340
-337
-228
-351
-342
-443
-501
-611
-625
-524
-761
-853
-905
-950
-921
-966
-619
-548
-1078
-1272
-852
-118
-316
-676
-391
-214
-450
-252
691
807
35
-59
748
1200
944
922
1270
1147
914
1146
1576
1564
1194
1006
1003
1053
1046
1059
1015
651
238
249
644
754
345
-50
-126
54
209
151
-69
-321
-419
-251
-86
-107
-307
-483
-462
-306
-166
-234
-389
-381
-302
-262
-223
-225
-214
-213
-208
-215
-164
-85
2
-42
45
50
115
414
346
374
102
426
707
570
575
369
497
453
528
873
512
292
131
365
658
231
256
-8
-53
-17
-108
80
-252
-465
-531
-474
-389
-567
-628
-671
-777
-746
-702
-508
-479
-652
-629
-547
-372
-317
-284
-317
-390
-356
-185
-86
-137
-295
-333
-286
-237
-150
-301
-441
-551
-560
-621
-616
-685
-834
-965
-1023
-902
-716
-459
-663
-1164
-1236
-525
31
-227
-547
-327
-348
-350
216
920
677
-45
255
1061
1355
1117
1134
1281
1129
1128
1449
1709
1524
1116
1027
1086
1102
1071
1007
855
492
270
377
640
604
111
-198
-115
64
123
-56
-259
-463
-468
-280
-246
-288
-483
-612
-508
-331
-236
-350
-430
-379
-289
-291
-233
-208
-176
-200
-182
-122
-52
27
33
195
191
203
69
348
516
495
344
398
535
409
457
571
594
423
327
458
532
287
254
296
314
83
-34
78
-27
-99
-223
-223
-390
-518
-433
-380
-453
-659
-713
-566
-480
-499
-526
-575
-492
-426
-268
-236
-314
-344
-254
-106
-72
-119
-182
-148
-111
-60
-123
-194
-257
-275
-319
-441
-478
-600
-680
-725
-825
-945
-1056
-958
-816
-623
-634
-983
-1179
-787
-113
-130
-494
-444
-303
-276
5
655
771
282
216
848
1292
1236
1097
1250
1248
1164
1321
1530
1526
1223
969
887
915
908
884
736
471
117
106
310
408
146
-274
-353
-275
-137
-169
-312
-575
-673
-577
-426
-368
-484
-645
-657
-487
-314
-254
-344
-380
-324
-251
-208
-119
-62
-89
-67
-81
38
80
211
281
280
259
86
339
512
651
438
318
426
421
477
556
535
413
208
355
511
376
267
135
219
70
-5
46
-42
-150
-296
-275
-354
-433
-457
-381
-427
-552
-639
-549
-375
-389
-451
-509
-379
-297
-150
-143
-193
-253
-182
-49
16
-1
-124
-158
-139
4
-19
-115
-287
-355
-369
-408
-449
-556
-721
-859
-902
-926
-945
-1032
-973
-731
-597
-890
-1232
-929
-218
-123
-374
-339
-164
-288
-138
753
1099
560
187
755
1441
1438
1291
1439
1474
1250
1271
1597
1735
1360
1030
967
967
840
770
807
585
102
-118
107
336
151
-274
-471
-417
-251
-247
-304
-494
-666
-642
-482
-341
-439
-555
-579
-444
-293
-235
-273
-239
-184
-110
-73
-39
25
89
169
126
135
122
257
362
469
396
148
220
494
745
605
433
431
383
435
581
702
535
223
274
445
438
264
158
181
12
-106
-77
-50
-138
-287
-316
-393
-482
-472
-368
-375
-489
-658
-586
-388
-292
-297
-427
-425
-383
-193
-80
-93
-208
-273
-207
-76
12
-78
-204
-301
-193
-159
-238
-326
-452
-481
-576
-611
-660
-809
-848
-936
-999
-1098
-1130
-1039
-802
-503
-784
-1241
-1134
-397
2
-146
-227
-159
-336
-241
629
1290
878
239
507
1206
1509
1442
1543
1462
1191
1092
1431
1750
1548
1131
825
785
705
720
765
610
143
-307
-241
85
153
-168
-477
-578
-528
-457
-348
-366
-539
-717
-707
-509
-353
-338
-420
-409
-295
-202
-144
-22
66
73
19
24
141
230
319
298
257
169
186
290
519
705
415
152
144
574
720
550
496
334
121
151
466
713
331
-25
-7
86
205
90
187
33
-270
-316
-200
13
-72
-253
-351
-480
-485
-314
-157
-142
-439
-625
-511
-258
-56
-113
-186
-351
-352
-156
41
39
-109
-186
-212
-116
-64
-29
-152
-313
-375
-386
-377
-428
-513
-567
-778
-931
-1016
-908
-896
-1102
-1210
-1276
-1217
-1046
-614
-502
-988
-1302
-761
-24
87
-5
58
-107
-297
277
1296
1451
813
607
1055
1415
1528
1731
1848
1518
1164
1272
1613
1663
1406
1132
840
590
461
600
700
425
-100
-409
-338
-186
-194
-345
-497
-658
-753
-693
-540
-490
-554
-643
-671
-631
-526
-396
-254
-193
-241
-325
-274
-33
201
313
222
71
55
202
440
495
425
305
216
402
512
523
377
325
366
315
353
444
362
220
107
206
155
42
75
101
66
-151
-181
-115
-102
-149
-183
-214
-315
-333
-226
-154
-221
-336
-332
-195
-143
-116
-145
-160
-138
-112
-10
9
-15
-29
14
57
45
13
-5
-53
-85
-129
-151
-242
-271
-281
-376
-435
-550
-559
-635
-676
-767
-940
-1032
-1071
-1088
-1060
-1156
-1277
-1323
-1179
-751
-509
-666
-989
-993
-344
-10
170
295
310
91
-68
631
1395
1380
1050
1045
1286
1354
1378
1858
1960
1599
1152
1117
1369
1307
1163
984
695
284
40
111
208
-25
-304
-493
-576
-658
-719
-629
-560
-607
-819
-923
-852
-680
-554
-451
-435
-511
-546
-439
-116
71
115
69
95
243
337
433
473
503
516
486
487
458
486
495
539
585
449
276
211
371
431
337
266
176
-5
-135
2
177
30
-171
-231
-186
-208
-251
-101
-6
-130
-273
-259
-139
-84
-78
11
-22
-155
-162
-13
139
101
21
0
19
45
62
141
172
122
48
-28
-51
-34
-36
-18
-88
-220
-345
-396
-360
-342
-439
-589
-691
-738
-755
-719
-773
-927
-1118
-1131
-1057
-1125
-1165
-1243
-1238
-1194
-1102
-771
-407
-495
-747
-792
-175
129
260
599
772
517
14
563
1438
1606
1408
1406
1478
1251
1200
1770
2010
1638
1152
1053
1143
936
753
673
555
225
-128
-269
-350
-514
-622
-635
-635
-782
-1047
-1106
-958
-738
-657
-708
-777
-800
-717
-542
-288
-81
-60
-98
-64
113
300
407
567
650
648
545
545
600
692
696
690
597
476
465
331
433
359
414
241
66
72
-3
-7
-66
-63
-78
-241
-265
-276
-296
-257
-277
-178
-192
-196
-158
-114
-35
-9
57
107
107
92
146
171
219
230
203
211
196
203
145
149
158
169
125
47
-20
-79
-95
-102
-56
-145
-312
-467
-506
-431
-456
-519
-653
-779
-826
-856
-848
-874
-937
-1001
-1053
-1057
-1085
-1135
-1153
-1112
-1034
-953
-900
-623
-305
-272
-427
-371
63
278
400
767
1017
753
353
791
1480
1579
1366
1455
1672
1456
1219
1446
1680
1431
1057
1063
1089
692
245
187
271
94
-210
-341
-437
-708
-893
-859
-654
-629
-785
-896
-896
-807
-744
-605
-437
-303
-288
-271
-148
60
215
304
420
559
639
592
586
665
739
718
670
667
648
562
474
470
483
409
287
273
290
169
-17
-63
54
51
-80
-181
-206
-227
-240
-207
-95
-91
-222
-285
-193
-69
-65
-98
-27
43
50
6
54
160
173
146
147
214
201
141
111
157
117
23
-13
25
39
-45
-135
-197
-245
-289
-280
-265
-321
-441
-519
-521
-510
-555
-607
-660
-652
-675
-687
-710
-759
-802
-843
-819
-811
-870
-929
-999
-979
-940
-861
-754
-628
-390
-256
-216
-298
-156
123
411
613
737
865
832
825
945
1251
1440
1425
1417
1493
1519
1406
1283
1292
1285
1135
945
840
684
384
137
1
-52
-188
-356
-558
-770
-885
-853
-752
-775
-871
-930
-812
-687
-652
-648
-620
-482
-333
-149
-14
46
43
85
237
399
508
515
503
490
517
519
488
466
469
456
407
358
325
279
193
105
53
41
1
-25
-57
-119
-207
-273
-264
-197
-180
-189
-210
-217
-212
-205
-120
-54
-36
-36
-18
3
28
59
91
104
77
77
131
167
140
130
137
141
129
113
94
24
-42
-71
-66
-59
-92
-163
-197
-231
-304
-362
-376
-336
-378
-421
-456
-569
-621
-625
-626
-689
-743
-750
-806
-831
-806
-840
-981
-1048
-993
-879
-829
-790
-716
-562
-356
-225
-184
-190
-51
194
477
661
728
747
783
930
1126
1263
1330
1349
1410
1506
1539
1435
1275
1180
1124
1049
878
674
480
334
197
9
-196
-386
-525
-568
-606
-670
-748
-814
-812
-775
-698
-625
-575
-551
-533
-425
-254
-108
-17
11
63
170
316
468
535
523
518
559
632
668
614
540
486
481
498
476
412
328
246
159
103
76
50
6
-47
-108
-156
-185
-198
-205
-205
-187
-196
-211
-215
-192
-130
-97
-103
-91
-49
23
69
69
65
84
130
182
192
162
112
104
160
192
173
104
50
26
12
-17
-68
-115
-135
-112
-120
-201
-299
-374
-397
-416
-480
-527
-582
-643
-658
-684
-726
-809
-894
-930
-972
-1002
-1040
-1057
-1060
-1057
-1053
-1001
-927
-785
-511
-211
-42
-66
-51
103
354
549
698
820
896
981
1115
1269
1353
1366
1371
1441
1463
1391
1253
1158
1044
882
673
487
305
123
-66
-265
-467
-670
-790
-873
-939
-1024
-1064
-1051
-996
-977
-935
-840
-692
-553
-491
-419
-294
-93
109
268
374
455
555
714
868
901
856
826
852
908
860
745
625
581
584
544
444
304
198
127
71
-7
-110
-160
-193
-232
-268
-284
-294
-308
-291
-247
-224
-220
-186
-127
-57
-36
-24
8
85
164
207
236
247
267
276
285
277
248
214
189
187
151
81
18
-43
-90
-130
-163
-218
-282
-316
-343
-343
-366
-397
-444
-482
-522
-549
-551
-599
-633
-673
-693
-730
-763
-811
-859
-907
-951
-992
-1031
-1058
-1071
-1050
-1013
-886
-676
-390
-181
-82
8
185
398
558
673
780
887
1002
1141
1261
1350
1403
1484
1565
1586
1465
1293
1151
1037
904
712
505
272
52
-145
-330
-536
-752
-925
-1042
-1159
-1246
-1243
-1156
-1064
-1000
-937
-805
-602
-443
-317
-220
-110
40
240
451
623
742
875
1024
1126
1136
1089
1044
1000
964
897
812
692
577
472
403
318
216
86
-25
-128
-212
-260
-322
-360
-386
-355
-314
-264
-234
-198
-178
-145
-96
-39
56
142
222
270
318
359
382
390
383
346
294
262
240
215
157
106
51
11
-31
-104
-193
-282
-344
-378
-429
-487
-540
-539
-510
-534
-546
-563
-548
-574
-599
-609
-607
-617
-636
-615
-609
-635
-681
-715
-759
-820
-904
-967
-1007
-1048
-1081
-1082
-1006
-820
-521
-231
-82
17
185
449
662
775
865
950
1048
1152
1327
1509
1569
1535
1557
1639
1635
1508
1313
1138
943
725
516
297
78
-126
-278
-439
-655
-851
-972
-1044
-1138
-1208
-1215
-1117
-994
-879
-681
-436
-215
-102
-40
61
234
376
456
509
585
716
862
973
1019
995
930
853
765
629
456
300
164
56
-44
-104
-155
-224
-324
-403
-450
-480
-501
-538
-530
-478
-387
-268
-168
-70
42
171
283
338
394
453
505
548
570
598
610
604
573
524
465
382
287
168
56
-48
-159
-267
-359
-413
-441
-471
-521
-588
-623
-613
-620
-632
-642
-605
-542
-492
-455
-435
-402
-367
-311
-295
-313
-365
-409
-419
-457
-510
-601
-678
-766
-853
-942
-1032
-1115
-1183
-1222
-1272
-1158
-864
-518
-322
-218
5
289
502
644
815
978
1004
995
1109
1341
1470
1450
1460
1589
1644
1520
1354
1207
1030
737
464
239
22
-208
-398
-526
-660
-778
-880
-966
-1062
-1128
-1077
-970
-883
-798
-585
-273
-25
148
272
438
544
609
674
741
796
799
860
927
1004
1007
949
843
732
613
462
268
16
-162
-273
-311
-399
-444
-453
-440
-443
-455
-414
-387
-396
-407
-324
-204
-84
5
151
315
432
528
632
719
728
701
674
655
609
561
494
420
316
231
156
51
-55
-181
-284
-400
-498
-559
-574
-608
-658
-673
-636
-573
-541
-503
-483
-447
-413
-372
-328
-308
-281
-256
-211
-183
-168
-193
-230
-282
-355
-433
-548
-661
-786
-889
-1012
-1111
-1179
-1204
-1194
-1144
-928
-636
-376
-229
-13
340
574
702
837
1081
1247
1206
1225
1387
1542
1491
1433
1563
1690
1579
1351
1247
1127
844
489
239
43
-228
-509
-715
-826
-932
-1012
-1061
-1098
-1104
-1061
-950
-870
-783
-639
-413
-208
-6
236
427
547
583
685
768
751
703
695
739
703
643
591
555
425
252
137
8
-172
-396
-534
-619
-686
-750
-734
-685
-663
-578
-468
-338
-280
-207
-122
-37
29
124
304
430
543
626
741
814
824
848
854
782
635
505
432
348
205
82
2
-97
-205
-274
-310
-376
-505
-563
-584
-579
-607
-624
-574
-517
-461
-407
-338
-272
-220
-190
-143
-141
-154
-165
-195
-210
-262
-301
-330
-372
-424
-529
-654
-775
-907
-1025
-1150
-1263
-1348
-1429
-1424
-1372
-1046
-722
-492
-291
11
463
631
775
951
1226
1242
1127
1217
1420
1484
1299
1348
1515
1601
1395
1264
1247
1077
713
321
168
-79
-364
-654
-787
-855
-959
-966
-975
-940
-950
-863
-778
-659
-503
-358
-145
56
370
607
754
832
928
1053
1022
920
850
821
686
543
512
513
389
183
93
25
-118
-397
-595
-695
-842
-954
-987
-899
-873
-847
-700
-479
-301
-220
-111
23
156
237
341
447
519
604
714
822
852
861
834
808
724
619
497
312
140
-5
-87
-224
-373
-444
-479
-520
-588
-606
-574
-574
-591
-537
-465
-413
-386
-318
-191
-111
-29
32
100
138
140
118
76
19
-50
-120
-211
-296
-406
-499
-604
-685
-788
-927
-1069
-1176
-1225
-1328
-1410
-1462
-1415
-1206
-866
-527
-277
15
448
789
941
1147
1351
1481
1369
1310
1455
1490
1364
1234
1354
1460
1336
1156
1107
1015
719
328
64
-151
-484
-754
-907
-969
-1059
-1099
-1032
-938
-847
-736
-636
-522
-352
-186
10
184
406
638
811
943
1046
1157
1156
1045
976
901
755
555
394
347
191
22
-94
-174
-276
-473
-589
-681
-765
-880
-905
-851
-808
-753
-654
-441
-281
-132
25
207
329
402
501
605
691
714
748
784
826
823
789
700
590
511
379
239
55
-75
-191
-324
-409
-497
-525
-577
-620
-590
-541
-509
-512
-476
-402
-363
-347
-296
-220
-153
-115
-84
-23
5
-3
-20
-66
-121
-201
-307
-403
-499
-607
-744
-854
-950
-990
-1091
-1188
-1226
-1294
-1274
-1365
-1336
-1286
-1209
-910
-619
-295
-61
282
676
919
1128
1369
1549
1543
1448
1472
1557
1411
1264
1221
1294
1277
1082
1040
991
818
509
221
30
-235
-522
-723
-832
-928
-973
-959
-862
-743
-627
-466
-350
-176
-16
116
254
407
629
762
847
934
1017
1075
1016
936
878
787
607
449
333
214
10
-161
-243
-353
-480
-635
-678
-699
-771
-810
-773
-696
-680
-629
-503
-342
-251
-161
-21
131
240
318
442
538
592
611
651
659
636
610
548
472
385
302
201
90
-25
-131
-233
-321
-387
-426
-448
-478
-464
-434
-385
-336
-270
-180
-133
-85
-27
45
77
85
113
128
108
61
32
17
-37
-119
-212
-310
-403
-541
-638
-719
-836
-914
-995
-1042
-1117
-1186
-1168
-1214
-1223
-1233
-1155
-1049
-900
-597
-279
2
253
607
885
1118
1272
1455
1517
1404
1385
1347
1331
1136
1018
1002
977
842
710
675
555
366
83
-46
-271
-509
-736
-898
-972
-1068
-1026
-967
-832
-704
-538
-359
-184
9
153
290
412
586
701
755
795
855
903
885
823
769
701
590
466
375
286
123
-36
-154
-241
-368
-451
-513
-541
-573
-571
-505
-461
-397
-366
-269
-194
-145
-78
18
102
179
259
350
470
538
610
626
659
642
598
550
443
356
250
137
33
-31
-104
-161
-207
-227
-238
-250
-228
-221
-205
-201
-176
-154
-114
-87
-62
-31
0
22
51
83
69
62
2
-23
-93
-175
-249
-351
-422
-523
-611
-705
-766
-833
-879
-913
-938
-981
-1009
-1010
-1027
-1031
-1035
-978
-905
-829
-657
-368
-118
112
333
662
930
1048
1213
1330
1383
1280
1216
1187
1102
928
804
798
763
665
566
556
433
285
94
-43
-202
-448
-636
-795
-864
-937
-950
-927
-844
-719
-572
-391
-232
-59
72
181
303
430
504
515
530
574
575
558
531
540
510
426
382
343
281
162
50
-45
-120
-256
-334
-353
-381
-391
-411
-371
-335
-274
-221
-152
-111
-77
-40
-9
47
81
143
186
260
337
402
431
424
429
408
354
290
214
125
36
-43
-96
-138
-179
-202
-199
-173
-151
-112
-81
-72
-52
-49
-36
-27
-57
-42
-42
-42
-16
-12
28
35
13
12
-16
-69
-156
-244
-331
-434
-532
-604
-659
-708
-732
-737
-751
-766
-770
-785
-799
-820
-822
-812
-809
-765
-692
-571
-403
-201
34
256
498
727
897
1049
1160
1228
1235
1176
1143
1088
984
868
785
743
682
620
575
531
430
309
178
37
-151
-349
-511
-651
-750
-832
-847
-829
-771
-658
-519
-380
-225
-65
67
173
269
370
417
441
464
483
483
487
496
515
503
473
462
431
378
296
213
128
18
-82
-140
-203
-238
-266
-243
-193
-173
-119
-79
-35
-34
-24
17
25
21
20
73
125
161
224
299
346
369
360
368
351
283
213
110
22
-50
-122
-167
-201
-222
-210
-208
-165
-112
-78
-51
-61
-62
-77
-116
-154
-185
-208
-201
-197
-166
-128
-106
-72
-75
-93
-120
-165
-224
-305
-402
-464
-526
-570
-609
-610
-616
-623
-603
-618
-600
-611
-603
-621
-632
-610
-575
-522
-471
-395
-298
-127
37
225
374
561
731
810
948
1045
1109
1082
1031
1024
971
874
780
720
674
591
517
511
443
344
223
120
-4
-187
-337
-476
-584
-687
-764
-772
-732
-692
-579
-456
-322
-185
-69
57
142
239
283
296
320
370
375
368
383
418
441
436
461
456
427
362
290
229
150
33
-67
-144
-197
-238
-265
-252
-250
-228
-223
-190
-155
-161
-165
-153
-133
-119
-91
-56
4
60
113
166
230
271
273
258
234
204
130
62
-4
-43
-82
-102
-88
-79
-50
-29
17
21
7
-5
-31
-55
-107
-149
-185
-212
-222
-214
-169
-142
-121
-89
-56
-22
-38
-76
-107
-138
-206
-268
-311
-371
-414
-475
-488
-505
-534
-530
-538
-510
-524
-531
-501
-489
-448
-417
-394
-315
-167
-40
93
230
418
589
679
833
932
978
930
894
913
837
710
608
568
506
396
342
336
245
131
40
-26
-156
-351
-486
-605
-742
-861
-918
-931
-919
-856
-736
-604
-450
-278
-145
-24
94
185
251
256
294
344
341
356
378
430
450
461
504
508
505
436
381
325
217
126
9
-64
-129
-174
-192
-204
-181
-151
-110
-63
-16
13
35
47
70
88
95
122
148
192
225
252
297
305
285
277
246
206
141
75
13
-45
-66
-105
-117
-109
-100
-72
-65
-70
-47
-63
-77
-85
-100
-105
-133
-120
-113
-106
-80
-62
-48
-37
-14
-1
-14
-33
-40
-79
-103
-139
-196
-241
-303
-316
-356
-377
-394
-400
-382
-393
-388
-382
-382
-406
-385
-363
-307
-295
-185
-37
35
168
289
494
553
636
782
814
799
720
755
720
576
503
512
469
378
337
366
314
174
129
67
-51
-240
-388
-473
-610
-719
-760
-758
-727
-671
-577
-446
-314
-177
-63
29
133
199
219
239
249
277
260
261
315
334
353
383
450
467
414
394
382
302
194
118
30
-75
-177
-197
-212
-249
-238
-209
-152
-121
-63
-8
21
33
61
97
100
102
105
133
134
156
184
195
186
185
177
136
95
56
17
-48
-95
-129
-164
-189
-203
-202
-203
-208
-197
-205
-221
-226
-237
-236
-236
-239
-210
-195
-177
-159
-141
-116
-93
-51
-50
-65
-79
-102
-132
-176
-211
-267
-312
-363
-403
-427
-460
-477
-492
-493
-474
-479
-475
-463
-441
-390
-370
-291
-214
-135
-28
65
203
293
360
446
518
552
517
500
486
439
370
333
290
244
209
188
195
141
99
46
-29
-123
-230
-307
-393
-475
-534
-536
-525
-479
-408
-310
-203
-102
15
106
183
228
275
302
297
311
288
277
282
275
303
312
341
360
366
360
321
283
226
153
82
9
-61
-112
-148
-159
-156
-132
-102
-54
0
38
83
122
149
139
138
137
126
111
86
85
77
78
81
97
90
73
50
18
-31
-69
-110
-168
-211
-251
-249
-260
-279
-260
-252
-247
-231
-210
-184
-176
-162
-139
-124
-112
-98
-75
-51
-30
-11
25
45
45
51
46
28
-2
-44
-88
-143
-196
-237
-258
-269
-290
-286
-278
-260
-207
-173
-127
-75
-30
38
96
151
208
264
327
374
433
486
512
538
541
553
534
502
481
462
434
386
359
304
269
237
200
162
110
77
34
-11
-42
-73
-91
-111
-122
-98
-86
-57
-16
16
49
79
108
127
133
135
129
109
91
64
43
13
-4
-2
-20
-17
-16
-24
-27
-41
-54
-60
-68
-84
-97
-122
-132
-144
-142
-125
-114
-101
-83
-56
-39
-31
-22
-10
-25
-53
-77
-107
-129
-156
-181
-187
-210
-223
-236
-234
-239
-266
-269
-282
-289
-315
-330
-330
-341
-347
-348
-344
-333
-324
-320
-298
-277
-257
-245
-229
-207
-181
-170
-144
-81
-64
-10
42
102
192
234
302
355
404
436
441
441
423
397
356
321
273
221
168
130
97
51
26
17
-11
-23
-41
-74
-83
-111
-122
-127
-141
-125
-110
-65
-12
45
128
190
260
328
385
428
453
480
492
492
463
439
413
353
304
243
194
130
52
-9
-52
-111
-167
-212
-243
-272
-294
-307
-320
-323
-322
-312
-301
-284
-279
-248
-202
-177
-149
-117
-94
-64
-49
-36
-26
-14
3
0
-3
-11
-48
-75
-80
-95
-104
-112
-127
-133
-135
-142
-137
-152
-144
-134
-135
-123
-116
-83
-70
-73
-61
-48
-32
-43
-37
-37
-53
-49
-74
-78
-82
-79
-92
-105
-94
-111
-120
-140
-130
-130
-138
-126
-98
-85
-66
-37
-28
1
24
60
89
127
165
182
220
240
261
287
296
306
303
304
306
298
280
267
248
228
214
190
178
161
148
122
118
106
93
100
75
84
81
81
86
84
92
105
126
133
149
173
191
200
213
226
246
254
266
260
258
249
230
214
169
146
103
63
11
-39
-78
-123
-159
-210
-237
-270
-315
-332
-361
-392
-419
-439
-439
-452
-454
-445
-427
-410
-401
-361
-331
-304
-276
-235
-185
-150
-125
-98
-81
-68
-40
-41
-23
-22
-23
-20
-38
-38
-64
-61
-77
-93
-84
-87
-74
-94
-96
-86
-80
-91
-74
-38
-15
-9
11
60
93
122
140
170
205
226
243
261
251
244
236
237
234
220
224
198
181
166
148
131
106
108
94
105
108
83
103
106
122
127
139
173
187
191
203
209
218
219
207
221
202
198
193
185
175
147
140
102
79
42
11
-24
-81
-104
-124
-149
-166
-177
-165
-161
-175
-161
-159
-135
-127
-122
-86
-62
-43
-26
-8
19
26
26
38
34
29
-3
-25
-48
-79
-108
-152
-177
-211
-257
-281
-309
-340
-360
-387
-406
-418
-419
-418
-418
-419
-417
-398
-377
-355
-320
-293
-254
-220
-187
-140
-115
-76
-45
-16
1
21
56
74
78
83
98
111
115
115
128
142
138
152
168
175
171
170
190
197
214
225
230
249
251
265
282
278
286
297
296
316
314
318
320
310
311
289
286
267
241
228
187
155
131
96
71
37
5
2
-20
-51
-43
-43
-44
-36
-30
-4
7
16
30
57
73
77
92
104
109
115
117
106
111
99
90
86
62
31
11
-16
-54
-77
-115
-139
-166
-202
-225
-249
-263
-276
-288
-285
-280
-267
-255
-252
-230
-206
-188
-157
-129
-100
-64
-41
-14
7
3
11
4
-12
-11
-21
-40
-57
-78
-104
-124
-146
-171
-186
-201
-222
-229
-238
-248
-249
-257
-255
-238
-214
-196
-160
-133
-112
-79
-51
-18
6
31
52
96
113
128
140
137
140
139
143
154
151
140
142
129
128
124
120
124
118
131
141
153
164
164
181
194
204
215
225
237
246
253
244
250
248
233
225
215
213
192
183
169
139
117
87
60
40
4
-20
-31
-65
-84
-89
-97
-95
-104
-114
-94
-82
-74
-55
-41
-8
1
4
27
45
50
60
64
78
75
64
72
59
38
17
2
-14
-44
-78
-90
-125
-156
-170
-196
-213
-225
-233
-234
-231
-235
-230
-209
-200
-187
-165
-154
-131
-105
-72
-47
-26
-2
20
47
61
71
86
93
94
83
72
67
46
39
25
8
3
-28
-41
-48
-79
-95
-118
-124
-125
-128
-126
-115
-102
-87
-72
-63
-29
-8
7
30
49
72
71
69
89
104
98
97
114
117
117
105
87
90
76
60
54
43
43
36
20
30
17
25
45
53
68
79
88
101
107
109
122
124
132
129
133
136
125
116
108
98
81
58
46
39
27
6
-8
-24
-51
-64
-82
-96
-118
-125
-124
-132
-134
-123
-103
-101
-84
-79
-50
-39
-44
-10
4
14
18
18
29
32
15
16
19
14
5
-7
-10
-29
-50
-69
-84
-97
-116
-134
-130
-127
-134
-133
-146
-144
-136
-140
-129
-122
-115
-93
-73
-55
-33
-4
13
46
72
82
112
122
130
121
119
120
107
86
77
60
45
34
10
5
-5
-10
-24
-50
-43
-39
-47
-45
-46
-23
-6
-9
1
20
32
43
45
47
69
74
77
90
100
105
109
104
108
102
88
91
70
61
55
37
40
34
31
38
32
36
53
47
66
78
75
90
89
102
94
94
105
107
102
94
81
64
70
54
34
31
22
1
-11
-43
-59
-75
-106
-123
-154
-164
-180
-225
-215
-228
-238
-229
-244
-231
-212
-204
-186
-160
-138
-127
-117
-105
-99
-99
-79
-64
-52
-30
-28
-14
-11
-1
7
3
19
16
12
7
0
-10
-18
-27
-41
-40
-50
-65
-47
-42
-45
-29
-29
-18
10
23
45
71
78
98
110
113
137
147
153
169
162
171
165
155
152
135
142
137
112
107
93
67
45
21
12
-4
-33
-42
-45
-51
-58
-70
-60
-62
-77
-79
-69
-62
-74
-59
-38
-24
-23
-18
1
-1
-5
16
18
18
27
15
34
21
14
22
7
13
3
5
3
6
-4
0
1
-5
8
2
5
6
8
20
21
14
20
23
10
6
5
18
18
5
17
15
6
1
-13
-14
-27
-42
-55
-63
-72
-78
-102
-97
-90
-111
-116
-118
-114
-98
-104
-82
-61
-66
-43
-41
-33
-18
-20
-4
6
3
19
27
28
33
28
35
33
33
33
29
17
14
10
0
4
-14
-15
-11
-15
-10
-3
-4
4
8
21
26
25
42
49
65
67
84
93
104
102
95
111
106
105
104
101
110
104
89
101
89
83
72
41
46
36
17
21
21
19
25
15
20
