2
4
6
12
18
21
20
18
17
15
18
23
27
29
31
29
26
26
28
27
27
29
28
24
21
20
17
15
18
17
17
17
14
8
6
7
7
10
17
25
24
25
26
25
25
25
29
29
31
32
30
29
29
29
25
21
19
14
6
1
-3
-9
-15
-18
-23
-24
-26
-30
-36
-41
-46
-50
-49
-44
-41
-38
-36
-35
-36
-38
-35
-31
-27
-23
-18
-16
-17
-14
-13
-13
-10
-6
-5
-2
0
0
-2
-6
-9
-10
-6
-2
1
0
-3
-6
-12
-15
-16
-16
-18
-18
-19
-23
-24
-27
-31
-38
-42
-44
-48
-48
-48
-51
-55
-60
-62
-64
-60
-55
-53
-50
-45
-41
-38
-30
-18
-10
-2
6
14
22
32
44
52
62
70
75
79
83
85
82
80
79
77
73
71
64
52
40
28
18
11
7
3
-5
-13
-21
-31
-37
-37
-32
-29
-24
-19
-15
-13
-10
-7
-1
8
20
32
45
54
58
57
55
55
58
63
71
74
72
66
57
47
41
38
35
33
27
20
9
0
-8
-16
-22
-22
-21
-22
-21
-22
-30
-37
-40
-38
-33
-26
-20
-21
-22
-24
-26
-26
-23
-19
-16
-15
-16
-16
-17
-16
-12
-9
-10
-10
-9
-8
-8
-9
-10
-9
-4
4
8
8
2
-7
-13
-11
-5
1
3
3
-5
-13
-21
-28
-33
-34
-30
-25
-25
-31
-40
-47
-53
-55
-54
-47
-40
-35
-34
-38
-45
-50
-50
-42
-30
-18
-12
-14
-20
-27
-29
-30
-29
-24
-17
-10
-7
-7
-9
-15
-18
-16
-10
-3
1
6
8
11
22
29
35
41
49
55
57
60
64
71
82
91
98
99
93
80
70
65
61
56
54
49
35
13
-9
-33
-55
-66
-67
-67
-79
-96
-112
-123
-131
-137
-133
-125
-112
-94
-68
-49
-45
-50
-42
-16
21
59
91
111
118
122
137
150
154
152
158
164
164
163
156
134
101
72
49
31
16
2
-9
-23
-49
-79
-99
-106
-113
-116
-115
-110
-107
-95
-77
-67
-65
-60
-44
-18
13
42
57
61
62
66
76
86
92
100
109
114
111
100
84
65
46
32
22
17
10
3
-7
-22
-45
-66
-83
-95
-94
-86
-83
-89
-96
-99
-104
-107
-101
-93
-83
-73
-58
-39
-25
-19
-19
-13
-1
17
42
66
76
75
76
89
102
112
116
114
104
91
87
88
79
60
39
21
-6
-38
-62
-72
-80
-97
-115
-133
-155
-177
-190
-192
-191
-191
-172
-123
-81
-70
-77
-78
-70
-37
28
102
140
147
158
180
200
204
204
213
223
223
228
228
195
133
90
75
53
8
-29
-51
-83
-121
-149
-169
-202
-230
-232
-211
-201
-207
-195
-161
-132
-119
-97
-68
-47
-18
39
102
138
147
159
187
197
191
192
210
213
208
214
207
166
111
80
64
46
29
16
1
-16
-29
-35
-45
-64
-82
-84
-68
-58
-42
-18
-1
-6
-20
-21
-21
-31
-31
-13
-11
-28
-56
-87
-120
-153
-170
-180
-198
-223
-246
-269
-304
-351
-393
-420
-425
-382
-295
-218
-215
-250
-262
-242
-171
-49
63
111
130
153
209
265
278
273
294
334
359
412
450
402
296
235
212
167
100
56
48
21
-20
-56
-80
-126
-183
-207
-177
-159
-161
-133
-64
-23
-43
-52
-42
-34
-9
83
166
188
189
208
242
241
214
195
223
256
277
309
330
288
216
188
185
161
115
91
98
101
86
65
22
-28
-59
-58
-51
-61
-70
-59
-43
-48
-61
-73
-74
-69
-39
2
26
28
25
44
58
39
9
2
0
-13
-13
-17
-44
-87
-124
-148
-181
-209
-241
-268
-289
-325
-374
-424
-469
-519
-564
-590
-589
-530
-414
-326
-334
-377
-397
-377
-257
-79
55
90
103
136
210
281
290
286
329
388
422
509
555
481
361
318
300
231
157
121
113
91
52
-3
-60
-140
-184
-156
-90
-95
-131
-89
-9
22
-1
10
24
30
57
155
246
258
261
305
359
361
324
298
310
324
342
377
378
299
227
206
182
129
62
40
59
72
60
54
22
-43
-92
-94
-74
-84
-87
-59
-20
-20
-53
-60
-60
-69
-82
-49
-26
-29
-29
-21
-13
-57
-113
-150
-146
-151
-177
-199
-216
-264
-336
-379
-407
-444
-501
-531
-557
-611
-697
-755
-798
-852
-886
-841
-713
-587
-528
-564
-575
-566
-491
-320
-99
26
52
93
159
258
307
334
355
422
481
556
644
657
549
427
398
363
292
211
203
182
128
67
31
-28
-106
-126
-109
-76
-92
-84
-40
24
27
12
35
57
86
136
254
336
365
404
497
564
538
490
475
505
523
543
566
552
475
409
412
418
361
258
210
207
200
214
223
183
87
11
-18
-5
-27
-66
-49
20
65
41
54
70
39
-7
24
72
93
97
119
163
154
118
84
92
91
75
79
91
73
23
11
16
-31
-142
-211
-235
-260
-300
-310
-312
-371
-469
-532
-554
-590
-645
-708
-740
-783
-841
-876
-902
-974
-1055
-1093
-1100
-1105
-1092
-1027
-915
-814
-753
-695
-638
-615
-556
-405
-212
-67
27
108
182
222
238
280
361
430
467
521
553
519
435
358
286
191
107
45
21
19
-1
-33
-51
-108
-171
-166
-125
-106
-90
-40
38
114
154
194
217
227
255
327
430
510
580
641
716
754
750
727
705
695
724
784
825
784
691
629
562
522
503
472
434
401
375
371
358
308
234
199
214
199
201
239
237
206
198
221
208
172
139
125
119
99
96
97
77
30
-5
-16
-20
-47
-75
-67
-84
-131
-171
-193
-231
-290
-357
-394
-438
-481
-504
-541
-594
-686
-759
-804
-834
-893
-954
-1016
-1100
-1164
-1205
-1241
-1280
-1320
-1306
-1135
-878
-679
-651
-670
-670
-627
-476
-227
31
166
255
333
487
585
601
590
669
741
772
906
997
960
775
674
593
451
250
138
141
100
1
-76
-96
-175
-278
-353
-332
-366
-420
-353
-155
12
5
-1
40
95
97
175
310
379
420
503
653
702
633
544
519
509
485
497
518
519
448
375
336
278
198
124
56
-10
-10
5
66
122
124
30
-38
-67
-45
16
39
86
111
202
233
274
290
230
160
148
225
258
248
237
268
274
250
194
162
115
65
65
89
69
3
-39
-64
-104
-207
-279
-308
-317
-339
-361
-357
-420
-492
-524
-516
-541
-628
-695
-725
-732
-765
-805
-870
-948
-1053
-1107
-1120
-1146
-1171
-1140
-958
-660
-365
-337
-470
-545
-490
-330
-46
307
478
503
526
673
814
813
708
711
833
930
989
1086
1102
877
651
582
509
276
103
127
159
73
-31
-49
-113
-263
-364
-344
-315
-361
-379
-177
98
187
118
128
227
236
231
324
436
463
501
653
795
752
578
454
467
464
388
331
347
312
229
201
159
66
-103
-194
-164
-178
-232
-255
-170
-106
-105
-129
-137
-125
-178
-166
-90
-5
30
87
172
206
196
133
98
104
100
69
66
89
107
84
87
78
-9
-109
-175
-196
-218
-254
-283
-287
-264
-266
-296
-337
-373
-411
-423
-422
-434
-443
-440
-429
-448
-511
-588
-623
-648
-666
-693
-759
-840
-929
-998
-1040
-1145
-1236
-1320
-1167
-666
-166
-246
-918
-840
-437
-436
60
740
780
416
761
1535
1499
1263
1340
1335
1227
1214
1411
1424
1160
861
705
654
428
-3
-311
-279
-272
-456
-617
-611
-652
-807
-795
-615
-582
-680
-483
41
501
501
427
737
992
991
1059
1294
1425
1361
1395
1628
1633
1281
898
766
757
518
227
107
28
-150
-312
-385
-524
-840
-1103
-1058
-872
-733
-581
-336
-98
33
34
111
272
375
386
500
707
730
658
630
610
415
163
10
-18
-36
-184
-275
-339
-437
-589
-697
-682
-715
-770
-707
-554
-486
-515
-533
-470
-421
-403
-351
-229
-92
-21
34
57
46
-88
-224
-281
-314
-371
-460
-473
-565
-720
-946
-1146
-1380
-1655
-1820
-1848
-1801
-1859
-1861
-1875
-1590
-517
994
1584
1137
930
1126
1154
1488
2398
2474
1603
1234
1509
1181
424
107
15
-171
-178
49
-77
-527
-998
-1232
-1215
-1063
-1036
-987
-640
-218
-85
-202
-246
-228
-130
208
769
1145
1225
1365
1759
1944
1587
1112
940
969
924
938
1046
968
655
403
310
119
-380
-777
-720
-428
-315
-422
-472
-515
-689
-793
-626
-412
-322
-150
287
631
677
671
838
1018
1045
1086
1105
1080
1039
919
690
343
-99
-481
-626
-547
-507
-506
-369
-236
-193
-249
-326
-370
-352
-214
-8
204
280
217
93
-9
-157
-329
-398
-311
-153
-40
24
-4
-96
-174
-172
-173
-223
-276
-374
-473
-620
-795
-1001
-1181
-1343
-1498
-1575
-1678
-1746
-1875
-1852
-1830
-1817
-1903
-2027
-2081
-2168
-1868
-409
2124
3538
2624
1375
1244
899
929
2197
2972
1426
23
321
-165
-1442
-1634
-921
-813
-521
404
543
-262
-792
-789
-633
-176
388
749
853
982
738
193
-303
-475
-170
542
1330
1644
1559
1330
1384
1476
1293
918
953
1268
1367
1268
1101
723
68
-302
-241
-113
-203
-321
-272
-101
-130
-393
-567
-533
-414
-236
94
372
409
351
450
511
296
70
273
677
882
985
926
597
95
-96
-145
-306
-402
-407
-376
-363
-416
-543
-625
-447
-204
-36
144
172
87
-41
-115
-128
-204
-208
-161
-62
-49
-169
-348
-501
-505
-436
-340
-255
-159
-28
59
49
-101
-318
-485
-591
-630
-731
-879
-1024
-1215
-1423
-1627
-1788
-1952
-2111
-1989
-1885
-1890
-1929
-2071
-2227
-2423
-1920
460
3420
4504
2643
1284
1097
598
1228
2881
3128
650
-457
-32
-1025
-2093
-1531
-694
-679
-46
1094
579
-475
-743
-740
-538
-51
774
810
654
544
126
-399
-992
-952
-364
692
1446
1647
1524
1349
1471
1662
1559
1178
1269
1517
1439
1180
952
388
-415
-712
-492
-342
-433
-552
-465
-348
-347
-366
-392
-326
-259
-33
290
525
486
309
273
277
84
-35
122
424
514
471
462
294
102
10
187
68
-206
-277
-234
-190
-267
-235
-228
-175
-16
16
-28
-87
-138
-136
-60
133
236
279
308
238
63
-168
-304
-355
-228
-109
-110
-193
-247
-244
-292
-331
-421
-504
-514
-424
-383
-522
-826
-1152
-1401
-1599
-1750
-1791
-1686
-1800
-1914
-1965
-2041
-2104
-2339
-2083
-2190
-806
2464
5128
4738
2031
1373
811
724
2289
3744
2470
-404
-523
-630
-1917
-1964
-1014
-575
-577
711
1394
209
-473
-679
-637
-494
306
994
641
449
148
-157
-839
-1290
-961
-45
1049
1608
1767
1502
1345
1501
1714
1362
971
1145
1299
1151
888
667
-1
-752
-921
-644
-414
-462
-419
-242
-110
-74
-122
-176
-236
-159
114
451
577
403
131
15
-81
-278
-209
5
319
472
755
780
434
195
48
47
-182
-238
-243
-288
-269
-313
-277
-220
-37
139
133
126
102
111
106
199
373
343
234
122
-12
-240
-462
-574
-581
-454
-329
-237
-207
-77
-17
-139
-309
-331
-271
-272
-332
-443
-649
-1042
-1347
-1645
-1901
-2183
-2093
-1878
-1764
-2051
-2251
-2384
-2297
-2230
-1222
2062
5034
5472
2783
1495
848
448
1812
3349
2849
-276
-1004
-889
-1785
-1969
-1300
-690
-834
323
1425
639
-202
-675
-750
-732
-58
911
630
188
-227
-480
-1025
-1434
-980
-185
768
1391
1849
1811
1631
1623
1860
1556
1005
945
1059
1021
650
473
66
-471
-827
-844
-719
-809
-746
-488
-328
-349
-320
-201
-244
-318
-246
-102
133
273
201
-39
-195
-183
-203
-24
278
461
385
489
789
755
529
410
313
-14
-128
-34
-79
-329
-406
-356
-301
-79
116
100
-51
23
235
364
457
588
639
526
324
73
-254
-584
-706
-592
-417
-331
-318
-205
-28
72
38
-138
-207
-202
-154
-185
-347
-625
-1085
-1513
-1931
-2316
-2459
-2553
-2418
-2022
-1849
-1840
-2305
-2347
-2552
-1337
2597
6183
6243
2594
798
-1
35
2020
3687
2431
-1246
-1871
-1614
-2061
-1711
-927
-649
-862
676
1712
790
-144
-668
-726
-561
544
1405
789
-39
-610
-715
-995
-1067
-647
254
1345
1897
2107
1955
1851
1831
2077
1927
1420
1140
990
804
423
288
-3
-467
-669
-382
-87
-359
-557
-392
-218
-176
73
389
249
-78
-124
26
129
71
-119
-351
-372
-178
45
103
57
163
365
751
996
1005
558
128
36
-40
-64
-54
-82
-452
-777
-697
-393
-91
147
212
59
-45
56
203
302
407
539
516
339
47
-390
-855
-1079
-993
-813
-657
-498
-241
-10
23
-44
-165
-171
-107
-16
-37
-332
-752
-1154
-1599
-2014
-2304
-2450
-2479
-2554
-2186
-2135
-2221
-2462
-2384
-2301
-1086
2938
6490
6368
2632
609
-162
24
2214
3873
2364
-1515
-2471
-2363
-2612
-1803
-732
-409
-713
709
1678
754
-231
-920
-909
-497
924
1845
998
-157
-1057
-1186
-1220
-997
-423
396
1512
2080
2252
2001
1812
1817
2106
2105
1689
1310
962
586
67
-132
-285
-524
-692
-464
-159
-374
-616
-545
-385
-240
135
500
397
65
-79
-26
-22
-83
-184
-282
-252
-97
168
148
172
302
501
778
902
1002
505
328
230
51
-105
-284
-316
-690
-772
-627
-299
57
86
-19
-231
-243
-52
186
442
538
589
475
194
-182
-636
-1004
-1127
-881
-529
-383
-498
-489
-287
-208
-225
-260
-127
-24
-34
-166
-468
-787
-1268
-1694
-2181
-2443
-2554
-2503
-2201
-2028
-1995
-2407
-2642
-2607
-2609
-1447
2073
6065
6643
3115
570
-279
-3
2040
4193
3538
-557
-2434
-2560
-2786
-2124
-886
-166
-625
451
1628
850
-205
-919
-891
-487
1050
2448
1706
217
-964
-1290
-1217
-832
-77
600
1415
1948
2000
1691
1379
1486
1968
2326
2164
1819
1337
713
97
-102
31
-30
-223
-242
-54
-205
-544
-602
-580
-418
45
639
695
265
-21
-51
-12
56
107
138
149
243
414
301
271
254
420
632
926
1139
812
670
309
-64
-346
-428
-400
-550
-441
-330
-113
129
115
-78
-319
-182
128
408
559
560
502
237
-68
-446
-776
-985
-975
-734
-473
-374
-561
-581
-375
-128
-10
-37
2
-75
-122
-347
-555
-970
-1522
-2061
-2386
-2513
-2575
-2516
-2542
-2451
-2287
-2128
-2258
-2287
-2237
-133
3770
6648
5235
1467
-183
-632
827
3330
4477
1756
-2124
-2869
-2953
-2583
-1203
16
-31
-466
741
924
-175
-767
-858
-325
472
2099
2361
679
-811
-1539
-1248
-834
66
934
1329
1566
1367
1077
865
1196
1955
2500
2405
2006
1364
548
-242
-394
94
506
554
261
12
-445
-1045
-1186
-873
-501
-91
510
878
498
-200
-635
-662
-302
243
570
574
429
396
115
18
64
366
688
869
1069
704
534
26
-311
-523
-646
-412
-349
-303
-426
-435
-87
34
158
145
38
183
252
434
268
143
44
-76
-150
-459
-784
-1108
-1065
-720
-407
-318
-296
-164
2
41
-85
-162
-341
-435
-425
-357
-515
-1047
-1738
-2302
-2558
-2498
-2597
-2561
-2368
-2043
-1868
-2265
-2599
-2658
-97
4221
7093
5089
1016
-587
-557
1654
4655
5689
1907
-2628
-3512
-3064
-1990
-277
897
264
-752
-2
43
-943
-1282
-916
105
1253
2776
2371
64
-1612
-2043
-1211
-186
1097
1814
1670
1170
468
10
62
1070
2568
3369
2766
1707
630
-281
-795
-350
739
1353
1318
773
210
-594
-1443
-1648
-1077
-177
435
763
606
-107
-866
-1220
-923
-194
602
883
567
213
58
93
390
751
1049
963
786
526
205
70
-220
-461
-728
-696
-415
-254
-282
-506
-633
-349
142
652
748
460
153
-61
13
86
148
106
-75
-231
-448
-750
-1135
-1231
-904
-496
-181
-8
-8
-100
-173
-177
-200
-277
-300
-486
-681
-1034
-1404
-1807
-2210
-2466
-2657
-2551
-2401
-2115
-1937
-2140
-2425
-2626
-1651
1861
5881
6461
2329
-595
-623
664
3555
6207
5261
-369
-3850
-3700
-2803
-1050
1103
1764
62
-916
-587
-1409
-2033
-1190
91
1061
2000
2674
986
-1467
-2127
-1374
-4
1163
2201
2179
1120
204
-302
-91
696
2189
3604
3420
1996
624
-236
-645
-460
632
1517
1453
721
-71
-491
-793
-862
-723
-379
36
183
-7
-383
-700
-851
-715
-112
519
615
125
-377
-336
105
887
1489
1646
1229
744
435
63
-41
-2
36
-278
-689
-957
-1118
-1038
-710
-420
-218
-37
238
458
383
253
84
30
130
267
226
-166
-568
-818
-926
-937
-962
-914
-824
-688
-503
-299
-99
-32
-44
-112
-247
-379
-597
-832
-1241
-1571
-1865
-2178
-2495
-2758
-2755
-2594
-2408
-2386
-2590
-2496
-2446
-1534
1988
5488
5280
1060
-730
49
1564
4478
6614
4734
-1133
-3470
-2646
-1740
-418
1244
1184
-1088
-1718
-1286
-1872
-2174
-912
287
624
1185
1289
-254
-1666
-1051
307
1213
1597
1720
1249
609
479
717
1004
1516
2432
2874
2165
880
431
484
716
997
1295
1135
287
-210
-211
259
603
694
396
-257
-588
-625
-484
-286
51
165
-50
-178
-180
-197
-193
-92
90
627
1477
1927
1400
651
386
641
966
1276
969
-178
-1200
-1474
-1055
-672
-376
-397
-668
-822
-689
-367
24
460
701
608
345
183
1
-139
-133
-58
-198
-595
-1066
-1433
-1474
-1222
-898
-771
-617
-430
-439
-695
-915
-700
-475
-360
-634
-1032
-1551
-2135
-2384
-2597
-2315
-2183
-2145
-2463
-3008
-3112
-3338
-1718
2027
5150
4035
-179
-995
310
2499
5127
6620
3948
-1619
-2685
-1298
151
1128
1860
392
-2753
-2871
-1779
-1291
-1092
-222
-129
-903
-508
-261
-986
-1131
294
1652
1608
1005
524
284
836
1745
2429
2376
2069
1947
1516
1056
860
1320
1660
1628
1390
769
-47
-549
-205
506
952
784
347
49
-60
-287
-376
-146
211
350
68
-251
-506
-386
17
436
520
321
381
515
631
842
1158
1350
1368
1372
886
23
-600
-630
-320
-73
-57
-514
-1192
-1530
-1266
-646
-116
177
181
-45
-259
-206
16
173
282
373
269
-155
-659
-949
-970
-825
-743
-895
-1129
-1218
-1046
-920
-926
-984
-988
-890
-860
-862
-1128
-1397
-1561
-1863
-2174
-2210
-1989
-1887
-2260
-2494
-3013
-2782
95
2987
3128
-406
-1058
745
2583
4732
5653
4069
-1187
-2115
301
2271
2796
2139
749
-2605
-3170
-1891
-886
-338
59
-265
-2081
-2626
-1764
-1217
-626
684
1498
822
-510
-511
237
1533
2739
2913
2202
1157
1308
1831
2076
1963
1963
1874
1318
755
525
414
275
432
688
769
-27
-1044
-1375
-580
644
950
375
-632
-1086
-895
-253
475
581
218
-154
289
820
880
310
94
414
841
1291
1048
524
-217
-252
78
179
91
-408
-783
-1042
-941
-643
-628
-730
-934
-907
-701
-562
-383
-240
-52
-3
-225
-343
-420
-149
225
408
229
-269
-595
-764
-662
-452
-405
-697
-1067
-1343
-1309
-1373
-1322
-1209
-1127
-1253
-1703
-1661
-1882
-1735
-1952
-1710
-1807
-2099
-2012
-1582
1321
2722
1641
-1778
-1453
1433
3061
4822
4636
2391
-1927
-1304
2013
3413
3307
2184
543
-2202
-2193
-488
323
97
-313
-1359
-2793
-2938
-1742
-1076
-747
132
28
-802
-1537
-450
1125
2311
2753
2145
1304
836
1698
2628
2875
2467
2166
1604
1049
886
1234
1527
1108
602
18
-43
-335
-489
-401
-157
-131
-673
-1035
-1065
-644
-176
224
284
97
-318
-198
438
1252
1613
1292
875
384
497
769
1113
1048
467
-158
-590
-522
-338
-94
-158
-585
-1056
-1130
-877
-674
-691
-844
-928
-961
-856
-782
-588
-421
-311
-415
-536
-425
-297
-278
-198
209
423
137
-282
-372
-285
-363
-599
-813
-1014
-1258
-1514
-1642
-1742
-1700
-1856
-2049
-2261
-2006
-1737
-1772
-1911
-2192
-1997
-1437
1001
2605
1670
-1166
-1409
1167
2804
4030
3757
1996
-1249
-905
2342
3851
3338
1654
314
-1354
-938
633
1114
347
-658
-1669
-2669
-2432
-1287
-739
-1115
-1096
-1404
-1756
-1769
-428
1173
1857
1787
1023
728
1101
2383
3387
3292
2225
1400
1303
1713
2137
2355
2099
1148
372
-109
70
250
288
63
-383
-786
-1276
-1332
-1117
-681
-364
-284
-563
-845
-666
-49
822
1254
1258
720
520
779
1188
1598
1603
1273
363
-247
-272
60
266
132
-196
-729
-1169
-1161
-669
-274
-374
-849
-1208
-1283
-988
-621
-488
-610
-869
-931
-851
-503
-161
-96
-354
-464
-198
132
417
544
484
24
-412
-536
-451
-383
-643
-964
-1448
-1966
-2322
-2333
-2060
-2131
-2129
-2376
-2480
-2681
-2412
-1971
-1210
720
1479
462
-1573
-290
2078
2962
3114
2484
1117
-921
835
3635
3913
2271
924
513
-252
330
1426
1427
311
-872
-1811
-2179
-1574
-425
-478
-1399
-1966
-2434
-2221
-1516
56
926
656
54
-155
671
1856
2940
3199
2371
1354
1402
2206
2951
2980
2776
2119
1214
775
878
1364
1276
759
26
-606
-1012
-1150
-867
-515
-466
-863
-1431
-1659
-1216
-424
272
426
153
89
350
795
1124
1450
1696
1384
990
667
575
589
577
643
270
-239
-676
-768
-422
-254
-380
-857
-1206
-1158
-1058
-874
-825
-917
-1120
-1343
-1193
-872
-580
-580
-784
-724
-502
-199
-41
91
330
431
312
79
-17
62
37
-150
-441
-879
-1284
-1526
-1561
-1661
-1975
-2270
-2389
-2354
-2324
-2350
-2404
-2188
-2037
-1241
48
610
-314
-1393
-2
1540
2227
2177
1796
739
-155
1586
3226
3134
1916
1106
795
501
1113
1650
1198
44
-1011
-1406
-1173
-759
-458
-994
-1773
-2283
-2304
-1673
-1010
-245
-124
-421
-510
-96
839
1641
2177
2113
1533
1321
1917
2679
2982
2752
2339
1775
1516
1749
1884
1770
1264
672
16
-415
-447
-328
-248
-541
-1039
-1374
-1355
-1064
-722
-638
-579
-572
-371
-87
307
698
661
819
830
850
828
892
1110
975
711
324
100
217
323
319
71
-307
-519
-643
-491
-406
-518
-750
-1062
-1068
-1038
-889
-909
-1026
-903
-708
-575
-639
-569
-295
-37
193
374
448
394
252
348
515
423
83
-272
-323
-382
-596
-950
-1281
-1404
-1583
-1711
-1869
-1851
-1904
-2146
-2179
-2068
-1750
-1838
-1241
-228
-50
-919
-1247
585
1672
1777
1558
1484
906
548
2264
3437
2974
1672
1162
1237
1163
1395
1514
1190
350
-596
-1005
-704
-416
-440
-993
-1561
-1955
-1931
-1321
-835
-488
-656
-903
-795
-159
583
1030
1318
1431
1275
1310
1882
2395
2565
2271
1995
1650
1543
1753
1806
1540
831
264
-73
-87
42
2
-396
-1029
-1433
-1317
-1040
-955
-1042
-1147
-897
-828
-786
-770
-351
66
113
238
293
424
385
549
818
871
669
430
485
678
592
429
323
216
89
-87
-97
-262
-385
-580
-779
-815
-845
-800
-862
-811
-761
-747
-685
-513
-279
-94
19
78
125
144
230
205
238
265
264
108
-151
-329
-493
-600
-780
-873
-926
-1065
-1319
-1548
-1667
-1671
-1699
-1811
-1987
-2104
-2052
-2052
-1579
-791
-398
-787
-1090
-220
749
1342
1537
1419
897
600
1624
2690
2621
1786
1290
1258
1182
1204
1378
1257
622
-273
-742
-538
-327
-418
-732
-996
-1329
-1645
-1508
-975
-541
-528
-699
-637
-338
62
662
1292
1539
1187
941
1305
1863
2185
2147
1925
1542
1215
1267
1581
1668
1237
559
228
234
186
-45
-275
-418
-690
-941
-1031
-961
-871
-879
-860
-885
-936
-887
-667
-319
-104
-32
-6
36
264
452
577
697
753
683
500
525
740
825
735
439
153
3
-8
26
-81
-304
-505
-563
-576
-634
-631
-532
-462
-445
-472
-469
-413
-287
-125
-95
-127
-149
-134
-59
-9
37
-28
-124
-151
-147
-193
-287
-394
-504
-629
-730
-842
-988
-1044
-1176
-1340
-1560
-1733
-1789
-1842
-1782
-1745
-1389
-773
-512
-707
-868
-229
512
889
1111
1103
748
468
1093
2057
2327
1863
1250
940
1034
1348
1648
1570
1033
237
-249
-63
194
58
-295
-492
-628
-813
-859
-595
-223
-68
-154
-209
-89
68
374
848
1197
1012
678
791
1215
1462
1464
1447
1402
1210
966
909
1073
1170
932
606
380
153
-133
-222
-164
-295
-609
-859
-939
-965
-964
-853
-742
-729
-839
-835
-616
-370
-155
-52
-21
-36
-23
152
392
534
428
278
305
337
275
206
197
169
70
20
28
-7
-131
-296
-312
-258
-265
-367
-421
-356
-301
-313
-391
-374
-304
-297
-311
-255
-210
-239
-246
-133
16
22
-50
-118
-133
-171
-220
-243
-321
-443
-567
-588
-625
-798
-1020
-1131
-1180
-1334
-1521
-1517
-1363
-1371
-1263
-981
-730
-799
-835
-557
-300
59
323
420
187
112
443
842
1174
1218
1131
1008
979
963
976
1071
979
741
674
755
668
467
349
332
335
313
233
170
129
60
7
99
233
260
282
408
544
558
618
708
743
683
701
834
895
802
620
584
631
642
547
506
450
235
19
-11
121
91
-122
-341
-391
-310
-251
-199
-142
-178
-320
-410
-317
-141
-66
-83
-124
-89
-31
2
-5
-22
14
-17
-62
-38
8
25
-26
-19
-3
-65
-140
-155
-63
-2
-55
-187
-284
-189
3
112
60
-77
-118
-93
-70
-69
-36
4
-46
-132
-206
-209
-232
-311
-379
-412
-430
-501
-556
-561
-539
-635
-808
-956
-1016
-992
-993
-1041
-1204
-1331
-1380
-1355
-1217
-1043
-903
-918
-854
-799
-746
-516
-163
100
64
60
197
455
650
682
784
926
964
881
1008
1205
1133
1000
1076
1268
1173
938
824
811
777
639
580
538
458
284
178
215
144
30
11
184
276
228
210
262
284
212
273
449
514
387
285
373
486
460
373
417
488
387
233
216
228
139
66
101
91
-21
-102
-64
15
-12
-128
-208
-169
-74
-19
17
2
-53
-130
-99
73
158
98
-41
-80
-16
9
-8
-56
-30
10
-13
-59
-129
-159
-138
-67
-17
-51
-111
-148
-96
-63
-119
-179
-176
-129
-147
-194
-233
-281
-353
-418
-425
-396
-404
-448
-449
-442
-477
-582
-657
-651
-659
-737
-892
-994
-1062
-1126
-1166
-1215
-1322
-1454
-1471
-1318
-1177
-1126
-1116
-998
-824
-826
-708
-403
-112
-104
-87
179
429
537
483
631
876
997
977
1127
1399
1295
1078
1100
1279
1179
944
887
943
899
690
594
604
566
356
284
436
450
268
134
251
309
259
275
415
476
345
274
369
521
515
438
424
463
469
462
534
543
353
95
58
179
205
59
-81
-134
-192
-268
-304
-247
-231
-308
-307
-200
-209
-345
-350
-154
-17
-62
-130
-107
-67
-78
-63
0
24
-59
-147
-97
12
42
-61
-124
-90
-43
-7
26
54
-32
-162
-180
-110
-64
-117
-164
-164
-169
-182
-219
-231
-211
-203
-233
-274
-292
-300
-303
-254
-201
-237
-336
-405
-403
-425
-505
-609
-701
-751
-801
-864
-982
-1104
-1199
-1181
-1096
-1084
-1069
-1061
-1009
-959
-823
-729
-715
-555
-286
-78
-70
22
155
331
447
547
740
871
936
956
1151
1173
959
874
1043
1165
997
853
805
750
604
494
529
553
401
200
234
350
261
116
215
363
283
175
282
486
509
424
424
523
541
457
440
532
598
482
339
319
332
241
158
157
92
-56
-140
-106
-64
-93
-190
-260
-281
-266
-239
-176
-139
-197
-268
-244
-104
-62
-99
-100
-49
-9
-27
-17
24
41
-42
-81
28
131
92
38
83
110
50
8
65
78
7
-61
-62
-61
-105
-112
-64
-26
-94
-187
-203
-144
-120
-155
-136
-87
-89
-171
-191
-142
-141
-206
-252
-223
-231
-292
-367
-401
-457
-558
-642
-684
-745
-857
-913
-947
-987
-1086
-1171
-1205
-1123
-954
-862
-855
-830
-712
-673
-564
-331
-113
-44
-2
185
345
494
563
680
856
953
947
1013
1212
1156
936
889
992
936
784
728
654
545
430
402
411
360
182
89
230
333
256
168
212
197
108
103
220
264
177
111
123
158
100
46
58
114
91
29
30
30
-23
-91
-29
32
-60
-220
-246
-166
-133
-174
-208
-175
-170
-164
-137
-44
-19
-108
-141
-110
-39
-20
31
84
86
44
16
98
166
142
80
146
241
219
141
107
129
122
131
165
203
173
124
120
149
163
116
120
160
181
128
53
77
91
51
2
-14
-40
-111
-99
-67
-95
-202
-320
-341
-341
-367
-430
-463
-484
-598
-704
-735
-747
-844
-959
-1006
-1018
-1064
-1120
-1120
-1093
-1047
-967
-835
-702
-588
-498
-433
-333
-158
27
153
265
391
501
618
722
829
945
1011
971
957
1075
1105
960
867
917
898
786
732
740
695
567
447
414
401
320
234
265
313
213
109
109
131
67
-8
12
50
38
-30
-26
48
54
-8
-13
56
74
34
11
25
-11
-79
-117
-130
-148
-184
-188
-168
-141
-206
-308
-311
-195
-134
-197
-226
-230
-236
-228
-170
-147
-213
-240
-232
-164
-98
-108
-146
-151
-127
-139
-92
-31
-21
-32
23
96
115
118
121
155
214
289
308
280
231
171
167
159
101
32
12
36
37
64
75
4
-85
-116
-62
-47
-103
-200
-254
-253
-263
-294
-351
-402
-483
-549
-556
-588
-678
-792
-831
-835
-845
-846
-871
-884
-893
-856
-749
-612
-532
-523
-435
-289
-174
-36
118
252
315
429
585
721
817
834
905
1035
1130
1131
1173
1231
1146
1017
1002
1036
942
806
704
638
576
430
297
234
189
80
12
39
9
-88
-108
-71
-85
-155
-221
-215
-165
-126
-95
-40
-21
-76
-85
-12
31
-9
-33
-21
-23
-35
-43
-65
-126
-191
-222
-188
-132
-116
-143
-184
-199
-227
-243
-257
-281
-333
-398
-404
-380
-371
-405
-440
-421
-386
-336
-296
-260
-225
-217
-193
-126
-50
-14
25
104
162
201
234
258
287
311
344
381
409
374
322
309
342
369
361
344
301
292
289
268
237
169
118
99
116
110
70
18
-22
-43
-61
-89
-119
-132
-176
-217
-245
-264
-321
-403
-436
-481
-522
-596
-672
-727
-748
-743
-698
-586
-508
-451
-402
-322
-255
-191
-76
48
147
177
236
341
431
463
474
549
618
631
613
634
638
571
516
510
477
388
304
244
188
74
-53
-136
-156
-168
-195
-182
-182
-232
-290
-272
-216
-212
-251
-262
-223
-152
-79
-31
13
34
44
88
164
226
219
213
258
300
302
270
230
183
115
85
109
119
65
-20
-70
-93
-105
-143
-173
-174
-176
-176
-171
-169
-186
-197
-175
-142
-134
-163
-191
-176
-144
-110
-100
-98
-74
-32
31
73
73
52
63
118
198
249
258
263
269
292
288
290
256
193
151
123
111
75
38
8
0
-16
-37
-16
2
-17
-61
-85
-94
-118
-157
-186
-186
-200
-220
-235
-263
-304
-354
-381
-377
-384
-422
-475
-524
-544
-485
-346
-250
-224
-229
-253
-261
-178
-27
77
118
136
158
234
307
329
389
493
526
491
528
576
521
445
456
485
447
373
286
222
190
136
93
86
27
-117
-161
-89
-75
-148
-185
-168
-175
-216
-256
-255
-220
-185
-136
-37
23
6
-14
38
120
154
159
180
222
243
263
287
281
224
153
155
205
230
184
117
77
45
10
-25
-37
-70
-127
-157
-143
-154
-174
-209
-234
-228
-238
-233
-238
-225
-206
-187
-146
-91
-39
-8
22
33
25
29
38
62
100
127
132
135
170
206
196
207
202
169
143
110
104
108
79
34
1
-10
-21
-47
-54
-64
-87
-112
-127
-120
-120
-93
-74
-72
-71
-65
-23
25
57
50
19
-7
-38
-64
-82
-102
-127
-135
-143
-172
-230
-276
-308
-309
-297
-296
-311
-326
-294
-239
-163
-108
-84
-79
-69
-34
40
99
99
112
150
203
245
268
254
185
119
107
134
136
107
33
-42
-113
-165
-180
-199
-247
-303
-331
-321
-301
-286
-274
-272
-262
-234
-216
-172
-135
-102
-50
15
59
73
106
139
173
208
261
318
374
425
456
453
433
441
425
415
406
371
326
275
237
191
152
114
87
57
12
-41
-74
-83
-112
-135
-161
-180
-192
-195
-174
-170
-179
-170
-160
-150
-135
-130
-120
-103
-80
-79
-88
-88
-82
-97
-141
-196
-262
-301
-305
-252
-182
-154
-145
-130
-119
-110
-65
18
113
168
185
202
261
309
298
357
462
494
469
506
548
487
440
441
423
359
281
217
184
150
68
-16
-54
-109
-201
-249
-228
-208
-234
-258
-246
-222
-213
-208
-178
-135
-113
-102
-59
20
75
92
117
141
152
162
184
222
206
130
63
43
34
-11
-51
-81
-124
-190
-252
-262
-277
-320
-345
-360
-381
-397
-389
-363
-340
-320
-306
-275
-215
-172
-160
-134
-114
-116
-103
-58
11
63
91
126
160
188
220
243
247
245
224
210
228
263
275
269
252
211
196
188
161
129
82
43
25
31
57
71
77
62
38
41
46
52
64
74
69
55
55
76
80
77
90
124
152
143
143
148
136
125
118
116
100
81
86
103
120
126
86
49
23
-11
-44
-70
-83
-116
-152
-172
-193
-212
-229
-236
-237
-242
-263
-283
-287
-279
-271
-273
-273
-280
-275
-242
-203
-174
-155
-146
-126
-92
-48
-6
11
13
25
64
125
169
201
217
211
193
191
201
184
152
134
131
125
115
90
55
22
-2
-16
-44
-74
-104
-122
-138
-143
-146
-159
-162
-168
-157
-141
-131
-127
-106
-69
-41
-16
1
-2
-21
-31
-15
1
-1
-5
-14
-18
-9
9
15
-2
-25
-41
-42
-30
-15
-19
-46
-72
-81
-70
-46
-48
-57
-51
-35
-24
-21
-6
-2
-16
-17
11
35
32
39
60
52
44
44
46
58
72
107
133
150
171
176
190
200
197
204
211
222
227
235
249
234
217
204
187
162
134
112
95
82
77
62
34
13
-25
-63
-90
-98
-116
-152
-162
-172
-178
-181
-196
-219
-249
-270
-266
-255
-236
-240
-246
-225
-207
-189
-147
-81
-42
-44
-7
41
70
91
126
154
153
144
162
202
219
210
188
171
149
119
114
108
80
48
25
23
16
-1
-24
-52
-87
-125
-145
-130
-120
-109
-88
-70
-67
-61
-46
-42
-61
-77
-85
-88
-77
-65
-59
-51
-40
-46
-55
-64
-71
-74
-76
-69
-56
-44
-34
-30
-26
-35
-40
-40
-36
-31
-38
-28
-12
15
49
68
82
88
103
129
145
149
144
136
115
95
99
95
79
77
82
85
78
86
88
66
44
33
39
61
77
84
90
93
97
102
110
102
88
82
78
74
78
83
75
79
98
108
114
122
124
117
97
85
71
46
34
32
30
4
-35
-70
-103
-124
-144
-162
-186
-213
-223
-207
-177
-154
-143
-137
-138
-134
-120
-96
-83
-77
-57
-42
-28
-18
0
11
7
26
43
54
67
75
82
71
46
14
-20
-50
-72
-74
-90
-132
-159
-155
-157
-169
-156
-147
-158
-165
-148
-125
-119
-113
-105
-103
-117
-134
-126
-106
-100
-100
-97
-96
-103
-90
-63
-48
-35
-25
-10
20
53
78
83
83
76
71
83
89
90
106
124
144
164
188
196
187
197
203
202
208
224
234
232
244
235
195
160
131
113
85
67
62
55
48
42
59
53
25
8
-4
-11
-29
-34
-24
-39
-48
-53
-57
-73
-99
-102
-95
-96
-81
-53
-23
0
25
48
54
46
41
51
51
35
5
-38
-89
-126
-144
-158
-177
-195
-204
-212
-211
-198
-193
-195
-199
-190
-172
-153
-128
-105
-102
-102
-91
-80
-70
-50
-21
3
22
44
73
94
105
113
113
103
83
79
81
72
53
28
3
-27
-47
-59
-76
-86
-88
-79
-59
-46
-42
-41
-51
-63
-70
-74
-75
-69
-62
-56
-55
-60
-63
-58
-51
-33
-9
23
49
67
92
107
111
118
133
148
150
153
160
158
164
165
155
146
136
140
161
194
213
225
243
257
264
275
276
254
221
196
189
177
157
134
117
103
83
74
66
44
9
-3
-6
-16
-28
-35
-60
-89
-119
-151
-171
-193
-208
-216
-218
-233
-248
-230
-196
-164
-132
-111
-99
-103
-93
-69
-61
-68
-79
-87
-90
-93
-103
-124
-149
-183
-197
-193
-185
-172
-155
-145
-138
-131
-127
-122
-117
-104
-96
-87
-78
-65
-50
-25
10
31
55
74
85
106
131
152
171
188
210
228
238
240
230
217
188
165
147
128
114
101
97
83
68
67
63
56
41
20
1
-30
-43
-59
-84
-115
-146
-169
-187
-196
-207
-219
-234
-234
-209
-182
-157
-129
-104
-80
-59
-41
-21
-17
-9
11
29
41
43
46
61
72
88
111
130
145
163
189
212
227
231
234
241
247
249
242
235
226
214
205
198
184
165
149
136
123
96
61
41
26
8
-3
-15
-39
-66
-85
-89
-95
-112
-124
-124
-119
-118
-112
-108
-114
-121
-111
-96
-93
-100
-107
-112
-123
-134
-138
-146
-164
-185
-194
-199
-209
-214
-203
-191
-182
-169
-144
-121
-104
-84
-67
-56
-49
-36
-23
-14
-6
-2
7
20
36
54
72
90
96
113
135
148
161
169
176
179
174
173
161
139
110
84
68
50
37
42
51
52
51
58
57
35
16
4
-11
-30
-39
-31
-40
-64
-77
-76
-86
-98
-91
-80
-85
-92
-71
-43
-32
-25
-13
-8
-14
-19
-5
5
0
7
24
28
21
17
18
8
-1
4
20
36
55
90
117
128
128
129
136
130
128
129
117
108
101
97
96
85
64
43
22
15
11
10
11
7
-5
-24
-46
-63
-86
-119
-131
-131
-125
-122
-113
-99
-96
-91
-78
-61
-50
-44
-33
-13
-5
-6
-5
-11
-38
-76
-100
-118
-139
-141
-126
-119
-115
-112
-104
-102
-100
-86
-78
-72
-61
-37
-20
-14
-13
-16
-35
-50
-43
-24
-14
-2
23
44
54
70
89
99
102
110
123
133
144
156
157
144
129
110
90
73
63
61
64
70
77
72
58
41
30
23
22
19
12
1
-10
-20
-37
-44
-53
-61
-64
-55
-36
-14
13
37
49
51
50
47
46
47
46
41
35
21
8
0
-10
-27
-49
-64
-64
-56
-43
-16
9
17
14
17
23
24
25
27
21
8
5
8
7
-2
-7
-18
-37
-42
-31
-19
-14
-9
-1
-1
-15
-27
-44
-73
-105
-124
-130
-138
-139
-130
-113
-101
-88
-68
-48
-38
-28
-12
4
14
20
35
40
34
23
14
1
-17
-22
-18
-16
-15
-7
7
22
37
50
49
44
38
38
43
43
37
22
10
0
-10
-18
-17
-19
-24
-19
-3
12
22
39
54
66
68
73
83
88
86
82
77
64
50
43
47
49
47
49
50
49
48
43
37
26
7
-7
-14
-14
-19
-18
-18
-34
-57
-72
-83
-90
-85
-60
-30
-5
29
64
85
88
82
71
48
24
12
7
3
0
-3
-11
-25
-37
-48
-48
-42
-38
-34
-25
-11
0
7
6
-7
-30
-55
-63
-64
-65
-63
-59
-59
-62
-53
-43
-45
-52
-52
-48
-49
-48
-42
-45
-59
-73
-82
-91
-106
-117
-117
-118
-118
-116
-105
-88
-71
-49
-21
-3
3
14
26
25
19
17
21
21
25
39
48
51
54
69
88
104
119
134
145
149
159
166
170
165
154
143
130
118
107
94
77
62
51
44
43
47
53
53
51
43
31
20
15
17
17
14
9
3
-7
-19
-26
-33
-41
-48
-44
-35
-23
-10
-1
-5
-21
-41
-58
-76
-93
-101
-105
-113
-111
-97
-86
-81
-80
-78
-81
-82
-69
-46
-27
-9
12
26
29
25
21
15
5
-3
-2
-1
-2
4
18
28
32
36
41
43
45
53
57
50
38
32
23
13
5
0
-9
-19
-24
-23
-25
-26
-25
-21
-21
-28
-33
-40
-50
-59
-64
-68
-74
-79
-77
-75
-73
-70
-64
-59
-55
-45
-32
-22
-15
-5
3
8
13
22
26
25
27
31
29
24
26
28
27
29
36
44
47
55
67
79
87
99
106
105
99
95
89
81
77
77
76
72
71
70
61
52
48
43
38
33
27
20
8
-4
-15
-25
-34
-42
-42
-39
-37
-38
-44
-57
-72
-87
-90
-85
-79
-71
-63
-61
-64
-68
-75
-85
-94
-95
-89
-79
-68
-52
-42
-36
-33
-30
-28
-24
-11
5
17
25
34
35
33
34
35
29
23
20
20
19
24
30
26
18
17
18
16
17
25
29
33
46
59
65
68
71
67
58
49
43
37
28
26
25
18
9
3
-8
-22
-34
-40
-44
-48
-46
-43
-44
-46
-49
-57
-67
-73
-74
-73
-64
-49
-32
-16
-3
7
9
7
13
16
21
30
42
43
39
36
32
19
13
10
6
2
6
15
15
14
21
27
32
44
56
60
54
54
48
31
19
9
-3
-15
-19
-16
-22
-28
-23
-19
-19
-15
-4
-7
-16
-13
-11
-19
-22
-17
-19
-30
-36
-40
-56
-71
-69
-63
-60
-51
-35
-29
-30
-22
-18
-27
-36
-33
-28
-26
-13
4
6
4
10
12
10
15
34
46
58
81
101
108
110
112
103
78
61
49
32
21
22
24
15
10
13
7
1
9
18
18
21
31
33
24
18
14
-5
-25
-32
-37
-47
-47
-37
-37
-41
-36
-29
-32
-34
-31
-37
-52
-54
-49
-54
-58
-53
-53
-64
-73
-72
-78
-82
-67
-43
-28
-12
12
27
26
29
33
24
10
8
9
-3
-11
-10
-18
-25
-19
-1
11
23
45
65
72
83
96
95
87
85
86
74
59
49
32
10
-6
-13
-26
-36
-35
-30
-26
-17
-3
2
-3
-3
-6
-22
-35
-39
-46
-51
-53
-52
-61
-69
-68
-64
-62
-53
-37
-23
-11
6
21
21
18
12
-1
-17
-23
-22
-26
-23
-10
2
12
28
48
59
59
67
74
76
81
95
100
93
85
74
53
34
24
21
19
23
36
44
45
52
55
50
44
42
40
33
29
25
10
-13
-30
-47
-61
-70
-70
-70
-70
-60
-46
-38
-33
-31
-35
-50
-60
-68
-79
-90
-91
-88
-89
-86
-78
-75
-76
-69
-58
-50
-41
-25
-11
1
7
14
10
4
0
-6
-14
-22
-27
-30
-28
-17
-2
11
25
39
54
67
81
94
98
96
92
84
74
62
51
41
31
29
29
29
30
31
33
33
35
39
41
41
40
33
20
0
-15
-31
-46
-52
-53
-55
-54
-53
-48
-46
-44
-40
-40
-37
-32
-25
-22
-22
-24
-27
-35
-37
-41
-46
-51
-54
-51
-40
-27
-7
8
20
27
30
31
29
27
24
23
24
24
28
31
33
35
36
38
40
45
50
52
51
47
41
31
27
27
29
28
28
25
23
18
18
19
12
4
-3
-10
-11
-7
-3
0
-2
-4
-12
-22
-31
-39
-48
-55
-57
-53
-50
-48
-42
-39
-37
-35
-28
-22
-18
-11
-5
-7
-13
-18
-26
-31
-30
-31
-32
-30
-27
-20
-13
-2
8
14
16
22
26
26
26
30
33
34
41
45
44
39
35
32
29
33
38
39
40
40
41
37
31
32
29
24
21
18
11
2
-4
-10
-18
-21
-20
-21
-21
-21
-19
-24
-29
-31
-35
-37
-37
-37
-40
-44
-38
-31
-27
-19
-15
-18
-22
-24
-23
-27
-28
-25
-24
-20
-15
-4
3
8
16
22
24
28
30
28
22
16
11
2
-2
2
11
16
21
23
19
15
16
16
14
13
10
11
14
22
30
33
33
32
27
19
15
12
10
6
8
11
12
11
9
4
-3
-9
-11
-14
-15
-14
-14
-17
-21
-25
-31
-34
-32
-26
-23
-19
-12
-8
-7
-4
-2
-5
-10
-13
