-25
-4
-3
-17
-10
7
-10
-8
2
13
9
-14
29
18
-8
17
34
1
-10
46
0
5
26
8
2
-8
21
-14
2
19
-2
-21
5
11
-43
18
12
-16
-5
-4
-7
-35
1
18
-31
-5
13
-17
-19
7
16
-3
-25
38
-3
-1
37
-20
39
-30
11
26
1
14
3
10
-28
13
13
-9
25
-2
-19
-11
-1
2
-27
27
-34
-19
3
-24
-2
-18
-17
-23
-26
11
-16
-14
31
-43
-17
40
-16
-27
51
-8
-10
13
39
2
-8
37
20
15
1
53
9
-14
24
22
-14
0
29
-17
22
2
7
-12
10
-2
4
25
-16
7
4
-20
25
7
7
13
-9
21
-37
17
-16
-9
18
-3
-7
1
-13
5
-21
11
33
-41
37
-31
51
-19
-12
49
-14
4
4
52
-22
17
-32
10
-2
-11
4
17
-13
-54
39
-43
-2
-15
-47
2
-65
6
-48
-14
-4
-69
14
-57
-41
-28
11
-37
-2
3
-46
-12
4
-4
9
3
-14
44
-46
57
-44
31
31
-57
84
0
8
-15
-34
73
-14
6
42
19
-14
-32
46
16
5
-18
76
17
22
-25
58
-33
-12
92
-47
136
-40
35
18
6
70
-90
105
26
-53
51
-21
-22
-50
-35
100
-90
-13
59
-67
20
-74
86
-44
-63
114
-23
-17
2
59
-83
19
32
-77
36
-22
10
-75
91
-76
-20
56
-64
10
-22
62
-93
70
-65
-28
45
-145
138
-84
-56
25
-69
-27
-99
134
-117
-40
53
-77
-14
-63
74
-162
87
105
-162
136
-25
7
-26
-31
110
-79
48
15
68
-72
-40
23
45
-45
-113
178
-206
87
-19
-110
21
-113
38
-91
9
-39
79
-82
-8
41
-88
-11
35
56
-28
-58
117
35
-39
124
-56
189
-85
99
67
35
103
22
120
-56
127
8
39
94
81
-88
45
70
-63
-27
19
119
-110
48
-15
-89
10
4
28
-34
31
-10
-34
34
-32
73
43
-69
200
4
-70
143
65
-18
43
124
-13
43
30
32
-109
76
19
-100
64
-35
27
-59
-88
115
-96
-137
132
-126
15
-113
19
38
-160
88
-103
95
17
-43
71
86
-54
-88
118
64
-75
-30
201
-114
-10
95
77
11
-19
99
-50
82
-90
67
72
11
2
-24
164
-54
-134
190
125
-265
122
178
-61
-201
170
73
-199
76
51
-12
-11
36
-97
162
-45
-153
70
126
-142
-186
275
-75
-203
90
44
-5
-124
3
217
-212
-114
89
46
-163
-49
125
35
-206
48
100
50
-175
112
116
-146
-109
-77
305
-421
65
270
-258
10
40
-88
114
-261
52
137
-302
177
-271
287
-177
-243
486
-317
-10
122
5
-182
105
-48
-175
257
-268
153
106
-57
-8
48
151
-324
179
172
-295
77
233
-194
53
142
-37
-13
84
-106
127
-84
-158
167
-180
68
-119
200
66
-321
387
-20
-272
415
-114
-39
142
-137
223
-215
321
-144
-25
196
-161
41
58
-51
-18
137
-52
32
-30
104
-78
177
-10
-52
248
-201
88
112
-98
-20
-78
-31
-96
-103
125
-218
82
-5
-196
265
-175
199
-12
-58
96
-89
-36
-89
178
-169
12
94
-50
-101
102
-87
-26
-47
92
-242
201
-2
-189
336
-10
-79
100
190
-247
206
-21
21
26
-167
283
-216
61
95
-114
199
-270
243
-23
-289
302
-280
66
-155
65
-226
15
229
-453
381
-181
42
-99
54
193
-402
414
-194
8
73
-83
135
-198
162
5
-125
4
76
-79
-69
88
76
-101
223
-6
138
78
-9
348
-264
317
-6
-164
341
-219
14
159
-115
47
113
54
-34
-111
358
-337
46
282
-277
68
106
-3
-50
145
-115
110
-15
-93
42
25
-140
-82
80
-150
139
-90
200
43
-223
522
-381
192
191
-386
406
-244
36
92
-177
134
-93
45
44
-159
196
-122
-129
254
-422
168
-12
-110
-26
172
11
-184
243
-85
-29
-171
397
-332
18
256
-303
278
-130
196
-166
249
14
-171
363
-266
158
-108
32
77
-258
265
14
-250
483
-294
140
94
-133
193
-226
247
-135
-72
128
34
-248
184
-13
-197
48
-119
11
-140
-139
169
-253
-108
333
-407
242
-168
30
1
-309
202
-195
-127
-110
-54
-144
31
-229
98
-118
-87
-23
-38
-4
-119
-31
-15
-152
-9
-20
-150
174
-259
192
-154
9
-87
-42
38
-185
89
7
-128
4
24
-79
66
-8
70
-82
89
-72
43
-47
-48
36
57
-208
206
148
-418
567
-292
78
157
-247
430
-521
505
-234
-121
373
-433
263
-42
-94
114
36
-130
-48
26
-123
84
-191
145
-93
-137
313
-352
257
-71
-69
160
-218
251
-239
158
-111
103
-30
62
150
-118
199
80
-49
55
203
-64
14
128
49
-95
105
101
-79
28
203
-249
78
106
-188
142
-90
128
-157
23
157
-116
-12
167
-94
-149
95
21
-178
113
-131
-62
5
-136
148
-243
160
-70
-102
85
-75
-63
22
-182
180
-330
58
86
-364
290
-267
264
-449
330
-86
-283
337
-230
115
-195
277
-391
175
9
-191
68
-6
40
-208
211
-228
60
-162
55
35
83
-40
223
23
85
11
72
104
-205
210
-70
-121
219
-150
86
169
-178
354
-155
244
32
-2
205
-208
319
-103
54
139
65
116
-49
195
-64
36
88
138
-74
31
300
-284
248
46
44
-30
86
124
-175
64
-76
67
-195
76
-127
94
-131
-42
166
-201
-94
73
-173
-225
98
-133
-189
-2
-46
-200
35
-84
42
-174
92
-177
-57
20
-216
225
-209
-19
40
52
-177
156
2
-95
47
-35
134
-321
367
-363
134
65
-155
88
-45
146
-236
5
187
-153
-227
507
-291
31
138
80
-146
79
219
-98
199
-59
341
-156
-10
437
-383
218
165
-217
479
-410
656
-420
229
345
-521
657
-447
342
-237
121
-6
-155
216
-239
185
-225
220
-203
-92
214
-424
402
-355
173
105
-435
357
-212
-167
191
-240
-28
-231
114
-130
-504
719
-791
307
-158
-40
-191
11
47
-490
624
-838
520
-223
-134
92
5
-177
-102
339
-414
405
-314
292
-291
-123
354
-605
551
-264
-160
559
-632
329
243
-232
143
169
-64
52
43
119
-197
321
-10
-22
122
304
-178
-78
614
-481
260
240
-279
277
116
-196
357
-230
490
-438
386
89
-290
339
-331
430
-466
450
-274
173
-2
-144
290
-189
273
-301
419
-167
-109
288
-245
209
-146
102
-211
317
-476
147
-9
-237
2
-194
404
-905
791
-454
34
14
-55
140
-403
455
-393
287
-206
109
-73
279
-377
289
165
-426
535
-299
195
-122
69
29
-277
407
-188
-216
374
60
-504
607
-147
-334
431
-294
344
-506
643
-381
126
334
-639
757
-612
276
-114
39
16
-89
150
-37
-181
326
-252
44
371
-607
681
-393
51
196
-272
598
-665
501
141
-774
974
-759
349
216
-635
940
-947
562
-159
-237
334
-509
498
-508
133
37
-23
-240
481
-443
250
-80
50
-195
185
77
-632
881
-919
598
-358
128
100
-353
432
-293
22
149
-74
-19
311
-503
564
-313
-40
453
-334
222
121
-164
242
-242
260
-37
-195
352
-119
-274
527
-343
-54
481
-809
1105
-1139
720
14
-520
761
-830
897
-773
273
209
-322
-62
261
-262
-130
299
-337
361
-279
230
-24
-15
46
86
14
-43
175
-79
156
-319
537
-624
320
-9
-341
448
-556
589
-531
287
208
-458
546
-345
253
-130
-3
304
-378
222
88
-274
347
-233
-60
532
-830
615
-153
-223
263
-371
561
-609
424
-67
-155
202
-279
429
-403
143
13
-101
162
-198
381
-338
223
-64
84
-111
8
292
-564
456
-129
-243
172
145
-191
-176
461
-186
-338
380
112
-327
-5
412
-596
261
-175
51
219
-341
257
-48
-207
28
58
-127
32
-200
309
-314
-175
510
-491
-42
482
-641
445
-158
-286
547
-771
705
-382
-63
317
-301
178
-97
227
-311
317
-166
-98
398
-586
398
-145
-55
149
-227
385
-261
131
102
-259
362
-252
-16
208
-192
48
-51
119
-290
235
-246
151
102
-248
188
-8
2
-373
618
-524
104
-12
80
50
-537
848
-733
167
-62
31
17
-103
202
-331
546
-711
310
248
-605
537
-486
434
-160
-369
590
-432
240
-50
-53
186
-141
-6
173
-17
50
-25
16
138
-276
232
-29
-139
122
132
-237
15
655
-979
828
-58
-554
802
-771
653
-713
589
-222
-221
435
-403
172
-47
87
-297
407
-497
330
-213
270
-341
112
287
-577
578
-514
585
-678
241
52
-233
-56
25
206
-484
409
-184
217
-277
170
-19
-17
-113
-82
403
-457
-131
525
-476
129
274
-233
307
-271
274
-372
687
-521
-52
812
-703
390
-171
474
-500
208
200
-130
157
-171
290
-51
-15
-49
393
-217
-118
623
-488
201
128
-342
361
-456
572
-596
336
288
-829
798
-422
-68
254
-368
325
-353
225
-101
-25
164
-372
427
-285
98
-27
65
-63
-103
123
-165
126
20
-174
329
-119
-262
266
-185
125
-462
553
-332
-281
439
-472
202
-171
94
-25
65
-19
53
-121
95
-157
124
-18
-98
175
-196
240
-313
283
44
-233
381
-156
40
-142
314
-489
114
300
-542
303
-257
422
-648
450
12
-379
445
-264
100
88
-213
104
183
-398
642
-595
627
-214
-256
645
-751
534
-402
161
45
-111
185
-234
281
-15
-366
572
-262
-137
195
125
-227
-130
460
-322
-183
438
-174
-146
254
-78
-69
-68
227
-283
240
-139
117
-90
-94
316
-250
131
-60
85
-317
-271
291
-37
-523
497
-251
-234
136
66
-66
30
-50
36
-8
44
192
-282
523
-294
284
242
-141
396
-299
370
-142
-52
189
-304
250
-401
137
-52
-288
294
-427
234
-130
-332
390
-490
32
48
-205
-1
-76
5
117
-81
46
172
-147
60
267
-160
139
81
-136
227
-182
327
-179
63
206
-262
193
-166
-9
46
-391
243
-194
-154
97
-218
268
-379
134
15
-212
118
-93
144
-277
301
-310
18
288
-404
172
51
68
-318
164
286
-742
445
-3
-301
184
-27
72
-424
553
-302
-21
266
-207
309
-239
319
-165
-191
461
-340
192
265
-300
397
-307
190
12
-99
278
-163
26
241
-152
-12
296
-216
-49
302
-136
-24
250
-148
23
-144
256
-198
-40
295
-113
41
-65
60
-131
-34
60
103
-107
-252
179
-275
-59
29
-75
314
-389
312
-101
-171
182
-191
217
127
-204
351
-62
-241
105
-100
141
-299
438
-254
-96
71
-181
129
-233
31
155
-76
-163
345
-250
-30
-12
118
125
-205
446
-60
-256
261
-117
-81
-27
324
-147
-99
211
-158
40
-34
124
251
-105
134
146
-96
102
-152
502
-262
200
362
-384
324
-39
-112
236
18
-64
70
38
-10
-223
230
120
-249
274
-34
27
-74
185
-48
-17
135
-287
245
-147
-106
231
-260
54
-227
96
-129
-138
371
-470
154
-36
-236
21
-92
-5
-98
-149
-2
-192
-62
-363
12
-56
-283
175
-301
89
-292
10
39
-175
446
-367
190
132
-278
264
-73
174
182
-100
135
-26
-70
84
33
133
-33
-106
170
-216
74
23
57
-23
72
88
-10
-65
53
106
-23
176
116
66
-43
25
58
95
-6
233
243
17
54
391
-113
141
447
140
97
225
73
-201
189
59
-74
-2
173
-286
-163
31
-43
-383
-62
148
-700
167
-292
-308
-176
-294
-9
-546
110
-179
-518
-92
-323
-296
-394
-140
-196
-601
-147
-428
-392
-190
-297
-105
-452
-167
-303
-482
-171
-198
-241
-202
64
-174
-98
123
81
220
257
531
398
458
753
533
783
817
920
882
973
1007
874
949
838
840
881
616
711
478
361
385
102
154
44
-65
-121
-140
-203
-383
-248
-259
-286
-187
-294
-212
-331
-195
-56
-109
-81
9
19
-74
143
89
-4
182
-46
124
101
-152
-23
-261
-172
-241
-481
-284
-564
-606
-539
-925
-719
-1030
-911
-923
-993
-985
-1180
-1008
-1305
-1155
-1127
-1148
-1036
-894
-916
-969
-741
-557
-453
-133
31
165
294
229
514
649
750
886
1199
1219
1123
1288
1426
1335
1316
1529
1496
1388
1208
1110
990
732
628
584
489
133
-59
-215
-447
-569
-612
-595
-682
-633
-738
-609
-509
-488
-208
-58
84
303
479
584
803
913
1238
1352
1462
1598
1543
1552
1511
1556
1553
1449
1302
1079
932
694
475
350
109
-180
-447
-680
-930
-1036
-1160
-1327
-1372
-1404
-1592
-1563
-1501
-1553
-1404
-1392
-1201
-1182
-994
-926
-902
-619
-713
-379
-400
-342
-239
-493
-381
-418
-465
-568
-718
-835
-1107
-1220
-1320
-1606
-1665
-1805
-1777
-1842
-1309
-731
-688
-1136
-1761
-656
-413
512
1436
1249
618
-533
841
1799
2296
2894
2639
2403
1100
1526
2461
2468
2460
1678
1845
838
267
509
115
175
-214
-285
-700
-1449
-1666
-1945
-1479
-1225
-1154
-1201
-1721
-1495
-1423
-871
-414
-142
8
-38
279
786
1132
1331
1574
1903
2119
2280
2468
2244
2203
2199
2307
2328
2087
1822
1316
1050
1066
976
711
200
-95
-300
-491
-533
-757
-851
-1233
-1268
-1252
-1294
-1328
-1349
-1262
-1191
-1119
-980
-923
-812
-587
-392
-240
-232
-163
-252
39
138
134
88
-144
-137
-281
-209
-371
-635
-856
-1119
-1200
-1456
-1728
-2024
-2140
-2270
-2685
-2443
-2577
-1643
-720
-900
-1652
-2596
-1067
-238
1313
2067
1382
171
-1046
1169
2835
3573
3646
2827
2101
862
2023
3440
3424
2772
1684
1447
540
289
722
405
46
-591
-983
-1783
-2419
-2205
-2052
-1629
-1616
-2027
-2582
-2789
-2016
-1220
-720
-683
-705
-800
-583
231
1233
1919
1893
1756
1810
2268
2579
2922
3284
3192
2916
2462
2272
2223
2090
2089
1945
1557
843
98
-87
-81
30
-201
-746
-1183
-1654
-1677
-1442
-1225
-1290
-1627
-1682
-1760
-1625
-1210
-934
-736
-684
-733
-616
-391
-65
263
442
487
256
202
238
353
622
314
88
-286
-663
-812
-884
-932
-1379
-1769
-2189
-2470
-2691
-2907
-3075
-2832
-2959
-1993
-1170
-1330
-2249
-3215
-1071
64
1546
1849
984
95
-1178
1717
3677
4197
3688
2424
2230
1299
2713
4138
3910
2953
1384
1136
509
511
1042
536
-136
-1189
-1902
-2525
-2732
-2061
-1996
-2194
-2688
-3318
-3453
-3044
-1758
-1022
-1072
-1551
-1648
-1056
-121
991
1681
1988
1831
1859
2408
3147
3769
3781
3828
3829
3549
3257
2986
3201
3171
2737
2192
1531
1060
538
481
510
171
-499
-1243
-1452
-1491
-1378
-1289
-1433
-1654
-1985
-1990
-1744
-1450
-1060
-971
-930
-896
-816
-574
-193
307
408
418
234
175
378
573
854
628
194
-175
-379
-320
-419
-703
-1189
-1612
-1863
-2125
-2354
-2714
-3132
-3483
-3734
-3561
-3394
-1897
-1414
-2023
-3641
-3723
-1175
113
1789
1235
96
-1501
-1269
2374
3955
4300
2833
1759
1458
1357
3509
4649
4087
2399
889
953
886
1526
1901
1009
48
-1246
-1718
-1821
-1480
-763
-1297
-2097
-2909
-3204
-2756
-1822
-604
-523
-1411
-2083
-1642
-505
909
1604
1782
1400
1031
1441
2531
3883
4001
3643
2988
2936
3132
3345
3821
3686
3019
1796
1367
1508
1618
1424
832
323
-479
-925
-1020
-800
-702
-1160
-1668
-2001
-1959
-1829
-1584
-1415
-1461
-1569
-1681
-1476
-940
-610
-439
-452
-365
-159
-9
336
510
579
478
393
264
259
247
99
-163
-495
-793
-1296
-1357
-1500
-1705
-2331
-2810
-3187
-3366
-3605
-3486
-3142
-2652
-1689
-2169
-2894
-3952
-2097
-47
939
1392
-43
-845
-1468
1132
3774
4208
3365
1785
1574
1753
3194
4896
4529
2903
1383
958
1514
1915
2394
1567
52
-1058
-1626
-1286
-1210
-891
-1348
-2495
-3167
-3404
-2758
-1945
-1315
-1238
-1954
-2544
-2169
-994
321
1033
899
569
321
929
1946
3120
3755
3257
2597
2261
2793
3380
3829
3970
3287
2195
1346
1670
2215
2176
1636
627
-157
-616
-500
-108
-117
-567
-1429
-1925
-1908
-1616
-1229
-1221
-1437
-1782
-1934
-1586
-1076
-617
-650
-764
-705
-432
-71
182
389
358
339
363
640
631
451
174
92
135
-98
-262
-644
-994
-1389
-1651
-1837
-2114
-2524
-2818
-3189
-3518
-3434
-3424
-2102
-1546
-2059
-3642
-4135
-1748
-254
1244
696
-417
-1872
-1811
1655
3659
4076
2521
1334
1031
1458
3673
5111
4423
2543
1067
1162
1861
2777
3077
1539
28
-1098
-1041
-551
-131
-14
-1264
-2466
-2994
-2475
-1680
-1187
-898
-1419
-2284
-2599
-1537
-199
611
542
254
46
133
1022
2178
3133
2970
2371
1921
2300
3041
3682
3823
3455
2735
2039
1988
2248
2694
2173
1372
684
344
259
156
289
-44
-597
-1324
-1551
-1392
-1175
-1125
-1509
-1890
-2091
-1881
-1486
-1283
-1181
-1222
-1351
-1194
-811
-404
-197
-259
-173
-101
92
165
251
362
242
125
-130
-121
-244
-428
-747
-1064
-1307
-1557
-1868
-2099
-2379
-2818
-3100
-3490
-3150
-3116
-2115
-1695
-2189
-3189
-3696
-1573
-398
973
565
-436
-1431
-1301
1618
3309
3802
2372
1237
858
1660
3722
4974
4258
2292
994
964
2109
3057
3240
1471
-280
-1056
-707
142
286
-32
-1483
-2560
-2752
-1942
-1098
-965
-1162
-1901
-2317
-2231
-1209
-133
258
8
-403
-356
227
1044
1877
2240
1887
1446
1374
2338
3039
3348
2771
2264
2049
2050
2521
2595
2500
1623
1163
1024
1223
1246
836
492
48
-93
-183
-232
-328
-621
-1002
-1228
-1239
-1141
-1238
-1391
-1416
-1387
-1311
-1289
-1092
-1022
-955
-796
-623
-408
-306
-164
-17
143
152
148
47
69
62
21
-61
-361
-453
-727
-853
-1038
-1151
-1290
-1576
-1861
-2179
-2397
-2665
-2444
-2381
-1990
-1845
-2114
-2523
-2962
-1885
-912
-154
-261
-876
-1281
-1404
17
1498
2140
1620
814
622
1089
2178
3354
3289
2229
1093
847
1740
2485
2884
1940
612
-152
-83
706
1055
814
-250
-1321
-1518
-822
-89
-99
-661
-1202
-1473
-1299
-669
-86
26
-375
-641
-475
30
519
833
946
882
797
851
1324
1763
1927
1731
1552
1647
1678
1948
2165
2220
1849
1433
1343
1430
1646
1547
1331
950
669
654
625
545
217
-265
-559
-666
-621
-744
-1090
-1349
-1543
-1465
-1451
-1317
-1354
-1565
-1570
-1451
-1068
-881
-850
-891
-807
-580
-351
-154
-120
-152
-308
-295
-39
251
209
-88
-425
-658
-566
-441
-323
-656
-1246
-1686
-1872
-1763
-1681
-1684
-1979
-2421
-2323
-1954
-1660
-1789
-2001
-1776
-1535
-994
-627
-491
-694
-866
-303
493
1156
1253
952
748
998
1644
2253
2368
2044
1600
1365
1651
2180
2431
1973
1305
861
840
1029
1143
952
396
-210
-504
-358
-133
-124
-456
-786
-996
-942
-680
-407
-304
-474
-572
-472
-120
215
380
462
435
499
589
829
1117
1161
1214
1138
1376
1482
1561
1563
1606
1820
1655
1639
1400
1383
1334
1171
1060
826
580
338
116
62
-74
-392
-623
-820
-777
-874
-950
-1049
-1196
-1177
-1177
-1007
-925
-1006
-1078
-1091
-894
-692
-563
-543
-569
-553
-487
-335
-186
-160
-191
-232
-344
-272
-264
-289
-446
-665
-748
-836
-854
-1024
-1214
-1325
-1343
-1248
-1304
-1444
-1579
-1591
-1465
-1261
-1156
-1193
-1187
-1113
-768
-451
-312
-284
-274
-118
38
319
572
660
608
522
659
918
1115
1192
1158
1044
950
952
1036
1160
1158
947
702
585
567
547
487
382
207
23
-55
12
90
31
-108
-156
-123
-56
31
142
257
244
221
348
556
685
682
736
847
901
962
1058
1169
1162
1128
1102
1139
1142
1103
1075
952
878
672
569
510
465
350
85
4
-53
-104
-183
-254
-309
-475
-580
-502
-347
-322
-520
-685
-618
-422
-296
-287
-391
-494
-572
-448
-241
-155
-299
-593
-620
-482
-337
-359
-479
-626
-720
-702
-653
-685
-806
-897
-880
-859
-843
-866
-896
-899
-833
-727
-714
-668
-619
-470
-351
-245
-201
-251
-153
10
156
169
132
154
233
326
439
456
382
293
286
420
475
443
333
235
241
248
259
226
142
45
-52
-76
-62
-53
-103
-154
-173
-163
-222
-231
-116
-31
6
-50
-61
-4
51
147
236
278
203
159
245
406
522
479
434
407
447
559
669
733
715
636
652
733
820
831
774
747
685
698
712
694
621
527
526
454
421
358
272
246
116
46
-14
-41
-85
-207
-285
-331
-371
-430
-492
-556
-632
-696
-691
-689
-709
-761
-827
-815
-760
-706
-712
-813
-875
-832
-710
-622
-656
-727
-743
-681
-556
-473
-429
-439
-468
-426
-280
-101
-87
-135
-137
-31
95
122
138
138
96
99
146
185
172
112
124
155
150
145
182
219
166
141
204
267
289
257
268
298
354
323
300
341
345
333
260
300
293
232
166
162
187
100
77
46
13
-58
-133
-158
-152
-139
-181
-253
-240
-214
-226
-228
-165
-58
-21
4
65
136
211
251
355
496
603
623
602
659
727
843
854
822
814
779
765
772
792
760
634
513
423
346
262
167
76
-41
-176
-291
-357
-433
-517
-594
-666
-719
-759
-795
-806
-796
-746
-754
-748
-716
-681
-632
-619
-562
-518
-468
-420
-396
-335
-221
-157
-160
-202
-162
-44
4
61
59
21
-62
-46
13
30
24
-58
-63
-100
-111
-73
-54
-73
-118
-132
-109
-67
-37
-12
15
75
101
111
141
198
294
335
378
380
363
400
428
480
458
410
334
292
312
325
335
240
106
-17
-47
-2
-4
-73
-197
-277
-302
-288
-224
-194
-241
-318
-316
-207
-74
11
0
15
65
200
313
405
478
474
535
630
731
805
783
745
767
772
799
770
701
628
563
556
480
369
247
123
76
41
-10
-134
-273
-348
-352
-348
-439
-535
-587
-611
-595
-596
-609
-651
-693
-658
-608
-555
-576
-598
-539
-458
-374
-350
-371
-411
-402
-322
-208
-141
-180
-267
-282
-181
-128
-121
-146
-162
-177
-224
-200
-160
-131
-151
-191
-194
-207
-217
-162
-90
-46
-41
-94
-111
-56
42
107
158
190
155
154
212
319
366
358
330
284
253
207
235
294
287
205
90
13
-16
-3
5
-35
-108
-213
-250
-233
-191
-197
-255
-293
-285
-256
-239
-192
-122
-90
-76
-33
7
94
182
286
384
424
426
439
489
586
671
672
630
591
604
647
661
626
549
465
424
410
372
297
211
137
48
12
-14
-67
-162
-264
-303
-320
-337
-379
-426
-464
-482
-475
-459
-460
-472
-482
-449
-406
-342
-298
-304
-281
-250
-171
-116
-89
-68
-58
-26
-13
16
58
60
41
24
12
46
52
54
59
21
-29
-62
-18
13
17
23
0
-19
-42
-35
6
60
41
-7
-32
-48
-44
-33
12
30
8
-52
-71
-60
-33
8
23
-32
-115
-125
-70
-14
-12
-30
-74
-111
-120
-59
8
30
10
-14
-8
3
35
96
147
174
174
165
201
219
261
310
342
371
321
297
318
371
434
418
382
309
282
300
334
369
333
272
211
196
223
245
247
225
155
114
95
98
95
51
9
-52
-69
-98
-133
-154
-199
-252
-291
-304
-309
-354
-385
-439
-442
-451
-498
-484
-496
-476
-487
-503
-516
-497
-439
-391
-352
-349
-366
-338
-256
-157
-65
-62
-92
-81
3
124
203
215
175
166
206
264
345
355
291
204
180
217
232
228
172
104
21
-11
-14
-23
-64
-118
-175
-223
-230
-218
-189
-202
-244
-271
-260
-254
-244
-222
-210
-210
-196
-160
-110
-59
-42
-23
24
75
126
181
239
279
286
309
344
418
430
412
391
375
398
413
430
428
389
342
301
285
298
306
291
220
147
110
93
118
113
99
53
-9
-21
-1
24
-10
-60
-72
-87
-87
-116
-121
-103
-148
-195
-205
-201
-241
-273
-272
-268
-299
-362
-403
-370
-359
-384
-403
-441
-461
-487
-466
-444
-451
-458
-466
-430
-412
-399
-357
-323
-285
-260
-221
-152
-78
-18
31
74
97
110
164
232
294
327
305
315
333
357
362
351
340
296
254
215
196
180
144
118
90
41
-6
-53
-81
-85
-92
-119
-174
-158
-132
-101
-71
-79
-80
-76
-38
26
85
128
153
174
214
285
338
351
341
339
361
391
407
403
371
347
337
323
302
245
192
166
145
132
117
90
42
8
-1
-15
-48
-86
-99
-108
-125
-120
-107
-84
-74
-83
-73
-83
-70
-45
-18
0
-14
-44
-73
-72
-75
-95
-145
-191
-225
-258
-275
-297
-327
-368
-399
-416
-429
-453
-473
-465
-460
-443
-423
-400
-389
-364
-338
-303
-248
-196
-130
-69
-16
40
88
140
188
241
306
360
391
403
421
465
478
475
451
408
370
322
289
260
241
203
156
105
47
10
-26
-60
-90
-109
-120
-141
-134
-110
-105
-108
-122
-107
-90
-73
-41
-10
22
47
77
72
81
134
175
193
188
178
166
183
210
226
205
171
136
102
97
78
60
26
2
-8
-20
-18
-18
-14
-29
-38
-48
-57
-31
-17
0
-6
-29
-44
-54
-41
-27
-9
-18
-47
-39
-19
0
-17
-53
-74
-98
-120
-143
-146
-163
-206
-232
-257
-285
-314
-325
-338
-345
-357
-375
-377
-360
-319
-293
-290
-281
-261
-248
-222
-176
-139
-119
-106
-56
1
35
69
100
144
171
182
211
247
280
280
286
284
271
283
281
274
231
202
193
185
178
146
119
90
76
67
58
53
31
27
40
45
49
49
59
78
92
109
122
144
162
193
194
183
194
212
236
239
236
223
192
162
164
186
181
135
84
53
47
29
-8
-33
-57
-98
-125
-126
-140
-164
-176
-187
-192
-178
-176
-172
-160
-172
-161
-145
-121
-104
-97
-90
-93
-81
-75
-79
-84
-96
-101
-103
-102
-114
-132
-144
-165
-178
-199
-212
-228
-245
-247
-250
-249
-258
-258
-247
-229
-209
-189
-168
-143
-119
-88
-35
-14
-1
17
58
108
142
160
180
198
210
231
256
283
291
280
272
260
243
249
260
247
201
156
142
136
132
112
92
54
14
1
1
-3
-22
-48
-56
-57
-51
-62
-80
-69
-63
-34
-12
-6
-14
-29
-10
24
74
94
78
61
69
95
113
112
93
72
70
72
87
82
43
21
10
6
-2
-18
-39
-77
-96
-77
-65
-69
-92
-117
-117
-115
-100
-94
-103
-114
-119
-95
-61
-40
-36
-43
-41
-23
9
19
23
28
19
31
45
53
47
30
27
20
12
-1
-17
-13
-29
-55
-94
-108
-111
-116
-104
-122
-148
-159
-154
-140
-122
-122
-126
-127
-105
-66
-31
-17
-19
-10
1
36
78
110
115
107
110
132
150
156
157
124
111
109
108
93
83
68
53
55
47
39
30
27
20
-2
-18
-12
-9
4
5
10
8
-14
9
28
50
50
39
47
36
36
47
62
62
42
26
22
43
58
40
28
-1
-16
-27
-21
-12
-17
-31
-68
-71
-76
-81
-92
-107
-113
-125
-128
-133
-135
-148
-162
-158
-149
-143
-122
-99
-81
-50
-47
-36
-41
-37
-9
20
18
19
40
43
59
82
104
109
103
91
98
134
147
151
135
113
115
107
93
87
62
40
36
44
47
52
58
43
26
17
22
23
38
64
76
85
86
81
104
151
188
196
199
177
181
196
222
232
209
183
143
150
153
152
138
95
35
2
19
36
25
-10
-55
-76
-91
-109
-108
-114
-149
-178
-199
-190
-152
-147
-140
-156
-139
-112
-110
-105
-108
-106
-108
-100
-97
-82
-80
-85
-103
-107
-105
-111
-111
-114
-116
-110
-103
-104
-101
-101
-115
-118
-110
-111
-113
-108
-114
-101
-106
-90
-69
-52
-44
-30
-26
-24
-12
-11
1
10
8
18
16
13
38
57
75
78
91
112
131
155
143
155
181
196
196
191
219
215
223
217
210
227
197
208
195
183
170
116
88
64
46
31
-10
-47
-103
-130
-134
-119
-109
-125
-131
-141
-135
-148
-132
-111
-139
-115
-105
-59
-35
-4
37
87
121
141
205
129
193
100
73
177
-57
168
21
5
86
-69
28
-48
-103
-167
-171
-385
-175
-489
-253
-257
-537
-177
-551
-301
-457
-307
-189
-405
-154
-233
-238
-175
-161
-161
-127
-147
-190
-112
-170
-188
-145
-122
-129
-16
55
98
204
116
130
92
76
115
83
188
105
55
123
41
81
170
92
201
165
186
261
292
447
479
607
591
462
457
262
194
48
84
-101
-2
47
-4
128
135
199
-229
523
-146
72
302
-95
340
-287
362
104
-30
511
200
593
150
288
601
-100
475
194
304
203
-8
509
-138
139
191
-222
261
-314
56
-185
-195
-30
-193
84
-348
128
-287
-221
-67
-497
-82
-356
-136
-184
-113
28
-336
18
295
-560
119
199
-544
5
20
-90
-307
123
-168
-354
-1
-334
-284
-210
-241
-281
-45
-421
-126
-319
-180
-137
-350
351
-471
-193
205
-685
238
-234
-164
347
-648
321
-328
-202
198
-398
202
-182
-175
81
-62
-121
185
-104
58
18
92
78
-6
123
-23
132
10
262
108
-33
174
-3
252
147
140
445
-135
286
37
241
415
-273
761
-123
-106
590
-322
436
18
112
276
-243
449
-181
221
1
6
190
49
39
165
-37
-23
-10
-1
30
92
156
-282
470
-592
269
-6
-237
400
-413
267
-381
-107
-73
-177
-141
-75
-207
-91
-107
-324
134
-396
-80
67
-347
134
-52
-113
-53
-152
-48
-117
-145
46
-210
-225
-21
-585
303
-297
-61
21
57
-283
-211
267
-572
132
-300
136
-307
-266
216
-560
-87
-20
-468
138
-475
27
-95
-316
414
-479
298
2
-261
324
-284
209
-143
133
12
135
40
6
295
-248
312
-8
25
400
-322
484
-35
90
222
52
428
-469
761
-269
370
173
154
358
-111
436
144
68
541
-65
392
473
-371
940
-262
493
243
223
565
-187
854
-37
380
96
551
-58
128
494
-412
428
-148
27
134
-232
148
-132
14
-159
102
-236
-47
-13
-207
-128
-96
-144
-307
85
-239
-244
-11
-145
-203
-182
-25
16
-507
353
-201
-297
275
-277
41
-169
9
0
-522
176
-167
-435
349
-424
-111
7
-420
-53
-137
-222
-110
-109
-336
116
-655
195
-252
-305
186
-531
225
-313
-161
252
-419
188
-138
-219
298
-519
779
-688
484
309
-744
911
-471
309
12
155
333
-222
634
-117
199
392
-64
117
258
165
-106
597
-201
230
318
-244
632
-353
541
-171
145
535
-539
806
-193
132
197
86
228
-51
489
18
119
447
-154
352
-64
144
160
-116
445
-204
251
9
37
-94
99
-106
-63
304
-533
574
-645
258
-51
-423
376
-640
171
-369
-191
-129
-183
-194
-188
-48
-469
124
-215
-480
326
-591
-126
4
-522
341
-773
257
-247
-535
319
-632
73
-411
10
-405
46
-255
-233
201
-574
342
-516
180
-243
-293
263
-521
135
-162
-224
139
-371
-127
205
-478
280
-283
12
-37
-233
364
-324
216
-22
10
32
-23
227
-102
169
101
48
150
-40
235
136
-29
183
277
-122
356
138
118
268
42
278
120
126
264
99
189
419
-176
489
15
-8
319
-120
338
-206
437
-111
85
427
-212
409
-231
331
-47
-42
375
-136
264
54
-94
303
-214
68
250
-229
363
-210
336
-99
58
258
-194
302
-270
353
-76
-53
260
-118
175
-147
102
67
-172
47
63
-89
-59
97
-35
-91
-76
-7
-125
-200
123
-384
96
-207
-246
62
-314
-161
-146
-256
-133
-287
-188
47
-551
63
-328
-153
-385
36
-208
-428
321
-544
140
-261
87
-130
-137
254
-329
140
14
-12
48
114
58
122
-20
300
-95
275
171
-7
458
-73
239
310
-56
178
282
-78
399
-261
402
-113
-145
392
-179
103
70
121
8
94
-77
282
-279
105
114
-87
25
-11
84
-164
185
-160
168
41
7
42
105
143
-157
271
18
53
-65
242
60
-258
539
-152
79
309
-158
336
-57
-19
402
-226
313
-176
270
13
-322
533
-396
262
-148
131
-149
-60
221
-450
374
-427
181
-169
-330
449
-821
596
-391
-381
498
-774
287
-129
-258
190
-448
70
88
-601
557
-584
135
-115
-370
296
-465
186
-335
113
-269
-150
20
-166
-87
-204
178
-354
-15
-19
-6
-217
32
59
-417
439
-415
278
-69
-126
306
-301
341
-52
102
121
68
70
124
199
-162
202
161
-126
193
112
101
-104
119
190
-278
257
87
-137
177
-136
281
-287
157
30
-190
65
-168
188
-208
-11
74
-79
-100
95
-1
35
2
-101
214
-340
262
57
-334
552
-492
302
170
-315
611
-289
181
238
-299
470
-200
80
197
-308
322
-309
93
73
-186
-1
36
-136
-53
19
-119
-51
-22
-99
58
-213
106
-95
-261
358
-464
189
-108
-111
220
-389
411
-296
-8
187
-224
91
11
12
-75
71
32
-111
-33
171
-271
45
220
-249
102
47
-82
79
-135
192
-150
-35
251
-288
181
32
-73
20
135
64
-137
282
-18
8
1
53
147
-379
359
-155
-35
-44
-54
216
-525
535
-330
-65
295
-454
383
-306
154
47
-299
489
-418
168
160
-103
42
-40
220
-237
105
147
-57
103
-90
448
-311
207
349
-272
437
-198
390
-168
251
173
-219
518
-297
238
160
-110
304
-152
164
-31
-56
111
-291
426
-587
329
-243
-30
-29
-225
105
-318
85
-195
72
-159
42
-190
161
-270
42
69
-256
175
-166
50
-113
-3
20
-63
-69
235
-342
266
-141
114
-187
202
-43
-410
608
-668
358
-266
62
-185
-77
-12
-360
257
-593
394
-457
-64
43
-349
-34
-243
61
-378
28
-56
-192
-244
284
-532
293
-219
-65
227
-645
736
-652
215
212
-457
419
-445
433
-358
224
320
-291
479
-94
304
0
149
313
-80
138
270
-78
259
-65
358
-192
103
434
-410
438
-2
75
-43
180
131
-206
392
-200
243
-227
209
107
-390
564
-308
62
169
-52
-1
134
20
-41
141
-126
62
-107
9
2
-136
40
44
-303
220
-102
-47
-44
25
-74
-95
-68
46
-102
-259
257
-406
9
-49
-271
293
-371
88
190
-345
233
-120
189
-80
-2
378
-297
201
54
29
-70
35
225
-403
412
-299
134
-45
34
90
-250
372
-374
216
-39
-123
133
-224
56
-42
-251
199
-290
138
-179
91
-130
25
4
-75
78
-53
78
33
-42
160
196
-324
474
-71
-78
302
-58
163
94
-172
511
-221
-82
513
-289
107
191
-145
259
-255
220
181
-370
423
-24
-43
110
57
32
41
-8
257
-198
96
236
-468
573
-393
189
109
-163
215
-174
240
-284
351
-194
65
166
-157
216
-226
398
-296
159
279
-281
258
40
-8
-121
192
-41
-120
165
12
-159
115
-190
126
-260
178
-57
-294
378
-460
79
154
-399
367
-300
50
-85
-224
93
-270
34
-94
-69
-140
46
-165
-39
-70
-36
-239
169
-219
-88
190
-400
285
-334
138
-98
-232
220
-426
245
-181
-45
78
-15
-82
165
47
-85
276
-197
294
-168
227
147
-277
533
-199
-34
451
-250
229
-12
103
135
-145
353
-96
39
157
-69
128
-104
100
96
-182
194
-188
155
-147
-42
183
-248
52
-14
-39
-56
123
-97
39
-88
43
-29
-209
251
-349
19
16
-273
85
-212
-134
-19
-396
145
-191
-221
178
-389
-42
-166
-191
-21
-252
-7
-162
-196
-162
-149
-234
-9
-207
-134
2
-328
-20
-129
-26
-409
166
-311
-40
-89
-135
150
-359
199
-236
86
-149
33
-51
-44
-50
-147
194
-249
90
16
-7
-19
61
113
-97
240
-134
236
148
-134
377
-6
27
259
110
146
76
211
223
-247
537
-151
191
145
205
117
81
452
-244
421
-4
182
253
-20
357
68
184
131
119
274
0
33
402
-79
46
276
25
101
-46
248
7
-135
312
-104
85
51
-39
17
126
-346
454
-281
-30
274
-485
323
-368
24
-84
-128
-36
-126
-118
28
-329
90
-3
-358
189
-12
-397
376
-324
-134
331
-630
521
-575
465
-346
-236
643
-1061
731
-478
41
142
-443
629
-786
466
11
-547
681
-706
295
-69
-506
648
-697
304
70
-398
454
-425
356
-174
-119
431
-336
75
195
-20
-90
268
23
-7
148
116
75
27
297
-101
237
66
104
183
-115
454
-361
320
241
-362
514
-130
-17
324
-175
274
84
-106
434
-183
139
364
-313
496
-33
33
423
-144
269
139
40
142
132
-2
211
-42
46
156
-96
46
101
-80
-33
164
-238
282
-341
-72
214
-554
214
-181
-155
7
-223
103
-299
-32
-31
-60
-267
145
-32
-364
245
-237
11
-83
-195
172
-249
-96
156
-380
122
-241
-72
88
-530
448
-547
59
-42
-294
331
-643
548
-529
-43
253
-496
336
-308
121
-234
105
-121
-184
241
-339
102
103
-237
185
-71
72
-27
-101
196
-289
237
-53
24
-89
196
-234
-25
270
-317
252
-18
-5
-56
200
-56
74
119
-149
333
-277
270
25
-129
393
-399
296
-39
-177
267
-1
-94
0
215
-331
177
-56
76
29
-99
175
-187
176
-62
98
17
-48
-36
90
-117
51
32
191
-178
-41
410
-585
556
-423
196
198
-562
583
-377
155
-310
338
-325
-42
184
-397
397
-469
249
-131
-220
302
-517
280
65
-518
384
-99
-252
127
-19
1
-236
235
42
-336
255
30
-295
91
-10
-77
-214
214
-217
-70
70
-111
0
13
-80
98
-157
69
222
-441
553
-272
68
106
63
97
-94
417
-218
240
-12
129
71
59
121
65
112
114
0
177
143
-78
292
-116
195
119
-120
413
-265
195
235
-311
481
-94
56
331
-339
591
-249
183
439
-369
555
-155
258
-42
108
247
-166
253
-24
186
-307
357
-56
-315
525
-431
298
-58
-164
378
-369
190
58
-312
427
-444
285
-193
-79
95
-278
272
-472
433
-581
117
135
-534
212
-192
-18
-295
157
-191
-212
60
-241
175
-516
412
-392
-137
175
-536
227
-186
-203
111
-263
93
-285
49
15
-345
103
-108
-96
-48
-124
21
-79
-54
19
6
-143
60
-16
-111
38
-234
289
-367
228
-45
-276
133
-95
-39
-64
77
-7
-320
247
-206
-18
-39
27
218
-389
347
-21
-245
280
-68
142
112
22
254
-96
165
14
232
-66
197
216
-171
384
-118
245
-35
105
229
-189
342
-50
190
39
-16
288
-206
265
72
-141
474
-388
269
53
-163
323
-271
350
-97
-122
183
12
-171
153
-33
118
-170
69
72
-160
57
-114
261
-439
230
-26
-258
202
-52
-10
-34
40
-174
99
-198
148
-132
-107
81
-157
-137
118
-252
-68
25
-316
213
-309
-27
-18
-226
23
-146
33
-172
-60
-38
-205
-2
-213
-91
57
-249
-137
59
-290
-33
-1
-234
90
-231
20
-53
-310
289
-359
-29
164
-257
-22
195
-144
-1
119
-117
239
-145
218
146
-193
146
102
-47
114
69
-5
123
-189
153
8
-103
49
124
-175
111
120
-184
271
-166
159
-17
-22
349
-364
442
-38
-106
256
-197
211
-158
160
-2
-32
-48
92
73
-137
205
-92
-6
61
-54
217
-208
183
41
-117
163
-98
101
-84
36
-67
115
-114
42
69
-128
72
-17
1
7
13
-12
231
-318
389
-173
30
138
-121
278
-259
273
-193
236
-197
159
64
-174
256
-181
260
-82
5
78
-90
52
57
11
79
-49
-72
27
-67
50
-117
88
-20
-129
131
-134
142
-162
104
73
-240
278
-187
135
-40
-31
52
-51
96
14
80
15
53
-8
110
-11
127
-43
47
41
-48
37
-123
201
-156
25
158
-122
20
154
-18
49
-2
-3
80
-199
282
-180
-67
166
-205
21
93
-224
75
-77
-132
134
-271
288
-268
46
154
-225
157
45
-30
75
25
-48
60
-92
150
-101
24
112
-132
126
-146
108
25
-93
191
-8
-13
137
-9
70
83
-103
109
-44
105
-19
69
132
-215
108
11
-142
158
-26
-60
75
-55
9
-6
78
-10
-88
118
-28
-164
146
-83
-125
111
-109
66
-61
-44
28
-174
158
-169
-4
106
-345
319
-152
-76
94
-105
102
-169
239
-135
-3
46
-146
129
22
-57
44
118
-156
110
16
46
69
-95
221
-178
-13
215
-322
286
-132
65
41
-15
118
-173
246
-154
30
133
-96
32
89
-127
41
-21
-23
4
-16
26
-63
111
-97
84
-23
50
-26
6
32
-64
173
-156
84
-52
-56
-38
-81
87
-115
-11
62
-55
-69
84
-86
97
43
-49
63
-37
37
-36
61
58
-71
-29
33
-55
83
-54
130
-29
-65
64
5
-54
46
-6
-15
15
-44
80
-97
100
-129
111
-79
-81
109
-143
96
-85
-38
69
-131
88
29
-103
132
-48
45
38
49
-109
113
91
-169
147
54
-79
20
69
0
-49
111
30
-43
129
24
13
6
20
-15
47
40
-6
15
75
-168
135
85
-149
151
-62
53
-74
83
35
-117
110
-114
-7
43
-133
63
-47
-69
69
-48
5
-52
72
-115
-18
138
-119
29
50
-18
-16
4
69
-23
47
83
-56
141
7
-5
111
30
73
12
59
93
-20
71
130
-89
200
16
78
45
17
63
9
10
29
44
-140
161
-129
22
45
-95
67
-109
11
0
-103
14
-10
-233
64
-51
-148
-42
-1
-139
-35
-82
-21
-92
-145
133
-203
87
-84
-68
21
-89
-60
-10
-26
-64
27
-63
-52
-79
-2
-6
-74
44
-141
-12
-24
-50
-42
8
-40
-195
35
-76
-69
2
-46
5
-172
45
-65
-34
8
-68
99
-101
1
46
-3
-22
84
-29
21
-89
72
-49
-39
98
-98
0
59
-33
-33
52
-17
-78
11
67
-14
-70
125
-9
-107
60
64
-15
-27
100
69
-42
65
113
-62
111
103
49
151
-30
125
-86
87
97
-88
149
13
-94
13
89
-127
68
68
-50
-67
92
66
-113
85
76
-127
-34
66
-51
-63
91
15
-87
52
-34
15
23
15
49
-47
92
-6
-36
175
-128
-4
86
-69
-4
7
31
-75
-31
59
-31
-31
37
-42
-30
57
-92
119
-30
-128
51
-64
-87
30
21
-157
33
-2
-96
-24
86
-137
-62
-25
43
-77
48
91
-78
-23
-63
107
-62
45
64
14
-63
-75
141
-46
-37
162
-19
-46
79
105
48
-59
217
-91
-44
218
-114
127
11
22
-97
21
66
-137
128
-13
10
-76
1
70
-164
66
-9
-77
-39
-9
25
-103
-2
61
-120
-68
34
-15
-150
32
50
-111
-11
91
-6
-127
126
29
-156
157
7
-70
3
69
30
-84
68
76
-125
17
138
-18
17
34
144
-147
56
143
-17
42
89
74
-129
122
35
-32
57
122
-57
-23
146
-89
20
83
55
-81
63
72
-88
-6
119
-31
-125
89
3
-136
48
94
-68
13
66
65
-37
48
77
-23
-44
64
44
-110
96
20
-61
18
41
16
-70
39
-24
-64
22
63
49
-4
60
2
-20
11
40
30
-55
102
-28
-69
50
-26
19
-52
76
40
-126
73
-13
-49
-14
15
23
-142
81
-38
-66
60
-47
-11
-102
47
-48
10
20
-2
19
-177
107
-34
-33
26
81
-95
-75
67
-106
-18
-35
46
-155
-54
23
-111
-28
96
-15
-38
56
9
-37
78
-1
32
32
-32
73
-8
31
73
-14
76
3
-8
49
-73
30
-69
14
-18
-7
0
-31
36
-82
30
-28
-37
-22
-5
10
-64
8
-22
-13
-52
0
2
-16
-22
36
21
-59
34
-38
-9
-26
6
33
-59
73
5
-61
66
-12
-17
28
-13
-12
-15
13
24
-9
41
11
4
17
5
13
3
-13
23
-9
-20
22
-8
3
0
6
-5
-12
70
-63
42
30
-23
-3
26
0
-17
-3
3
0
-36
46
11
-15
34
25
-16
58
-35
-1
-15
-3
-11
23
34
10
47
-43
53
-3
-14
41
-10
23
13
0
18
12
-5
19
43
41
54
81
20
32
-18
-6
10
-7
21
-12
-7
-12
-27
-6
24
-18
11
-11
-7
-36
-34
18
-44
-18
68
-33
13
36
0
12
-31
49
-37
1
23
-33
1
-45
9
-18
13
23
24
-23
-18
-2
-51
-2
20
-3
-38
12
-17
-66
-16
-37
-21
-36
0
2
-34
11
-41
9
-18
-4
32
15
38
14
-5
8
10
-19
20
-16
-12
-27
-24
3
-65
0
-21
-19
-11
-9
-2
-60
0
-30
-7
-4
51
-1
8
10
-35
4
-8
24
7
42
-21
-30
-12
-47
1
-13
3
19
-30
-10
-30
-35
-5
-6
42
23
12
10
-16
-26
17
12
9
70
-11
28
26
13
13
18
29
15
24
13
15
5
34
-24
3
-9
-31
0
4
42
-21
38
19
-5
27
18
39
40
45
46
54
5
31
35
31
65
52
17
27
12
-28
9
17
-7
16
28
2
-15
-13
-27
-47
-5
-7
-8
31
-30
-26
-27
-58
-11
-25
22
-36
-12
-34
-57
-28
-33
13
-29
9
-4
-43
-20
-37
-40
-25
-25
-7
-4
-30
-53
-42
-71
-58
-40
-78
-33
-65
-83
-53
-39
-46
-26
0
-40
-37
-45
-51
-33
-34
-5
-12
-6
-9
-14
-7
-15
8
2
6
19
5
-1
3
15
18
12
30
38
8
31
48
20
30
49
13
24
51
21
35
69
35
27
44
28
12
38
20
37
45
44
44
65
48
36
56
46
34
58
56
12
54
49
4
35
26
20
8
44
59
20
54
18
26
-6
14
19
-2
22
-7
-24
-11
-43
-36
-22
-33
-23
-40
-21
-26
-25
-24
7
-22
-2
1
-12
-25
-8
-15
-20
0
-33
-31
-50
-52
-69
-42
-40
-38
-34
-57
-63
-67
-79
-70
-27
-57
-33
-18
-28
-43
-28
-24
-56
-14
-15
-10
0
1
-6
-24
-24
-10
-12
11
11
12
19
-11
4
7
7
-1
39
16
31
20
30
31
32
45
23
49
22
32
35
51
42
45
78
46
54
46
37
22
41
40
29
63
57
46
27
38
-4
8
9
40
44
21
29
13
0
-2
23
16
26
23
10
19
-3
4
-6
-12
-1
-13
2
-9
0
-28
-31
-32
-27
-27
-12
-17
-14
-26
-21
1
-22
6
-22
-30
-27
-34
-19
-31
0
-23
-50
-29
-44
-56
-38
-16
-50
-29
-43
-53
-51
-53
-18
-46
-8
-22
-46
-25
-48
-46
-30
-25
-20
-7
-23
-14
-26
-16
-24
-1
0
6
6
4
-2
-22
-6
3
2
14
33
-7
3
-4
-21
-5
10
-2
17
15
12
22
13
43
18
31
41
26
36
36
49
33
48
53
41
29
46
19
22
36
40
44
30
47
25
19
36
32
47
46
48
55
30
50
19
25
27
8
27
16
37
15
27
2
10
-3
-20
9
-8
-2
7
12
12
6
4
-16
-19
-22
-27
-9
-20
-13
-35
-37
-45
-47
-41
-35
-27
-34
-36
-27
-39
-41
-35
-55
-49
-58
-47
-35
-46
-23
-45
-58
-51
-71
-56
-57
-42
-21
-32
-13
-20
-24
-34
-35
-26
-27
-25
7
-5
-8
-4
-19
-21
-18
8
-10
28
21
-4
15
4
-11
7
22
8
30
27
33
33
36
42
24
44
24
27
44
32
43
39
40
35
33
39
22
38
35
33
45
53
43
40
49
21
31
30
38
37
35
33
10
16
0
9
21
12
27
25
18
23
9
13
-12
6
-2
-9
14
0
-3
-6
-4
-30
-9
-18
-28
-11
-27
-14
-32
-21
-27
-37
-25
-35
-22
-31
-18
-32
-25
-33
-35
-29
-31
-20
-32
-16
-24
-21
-28
-27
-27
-37
-24
-27
-16
-22
-18
-6
-16
-16
-6
-13
-14
-5
-23
-1
-14
-18
-6
-15
-10
-12
8
-8
5
10
-1
10
7
7
7
14
12
8
20
13
12
17
13
17
16
18
17
19
20
