9
13
6
15
20
12
12
11
10
12
16
19
6
-5
-8
-22
-19
-10
1
8
18
15
-2
-2
-11
11
18
22
39
26
18
20
32
33
32
23
17
11
-7
-30
-38
-38
-22
-12
0
12
5
-5
-2
0
3
-1
-21
-34
-53
-61
-54
-40
-33
-19
-5
17
69
145
220
205
97
37
121
132
78
49
48
-68
-190
-94
-136
-156
-157
-118
-85
-143
-79
-61
-82
-119
-116
-56
-21
-14
41
72
23
20
37
81
240
397
512
429
294
120
-109
-45
55
32
4
-172
-387
-577
-539
-282
-153
-41
-31
-111
-163
-167
-119
23
91
161
320
315
308
274
149
65
81
86
123
51
-34
-45
-211
-133
-112
-44
97
24
45
-52
-140
-217
-175
-122
99
303
-130
109
-43
-192
287
85
250
76
-63
97
-216
9
23
-127
130
-89
-188
-44
-94
-219
-198
-129
-156
-142
-60
64
-87
-16
22
-83
35
19
48
122
125
57
56
116
64
42
109
200
140
-2
103
-7
77
234
-13
52
71
-48
-24
-90
-125
-114
-212
-132
-217
-184
-119
-168
-33
-9
-63
16
-62
-90
-14
83
166
-3
110
-128
-158
-34
-80
111
79
90
-11
-33
-51
-113
-14
69
108
57
127
35
-70
-50
-88
-19
42
50
-6
-36
-106
-164
-131
-73
-3
-43
55
97
32
6
36
52
83
245
185
180
80
-64
-28
8
179
149
135
130
-58
-84
-40
14
48
33
84
14
-25
-94
-111
-25
-9
87
121
152
45
5
50
9
41
36
59
51
57
89
65
91
44
42
87
104
162
55
73
27
-50
21
8
20
-40
-76
-62
-140
-80
-88
-86
-68
-96
-14
3
49
13
-13
16
35
99
96
103
62
11
54
52
78
85
82
61
8
-21
-35
15
-33
-32
-58
-51
-40
-67
-49
-91
-73
-51
-65
-33
-19
-43
-44
-55
-23
-24
15
56
31
15
9
-44
-23
-1
1
20
-57
-92
-155
-104
-101
-121
-86
-154
-135
-210
-177
-166
-185
-171
-243
-208
-218
-186
-135
-68
-32
-136
-159
-128
-118
-69
-83
-71
-76
-147
-100
-94
-9
9
23
37
56
79
21
142
144
151
126
110
159
135
211
284
355
386
326
368
402
409
519
585
641
553
576
581
546
578
506
556
483
502
496
451
482
354
332
356
360
402
345
324
262
185
173
139
219
183
113
61
1
-27
-95
-57
-70
-103
-142
-192
-181
-259
-374
-401
-404
-405
-446
-430
-523
-621
-639
-634
-510
-552
-510
-562
-673
-689
-754
-619
-679
-708
-706
-837
-731
-800
-715
-747
-1007
-866
-937
-759
-722
-864
-848
-1135
-1036
-927
-812
-757
-970
-1045
-1126
-1245
-1027
-838
-427
-130
-116
195
-19
292
541
922
1487
1566
1740
1379
1297
1363
1464
1690
1961
1862
1587
1300
1131
944
702
788
709
662
434
309
102
-142
-291
-192
48
159
202
111
76
92
225
508
807
988
1115
1196
1283
1246
1240
1273
1422
1454
1404
1292
1036
844
600
502
441
318
58
-193
-474
-645
-772
-888
-954
-1063
-1089
-1142
-1162
-1180
-1204
-1144
-989
-844
-739
-678
-658
-632
-557
-465
-362
-349
-408
-494
-562
-567
-612
-649
-688
-841
-940
-1014
-1061
-1108
-1212
-1297
-1321
-1336
-1303
-1211
-1366
-1398
-1607
-1650
-1498
-1486
-1339
-1491
-1518
-1690
-1437
-498
309
666
115
71
191
514
1467
2063
2654
1816
1010
1137
1401
2020
2081
2332
2161
1329
1142
1171
1170
806
393
560
440
199
-147
-443
-776
-1193
-979
-570
-344
-590
-913
-819
-683
-382
96
474
672
632
1006
1391
1365
1272
1417
1902
2084
2134
2113
1927
1539
1173
1339
1546
1408
981
508
211
-128
-333
-385
-491
-744
-1002
-1045
-1085
-1196
-1314
-1304
-1143
-972
-754
-543
-516
-549
-482
-262
8
148
132
90
41
-79
-36
-31
-126
-257
-376
-385
-540
-716
-968
-1057
-1056
-1006
-981
-1080
-1223
-1406
-1311
-1246
-1057
-977
-1043
-1011
-945
-762
-754
-538
-398
-407
-374
-271
-110
-154
-256
-367
-132
53
439
528
297
69
-112
128
245
587
645
392
186
169
308
386
488
547
585
579
676
755
689
432
352
458
538
598
575
574
412
230
213
349
473
398
319
329
417
444
574
472
308
434
576
824
743
656
605
565
598
623
779
789
745
588
509
544
576
569
438
397
373
304
234
178
89
-10
-55
-20
9
-5
-73
-169
-214
-231
-168
-194
-246
-324
-372
-337
-408
-425
-451
-440
-431
-459
-399
-346
-345
-420
-457
-431
-408
-379
-365
-366
-373
-389
-386
-379
-370
-370
-358
-367
-385
-395
-416
-390
-398
-415
-413
-427
-476
-494
-483
-496
-504
-476
-430
-429
-461
-484
-442
-429
-390
-363
-310
-274
-276
-256
-242
-215
-178
-180
-165
-145
-142
-88
-78
-67
-49
-35
-18
-20
-18
-9
-15
-17
-3
21
25
44
76
130
193
210
254
327
383
408
442
436
451
487
518
539
536
510
506
534
539
558
598
608
559
543
547
574
570
550
497
475
503
487
464
427
381
356
364
361
332
296
295
314
321
332
309
252
227
196
173
112
38
-1
-34
-101
-163
-190
-214
-242
-277
-273
-303
-377
-438
-440
-378
-333
-331
-370
-430
-474
-500
-466
-414
-443
-490
-538
-553
-542
-536
-537
-546
-550
-538
-492
-454
-433
-453
-455
-416
-348
-270
-247
-255
-256
-231
-208
-180
-120
-88
-64
-52
-30
30
72
93
131
197
250
282
273
275
277
252
261
321
394
406
386
329
351
338
293
287
275
290
269
228
211
202
154
152
185
206
140
67
36
61
83
94
119
105
117
91
111
166
199
209
260
334
346
315
239
249
267
161
49
135
208
135
35
2
-36
-78
31
114
69
-39
-91
-86
-164
-260
-216
-165
-174
-212
-147
-99
-153
-200
-133
-80
-149
-64
-63
-115
-137
-85
34
-58
-180
-249
-285
-203
-135
-79
-149
-319
-326
-333
-209
-114
-165
-187
-220
-165
-185
-207
-201
-220
-109
-42
-13
-67
-86
-93
-136
-43
-44
32
8
-177
-211
-126
-66
-185
-209
-173
-215
-210
-108
-133
-159
-114
-267
-64
-23
96
96
-32
37
-28
248
176
240
154
169
230
167
318
157
296
147
153
323
71
181
174
147
199
195
293
175
204
136
156
283
190
156
186
273
144
87
357
228
119
149
266
324
62
269
277
86
108
275
312
173
202
176
50
95
236
220
86
86
-61
9
78
-73
41
-3
5
-39
-206
-82
46
-115
-153
-129
-72
-251
-208
-137
-328
-290
-105
-110
-378
-212
-256
-235
-237
-198
-105
-260
-62
-206
-90
-53
-48
18
-265
-138
-45
-30
-245
-155
-33
-178
-199
-51
-67
-14
-38
-155
18
-85
45
-46
23
-55
-103
101
90
33
-13
32
-65
68
55
30
-16
199
-27
-126
152
-40
112
-29
125
21
-92
61
-64
117
-51
63
121
-130
38
125
95
54
145
398
169
150
221
169
-19
81
164
-28
-51
-1
19
-161
-67
-142
-115
-208
101
79
41
0
-229
11
-271
42
76
103
136
39
118
-67
103
190
243
42
81
56
-78
136
2
99
-38
-86
5
-17
149
94
-138
-196
36
-109
-17
78
164
29
110
224
-42
-18
23
370
172
14
15
-93
-63
-326
8
91
-125
-19
-32
-278
-408
-36
-153
-123
-56
-159
-279
-363
-225
-145
60
-107
-181
-72
237
91
124
80
-74
-15
-137
261
437
188
-326
-299
-161
-226
-115
326
256
-209
-391
-259
-182
-355
154
111
109
-80
-154
-31
-470
20
362
277
207
-12
-30
-118
-207
67
309
411
250
-12
-128
-76
69
173
211
118
164
-92
-216
-27
-44
-21
-40
153
-46
-148
-128
-204
-33
-1
135
-70
-59
39
-42
40
159
113
69
58
65
44
-225
25
38
-63
-11
-17
6
-196
-275
-103
5
-226
-187
-28
-193
-377
-390
-316
-119
-299
-198
-112
-303
-295
-389
-152
-205
-88
-20
-12
-45
-186
60
49
202
145
153
274
211
170
220
345
271
263
281
347
192
219
321
210
157
181
345
275
115
122
167
164
226
249
149
116
150
99
124
207
269
199
135
125
140
226
222
270
94
108
228
157
209
98
39
26
-8
54
-46
17
-15
-240
-240
-123
-193
-222
-278
-381
-321
-256
-290
-343
-373
-368
-352
-417
-258
-317
-119
-210
-326
-369
-302
-97
-330
-229
-255
-139
-357
-404
-282
-315
-224
-306
-345
-379
-288
-310
-438
-509
-452
-437
-423
-438
-496
-535
-523
-360
-40
53
-68
-233
-256
-10
331
650
748
557
170
210
643
1136
1325
1179
912
677
665
960
1333
1294
1042
732
636
669
689
753
669
508
317
230
202
141
103
125
168
114
-13
-96
-91
-62
69
286
322
163
30
25
261
405
417
417
217
172
184
259
285
187
101
-71
-75
-94
-269
-388
-393
-485
-621
-662
-693
-848
-907
-861
-926
-951
-966
-936
-980
-1101
-1033
-987
-771
-868
-940
-825
-847
-758
-869
-767
-817
-774
-738
-721
-776
-1001
-1101
-1130
-779
-211
195
-136
-814
-1025
-434
330
929
1118
729
-54
-361
492
1485
1973
1777
1347
773
629
1252
1994
2219
1683
1128
846
861
1009
1117
1132
800
324
-33
-143
-91
-164
-250
-298
-414
-665
-862
-869
-768
-424
127
361
-94
-699
-542
262
985
1280
1206
839
427
511
1185
1906
2006
1546
959
666
853
1194
1402
1173
638
139
-92
-34
40
61
-159
-575
-901
-1025
-965
-907
-931
-990
-1075
-1159
-1217
-1193
-1033
-903
-846
-800
-782
-805
-804
-677
-403
-224
-303
-388
-462
-506
-456
-332
-248
-335
-500
-675
-814
-768
-759
-832
-959
-1089
-1222
-1331
-1368
-1526
-1755
-1793
-1564
-1037
-388
-455
-1227
-1836
-1108
149
952
1198
773
-12
-625
275
1880
2623
2341
1576
1104
926
1543
2581
2936
2325
1266
868
970
1328
1526
1372
841
77
-393
-473
-238
-167
-410
-734
-1010
-1236
-1345
-1204
-960
-892
-729
-566
-672
-978
-821
126
774
721
280
187
700
1154
1760
1951
1734
1316
1115
1658
2079
2280
1926
1444
1184
1096
1283
1315
1115
651
230
123
61
-50
-267
-477
-670
-886
-951
-1011
-1112
-1292
-1338
-1291
-1207
-1240
-1330
-1382
-1415
-1255
-1018
-822
-807
-918
-843
-651
-434
-275
-249
-231
-317
-352
-260
-62
-13
-203
-444
-618
-564
-525
-526
-734
-1112
-1347
-1497
-1567
-1588
-1506
-1212
-810
-824
-1304
-1947
-1451
-263
432
568
179
-316
-883
-283
1385
2311
2059
1206
843
916
1476
2550
3072
2500
1366
858
1093
1522
1820
1736
1055
137
-446
-375
22
176
-176
-775
-1316
-1485
-1313
-999
-796
-986
-1090
-1081
-1058
-1010
-740
-150
298
367
263
397
676
997
1363
1876
2171
1879
1662
1632
2009
2298
2383
2362
1882
1540
1280
1359
1519
1403
1118
539
11
-219
-143
6
-205
-632
-1052
-1365
-1417
-1336
-1240
-1303
-1528
-1710
-1762
-1635
-1412
-1260
-1215
-1214
-1194
-1043
-838
-640
-450
-368
-242
-243
-256
-138
68
199
93
-64
-270
-348
-321
-276
-384
-719
-999
-1196
-1309
-1392
-1579
-1740
-1837
-1780
-1221
-931
-1234
-2077
-2172
-905
-72
214
-77
-442
-865
-867
697
1999
2041
1230
746
998
1375
2240
2993
2720
1736
1019
1244
1812
2043
1853
1327
635
74
-69
235
486
194
-405
-928
-1112
-1056
-821
-587
-740
-966
-944
-857
-824
-781
-415
61
174
149
222
510
839
992
1276
1523
1680
1718
1678
1743
1820
2025
2122
1992
1796
1585
1451
1383
1439
1461
1140
651
353
290
319
210
-18
-323
-663
-906
-953
-932
-1033
-1250
-1410
-1475
-1506
-1499
-1442
-1378
-1404
-1371
-1275
-1194
-1120
-1028
-857
-671
-586
-488
-454
-454
-422
-368
-225
-250
-338
-498
-621
-680
-789
-769
-812
-1023
-1306
-1587
-1651
-1703
-1781
-1676
-1604
-1184
-1145
-1549
-2091
-1816
-499
118
154
-239
-505
-689
-301
1214
2083
1748
1029
936
1347
1715
2469
2984
2458
1513
1234
1655
1985
2054
1910
1332
504
94
266
607
622
177
-515
-1028
-1030
-733
-551
-572
-922
-1156
-1020
-839
-779
-809
-434
-79
-110
-241
-153
270
611
861
1194
1336
1235
1021
1177
1704
2044
2044
1686
1340
1275
1498
1799
1774
1452
1064
748
703
845
919
707
220
-195
-310
-284
-309
-522
-788
-1030
-1201
-1246
-1222
-1159
-1254
-1452
-1589
-1485
-1258
-1133
-1164
-1186
-1097
-938
-720
-600
-608
-612
-551
-350
-228
-222
-307
-493
-411
-291
-221
-373
-682
-794
-919
-886
-902
-1066
-1298
-1738
-1879
-1784
-1499
-1259
-1021
-1114
-1621
-2179
-1618
-281
133
-36
-517
-508
-647
-190
1180
1802
1557
942
1073
1463
1766
2406
2726
2341
1633
1457
1795
1958
1942
1803
1387
765
382
433
607
549
178
-337
-773
-841
-610
-488
-571
-898
-1046
-958
-847
-699
-695
-466
-290
-246
-176
-90
229
459
694
952
1022
1017
1024
1464
1720
1647
1469
1524
1711
1583
1706
1578
1446
1256
1301
1413
1031
868
708
758
567
251
122
-105
-265
-505
-621
-707
-927
-1075
-1208
-1268
-1374
-1505
-1505
-1437
-1355
-1363
-1387
-1424
-1358
-1192
-1049
-971
-929
-829
-724
-653
-574
-534
-426
-321
-307
-345
-392
-406
-405
-430
-501
-589
-690
-828
-959
-1117
-1205
-1357
-1444
-1390
-1306
-988
-1011
-1260
-1707
-1432
-438
-78
-106
-352
-262
-319
-146
943
1547
1459
1023
1120
1500
1721
2223
2470
2259
1741
1595
1773
1921
2058
1873
1345
771
598
695
726
677
327
-239
-670
-656
-404
-364
-472
-767
-983
-950
-772
-618
-631
-493
-375
-420
-420
-255
105
349
446
450
391
593
867
1096
1133
1300
1401
1248
1221
1435
1704
1465
1380
1416
1306
1165
1113
1225
993
689
600
490
316
48
-29
-120
-418
-608
-714
-854
-1149
-1303
-1250
-1239
-1400
-1599
-1668
-1644
-1559
-1428
-1310
-1336
-1391
-1285
-1068
-883
-791
-719
-673
-618
-581
-558
-404
-275
-242
-384
-534
-582
-589
-508
-601
-730
-876
-1073
-1257
-1405
-1399
-1436
-1467
-1537
-1321
-1019
-1122
-1567
-1737
-803
-103
-75
-221
-224
-144
-212
673
1676
1708
1198
1119
1564
1732
2010
2575
2604
1940
1506
1730
2024
1981
1953
1760
1163
606
602
860
833
524
98
-319
-616
-490
-247
-262
-549
-804
-724
-565
-488
-485
-355
-127
-108
-155
-72
236
486
537
580
652
757
926
1064
1215
1305
1321
1388
1423
1506
1455
1471
1529
1516
1452
1269
1082
926
974
970
755
437
230
141
-21
-154
-290
-463
-742
-1000
-1106
-1179
-1307
-1464
-1602
-1731
-1803
-1831
-1808
-1808
-1804
-1778
-1771
-1700
-1567
-1443
-1353
-1258
-1123
-995
-881
-758
-667
-652
-611
-456
-368
-386
-510
-508
-486
-478
-531
-587
-676
-821
-904
-996
-1048
-1093
-996
-908
-681
-624
-904
-1291
-996
-51
291
90
-167
-129
-14
359
1211
1564
1305
1036
1171
1466
1746
2189
2290
1884
1485
1516
1657
1808
1895
1683
1100
647
707
802
774
577
269
-134
-375
-298
-134
-177
-408
-636
-660
-503
-444
-469
-485
-316
-184
-165
-50
158
347
441
495
614
772
939
989
957
1115
1441
1560
1270
1186
1391
1555
1395
1253
1375
1260
1056
926
879
769
607
594
408
95
-148
-270
-365
-588
-746
-900
-1115
-1360
-1546
-1642
-1741
-1837
-1927
-2000
-2075
-2129
-2066
-1891
-1736
-1724
-1719
-1622
-1477
-1263
-1011
-804
-806
-898
-750
-431
-116
-118
-209
-171
-107
75
54
98
-3
-162
-229
-278
-166
-331
-525
-767
-949
-851
-765
-634
-520
-632
-930
-1304
-729
139
261
-50
-345
-138
-53
394
1156
1290
977
748
1041
1349
1591
1958
2001
1642
1262
1302
1530
1769
1739
1359
871
591
628
670
752
614
130
-310
-423
-287
-195
-222
-346
-649
-711
-536
-367
-337
-307
-130
-60
-38
16
235
488
665
702
683
763
908
1057
1126
1198
1194
1195
1304
1174
1054
1091
1302
1216
880
887
773
551
408
528
470
7
-218
-253
-341
-566
-688
-708
-973
-1251
-1342
-1304
-1363
-1509
-1582
-1680
-1710
-1693
-1619
-1544
-1516
-1514
-1490
-1352
-1170
-981
-867
-846
-779
-588
-323
-186
-186
-128
6
172
255
206
234
197
256
232
146
139
-1
-30
-256
-340
-372
-540
-653
-900
-879
-841
-835
-612
-692
-855
-1194
-844
-66
15
-90
-215
5
-7
221
965
1168
957
795
1084
1331
1340
1652
1838
1589
1197
1206
1479
1531
1422
1183
873
580
532
650
622
367
15
-183
-227
-183
-107
-155
-325
-527
-439
-185
-54
-42
-86
51
213
348
419
513
664
737
740
778
910
1033
983
852
820
880
896
910
805
600
535
590
584
335
217
193
-19
-93
-84
-134
-419
-694
-578
-566
-655
-850
-958
-912
-995
-979
-1008
-1042
-1104
-1200
-1173
-1133
-1086
-1105
-1121
-1030
-990
-937
-875
-789
-668
-568
-524
-521
-401
-179
-41
-89
-133
-55
113
196
144
77
133
144
118
-4
-70
-89
-219
-255
-366
-492
-691
-881
-890
-987
-976
-963
-899
-720
-877
-1094
-1192
-562
-22
-191
-328
-355
-154
-164
370
1032
892
605
632
1069
1171
1316
1764
1632
1177
1028
1368
1509
1383
1424
1158
740
572
753
813
707
628
286
-94
-116
133
228
65
-112
-298
-263
-30
106
39
-26
127
120
103
238
438
512
419
424
407
508
632
588
452
411
447
366
372
497
495
2
-176
86
333
192
-189
-159
-325
-352
-188
-68
-155
-577
-587
-538
-525
-412
-480
-497
-758
-878
-775
-649
-518
-676
-807
-869
-817
-654
-545
-482
-549
-628
-613
-481
-271
-176
-222
-355
-309
-126
56
125
6
-33
-56
68
174
163
74
-147
-200
-145
-95
-108
-345
-506
-671
-686
-656
-746
-831
-1019
-1054
-1054
-743
-571
-749
-1121
-1003
-279
-59
-116
-175
-24
-48
-25
693
1089
946
722
838
1147
1196
1496
1688
1500
1193
1086
1292
1482
1509
1328
946
684
672
764
815
683
393
39
-80
51
213
163
-55
-278
-281
-60
-2
-28
-88
-23
34
0
83
182
320
344
252
221
259
433
477
337
183
149
234
218
187
161
223
76
-124
-160
-1
152
-42
-115
-149
-172
-137
-42
107
-85
-270
-252
-145
-23
-79
-149
-307
-416
-333
-194
-179
-273
-379
-477
-508
-455
-315
-330
-473
-605
-607
-472
-342
-311
-389
-526
-578
-481
-279
-146
-250
-418
-485
-326
-139
-88
-179
-329
-347
-324
-244
-237
-297
-430
-628
-683
-614
-579
-717
-925
-927
-840
-783
-548
-541
-707
-1072
-759
-64
-14
-131
-269
-102
-171
9
711
894
662
457
662
981
1091
1370
1390
1126
950
1006
1291
1384
1281
1035
740
646
693
773
755
540
232
6
11
92
124
55
-124
-360
-389
-219
-145
-186
-317
-305
-273
-214
-106
-54
-17
-63
-84
-7
97
172
67
-51
-27
85
117
11
116
182
71
-113
-10
312
237
75
-21
113
200
233
416
267
62
-24
144
308
209
104
-78
-215
-211
-98
-16
-171
-382
-505
-492
-442
-425
-444
-593
-756
-800
-679
-571
-576
-627
-687
-705
-646
-453
-307
-358
-442
-431
-256
-83
-23
-30
-70
-36
12
33
38
30
-29
-158
-222
-175
-117
-230
-451
-615
-602
-545
-542
-641
-657
-481
-515
-748
-882
-324
59
-170
-296
-178
54
-113
197
757
744
517
519
882
1028
1073
1322
1334
1113
990
1122
1254
1206
1168
964
720
611
681
676
569
413
162
-34
-61
46
24
-149
-342
-480
-386
-196
-176
-352
-487
-364
-209
-114
-63
-54
-49
-34
54
164
236
256
209
148
206
304
328
312
248
331
313
212
133
283
508
346
190
150
233
253
256
334
189
8
-18
25
91
-4
-86
-203
-363
-360
-319
-260
-390
-549
-629
-655
-564
-490
-492
-595
-656
-619
-503
-388
-340
-324
-338
-335
-252
-78
69
84
36
8
128
319
396
334
181
167
258
345
333
204
76
-14
-35
-50
-83
-213
-422
-618
-672
-633
-618
-728
-908
-823
-616
-604
-820
-930
-507
-265
-338
-324
-217
-158
-337
79
565
582
393
397
639
679
845
1109
1055
777
672
814
906
890
882
675
378
277
384
372
261
160
-30
-288
-402
-213
-48
-157
-434
-578
-441
-233
-161
-212
-312
-259
-147
-11
70
131
191
165
166
270
433
476
382
346
415
452
436
381
414
334
295
268
295
320
161
186
180
217
117
-4
102
-8
-20
-61
-47
-60
-243
-150
-189
-231
-278
-319
-250
-350
-396
-416
-461
-409
-400
-369
-448
-477
-386
-372
-336
-325
-288
-322
-328
-258
-162
-112
-110
-65
-68
-40
6
91
143
72
24
0
46
109
53
-23
-123
-123
-134
-192
-249
-373
-456
-570
-649
-704
-788
-779
-891
-866
-658
-637
-841
-1078
-639
-273
-367
-418
-356
-225
-422
-130
385
427
229
189
456
568
714
1000
1009
762
651
809
1011
1063
1033
823
577
502
591
627
571
449
203
-14
-32
156
227
74
-122
-243
-152
38
102
-2
-146
-89
24
103
107
117
158
154
136
157
281
355
271
134
165
233
195
161
138
95
-32
-21
132
66
-60
-179
-64
-6
-52
2
-123
-158
-182
-76
23
-60
-59
-102
-112
-63
-44
37
-28
-124
-161
-152
-51
-68
-100
-182
-234
-182
-90
-10
-58
-130
-150
-61
22
54
38
10
40
92
193
225
230
211
153
180
229
292
266
151
77
34
28
8
-86
-216
-374
-493
-530
-561
-626
-781
-944
-1012
-1018
-1012
-1038
-997
-859
-886
-1018
-1086
-780
-476
-486
-460
-411
-287
-324
-56
396
480
417
411
582
713
860
1095
1062
914
858
913
979
961
977
814
616
528
537
526
426
328
191
47
-17
-11
28
-10
-121
-239
-208
-58
-17
-65
-136
-68
-33
35
111
129
107
38
70
132
212
219
128
27
10
76
94
76
42
-3
-94
-147
-99
-41
-26
-107
-116
-88
-48
-3
5
52
9
-3
48
103
142
78
62
42
27
44
39
65
-8
-59
-52
-26
9
-47
-88
-107
-86
-30
-15
-4
-18
-40
-58
-36
38
73
66
13
22
61
88
114
125
125
63
21
25
20
-11
-84
-140
-186
-245
-327
-405
-457
-495
-537
-597
-629
-677
-756
-812
-801
-755
-731
-760
-706
-562
-515
-581
-573
-340
-218
-243
-168
-29
12
-40
169
413
404
370
426
523
553
637
774
700
599
603
637
670
677
680
525
406
446
451
389
335
316
207
73
80
161
166
84
-23
-75
-43
38
34
-67
-99
-48
-37
-51
-49
-20
-48
-106
-94
-63
-37
-80
-141
-162
-128
-123
-162
-177
-143
-136
-170
-143
-43
87
60
7
54
174
288
294
301
267
255
307
392
442
391
307
273
308
338
311
241
176
130
103
52
43
47
-6
-115
-180
-158
-123
-129
-181
-218
-226
-221
-208
-183
-139
-118
-117
-109
-62
-20
-37
-43
-19
21
-8
-23
-13
-52
-83
-94
-81
-142
-230
-280
-303
-313
-372
-476
-559
-597
-606
-609
-646
-657
-712
-703
-557
-496
-635
-721
-515
-338
-353
-330
-228
-231
-296
-102
156
188
137
205
274
298
456
645
666
559
555
602
643
708
775
673
476
438
508
523
459
388
267
139
107
156
160
79
-42
-161
-155
-68
-59
-158
-253
-240
-211
-200
-190
-191
-190
-208
-207
-184
-129
-94
-109
-108
-71
-12
6
78
161
169
147
162
286
385
409
406
356
337
359
472
533
458
365
301
318
350
399
375
252
128
79
125
125
32
-71
-152
-205
-231
-243
-259
-318
-371
-405
-410
-372
-305
-254
-288
-313
-276
-188
-117
-67
-42
-50
-45
-12
59
114
101
59
36
42
53
15
-48
-89
-88
-98
-167
-227
-296
-350
-400
-439
-482
-553
-589
-646
-713
-748
-745
-764
-785
-724
-653
-660
-733
-654
-454
-358
-321
-249
-161
-140
-36
201
368
364
379
482
576
654
790
891
825
781
816
881
879
859
829
728
655
623
624
570
500
407
264
170
132
117
58
-42
-164
-243
-218
-177
-190
-289
-339
-314
-257
-196
-176
-172
-185
-164
-109
-20
59
78
55
76
148
209
263
312
320
270
258
337
426
462
414
382
362
354
405
428
398
283
227
245
235
218
144
57
-30
-93
-106
-126
-164
-253
-336
-379
-378
-351
-347
-388
-432
-418
-373
-323
-285
-264
-287
-291
-243
-157
-89
-90
-114
-109
-54
4
43
48
22
-18
-12
16
26
-11
-96
-160
-216
-239
-262
-308
-371
-448
-517
-555
-576
-583
-632
-700
-742
-765
-745
-724
-678
-683
-725
-683
-556
-455
-436
-376
-267
-178
-131
-31
103
173
214
321
493
571
604
656
737
792
835
871
852
841
848
865
832
787
754
707
640
575
537
490
436
362
297
225
169
137
100
64
-12
-71
-85
-72
-87
-129
-129
-117
-90
-78
-57
-31
1
36
61
93
88
105
122
159
203
235
238
208
236
289
273
218
194
226
232
206
171
109
32
17
59
62
-7
-93
-137
-152
-125
-113
-158
-273
-348
-335
-293
-291
-337
-389
-438
-458
-408
-355
-368
-410
-434
-395
-352
-291
-251
-252
-263
-253
-186
-121
-99
-115
-139
-136
-98
-57
-54
-87
-130
-139
-140
-131
-127
-170
-257
-313
-284
-263
-277
-327
-369
-430
-442
-407
-396
-417
-484
-505
-485
-400
-363
-371
-371
-348
-280
-216
-122
-71
-45
-1
61
160
242
315
363
389
442
491
559
633
683
687
679
725
771
793
789
782
754
704
690
692
654
572
496
449
410
376
332
252
184
125
90
55
37
6
-88
-150
-163
-137
-147
-189
-214
-232
-215
-188
-161
-147
-125
-94
-68
-54
1
50
72
67
65
141
193
190
168
192
220
223
246
250
206
149
138
165
166
133
75
38
-11
-54
-51
-50
-109
-186
-218
-236
-237
-253
-300
-357
-389
-395
-404
-411
-412
-435
-421
-418
-402
-351
-344
-323
-319
-271
-219
-194
-164
-179
-150
-108
-79
-55
-34
5
16
18
36
49
37
-11
-50
-59
-56
-77
-135
-194
-201
-185
-184
-210
-254
-290
-306
-257
-205
-202
-233
-235
-205
-153
-103
-77
-42
-28
-10
46
139
224
251
253
295
391
487
540
551
568
560
594
656
686
693
638
608
588
594
620
566
483
386
326
297
271
225
134
44
-27
-70
-105
-138
-179
-221
-264
-283
-277
-261
-247
-243
-228
-191
-145
-106
-76
-51
-28
4
47
108
153
187
195
209
219
216
225
193
172
121
79
50
23
3
-39
-92
-182
-237
-264
-270
-283
-323
-347
-376
-384
-359
-342
-349
-370
-373
-344
-317
-287
-243
-212
-207
-206
-162
-106
-81
-76
-77
-73
-45
-9
0
-20
-47
-45
-12
5
23
18
-8
-29
-10
13
7
-21
-43
-43
-47
-37
-32
-27
-53
-66
-74
-72
-69
-92
-95
-90
-72
-80
-86
-88
-97
-92
-74
-53
-54
-54
-38
-3
20
44
60
76
101
120
145
151
163
193
211
222
241
252
265
277
281
268
257
259
257
247
246
246
232
201
182
194
200
172
133
101
70
64
58
38
9
-33
-50
-49
-35
-25
-22
-44
-79
-76
-57
-42
-44
-41
-34
-44
-31
-5
24
5
-10
7
20
22
25
35
30
17
-3
-3
2
-11
-24
-43
-62
-62
-62
-66
-88
-113
-118
-122
-125
-132
-146
-173
-198
-193
-192
-196
-215
-212
-203
-202
-203
-199
-195
-206
-195
-186
-175
-187
-196
-201
-189
-175
-180
-176
-166
-155
-137
-116
-96
-94
-102
-76
-46
-11
19
32
46
45
71
115
132
131
119
124
110
101
114
115
126
113
112
119
138
152
162
185
176
170
168
187
208
233
245
235
221
218
250
260
264
242
235
221
227
260
285
298
269
256
257
266
283
276
252
225
188
171
167
160
127
80
47
23
15
-10
-37
-48
-70
-100
-134
-154
-157
-169
-181
-190
-199
-209
-228
-233
-230
-222
-225
-244
-242
-236
-216
-200
-192
-177
-172
-163
-153
-121
-107
-110
-110
-103
-73
-61
-52
-50
-43
-36
-51
-46
-62
-70
-77
-80
-67
-64
-63
-78
-75
-69
-64
-67
-75
-78
-85
-91
-97
-95
-81
-90
-103
-92
-74
-69
-69
-57
-44
-50
-63
-50
-22
-7
-9
10
21
49
71
85
109
114
115
122
140
141
140
126
116
121
139
133
118
104
98
120
115
124
120
110
98
93
111
103
86
66
58
60
63
68
63
56
44
59
75
83
103
106
105
95
105
125
126
125
123
116
129
128
125
120
104
92
81
76
58
36
17
7
-7
-35
-50
-53
-64
-76
-96
-117
-143
-167
-182
-189
-195
-197
-202
-203
-202
-202
-196
-197
-197
-190
-188
-185
-186
-188
-179
-169
-157
-146
-144
-152
-140
-130
-110
-110
-118
-122
-123
-107
-90
-88
-97
-97
-97
-86
-78
-68
-65
-68
-66
-62
-51
-51
-42
-30
-26
-25
-9
-6
-8
-16
-17
-14
-22
-28
-22
-15
-13
-4
8
23
29
19
22
37
49
61
69
72
75
75
73
98
117
116
105
101
118
137
159
178
185
187
177
189
206
210
206
189
179
168
163
152
154
148
126
107
103
113
99
90
73
68
54
38
35
33
38
39
32
22
16
17
17
13
16
13
9
1
1
16
23
24
26
36
33
25
28
34
32
24
5
1
10
12
12
0
-10
-26
-33
-31
-22
-40
-53
-62
-74
-82
-98
-109
-121
-126
-135
-127
-122
-126
-136
-151
-162
-152
-133
-132
-125
-129
-136
-133
-123
-114
-106
-117
-123
-109
-87
-68
-48
-39
-35
-15
-6
17
35
44
49
51
58
66
67
73
80
77
78
85
73
72
67
64
74
69
70
71
66
66
68
60
56
44
39
34
43
53
53
62
61
60
71
92
103
117
122
121
125
129
136
141
137
125
114
109
107
114
115
98
88
82
68
60
50
34
23
19
4
-4
-19
-40
-59
-73
-81
-91
-98
-120
-125
-123
-122
-110
-99
-93
-85
-79
-73
-68
-53
-37
-22
-7
-3
8
18
29
46
55
49
48
49
55
61
67
62
47
28
25
32
13
-11
-40
-60
-76
-86
-92
-103
-112
-124
-131
-139
-145
-148
-151
-153
-151
-152
-161
-160
-160
-152
-137
-124
-110
-99
-93
-73
-47
-22
-17
-16
-5
9
39
57
71
78
85
86
93
100
111
119
127
131
134
139
135
137
135
141
138
143
133
128
120
104
98
86
69
53
46
46
44
37
33
32
29
24
33
39
36
34
32
39
45
37
23
17
17
12
5
0
-3
-11
-15
-14
-12
-20
-40
-61
-73
-70
-83
-102
-115
-128
-142
-157
-167
-168
-170
-184
-182
-175
-170
-159
-146
-133
-122
-112
-96
-75
-62
-57
-48
-21
11
21
27
45
73
93
102
105
108
109
109
111
115
119
112
90
66
58
38
18
0
-20
-38
-46
-51
-50
-55
-76
-84
-89
-84
-93
-97
-98
-102
-106
-111
-102
-93
-93
-101
-94
-85
-79
-75
-66
-53
-37
-23
-8
1
15
26
26
34
46
56
61
77
90
94
101
110
123
130
127
124
127
136
141
137
131
122
113
106
108
101
91
78
65
63
54
44
39
37
33
25
18
14
6
-5
-20
-26
-29
-39
-44
-57
-56
-54
-54
-62
-63
-62
-54
-43
-45
-45
-47
-47
-51
-48
-50
-54
-59
-60
-67
-66
-64
-67
-66
-71
-68
-70
-69
-60
-54
-45
-30
-20
-13
-6
1
6
4
9
21
35
48
64
76
90
105
105
108
113
124
125
124
127
129
120
108
101
99
101
92
88
76
65
58
54
36
22
20
6
-6
-18
-38
-53
-69
-84
-100
-115
-121
-125
-129
-134
-134
-131
-137
-140
-131
-120
-107
-93
-92
-89
-82
-78
-73
-61
-50
-40
-26
-9
6
22
38
45
54
70
88
100
107
112
113
123
127
121
121
118
121
116
103
96
89
76
68
63
57
60
58
42
25
13
-1
-16
-26
-35
-43
-53
-57
-60
-56
-58
-61
-57
-68
-72
-67
-64
-64
-66
-64
-62
-63
-65
-67
-62
-60
-65
-71
-63
-59
-56
-56
-55
-49
-41
-39
-43
-39
-40
-38
-29
-27
-21
-27
-31
-23
-17
-12
-6
2
7
16
15
24
36
35
41
44
47
49
48
49
53
58
56
54
64
65
62
55
49
39
32
25
25
30
30
28
14
-6
-18
-24
-35
-46
-58
-62
-61
-61
-63
-68
-80
-82
-81
-85
-88
-91
-89
-84
-77
-72
-68
-65
-63
-51
-31
-13
-6
0
11
28
47
59
67
82
89
95
102
103
108
109
115
118
123
126
124
117
117
106
94
92
89
80
68
61
46
36
28
15
-3
-15
-25
-35
-38
-42
-47
-56
-59
-62
-68
-73
-81
-76
-79
-78
-71
-68
-63
-61
-60
-55
-51
-47
-49
-53
-56
-48
-39
-33
-25
-26
-24
-22
-16
-13
-15
-17
-21
-22
-20
-15
-14
-17
-14
-14
-8
-1
2
11
17
23
25
24
21
23
28
30
35
37
38
38
40
45
38
41
41
37
37
39
41
37
25
17
15
10
5
-4
-7
-11
-16
-14
-19
-32
-36
-38
-43
-44
-40
-48
-54
-58
-58
-55
-63
-68
-66
-63
-59
-50
-49
-43
-41
-29
-17
-9
3
15
29
41
45
48
57
68
77
90
106
117
133
145
151
154
162
166
174
177
172
170
163
156
155
152
138
116
103
95
80
64
54
46
31
20
8
-6
-24
-37
-49
-64
-72
-80
-83
-84
-91
-97
-99
-103
-103
-103
-105
-102
-104
-107
-105
-110
-113
-109
-105
-98
-95
-92
-88
-90
-87
-80
-77
-81
-75
-60
-52
-47
-45
-39
-32
-32
-27
-26
-21
-19
-19
-19
-18
-19
-19
-16
-8
0
6
6
6
8
10
10
10
11
7
7
1
-3
-4
-6
-5
-3
4
6
7
11
7
2
-4
-6
-2
-5
-8
-7
-6
-14
-19
-20
-19
-22
-22
-23
-21
-22
-21
-23
-27
-24
-19
-10
-3
2
8
17
27
31
34
38
43
55
66
79
82
83
89
93
97
100
108
117
122
122
118
115
113
110
114
115
111
113
114
107
99
89
76
70
69
62
56
55
43
35
18
7
-4
-16
-25
-38
-41
-43
-52
-58
-65
-73
-81
-86
-84
-84
-88
-95
-95
-96
-97
-100
-96
-98
-92
-83
-79
-75
-71
-70
-65
-60
-55
-44
-40
-28
-21
-16
-14
-17
-19
-20
-19
-17
-14
-10
-7
-9
-13
-14
-7
-3
4
7
9
4
0
-2
-7
-7
-9
-7
-6
-4
-1
1
2
6
12
12
16
15
16
18
17
20
17
13
10
7
6
4
-4
-5
-4
-9
-16
-19
-17
-19
-19
-17
-16
-14
-14
-15
-15
-19
-18
-11
-6
-4
-6
-4
0
5
8
12
17
26
33
43
51
52
52
58
60
65
73
75
77
80
82
76
77
77
77
76
72
69
64
59
49
41
30
19
12
6
1
-6
-12
-18
-20
-26
-29
-30
-29
-29
-31
-34
-40
-45
-47
-53
-57
-57
-51
-50
-51
-50
-49
-43
-38
-32
-24
-22
-17
-12
-7
-4
3
7
14
21
24
29
28
29
31
32
34
36
38
36
34
31
22
18
17
15
12
9
5
-4
-6
-7
-8
-14
-18
-19
-22
-25
-32
-34
-35
-35
-31
-30
-37
-46
-45
-44
-45
-40
-39
-40
-42
-41
-40
-36
-32
-31
-26
-23
-23
-26
-23
-24
-21
-18
-17
-12
-10
-6
-7
-6
-6
0
8
6
10
12
13
13
15
20
20
22
25
30
32
33
31
29
27
23
21
19
18
20
17
17
14
12
12
9
6
1
-4
-10
-13
-19
-28
-35
-36
-38
-41
-46
-49
-51
-52
-52
-57
-61
-64
-67
-67
-67
-65
-61
-56
-46
-37
-30
-24
-19
-13
-10
-5
4
10
16
22
26
32
41
44
47
52
56
60
65
70
75
81
86
90
93
97
99
96
97
98
98
97
93
90
87
82
78
72
67
65
62
56
49
41
35
25
19
11
6
-1
-5
-9
-16
-23
-28
-31
-29
-30
-31
-35
-39
-45
-47
-47
-50
-52
-50
-47
-46
-47
-50
-52
-51
-49
-43
-40
-38
-35
-34
-30
-24
-18
-12
-7
-2
3
9
10
8
6
7
8
8
10
10
8
11
10
6
6
4
1
1
1
-2
-7
-9
-11
-15
-21
-27
-32
-37
-42
-47
-47
-51
-56
-60
-61
-61
-65
-69
-67
-64
-66
-70
-72
-74
-75
-71
-67
-66
-58
-56
-53
-48
-45
-42
-39
-29
-25
-18
-13
-8
0
4
8
11
18
19
23
28
31
33
34
35
37
41
45
45
51
51
49
48
48
47
44
43
42
41
42
42
41
41
43
43
45
44
41
39
36
35
35
35
32
29
27
26
24
21
23
22
24
23
19
17
16
11
9
10
10
10
9
4
0
-4
-6
-5
-5
-4
-6
-6
-7
-7
-8
-8
-4
-1
1
3
4
9
10
12
14
18
23
25
28
27
28
27
28
29
28
30
28
26
25
23
21
19
17
16
16
13
11
9
7
5
0
-4
-10
-14
-19
-25
-28
-34
-38
-42
-44
-46
-47
-47
-49
-50
-53
-54
-55
-53
-56
-54
-56
-57
-56
-54
-52
-53
-55
-52
-51
-46
-43
-41
-38
-34
-30
-29
-29
-27
-24
-20
-17
-14
-11
-10
-7
-4
-5
-5
-4
-3
3
7
9
9
11
13
15
17
19
21
23
23
23
22
22
23
25
27
27
28
28
28
27
27
29
30
30
30
29
26
25
24
24
23
24
25
24
23
26
25
26
24
26
29
31
34
34
35
34
38
37
37
37
37
38
39
37
37
37
34
36
38
38
37
36
35
35
34
33
32
28
25
22
19
16
13
9
8
6
3
-2
-4
-5
-8
-10
-13
-15
-17
-22
-23
-28
-31
-33
-33
-33
-35
-36
-37
-40
-40
-42
-41
-43
-43
-43
-45
-47
-49
-49
-50
-49
-50
-49
-49
-50
-51
-53
-52
-51
-48
-47
-47
-46
-45
-45
-43
-42
-39
-38
-36
-34
-32
-30
-28
-27
-23
-20
-17
-14
-10
-7
-5
-1
2
3
6
9
11
12
14
15
15
16
15
15
16
16
16
16
16
15
15
15
15
14
14
13
12
12
12
11
11
10
11
11
12
12
15
16
16
18
19
22
23
26
28
31
34
37
40
42
45
48
50
54
57
