-13
-1
12
-9
8
4
-11
5
17
-14
1
20
12
-5
16
57
17
16
33
21
2
5
10
27
19
-15
34
29
-3
0
5
29
-17
-16
15
3
-20
-20
41
1
-25
-2
-4
20
-26
-9
38
-26
2
-5
18
29
-32
40
39
4
-30
61
30
-57
22
35
-15
-68
21
44
-44
-5
33
15
-29
-48
50
-37
-35
18
-1
6
-61
44
8
-52
34
-45
8
-38
-71
27
-80
21
-39
-32
37
-82
8
-35
-12
-29
-41
30
-19
-29
27
30
-53
29
31
-1
-16
-50
80
-59
-45
83
-18
-17
-2
41
-9
-54
32
8
-71
-46
70
-9
-76
64
34
-83
1
38
19
-26
36
58
-58
66
28
43
41
-7
96
17
-10
26
70
-3
-44
105
58
-49
17
92
-17
-67
69
32
-112
-8
30
-23
-131
25
11
-79
-33
-16
39
-106
-3
84
-65
-73
88
-19
-88
72
51
-64
14
24
54
-80
9
104
-119
23
33
-34
-3
-42
106
-65
-57
67
-42
-43
-61
58
-27
-127
114
-25
-109
63
-12
-53
-88
28
-10
-186
34
4
-163
24
0
-27
-86
24
-37
-80
-5
4
3
-70
63
-6
33
75
-42
137
4
-41
89
40
-31
-33
146
-89
-39
159
-76
-13
43
26
-77
-28
85
-109
1
34
-58
-51
38
-17
-19
26
-32
4
8
-26
16
-45
7
18
-9
52
-46
46
-46
-12
40
58
-81
144
-68
-64
151
-160
6
62
-61
-55
98
-46
-59
85
27
-133
58
94
-81
-80
235
-67
-188
237
-130
-8
-43
54
72
-132
52
155
-187
73
82
-148
147
-142
103
63
-50
137
22
-4
112
-7
7
93
17
-12
45
101
-84
56
123
23
-36
96
87
-143
28
-5
-65
-94
-18
38
-57
-73
23
-27
-203
11
3
-128
-68
101
-189
-38
-34
-121
28
-195
116
-29
-138
178
-116
10
27
-12
33
5
44
-33
244
-126
123
144
-32
89
5
129
17
-26
109
-19
-13
32
16
-45
40
-86
-12
77
-165
122
-80
-195
115
-151
-76
93
-34
14
-41
118
-106
30
69
88
0
38
266
-225
205
54
-4
113
20
99
17
101
-89
78
-67
1
-67
34
-35
-64
-51
48
-112
-131
191
-278
117
-140
47
-68
-180
154
-152
-31
9
-3
-44
-50
58
49
-84
120
63
-39
-16
101
23
43
70
54
90
-65
223
-23
102
81
64
97
-42
-18
129
-138
2
102
-116
188
-266
184
-138
-39
-65
-147
164
-353
135
-24
-157
120
-151
97
-71
42
35
-27
17
36
22
33
10
92
42
-72
134
44
48
-72
153
11
-143
111
-94
97
-269
60
96
-372
221
-237
77
-113
-154
180
-240
-14
30
-178
8
-89
17
-16
-87
123
-70
-91
103
-7
-87
135
-73
14
-96
-7
37
-179
150
-79
-118
70
8
-17
-43
163
-64
-81
238
-135
-41
134
24
-82
-80
242
-201
-263
378
-264
-153
189
-77
-82
34
55
-80
90
29
81
-120
205
17
-259
409
-226
-8
175
-141
87
-13
-2
71
-16
70
28
72
-30
63
39
-73
141
-292
226
-137
-189
290
-266
9
140
-209
203
-57
3
256
-130
232
-22
31
134
-14
6
123
21
-62
215
-198
242
-34
-1
32
180
-43
-40
186
6
-38
-77
167
-100
12
-185
333
-193
-103
256
-85
102
-35
175
91
-60
88
179
-180
133
-45
-25
98
-188
197
-234
303
-248
46
220
-213
52
134
-30
-9
5
163
72
-165
371
-238
189
-94
-21
159
-119
38
184
-95
73
-76
46
-86
-72
-12
-45
208
-410
287
-114
-117
-99
123
-13
-65
-2
213
-161
122
51
-73
287
-244
313
-41
150
97
-102
326
77
-233
371
-13
31
-184
320
-144
-107
175
-124
186
-251
119
58
-173
-19
-43
-12
-26
-227
199
-72
-220
61
-163
83
-185
-57
74
-18
-116
-178
262
-262
-87
-99
192
-357
-58
143
-160
-69
77
-5
-164
198
-309
40
87
-274
83
-118
212
-264
-16
220
-287
11
-110
157
-277
-68
172
-303
-29
-93
68
-184
-93
250
-258
-25
120
-117
6
-117
195
10
-349
573
-287
-5
253
-59
159
-76
320
-66
118
123
-36
216
-123
154
3
37
78
-53
192
-53
43
-40
76
-78
-75
134
-109
63
-41
-36
101
-154
-96
152
-188
-91
31
29
-21
-356
454
-214
-306
224
-102
-144
-180
163
-42
-268
77
-4
39
-330
198
-1
-372
349
-273
195
-83
-98
157
-106
-94
153
-164
118
-41
-11
139
-92
183
-155
202
-56
-45
185
-50
43
-79
187
-18
-212
377
-129
56
46
144
-53
-84
246
-83
144
-194
466
-367
180
80
-68
80
-303
458
-412
184
49
-54
219
-307
353
-61
-231
371
-189
-7
102
-118
76
-156
144
-137
89
-128
-46
229
-491
338
-204
-142
155
-344
346
-492
50
186
-539
232
-105
-95
-67
-15
-103
-99
-52
43
-92
-160
277
-248
14
53
94
-174
113
243
-257
279
-214
160
48
-255
390
-126
-63
146
58
-79
30
114
77
51
-93
319
-36
-151
412
-174
151
85
49
70
135
-31
240
32
-69
408
-358
353
-30
57
148
-34
243
53
-52
348
38
47
235
22
251
-226
457
-164
166
-53
268
11
-242
618
-466
207
-36
79
-300
112
-96
-327
-8
-93
-291
-130
-76
-125
-340
-110
18
-531
114
-258
-124
22
-312
88
-283
63
-166
-33
207
-421
345
-205
-140
108
-61
-215
48
61
-126
-170
200
-99
-212
134
108
-277
217
-37
42
-34
-64
274
-351
178
-50
55
-217
68
201
-399
201
136
-258
29
53
-178
52
-52
127
-168
14
264
-432
386
123
-175
349
193
-75
335
165
-25
210
136
-21
255
-98
348
-200
250
-137
121
-57
-174
218
-546
498
-570
170
-79
-320
171
-419
281
-330
183
-96
-1
-51
131
105
-316
561
-323
235
6
-49
414
-435
318
255
-260
201
150
-9
-113
197
-107
38
-255
140
2
-337
202
29
-129
-106
250
19
-207
112
367
-520
382
18
-134
207
-325
586
-530
374
36
-168
350
-414
467
-294
-53
276
-178
139
66
14
33
114
-189
364
47
-166
338
54
-22
0
413
-266
280
-101
414
-273
-20
418
-358
76
-61
446
-765
568
-196
-295
357
-476
294
-246
-78
57
-330
253
-124
-298
555
-518
183
-90
-148
20
-278
196
-255
-107
-39
-244
57
-61
-82
81
-130
-61
-133
80
-23
-291
271
-2
-448
376
-62
-212
132
167
-323
265
-45
-239
317
-333
235
-226
53
181
-225
-5
78
-232
46
-135
-40
220
-354
154
-101
175
-545
299
216
-312
27
296
92
-601
776
-211
-96
465
-389
699
-450
260
285
-460
672
-586
357
211
-353
468
-4
-28
105
-164
476
-261
-217
670
-342
-215
286
10
-14
-462
553
-98
-440
397
-175
121
-490
393
-56
-256
109
180
-120
-226
629
-604
560
-206
128
326
-387
763
-480
358
139
-107
204
-67
202
-170
-6
25
-249
77
-249
138
-334
221
-131
-353
396
-571
291
-99
-234
273
-372
190
-270
85
147
-342
371
-262
189
-190
192
-89
-168
663
-746
402
95
-188
-15
-257
579
-710
262
95
-70
-12
-111
298
-484
391
-231
-18
381
-597
648
-445
169
15
-29
159
-240
290
-89
-68
-10
162
-240
212
-171
-4
190
-190
-101
183
-107
-178
130
3
87
-63
181
-87
31
171
-507
514
-181
-172
-22
104
-149
-467
376
-139
-372
116
375
-823
364
108
-311
263
-349
834
-750
369
412
-502
464
-99
255
71
58
372
72
-315
692
-194
-166
460
-83
-36
-248
157
-65
-292
-6
40
-227
-104
-73
-169
-141
-160
-69
-5
-102
12
63
-285
224
-84
56
-126
313
-126
-145
471
-410
261
29
169
-22
-85
564
-510
142
283
-354
201
-170
328
-420
-15
240
-514
299
-243
182
-107
-298
405
-469
-45
161
-349
417
-525
329
-132
-488
285
-142
-87
-77
193
-158
11
61
-234
221
-88
-156
495
-246
151
130
6
-97
289
98
-23
213
184
-134
85
43
115
-423
314
56
-599
539
-262
-244
114
-108
-258
126
-115
7
-104
237
-181
-367
464
-330
38
64
326
-413
-29
486
-493
237
39
409
-272
-108
685
-277
-265
421
134
-484
160
364
-446
90
97
-363
-1
-40
-34
-139
-55
262
-599
161
175
-303
86
-6
157
-181
88
12
67
169
-161
78
50
104
-274
298
337
-343
118
-91
474
-501
214
509
-274
45
56
303
-120
-192
419
133
-391
377
-121
2
-76
-60
47
-103
151
-85
66
-159
281
-343
425
-3
-36
270
-437
597
-470
265
228
-258
236
-81
55
-72
43
118
-141
170
-237
-8
127
-191
241
35
-316
171
-279
-241
309
-314
-24
44
-311
-18
-155
-356
527
-704
98
160
-502
247
-620
278
99
-594
457
76
-316
195
-151
163
-79
-116
430
-309
43
231
-184
18
69
289
-263
234
241
-214
-52
139
113
-64
135
175
-16
-58
106
182
-96
77
130
-11
1
9
89
52
85
-52
358
-107
109
248
-49
125
185
22
134
41
-47
158
-59
206
-118
203
41
-378
224
69
-25
-80
353
-21
-396
404
-274
120
271
-34
202
-106
-23
14
-194
195
266
-216
269
-109
-90
46
-184
273
203
-232
208
17
-133
-116
-80
307
-319
-29
205
-201
-222
-65
-104
-286
-12
-107
-148
2
-127
-69
-211
-20
-228
-92
14
77
-58
-108
-92
-247
-143
69
-4
41
-42
-199
-39
-246
44
-213
93
56
-141
-116
-57
-69
-262
95
92
27
-13
-25
-27
-39
-30
153
210
89
142
-37
32
33
-71
230
176
225
131
64
98
111
69
422
376
195
346
190
163
273
314
393
428
320
313
218
218
62
274
294
247
169
222
113
-41
82
142
97
113
144
-98
-4
-160
-180
-63
-17
-143
-98
-226
-168
-391
-223
-67
-264
-170
-404
-299
-440
-566
-479
-396
-503
-540
-735
-549
-852
-785
-770
-628
-726
-1100
-887
-1073
-1285
-1285
-1166
-1200
-969
-495
-247
-452
-458
-636
-359
325
895
1331
1045
829
423
610
1141
1502
2003
1795
1619
1137
986
1045
1036
1230
1124
914
469
55
-223
-463
-298
-225
-255
-518
-915
-1215
-1379
-906
-653
-438
-261
-262
-227
-178
324
661
858
1187
1446
1532
1477
1580
1711
1822
1903
1977
1934
1655
1220
1128
1013
806
617
284
-26
-462
-848
-985
-1080
-1228
-1428
-1467
-1596
-1713
-1769
-1585
-1449
-1293
-1222
-1115
-1162
-1135
-831
-579
-397
-456
-483
-519
-578
-606
-531
-621
-883
-1146
-1428
-1720
-2070
-2446
-2214
-569
117
-562
-2073
-2111
-1648
-1213
1183
2735
1712
-890
-1229
398
1113
2431
3806
3631
1472
289
1396
2164
2551
2661
2619
1738
167
-282
-179
323
184
-142
-235
-1286
-2485
-2932
-2031
-1190
-1188
-1165
-1515
-2018
-2110
-1299
-64
283
270
335
343
607
1042
1722
2176
2355
2314
2360
2367
2105
2261
2333
2528
2261
1891
1576
976
880
586
560
407
-66
-489
-907
-919
-938
-887
-791
-832
-1055
-1077
-1028
-801
-443
-216
-107
-218
-319
-343
-103
170
506
500
240
3
-145
-115
53
124
53
-359
-744
-954
-1085
-1037
-1063
-1399
-1692
-2319
-2422
-2699
-2754
-2864
-3238
-3354
-3332
-990
-8
-684
-2674
-2256
-479
210
2906
4108
2889
-739
-1062
2465
3859
4675
4709
3979
1472
-149
2254
3710
3874
2419
949
-92
-1440
-1010
-302
399
-594
-2511
-3308
-3632
-3450
-3069
-1920
-1602
-2576
-3392
-3340
-2216
-951
215
704
-7
-337
-290
878
2347
3197
3426
2706
2345
2324
2910
3480
3629
3477
2895
2340
1729
1345
1369
1305
1152
627
82
-697
-1298
-1078
-778
-441
-862
-1406
-1788
-1741
-1024
-433
-24
-279
-650
-691
-359
238
685
993
837
406
205
220
506
700
723
390
-165
-549
-807
-678
-594
-687
-1064
-1585
-2149
-2428
-2206
-2067
-2071
-2575
-3150
-3588
-3975
-3485
-3244
-1411
463
-67
-2428
-4020
-1047
841
2754
4626
3741
449
-2828
854
4744
5658
5031
3501
2088
-644
987
3998
4856
3230
241
-712
-1551
-621
521
795
-184
-2849
-4130
-3940
-2451
-1702
-1792
-2159
-3457
-4184
-3628
-1976
-225
323
-18
-1319
-1680
-613
1131
2819
3217
2908
1759
1216
1988
3547
4607
4263
3172
2228
1761
1875
2385
2976
2601
1127
7
-158
155
314
422
7
-852
-1681
-1682
-981
-575
-309
-571
-920
-1265
-1025
-210
347
467
-4
-221
-179
131
563
867
823
280
-74
-184
77
304
174
-68
-516
-907
-1127
-1051
-936
-986
-1435
-1864
-2145
-2427
-2450
-2565
-2490
-2843
-3288
-3156
-3048
-993
296
-259
-2681
-3174
-34
1135
2787
3396
2153
-923
-2144
2380
4813
4734
3276
2031
1125
-186
2267
4001
3723
1342
-906
-831
-793
498
420
-426
-1975
-3690
-3427
-2615
-1490
-1888
-2919
-3550
-3849
-2966
-1840
-795
-518
-1065
-1443
-1689
-430
1332
2271
2339
1692
1562
1732
2575
3663
4285
3969
2790
2078
2139
2657
3082
2942
2517
1457
539
299
690
1128
871
117
-1079
-1392
-1176
-639
-280
-525
-904
-1536
-1381
-647
-2
162
-321
-706
-637
-120
418
762
546
178
-108
5
575
773
642
146
-181
-296
-226
-105
-210
-522
-1014
-1280
-1378
-1550
-1568
-1896
-2210
-2725
-2797
-2903
-3240
-3066
-2768
-1047
-541
-1499
-3450
-3014
-167
906
2060
1862
657
-1724
-1584
2505
4262
3760
2032
1327
983
770
2890
3875
3266
1108
-249
118
625
1488
908
-299
-1627
-2360
-1874
-1108
-747
-1716
-2979
-3449
-2926
-1562
-894
-1077
-1578
-1971
-1706
-1207
219
1282
1053
390
98
1051
1974
2572
2803
2664
2341
1818
1946
2642
3111
2715
2185
1933
1775
1251
1114
1620
1509
1068
210
-246
-385
-228
170
98
-299
-1008
-1191
-885
-307
-79
-378
-727
-1076
-828
-332
123
145
-359
-609
-531
-101
270
205
-108
-503
-523
-155
72
192
-90
-555
-784
-679
-433
-623
-855
-1252
-1401
-1448
-1400
-1628
-2157
-2547
-2664
-2350
-1334
-142
-497
-2432
-3473
-1538
146
1113
1363
665
-1100
-2417
114
2692
3168
1997
885
722
360
1677
3123
3206
1950
417
452
844
1649
1520
517
-421
-1025
-652
-407
-416
-958
-1832
-2127
-1848
-1278
-1103
-1475
-1669
-1702
-1331
-974
-576
-148
-203
-191
-66
592
1199
1280
1391
1471
1648
1617
1759
2157
2340
2233
1677
1960
2346
2283
1741
1297
1755
1454
1303
1183
971
719
91
310
339
221
-48
-351
-365
-535
-515
-577
-650
-816
-928
-909
-925
-848
-840
-878
-897
-848
-751
-544
-343
-287
-331
-164
4
117
172
119
184
90
115
45
31
29
-221
-361
-693
-764
-888
-1102
-1253
-1511
-1723
-2066
-2083
-1740
-1289
-1362
-2148
-2657
-2198
-1411
-874
-555
-691
-1359
-1963
-1176
306
1108
969
484
357
436
1068
1910
2313
1965
1181
876
1072
1558
1834
1392
817
479
519
512
302
154
-125
-566
-710
-425
-141
-374
-897
-1032
-858
-615
-496
-288
-254
-480
-607
-302
328
600
546
382
430
610
778
1126
1384
1365
915
674
1023
1497
1689
1536
1121
1075
897
1032
1348
1353
1239
474
350
425
489
436
-24
-44
-261
-250
-35
168
278
-317
-874
-1127
-645
-185
-169
-353
-723
-941
-1049
-507
146
302
26
-178
28
203
245
196
70
-23
-39
14
176
149
-93
-411
-324
-90
-228
-630
-997
-1106
-1177
-975
-748
-938
-1441
-1745
-1579
-1448
-1295
-1241
-1298
-1334
-1365
-1103
-828
-492
-422
-393
-341
-383
-445
-344
213
543
532
401
455
529
554
718
848
900
741
516
534
719
774
555
329
267
238
193
183
137
-94
-407
-439
-190
-74
-152
-354
-375
-235
-121
-32
87
205
93
-14
125
440
664
665
641
662
641
623
690
921
991
843
621
620
800
835
823
850
792
605
331
411
797
839
700
316
294
362
467
661
505
456
210
245
368
410
399
159
84
66
229
186
-20
-254
-413
-407
-375
-186
-336
-614
-672
-541
-449
-422
-415
-475
-526
-545
-417
-437
-486
-688
-790
-580
-463
-399
-418
-382
-336
-382
-274
-143
-185
-383
-570
-601
-653
-702
-656
-679
-764
-906
-944
-829
-718
-800
-922
-905
-832
-757
-715
-609
-556
-622
-606
-457
-224
-165
-215
-142
-14
178
323
517
627
613
537
605
758
851
802
751
728
562
422
382
414
375
238
155
11
-107
-151
-111
-5
3
-113
-224
-87
138
246
263
215
213
167
319
615
818
841
754
679
677
835
1008
1110
1104
955
721
680
773
810
697
508
374
189
89
73
132
27
-246
-359
-305
-234
-304
-367
-347
-325
-364
-306
-193
-123
-142
-82
-2
22
-1
-16
44
153
283
242
177
168
151
126
161
181
61
-167
-300
-386
-468
-483
-544
-717
-856
-831
-798
-919
-962
-901
-895
-953
-872
-670
-587
-639
-702
-595
-429
-264
-147
-76
-34
-13
16
143
314
401
386
370
383
340
319
384
435
318
98
-8
37
-17
-116
-189
-238
-314
-458
-457
-418
-449
-514
-567
-481
-388
-300
-262
-159
-93
-109
-76
81
275
261
191
183
327
403
487
598
635
574
447
505
724
871
832
719
653
610
552
607
639
630
515
396
426
430
439
399
420
347
224
260
338
347
249
255
281
186
85
90
153
146
41
-35
-71
-54
-55
-94
-131
-128
-178
-321
-341
-280
-297
-423
-528
-514
-540
-623
-643
-611
-551
-631
-644
-582
-533
-557
-605
-486
-398
-313
-361
-295
-187
-184
-157
-68
95
127
54
65
164
305
340
329
348
261
243
312
461
468
319
208
162
179
168
188
180
131
2
-95
-109
-44
-29
-102
-127
-107
-138
-215
-157
-57
-35
-129
-142
-126
-163
-167
-121
-29
-13
-91
-163
-132
-47
36
51
81
79
15
-40
61
223
227
164
49
1
27
106
208
203
151
77
61
154
247
284
274
268
270
232
271
354
342
293
268
307
300
243
250
308
312
188
90
23
-3
-47
-49
-56
-170
-298
-448
-449
-439
-448
-517
-639
-672
-669
-584
-526
-528
-545
-573
-544
-464
-397
-379
-399
-357
-277
-244
-228
-164
-110
-115
-135
-91
4
0
-16
-17
-53
-96
-162
-83
17
28
-64
-130
-128
-142
-118
-97
-37
-52
-100
-107
-20
99
116
80
80
123
190
267
331
316
202
130
150
276
380
360
211
113
126
140
154
180
157
68
-23
-36
14
44
39
25
-8
-1
14
31
110
170
178
157
169
264
308
331
383
426
451
422
448
517
580
588
554
536
512
489
497
539
523
439
334
276
276
267
239
183
48
-100
-171
-115
-83
-181
-255
-307
-363
-409
-395
-342
-374
-452
-499
-466
-390
-321
-293
-289
-319
-332
-286
-219
-113
-86
-137
-171
-159
-98
-34
23
49
13
-61
-142
-141
-98
-66
-86
-143
-232
-292
-322
-312
-271
-303
-336
-382
-402
-393
-379
-323
-256
-272
-331
-360
-211
-82
-32
-12
-22
5
48
185
323
372
255
145
165
278
346
341
299
196
84
51
132
172
103
-49
-123
-142
-132
-160
-136
-150
-257
-326
-309
-191
-161
-190
-217
-172
-64
21
113
190
236
242
257
346
453
510
508
519
556
582
583
605
596
558
511
466
402
323
265
213
179
108
38
-20
-59
-149
-209
-215
-203
-211
-280
-300
-301
-291
-243
-219
-237
-296
-277
-210
-155
-93
-82
-65
-70
-68
-31
9
62
84
56
28
24
6
-8
-3
4
-4
-33
-78
-111
-96
-77
-76
-94
-136
-129
-118
-99
-100
-109
-132
-117
-60
-20
8
-26
-72
-68
22
73
30
-23
-26
-6
6
9
18
-13
-67
-67
-28
-3
-44
-96
-115
-114
-107
-128
-134
-146
-141
-136
-130
-124
-150
-101
-68
-35
-33
-49
-49
-9
53
101
96
63
68
86
139
156
161
119
65
46
96
163
172
150
114
88
77
89
121
119
88
45
40
64
85
111
93
64
29
46
58
90
102
60
39
55
52
36
31
27
23
-10
-50
-65
-77
-77
-83
-73
-37
-77
-130
-157
-132
-91
-88
-97
-91
-72
-71
-65
-13
43
7
-33
-25
15
55
83
116
122
90
90
108
159
191
184
164
155
163
166
146
125
133
133
145
124
79
47
52
89
89
55
-33
-93
-91
-77
-86
-133
-136
-162
-224
-259
-241
-215
-263
-313
-295
-255
-275
-306
-278
-217
-184
-180
-158
-130
-114
-84
-38
16
63
67
47
61
152
244
261
260
277
315
330
347
363
350
310
261
250
250
269
238
190
160
132
94
92
127
115
61
9
-13
-33
-8
22
25
0
-29
-41
-53
-27
-9
-30
-75
-90
-77
-83
-99
-131
-147
-166
-186
-205
-212
-195
-218
-224
-246
-286
-316
-314
-259
-268
-306
-314
-335
-326
-310
-242
-164
-153
-168
-134
-72
-26
1
34
89
100
142
177
188
170
129
125
163
190
160
116
111
123
116
103
70
55
19
0
8
-49
-124
-158
-170
-185
-213
-195
-160
-178
-201
-200
-154
-118
-117
-89
-36
1
-2
7
56
89
69
69
144
254
269
231
234
261
288
317
326
325
279
255
280
332
347
283
243
210
206
203
205
202
145
122
104
99
98
112
136
120
67
26
38
56
78
83
59
29
2
8
34
16
-37
-94
-99
-76
-90
-117
-156
-183
-201
-220
-218
-236
-268
-282
-289
-294
-309
-319
-310
-296
-292
-304
-294
-253
-221
-206
-162
-122
-96
-82
-60
-19
2
-13
-16
6
47
72
63
58
64
70
73
73
51
16
-5
-19
-23
-32
-61
-94
-103
-84
-116
-156
-164
-159
-142
-126
-96
-112
-111
-108
-98
-89
-77
-43
-28
-10
3
29
40
65
87
111
132
136
164
208
265
281
243
211
220
238
267
264
223
178
159
205
257
260
209
167
147
155
167
138
100
75
64
53
57
65
61
39
31
29
31
29
26
52
68
51
26
24
32
12
-6
-5
13
-2
-38
-39
-33
-45
-80
-90
-88
-87
-110
-157
-181
-206
-211
-213
-200
-183
-218
-255
-262
-203
-165
-181
-184
-169
-143
-126
-74
-13
-9
-66
-81
-29
23
39
28
42
40
19
30
64
71
40
6
18
14
-16
-24
-25
8
-6
-42
-64
-65
-41
-42
-27
-16
-24
-13
7
34
74
90
108
138
177
215
234
252
262
258
271
305
304
287
257
239
248
251
229
200
171
129
101
94
102
87
40
0
-21
-58
-84
-83
-69
-96
-132
-132
-112
-94
-111
-108
-91
-81
-86
-91
-52
-38
-50
-46
-34
-53
-75
-90
-79
-59
-71
-97
-103
-98
-111
-119
-136
-163
-198
-237
-268
-268
-251
-263
-284
-305
-301
-285
-264
-237
-206
-190
-203
-187
-144
-98
-75
-77
-70
-62
-59
-25
14
33
43
47
68
105
138
140
116
90
84
98
109
116
122
123
97
70
61
61
62
74
86
75
48
44
79
109
111
99
79
69
94
123
166
186
140
127
152
186
214
205
193
175
166
183
207
205
191
170
155
161
173
165
130
89
70
57
54
63
40
-6
-45
-83
-97
-82
-77
-88
-108
-122
-132
-130
-108
-107
-123
-126
-118
-86
-87
-71
-53
-63
-46
-35
-2
-1
-9
-2
-24
-46
-73
-83
-100
-124
-135
-180
-213
-228
-233
-245
-245
-241
-245
-244
-251
-232
-213
-218
-212
-209
-187
-175
-182
-158
-136
-98
-65
-29
4
22
31
44
64
79
90
102
114
122
118
126
113
105
104
94
105
101
113
111
105
109
109
112
111
138
145
143
151
171
186
174
177
180
184
193
214
231
235
236
225
221
212
183
174
151
146
116
98
117
91
64
21
17
30
21
19
12
-5
-42
-66
-52
-45
-53
-80
-83
-54
-39
-44
-58
-57
-69
-73
-48
-18
-11
-28
-58
-75
-73
-79
-100
-119
-145
-164
-192
-222
-243
-282
-319
-331
-305
-275
-256
-250
-227
-225
-203
-183
-135
-98
-111
-67
-42
-26
-26
2
42
44
47
49
65
91
75
73
100
98
86
66
85
64
21
29
23
29
53
56
15
-33
-24
-23
-21
33
60
81
97
121
141
143
143
153
125
116
139
144
139
121
108
69
90
103
95
107
100
57
27
40
44
24
6
7
-40
-38
-11
-7
-1
-13
18
-6
-25
-14
-10
-15
-28
-19
-21
8
8
-26
-10
-38
-64
-91
-130
-81
-102
-106
-72
-88
-86
-91
-84
-64
-94
-90
-138
-152
-138
-170
-137
-151
-137
-181
-196
-255
-291
-220
-253
-157
-158
-89
-40
-72
51
1
40
-20
-6
7
-7
46
-1
52
49
41
122
151
170
113
60
42
-28
-18
-7
-6
-25
-21
-14
18
-45
-8
-95
-202
-244
-65
129
291
507
498
425
172
105
17
-80
-83
-137
-165
-219
-130
-36
116
274
386
473
389
353
218
196
66
-1
39
47
185
271
414
471
434
385
246
125
5
-74
-145
-200
-162
-126
-15
11
24
-52
-158
-249
-350
-403
-410
-411
-327
-269
-165
-107
-53
-38
-89
-95
-172
-125
-153
-89
-1
78
144
148
183
177
151
52
54
-64
-88
-143
-158
-100
-143
-82
-191
-220
-268
-318
-277
-350
-284
-304
-230
-81
-24
202
163
258
201
152
172
83
108
17
38
37
86
174
188
179
145
115
109
105
115
134
118
129
102
111
87
49
29
-6
-4
-12
64
159
340
504
656
799
849
824
682
513
374
242
168
173
196
163
219
181
210
171
108
67
-81
-181
-381
-448
-526
-495
-377
-352
-229
-139
-71
22
26
41
17
-59
-33
-36
30
140
144
287
223
308
186
169
104
-138
-105
-336
-171
-299
-232
-125
-297
-206
-335
-309
-347
-507
-480
-478
-576
-404
-423
-335
-159
-361
-87
-247
-182
-129
-314
-73
-305
-85
-18
-161
35
-5
-115
-132
-25
-69
-52
-122
88
-79
-77
181
28
-52
251
8
-73
440
-289
448
-252
147
457
-350
755
55
362
314
-24
654
-341
383
194
22
366
164
276
16
480
-141
358
184
182
70
203
-26
-69
168
-67
231
-60
475
-343
193
190
-491
410
-89
64
-92
153
305
-507
427
20
-334
129
-119
-86
-322
126
-294
-280
-39
-323
-179
-272
93
-289
-183
-145
-56
-188
-184
134
-219
-263
-64
65
-416
49
66
-491
388
-293
-69
223
-624
482
-599
-132
361
-756
272
-71
-387
126
-318
81
-152
-257
257
-403
343
-140
65
106
-402
364
-383
306
-141
6
111
-519
382
-188
-2
152
197
54
117
178
-117
277
-173
221
183
-33
441
41
144
338
-64
60
291
-15
105
282
-54
113
-31
71
114
142
338
-47
370
-355
419
-32
-282
714
-389
459
7
94
412
-246
313
366
-64
252
131
-128
236
-82
181
141
-32
353
-212
213
151
-145
308
-227
243
-353
-12
304
-280
160
-55
-64
-291
-164
-19
59
-415
301
54
-401
82
46
-263
-16
204
-479
136
-303
-309
-52
-359
66
-109
-251
340
-49
-510
569
-517
-133
50
-318
149
-293
-53
74
-105
-409
556
-284
-138
292
-331
-21
-389
115
-73
-18
85
165
-218
-204
121
-393
-4
-42
-295
237
-534
184
179
-629
548
-179
-31
-2
13
-68
110
-328
138
270
-481
752
-265
407
-11
-169
302
-407
369
-256
605
-127
-101
663
-624
722
-168
288
121
-105
358
-334
373
196
-82
398
369
-159
548
-228
482
117
-75
449
-114
92
155
380
-166
516
-255
26
203
-513
547
-555
328
-202
-388
427
-541
242
-364
154
-157
-615
454
-621
80
-348
233
-373
152
119
-412
365
-488
269
-330
68
189
-481
351
-302
-247
96
-113
232
-294
-14
-138
-412
-137
4
-212
-93
-170
-306
-10
-481
148
-12
-435
356
-510
-51
-51
-249
584
-689
536
31
-547
491
-394
240
-329
42
164
-358
253
-135
276
-449
419
-165
-223
429
-572
562
-371
38
331
-261
523
-38
300
11
53
494
-292
524
232
-129
658
-206
580
23
-65
780
-518
552
-54
-31
64
-37
296
-318
418
-252
29
136
-378
539
-469
222
-33
-317
478
-506
418
-90
281
-64
-261
694
-632
513
-134
205
288
-620
721
-145
-473
506
-129
-312
269
-166
42
-112
-21
-167
162
-291
21
90
-346
178
-408
249
10
-189
171
-23
-92
-228
-27
223
-377
242
-38
-320
374
-488
286
-9
-448
208
-259
-271
290
-502
290
21
-396
486
-468
481
-371
468
129
-162
420
-249
464
-363
409
246
-175
483
-179
107
124
-269
308
76
-47
112
34
-194
20
-31
-114
149
-158
150
-77
-109
132
-26
-92
-89
131
-131
-158
5
200
-390
280
-127
53
76
-358
490
-477
-75
339
-460
-92
554
-727
494
-361
56
185
-535
549
-489
183
-254
-106
170
-331
244
-227
124
-34
-358
572
-476
347
59
-73
291
-332
500
-363
390
-91
105
178
-188
464
-209
204
206
-250
350
-70
-120
444
-383
335
-95
-71
264
-97
123
83
-18
-5
32
-203
174
-240
95
-103
-105
323
-508
177
-185
-405
279
-757
284
-231
-468
146
-409
-97
-271
24
-267
64
-150
-110
-24
-170
89
-172
146
-28
-73
38
-83
-175
198
-273
210
-8
-170
463
-572
418
-137
-186
526
-530
436
-40
-74
269
-70
182
-71
40
132
-105
111
-125
12
42
-102
239
-276
500
-292
66
265
-444
639
-537
511
-37
-176
395
-305
658
-346
474
245
-239
398
-191
284
-48
165
273
58
71
301
20
189
143
79
83
-161
328
-296
223
-215
143
82
-444
573
-508
289
-199
-79
218
-802
765
-846
266
-21
-295
371
-433
486
-639
326
-281
-170
125
-252
-34
-143
286
-483
269
-35
-75
64
0
119
-272
98
9
-25
-138
340
-262
184
-201
187
-16
-275
547
-559
522
-317
-47
478
-794
821
-577
155
124
-444
585
-626
475
-312
79
-52
-138
166
-200
184
-154
17
27
-112
29
84
-256
358
-320
238
97
-251
278
-212
410
-428
225
412
-527
497
-56
15
-15
-99
188
-97
-118
230
-1
-162
187
-43
-23
110
-28
7
282
-237
194
-169
178
-162
-100
262
-344
413
-432
64
399
-686
430
-56
-116
275
-502
677
-360
87
149
-9
31
-210
280
-319
379
-644
503
-224
-387
572
-653
726
-353
-225
765
-831
456
69
-225
462
-476
517
-276
57
221
-339
222
40
-218
222
-56
19
138
-210
424
-299
43
227
-232
203
-259
268
-204
-67
61
-135
1
-187
36
43
-403
95
62
-570
301
-382
-25
-34
-432
382
-462
-163
177
-448
2
-29
-187
3
99
-476
521
-646
329
-45
-294
759
-896
773
-328
40
102
-139
528
-588
713
-194
55
271
-245
532
-391
417
42
-15
235
-17
198
10
-16
428
-272
280
158
10
205
-291
680
-693
661
-28
-109
484
-438
633
-659
470
-149
-255
327
-364
359
-689
569
-390
-172
308
-464
348
-465
115
143
-379
67
228
-296
13
7
-11
201
-603
880
-519
98
110
46
68
-343
753
-692
566
-241
171
-26
-166
271
-433
265
-64
-143
40
-35
-245
151
-317
319
-529
341
-200
-238
245
-557
638
-620
255
246
-392
293
-162
-45
156
-360
344
-156
-156
254
-211
167
-160
268
-276
318
-147
-192
365
-497
380
-222
42
218
-201
140
35
-86
187
-172
230
-77
254
-183
461
-56
-119
669
-629
761
-498
434
141
-375
595
-196
-127
413
-425
467
-89
-245
695
-948
902
-832
450
-114
-293
609
-844
716
-563
106
93
-435
512
-187
-278
560
-672
361
-185
-261
638
-745
658
-418
337
-237
-3
323
-413
474
-395
500
-477
125
130
-307
184
22
-78
107
15
-38
-92
65
104
-529
706
-605
173
197
-588
553
-531
377
-271
100
172
-443
424
-408
22
-48
-70
150
-502
695
-480
130
269
-434
365
-116
-31
-63
236
-174
-167
63
113
-265
100
269
-245
69
244
-313
68
285
-555
595
-476
162
190
-545
728
-715
506
-67
-363
596
-710
496
-211
-87
279
-234
138
2
-7
-80
259
-429
395
-280
-175
401
-647
412
-246
-80
132
-240
237
-213
-21
-40
34
-228
165
-12
-163
-12
22
-9
-217
205
-27
-44
-76
369
-403
357
-71
-111
249
-258
255
-569
655
-501
10
311
-267
219
-266
373
-342
110
146
-344
219
-148
-55
-14
-17
3
-182
148
-281
83
-98
-231
191
-227
7
-176
156
-118
-191
268
-76
-221
287
-282
169
-201
254
-78
-275
808
-751
682
-38
9
337
-382
869
-928
835
-143
-278
600
-771
774
-519
0
339
-324
239
-111
79
171
-180
209
132
-30
95
267
68
-49
478
-236
236
262
-314
650
-452
508
-72
-237
726
-638
527
-246
165
35
-232
357
-604
463
-570
110
171
-616
586
-484
254
-163
-125
295
-336
219
13
44
-28
-62
186
-140
171
85
-251
452
-169
-198
487
-450
119
-109
-41
8
-277
263
-168
-243
245
-284
11
-26
-89
30
-222
250
-391
99
-33
-364
355
-441
232
-99
-174
358
-587
428
-244
-101
19
-103
-14
-210
133
-112
-123
95
-94
-96
64
-69
94
-115
12
33
-130
102
-55
33
-24
191
-272
253
94
-397
575
-507
420
-191
-58
495
-610
739
-361
81
260
-410
534
-613
434
-178
-487
621
-625
372
-67
-153
465
-711
630
-285
-92
299
-264
262
-329
394
-224
104
87
-165
274
-314
362
-46
-232
530
-492
305
38
-216
381
-407
345
-309
-51
266
-424
165
-20
7
-239
290
-158
-22
42
-12
203
-397
507
-236
-44
56
-5
-87
-116
265
-207
139
-14
-48
8
-70
47
56
-188
125
-272
-4
-169
-254
253
-482
285
-350
-41
-6
-303
180
-208
-44
-10
-51
-138
-30
127
-185
-150
233
-407
107
-115
157
-105
83
60
-162
15
-44
33
-57
18
101
-231
22
101
-135
182
-70
214
-181
193
172
-217
477
-39
-9
293
-235
457
-349
288
233
-338
339
-125
164
-87
192
0
-30
131
-74
162
11
40
143
-26
82
248
-144
347
53
30
490
-206
354
274
-314
522
-143
-5
296
-331
389
-244
-17
128
-136
-168
367
-457
274
189
-566
786
-418
65
366
-540
556
-328
-28
623
-823
677
-264
-180
384
-279
264
-149
-40
188
-526
384
-212
-230
97
-131
-226
-199
190
-242
123
-317
519
-263
-225
572
-503
465
-184
-42
515
-589
652
-284
30
367
-592
599
-274
-62
412
-396
182
201
-507
530
-193
-109
487
-452
786
-608
365
392
-359
194
237
-21
-186
386
-125
391
-222
136
271
-591
422
-204
-4
376
-520
456
28
-543
502
-163
-69
280
-370
611
-639
229
374
-591
459
-85
-208
260
-295
231
-1
-81
220
-180
-78
48
-107
-295
516
-547
256
17
-520
519
-642
180
22
-208
-21
175
-322
208
-143
14
161
-423
426
-315
101
-190
420
-429
162
-18
-228
103
-381
262
-210
-363
502
-468
-60
385
-638
426
-339
-159
206
-576
384
-169
-331
540
-576
147
-53
-320
345
-393
100
159
-316
91
41
-324
247
-279
69
218
-461
457
-141
-208
253
-258
98
57
-139
310
-170
214
13
-139
317
-88
-58
210
16
-181
356
-402
568
-326
-18
714
-1056
866
-415
-55
452
-517
643
-386
38
442
-478
315
265
-452
599
-263
-13
271
-148
197
-14
-197
359
-307
-128
486
-357
183
149
-256
262
-116
-136
534
-683
666
-296
-202
559
-690
467
-221
-39
111
-173
72
29
-267
201
-155
-180
77
-44
-126
-188
260
-491
221
-143
-231
323
-542
329
-181
-158
135
-96
62
-213
336
-391
228
-109
35
262
-595
769
-358
-86
347
-117
256
-237
291
40
-167
261
-108
211
-153
64
165
-137
210
21
2
258
-102
161
211
-243
420
-132
64
222
-52
13
492
-283
270
147
-106
264
-342
455
-6
-209
397
47
-96
170
77
124
-175
263
87
-98
117
147
-175
184
-47
171
-125
-79
413
-403
299
-97
234
-254
218
9
-225
296
-187
213
-234
183
28
-350
401
-80
-303
240
12
-173
-111
298
-172
-293
279
-163
72
-362
427
-83
-495
490
-282
-77
-31
-28
-121
-126
-32
-155
2
-95
-45
-15
-198
-29
-57
-179
165
-261
0
41
-315
178
-334
18
-119
-41
-75
-177
167
-295
11
-157
91
-297
96
-40
-63
60
-269
436
-418
32
151
-357
123
-189
174
-153
-20
10
-2
-133
-28
150
-222
201
-59
3
15
101
-160
250
-226
63
152
-170
273
17
170
-164
273
-127
267
-154
80
413
-495
482
-38
64
64
28
166
43
-126
254
203
-400
500
-233
157
-43
89
49
-74
197
-120
426
-353
597
-328
129
291
-301
214
-42
238
-221
210
-26
52
-193
62
239
-548
448
-164
-184
162
-261
78
-195
-37
-57
-26
-325
208
-304
-40
-100
-179
62
-490
277
-371
5
-260
5
11
-494
263
-233
-203
-74
-34
-210
-9
-163
169
-217
-139
369
-535
320
-136
-72
150
-174
171
-163
48
8
-89
42
-27
12
-84
104
175
-105
59
27
45
-143
109
74
-95
53
50
133
-152
30
207
-96
13
214
92
-114
147
249
-128
37
182
196
-174
203
199
-61
83
61
242
-106
57
123
278
-220
148
261
-101
169
-97
556
-326
-3
336
-123
-15
-47
380
-116
-130
180
-38
33
-65
63
351
-462
279
126
-373
266
-232
158
-207
-46
128
-222
111
-73
-13
-165
25
-44
-131
20
-89
12
-33
-124
83
-96
-213
235
-236
106
-159
-24
152
-349
106
-141
-131
-153
25
-42
-112
57
-210
204
-194
-135
225
-283
200
-151
138
114
-215
271
-195
188
-63
-24
210
-169
124
83
43
57
104
25
-88
196
-28
-105
349
-183
45
30
0
-80
-93
100
-165
-43
-20
88
-137
21
77
-322
155
-96
-195
97
-155
59
-225
74
-127
-171
20
-254
108
-171
-27
26
-174
76
-199
13
45
-287
134
30
-183
282
-254
110
48
-239
219
-132
-161
182
-176
-67
109
-260
129
-256
61
77
-295
196
-113
-51
137
-124
41
24
-126
226
-278
269
91
-259
366
-107
-83
112
-52
11
-46
181
-117
42
179
-172
100
-137
143
-142
9
165
-207
155
-145
145
-91
-3
163
-224
174
-12
26
9
32
108
-159
46
62
-138
21
-31
-21
-29
-161
111
-125
-179
67
-124
-68
2
-3
95
-87
18
35
32
-213
162
-67
-143
175
-104
-21
-56
-22
-34
-155
122
-24
-251
247
-87
-80
-11
-31
67
-304
298
-125
7
197
-40
172
-68
278
-77
98
180
-70
8
191
52
-98
247
-41
77
-112
208
101
-146
277
-39
47
53
-9
46
62
-65
227
-30
78
166
-68
312
-67
182
-6
195
-10
30
180
-106
135
-175
232
-162
17
43
-119
87
-173
162
-204
112
-106
-41
0
-126
171
-109
78
4
61
-30
63
87
-142
125
9
-34
13
-55
146
-330
98
74
-317
129
-35
-90
1
-19
96
-105
60
268
-132
149
279
-116
228
133
71
162
-7
207
112
-87
319
64
-97
312
47
33
125
17
139
-93
65
141
-33
21
111
-49
38
107
-127
204
-116
-75
184
-182
32
48
-185
57
-75
-150
77
-137
-188
23
-237
-42
-127
-220
1
-194
-181
52
-221
-98
70
-278
9
-82
-175
23
-76
-194
36
-176
-113
49
-246
126
-209
-118
50
-204
-77
88
-163
-83
93
-175
49
34
95
25
116
-38
215
-57
25
325
-203
189
108
-18
64
103
140
-54
110
72
49
-98
193
102
-242
271
-28
-105
122
-13
89
-31
63
121
-2
64
101
132
-52
223
17
-64
236
-50
-43
135
-18
-96
106
-85
13
-17
-182
172
-151
-112
231
-215
-20
123
-239
122
-97
-126
75
-128
-43
6
-106
-49
-66
-109
39
-124
-50
-80
-72
-91
14
-147
-28
28
-149
-11
81
-35
-12
98
0
5
-15
23
92
-80
79
228
-187
98
210
-198
243
-23
30
124
-287
239
-97
-103
38
-57
-50
-120
85
-8
1
25
91
81
-13
178
76
52
167
73
69
23
214
-24
54
110
-26
-66
-33
151
-155
78
73
-78
-101
11
-18
-57
-7
-25
35
-174
-18
-12
-20
-18
-21
-7
-43
-123
65
36
-116
16
-46
-93
-168
18
-23
-176
19
-45
-84
-101
6
-87
-140
16
-91
1
-6
53
-40
-29
76
-63
92
-7
19
52
-49
-43
-12
12
-68
-2
30
-60
-155
17
78
-52
133
115
59
9
106
185
122
169
230
101
134
124
85
182
33
135
-25
-37
83
-95
25
-24
-64
-95
-128
41
-135
-99
63
-132
-41
-15
-58
84
-25
82
100
-38
62
127
83
82
109
-21
20
-21
-72
43
-65
-2
-77
-11
-76
-112
-4
-118
2
-90
-58
142
-85
29
78
47
23
30
153
40
65
88
138
54
4
133
8
14
-48
5
-2
-207
90
-79
-113
-17
-109
-9
-74
-103
86
19
-7
119
93
26
22
76
-5
14
2
77
-19
46
-17
-77
7
-72
5
-13
-102
46
-102
-57
26
-73
38
-41
-3
-26
45
-39
42
119
-29
34
48
-75
-44
0
-90
12
-79
-7
-42
-65
-51
-20
-125
-63
-57
-120
60
-50
24
-74
-6
-58
-165
63
-17
-119
122
25
-81
49
-50
-21
-26
-18
27
-44
-31
20
-31
-79
-18
-71
-30
-13
-18
6
62
43
48
150
9
41
116
7
59
76
-44
86
-45
-1
49
-86
46
-43
-57
35
-30
12
-20
-8
5
-62
12
56
-58
45
63
47
-15
59
126
-18
49
95
17
-47
72
42
-2
27
40
-22
-73
34
-38
-43
30
-29
24
6
10
44
-21
17
41
-2
54
25
28
55
-17
45
29
-7
14
54
25
-23
44
-14
-72
-69
-45
-37
-115
-39
-42
-76
-97
-50
-11
-72
-69
14
68
-53
32
98
-65
-12
70
-8
45
33
65
-3
-27
54
-39
15
65
5
-42
51
-17
-83
-1
-9
-21
-5
24
34
-34
60
20
-106
55
-33
-32
22
1
-7
-125
11
-24
-144
26
-42
-91
-59
-47
-64
-97
-52
-34
-19
-79
-17
16
-61
-18
9
-3
-13
29
23
17
22
1
71
3
30
63
-24
33
50
-32
93
15
-10
21
-40
13
0
26
24
0
6
-14
-13
-7
-26
0
23
-14
48
48
19
33
43
24
7
22
4
23
-6
39
9
-25
56
26
26
69
56
30
10
89
24
64
43
22
29
-33
-10
-10
-42
-28
12
-50
-5
-28
-51
-9
-121
-41
-32
-54
-30
-9
-58
-1
-9
-9
47
-9
25
9
52
10
24
54
9
39
37
47
1
16
24
-19
15
17
-35
-39
-11
-22
-66
-22
-42
-45
-45
-41
23
-18
-32
15
-53
21
4
-22
75
1
-35
46
6
-24
74
54
88
28
23
58
-16
1
64
47
13
70
65
63
31
38
9
-13
-12
-30
8
-10
-26
-47
-16
-47
-71
-2
-8
-41
-71
-58
-34
-101
-46
-3
-49
-60
-64
-35
-37
-19
5
33
-4
23
14
7
21
-42
42
0
18
15
1
28
2
-35
-2
-22
-91
-77
-80
-58
-94
-35
-32
-25
-27
-5
8
22
15
16
22
-1
22
-49
4
-64
-63
-52
-42
-21
-53
-55
-57
-61
-80
11
-31
12
-16
-14
26
-29
31
26
29
26
49
46
24
18
58
8
21
40
18
30
-15
20
-22
-6
6
-17
-3
-18
-38
-24
-21
-38
-21
-11
-19
-13
-27
13
-8
21
66
25
70
30
30
35
-15
45
22
7
19
-8
-49
-32
-79
-50
-40
-36
6
-31
-1
6
-2
35
30
54
81
53
121
113
71
83
49
40
16
32
25
1
-17
-15
-18
-34
-34
-31
-52
-33
-29
-13
-6
-22
2
-41
-36
-12
-30
-18
-1
-21
5
-24
-34
-40
-29
-11
-43
2
-18
-33
-29
-30
3
-20
4
19
-15
-8
31
0
22
42
34
57
37
65
44
58
30
54
57
7
63
7
34
-20
-19
-10
-30
-55
-58
-61
-72
-68
-54
-24
-21
-26
-28
26
-14
54
53
72
84
46
72
55
63
28
49
29
11
4
-10
6
-15
-15
2
12
-6
45
22
44
36
27
46
32
61
59
28
15
20
-24
-9
-9
-25
-10
-34
-12
-20
-25
2
-31
-5
-1
-19
21
4
15
14
-1
30
3
4
-2
14
0
11
6
-11
13
1
22
47
31
45
43
16
13
19
-7
-8
-13
-36
-21
-29
-32
-43
-36
-41
-3
-29
11
20
0
36
28
49
26
30
22
16
-6
17
-4
-20
0
-34
-18
-40
-39
-24
-36
-16
-10
13
8
23
29
15
40
18
8
18
-1
-19
-4
-39
-38
-48
-65
-37
-65
-45
-24
-40
-8
-12
3
18
17
34
12
25
27
12
9
10
-14
-18
-13
-25
-12
-11
-5
3
-5
-7
13
1
14
22
25
7
5
1
-32
-26
-46
-36
-43
-53
-39
-43
-35
-27
-18
-14
15
10
27
53
30
51
37
43
20
31
25
-1
-1
-10
-31
-38
-29
-39
-27
-35
-2
-9
8
20
10
42
27
26
30
31
15
10
11
-2
-15
-43
-18
-48
-38
-25
-37
-16
-22
-22
-2
-8
9
8
7
21
2
13
-1
-2
-3
-12
-15
-10
-16
-8
-8
4
2
8
26
29
34
34
31
16
26
17
20
4
-5
-5
-37
-26
-35
-38
-15
-34
-19
-6
-5
16
17
43
26
33
54
18
37
25
20
3
-1
-6
-19
-25
-23
-34
-44
-37
-26
-22
-14
0
-16
13
5
13
32
26
32
27
12
27
16
3
21
-4
1
-3
-3
3
-3
-7
0
-6
-2
2
-15
3
-9
-10
-12
-13
-22
-28
-14
-24
-17
-20
-11
-10
-1
1
19
16
20
36
19
39
25
23
1
5
-9
-6
-10
-27
-18
-35
-28
-28
-14
-20
-5
10
17
23
37
36
34
47
32
43
26
27
2
0
-10
-18
-29
-39
-33
-56
-26
-49
-29
-32
-25
-12
-3
10
15
27
29
41
29
47
25
26
27
10
14
3
3
-12
-18
-20
-22
-28
-21
-24
-33
-9
-19
-11
-6
-10
