11
-8
-28
27
-7
-12
-21
30
-10
6
22
-8
-6
-10
-8
-19
28
-17
11
2
7
-2
-15
10
30
-15
1
21
-29
10
-58
57
-24
-6
18
-25
33
-80
76
-42
10
15
-21
23
-68
48
-42
-4
14
11
-4
-15
5
6
-34
22
-11
19
1
-28
20
7
1
-21
70
1
-14
16
8
-11
-51
72
24
-19
32
13
32
-33
67
21
0
70
8
29
41
21
14
46
23
-8
47
-15
-37
58
11
-23
33
66
-50
-44
99
-47
-83
66
18
-78
15
9
-27
-26
14
8
0
9
-51
19
-30
-97
22
-1
-111
14
22
-105
-19
23
-36
-94
70
-4
-84
21
-26
10
-99
33
13
-60
-61
63
17
-145
108
60
-98
35
134
-107
-75
207
-112
-47
53
41
-93
-54
95
-63
-36
51
48
-47
64
48
71
-27
166
36
16
93
16
51
-92
123
17
-103
47
90
-144
57
106
-47
65
96
151
-133
208
43
-21
51
83
72
-136
129
25
-109
4
48
-100
-52
23
-8
-120
60
-31
-55
20
-31
75
-137
93
-69
-52
4
-49
-52
-132
43
-179
-151
75
-230
-49
9
-135
-17
-144
35
-144
11
57
-167
86
-19
-90
-6
-43
-105
-13
-42
-105
-20
-111
-37
-19
-88
42
-6
36
35
40
154
-78
108
120
-53
-6
176
-63
-88
218
-98
-10
175
-11
56
45
171
-24
50
251
-40
68
233
-13
127
47
11
199
-151
210
-7
-24
152
43
20
44
197
-92
184
57
-25
148
-67
93
-77
130
-20
-143
188
-14
-202
126
89
-190
19
-2
156
-228
83
104
-86
-92
80
35
-140
34
-123
150
-268
-83
-96
-39
-204
-135
27
-172
-127
-69
-35
-147
-12
-159
124
-60
-148
-42
146
-216
-150
192
-205
-61
-80
-60
-58
-126
-109
-47
53
-160
-177
320
-126
-158
257
66
-50
29
91
105
-98
45
90
75
-47
-88
331
-52
-147
264
158
-88
218
154
144
73
103
125
168
107
-99
353
117
-197
196
264
-72
-70
460
-49
-132
323
-17
-54
116
57
-16
177
-67
16
57
67
-177
49
221
-333
141
94
-190
-93
175
-222
29
-39
-68
-3
-112
65
-316
205
-256
-79
34
-56
-225
48
-17
-182
-18
-31
1
-137
160
-240
179
-197
-18
75
-137
61
-258
225
-221
-239
281
-300
-89
-48
-26
1
-264
76
107
-209
-45
129
87
-197
41
401
-379
185
123
-47
-84
63
47
-63
175
-116
73
204
-239
126
258
-166
34
188
95
-237
257
82
-195
25
129
-102
53
-52
222
-187
126
-63
182
-149
-32
349
-413
230
-59
86
-280
43
181
-444
90
128
-322
66
-156
92
-283
125
-65
-106
47
32
-111
10
94
-279
50
-45
-68
-254
198
-122
-83
-114
207
-157
-97
190
-47
-18
-6
150
-212
217
-146
-10
199
-276
202
-62
-7
-55
-34
88
-232
85
62
-207
205
0
-79
155
-71
79
31
97
-37
243
-219
209
50
-116
153
-120
190
-137
48
55
-96
-16
-124
155
-262
106
21
-131
50
-64
96
-218
154
-58
-129
241
-188
44
96
-155
81
-90
103
-22
-115
233
-167
91
-87
153
-136
86
-117
-27
131
-376
175
-147
-37
-116
43
-84
16
-100
46
-80
65
-202
140
53
-274
310
-160
39
10
153
-201
86
151
-204
143
-227
322
-375
103
262
-429
400
-179
324
-371
462
-70
-87
307
-150
351
-354
524
-248
356
-135
249
213
-213
461
-155
302
-111
237
-9
58
64
107
41
-18
320
-389
479
-209
141
-131
170
-106
-279
499
-718
513
-398
211
-302
296
-305
134
119
-436
620
-578
456
-313
275
-305
165
-50
-162
90
-134
-92
-215
244
-642
409
-529
251
-267
-56
288
-471
486
-406
370
-344
323
-172
72
-49
-147
391
-615
518
-383
340
-462
337
-71
-314
285
-160
92
-341
590
-724
465
-307
34
-48
-85
63
-262
256
-229
139
-171
267
-339
322
-236
222
-79
102
-35
136
-110
40
186
-235
316
-220
306
-212
269
-150
242
-170
324
-231
368
-199
43
282
-273
261
-83
268
-334
462
-321
332
-354
429
-315
168
64
56
-74
131
98
-285
450
-338
478
-501
610
-297
55
79
93
-299
294
-121
-16
-11
131
-21
-213
464
-296
264
-193
472
-453
324
-38
-228
246
-224
-75
275
-443
248
-202
-4
-82
-210
275
-318
6
212
-191
30
105
-151
360
-520
381
-124
-175
96
-130
140
-376
153
119
-639
561
-488
117
-56
-211
322
-616
672
-612
302
19
-205
338
-338
328
-74
83
91
-34
225
-219
181
70
-317
374
-298
68
96
-237
279
-376
337
-219
48
-54
151
-243
172
-17
-83
154
-163
249
-236
274
-171
218
-131
69
86
-112
270
-415
383
-67
-345
488
-451
256
-242
170
-39
-163
379
-292
163
293
-375
409
-52
96
134
-102
556
-682
744
-524
438
-234
-57
391
-240
-120
519
-313
251
-122
404
-78
-135
555
-285
181
16
192
-281
340
-273
252
-345
353
-367
196
-149
-27
207
-494
322
-85
-317
161
27
-114
-195
255
10
-577
660
-516
1
87
-211
-25
-118
-57
-179
-4
-203
38
-311
272
-356
79
-93
-123
13
-354
332
-372
-98
139
14
-419
274
97
-355
70
307
-356
66
145
49
-324
302
2
-103
-148
393
-265
-61
208
57
-71
-12
373
-167
5
436
-213
232
96
230
-134
286
-86
39
62
-71
268
-303
388
-37
-118
367
-220
312
-322
534
-418
237
73
-111
206
-283
401
-374
42
90
-161
64
-192
250
-290
-17
7
58
-199
38
134
-152
-213
396
-346
48
-173
239
-381
45
64
-234
150
-170
27
2
-66
-203
224
-176
-232
388
-440
266
-245
164
-39
-81
30
102
-126
-3
63
8
-57
63
-153
385
-283
37
459
-364
282
-110
431
-371
165
416
-482
450
-145
80
45
-60
31
162
-213
166
-108
374
-462
412
6
-106
104
-168
619
-939
750
-129
-232
225
-34
84
-130
61
176
-153
-233
591
-629
160
162
-284
97
-282
406
-517
161
11
89
-311
227
98
-519
461
-366
283
-525
527
-383
-27
47
-103
-63
-175
183
-293
348
-354
180
221
-271
79
318
-210
-129
492
-342
97
-62
299
-310
-64
521
-447
144
83
177
-473
511
-252
29
71
-38
145
-91
129
-226
450
-554
404
-85
-106
-25
285
-326
-107
532
-588
215
12
276
-659
550
3
-517
529
-403
603
-1023
1126
-658
1
158
-46
60
-448
833
-833
522
-498
645
-903
553
-65
-370
180
65
-72
-346
488
-286
69
-380
781
-837
564
-303
123
88
-479
684
-534
417
-294
189
137
-205
129
52
185
-296
216
258
-123
-214
773
-504
371
-55
285
30
-220
547
-349
248
-130
223
4
-49
100
154
-16
-111
349
-77
-12
101
137
-164
179
139
-272
419
-128
49
-69
461
-557
276
180
-358
350
-282
350
-379
116
111
-329
204
-127
-61
112
-309
340
-249
-39
118
-151
-171
94
-55
-197
-209
377
-585
104
72
-264
-25
-185
195
-548
404
-410
150
-190
105
-151
-11
-31
1
-78
-78
159
-308
103
2
-123
105
-103
192
-141
2
358
-416
337
79
-135
164
36
79
8
-104
488
-475
208
221
-124
-92
93
146
-282
-79
271
-63
-260
244
136
-197
-35
244
30
-167
102
147
147
-265
296
222
-258
105
408
-382
465
-283
452
-201
31
429
-371
526
-341
429
-252
258
-123
226
-143
0
370
-371
117
314
-404
135
87
88
-490
477
-85
-452
433
-444
245
-356
289
-466
486
-699
382
-217
-65
-108
90
-162
-184
105
-366
205
-372
29
-268
255
-531
249
-56
-187
-71
82
-28
-296
241
-54
-52
-288
508
-553
92
25
-225
45
-212
159
-326
187
-378
110
-121
-244
105
-159
-27
-169
131
-235
13
-104
177
-338
189
-90
-103
-50
150
-42
-229
585
-577
468
-173
-66
415
-526
731
-515
747
-411
305
297
-305
404
-91
417
-332
464
5
9
99
199
128
-115
355
-172
313
-192
400
-197
210
-28
165
-112
151
-80
96
-38
24
71
-309
462
-588
430
-173
-112
205
-296
336
-365
151
-115
108
-213
-73
233
-483
180
-339
361
-734
542
-202
-374
489
-567
420
-606
491
-447
-32
191
-389
163
-152
-66
-15
-213
179
-347
68
-7
-317
134
-203
109
-257
162
-94
-288
335
-539
191
-122
-223
185
-488
523
-679
209
109
-416
413
-333
369
-359
349
-234
82
52
-24
-77
135
179
-512
516
-121
-41
-19
238
-28
-185
382
11
-262
259
246
-343
276
213
-265
318
-171
334
-394
485
-266
160
177
-148
184
37
159
-54
293
-128
282
-75
181
8
382
-296
403
59
-53
46
206
-8
-218
577
-363
142
169
68
-153
238
239
-396
440
-127
49
-43
124
-89
60
132
-207
244
-30
10
3
194
75
-322
440
-197
-38
80
141
-56
-72
210
-182
-147
97
-156
108
-259
220
-15
-204
313
-266
423
-458
366
-79
-116
275
-444
428
-394
184
-120
154
77
-397
791
-677
306
320
-619
691
-587
458
-366
104
306
-678
850
-625
217
259
-606
527
-316
102
-206
97
-4
-532
652
-512
117
-84
17
-103
-206
212
-200
-244
480
-669
347
-138
-323
342
-453
93
-82
-13
-24
-199
364
-431
202
131
-371
496
-516
274
-85
-166
221
-327
378
-441
177
396
-872
877
-315
12
14
286
4
-547
858
-497
132
-114
390
-251
-114
386
-111
-60
93
106
-148
229
-301
449
-306
77
-37
66
138
-258
278
60
-202
-68
544
-594
283
-185
444
-776
475
67
-272
219
-149
483
-547
422
-255
421
-463
91
389
-341
-291
597
-260
-165
72
250
-303
-68
414
-420
238
-492
308
-198
-181
177
-268
267
-419
127
299
-604
491
-131
-164
230
-218
73
69
29
-181
221
-93
94
-349
557
-231
-309
689
-540
404
-295
204
87
-316
300
35
-309
273
21
-233
327
-215
314
-467
673
-412
-23
304
-345
299
-384
413
-169
-223
334
-317
171
52
-370
552
-454
36
204
-263
148
-187
79
201
-474
373
-51
-289
244
-237
176
-410
255
-209
136
-252
6
190
-411
167
-35
-253
131
-252
59
-104
-188
158
-224
-6
-8
-86
-131
233
-411
248
-166
-167
335
-404
288
-88
-165
250
-412
332
-61
-227
471
-367
264
7
-23
331
-189
129
-54
97
-216
299
-90
22
130
-43
194
-211
124
330
-183
70
306
-225
-87
344
-89
-101
386
-170
136
86
-22
214
-396
756
-348
-86
657
-537
364
-123
300
-61
-152
643
-439
125
567
-694
647
-219
-17
312
-279
584
-550
383
-53
-516
951
-1172
995
-537
-94
559
-1007
1153
-1227
812
-271
-364
760
-952
928
-570
91
188
-284
284
-398
475
-176
-693
1299
-1083
70
707
-842
500
-591
868
-976
456
153
-643
593
-832
841
-795
526
-236
-61
200
-574
627
-416
-225
623
-471
-214
643
-741
396
-298
289
-330
67
119
-323
297
-234
73
-29
50
-332
282
-357
6
97
-132
15
78
-190
-263
386
-497
153
108
-84
-196
201
-187
-104
121
0
-3
-242
374
-511
225
-249
351
-323
72
360
-377
73
50
241
-572
115
195
-282
-192
389
2
-263
86
-2
0
-277
293
-94
200
-145
22
188
-198
-99
225
80
-131
65
173
-58
-213
150
79
78
-36
210
104
6
22
167
62
-127
327
-76
87
153
-144
452
-191
-15
227
-159
5
246
-159
114
245
-404
172
-86
64
-176
342
-67
26
49
-90
49
-5
111
-38
43
146
-234
120
44
-92
35
14
169
-210
-28
346
-261
-116
421
-337
133
-102
254
-152
-21
203
-276
-62
146
42
-367
331
225
-614
281
-33
-201
-54
192
276
-450
272
-171
-55
-179
250
-77
-50
157
-384
351
-455
181
17
-20
-115
77
-51
-226
242
-168
-240
182
190
-469
399
298
-222
-27
552
-182
-160
611
-70
-64
259
-8
-207
170
-10
-37
171
-35
125
-132
-33
-5
-79
-33
7
64
-290
-63
115
-398
-89
190
-262
-183
177
-70
-445
50
128
-422
27
283
-166
-78
229
-109
-224
79
61
-121
296
-171
71
-129
-173
41
-34
0
51
-59
-236
30
-118
61
182
7
90
155
-22
-91
281
256
-12
268
365
37
29
227
173
-8
376
128
163
167
152
70
111
286
63
333
111
224
188
-21
44
256
-62
97
217
90
33
-366
352
-357
-204
248
-411
101
-373
-302
-146
-643
-167
-511
-431
-284
-819
-490
-885
-677
-817
-729
-557
-852
-748
-888
-752
-851
-335
42
-205
-268
-63
-277
82
461
790
829
459
647
594
663
843
975
1078
923
739
897
571
334
361
386
391
409
243
104
-193
-491
-318
-374
-259
-162
-185
-117
-248
-364
-122
-116
320
536
607
659
447
458
492
958
1099
1135
1263
1195
808
806
1001
725
884
805
790
249
-9
-108
-265
-349
-415
-240
-680
-964
-944
-997
-1126
-1053
-863
-1054
-1073
-959
-1075
-1207
-1141
-1140
-1158
-1081
-1079
-1250
-1316
-1408
-1695
-1808
-1570
-1562
-1021
-108
-324
-607
-1472
-981
-475
440
1558
1543
791
-426
253
859
1051
2189
2443
2020
1227
1249
1511
768
1238
1451
1636
1412
613
313
-714
-801
-668
-255
-38
-871
-1134
-1867
-1945
-1832
-1526
-937
-831
-606
-888
-732
-952
-954
-74
525
1267
1468
1397
1335
1164
1590
2197
2797
3023
2673
2713
2212
1913
1817
1970
2101
1863
1639
1041
442
-158
-252
10
-28
-217
-658
-1105
-1444
-1598
-1327
-1120
-1023
-1116
-1067
-1194
-1309
-1171
-902
-473
-259
-91
-70
-330
-279
-183
-34
405
229
4
-136
-327
-788
-919
-794
-1112
-1414
-1444
-2031
-2658
-2891
-3169
-3047
-2710
-1203
-924
-1400
-2593
-3083
-1662
-646
1533
2378
1363
-373
-853
986
2006
3332
4447
3733
2402
1477
2045
2404
2313
2839
2907
2133
628
-118
-701
-1204
-614
-114
-299
-1475
-2716
-3501
-3379
-2560
-2085
-1489
-1652
-2077
-2245
-2134
-1500
-1095
-152
597
934
1107
832
980
1250
2149
3139
3639
3587
2791
2344
2409
2704
3241
3335
3100
2171
1275
970
757
735
702
685
255
-550
-1094
-1392
-1313
-980
-718
-728
-1172
-1556
-1707
-1296
-915
-514
-364
-397
-367
-574
-266
19
239
459
417
387
68
-26
98
263
432
44
-199
-731
-1051
-1049
-1189
-1286
-1782
-2295
-2711
-3051
-3039
-3377
-3664
-3598
-3603
-1572
-822
-1285
-2874
-3169
-1031
150
2643
3213
1573
-745
-1045
2353
3808
4754
5028
3564
1828
835
2814
3780
3440
3136
2109
1095
-613
-670
-298
-463
-267
-1123
-1941
-3485
-4191
-3650
-2729
-1821
-2299
-2977
-3481
-3341
-2368
-1193
-365
-281
-385
-112
321
1109
1814
2416
2845
3073
3218
3046
2944
2903
3389
3895
3872
3155
2210
1579
1414
1655
1865
1633
500
-539
-1081
-918
-759
-546
-541
-903
-1424
-1756
-1631
-1237
-730
-312
-132
-531
-943
-816
-320
423
926
747
486
116
24
503
999
1103
754
382
15
-162
-158
-158
-129
-668
-1248
-1578
-1938
-2024
-2192
-2304
-2595
-3035
-3380
-3526
-3796
-3673
-3505
-1998
-157
-467
-2072
-3500
-1425
566
2705
4342
2915
254
-1640
1379
4651
5393
5557
3957
1909
249
1736
4268
4112
3081
1349
-100
-1325
-1552
-206
-152
-746
-1972
-3413
-4346
-4681
-3562
-2599
-2214
-2934
-4046
-4367
-3511
-1879
-513
102
-464
-775
-618
712
2253
3238
3745
3236
2923
3024
3668
4242
4347
4226
4009
3511
2594
2047
2017
2396
1847
1489
899
-411
-1263
-1310
-448
-458
-894
-1468
-2101
-2291
-2060
-1141
-527
-632
-769
-1017
-935
-616
188
986
1140
1062
555
426
648
1120
1683
1699
1236
538
101
222
515
603
173
-535
-1174
-1637
-1859
-1835
-1997
-2244
-2749
-3296
-3769
-4043
-3994
-4194
-3962
-3832
-1989
-808
-1529
-3338
-3893
-836
1195
3239
3505
1239
-1523
-1790
2828
5816
5752
4324
1900
265
163
3478
5778
4354
1884
-502
-1109
-936
518
1689
259
-1607
-3260
-3900
-3528
-2640
-1614
-1892
-2985
-3958
-4426
-3488
-1797
-307
136
-708
-1503
-1300
75
1965
3197
3380
2758
1878
2059
3186
4339
4670
3970
3220
2425
2402
2685
2828
2789
1893
1177
214
307
305
-160
-237
-692
-985
-1633
-1630
-1284
-1170
-916
-1137
-1061
-1125
-888
-384
-132
321
406
492
401
580
1045
1267
1395
1161
942
799
752
824
904
845
309
-169
-352
-676
-819
-1138
-1167
-1591
-2106
-2437
-2800
-2691
-3110
-3130
-3522
-3747
-4358
-4240
-3605
-1570
-80
-1135
-3246
-4581
-1506
1083
3682
3886
1054
-2019
-2624
2237
5975
6446
4702
1452
-486
-112
3652
6580
5192
1997
-1101
-1706
-546
1490
2544
706
-1884
-3773
-4129
-2915
-1611
-1204
-2364
-3829
-4578
-4428
-3127
-1430
-440
-801
-1945
-2413
-1567
24
1963
2856
2585
1651
1107
1904
3453
4923
5019
3880
2793
2280
2534
3455
4192
4031
2538
776
368
748
1568
1613
888
-210
-1510
-1745
-1261
-307
-100
-757
-1481
-1938
-1558
-951
-363
-47
-221
-589
-664
-151
549
961
945
742
622
687
856
1227
1303
1008
717
504
506
505
363
8
-515
-1026
-1283
-1420
-1406
-1796
-2343
-2747
-2992
-3295
-3582
-3590
-3847
-3726
-3881
-2758
-1689
-2018
-3167
-4155
-1917
-193
1326
1675
253
-1581
-2301
1054
4315
4936
3526
1266
49
581
3367
5851
4948
2232
-347
-931
652
2626
3401
1187
-1614
-3012
-2813
-1183
-106
-342
-2261
-4136
-4156
-3129
-1561
-724
-1145
-2091
-2898
-2547
-1101
359
1205
942
473
296
654
1656
2824
3639
3421
2519
1906
2102
2906
3555
3897
3568
2323
1306
1112
2087
2418
2166
1216
131
-421
-683
108
412
226
-623
-1440
-1564
-1429
-764
-370
-457
-985
-1550
-1349
-726
-132
-7
-238
-288
-385
-155
250
525
590
320
387
565
522
444
325
385
297
27
-180
-508
-740
-1044
-1162
-1366
-1636
-1997
-2295
-2595
-2806
-3117
-3369
-3313
-3125
-1936
-1484
-1851
-3243
-3476
-1605
-51
1294
966
-280
-1875
-1509
1497
3794
4084
2627
794
-45
1100
3812
5411
4170
1790
1
5
1592
3318
3405
1013
-1398
-2177
-1379
89
627
-191
-2199
-3663
-3372
-2072
-841
-729
-1660
-2647
-3020
-2196
-798
136
243
-466
-828
-492
504
1462
1986
1989
1598
1220
1388
2193
2818
2844
2392
2264
1955
1891
1941
2144
2126
1607
1528
1272
982
701
535
624
539
287
-49
-375
-362
-352
-277
-361
-609
-773
-972
-783
-521
-303
-443
-745
-750
-595
-354
-99
-58
-82
-317
-296
-42
291
381
222
37
-26
159
92
1
-294
-246
-559
-580
-668
-875
-1223
-1631
-1454
-1581
-1661
-2040
-2005
-2079
-1829
-1394
-1350
-1700
-2271
-1958
-1273
-548
-267
-521
-1139
-1524
-853
371
1123
1148
677
200
156
784
1850
2227
1735
816
273
488
1201
1790
1565
668
-211
-533
-114
563
748
210
-792
-1239
-890
-220
182
-4
-547
-1086
-1082
-493
48
168
-60
-340
-366
-162
275
642
676
607
489
577
774
965
1043
944
918
920
986
1043
1123
1249
1146
1024
1008
986
1056
961
1224
1233
954
696
657
825
800
725
594
306
-32
-190
-63
141
37
-283
-666
-710
-642
-422
-209
-194
-337
-513
-463
-269
-167
-63
6
-86
-169
-235
-139
-27
93
111
97
121
57
-187
-233
-60
5
-109
-314
-536
-827
-1006
-859
-773
-883
-1329
-1743
-1835
-1677
-1506
-1518
-1684
-1944
-2005
-1826
-1523
-1422
-1343
-1464
-1369
-986
-667
-602
-737
-512
-133
166
424
638
643
447
603
1116
1451
1445
1242
1157
1088
1195
1356
1370
1198
845
519
488
556
480
182
-105
-302
-387
-414
-387
-298
-426
-541
-538
-289
-32
57
138
203
356
420
560
815
1056
1108
973
1070
1236
1338
1336
1367
1437
1404
1177
1016
1053
1053
936
696
552
388
219
124
88
116
-92
-348
-413
-393
-371
-502
-425
-371
-407
-448
-452
-244
-213
-283
-297
-197
-100
-114
-54
25
15
-17
41
119
140
109
62
-6
-131
-269
-317
-356
-406
-591
-741
-823
-999
-1134
-1236
-1062
-986
-1147
-1319
-1370
-1360
-1274
-1029
-816
-858
-1069
-984
-612
-255
-103
-111
-68
-15
116
364
653
754
562
472
585
840
926
814
713
531
441
396
420
437
216
8
-199
-201
-163
-218
-348
-495
-572
-644
-656
-571
-533
-563
-512
-416
-330
-316
-279
-184
3
122
156
184
214
286
367
556
662
661
559
575
776
839
863
859
827
791
713
833
878
813
641
451
571
622
599
469
326
241
137
180
284
248
55
-154
-72
138
201
143
-31
-86
-47
90
219
173
26
-131
-89
134
275
183
-72
-220
-159
-49
-41
-116
-327
-501
-547
-452
-371
-451
-601
-697
-743
-749
-702
-624
-579
-639
-658
-679
-610
-568
-521
-392
-300
-253
-283
-215
-65
37
68
111
165
178
181
274
375
346
258
227
270
237
162
142
123
77
-4
-23
-18
-82
-133
-123
-68
-140
-255
-298
-262
-219
-179
-196
-248
-260
-283
-201
-129
-106
-189
-267
-197
-115
-52
-53
-138
-119
-93
20
72
74
83
60
126
172
268
303
222
213
235
374
461
471
483
370
375
483
647
708
617
561
549
566
630
711
745
660
470
408
489
538
472
349
235
113
6
10
9
-96
-294
-443
-428
-408
-415
-480
-622
-727
-702
-615
-589
-695
-747
-760
-688
-575
-564
-549
-610
-593
-452
-319
-212
-315
-387
-341
-213
-41
-41
-72
-107
-69
15
48
72
44
3
13
26
48
-26
-51
-34
-5
-4
-19
-30
-79
-119
-110
-16
52
62
8
51
145
218
255
257
332
298
229
225
288
311
249
185
136
111
52
53
76
36
-83
-146
-86
-84
-90
-114
-110
-160
-221
-212
-164
-114
-89
-80
4
29
4
48
142
293
357
417
456
466
541
665
816
851
783
766
756
793
818
791
781
668
566
478
417
340
235
178
88
-18
-129
-249
-323
-344
-377
-414
-507
-577
-562
-519
-458
-454
-504
-548
-515
-402
-342
-339
-381
-393
-351
-286
-180
-130
-128
-191
-256
-236
-142
-103
-112
-139
-181
-261
-291
-223
-155
-207
-288
-360
-426
-411
-351
-264
-290
-356
-412
-392
-311
-233
-180
-137
-103
-68
-25
93
192
241
244
239
315
364
409
442
439
408
301
248
266
282
299
221
91
-36
-173
-216
-160
-113
-181
-350
-463
-492
-482
-454
-373
-340
-392
-461
-402
-253
-143
-89
-49
11
102
169
254
347
438
519
593
685
710
728
713
775
817
820
819
758
655
545
545
595
533
393
221
138
119
122
100
-7
-147
-260
-275
-226
-194
-247
-327
-402
-399
-357
-302
-264
-265
-281
-279
-226
-199
-194
-162
-89
-18
-31
-92
-111
-71
24
93
115
35
-63
-82
-55
24
4
-61
-135
-207
-213
-184
-120
-122
-182
-246
-249
-209
-198
-171
-165
-146
-135
-116
-38
-16
-3
-10
47
141
143
125
87
99
90
109
162
160
83
-24
4
79
81
-24
-109
-132
-166
-164
-119
-139
-261
-353
-324
-222
-212
-304
-349
-328
-262
-192
-145
-134
-115
-125
-76
46
132
141
143
216
300
329
314
330
399
477
528
555
495
444
458
522
559
482
379
304
306
356
359
322
184
81
54
106
138
48
-30
-116
-167
-143
-149
-173
-218
-227
-202
-207
-238
-312
-314
-272
-231
-169
-174
-205
-256
-241
-126
-41
-37
-115
-135
-115
-100
-49
-4
-4
-97
-144
-115
-84
-55
-77
-82
-77
-85
-90
-83
-38
7
2
-9
-5
-8
-46
-43
30
84
47
-37
-79
-95
-85
-36
29
24
-97
-224
-238
-182
-129
-115
-161
-246
-339
-335
-223
-159
-184
-263
-319
-307
-239
-137
-109
-123
-139
-105
-20
39
91
104
136
180
222
264
296
323
340
386
434
444
411
388
393
393
416
414
368
294
242
257
278
268
239
194
138
111
116
134
133
105
46
46
72
114
104
64
14
-47
-32
-21
13
-29
-92
-122
-156
-164
-194
-214
-256
-294
-322
-329
-329
-376
-410
-427
-436
-432
-445
-431
-371
-354
-354
-356
-335
-285
-225
-159
-115
-77
-79
-72
0
115
183
200
188
210
254
311
373
409
379
305
304
344
360
321
279
215
148
122
116
118
55
-24
-62
-99
-139
-174
-201
-208
-212
-241
-244
-241
-228
-224
-236
-199
-163
-118
-73
-26
10
-2
14
55
149
216
220
198
169
200
268
335
385
355
275
221
260
355
371
336
239
140
75
96
177
194
115
3
-65
-39
23
60
82
47
28
0
35
109
152
135
91
88
105
88
105
145
152
144
94
90
67
36
29
43
27
-67
-151
-195
-198
-214
-242
-297
-357
-405
-413
-386
-366
-382
-404
-392
-365
-348
-320
-283
-264
-225
-162
-103
-73
-65
-29
46
99
132
149
190
207
204
235
268
279
266
234
191
157
113
113
110
61
-10
-80
-130
-167
-168
-162
-202
-305
-358
-358
-333
-334
-348
-344
-346
-321
-287
-230
-192
-182
-168
-138
-52
15
46
50
64
116
156
199
245
281
271
268
264
292
288
287
282
268
260
227
223
208
209
171
142
139
148
150
142
153
139
114
94
135
160
173
186
198
191
177
173
177
200
198
198
192
182
164
151
153
126
79
30
-24
-47
-64
-116
-180
-278
-342
-358
-375
-398
-431
-477
-494
-495
-476
-443
-437
-446
-445
-410
-380
-352
-318
-261
-208
-174
-158
-122
-81
-34
39
94
117
74
56
101
144
161
154
125
83
38
23
45
43
-2
-53
-70
-92
-109
-108
-103
-124
-148
-142
-127
-106
-79
-59
-16
22
59
77
86
124
168
222
247
276
277
304
337
369
393
372
344
311
305
313
321
314
296
256
194
147
140
127
86
67
34
12
-7
-7
5
-1
-12
-32
-9
25
42
68
93
78
36
9
9
31
56
57
40
2
-42
-52
-49
-54
-86
-119
-151
-195
-230
-257
-289
-324
-340
-353
-364
-375
-396
-387
-380
-396
-407
-379
-343
-321
-296
-268
-251
-229
-195
-143
-72
-52
-32
13
65
123
147
168
186
181
207
252
284
283
251
211
174
167
202
233
215
145
90
83
86
102
88
61
23
-8
0
29
44
21
-4
-1
39
53
50
69
78
87
87
111
146
192
214
231
251
234
209
197
209
204
189
153
143
132
108
96
60
33
-11
-32
-22
-38
-64
-113
-143
-150
-136
-108
-107
-104
-108
-106
-80
-48
-33
-50
-69
-42
-2
23
39
53
46
43
50
69
77
59
56
47
45
34
4
-15
-39
-54
-78
-113
-148
-195
-219
-259
-278
-304
-317
-311
-287
-245
-231
-234
-233
-197
-176
-150
-104
-58
-48
-37
-26
-1
28
42
69
81
75
52
50
72
96
91
85
100
110
136
156
177
172
148
150
155
153
130
102
88
65
59
48
35
30
21
18
31
57
61
40
18
32
56
91
105
108
101
79
80
86
108
96
74
80
95
96
84
82
74
71
68
73
74
41
-3
-32
-38
-26
-30
-57
-84
-106
-118
-123
-111
-126
-172
-215
-223
-178
-160
-136
-152
-174
-184
-165
-112
-97
-96
-130
-141
-127
-107
-99
-100
-103
-110
-99
-82
-59
-48
-49
-57
-53
-45
-37
-28
-21
-16
-29
-48
-42
-28
-15
-16
-46
-54
-40
-13
15
7
-18
-32
0
47
80
89
56
41
63
107
144
156
134
91
78
105
140
152
149
117
76
71
111
126
118
82
37
4
0
32
34
32
19
5
-1
-4
2
30
43
44
30
10
11
16
29
37
28
38
33
25
35
39
44
34
52
54
61
67
85
118
103
95
91
74
57
35
24
5
-27
-34
-41
-38
-60
-72
-66
-58
-40
-52
-66
-93
-112
-111
-104
-99
-116
-143
-147
-126
-102
-96
-111
-104
-102
-103
-78
-56
-44
-42
-49
-41
-10
15
23
4
-5
-8
-11
-13
-10
-14
-18
-6
18
40
60
47
57
46
39
56
61
71
55
41
36
31
43
62
76
85
72
68
89
133
162
165
158
147
162
213
265
298
295
257
221
222
228
246
219
169
113
63
69
99
136
128
91
53
35
30
11
-9
-57
-94
-115
-126
-114
-138
-174
-219
-225
-216
-237
-262
-283
-293
-277
-263
-218
-205
-222
-228
-220
-210
-211
-205
-211
-217
-217
-212
-194
-194
-211
-212
-207
-177
-149
-135
-141
-169
-172
-160
-129
-101
-83
-68
-71
-70
-59
-48
-16
-2
-2
-4
-1
18
45
99
137
166
162
178
187
178
206
230
241
246
269
278
284
271
273
268
253
249
231
220
190
154
131
91
70
41
31
-13
-24
-54
-51
-43
-51
11
-33
76
36
50
64
42
103
42
125
95
69
97
48
163
70
129
75
35
84
-15
103
-74
-8
-112
-81
-58
-101
-30
-99
-102
-183
-149
-174
-142
-209
-228
-250
-259
-250
-211
-196
-191
-189
-266
-210
-259
-160
-203
-163
-190
-189
-154
-154
-80
-132
-83
-156
-123
-131
-109
-78
-82
-62
-100
-88
-107
-63
-58
-33
-61
-40
-67
-59
-59
-33
-33
-18
-31
-43
6
8
81
41
94
34
82
66
112
114
83
153
88
160
136
207
174
196
176
215
209
272
253
245
240
206
266
193
276
198
192
115
102
88
72
92
50
79
23
66
55
53
52
53
60
86
82
114
87
91
67
22
30
49
60
62
78
81
44
50
47
65
103
86
142
120
72
57
41
-17
4
-58
-87
-78
-139
-55
-124
-70
-35
-47
-36
-66
-75
-55
-62
12
-17
-103
20
-181
-13
-101
-24
-92
-96
-122
-164
-48
-296
103
-322
20
-304
-102
-115
-402
156
-518
-65
-312
-262
-213
-310
-27
-254
-223
-41
-330
-253
-198
-296
112
-435
132
-91
-293
156
-178
194
-161
193
55
14
185
3
257
-162
303
50
165
304
76
228
-7
198
222
66
261
275
-49
312
114
102
274
91
98
112
77
112
104
110
156
-39
175
66
125
40
265
-71
142
120
-111
269
-151
295
11
-170
233
-251
-161
85
-112
-74
47
-68
112
-46
-52
171
-161
191
-189
20
-209
-134
-133
36
-86
-201
188
-400
118
-217
-2
-146
-62
-22
-178
269
-403
323
-242
-48
47
-176
391
-304
275
-289
196
-292
172
123
-311
480
-391
95
-68
-274
-148
-170
2
-306
-61
55
-312
-52
10
-191
-203
355
-299
66
108
-228
12
-61
150
-49
52
121
-214
1
17
-255
225
-284
49
-53
123
82
-131
394
-429
192
35
39
186
7
80
-43
136
4
258
194
123
89
108
-54
347
-80
379
76
391
-66
296
410
36
430
46
521
-514
624
-55
160
285
341
-181
291
-21
-108
113
-3
282
-551
754
-765
171
-218
17
-101
37
256
-152
-88
100
-436
83
67
-581
672
-742
469
-582
259
-126
-691
721
-590
-5
-53
-155
-170
-441
187
-284
-264
201
-422
5
-504
182
-423
-222
85
-501
76
-167
-20
72
-508
456
-714
96
-105
-53
169
-607
702
-691
90
-58
90
-110
-63
292
-116
-24
77
-88
131
148
-21
242
67
-161
297
-160
389
-182
333
330
-247
450
-227
318
-120
305
210
71
207
116
118
316
-200
681
-15
-248
722
-242
268
170
427
-98
256
123
406
-317
436
38
-244
504
-379
645
-586
428
-185
-26
-103
246
-285
316
-276
167
160
-776
1047
-875
617
-160
-67
217
-492
204
-257
194
-134
-251
448
-598
368
-153
-33
-60
-268
153
-193
-197
34
-138
-234
-144
-148
144
-524
51
108
-309
-550
248
-433
-281
-330
79
-167
-504
80
-307
-207
-577
373
-542
282
-495
382
-234
-291
267
-270
-4
68
80
-226
385
-662
757
-576
108
261
-681
958
-718
450
122
-230
217
-299
493
-145
-195
696
-501
328
111
-20
448
-480
884
-484
301
566
-641
743
-466
410
-194
157
581
-582
766
-317
-58
426
-634
828
-543
396
61
-235
302
-226
177
-31
-42
271
-190
144
164
-160
193
-153
230
-88
189
96
117
73
-167
380
41
-271
699
-255
179
-60
46
325
-623
789
-253
40
311
-57
218
-19
115
-59
184
-39
-72
38
-72
-211
-146
222
-242
-216
248
-98
-370
387
-416
36
-143
-173
187
-606
577
-516
43
119
-438
61
-295
17
-191
-49
104
-307
-1
33
-306
31
8
-60
-259
301
-222
-413
266
-181
-203
169
134
-167
-64
131
-4
-116
200
267
-428
549
-320
136
239
-218
480
-472
394
-272
-59
377
-335
256
81
-279
368
-313
-18
175
-185
96
10
23
-116
-58
-81
-63
-279
360
-469
67
-40
-235
-38
51
-45
-319
433
-691
605
-517
412
-354
173
-39
4
-66
191
165
-435
893
-743
879
-644
672
-129
-313
599
-392
441
-112
294
-123
218
-22
-4
167
-5
92
45
120
-22
14
232
-109
152
146
-39
266
65
68
260
102
-301
478
7
-497
548
-189
-236
220
-198
203
-304
130
360
-928
859
-437
-335
570
-447
369
-279
310
-12
-312
149
-23
-170
139
-79
127
-233
5
127
-223
80
38
-129
-170
21
-119
-118
145
-176
-152
171
-439
396
-346
268
-220
83
-171
289
-280
49
139
-391
233
-203
221
-230
-5
9
-225
-218
370
-711
308
33
-264
103
102
-32
-49
26
227
-402
55
314
-358
386
-256
292
-255
-45
179
-151
210
-157
252
-104
-41
122
-73
-183
134
-86
15
6
162
76
-95
305
-214
412
-416
210
210
-418
254
241
-304
280
-91
363
-401
77
625
-853
830
-314
201
-46
-171
557
-602
597
-56
-79
380
-278
333
-74
229
191
-355
739
-827
763
-406
7
606
-1016
1130
-676
254
259
-616
852
-814
555
177
-439
1019
-922
687
-274
-227
674
-902
889
-598
117
78
-496
687
-759
405
-37
-447
556
-488
452
-206
-162
359
-560
386
-1
-155
120
-81
-237
56
-99
-54
-40
-106
238
-513
522
-347
104
132
-360
593
-519
553
-110
71
157
-190
370
-202
179
197
-256
299
-29
-54
167
-37
142
-200
430
-229
-14
169
-453
172
-117
-32
4
-122
260
-716
525
-365
-284
469
-629
377
-448
207
-278
-160
216
-565
405
-460
71
-44
-341
244
-542
271
-202
-180
313
-220
116
-85
6
34
-73
-73
459
-418
232
-66
-73
-40
-95
566
-634
344
193
-519
457
-294
274
-100
-229
428
-735
556
-677
143
-28
-439
344
-478
72
-289
-121
85
-316
282
-156
-287
601
-999
978
-653
309
-212
-90
294
-725
604
-381
15
-358
553
-565
157
322
-253
246
-9
180
68
40
210
251
-235
527
-100
-82
429
-376
532
-270
153
204
-1
-109
258
-48
52
20
223
368
-448
781
-438
142
22
-7
62
26
78
-211
200
-399
232
-125
181
-142
101
96
-209
206
-136
255
-285
432
-285
84
70
-159
222
-173
295
-375
392
-324
84
-160
41
-118
84
100
-169
404
-596
536
-315
-77
413
-298
95
41
32
-232
-83
311
-568
286
-30
-165
-21
-42
-122
-120
-2
-35
-229
58
-102
-347
204
-569
513
-563
186
146
-413
246
-393
199
-63
-334
600
-422
-52
362
-597
539
-625
512
-328
32
202
-298
476
-276
332
-30
195
-167
309
71
125
-26
254
80
-407
272
-51
-29
-84
289
145
-318
474
90
-308
603
-308
572
-324
334
215
-488
401
-43
-43
129
-14
89
0
33
65
49
112
42
426
-335
562
-239
-46
361
-274
212
-38
-46
330
-630
468
35
-503
540
-306
216
-234
209
32
-195
-98
415
-515
76
69
-295
19
-342
539
-714
513
-459
68
-34
-381
499
-687
522
-643
311
-291
-261
119
-184
-359
310
-135
-165
223
-484
699
-1262
1184
-883
355
65
-172
235
-150
71
-182
501
-569
565
-298
475
-788
836
-364
-39
273
106
-60
-248
757
-664
481
-181
286
-440
401
-94
11
-141
294
-78
-444
848
-685
569
-332
404
-266
-133
410
-419
248
-100
318
-429
409
-116
-227
88
72
-102
-184
268
-157
-247
159
-125
-39
-43
110
-48
-30
302
-318
415
-371
129
-141
-26
99
-244
403
-360
45
-66
11
-173
-137
541
-616
271
94
-291
89
-183
397
-431
189
235
-449
137
116
-181
-51
69
277
-743
653
-268
-156
184
-142
374
-797
757
-564
24
190
-119
104
-130
58
46
-326
480
-430
430
-89
-67
220
-458
737
-895
980
-633
420
-46
34
317
-338
514
-109
-9
401
-20
32
343
-56
336
-383
669
-340
261
-26
228
93
-161
483
-218
159
-127
339
-228
237
-144
323
-536
346
-53
-370
382
-140
79
-296
492
-361
156
-107
264
-326
47
142
-163
118
-200
236
-393
219
-228
16
30
-213
199
-416
312
-393
99
134
-95
-131
157
-159
41
-78
186
122
-336
365
-253
140
-313
475
-192
108
240
-131
123
-122
-3
217
-242
173
37
-106
-130
14
-90
-45
61
19
149
-383
436
-220
-43
160
-19
-182
172
-296
237
-315
252
-156
-109
238
-439
362
-304
267
-201
132
-45
88
18
-97
411
-522
542
-381
354
-307
301
-33
-316
410
-499
404
-339
236
-12
16
-22
155
-361
437
-438
65
262
-453
419
-256
127
-298
289
-269
33
181
-199
168
-134
77
161
-525
754
-616
204
85
-143
425
-540
614
-389
-42
141
-33
-9
175
-27
49
-193
172
-138
-23
282
-268
318
-295
101
-119
114
37
-143
247
-33
-190
154
51
-180
116
88
-69
-163
240
-85
-322
327
-194
40
65
-126
396
-753
580
-133
-404
361
-111
62
-448
479
-433
-84
23
-103
-38
-318
166
162
-757
700
-542
76
160
-341
737
-810
683
-269
-5
282
-144
141
241
-365
300
2
-175
382
-349
389
-562
323
-104
-30
72
-49
163
-477
374
-350
78
-28
-28
-36
-35
-227
344
-296
-10
359
-488
323
-540
702
-590
215
278
-370
-4
65
-228
187
-105
-64
246
-334
346
-475
650
-567
311
64
57
79
6
477
-441
366
70
3
-38
431
-324
281
-162
364
-380
346
55
-255
408
-351
518
-520
604
-366
384
-242
228
116
-347
524
-404
331
-373
494
-557
282
-155
-31
-59
-312
458
-740
406
-134
-116
-43
270
-376
174
-128
-53
-188
54
54
-170
281
-351
319
-431
384
-279
247
-22
-1
223
-219
191
-103
-35
-196
483
-661
550
-100
-256
337
-331
380
-421
355
148
7
-64
401
-8
-293
512
1
-114
131
181
-228
-93
41
35
-194
19
108
-189
64
-149
187
-263
183
93
-263
495
-520
473
-228
-62
242
-218
103
54
-27
126
-261
106
-107
-194
399
-398
192
53
-243
139
-164
271
-367
239
207
-490
585
-300
62
99
-186
265
-522
547
-199
-394
562
-346
-309
392
-258
-112
43
142
-176
-109
249
-235
-155
214
-192
-122
138
-219
-36
-80
112
-299
12
254
-475
220
204
-383
414
-419
356
-240
-33
183
-314
181
-307
210
-157
-61
229
-394
369
-140
-219
523
-684
764
-638
463
-75
-294
558
-644
534
-354
279
-202
283
-62
32
64
-149
148
-26
11
294
38
-124
192
44
-24
-27
496
-260
234
39
64
-55
83
160
-219
272
-129
39
-62
87
-21
-237
451
-469
280
10
-52
82
66
15
-34
361
-376
514
-112
32
216
-30
1
399
-421
551
-85
22
424
-569
1114
-1043
642
64
-371
564
-515
601
-636
390
-255
-64
262
-250
324
-275
327
-368
389
-215
-30
124
-71
-42
-94
131
-175
-46
-72
76
-316
242
-318
222
-347
51
99
-257
88
-94
49
-286
-6
-102
-117
-368
218
-339
-241
-11
-223
-75
-439
501
-890
519
-356
-240
383
-615
439
-512
356
-218
-69
162
-93
-63
-32
22
44
-187
242
-50
-218
181
-180
289
-542
653
-345
-49
163
-165
97
-278
333
-377
241
-191
115
-61
-119
39
-70
12
20
12
196
-151
76
324
-457
442
23
-197
291
-97
66
-11
-121
192
-311
82
39
-132
256
-245
242
-111
-44
93
-52
178
-33
132
53
-151
260
-306
116
193
-446
369
-242
-44
96
-300
471
-425
181
18
-43
59
-175
193
-43
-45
37
159
-209
220
-165
85
140
-212
253
87
-197
337
-342
267
-94
-206
395
-361
331
-444
428
-214
-29
327
-297
426
-439
382
-21
-172
328
-153
91
-73
56
77
-119
-52
167
-159
-39
79
-97
148
-281
369
-258
45
124
43
-20
-19
120
-181
133
-136
175
-53
-44
-66
197
-317
220
-26
-55
314
-437
453
-254
137
-67
197
-34
-147
289
-164
111
-137
275
-195
65
83
-27
-50
120
14
-162
383
-355
251
-63
-73
-16
26
-92
37
-141
189
-54
-228
308
-308
189
-104
60
53
-128
129
-101
150
-35
11
66
-30
87
-123
249
-172
-46
168
-257
42
-43
-3
87
-319
368
-233
-213
286
-300
110
-97
22
62
-193
173
-76
-73
44
-141
116
-83
285
-299
241
0
-298
173
-163
191
-270
130
148
-365
207
48
-221
195
-78
19
14
-8
41
-67
27
-35
-67
-31
106
-129
180
-48
24
6
-73
300
-157
82
184
-128
1
60
156
-302
235
-152
-36
-79
50
41
-272
468
-398
137
-55
22
-275
101
-12
-261
119
-29
-77
-178
278
-303
-11
145
-12
-162
177
74
-281
198
-78
124
-241
148
46
-263
379
-284
237
9
-158
209
-37
-27
87
0
346
-495
299
116
-371
247
43
41
-213
406
-350
185
-120
177
-108
55
330
-470
563
-366
128
-49
51
-22
-108
170
-228
175
-122
-8
170
-166
-37
74
3
-30
-78
400
-377
160
175
-269
332
-160
238
-216
311
-124
-119
407
-348
207
-91
288
-238
87
334
-423
315
-239
145
4
-171
342
-302
186
5
-152
265
-247
88
-39
-186
269
-365
189
88
-291
258
-205
262
-194
124
166
-238
215
-119
90
-80
-202
233
-363
41
80
-229
137
-130
28
-4
-42
149
-45
-12
118
-152
23
105
46
-153
221
-21
-151
68
9
126
-181
264
-43
-91
173
-87
170
-54
103
-34
29
22
44
-69
12
11
-149
61
-42
78
51
-85
211
-123
0
133
103
-87
145
127
-245
259
-253
150
18
-1
140
-61
83
-5
-37
205
-128
1
263
-288
157
71
-154
-51
90
-167
-112
15
79
-265
54
184
-362
168
-13
-100
-90
163
-165
17
238
-340
311
0
-114
98
-8
162
-175
169
177
-232
130
147
-97
-40
59
107
-177
22
69
-162
-40
-16
56
-286
69
127
-341
152
-2
-96
-48
55
-30
-12
-182
224
-164
14
124
-102
209
-126
87
-14
76
-117
124
-6
-88
18
-72
-31
-33
-130
87
-69
-144
8
25
-165
29
82
-30
-40
92
146
-215
195
124
-82
86
131
-128
9
37
10
64
-88
192
-39
-41
139
2
-89
152
-16
-103
114
-262
188
-200
-108
117
-78
-84
11
-11
-79
-115
52
128
-282
76
90
-152
-146
224
11
-158
72
92
23
-325
363
-79
-171
0
143
-79
-223
142
0
-94
-90
224
-91
-192
174
48
-224
-2
165
-188
-97
42
30
-238
-108
266
-330
-108
132
-36
-220
112
37
-197
53
-146
149
-209
29
105
-99
35
-99
238
-147
-38
260
-66
-24
30
129
-140
-64
294
-149
40
34
68
-1
-120
202
26
-18
36
211
-117
-16
225
15
83
43
279
-49
-47
281
-110
32
-57
266
-142
-96
200
-163
96
-278
361
-270
61
12
72
-39
-147
238
-125
-105
67
304
-469
402
-193
-21
-128
-12
104
-325
160
-123
22
-343
306
-238
-138
161
-19
89
-238
278
-84
-136
17
226
-240
-77
182
-221
-49
-114
97
-85
-260
192
26
-312
144
-59
63
-176
-20
402
-516
181
212
-295
105
28
232
-276
122
146
-121
-36
60
272
-351
178
194
-185
97
25
155
-50
-84
182
13
-53
17
211
11
-165
254
47
0
58
199
123
-222
222
136
-33
-92
324
116
-347
372
-42
31
-31
148
135
-222
202
-110
195
-191
175
-14
85
-74
-57
394
-295
73
60
136
-286
75
173
-254
0
98
-43
-173
89
-10
77
-71
89
-15
-38
-44
-65
131
-289
228
-89
-45
132
-118
23
41
89
-167
210
27
-156
141
-47
-127
12
-42
13
-218
50
13
-322
151
68
-189
3
222
-219
-106
248
-99
12
-5
147
-25
-132
317
-218
105
2
-92
2
-62
-71
-39
-16
-94
82
-282
129
-225
42
-120
-13
61
-143
67
-159
117
-196
23
-11
-32
-31
60
-60
33
-148
86
54
-234
295
-199
57
-29
30
-91
12
22
84
-84
22
106
-186
138
-93
242
-135
110
108
40
-124
120
96
-113
98
97
62
-114
152
-120
188
-70
0
253
-199
52
82
95
-56
187
0
37
30
-40
122
-201
34
55
-212
-83
136
-169
-166
185
-101
-41
-84
220
-138
-104
138
17
-228
23
210
-236
40
-32
179
-281
182
145
-234
205
-274
126
-82
-244
183
-117
-18
14
95
-56
30
146
-47
163
-97
147
-81
-138
313
-261
12
209
-142
5
-38
105
-164
-94
337
-276
100
92
-109
25
-44
55
-164
119
-197
71
-79
-19
-76
64
76
-160
218
6
-128
44
137
-219
100
34
-65
-72
-20
62
-200
98
-81
101
-69
72
112
-33
12
58
3
-38
63
-72
35
-59
-31
-88
101
-132
92
-17
-124
42
-41
0
56
98
-44
91
-239
173
-126
-76
134
-57
-41
-18
52
33
-75
113
123
-160
166
6
3
85
-176
58
63
-260
93
146
-96
-53
102
23
-144
29
206
-99
-108
201
-15
-206
248
-34
12
156
68
45
56
95
-110
88
173
-27
-36
137
-124
-99
86
-42
40
16
-104
-2
-117
-150
49
-98
140
-133
96
-13
-192
135
33
-45
179
12
-72
163
-81
28
38
126
-97
63
72
-124
-58
119
-125
-91
125
-150
-22
56
-35
91
-125
71
33
-29
32
121
-51
-63
167
-109
-21
139
39
-108
68
210
-232
53
323
-224
-16
292
-162
-61
174
53
-84
52
160
-136
13
65
-122
-7
-19
-74
-97
35
35
-74
35
-29
11
-134
68
235
-69
-61
243
-135
-181
175
26
-180
52
-44
-89
-58
-24
-98
2
13
-258
87
6
-141
-72
133
-7
-223
94
63
-187
-27
-8
-60
-160
-111
79
-87
-125
29
-30
-39
-29
135
18
4
45
-20
-104
76
26
-92
156
-68
-83
24
-58
-10
23
32
67
24
0
7
31
27
67
-71
144
0
-241
159
39
-94
-130
209
-88
-149
145
63
-82
-58
155
21
-166
160
85
-64
94
87
161
-111
234
22
67
158
-51
83
19
52
-25
41
-10
-62
-36
36
-5
-25
85
-22
6
27
14
-74
-63
152
-96
4
116
-60
-75
38
-26
30
-44
54
2
-44
58
0
-20
3
74
-68
6
80
2
40
82
89
-73
-69
70
-123
-80
141
33
-123
111
42
-97
80
-44
3
11
-7
-3
16
9
-50
-37
-1
-32
-125
44
-91
-44
43
-52
62
-62
-60
-32
-42
-125
17
-39
-64
16
-120
-2
-106
-55
-17
-47
-3
36
-42
-72
31
-25
-59
67
57
-124
28
45
-63
11
119
20
-22
71
41
-32
13
59
93
-69
65
25
-17
-3
130
114
71
116
140
63
-4
198
35
-10
110
123
-27
94
167
-27
-4
122
16
13
102
23
-4
-52
-17
10
-53
30
15
-41
5
-49
88
-7
-65
20
-53
-33
43
97
-6
-9
-34
-150
-87
-8
18
-40
-71
-76
-127
-103
-118
-1
-1
-56
-34
58
-4
-65
77
-3
-50
-73
-15
-47
-98
-66
-15
-102
-42
-6
-124
-30
-124
-74
-82
-58
33
-49
-77
-21
-46
-105
-25
54
-51
42
13
25
64
-4
79
20
79
8
51
75
36
-37
12
-28
-69
-59
57
15
15
83
58
-17
18
100
17
57
106
62
7
72
-5
-6
16
28
10
-35
87
-31
28
50
12
2
-65
-22
-58
-50
-33
26
-51
23
45
-9
55
51
-5
31
36
54
8
30
7
-41
-15
-43
18
-66
33
-2
-52
9
-92
-40
-24
-50
-8
33
8
-84
-4
-83
-112
-78
-77
-15
-59
-3
-73
-134
-71
-85
-92
2
2
-24
-61
-27
-93
-67
-92
-119
-80
-113
-92
-38
-8
-21
-5
-61
-56
-40
-28
-20
55
8
-3
27
-39
-8
39
35
43
140
89
99
87
36
36
-19
-46
1
-6
29
32
21
29
-46
-6
53
34
107
176
131
86
116
81
33
110
104
119
82
128
109
59
132
66
40
24
26
16
15
68
57
37
30
38
-17
-20
37
4
33
55
10
-3
-27
0
-70
-23
2
-86
-15
-54
-120
-69
-77
-65
-5
-12
16
-79
-59
-98
-75
-24
-44
-68
-40
-54
-107
-51
-74
-91
-67
-109
-51
-50
-53
-3
-55
-54
-81
-54
-27
-40
41
36
-5
57
57
12
61
70
-12
-3
-13
-26
-7
36
50
0
21
16
-4
31
80
75
72
103
79
117
114
137
103
74
88
44
36
41
48
-6
44
51
-2
44
60
3
12
12
-3
10
38
34
51
42
66
47
-2
68
63
46
74
63
87
61
40
11
-25
-72
-86
-83
-60
-49
-69
-45
-59
-99
-62
-50
-53
-28
-44
16
-34
-11
-4
-23
-44
-25
-35
-48
-39
-9
-8
-23
9
-28
-17
-31
15
-15
8
10
-30
-9
-23
-13
-25
-12
-9
-20
-64
-36
-37
-74
-16
18
5
13
50
23
-9
24
13
2
19
17
6
-5
-23
32
-14
-7
10
-55
-28
-20
-18
-13
31
8
4
10
-8
-53
-6
-9
-29
-12
-23
-47
-58
-43
-42
-56
-27
-34
-31
-22
19
12
-7
40
-13
-25
-7
-18
-46
-4
3
-15
7
36
34
42
58
67
47
66
58
40
21
-37
-18
-55
-28
-48
-24
-31
-19
38
-16
55
46
55
50
94
84
71
71
57
40
40
23
17
25
9
37
56
60
42
64
62
20
35
51
19
47
15
22
13
-5
1
-18
-13
-8
29
3
44
46
20
49
9
8
-42
-48
-61
-64
-36
-31
-17
-34
-14
2
-10
17
17
12
-6
4
-5
-18
-26
-46
-52
-76
-55
-73
-66
-38
-16
-9
9
20
-7
10
-13
11
-2
11
15
-17
8
-6
8
10
-4
19
11
-1
19
9
-9
-6
-34
-34
-34
-49
-14
-20
0
19
23
33
48
62
71
77
59
50
19
13
-10
-12
-59
-61
-50
-67
-27
-3
14
3
26
20
6
-2
26
4
4
-5
-13
-16
-30
-22
-10
-32
-15
16
0
22
5
6
-16
-48
-50
-81
-89
-99
-89
-81
-70
-53
-50
-34
-6
-9
15
13
27
14
-5
16
-35
-53
-47
-82
-76
-91
-81
-62
-41
-31
2
9
5
28
13
10
-2
-4
-31
-18
-28
-23
-29
4
-13
6
21
23
40
28
49
34
36
11
31
20
17
29
26
31
33
52
41
62
61
68
49
48
30
10
4
-8
-11
-29
-35
-22
-26
-31
-4
1
11
8
34
17
21
15
23
3
-21
-6
-28
-29
-27
-13
-20
-18
-14
-14
-34
-12
-18
-31
-25
-49
-41
-63
-55
-49
-46
-54
-31
-36
-7
12
10
15
11
4
-5
4
-29
-20
-35
-52
-65
-49
-54
-50
-9
-4
0
25
27
27
40
51
27
27
22
-2
-8
-14
-11
-31
-15
-8
-5
0
24
28
34
34
48
32
27
36
17
32
6
17
30
17
18
46
22
40
53
37
33
32
21
-5
14
-17
-14
-7
-20
-23
0
-12
0
34
18
48
38
43
27
28
25
-4
-8
-15
-22
-42
-30
-25
-39
-28
-12
-10
-11
21
8
17
11
-2
-6
-7
-12
-2
4
-4
11
11
21
25
20
19
15
-5
-3
-18
-5
-21
-12
-24
-28
-5
-16
7
35
39
40
64
55
59
55
50
29
24
0
-13
-13
-27
-12
-11
-1
7
14
28
28
38
41
26
46
29
23
33
22
10
17
20
10
21
17
27
20
20
24
10
11
0
-9
-14
-19
-15
-25
-9
-23
-9
9
-11
17
24
9
20
19
-3
9
-11
-24
-21
-35
-41
-47
-44
-49
-40
-43
-30
-28
-23
-5
-14
1
-5
-10
-6
-8
-12
-12
-20
-20
-32
-31
-30
-37
-30
-29
-33
-38
-34
-32
-26
-19
-13
-20
-11
-9
2
2
13
17
0
9
-2
-6
-8
-4
-7
-13
-4
-15
-12
2
4
6
10
7
2
21
0
16
25
6
17
17
12
8
26
