-12
-11
-20
-26
-29
-33
-35
-35
-30
-29
-31
-34
-36
-36
-41
-51
-52
-52
-54
-51
-49
-48
-43
-46
-48
-42
-47
-48
-55
-54
-55
-55
-55
-58
-53
-46
-36
-25
-9
-3
9
12
15
20
17
18
13
18
15
17
21
21
27
26
30
32
25
22
25
26
36
45
51
65
63
67
64
64
70
73
75
59
44
44
33
30
37
31
38
32
42
44
28
25
20
29
25
23
17
0
-1
-13
-21
-20
-8
0
2
1
-3
-13
-10
-8
-9
-1
-11
-14
-12
-16
-15
-23
-24
-28
-44
-46
-49
-38
-38
-39
-43
-32
-30
-32
-22
-31
-25
-24
-15
-19
-19
3
5
10
2
-1
5
12
24
20
23
19
15
11
1
3
-9
-22
-30
-28
-32
-37
-25
-22
-25
-21
-4
8
15
13
9
6
5
3
4
-5
-11
-9
-2
5
-3
-5
-19
-43
-53
-59
-45
-44
-54
-46
-25
-11
-18
-2
6
-3
-20
-22
-21
-26
-21
-29
-32
-31
-32
-25
-22
-8
-7
-9
-16
-28
-32
-27
-25
-25
-16
-9
1
10
23
33
40
36
30
22
16
17
11
6
4
26
17
91
267
331
335
311
238
84
-53
-60
-127
-140
-88
149
427
506
428
284
213
127
170
197
123
-70
-263
-341
-367
-290
-202
47
267
287
285
117
38
-181
-328
-351
-339
-219
-240
-213
-248
-332
-292
-192
-194
-223
-288
-290
-278
-357
-376
-401
-408
-354
-308
-190
-239
-264
-270
-292
-241
-240
-194
-156
-63
31
104
134
162
189
236
260
273
314
297
339
373
371
390
388
435
421
411
397
351
363
329
289
244
208
174
149
99
66
45
-7
-7
-19
-31
-66
-83
-49
-58
-17
13
37
32
55
82
81
101
85
102
77
82
58
19
-37
-118
-173
-233
-267
-319
-409
-478
-571
-655
-777
-853
-968
-1083
-1231
-1320
-1455
-1522
-1575
-1545
-1021
-713
-330
-452
-31
287
192
531
672
1105
652
650
1127
1136
1444
1469
1794
1728
1396
1750
1595
1538
1198
840
597
142
156
7
-230
-481
-653
-869
-997
-1096
-1160
-1354
-1513
-1444
-1421
-1231
-1042
-847
-657
-474
-145
117
219
478
656
792
930
1137
1500
1630
1782
1951
2027
2138
2062
1954
1813
1582
1414
1167
977
825
561
368
162
5
-139
-391
-565
-755
-906
-1026
-1160
-1203
-1239
-1203
-1140
-1076
-911
-788
-672
-569
-486
-391
-319
-217
-120
-64
18
60
96
118
84
2
-143
-338
-590
-906
-1221
-1581
-1854
-2118
-2220
-1774
-1496
-1186
-1181
-756
-372
-473
-8
238
467
161
130
616
612
1001
1315
1635
1891
1988
2438
2403
2405
2131
1622
1184
821
635
242
-57
-311
-534
-822
-861
-963
-1222
-1549
-1834
-1986
-2161
-2115
-2028
-2001
-1816
-1487
-1120
-734
-455
-135
24
98
267
360
575
716
801
1004
1171
1563
1715
1869
1995
1946
1977
1778
1788
1551
1356
1164
926
914
753
767
599
521
403
247
155
-15
-93
-293
-371
-466
-431
-390
-396
-327
-310
-256
-271
-249
-309
-359
-377
-367
-323
-274
-158
-52
60
129
160
126
43
-74
-207
-392
-630
-837
-1071
-1271
-1483
-1691
-1878
-2095
-2238
-2435
-2262
-1867
-1635
-1455
-1380
-717
-585
-432
162
456
685
268
684
839
797
1130
1287
1715
1716
2136
2437
2506
2547
2325
1978
1486
1148
680
143
-342
-648
-996
-1271
-1268
-1390
-1529
-1731
-1801
-1897
-2054
-2040
-2142
-2168
-2025
-1734
-1420
-1108
-744
-287
14
329
616
824
1073
1119
1262
1374
1546
1759
1813
2007
2153
2304
2356
2321
2345
2171
1987
1676
1438
1192
870
632
369
263
87
44
-66
-172
-247
-443
-504
-680
-700
-869
-954
-955
-990
-883
-871
-703
-605
-445
-329
-219
-121
-90
-21
-20
13
-13
34
-3
1
-14
-47
-133
-232
-351
-514
-715
-969
-1259
-1653
-1905
-2227
-2374
-2633
-2314
-1988
-1802
-1577
-1243
-444
-568
-114
370
666
631
354
1006
730
890
1125
1453
1739
1725
2449
2447
2683
2700
2630
2193
1702
1517
830
236
-375
-622
-1254
-1521
-1535
-1704
-1789
-1888
-1695
-1904
-1907
-1799
-1913
-2011
-1968
-1703
-1623
-1389
-919
-462
-170
246
748
1110
1418
1579
1751
1724
1822
1875
1830
1898
1965
2032
1991
2080
2202
2095
1908
1758
1485
1231
860
612
276
-9
-76
-288
-286
-391
-349
-448
-490
-397
-464
-456
-519
-437
-514
-504
-454
-387
-324
-270
-124
-55
99
190
314
359
396
430
384
364
281
188
18
-87
-210
-365
-566
-743
-913
-1169
-1375
-1693
-1932
-2308
-2504
-2828
-2804
-2516
-2502
-2279
-2176
-1335
-1244
-984
-222
78
429
44
753
720
605
897
972
1304
1101
1749
1905
2112
2336
2467
2327
1936
1949
1417
886
247
-61
-717
-1291
-1350
-1651
-1807
-1997
-1744
-1688
-1660
-1362
-1313
-1289
-1253
-1045
-1035
-996
-839
-581
-494
-277
183
477
875
1124
1531
1728
1888
2118
2074
2096
1981
1942
1775
1665
1676
1504
1395
1281
1307
1173
1082
997
851
708
454
350
80
-37
-232
-393
-456
-532
-441
-492
-372
-329
-291
-231
-163
-64
-104
-94
-165
-176
-227
-205
-197
-214
-173
-156
-55
-21
79
91
85
26
-68
-181
-374
-576
-837
-1085
-1319
-1496
-1646
-1832
-1964
-2142
-2204
-2397
-2363
-2030
-2017
-1809
-1817
-1129
-973
-899
-119
117
575
242
872
1047
854
1196
1194
1464
1178
1641
1819
1852
2040
2105
2020
1630
1694
1312
856
311
16
-502
-1159
-1216
-1589
-1791
-2038
-1909
-1813
-1846
-1451
-1359
-1257
-1156
-844
-719
-675
-535
-343
-283
-238
126
325
641
801
1093
1344
1542
1920
1979
2121
2110
2084
2003
1837
1819
1575
1339
1114
988
877
704
721
659
591
508
478
441
328
290
97
-13
-139
-191
-295
-380
-359
-434
-363
-303
-137
-78
-17
55
58
87
25
31
-78
-152
-217
-223
-220
-212
-179
-211
-183
-194
-182
-295
-404
-541
-740
-897
-1089
-1248
-1505
-1752
-1942
-2135
-2255
-2472
-2458
-2162
-2119
-1853
-1759
-1054
-879
-816
-64
109
509
176
742
858
587
964
984
1285
1112
1649
1908
1941
2254
2378
2300
1942
2020
1659
1158
653
373
-146
-811
-890
-1281
-1532
-1746
-1650
-1633
-1745
-1388
-1282
-1199
-1029
-718
-601
-590
-455
-260
-287
-259
-17
57
280
422
734
989
1233
1645
1787
1956
2060
2121
2041
1865
1746
1531
1198
980
788
639
535
438
488
442
500
519
542
548
458
365
181
80
-115
-319
-515
-613
-725
-803
-746
-688
-607
-555
-418
-352
-285
-228
-216
-237
-281
-306
-423
-484
-515
-527
-566
-566
-470
-404
-346
-290
-281
-327
-438
-560
-758
-956
-1212
-1476
-1783
-2020
-2187
-2413
-2113
-2117
-1862
-1828
-1357
-857
-919
-122
125
541
389
669
1111
735
1065
1086
1331
1177
1412
1824
1754
2060
2144
2239
1946
2088
1978
1502
1134
780
469
-320
-516
-862
-1324
-1630
-1728
-1631
-1831
-1589
-1387
-1320
-1167
-862
-645
-645
-546
-412
-410
-524
-352
-283
-232
-113
75
360
536
934
1168
1364
1602
1765
1853
1796
1795
1668
1401
1179
990
817
674
575
549
539
613
703
756
846
874
844
737
634
478
229
-32
-258
-464
-664
-741
-804
-778
-717
-593
-423
-270
-96
-15
56
75
52
4
-82
-144
-260
-338
-379
-367
-357
-345
-288
-290
-283
-346
-423
-603
-819
-1051
-1383
-1637
-1971
-2196
-2535
-2612
-2430
-2510
-2320
-2241
-1600
-1451
-1169
-400
-114
311
241
916
978
929
1253
1268
1380
1188
1620
1613
1676
1897
2032
1995
1919
2207
1911
1622
1304
1088
527
-68
-262
-816
-1243
-1587
-1682
-1851
-1965
-1699
-1635
-1506
-1233
-869
-714
-556
-295
-150
-179
-136
64
13
42
109
265
406
567
919
1077
1331
1583
1759
1856
1894
1950
1798
1612
1449
1287
1064
895
748
625
596
602
648
664
726
778
708
693
630
511
324
107
-35
-278
-428
-551
-654
-727
-739
-667
-615
-482
-363
-249
-182
-110
-68
-68
-89
-171
-272
-381
-485
-588
-689
-761
-835
-878
-920
-942
-992
-1055
-1167
-1303
-1472
-1669
-1926
-2191
-2386
-2629
-2520
-2568
-2415
-2324
-1989
-1510
-1424
-702
-253
233
378
699
1241
1141
1410
1498
1633
1497
1573
1787
1676
1792
1832
1858
1684
1840
1841
1584
1405
1249
984
404
190
-118
-639
-1076
-1321
-1492
-1779
-1772
-1666
-1650
-1498
-1134
-894
-705
-438
-176
-75
-33
183
196
148
195
259
290
307
525
662
775
973
1188
1326
1412
1556
1603
1598
1541
1544
1431
1294
1188
996
918
762
734
642
571
604
563
586
549
559
499
412
329
175
14
-169
-317
-521
-663
-758
-847
-901
-911
-855
-846
-779
-687
-619
-597
-602
-574
-627
-676
-720
-778
-886
-937
-966
-1013
-1074
-1090
-1112
-1211
-1225
-1276
-1352
-1474
-1519
-1618
-1730
-1847
-1824
-1690
-1717
-1563
-1508
-1121
-970
-768
-211
57
470
601
1177
1437
1528
1842
1912
2002
1892
2084
1974
1848
1862
1792
1618
1479
1621
1443
1213
1067
954
642
288
135
-272
-705
-977
-1192
-1454
-1675
-1633
-1676
-1727
-1533
-1276
-1133
-939
-655
-408
-305
-98
153
198
281
364
432
424
493
615
588
641
780
904
987
1132
1317
1375
1467
1568
1621
1583
1579
1545
1389
1279
1178
1059
858
782
685
539
460
413
370
248
247
202
106
16
-60
-182
-355
-458
-602
-766
-941
-1049
-1140
-1222
-1205
-1157
-1125
-1052
-898
-783
-695
-606
-529
-490
-519
-494
-505
-564
-623
-693
-740
-794
-807
-819
-875
-901
-972
-1012
-1106
-1155
-1219
-1340
-1223
-1296
-1208
-1224
-1003
-810
-782
-270
-56
284
391
798
1069
1075
1369
1436
1496
1373
1564
1506
1401
1418
1386
1265
1065
1194
1024
837
723
630
400
126
99
-181
-493
-734
-877
-1126
-1350
-1355
-1459
-1553
-1488
-1258
-1199
-1030
-765
-551
-369
-172
157
248
381
520
587
655
709
827
816
859
982
1085
1196
1355
1548
1660
1816
1991
2073
2127
2114
2109
1930
1783
1662
1377
1162
909
736
458
325
240
77
-19
-102
-121
-275
-319
-426
-585
-785
-923
-1079
-1303
-1458
-1588
-1666
-1764
-1711
-1672
-1612
-1501
-1310
-1124
-1003
-794
-659
-528
-463
-360
-338
-364
-352
-411
-442
-517
-506
-577
-635
-660
-718
-748
-852
-877
-1028
-1122
-1256
-1331
-1318
-1414
-1352
-1376
-1149
-1068
-858
-502
-267
70
222
703
893
1090
1299
1416
1526
1477
1649
1579
1563
1513
1479
1371
1277
1331
1142
1028
866
775
530
331
219
-102
-360
-621
-773
-1042
-1189
-1266
-1402
-1439
-1395
-1223
-1127
-889
-653
-408
-187
65
341
487
677
783
905
988
1092
1186
1208
1307
1381
1479
1552
1637
1722
1755
1795
1809
1751
1701
1592
1454
1268
1096
950
695
564
362
219
59
-48
-124
-273
-309
-418
-493
-627
-699
-807
-954
-1056
-1167
-1266
-1392
-1435
-1490
-1516
-1507
-1457
-1381
-1286
-1150
-1032
-885
-744
-594
-493
-391
-295
-218
-160
-124
-41
-19
5
12
30
21
-50
-105
-210
-310
-453
-584
-729
-892
-1018
-1188
-1270
-1240
-1259
-1215
-1200
-958
-798
-667
-303
-81
201
327
660
861
935
1127
1179
1204
1154
1284
1224
1149
1142
1113
996
887
975
829
679
549
462
254
6
-96
-369
-607
-801
-925
-1080
-1185
-1140
-1155
-1129
-972
-752
-603
-405
-178
62
242
454
697
809
955
1053
1159
1241
1293
1355
1341
1371
1394
1392
1391
1409
1390
1352
1292
1260
1204
1074
997
851
745
597
483
372
203
122
-45
-162
-260
-337
-457
-580
-650
-743
-849
-939
-985
-1092
-1173
-1232
-1254
-1300
-1310
-1278
-1282
-1236
-1162
-1057
-985
-871
-736
-633
-528
-406
-269
-190
-86
6
88
133
184
277
286
330
324
315
281
209
139
-7
-148
-321
-517
-723
-915
-1078
-1237
-1386
-1367
-1381
-1320
-1238
-1096
-853
-753
-416
-189
41
225
394
663
681
839
900
918
906
932
986
908
939
903
861
759
789
757
626
568
475
393
207
165
42
-143
-268
-379
-470
-603
-609
-634
-662
-618
-457
-334
-192
10
188
378
513
730
850
941
1044
1087
1143
1131
1157
1113
1072
1044
1004
984
943
944
887
834
789
763
692
622
535
457
373
264
197
35
-49
-176
-299
-409
-528
-586
-715
-777
-841
-875
-899
-924
-942
-958
-936
-924
-910
-883
-843
-824
-774
-694
-638
-566
-491
-415
-326
-243
-129
-57
48
130
213
329
380
444
443
431
419
353
270
153
17
-129
-289
-449
-604
-792
-960
-1105
-1235
-1311
-1396
-1448
-1394
-1388
-1287
-1214
-1027
-849
-762
-443
-241
-8
135
361
561
593
776
862
924
953
1083
1129
1121
1204
1213
1179
1105
1189
1095
963
897
779
647
430
379
184
-8
-107
-217
-301
-393
-360
-393
-405
-356
-240
-181
-79
67
152
277
364
535
594
671
746
730
772
759
772
706
653
617
580
544
504
473
397
359
322
302
234
204
142
95
28
-16
-52
-177
-206
-335
-371
-441
-484
-521
-597
-573
-610
-588
-583
-518
-522
-520
-490
-457
-433
-443
-417
-437
-397
-379
-346
-310
-274
-204
-153
-91
-29
43
79
107
152
179
175
154
126
81
17
-58
-140
-222
-328
-418
-529
-627
-733
-876
-1010
-1130
-1225
-1313
-1386
-1459
-1408
-1399
-1345
-1269
-1130
-930
-845
-539
-297
-65
139
343
639
722
926
1074
1141
1198
1247
1308
1242
1284
1278
1211
1119
1152
1144
1018
996
921
834
681
635
530
321
202
58
-78
-214
-271
-322
-395
-368
-252
-196
-97
67
195
308
394
554
606
618
651
585
555
474
416
320
226
193
135
84
67
89
64
63
88
130
85
94
61
38
-21
-81
-82
-206
-184
-277
-268
-297
-294
-266
-318
-235
-252
-219
-234
-211
-228
-256
-273
-292
-322
-401
-420
-460
-464
-468
-427
-392
-367
-305
-259
-199
-144
-93
-61
-43
5
50
51
39
46
51
47
14
6
-34
-98
-146
-224
-284
-378
-482
-623
-740
-861
-1004
-1113
-1227
-1199
-1206
-1144
-1053
-930
-694
-592
-315
-36
179
383
523
762
811
902
988
972
966
985
1044
1000
1026
1044
1035
991
1035
1053
908
841
742
623
410
266
142
-96
-257
-397
-519
-648
-683
-703
-748
-716
-599
-524
-471
-335
-248
-164
-119
-28
39
26
72
61
78
88
108
139
155
208
251
294
342
408
444
478
521
547
572
563
566
572
536
550
511
488
494
447
454
411
407
383
315
293
208
142
61
-33
-111
-188
-245
-302
-362
-395
-438
-456
-453
-458
-442
-450
-439
-410
-402
-371
-348
-332
-327
-303
-245
-207
-189
-164
-142
-128
-106
-111
-124
-159
-201
-240
-316
-398
-511
-643
-793
-904
-1020
-1137
-1234
-1343
-1324
-1312
-1250
-1139
-1016
-795
-689
-441
-176
29
237
362
633
725
856
1018
1067
1129
1165
1249
1223
1254
1258
1236
1156
1152
1162
1022
949
842
742
541
415
293
56
-112
-267
-413
-550
-620
-676
-754
-776
-699
-639
-586
-458
-358
-248
-146
-8
103
127
220
262
303
339
366
401
375
404
427
453
469
512
534
562
598
633
656
640
647
607
592
531
473
398
285
224
106
28
-62
-149
-218
-302
-334
-395
-441
-480
-531
-566
-590
-618
-667
-726
-757
-784
-810
-795
-776
-747
-702
-615
-495
-391
-264
-146
-52
51
142
208
249
254
258
245
221
189
134
85
25
-35
-90
-171
-252
-357
-449
-552
-680
-759
-884
-970
-1068
-1082
-1045
-1034
-941
-859
-653
-530
-288
32
220
472
646
918
1009
1109
1243
1242
1235
1212
1233
1123
1086
1045
956
833
813
803
632
555
466
356
157
36
-77
-338
-514
-654
-788
-940
-984
-994
-1052
-1019
-881
-752
-686
-489
-312
-175
-26
151
267
285
385
416
429
416
436
444
432
498
553
597
644
715
752
786
818
842
813
767
727
634
538
439
357
224
126
54
-26
-71
-134
-172
-219
-277
-297
-341
-399
-424
-497
-556
-600
-674
-720
-772
-769
-781
-767
-706
-664
-577
-489
-376
-282
-204
-106
-32
10
52
88
93
100
76
52
26
-9
-18
-60
-73
-107
-147
-187
-252
-292
-383
-477
-567
-673
-776
-888
-983
-1060
-1138
-1117
-1072
-1039
-939
-811
-568
-424
-192
106
262
462
602
805
862
915
1011
971
933
912
928
833
816
805
744
665
676
693
553
523
474
405
256
164
96
-133
-250
-336
-425
-520
-534
-504
-527
-457
-319
-199
-107
72
221
335
454
592
691
708
769
781
770
763
773
752
720
728
739
742
750
784
760
746
722
713
662
590
533
427
346
232
146
34
-77
-176
-289
-359
-444
-511
-569
-629
-675
-711
-746
-770
-806
-827
-848
-871
-875
-889
-890
-900
-880
-840
-784
-721
-648
-569
-494
-417
-327
-237
-179
-114
-67
-38
-23
3
12
4
9
19
18
0
-7
-23
-63
-96
-117
-184
-238
-313
-392
-476
-576
-650
-748
-797
-859
-852
-800
-770
-659
-566
-365
-241
-55
210
353
519
619
808
857
902
1004
982
983
978
1030
982
984
1024
999
941
959
1007
901
842
788
691
523
400
324
98
-72
-186
-333
-468
-530
-553
-635
-640
-538
-449
-391
-262
-146
-56
25
138
230
229
280
287
259
241
234
227
178
189
217
207
214
250
263
269
295
316
301
255
233
177
112
61
-33
-110
-217
-280
-349
-421
-452
-512
-530
-549
-537
-511
-511
-479
-454
-440
-403
-377
-355
-354
-341
-299
-279
-238
-205
-173
-118
-69
10
86
160
232
277
325
387
433
458
463
472
481
453
448
415
360
303
228
173
66
-31
-122
-241
-356
-468
-576
-690
-792
-883
-972
-1044
-1081
-1133
-1104
-1090
-1044
-968
-876
-720
-654
-450
-280
-120
26
158
353
409
548
651
689
732
798
859
832
861
892
851
796
822
771
653
592
516
415
253
199
78
-87
-172
-255
-341
-437
-423
-442
-474
-422
-308
-240
-145
6
114
209
295
447
500
533
592
606
608
597
615
563
533
542
545
512
495
495
465
454
426
427
358
320
265
190
129
48
-19
-143
-222
-324
-399
-474
-509
-553
-604
-596
-611
-587
-590
-554
-532
-508
-475
-471
-447
-440
-428
-424
-417
-401
-389
-365
-325
-285
-240
-173
-103
-30
28
100
176
238
285
307
322
316
292
251
182
104
33
-54
-143
-226
-306
-381
-454
-492
-538
-587
-616
-630
-655
-677
-683
-704
-713
-707
-644
-616
-551
-475
-336
-208
-82
149
304
495
645
845
1001
1079
1217
1256
1286
1283
1284
1234
1145
1090
985
867
759
693
570
454
365
280
172
67
12
-113
-219
-291
-370
-451
-512
-528
-579
-600
-565
-517
-479
-410
-322
-261
-192
-98
-14
7
49
76
67
64
49
27
-36
-66
-92
-144
-182
-195
-198
-215
-206
-200
-196
-201
-175
-164
-165
-158
-167
-179
-218
-222
-253
-278
-281
-285
-275
-270
-220
-172
-134
-78
-34
11
61
101
127
128
136
143
123
132
137
136
160
168
212
247
303
377
425
478
539
594
627
647
644
610
558
504
408
308
205
93
-13
-118
-210
-286
-347
-391
-429
-474
-498
-537
-560
-598
-635
-667
-718
-742
-779
-765
-769
-718
-672
-587
-468
-390
-211
-95
43
154
277
403
437
521
544
551
525
507
484
418
383
328
263
195
182
124
58
28
1
-26
-77
-72
-110
-159
-175
-203
-248
-277
-259
-260
-272
-246
-198
-171
-111
-32
30
98
171
252
279
321
350
347
352
336
313
258
229
191
152
113
86
76
48
51
63
76
85
119
156
175
216
241
274
274
267
256
225
210
173
140
97
67
33
7
-3
-15
-15
-22
-17
-10
-18
-24
-30
-49
-65
-75
-96
-113
-132
-157
-175
-173
-168
-160
-147
-125
-92
-60
-13
29
55
71
81
83
61
13
-39
-91
-149
-214
-269
-327
-367
-392
-414
-422
-417
-403
-391
-368
-355
-337
-330
-341
-330
-358
-346
-345
-344
-307
-286
-212
-177
-72
40
123
227
301
428
469
528
583
581
588
577
550
491
457
416
363
309
289
271
222
216
218
212
189
195
186
127
92
52
-1
-72
-120
-168
-247
-287
-290
-313
-328
-316
-299
-275
-253
-219
-203
-201
-183
-185
-193
-218
-230
-270
-303
-305
-315
-315
-316
-266
-226
-176
-98
-16
68
139
234
304
353
388
407
407
379
361
330
280
233
194
163
145
131
123
129
149
176
188
207
214
215
208
199
199
168
138
112
80
66
60
71
96
130
175
226
285
354
406
438
471
483
476
447
401
328
245
163
72
-17
-112
-176
-245
-314
-349
-391
-426
-461
-495
-518
-550
-583
-642
-697
-751
-808
-868
-932
-976
-1029
-1049
-1043
-1027
-978
-929
-832
-745
-638
-500
-404
-284
-191
-84
-21
29
81
88
115
123
143
153
162
196
212
240
286
326
353
383
415
423
433
440
420
373
326
285
232
174
128
99
76
61
77
97
122
164
205
264
302
349
390
410
436
447
460
482
484
495
513
529
558
578
616
655
678
713
724
727
721
699
657
606
539
455
369
279
185
88
5
-78
-129
-169
-207
-228
-257
-267
-288
-298
-315
-332
-335
-365
-393
-414
-442
-476
-483
-491
-486
-471
-447
-399
-371
-331
-295
-266
-236
-221
-209
-207
-216
-236
-258
-296
-336
-367
-408
-427
-445
-464
-467
-481
-482
-475
-464
-460
-448
-430
-435
-435
-435
-444
-445
-437
-430
-422
-408
-391
-367
-325
-275
-222
-159
-87
-10
65
147
227
301
368
434
498
539
572
608
627
646
664
663
666
667
668
653
628
615
598
569
547
518
480
439
392
346
297
240
181
134
77
25
-17
-53
-81
-95
-94
-96
-85
-61
-32
3
29
62
82
110
133
139
156
159
164
172
172
170
160
152
156
145
144
148
133
126
117
111
92
55
22
-13
-58
-111
-157
-196
-234
-260
-265
-277
-278
-264
-253
-226
-198
-166
-140
-119
-102
-89
-76
-85
-86
-95
-109
-116
-138
-138
-138
-143
-138
-133
-125
-113
-106
-107
-107
-114
-134
-151
-178
-215
-252
-291
-319
-360
-385
-404
-414
-412
-410
-392
-388
-371
-355
-338
-308
-289
-272
-269
-255
-247
-248
-235
-223
-209
-179
-154
-122
-72
-30
32
89
144
196
240
273
292
313
319
325
329
327
322
320
313
314
326
336
353
367
381
403
430
461
475
482
494
490
483
475
460
440
427
414
391
376
370
356
360
369
370
376
372
360
355
343
330
318
297
267
237
198
158
131
100
76
52
28
8
-12
-31
-45
-53
-68
-85
-104
-130
-155
-189
-228
-266
-299
-334
-369
-397
-423
-433
-442
-455
-456
-458
-461
-461
-457
-464
-467
-473
-494
-505
-521
-543
-568
-573
-584
-589
-585
-573
-550
-525
-484
-452
-419
-386
-352
-324
-310
-286
-277
-259
-246
-240
-217
-205
-183
-162
-130
-97
-58
-7
40
90
141
180
215
240
274
312
329
356
379
395
413
430
451
476
506
528
559
586
598
620
647
664
675
684
679
667
652
629
610
583
556
530
496
467
433
409
384
362
352
328
317
294
266
238
199
160
119
67
18
-37
-94
-150
-207
-257
-299
-333
-365
-391
-417
-435
-442
-442
-451
-459
-458
-475
-480
-491
-509
-520
-526
-530
-535
-534
-529
-512
-494
-470
-446
-421
-402
-382
-353
-328
-298
-281
-258
-242
-236
-222
-210
-193
-178
-156
-137
-119
-98
-77
-60
-38
-12
10
35
43
54
58
61
64
64
68
58
54
53
58
70
83
98
113
133
152
165
177
189
195
199
193
184
181
169
155
146
142
133
130
134
137
153
166
181
195
205
208
206
204
195
188
178
165
148
133
120
105
96
100
104
107
114
116
123
125
129
133
126
120
111
95
77
58
44
32
21
25
33
44
52
76
97
108
127
135
147
149
147
141
116
102
68
38
14
-11
-27
-48
-59
-76
-77
-83
-81
-75
-72
-73
-73
-81
-92
-108
-128
-145
-170
-178
-196
-212
-221
-228
-228
-229
-222
-215
-204
-192
-183
-168
-163
-164
-165
-167
-167
-168
-164
-173
-185
-190
-190
-188
-182
-175
-169
-161
-153
-144
-135
-127
-123
-122
-120
-129
-133
-134
-138
-136
-130
-123
-122
-107
-93
-80
-64
-42
-25
-11
13
24
42
53
58
70
79
89
101
113
130
155
179
202
233
259
286
314
343
369
387
393
401
410
401
399
395
385
369
349
340
319
306
291
274
263
259
252
245
234
219
216
200
191
175
158
144
128
117
98
88
73
63
55
41
30
18
1
-19
-41
-59
-79
-98
-119
-142
-163
-186
-209
-233
-252
-270
-293
-311
-334
-347
-361
-376
-385
-397
-409
-413
-419
-422
-424
-430
-432
-432
-424
-418
-403
-386
-370
-348
-331
-305
-287
-268
-251
-236
-211
-199
-177
-153
-135
-114
-89
-62
-41
-15
11
40
66
93
115
138
151
170
189
208
230
240
258
266
272
277
279
280
279
275
272
258
250
241
224
211
198
189
184
184
178
171
167
164
161
164
159
155
147
138
126
116
113
108
104
96
96
91
88
88
86
79
74
69
64
53
38
23
3
-12
-29
-40
-53
-65
-77
-83
-80
-81
-74
-63
-56
-50
-37
-26
-24
-21
-19
-28
-37
-43
-50
-68
-81
-84
-84
-89
-81
-71
-69
-61
-51
-35
-27
-24
-24
-30
-40
-46
-64
-79
-90
-98
-106
-113
-115
-114
-109
-103
-98
-83
-65
-53
-51
-42
-32
-32
-33
-34
-26
-27
-27
-26
-25
-24
-23
-17
-5
2
9
22
34
51
52
56
59
59
56
52
50
47
42
41
43
39
43
38
39
40
37
44
43
46
46
39
32
25
15
5
5
-3
-6
-10
-13
-19
-22
-20
-18
-9
-2
5
7
13
11
5
5
6
3
0
4
2
-7
-16
-17
-18
-14
-10
-12
-8
-11
-13
-14
-14
-10
-6
-1
4
11
13
13
16
15
19
25
27
36
43
45
43
44
50
52
52
48
40
33
16
4
-11
-20
-31
-43
-48
-56
-61
-74
-83
-91
-99
-100
-102
-105
-105
-109
-110
-107
-103
-102
-100
-99
-96
-94
-89
-78
-73
-69
-59
-48
-33
-20
-4
11
28
44
56
71
78
88
93
104
113
123
128
122
129
129
127
128
128
128
124
128
130
127
123
115
107
99
91
83
75
63
53
47
44
48
51
51
53
54
57
61
63
62
63
64
61
59
56
47
37
24
15
9
4
-2
-5
-8
-13
-18
-22
-24
-33
-46
-58
-73
-90
-109
-126
-141
-157
-165
-174
-180
-181
-188
-189
-190
-187
-180
-178
-170
-162
-152
-145
-139
-127
-124
-118
-110
-104
-96
-88
-82
-71
-60
-49
-38
-28
-18
-15
-11
-7
-8
-12
-21
-25
-29
-38
-39
-38
-37
-42
-37
-32
-30
-23
-17
-8
1
14
23
40
51
65
76
90
100
116
130
143
162
173
188
199
212
228
245
262
272
281
290
290
296
293
289
285
274
266
251
238
217
200
179
159
135
114
93
68
51
34
17
-5
-22
-39
-59
-73
-93
-106
-123
-138
-150
-160
-169
-174
-175
-177
-182
-177
-172
-169
-165
-161
-156
-151
-148
-148
-144
-146
-146
-150
-153
-152
-158
-154
-160
-158
-154
-155
-151
-148
-144
-142
-133
-130
-127
-125
-125
-120
-123
-121
-114
-107
-102
-93
-80
-70
-54
-37
-22
-3
19
38
59
78
94
108
119
128
134
136
141
146
149
148
151
151
153
151
155
156
155
149
141
134
122
111
99
87
72
62
52
41
35
29
28
25
31
36
43
53
55
66
72
81
85
84
89
89
94
95
95
100
98
100
100
103
110
108
110
106
106
97
87
77
59
52
27
22
6
-21
-39
-65
-73
-107
-113
-133
-142
-148
-173
-165
-181
-183
-204
-201
-198
-214
-202
-215
-205
-214
-209
-195
-192
-174
-169
-143
-139
-126
-104
-95
-75
-66
-43
-31
-16
-5
3
17
14
22
24
26
27
25
29
23
25
20
23
27
22
28
29
31
30
30
35
32
37
38
41
48
50
57
61
71
75
86
94
105
117
129
141
148
155
157
158
156
154
151
136
131
122
109
97
85
79
71
63
55
51
43
28
20
12
0
-10
-19
-28
-35
-43
-49
-51
-54
-55
-49
-39
-26
-16
-2
12
30
42
51
64
72
79
78
82
77
72
69
62
62
54
51
47
42
33
26
21
9
-4
-22
-33
-51
-70
-88
-111
-125
-151
-168
-183
-197
-206
-217
-217
-222
-222
-220
-214
-208
-206
-196
-189
-181
-174
-167
-157
-147
-139
-125
-109
-95
-83
-67
-53
-39
-26
-14
-4
7
13
20
26
27
26
30
27
24
23
22
23
25
29
31
38
46
53
62
69
78
85
90
96
103
109
113
120
125
128
135
140
145
153
155
161
167
169
174
179
183
183
181
178
174
167
155
144
132
113
97
83
69
53
40
31
22
15
7
4
-3
-8
-13
-16
-21
-27
-30
-34
-37
-43
-48
-51
-52
-56
-54
-53
-52
-50
-44
-40
-36
-32
-32
-32
-33
-39
-43
-54
-65
-75
-83
-96
-105
-108
-119
-123
-127
-130
-131
-138
-140
-142
-146
-152
-156
-159
-163
-168
-171
-173
-175
-176
-172
-164
-160
-151
-138
-124
-111
-99
-81
-68
-56
-47
-34
-24
-18
-7
-1
13
17
30
42
53
65
78
94
104
118
130
142
153
159
168
174
178
182
183
186
186
186
185
186
185
183
187
187
187
187
186
186
181
177
173
166
159
149
142
131
123
113
101
93
83
74
63
53
44
35
26
17
9
1
-6
-13
-18
-25
-37
-45
-56
-65
-77
-86
-92
-98
-103
-107
-107
-109
-111
-113
-115
-118
-119
-121
-124
-121
-123
-125
-126
-129
-132
-133
-135
-136
-137
-134
-132
-127
-121
-117
-108
-102
-97
-91
-86
-82
-80
-77
-75
-73
-71
-70
-65
-61
-54
-49
-42
-35
-30
-24
-21
-15
-15
-14
-11
-9
-8
-10
-8
-7
-10
-9
-12
-10
-10
-9
-3
2
9
15
22
28
34
39
42
47
50
55
60
64
68
74
83
93
101
108
117
125
130
132
135
136
135
136
137
140
140
139
140
136
131
122
114
109
101
95
92
89
83
77
69
62
52
40
31
22
17
9
6
0
-5
-8
-16
-21
-28
-35
-38
-45
-47
-52
-55
-60
-63
-64
-66
-66
-67
-66
-65
-66
-68
-70
-70
-73
-72
-73
-72
-70
-69
-68
-70
-72
-76
-78
-79
-79
-77
-75
-72
-69
-65
-66
-66
-66
-67
-65
-64
-60
-54
-48
-43
-38
-30
-27
-21
-19
-16
-11
-9
-6
-7
-4
-5
-6
-5
-6
-1
-1
2
4
4
3
0
0
-1
1
3
6
13
15
20
21
25
24
25
29
34
41
50
60
70
76
83
86
87
88
91
93
96
97
102
104
106
105
104
103
101
99
99
98
94
90
88
85
81
78
74
74
70
71
70
67
64
58
54
49
44
39
37
35
30
25
19
8
-3
-14
-24
-35
-44
-49
-54
-60
-67
-73
-81
-91
-98
-104
-109
-115
-117
-117
-118
-119
-119
-119
-118
-117
-115
-111
-107
-105
-102
-101
-100
-98
-98
-93
-91
-84
-78
-71
-66
-61
-56
-55
-50
-45
-38
-29
-21
-13
-6
-1
1
6
8
8
12
18
21
26
33
35
38
38
35
36
32
31
29
29
27
25
25
24
21
19
20
21
20
22
23
25
25
27
28
29
32
33
38
42
45
48
51
53
53
57
60
61
64
67
69
69
69
68
64
61
58
56
54
53
53
53
54
53
53
52
50
47
46
43
40
38
36
33
30
29
27
21
19
14
10
5
-3
-9
-15
-23
-30
-36
-42
-48
-52
-56
-60
-63
-66
-69
-72
-72
-72
-71
-70
-68
-66
-65
-64
-64
-64
-64
-65
-66
-65
-63
-62
-58
-56
-54
-51
-49
-47
-44
-41
-40
-36
-33
-29
-25
-19
-14
-7
0
5
13
21
25
31
36
42
46
52
56
58
62
65
63
64
63
61
59
59
57
53
52
49
44
39
37
29
25
21
15
9
6
4
0
0
1
0
2
5
5
5
6
6
4
6
6
6
9
8
9
10
11
10
10
10
11
10
11
12
12
12
13
12
12
12
12
13
14
12
13
16
15
17
19
18
19
21
18
17
15
10
4
1
-6
-13
-16
-20
-23
-26
-28
-32
-36
-40
-43
-49
-50
-52
-54
-53
-54
-54
-53
-51
-52
-51
-49
-49
-48
-44
-42
-39
-35
-32
-30
-27
-26
-24
-23
-21
-22
-19
-15
