-10
-22
-35
-49
-63
-73
-78
-77
-74
-69
-67
-64
-63
-58
-48
-31
-9
17
46
72
90
103
114
125
137
147
158
166
169
167
158
145
125
106
88
73
59
45
27
5
-21
-49
-74
-92
-106
-117
-122
-128
-135
-143
-145
-142
-130
-118
-103
-86
-72
-58
-44
-30
-19
-8
8
22
34
44
50
53
55
55
53
50
42
32
20
8
-9
-28
-52
-75
-96
-106
-112
-118
-128
-142
-156
-164
-166
-162
-153
-143
-134
-127
-122
-112
-101
-88
-74
-59
-44
-30
-8
17
42
60
72
81
87
95
103
109
110
109
105
104
97
84
66
49
40
37
38
39
32
17
0
-16
-26
-30
-21
-4
16
26
24
22
28
41
63
92
116
136
148
156
159
161
160
161
164
166
163
152
134
109
85
65
45
20
-1
-24
-49
-80
-119
-157
-186
-206
-220
-231
-246
-265
-277
-275
-272
-266
-263
-259
-249
-233
-212
-186
-162
-143
-123
-102
-78
-46
-5
32
65
93
114
132
153
172
188
197
188
176
162
160
154
147
126
95
65
45
35
20
8
-7
-21
-33
-28
-25
-16
-11
-5
6
18
28
43
70
98
120
137
159
174
186
199
208
206
209
212
213
210
199
183
164
144
124
115
96
71
31
1
-22
-50
-77
-104
-133
-166
-188
-200
-200
-213
-226
-232
-236
-255
-279
-298
-313
-337
-350
-356
-369
-396
-437
-475
-533
-594
-633
-593
-507
-397
-294
-229
-259
-318
-287
-193
-50
82
222
279
309
328
373
409
426
471
533
629
666
697
677
590
446
350
291
223
152
121
121
60
-19
-93
-143
-218
-271
-285
-252
-197
-123
-27
33
51
31
44
109
190
262
373
503
592
653
690
701
661
619
607
633
668
674
650
618
559
445
324
237
173
112
82
82
61
-4
-75
-140
-191
-252
-283
-265
-240
-229
-241
-237
-260
-287
-329
-328
-294
-274
-245
-193
-149
-152
-174
-202
-215
-248
-273
-280
-272
-290
-312
-334
-379
-455
-523
-543
-563
-586
-601
-596
-619
-677
-746
-813
-867
-907
-936
-965
-996
-1048
-1099
-1121
-1104
-1001
-776
-563
-519
-601
-591
-485
-291
-11
304
459
437
481
591
716
736
795
888
976
1057
1155
1243
1158
981
852
826
719
569
507
526
461
326
229
135
-8
-139
-149
-144
-188
-252
-177
-37
6
-61
-107
-88
-69
-28
106
265
305
313
417
537
512
431
423
486
508
497
557
613
565
450
391
346
225
134
173
255
218
134
130
130
47
-85
-118
-123
-154
-165
-97
-28
-79
-154
-130
-72
-93
-122
-66
29
35
50
106
136
101
77
131
186
184
197
281
340
295
197
148
111
41
-7
27
54
17
-13
7
-24
-151
-260
-295
-332
-381
-409
-404
-437
-514
-573
-609
-645
-716
-755
-749
-758
-786
-798
-779
-802
-896
-987
-1009
-1036
-1080
-1077
-1044
-1014
-937
-710
-460
-427
-576
-628
-569
-422
-191
135
359
349
358
457
580
562
582
666
806
887
943
1033
981
815
638
599
498
342
267
336
346
226
117
47
-36
-161
-201
-171
-158
-177
-79
122
238
169
82
112
150
133
223
399
497
508
573
706
695
575
526
555
523
456
446
514
530
438
355
335
223
39
14
92
114
67
89
168
119
-18
-101
-89
-107
-145
-55
93
135
61
103
172
107
3
7
89
85
57
118
182
112
13
-6
0
-49
-102
-54
25
0
-87
-127
-145
-229
-327
-319
-267
-288
-306
-218
-150
-197
-282
-301
-312
-364
-373
-334
-306
-338
-380
-358
-359
-435
-508
-505
-506
-546
-569
-568
-562
-624
-713
-763
-823
-913
-977
-979
-992
-1068
-1134
-1122
-1027
-842
-639
-544
-628
-701
-629
-415
-86
254
493
532
566
682
824
888
937
1022
1119
1231
1331
1421
1375
1192
992
898
802
661
575
574
529
384
251
149
49
-103
-197
-231
-274
-358
-340
-188
-82
-120
-203
-199
-171
-153
-66
111
197
207
300
485
562
487
443
441
431
424
464
532
547
486
425
417
343
204
106
98
68
-26
-38
-12
-14
-103
-193
-256
-315
-360
-323
-223
-183
-219
-216
-131
-96
-114
-114
-49
0
47
146
239
271
260
272
323
346
334
373
439
464
432
404
384
342
262
198
170
119
54
34
24
-38
-152
-249
-295
-366
-444
-516
-574
-627
-690
-719
-745
-824
-926
-980
-1000
-1011
-1014
-990
-956
-979
-1035
-1065
-1093
-1144
-1217
-1264
-1211
-992
-625
-327
-315
-511
-612
-565
-345
3
366
509
471
517
689
804
726
699
722
799
870
1046
1210
1135
914
728
657
461
227
145
210
177
92
81
108
17
-128
-165
-183
-285
-379
-232
66
240
184
146
203
213
173
259
421
479
483
648
867
874
713
607
591
511
404
372
440
461
405
356
305
158
-48
-124
-92
-102
-180
-174
-56
12
-39
-107
-130
-172
-225
-185
-66
-1
-16
18
128
171
112
56
75
102
96
127
182
200
166
138
153
135
52
-3
17
49
27
-19
-36
-76
-177
-266
-313
-353
-384
-375
-317
-309
-369
-439
-437
-427
-458
-503
-500
-473
-472
-442
-419
-434
-509
-586
-607
-584
-592
-605
-604
-619
-678
-745
-785
-837
-914
-998
-1021
-1025
-1015
-889
-551
-222
-194
-386
-496
-452
-314
-14
415
666
642
657
846
1039
1013
986
1074
1195
1268
1392
1615
1619
1406
1190
1132
977
689
503
511
510
347
218
160
69
-144
-284
-331
-426
-624
-668
-455
-234
-239
-343
-309
-274
-301
-253
-44
69
39
108
360
550
515
421
426
443
389
410
518
589
531
480
509
494
376
246
217
186
85
-6
39
113
91
13
-65
-125
-240
-303
-287
-234
-230
-265
-211
-133
-114
-162
-190
-209
-235
-224
-142
-37
25
50
101
172
202
202
207
222
202
168
177
215
213
141
66
30
-11
-59
-105
-138
-202
-286
-341
-390
-436
-516
-589
-641
-662
-697
-748
-791
-843
-899
-959
-1026
-1067
-1103
-1138
-1488
-1854
-1701
-1716
-1809
-1601
-1173
-680
-108
432
277
126
374
716
989
1238
1371
1201
1137
1310
1470
1335
1224
1253
1217
1080
1067
1086
830
435
183
92
-166
-518
-734
-742
-724
-836
-865
-770
-830
-871
-721
-563
-469
-403
-135
288
628
712
681
795
923
885
940
1139
1196
1127
1189
1339
1296
1012
747
642
474
214
20
19
40
-72
-214
-291
-374
-536
-594
-488
-353
-312
-214
-21
158
235
215
276
318
327
299
369
458
442
380
378
366
203
49
-42
-77
-192
-302
-333
-309
-358
-432
-443
-431
-417
-405
-334
-216
-179
-208
-175
-96
-70
-141
-156
-122
-87
-79
-22
7
-30
-100
-177
-239
-319
-403
-430
-394
-432
-528
-644
-714
-772
-894
-988
-1024
-1020
-1004
-933
-929
-1055
-1158
-1204
-1203
-1208
-1307
-1338
-1218
-1103
-885
-32
1443
2428
2298
1887
1775
1667
1784
2248
2370
1735
1103
931
620
-30
-444
-430
-389
-354
-128
104
17
-131
-243
-333
-412
-434
-332
-117
154
216
51
-183
-242
-196
-86
87
292
461
626
885
1122
1081
642
307
228
148
-24
-78
61
22
-184
-346
-473
-700
-915
-856
-650
-443
-375
-304
-139
172
301
190
181
290
400
513
787
792
551
391
376
356
225
139
215
314
374
343
259
66
-109
-161
-184
-99
-71
79
158
191
105
-73
-181
-239
-105
-17
159
275
384
391
305
231
87
19
-23
87
131
150
99
11
-17
-135
-245
-337
-350
-334
-345
-373
-494
-602
-767
-891
-959
-1073
-1182
-1311
-1347
-1374
-1485
-1720
-1819
-1933
-1995
-2021
-2025
-2084
-2111
-1911
-650
1828
3662
3438
2162
1504
1068
1349
2107
2335
1243
143
-199
-576
-1194
-1408
-938
-456
80
626
877
514
227
65
-35
-72
33
198
204
312
63
-460
-1085
-1165
-727
-13
609
977
1216
1285
1455
1649
1688
1163
744
662
677
393
4
-175
-312
-535
-707
-597
-485
-442
-240
87
272
136
87
313
546
609
463
515
401
803
965
763
288
-112
-181
-257
220
304
227
216
246
205
85
-156
-91
-60
230
175
145
-98
-322
-311
-497
-389
-511
-298
-153
88
142
-8
-106
-184
22
116
248
102
-1
-131
-256
-249
-409
-426
-448
-197
-65
-85
-116
-206
-157
-149
-194
-161
-195
-191
-280
-457
-752
-1078
-1248
-1312
-1230
-1347
-1308
-1269
-1237
-1300
-1473
-1478
-1409
-1352
-1382
-1455
-1525
-1626
-1324
511
3028
4292
3174
1632
779
435
1214
2260
2290
983
-2
-368
-874
-1252
-984
-305
370
959
1447
1207
567
49
-323
-323
-135
259
294
253
145
-221
-896
-1428
-1257
-513
506
1132
1428
1330
1228
1231
1350
1158
427
25
96
328
183
-144
-423
-617
-756
-613
-247
-8
42
231
619
813
611
320
269
317
354
417
384
294
112
14
358
329
45
-412
-360
-185
97
424
304
233
221
165
112
-77
-89
7
51
126
-80
-65
-356
-282
-246
-197
-159
-170
100
170
309
283
333
328
280
204
30
-241
-525
-577
-558
-475
-442
-406
-316
-298
-291
-415
-431
-413
-338
-215
-222
-360
-601
-934
-1194
-1403
-1479
-1520
-1478
-1462
-1427
-1426
-1434
-1302
-1323
-1250
-1256
-1186
-1418
-1492
-1380
-593
1957
4387
4605
2387
584
41
443
1891
2804
2001
252
-874
-1107
-1516
-1463
-740
135
957
1327
1648
931
146
-571
-770
-364
243
891
743
497
-127
-752
-1387
-1287
-400
812
1736
2007
2031
1598
1217
1032
1279
1150
711
462
407
194
-417
-834
-1063
-1036
-962
-498
76
380
331
238
236
154
71
46
145
158
175
64
-50
-249
-370
-397
-334
-168
85
390
486
514
437
367
341
452
521
402
171
-137
-286
-331
-308
-263
-199
-127
-193
-269
-343
-345
-198
-52
141
227
283
254
128
-49
-315
-490
-597
-591
-532
-466
-435
-447
-449
-365
-207
-76
17
80
182
209
157
-16
-226
-348
-438
-517
-673
-860
-1095
-1238
-1324
-1380
-1439
-1453
-1317
-1049
-688
-567
-641
-991
-1458
-1939
-1937
-1693
-554
2197
4676
4408
1741
-68
-458
370
2170
3336
2412
345
-800
-1107
-1472
-1235
-361
489
1106
1520
1570
441
-628
-1217
-1054
-287
730
1396
852
12
-710
-1156
-1492
-1298
-417
737
1449
1509
1106
536
192
276
762
807
418
-18
-118
-258
-650
-920
-929
-690
-416
89
444
389
-23
-168
81
387
504
465
432
296
178
-21
-144
-171
-29
191
367
359
210
-100
-95
217
651
904
1000
1112
983
850
482
136
-94
-94
-16
57
34
-35
-253
-269
-295
-180
-22
262
674
803
900
740
592
329
84
-51
-190
-327
-466
-482
-411
-468
-595
-559
-311
-99
-9
70
177
181
44
-238
-524
-772
-1082
-1396
-1689
-1839
-1964
-1977
-2055
-2046
-2064
-1775
-1517
-1128
-903
-1079
-1484
-1804
-1573
-1050
1412
4405
5198
2579
-5
-544
283
2125
3636
2991
307
-1484
-1692
-1464
-1218
-101
800
1164
1082
1000
285
-820
-1087
-826
18
707
1214
689
-485
-1357
-1686
-1469
-1012
73
1312
1896
1413
612
134
226
925
1918
2277
1518
578
-108
-629
-1190
-1137
-505
60
252
249
190
-234
-678
-757
-312
209
594
756
576
-15
-753
-1153
-972
-408
150
417
417
188
-119
-376
-440
109
694
1058
1005
913
640
382
226
67
70
339
614
718
656
378
118
-130
-51
-8
185
323
523
514
357
203
89
158
213
266
163
34
-173
-345
-418
-345
-272
-156
68
185
131
5
-50
-71
-72
-19
-62
-196
-388
-580
-786
-984
-1203
-1402
-1575
-1494
-1354
-1248
-1423
-1507
-1368
-1205
-881
-962
-1190
-1891
-2128
-1991
-476
2641
4690
3401
90
-1320
-618
1404
3583
4089
1509
-1618
-2528
-1788
-1358
-594
696
1143
682
115
-139
-1081
-1463
-833
324
1177
1492
1007
-589
-1755
-1704
-762
20
744
1325
1302
584
-46
-88
52
776
1993
2703
1682
-88
-1176
-1406
-1025
-193
693
751
167
-491
-823
-901
-724
-379
73
611
910
616
-173
-802
-921
-587
69
736
999
647
162
-129
-141
6
332
975
1405
1495
1028
571
196
323
627
777
691
571
286
-99
-390
-433
-223
-106
164
194
200
-85
-224
-123
176
450
479
386
236
88
-89
-192
-227
-196
-178
-72
-22
-25
-25
-14
65
121
132
50
-130
-260
-399
-535
-698
-889
-1174
-1461
-1623
-1696
-1766
-1821
-1831
-1631
-1544
-1509
-1612
-1630
-1746
-1809
-1438
-1031
786
3114
3847
1466
-852
-618
1088
3153
4314
3128
-496
-2882
-2382
-729
297
1323
1481
251
-1088
-1269
-978
-909
30
1122
1392
859
163
-927
-1917
-1432
128
1149
1066
654
83
-442
-460
272
1005
1367
2006
2378
1682
-92
-1208
-990
-159
577
816
469
-413
-1174
-1291
-780
-62
428
441
270
18
-298
-516
-353
64
222
158
28
-148
-430
-478
-159
325
695
912
724
523
624
752
719
588
910
980
769
177
-452
-832
-605
57
474
261
-156
-452
-492
-269
20
369
503
642
530
243
-34
-103
1
120
195
92
-244
-564
-610
-462
-150
189
457
404
138
35
52
22
-139
-224
-269
-431
-817
-1180
-1484
-1623
-1740
-1656
-1483
-1432
-1489
-1765
-1915
-2084
-1784
-1547
-1228
-1125
441
2920
3726
1428
-1058
-573
1409
3780
4896
3498
-572
-3105
-2179
-31
1156
1733
1344
-593
-2179
-1948
-911
-378
388
1002
620
-107
-354
-757
-1407
-806
766
1342
544
-295
-553
-471
232
1276
1708
1160
856
1092
1140
713
557
843
835
393
-200
-740
-1072
-976
-452
152
433
60
-744
-1119
-677
53
447
492
284
-3
-283
-222
-17
386
612
626
326
195
189
336
871
1310
1523
1061
924
722
766
620
467
370
358
353
81
-265
-397
-237
-86
63
52
188
169
287
348
370
241
72
16
46
159
127
-70
-341
-401
-369
-377
-513
-535
-366
-184
-108
-188
-342
-505
-662
-707
-744
-819
-982
-1355
-1498
-1750
-1740
-1875
-1951
-2089
-2233
-2039
-2108
-2121
-2169
-1903
-1558
197
2418
2515
17
-1160
553
2905
4527
4399
1784
-2113
-2689
-49
2166
2298
1457
-266
-2486
-2840
-1128
316
655
700
146
-1152
-1552
-658
-39
185
863
1330
583
-449
-466
250
1040
1814
1954
1228
344
408
1133
1649
1702
1485
1005
362
19
132
287
97
-272
-510
-446
-401
-675
-967
-821
-319
-14
-44
-294
-621
-715
-292
315
623
394
147
7
120
341
541
553
374
784
961
902
401
483
622
732
844
534
12
-455
-267
99
293
144
-181
-568
-450
-71
417
400
178
-45
-89
152
305
266
-60
-255
-278
-274
-309
-312
-229
-192
-359
-614
-755
-708
-425
-121
-19
-285
-734
-1059
-1111
-957
-860
-1035
-1367
-1562
-1654
-1518
-1535
-1734
-2089
-2222
-1997
-1764
-1355
199
1901
1733
-526
-1256
770
3041
4303
3952
1836
-1235
-1472
1153
2963
2504
1138
-495
-2227
-2268
-434
836
548
-274
-1370
-2323
-1818
-83
718
258
51
-46
-638
-728
324
1500
1688
1414
1006
533
527
1425
2421
2496
1639
788
475
647
978
1105
936
377
-349
-890
-768
-243
-95
-480
-880
-1029
-1047
-938
-605
-409
-457
-471
-303
-159
50
378
653
657
519
356
218
616
1198
1495
1053
621
485
565
660
555
368
178
171
109
-80
-262
-279
-315
-301
-297
-185
-99
-16
56
39
13
-3
51
107
171
186
105
-37
-114
-164
-261
-376
-306
-83
-48
-302
-541
-671
-769
-763
-646
-531
-749
-1034
-1335
-1455
-1462
-1528
-1552
-1630
-1669
-1893
-2118
-2237
-2095
-1817
-1426
-171
1152
808
-1000
-1188
1039
2933
3447
2691
872
-1125
-455
2413
3733
2509
591
-832
-1642
-931
781
1277
126
-1223
-2098
-2299
-1286
182
369
-614
-1190
-1124
-892
-156
976
1492
982
461
510
966
1542
2131
2304
1766
997
791
1358
1969
1985
1346
587
89
-88
33
344
519
98
-760
-1418
-1442
-988
-512
-403
-809
-1405
-1573
-1111
-387
87
149
-28
-122
111
550
833
907
790
756
754
767
808
728
644
352
182
-25
-159
-169
-85
-28
-169
-358
-570
-745
-670
-312
6
-24
-378
-552
-390
-43
147
73
-140
-313
-213
48
295
327
151
-76
-78
84
185
56
-183
-339
-499
-619
-689
-698
-911
-1221
-1441
-1448
-1487
-1379
-1318
-1429
-1718
-1967
-1946
-1878
-1565
-1392
-1402
-782
420
746
-428
-770
1054
2615
2857
2275
1441
281
596
2761
3804
2605
955
137
-132
290
1246
1391
221
-949
-1573
-1610
-908
-7
-163
-1284
-1839
-1424
-896
-405
148
305
-79
-307
264
1098
1625
1769
1620
1234
769
872
1614
2213
2058
1367
766
522
579
721
751
539
43
-615
-926
-726
-430
-523
-1025
-1528
-1736
-1457
-982
-674
-689
-791
-813
-589
-103
397
602
478
604
731
918
999
1206
1138
739
531
510
648
581
425
179
22
-90
-110
-174
-161
-142
-53
-99
-338
-464
-373
-119
41
26
-144
-318
-257
-2
186
178
48
10
225
526
652
441
77
-91
-121
-71
-90
-183
-445
-809
-1087
-1159
-1194
-1276
-1413
-1538
-1691
-1857
-1923
-1949
-1949
-1919
-1875
-1787
-1730
-895
169
270
-685
-776
790
1902
2099
1782
1234
417
850
2472
3011
1899
910
785
781
756
899
772
154
-427
-785
-869
-569
-267
-685
-1508
-1764
-1345
-934
-658
-395
-419
-663
-668
-109
636
1055
1231
1247
1194
1067
1269
1802
2036
1736
1298
1125
1138
1168
1187
975
439
-142
-389
-174
96
-54
-664
-1250
-1431
-1214
-927
-762
-815
-948
-1017
-903
-575
-236
-7
51
259
548
726
717
832
1135
1233
1009
770
854
994
981
780
581
402
256
115
58
57
6
-168
-324
-275
-189
-198
-351
-452
-457
-392
-232
-81
-129
-336
-398
-176
79
145
115
41
30
85
227
317
197
-25
-238
-363
-373
-539
-797
-1117
-1206
-1275
-1454
-1674
-1836
-1809
-1973
-2093
-2170
-1955
-1930
-1893
-1864
-1136
-259
-293
-1089
-1018
702
1740
1652
1118
801
362
796
2201
2768
1796
876
894
1138
1287
1334
1113
498
29
-267
-368
-76
169
-418
-1367
-1617
-1199
-959
-793
-465
-500
-948
-1066
-355
425
715
804
960
1069
1008
1224
1794
2099
1717
1078
938
1359
1632
1340
799
458
246
42
13
96
-79
-535
-863
-887
-817
-816
-808
-803
-859
-903
-934
-847
-549
-256
-212
-379
-161
274
592
658
693
783
780
922
1111
1205
1049
841
653
555
545
564
461
228
29
-42
-1
-18
-113
-256
-306
-205
-118
-175
-288
-374
-383
-270
-22
96
-40
-190
-95
118
206
159
135
104
48
50
108
135
-23
-287
-617
-774
-800
-759
-832
-1058
-1344
-1646
-1643
-1716
-1805
-2021
-2023
-1851
-1879
-1909
-1939
-1133
-323
-257
-985
-862
369
1151
1198
956
724
233
674
1905
2410
1527
758
930
1336
1381
1186
944
547
143
-78
7
190
62
-602
-1133
-1161
-904
-840
-757
-563
-625
-939
-943
-249
500
727
634
679
857
959
1229
1623
1705
1333
979
1030
1242
1265
1011
686
488
415
397
399
348
117
-206
-349
-307
-280
-353
-441
-510
-584
-575
-507
-457
-451
-381
-313
-179
68
184
266
363
678
851
886
879
802
742
740
895
898
624
335
275
327
249
-5
-151
-154
-169
-259
-367
-335
-269
-326
-454
-474
-375
-398
-496
-412
-214
-176
-324
-406
-289
-180
-138
-85
-9
36
-17
-82
-135
-153
-237
-401
-630
-766
-909
-927
-1008
-1192
-1433
-1608
-1682
-1896
-1931
-1934
-1781
-1846
-1881
-1890
-1502
-770
-416
-588
-785
-56
669
1036
1009
919
511
496
1486
2452
2258
1341
1045
1323
1585
1601
1639
1386
761
158
191
602
615
-18
-714
-898
-732
-631
-664
-592
-615
-794
-889
-462
137
335
211
270
513
503
454
795
1251
1184
740
527
672
863
971
1022
893
550
208
218
505
658
394
-81
-357
-299
-165
-90
-170
-357
-639
-745
-609
-408
-426
-551
-569
-362
-110
-51
-33
15
273
384
454
431
550
579
545
534
562
547
390
361
437
463
230
70
45
113
29
-126
-176
-131
-109
-205
-315
-379
-382
-382
-338
-290
-244
-298
-335
-268
-203
-217
-236
-140
-33
-72
-202
-263
-281
-333
-433
-435
-454
-580
-720
-821
-873
-1003
-1096
-1177
-1199
-1280
-1377
-1439
-1396
-1267
-1150
-902
-621
-405
-355
-224
-9
83
295
652
888
654
526
772
1074
1119
1098
1238
1295
1129
930
1042
1239
1142
815
643
726
669
397
144
111
83
-67
-124
-24
9
-202
-345
-196
2
32
-19
-27
-109
-235
-173
81
183
46
-72
-22
116
195
207
191
202
235
237
278
350
344
198
72
96
153
122
67
68
5
-115
-195
-166
-117
-115
-198
-281
-312
-310
-320
-305
-208
-104
-58
-56
22
116
137
107
169
308
400
350
252
224
250
293
294
299
326
344
307
272
270
241
202
213
278
256
138
41
8
-42
-62
-9
33
-60
-231
-274
-214
-218
-330
-405
-383
-402
-532
-624
-617
-625
-767
-932
-944
-884
-933
-1095
-1203
-1213
-1229
-1244
-1216
-1186
-1162
-1075
-838
-588
-446
-374
-218
-50
46
170
444
716
727
680
780
986
985
911
1047
1289
1302
1124
1147
1267
1154
838
701
754
695
455
239
158
49
-114
-241
-227
-212
-303
-391
-347
-272
-323
-410
-386
-297
-212
-91
55
93
46
52
112
212
300
406
466
442
361
340
444
550
525
377
292
267
246
213
184
106
-45
-180
-223
-188
-219
-345
-501
-582
-591
-570
-510
-447
-412
-433
-397
-257
-74
9
-18
-39
-3
92
172
223
238
241
259
301
346
352
325
318
369
420
411
325
238
226
240
241
232
205
114
20
7
7
-48
-107
-124
-129
-188
-289
-344
-303
-261
-311
-425
-474
-474
-510
-568
-583
-600
-695
-762
-751
-732
-785
-848
-860
-874
-914
-954
-920
-842
-747
-641
-517
-390
-305
-194
-75
11
63
195
390
493
507
520
614
719
844
957
1017
969
921
961
959
843
698
659
582
427
312
293
246
65
-136
-195
-165
-214
-296
-305
-289
-356
-413
-341
-224
-236
-298
-197
-29
-6
-74
-10
197
294
262
277
354
385
387
458
584
617
471
287
257
339
347
234
90
-6
-51
-49
-29
-99
-258
-404
-405
-297
-204
-202
-233
-253
-253
-213
-113
30
85
30
-23
24
92
110
91
97
153
220
258
252
239
232
265
322
375
365
333
311
289
248
203
193
185
159
116
94
69
17
-31
-39
-19
-54
-107
-144
-151
-144
-131
-152
-251
-349
-364
-314
-312
-397
-517
-627
-712
-744
-754
-783
-824
-878
-927
-956
-974
-993
-992
-953
-812
-606
-437
-385
-370
-310
-258
-138
104
379
438
366
424
630
782
787
873
1008
1029
928
962
1080
978
688
521
570
519
331
184
146
39
-177
-307
-264
-222
-316
-431
-427
-393
-427
-461
-366
-233
-216
-230
-138
24
68
81
172
318
369
362
430
545
613
581
575
587
563
489
440
451
399
269
163
137
101
16
-78
-139
-170
-212
-273
-310
-326
-357
-408
-414
-380
-333
-323
-307
-246
-167
-117
-101
-67
-26
49
113
163
193
232
290
356
401
402
391
408
455
490
493
484
486
464
430
435
446
398
293
204
151
120
95
67
5
-65
-87
-47
-16
-60
-169
-271
-330
-353
-376
-428
-484
-542
-595
-600
-586
-639
-716
-752
-749
-754
-785
-804
-803
-829
-883
-904
-864
-761
-623
-502
-402
-329
-281
-255
-204
-27
190
319
347
410
487
558
602
669
759
773
707
639
656
610
413
238
256
279
144
9
-36
-95
-280
-423
-391
-324
-374
-468
-428
-320
-288
-321
-260
-144
-87
-64
40
221
284
218
238
382
488
525
591
655
613
508
476
529
528
455
362
351
331
229
113
69
70
20
-66
-128
-161
-211
-276
-294
-267
-257
-281
-287
-238
-197
-167
-143
-114
-70
-14
35
56
52
64
137
253
331
294
245
283
378
439
452
460
457
436
413
428
429
385
323
287
270
232
179
127
61
-5
-26
-19
-20
-69
-152
-217
-236
-259
-294
-328
-383
-452
-513
-556
-571
-583
-596
-600
-621
-648
-668
-659
-626
-607
-620
-644
-655
-638
-618
-618
-625
-611
-603
-601
-518
-361
-232
-202
-173
-94
-19
56
196
355
417
377
373
466
558
562
565
607
617
563
549
600
554
391
242
219
201
146
108
92
17
-104
-147
-96
-55
-80
-119
-97
-54
-51
-27
39
78
48
43
144
260
275
228
251
316
329
301
334
409
419
345
296
275
225
164
131
126
50
-78
-160
-143
-111
-136
-189
-223
-242
-273
-260
-222
-226
-298
-345
-292
-219
-208
-231
-204
-140
-80
-28
24
82
116
133
172
238
268
279
306
364
381
369
381
426
422
381
405
453
433
350
288
292
298
267
231
211
163
90
49
32
14
-25
-74
-111
-166
-237
-289
-281
-244
-252
-298
-336
-346
-331
-296
-253
-247
-273
-268
-231
-192
-196
-223
-243
-242
-218
-200
-193
-228
-293
-345
-334
-299
-306
-348
-428
-513
-558
-529
-463
-452
-484
-495
-488
-486
-426
-317
-241
-241
-244
-180
-73
-13
43
126
199
228
267
361
418
381
332
345
335
270
245
275
263
153
71
92
150
134
83
71
66
20
-11
22
45
11
-38
-5
65
88
60
84
165
206
198
203
237
262
271
291
323
309
264
240
255
228
168
136
142
131
57
-38
-94
-119
-157
-185
-200
-205
-220
-252
-248
-205
-170
-153
-126
-67
-15
1
18
74
132
149
165
217
270
294
302
331
359
363
353
357
374
359
320
286
260
225
187
158
137
96
39
-15
-62
-98
-130
-148
-145
-146
-150
-154
-152
-135
-113
-69
-15
22
17
10
38
76
117
145
158
173
181
213
259
244
193
139
110
71
0
-62
-111
-173
-254
-304
-327
-340
-373
-407
-432
-447
-459
-436
-418
-402
-416
-438
-414
-359
-304
-280
-239
-202
-172
-169
-155
-126
-92
-93
-113
-127
-143
-132
-128
-143
-165
-182
-189
-181
-160
-137
-141
-161
-163
-135
-82
-40
-16
-13
-3
43
102
153
193
241
285
318
338
360
389
410
404
379
391
396
368
318
295
289
270
228
187
185
188
151
78
59
79
92
81
80
88
83
95
125
163
195
223
234
239
235
227
236
264
270
245
233
230
206
155
102
83
70
39
-27
-106
-163
-212
-249
-278
-298
-331
-367
-393
-402
-422
-439
-447
-442
-420
-390
-372
-359
-341
-323
-306
-294
-275
-261
-262
-276
-256
-193
-97
-24
-9
19
53
103
126
154
204
235
222
197
222
255
261
240
264
311
329
310
303
275
180
98
79
69
-3
-113
-183
-208
-276
-369
-423
-429
-449
-488
-481
-441
-437
-493
-515
-469
-393
-324
-273
-202
-149
-128
-81
10
94
134
178
250
290
285
271
290
325
312
295
281
279
263
239
237
236
210
177
164
157
127
71
35
12
2
-24
-46
-51
-77
-111
-122
-116
-107
-101
-98
-100
-99
-80
-55
-33
-4
51
108
151
182
205
218
221
252
291
312
306
296
297
291
270
234
209
193
163
116
70
42
-11
-83
-151
-187
-200
-223
-240
-252
-269
-294
-304
-296
-291
-293
-282
-234
-182
-159
-134
-88
-11
41
88
151
188
204
212
230
256
260
246
232
214
187
153
133
100
53
-7
-61
-101
-149
-183
-216
-245
-262
-281
-293
-302
-308
-302
-277
-247
-225
-221
-215
-188
-143
-104
-78
-64
-53
-33
-8
15
33
36
38
70
104
116
101
75
67
76
88
98
98
90
92
94
94
89
90
97
116
154
181
171
152
164
189
211
227
255
281
290
284
263
252
256
270
273
263
233
192
154
127
115
117
117
82
36
-3
-44
-73
-90
-108
-113
-125
-145
-161
-161
-158
-180
-202
-194
-170
-172
-178
-192
-217
-236
-241
-222
-203
-201
-213
-221
-230
-238
-241
-232
-211
-223
-261
-278
-264
-248
-241
-224
-210
-205
-210
-196
-170
-147
-131
-100
-64
-39
-38
-40
-18
4
37
73
111
130
131
129
140
157
156
173
206
234
237
221
227
237
231
227
235
249
245
227
209
203
192
175
169
171
165
142
122
121
122
112
107
94
83
71
63
64
68
70
62
48
25
18
15
2
-12
-21
-33
-38
-39
-35
-27
-45
-56
-54
-39
-14
-8
-9
-15
-24
-21
12
53
76
67
43
30
30
52
75
80
52
3
-47
-84
-101
-121
-160
-200
-229
-255
-284
-319
-353
-374
-386
-378
-372
-387
-404
-414
-411
-387
-347
-299
-266
-238
-204
-159
-117
-91
-65
-26
11
43
65
98
125
145
173
194
212
224
229
227
232
237
235
218
195
186
196
209
209
189
168
170
187
203
205
195
189
185
186
185
183
178
191
213
224
228
217
205
197
190
193
194
194
186
171
161
161
153
132
124
114
89
57
28
-6
-45
-92
-141
-181
-212
-241
-284
-326
-364
-394
-420
-439
-454
-474
-490
-502
-497
-485
-465
-433
-394
-355
-321
-282
-228
-160
-106
-69
-30
24
74
118
164
209
239
260
302
356
395
405
397
389
385
376
358
333
316
299
273
237
192
164
149
145
123
83
58
42
27
3
-11
-9
-13
-20
-27
-20
3
28
38
40
41
35
40
55
62
57
48
38
26
7
-7
-8
-3
-14
-45
-86
-120
-141
-162
-177
-182
-197
-222
-244
-248
-242
-235
-227
-223
-216
-202
-189
-182
-169
-148
-121
-86
-46
-3
27
44
65
89
114
130
151
170
178
181
177
177
181
185
188
188
187
180
168
155
140
116
92
74
60
47
38
18
1
-6
-15
-26
-44
-63
-77
-99
-125
-136
-141
-147
-166
-182
-190
-185
-179
-175
-176
-188
-200
-203
-205
-206
-212
-215
-213
-216
-213
-209
-203
-193
-180
-165
-144
-120
-101
-83
-64
-41
-15
12
42
77
106
131
153
175
195
207
215
235
255
256
250
237
234
228
225
220
210
195
182
168
147
124
100
82
66
51
42
35
27
19
8
-8
-16
-14
-5
1
-6
-17
-28
-44
-55
-54
-47
-41
-42
-48
-56
-60
-64
-64
-59
-57
-57
-65
-77
-85
-86
-83
-77
-66
-57
-45
-40
-41
-42
-45
-42
-32
-26
-22
-21
-22
-9
5
15
25
30
38
42
50
59
64
62
52
46
48
59
67
64
57
53
52
50
49
48
48
45
40
39
38
31
8
-11
-10
2
5
-5
-29
-60
-86
-98
-95
-93
-97
-107
-128
-144
-146
-139
-127
-117
-115
-117
-123
-127
-127
-128
-125
-115
-93
-80
-80
-79
-73
-63
-46
-23
0
15
19
25
33
41
50
61
77
93
106
103
97
98
97
105
107
107
98
84
67
53
49
50
63
71
69
57
39
29
33
44
54
55
49
37
20
10
9
23
40
42
33
18
1
-4
5
15
21
20
9
-1
-5
-6
2
10
12
10
3
-8
-15
-18
-20
-21
-21
-27
-34
-42
-46
-41
-38
-31
-33
-43
-63
-73
-74
-72
-67
-70
-72
-74
-77
-71
-65
-55
-47
-41
-41
-40
-34
-31
-21
-8
7
28
45
58
66
65
72
87
104
119
124
126
119
112
113
116
121
122
118
109
97
82
69
59
57
50
39
21
0
-20
-38
-47
-54
-57
-60
-67
-77
-94
-108
-114
-107
-100
-99
-102
-107
-106
-99
-92
-82
-72
-64
-64
-69
-72
-72
-63
-49
-38
-36
-38
-40
-33
-27
-20
-16
-13
-13
-16
-16
-18
-21
-21
-18
-15
-10
-11
-13
-10
-8
-7
-5
-1
0
-6
-13
-15
-8
2
10
16
18
20
26
36
47
53
55
58
61
66
69
74
83
89
90
89
89
86
82
78
74
73
70
61
45
29
16
8
5
-2
-11
-22
-33
-45
-58
-69
-72
-71
-71
-75
-88
-99
-105
-103
-91
-81
-74
-70
-69
-67
-64
-57
-43
-28
-15
-3
7
17
24
34
48
66
82
90
94
91
85
79
81
95
106
107
99
86
74
68
69
72
68
54
36
23
14
7
3
3
3
1
-7
-15
-21
-21
-20
-17
-14
-14
-16
-22
-25
-22
-16
-7
-2
1
-1
-8
-12
-12
-10
-8
-11
-18
-27
-39
-51
-61
-62
-59
-58
-63
-76
-89
-98
-100
-96
-90
-86
-84
-88
-93
-99
-100
-88
-67
-47
-36
-34
-34
-28
-15
1
24
48
65
73
72
73
83
104
127
143
150
146
136
129
124
122
125
128
128
118
97
73
55
44
41
35
23
3
-21
-43
-62
-69
-69
-71
-77
-92
-107
-119
-127
-129
-126
-122
-123
-126
-125
-121
-115
-108
-98
-85
-70
-59
-49
-40
-32
-24
-10
6
19
26
29
33
39
49
60
69
75
76
74
71
73
76
78
80
77
71
65
60
60
60
