-25
16
35
15
35
33
-44
-45
-50
-70
-92
-99
-174
-180
-204
-212
-153
-204
-156
-154
-99
-84
-71
-63
-120
-84
-98
-68
-19
14
-1
-22
2
-23
26
42
86
82
81
81
67
78
83
104
30
82
79
73
48
50
34
9
39
8
52
38
80
35
89
72
70
15
-17
-47
-33
-37
-9
-1
-24
8
-36
22
13
94
64
73
45
-11
20
-43
39
-16
-47
-114
-156
-151
-283
-230
-295
-265
-310
-297
-319
-345
-259
-289
-266
-301
-292
-389
-372
-397
-392
-408
-425
-373
-330
-235
-115
-16
90
216
346
434
562
667
747
778
792
831
774
753
713
645
560
515
444
370
316
298
265
228
243
208
172
118
137
26
31
37
-6
-10
1
15
59
156
128
184
162
233
245
335
285
301
265
203
362
156
112
-15
-27
-146
-82
-137
-337
-360
-459
-483
-458
-436
-512
-557
-586
-621
-661
-664
-733
-726
-784
-814
-869
-884
-914
-908
-951
-940
-933
-909
-887
-838
-722
-631
-464
-348
-147
3
146
291
477
620
730
835
921
991
1042
1073
1026
1008
973
908
834
777
703
592
490
412
339
244
142
72
-14
-93
-146
-212
-225
-234
-239
-268
-243
-144
-90
19
123
215
311
371
479
560
637
688
706
718
716
693
613
563
508
413
329
220
152
28
-79
-137
-251
-309
-388
-415
-466
-488
-530
-547
-533
-498
-425
-435
-368
-369
-329
-330
-263
-261
-268
-324
-346
-387
-428
-437
-492
-537
-598
-641
-756
-788
-853
-917
-1016
-1108
-1206
-1320
-1427
-1487
-1535
-1554
-1521
-1405
-1234
-965
-689
-374
11
406
869
1292
1771
2099
2349
2524
2671
2667
2612
2453
2197
1883
1536
1254
900
624
316
52
-232
-391
-516
-688
-853
-998
-1127
-1273
-1323
-1400
-1470
-1547
-1514
-1429
-1270
-1052
-802
-527
-206
188
567
921
1294
1594
1804
2007
2144
2170
2093
1992
1773
1573
1373
1094
792
569
332
100
-56
-192
-374
-508
-576
-674
-684
-714
-746
-779
-748
-703
-616
-525
-419
-303
-186
-41
137
289
385
500
569
602
637
630
565
436
300
148
-35
-181
-339
-489
-622
-741
-831
-901
-985
-1017
-1077
-1123
-1147
-1175
-1250
-1344
-1373
-1457
-1504
-1593
-1660
-1784
-1862
-1905
-1958
-1860
-1597
-1229
-1012
-605
-11
527
1033
1697
2352
2545
2744
2992
3047
2842
2761
2504
1970
1562
1293
942
496
284
2
-364
-611
-557
-679
-967
-1099
-1230
-1450
-1635
-1576
-1743
-1993
-2040
-1970
-1986
-1790
-1395
-1109
-787
-241
458
981
1529
2148
2587
2831
3114
3358
3286
3057
2846
2484
2032
1655
1294
809
379
118
-110
-273
-375
-387
-500
-544
-539
-391
-447
-530
-512
-546
-626
-599
-508
-580
-492
-378
-219
-85
214
406
524
661
834
948
916
869
723
511
230
28
-223
-522
-793
-984
-1181
-1273
-1248
-1264
-1282
-1226
-1117
-1056
-988
-918
-930
-972
-1016
-1029
-1147
-1280
-1395
-1508
-1646
-1730
-1760
-1882
-1932
-1893
-1640
-1313
-912
-681
-275
286
822
1318
1934
2376
2364
2525
2677
2696
2470
2406
2015
1563
1297
1180
881
479
299
-21
-357
-598
-552
-845
-1208
-1451
-1620
-1915
-2041
-2062
-2330
-2513
-2406
-2168
-1997
-1565
-1046
-630
-141
624
1394
1961
2510
3060
3407
3575
3769
3805
3470
3053
2681
2232
1705
1325
871
298
-79
-225
-424
-646
-640
-704
-822
-809
-634
-594
-649
-633
-605
-600
-555
-412
-362
-326
-162
93
276
523
833
1000
1074
1259
1441
1366
1235
1079
805
423
115
-211
-641
-1021
-1322
-1544
-1736
-1744
-1688
-1663
-1589
-1390
-1221
-1171
-1078
-1020
-1045
-1107
-1113
-1198
-1397
-1544
-1690
-1873
-2056
-2110
-2244
-2356
-2396
-2241
-1924
-1527
-1203
-885
-221
379
980
1597
2310
2442
2554
2848
2979
2841
2680
2512
1937
1625
1494
1375
943
727
508
198
-91
-134
-308
-848
-1206
-1472
-1785
-2114
-2129
-2321
-2615
-2581
-2269
-2008
-1656
-1056
-518
-27
719
1594
2237
2689
3211
3562
3658
3739
3809
3521
2971
2548
2101
1546
1058
696
168
-299
-520
-638
-871
-1021
-1053
-1211
-1332
-1265
-1134
-1172
-1169
-1036
-817
-537
-175
265
610
983
1405
1810
2083
2301
2414
2268
2071
1875
1584
1038
543
49
-504
-1000
-1334
-1636
-1958
-2106
-2134
-2092
-2017
-1816
-1653
-1530
-1364
-1148
-1041
-999
-930
-920
-971
-965
-888
-892
-877
-808
-730
-719
-718
-718
-831
-976
-1191
-1379
-1666
-1763
-1692
-1638
-1760
-1563
-966
-561
-69
751
1563
1770
2285
2905
3217
3188
3368
3279
2777
2500
2293
1831
1112
783
288
-322
-773
-865
-1268
-1813
-2008
-2110
-2406
-2554
-2395
-2517
-2697
-2486
-2122
-1962
-1652
-1097
-647
-223
541
1334
1862
2365
3036
3443
3612
3887
4107
3849
3467
3237
2882
2259
1732
1310
651
48
-310
-611
-1054
-1300
-1431
-1680
-1804
-1729
-1563
-1517
-1350
-1099
-815
-480
-76
476
875
1242
1604
2078
2257
2456
2616
2512
2219
2030
1780
1210
760
275
-278
-853
-1170
-1520
-1859
-2099
-2186
-2215
-2198
-2058
-1892
-1795
-1714
-1499
-1354
-1293
-1183
-1076
-1099
-1097
-937
-799
-765
-690
-587
-564
-549
-513
-582
-826
-1109
-1366
-1714
-2094
-2423
-2502
-2520
-2459
-2400
-1950
-1281
-604
170
1149
2031
2523
3195
3807
4163
4139
4195
3893
3360
2931
2529
1875
1098
610
42
-557
-970
-1084
-1448
-1889
-2046
-2077
-2260
-2370
-2323
-2425
-2590
-2456
-2228
-2100
-1836
-1353
-901
-387
418
1260
1912
2553
3334
3892
4215
4501
4678
4437
4022
3619
3074
2310
1556
835
5
-695
-1173
-1591
-2037
-2224
-2200
-2201
-2099
-1740
-1360
-1184
-867
-412
-70
168
503
787
896
1113
1346
1482
1507
1640
1682
1606
1580
1574
1395
1070
866
595
159
-312
-690
-1164
-1662
-1991
-2208
-2464
-2621
-2601
-2523
-2376
-2082
-1743
-1483
-1207
-837
-537
-356
-183
-58
-77
-158
-209
-322
-531
-788
-1032
-1268
-1529
-1732
-1922
-2117
-2323
-2346
-2022
-1628
-1410
-1231
-517
183
755
1434
2351
2670
2767
3293
3662
3599
3479
3539
2975
2523
2399
2221
1474
932
657
113
-503
-771
-946
-1620
-2163
-2344
-2537
-2924
-2984
-2966
-3213
-3202
-2710
-2294
-2027
-1422
-629
-79
644
1669
2497
2902
3467
4094
4336
4363
4436
4286
3702
3192
2776
2205
1443
874
272
-380
-788
-944
-1229
-1555
-1530
-1437
-1464
-1326
-925
-752
-733
-508
-148
35
163
384
566
681
887
1148
1283
1354
1533
1615
1556
1543
1544
1265
836
561
225
-313
-856
-1256
-1726
-2187
-2470
-2616
-2755
-2781
-2668
-2482
-2243
-1889
-1507
-1266
-1027
-760
-601
-596
-574
-577
-725
-920
-1057
-1231
-1443
-1636
-1729
-1844
-1921
-1992
-2009
-2073
-2004
-1571
-1125
-1018
-904
-113
521
858
1479
2430
2557
2570
3227
3684
3460
3365
3528
3003
2526
2492
2360
1501
898
612
49
-690
-984
-1236
-1995
-2567
-2617
-2727
-3130
-3088
-2905
-3058
-2948
-2243
-1728
-1545
-960
-126
399
1007
1952
2639
2850
3300
3870
4057
4011
4080
3868
3315
2931
2674
2135
1378
895
410
-197
-624
-737
-1064
-1498
-1511
-1358
-1422
-1400
-984
-791
-774
-473
18
198
356
741
965
1047
1281
1556
1490
1432
1525
1514
1250
1072
959
598
102
-200
-482
-969
-1371
-1619
-1909
-2237
-2346
-2369
-2475
-2469
-2255
-2090
-1957
-1645
-1321
-1144
-964
-679
-510
-464
-408
-333
-419
-545
-596
-700
-885
-1040
-1126
-1325
-1517
-1583
-1712
-1881
-1989
-1832
-1493
-1198
-1143
-851
-110
483
954
1688
2489
2598
2887
3471
3771
3500
3488
3396
2807
2422
2296
1861
962
526
137
-433
-1048
-1210
-1559
-2202
-2511
-2502
-2642
-2868
-2731
-2662
-2711
-2490
-1935
-1600
-1410
-788
-84
404
1064
1923
2449
2777
3346
3853
4048
4012
4099
3882
3431
3096
2790
2230
1576
1094
580
8
-391
-608
-1019
-1309
-1295
-1243
-1349
-1251
-962
-817
-679
-381
-65
86
210
440
605
678
772
862
881
854
863
792
620
492
357
109
-205
-451
-684
-1070
-1377
-1582
-1800
-1999
-2079
-2095
-2101
-2010
-1879
-1676
-1450
-1269
-1014
-768
-610
-407
-243
-161
-105
-91
-110
-256
-391
-526
-698
-895
-1132
-1273
-1429
-1612
-1797
-1909
-1995
-2191
-1988
-1556
-1206
-1219
-866
19
562
1015
1908
2728
2766
3085
3774
4039
3640
3670
3527
2800
2333
2235
1683
647
202
-139
-831
-1479
-1535
-1896
-2591
-2866
-2741
-2947
-3231
-3023
-2939
-3014
-2779
-2138
-1814
-1622
-918
-118
397
1089
2105
2654
3040
3754
4285
4376
4401
4578
4348
3783
3408
3142
2385
1599
1100
583
-86
-512
-701
-1151
-1453
-1461
-1451
-1579
-1483
-1185
-1133
-1093
-793
-445
-452
-331
13
220
247
434
708
762
827
964
1135
806
976
919
496
456
83
-51
-507
-1053
-1014
-1404
-1902
-1967
-1932
-2234
-2168
-1871
-1997
-1889
-1462
-1327
-1046
-931
-864
-546
-683
-450
-397
-591
-580
-744
-758
-1025
-1056
-1138
-1363
-1329
-1461
-1573
-1591
-1719
-1595
-1267
-978
-734
-613
100
749
1140
1733
2482
2770
2867
3399
3716
3546
3470
3319
2856
2375
2240
1805
925
341
-69
-565
-1280
-1588
-1831
-2357
-2823
-2870
-2894
-3036
-2977
-2853
-2719
-2621
-2020
-1476
-1182
-606
172
811
1427
2276
3011
3420
3857
4420
4632
4539
4510
4331
3884
3413
3013
2439
1721
1175
626
53
-454
-724
-1090
-1545
-1653
-1687
-1863
-1877
-1676
-1628
-1529
-1303
-974
-729
-543
-188
136
373
605
904
1090
1195
1307
1340
1232
1148
986
745
401
103
-193
-592
-888
-1151
-1450
-1703
-1860
-1892
-1863
-1855
-1789
-1668
-1564
-1363
-1183
-1084
-983
-879
-844
-804
-708
-669
-683
-696
-635
-685
-698
-662
-800
-919
-1018
-1152
-1266
-1473
-1686
-1891
-1845
-1472
-1277
-1193
-940
-149
525
989
1800
2612
2815
3067
3714
3976
3773
3544
3338
2744
2198
1881
1260
302
-271
-600
-1170
-1726
-1912
-2143
-2661
-2867
-2690
-2613
-2803
-2756
-2513
-2361
-2134
-1616
-1171
-883
-279
452
1059
1728
2567
3116
3467
4003
4488
4599
4516
4531
4280
3729
3227
2847
2207
1407
797
263
-366
-945
-1238
-1641
-1970
-2061
-2045
-2091
-2079
-1910
-1766
-1667
-1402
-988
-740
-515
-144
218
468
813
1182
1363
1478
1528
1564
1510
1305
1066
674
219
-105
-463
-930
-1289
-1528
-1786
-1942
-2031
-2005
-1875
-1862
-1782
-1552
-1411
-1245
-1068
-931
-820
-748
-629
-575
-529
-442
-457
-423
-338
-238
-250
-322
-296
-369
-505
-829
-1056
-1265
-1639
-1992
-2274
-2203
-2030
-1779
-1711
-1319
-292
414
1103
2005
2891
3197
3572
4318
4419
4014
3795
3485
2694
2097
1665
1003
41
-503
-786
-1297
-1656
-1744
-1926
-2298
-2330
-2145
-2190
-2319
-2238
-2205
-2235
-2072
-1577
-1301
-1141
-534
305
1018
1751
2644
3291
3840
4468
4975
5131
5059
4964
4581
3897
3310
2717
1881
898
228
-298
-924
-1460
-1772
-2027
-2272
-2294
-2187
-2110
-2081
-1981
-1819
-1662
-1400
-1103
-922
-626
-279
80
370
727
1148
1431
1597
1712
1827
1725
1552
1281
958
493
-1
-419
-892
-1333
-1698
-1953
-2157
-2265
-2213
-2108
-2046
-1769
-1482
-1304
-1105
-942
-736
-690
-672
-566
-536
-556
-557
-422
-385
-416
-364
-258
-333
-495
-557
-682
-941
-1197
-1478
-1743
-2017
-2111
-1849
-1606
-1526
-1328
-377
353
932
1754
2698
3002
3184
3886
4159
3821
3451
3377
2603
1957
1599
1153
108
-479
-653
-1042
-1518
-1694
-1710
-2162
-2325
-2241
-2201
-2480
-2480
-2389
-2362
-2248
-1733
-1311
-995
-499
415
1215
1875
2801
3467
3913
4409
4988
5064
4857
4638
4315
3638
2977
2426
1708
810
125
-387
-830
-1301
-1626
-1883
-2156
-2211
-2257
-2282
-2391
-2346
-2196
-2120
-1942
-1585
-1287
-1062
-550
49
514
978
1449
1845
2073
2240
2243
2103
1781
1376
971
418
-122
-652
-1082
-1477
-1774
-1858
-1953
-1984
-1874
-1692
-1605
-1499
-1319
-1258
-1208
-1235
-1130
-1156
-1188
-1122
-1146
-1012
-901
-701
-586
-436
-242
-40
30
4
-26
-338
-568
-846
-1246
-1645
-2045
-2243
-2114
-1808
-1524
-1415
-679
326
1067
1810
2728
3508
3421
3835
4267
4044
3446
3100
2591
1763
1240
946
370
-413
-606
-744
-997
-1275
-1138
-1425
-1810
-1927
-1853
-2166
-2488
-2440
-2471
-2438
-2145
-1535
-1041
-489
285
1355
2165
3026
3854
4391
4664
5025
5151
4761
4324
3891
3180
2409
1825
1213
517
-216
-571
-869
-1174
-1485
-1701
-1968
-2248
-2308
-2384
-2552
-2673
-2581
-2493
-2415
-2027
-1490
-1039
-546
266
988
1447
1937
2332
2553
2542
2412
2206
1741
1201
688
172
-429
-920
-1175
-1507
-1665
-1679
-1606
-1628
-1514
-1408
-1412
-1430
-1468
-1454
-1552
-1619
-1622
-1584
-1597
-1482
-1196
-909
-620
-294
84
363
547
630
655
485
150
-219
-651
-1079
-1545
-1963
-2339
-2482
-2597
-2116
-1538
-1015
-708
236
1345
1909
2628
3285
3787
3319
3549
3626
3232
2453
2130
1722
1051
826
789
478
-170
-105
-158
-498
-876
-904
-1494
-2098
-2426
-2438
-2923
-3216
-3024
-2860
-2637
-2026
-983
-342
371
1299
2367
3075
3750
4224
4430
4389
4369
4190
3706
3198
2755
2237
1693
1387
1078
611
85
-92
-330
-772
-1325
-1667
-2102
-2626
-2969
-3161
-3290
-3409
-3199
-2871
-2262
-1610
-788
-21
653
1403
2093
2504
2606
2837
2703
2363
2027
1731
1169
576
273
-16
-394
-642
-711
-848
-1021
-1111
-1194
-1427
-1682
-1816
-1954
-2200
-2223
-2181
-2121
-1978
-1649
-1264
-957
-576
-163
251
458
665
813
749
558
353
203
-167
-505
-807
-1078
-1328
-1517
-1651
-1790
-1900
-1956
-2091
-1917
-1424
-1071
-891
-689
367
966
1433
2067
2922
3034
2913
3422
3532
3252
2704
2597
1978
1462
1137
893
239
-278
-420
-771
-1282
-1496
-1636
-2156
-2520
-2559
-2471
-2721
-2679
-2456
-2118
-1790
-1146
-458
196
825
1640
2427
3026
3589
3895
4065
4123
4207
4005
3653
3272
2782
2251
1780
1315
846
246
-245
-706
-1092
-1472
-1941
-2339
-2727
-2980
-3147
-3178
-3001
-2782
-2447
-1930
-1285
-600
19
913
1459
1993
2411
2746
2802
2754
2696
2252
1909
1504
1226
753
340
68
-237
-604
-879
-1048
-1310
-1667
-1890
-2127
-2324
-2447
-2483
-2513
-2469
-2278
-2025
-1731
-1330
-931
-616
-272
9
334
468
589
657
742
618
503
391
159
-54
-343
-576
-1001
-1276
-1629
-2019
-2347
-2573
-2703
-2820
-2225
-1668
-1175
-838
250
1302
1869
2691
3429
3722
3285
3559
3452
2984
2378
2095
1553
1031
1021
971
718
348
353
13
-392
-748
-1012
-1799
-2487
-2817
-3027
-3362
-3347
-3140
-2865
-2297
-1313
-312
401
1294
2101
2811
3299
3818
3925
3726
3559
3539
3371
3062
2751
2444
2026
1780
1595
1204
684
45
-511
-1202
-1752
-2362
-2949
-3495
-3725
-3740
-3675
-3327
-2899
-2326
-1805
-983
-86
588
1139
1636
2152
2341
2539
2729
2694
2533
2394
2312
2054
1729
1437
1096
649
195
-205
-731
-1340
-1783
-2146
-2496
-2728
-2797
-2826
-2847
-2695
-2357
-2054
-1791
-1441
-1072
-795
-488
-152
189
408
672
959
1117
1146
1134
1118
1021
817
477
77
-421
-875
-1386
-1863
-2249
-2533
-2752
-3000
-2987
-2960
-2601
-1849
-1209
-757
-277
782
1480
1993
2682
3267
3098
2709
3101
2879
2557
2249
2454
2132
1859
1666
1584
1532
642
1087
497
-379
-929
-1614
-2902
-3255
-3535
-3643
-3045
-3060
-2719
-2164
-1512
-887
41
976
1215
1860
2515
3134
3230
3474
3950
3956
4056
3703
3268
3048
2999
2145
1670
1280
343
-398
-782
-1406
-2013
-2267
-2743
-3139
-3376
-3513
-3288
-2980
-2658
-2250
-2212
-1562
-818
-381
108
699
1180
1821
2424
2802
3000
3353
3419
3199
3150
2535
1842
853
301
-294
-1015
-1497
-1748
-2002
-2243
-2305
-2447
-2543
-2598
-2648
-2543
-2495
-2331
-2177
-2055
-1687
-1231
-774
-191
489
1012
1478
1578
1676
1715
1642
1426
1194
906
513
282
-81
-466
-887
-1270
-1670
-1999
-2346
-2661
-2904
-3143
-3334
-3445
-3166
-2225
-1318
-772
-180
1046
1798
2391
3235
3930
3748
3129
3477
3377
2963
2535
2699
2491
2337
2737
3081
2576
1443
1118
-85
-1322
-2049
-2590
-3585
-4270
-4167
-4114
-3654
-3060
-2208
-1497
-644
304
932
1362
1546
2069
2159
2275
2720
3081
3394
3695
4098
4093
3947
3533
2821
1823
1170
660
-16
-663
-1467
-2083
-2622
-2916
-3091
-3171
-3018
-2964
-2896
-2708
-2464
-2310
-2082
-1951
-1658
-1143
-221
694
1456
2035
2739
3340
3534
3618
3289
2788
2201
1534
842
194
-419
-852
-1137
-1381
-1489
-1647
-1892
-1966
-2016
-2235
-2407
-2602
-2656
-2753
-2470
-2098
-1617
-1006
-584
175
630
1044
1158
1293
1363
1369
1542
1402
1371
1214
1053
691
635
673
273
-197
-718
-1283
-2011
-2414
-2800
-3132
-3392
-3414
-3391
-3263
-2908
-2239
-1241
-434
-12
754
1802
2193
2647
3225
3348
2996
3152
3604
3573
3368
3425
3566
2980
2650
2562
1889
691
-152
-744
-1717
-2470
-2910
-3430
-3880
-3835
-3350
-2945
-2401
-1902
-1788
-1553
-1024
-413
8
375
799
1489
1968
2569
3127
3295
3426
3604
3795
3651
3324
2854
2372
1602
887
359
-252
-956
-1449
-1839
-2119
-2241
-2361
-2747
-3062
-3136
-3143
-2950
-2875
-2418
-2098
-1495
-687
84
831
1241
1793
2217
2499
2626
2555
2396
2125
1718
1433
1258
949
560
183
-162
-601
-1224
-1738
-2013
-2286
-2513
-2448
-2188
-1862
-1659
-1620
-1281
-973
-776
-331
-41
197
582
851
866
1033
1207
1397
1595
1655
1699
1677
1590
1400
920
421
86
-386
-806
-1276
-1416
-1477
-1563
-1658
-1937
-2192
-2645
-2924
-3143
-2978
-2708
-2022
-1034
-181
395
1008
2163
2588
3126
3662
3983
3650
3106
3187
3017
2437
2089
2263
1854
1450
1645
1540
718
-16
-582
-1375
-2348
-2969
-3434
-3979
-3979
-3522
-3090
-2876
-2234
-1856
-1737
-1312
-597
-69
133
647
1147
1573
2130
3032
3617
3782
3927
3933
3603
3084
2479
1787
1001
305
-25
-377
-856
-1027
-1277
-1674
-1815
-1925
-2244
-2719
-3147
-3322
-3282
-3035
-2641
-2352
-1814
-1106
-439
174
965
1505
1628
1752
1948
2237
2224
2312
2163
2050
2036
1915
1733
1205
638
34
-462
-915
-1343
-1720
-2006
-2113
-1894
-1653
-1594
-1396
-1202
-1159
-1102
-968
-696
-366
-185
45
643
1191
1601
1918
2022
2055
1901
1731
1532
1210
746
350
75
-252
-554
-769
-1024
-1273
-1529
-1833
-2085
-2344
-2581
-2889
-2900
-2947
-2831
-2730
-2471
-1477
-620
41
610
1698
2170
2362
2959
3176
2849
2478
2884
2706
2270
2570
2796
2306
1917
2093
1640
826
205
-636
-1816
-2531
-2707
-3060
-3354
-3252
-3115
-3105
-2712
-1980
-1764
-1650
-1348
-1208
-942
-343
356
928
1702
2588
3129
3521
4101
4335
4268
3890
3293
2692
2037
1332
816
612
282
-85
-267
-709
-1401
-1827
-2236
-2858
-3231
-3431
-3594
-3553
-3247
-2573
-1888
-1318
-684
-198
272
752
1227
1466
1752
2006
2172
2566
2831
2976
2994
2983
2576
2243
1914
1204
425
-313
-881
-1405
-1613
-1845
-1860
-1802
-1682
-1537
-1541
-1365
-1314
-1260
-1252
-1088
-905
-573
-181
215
771
1209
1596
1963
2122
2154
2092
1927
1588
1260
1018
778
451
47
-295
-719
-1087
-1562
-2065
-2489
-2807
-3246
-3360
-3408
-3375
-3423
-3250
-2848
-2579
-1758
-923
80
588
1050
1522
1830
2225
2562
2836
2864
2821
2657
2519
2654
2604
2497
2352
1936
1346
694
96
-665
-1260
-1881
-2412
-2898
-3211
-3310
-3242
-2921
-2647
-2327
-2045
-1891
-1759
-1406
-941
-327
337
1089
1686
2333
2902
3404
3774
3743
3523
3154
2793
2333
1991
1589
1113
696
346
99
-284
-776
-1174
-1477
-1938
-2495
-2897
-3120
-3158
-2988
-2522
-1976
-1508
-941
-399
71
463
856
1162
1408
1549
1816
2092
2186
2434
2574
2544
2452
2149
1697
1236
884
465
3
-413
-681
-897
-1160
-1280
-1261
-1267
-1346
-1313
-1284
-1322
-1464
-1395
-1267
-1017
-669
-349
51
411
742
986
1092
1199
1273
1177
1035
960
905
764
512
248
47
-261
-476
-768
-1082
-1457
-1717
-1890
-2016
-2059
-2012
-1740
-1586
-1352
-1103
-905
-875
-755
-584
-385
-89
216
413
531
705
884
1066
1143
1178
1024
845
624
345
93
-21
-46
-58
-134
-164
-97
-120
-141
-162
-141
-76
34
115
128
220
340
482
543
689
859
927
989
1030
1048
978
945
879
714
571
422
359
290
87
-101
-255
-454
-604
-609
-562
-594
-667
-673
-754
-726
-578
-499
-404
-247
-98
-53
190
473
669
783
839
944
830
749
767
719
470
286
199
126
34
-134
-201
-281
-413
-528
-559
-655
-751
-752
-732
-680
-553
-457
-349
-247
-140
0
131
239
323
363
440
520
541
580
527
505
563
507
422
357
257
294
248
176
203
183
151
53
-21
-49
-24
-32
-93
-132
-212
-305
-401
-493
-465
-434
-429
-383
-317
-272
-259
-307
-312
-241
-183
-95
-101
-158
-158
-137
-141
-156
-226
-289
-359
-427
-391
-296
-219
-218
-144
-55
-1
56
91
44
5
48
88
122
164
146
69
-25
-136
-183
-248
-358
-345
-335
-336
-314
-231
-210
-199
-157
-237
-290
-377
-358
-431
-442
-356
-309
-232
-201
-71
119
232
338
485
537
497
513
505
476
499
593
730
774
811
872
848
719
617
596
404
242
122
-36
-97
-52
-7
16
52
61
-38
-112
-100
-236
-365
-386
-420
-388
-261
-268
-136
-29
55
183
239
265
308
233
282
349
345
276
232
121
123
49
-32
-23
-21
3
-79
-147
-223
-173
-218
-192
-252
-302
-293
-298
-393
-271
-197
-241
-170
-191
-187
-226
-155
-148
-130
-188
-138
-223
-209
-242
-206
-144
-162
-108
-26
101
33
51
55
50
23
48
83
71
84
91
82
187
295
303
287
203
33
-45
-112
-146
-152
-90
-106
-247
-379
-421
-442
-436
-350
-311
-226
-68
33
77
218
387
508
504
439
387
303
259
261
358
478
587
629
653
711
647
595
531
444
354
192
-2
-157
-256
-338
-322
-244
-252
-220
-239
-335
-369
-372
-363
-348
-329
-255
-146
-60
57
178
290
399
491
554
570
662
717
758
740
649
580
458
399
341
261
214
154
100
-17
-170
-272
-297
-370
-429
-461
-505
-510
-532
-503
-490
-485
-424
-380
-347
-324
-276
-249
-250
-247
-240
-179
-159
-141
-115
-100
-134
-124
-101
-226
-317
-377
-492
-550
-602
-657
-736
-786
-845
-907
-929
-897
-847
-827
-831
-776
-764
-800
-894
-925
-961
-962
-934
-884
-564
-155
373
717
998
1231
1336
1454
1648
1753
1695
1456
1329
1311
1376
1467
1536
1522
1298
1077
834
648
309
-82
-375
-573
-718
-816
-818
-873
-953
-983
-1006
-1064
-1122
-1048
-824
-563
-277
14
238
461
721
1095
1395
1423
1365
1259
1197
1214
1215
1231
1156
1006
855
670
537
324
4
-313
-578
-773
-878
-891
-859
-825
-799
-751
-727
-649
-549
-472
-388
-272
-121
62
274
523
757
846
854
881
801
639
533
484
417
323
214
94
-57
-222
-338
-518
-724
-967
-1121
-1132
-1144
-1080
-1014
-953
-848
-763
-625
-489
-384
-242
-138
-28
109
240
375
423
437
469
467
398
258
92
-47
-245
-459
-586
-736
-894
-1035
-1126
-1225
-1317
-1385
-1431
-1450
-1440
-1387
-1315
-1275
-1156
-1095
-949
-825
-657
-267
237
715
943
1236
1476
1630
1847
2101
2115
1885
1635
1597
1553
1607
1637
1523
1258
948
777
541
195
-291
-671
-983
-1146
-1204
-1180
-1118
-1089
-1055
-935
-816
-817
-797
-680
-473
-209
88
322
547
799
1093
1358
1440
1387
1300
1197
1115
1015
964
879
703
540
486
402
214
-48
-273
-547
-769
-857
-869
-931
-980
-935
-909
-760
-683
-509
-410
-335
-307
-173
50
274
500
648
791
868
900
909
854
724
643
465
385
236
117
-19
-141
-258
-386
-472
-610
-781
-886
-926
-920
-876
-750
-584
-486
-312
-145
-49
-3
91
205
338
431
518
578
583
616
655
633
537
434
289
177
47
-117
-260
-419
-575
-699
-812
-864
-921
-1011
-1057
-1075
-1069
-1049
-1078
-1039
-977
-924
-839
-721
-464
-133
312
608
812
959
1074
1239
1419
1492
1372
1147
1052
1024
1065
1119
1037
867
618
478
376
211
-98
-468
-707
-849
-908
-963
-945
-901
-887
-806
-714
-643
-625
-529
-367
-205
-43
126
280
495
744
991
1142
1159
1117
1010
978
953
896
764
589
398
271
190
74
-97
-306
-501
-722
-863
-960
-1031
-1130
-1182
-1150
-1052
-883
-726
-570
-482
-419
-349
-177
-31
87
214
330
427
526
621
684
689
625
556
425
279
141
18
-109
-219
-285
-352
-421
-502
-571
-617
-640
-630
-600
-572
-488
-344
-233
-109
-3
72
140
252
389
513
606
665
725
764
823
835
801
730
623
519
394
272
134
-16
-161
-289
-432
-575
-687
-793
-883
-920
-903
-882
-847
-802
-738
-676
-617
-566
-519
-504
-480
-394
-214
18
204
373
507
603
723
880
961
852
675
527
460
475
514
474
385
300
229
164
90
-45
-313
-521
-620
-675
-693
-655
-638
-604
-505
-391
-315
-270
-250
-235
-199
-145
-71
-24
97
260
442
589
643
638
601
556
518
485
430
321
231
225
272
271
216
143
20
-90
-135
-177
-259
-293
-298
-235
-138
-21
58
84
132
153
152
138
147
139
159
214
256
268
252
225
223
178
124
84
-6
-95
-153
-163
-188
-207
-225
-220
-215
-218
-204
-210
-199
-146
-75
-8
84
163
217
272
320
355
343
327
341
347
344
341
348
323
297
290
270
205
89
-44
-184
-313
-395
-496
-568
-601
-634
-640
-607
-579
-566
-520
-467
-426
-390
-363
-300
-194
-15
168
319
443
528
616
733
840
847
777
689
671
670
681
692
649
553
460
412
331
196
8
-203
-387
-530
-639
-691
-732
-784
-783
-728
-701
-689
-665
-661
-639
-602
-543
-487
-422
-295
-162
-8
140
239
282
340
385
423
447
414
361
319
323
346
355
321
274
196
132
82
22
-59
-142
-211
-222
-182
-132
-93
-80
-43
-6
8
10
33
28
22
49
85
100
95
115
145
190
230
224
166
99
80
92
82
59
30
-4
-18
-12
-24
-70
-100
-125
-142
-128
-79
-29
1
45
102
130
139
134
119
118
128
138
110
90
58
27
20
-20
-75
-118
-169
-233
-278
-328
-405
-469
-520
-569
-610
-628
-602
-565
-529
-491
-450
-406
-319
-236
-162
-78
3
85
165
260
338
401
440
479
525
560
592
587
529
491
452
410
356
285
201
133
65
-20
-82
-148
-220
-289
-345
-399
-427
-460
-482
-481
-471
-419
-354
-305
-249
-194
-126
-54
12
63
104
160
204
253
312
336
346
363
354
351
354
319
268
231
205
197
195
192
171
147
119
91
66
32
20
14
35
64
73
74
61
68
62
59
81
75
49
33
41
40
40
37
16
-13
-40
-66
-64
-49
-34
-29
-24
-20
-40
-44
-33
-14
9
28
63
87
104
138
156
177
196
200
185
164
150
127
97
70
35
-12
-85
-173
-248
-334
-412
-463
-518
-567
-598
-612
-610
-605
-587
-558
-496
-421
-334
-238
-142
-34
65
169
273
358
438
514
585
643
681
686
665
641
598
552
512
451
386
323
241
160
59
-63
-162
-246
-311
-353
-363
-349
-326
-292
-244
-213
-191
-144
-102
-65
-14
42
96
160
214
272
316
330
318
297
265
227
175
116
86
44
-10
-58
-110
-161
-211
-252
-271
-298
-327
-334
-314
-294
-265
-235
-208
-176
-147
-122
-94
-51
-11
26
60
110
153
176
199
201
188
165
127
95
54
12
-12
-18
-27
-37
-48
-69
-98
-136
-174
-192
-208
-221
-210
-192
-141
-90
-47
-7
25
60
93
115
126
136
137
148
185
207
221
223
210
194
167
120
69
-5
-86
-133
-157
-176
-203
-235
-259
-271
-294
-300
-314
-336
-334
-309
-283
-234
-189
-138
-76
-18
34
67
98
125
157
201
241
264
285
292
308
299
274
241
202
175
142
111
94
78
58
25
-18
-55
-101
-136
-158
-173
-174
-189
-188
-171
-137
-112
-102
-98
-104
-102
-104
-100
-93
-102
-115
-118
-122
-127
-132
-139
-143
-132
-132
-135
-150
-176
-196
-209
-213
-220
-228
-221
-213
-206
-199
-183
-159
-151
-131
-109
-76
-32
-4
15
50
87
124
167
201
215
215
219
229
256
278
286
283
281
278
270
261
244
220
198
180
161
139
108
94
86
91
106
128
138
146
160
178
196
204
192
184
177
173
185
184
180
191
200
192
179
152
109
72
43
25
6
-38
-80
-113
-145
-173
-202
-236
-278
-298
-306
-306
-304
-289
-265
-227
-181
-132
-94
-72
-51
-24
-6
12
29
34
36
36
36
28
18
2
-12
-14
-21
-49
-70
-87
-95
-103
-119
-141
-174
-194
-190
-173
-155
-131
-98
-64
-29
6
12
17
24
40
60
78
98
110
111
128
142
141
124
96
73
39
16
-4
-21
-22
-17
-17
-8
0
-9
-21
-19
-7
4
11
26
27
34
60
94
147
183
214
248
261
269
259
234
206
179
155
140
128
117
94
67
41
5
-41
-95
-144
-178
-210
-223
-222
-231
-242
-261
-269
-264
-265
-260
-252
-235
-203
-165
-128
-98
-72
-48
-30
-5
21
40
53
65
77
91
90
79
72
55
42
31
24
14
15
25
31
48
59
58
71
84
99
123
129
134
130
123
136
151
150
145
153
159
150
152
154
131
115
100
73
49
33
16
2
-5
-8
-16
-31
-42
-55
-79
-96
-100
-106
-108
-103
-114
-126
-144
-156
-163
-172
-175
-182
-192
-191
-181
-176
-183
-187
-196
-200
-201
-199
-200
-204
-205
-206
-202
-190
-175
-176
-172
-152
-120
-87
-49
-8
25
60
103
145
181
230
265
298
334
366
389
397
410
405
398
400
385
364
340
322
312
293
272
234
184
146
107
78
51
10
-32
-70
-92
-108
-126
-141
-151
-156
-159
-163
-174
-184
-194
-200
-186
-162
-145
-133
-123
-114
-103
-88
-67
-58
-50
-30
-7
4
3
1
-9
-14
-22
-36
-40
-61
-79
-77
-76
-81
-91
-109
-118
-105
-92
-87
-78
-59
-41
-28
-11
6
18
32
47
63
77
84
86
89
97
113
128
134
141
152
153
151
145
132
131
130
124
108
86
66
52
35
21
11
-5
-30
-52
-71
-88
-104
-122
-133
-123
-109
-101
-92
-72
-58
-51
-41
-31
-27
-31
-21
-1
17
31
35
39
42
43
44
45
51
52
51
55
57
54
62
73
80
87
90
92
87
84
78
79
79
80
76
74
73
58
52
51
43
30
13
-10
-33
-59
-75
-91
-109
-112
-125
-135
-142
-146
-151
-153
-151
-154
-147
-142
-145
-139
-120
-105
-88
-69
-50
-36
-27
-17
-12
-4
-3
1
10
9
11
12
15
26
18
5
-12
-39
-66
-94
-114
-121
-141
-146
-144
-148
-154
-157
-146
-135
-122
-106
-88
-73
-55
-29
6
33
50
62
81
96
106
109
110
113
105
104
95
77
58
31
11
1
-1
-8
-19
-31
-33
-35
-35
-41
-51
-64
-62
-49
-38
-26
-21
-22
-26
-23
-20
-13
-10
-6
-1
8
12
6
2
5
12
8
9
10
11
6
4
-2
-4
-2
-7
-12
-5
5
8
16
25
41
47
52
68
88
104
112
117
126
130
131
133
131
129
125
120
113
104
92
69
53
39
26
16
-3
-19
-35
-42
-47
-47
-55
-62
-68
-80
-91
-101
-100
-109
-108
-98
-85
-80
-80
-74
-66
-58
-53
-52
-56
-59
-51
-56
-55
-44
-30
-16
-20
-22
-24
-24
-24
-32
-32
-26
-21
-12
-4
2
10
14
14
21
22
20
22
13
10
21
29
39
48
51
54
55
49
40
33
25
25
29
27
30
32
36
41
45
53
59
59
64
80
88
93
92
87
82
74
68
58
51
50
56
59
57
53
53
49
42
42
42
37
30
20
15
10
8
1
-9
-15
-23
-30
-32
-31
-24
-13
-2
12
25
35
46
62
75
84
85
80
74
70
70
68
66
53
41
26
7
-18
-41
-60
-75
-87
-100
-104
-113
-123
-136
-142
-146
-153
-156
-152
-145
-142
-137
-133
-129
-121
-112
-109
-110
-112
-111
-102
-90
-81
-70
-53
-37
-22
-9
2
14
24
33
40
47
52
54
53
55
53
48
42
36
30
27
19
12
8
8
13
11
23
32
36
42
41
45
51
53
46
43
41
39
32
24
18
10
4
-1
0
3
11
17
25
28
38
42
45
50
52
51
51
55
58
57
55
49
39
30
20
8
-2
-8
-10
-14
-15
-15
-13
-10
-8
-5
2
6
3
3
3
0
-4
-11
-22
-30
-38
-44
-51
-56
-56
-57
-56
-54
-46
-37
-30
-22
-10
3
9
18
24
30
33
33
28
22
13
0
-16
-34
-49
-62
-74
-85
-91
-92
-94
-97
-98
-98
-98
-100
-98
-93
-87
-84
-81
-80
-78
-72
-71
-70
-66
-61
-55
-50
-41
-30
-17
-5
12
32
50
65
77
92
107
119
125
130
133
133
128
124
120
116
105
90
82
76
69
62
55
60
67
71
73
79
86
89
90
91
95
92
85
76
71
64
51
34
20
9
-5
-18
-29
-34
-38
-43
-44
-40
-32
-29
-25
-17
-9
-2
0
-1
1
2
-2
-9
-14
-17
-23
-31
-40
-41
-39
-36
-36
-34
-32
-32
-31
-30
-27
-26
-24
-29
-34
-35
-38
-46
-59
-65
-67
-75
-83
-86
-85
-80
-75
-67
-53
-39
-27
-15
2
21
38
50
59
71
77
81
79
75
75
70
60
49
41
33
24
15
12
11
12
10
6
9
11
11
10
11
14
17
13
8
7
5
-2
-12
-17
-19
-21
-27
-28
-26
-23
-20
-18
-12
-4
0
1
3
7
11
10
8
9
9
4
-4
-10
-15
-22
-30
-36
-36
-38
-41
-43
-40
-34
-27
-23
-18
-10
-4
-3
-2
0
4
3
-1
-4
-5
-6
-14
-21
-23
-25
-27
-29
-29
-20
-14
-10
-3
7
18
25
30
40
52
60
63
65
71
73
71
67
65
67
65
59
55
55
56
53
49
50
51
49
42
37
35
30
23
13
9
4
-6
-19
-29
-35
-41
-51
-57
-57
-55
-55
-55
-51
-40
-30
-25
-19
-5
7
13
15
19
27
27
22
16
14
9
-3
-16
-23
-28
-37
-50
-58
-61
-64
-70
-76
-75
-72
-72
-76
-74
-67
-63
-62
-63
-59
-51
-49
-51
-47
-39
-34
-31
-27
-15
-3
4
12
24
37
46
50
54
61
68
67
65
66
67
65
57
48
44
39
27
16
11
10
5
-1
-4
0
4
3
5
10
15
18
16
16
20
20
15
10
10
10
4
-1
-2
-3
-3
-5
-4
0
6
8
9
15
24
27
29
31
36
41
39
36
35
36
31
24
17
17
13
4
-4
-4
-4
-8
-12
-14
-12
-14
-20
-25
-26
-25
-29
-33
-35
-33
-34
-40
-45
-45
-43
-47
-49
-49
-44
-41
-41
-37
-29
-19
-15
-10
-2
7
13
12
14
17
18
14
8
5
5
0
-9
-15
-14
-17
-24
-29
-27
-26
-29
-32
-30
-25
-21
-23
-22
-17
-13
-11
-12
-8
-2
1
-2
0
6
10
12
14
19
25
30
32
35
41
45
45
43
44
46
46
42
40
41
38
33
26
23
21
15
7
4
4
2
-2
-5
0
3
3
4
7
12
15
14
15
18
22
19
17
17
17
14
11
11
13
14
12
8
8
9
7
5
6
9
8
4
1
1
2
-1
-6
-7
-5
