40
42
44
45
47
49
49
49
48
48
46
44
45
43
42
40
37
32
31
28
25
22
18
16
15
15
11
8
4
1
-2
-5
-8
-11
-15
-19
-23
-26
-30
-36
-39
-42
-44
-45
-46
-47
-48
-48
-46
-44
-43
-43
-44
-44
-42
-41
-39
-38
-37
-37
-35
-33
-32
-32
-31
-29
-27
-26
-24
-26
-25
-22
-23
-21
-22
-23
-24
-25
-24
-26
-30
-35
-39
-42
-43
-48
-52
-54
-58
-59
-61
-64
-65
-66
-62
-60
-56
-51
-43
-36
-28
-18
-8
4
12
24
36
49
62
73
84
94
103
112
123
129
135
141
148
153
157
161
163
164
166
168
167
168
166
165
164
160
157
153
146
143
139
135
129
123
115
107
100
92
83
72
63
52
43
31
20
6
-8
-20
-35
-49
-66
-81
-98
-114
-130
-146
-163
-182
-199
-214
-229
-240
-253
-263
-270
-274
-278
-280
-279
-279
-274
-271
-264
-258
-252
-245
-238
-233
-231
-230
-231
-232
-234
-236
-239
-243
-244
-247
-246
-244
-239
-229
-218
-199
-175
-142
-108
-71
-28
23
77
134
193
252
312
371
430
482
529
568
597
623
639
646
642
627
604
571
534
491
447
397
346
300
252
205
152
102
57
21
-11
-39
-54
-67
-72
-74
-73
-67
-60
-48
-37
-26
-18
-11
-14
-20
-28
-36
-49
-66
-84
-112
-131
-149
-169
-188
-213
-236
-251
-268
-291
-304
-319
-326
-328
-326
-312
-314
-295
-284
-272
-256
-241
-212
-199
-177
-162
-147
-137
-120
-116
-113
-112
-121
-121
-137
-146
-158
-164
-171
-180
-188
-202
-202
-196
-180
-165
-147
-112
-83
-35
11
52
98
139
192
250
307
351
388
414
446
457
465
469
451
447
426
405
378
340
287
225
188
147
99
53
7
-43
-85
-108
-116
-141
-157
-159
-153
-123
-77
-42
-10
37
88
138
187
244
276
308
342
363
374
377
374
342
318
306
274
243
214
182
147
115
89
45
2
-27
-59
-86
-98
-116
-131
-141
-143
-145
-151
-134
-132
-124
-112
-94
-86
-90
-89
-100
-93
-97
-92
-94
-105
-96
-96
-98
-86
-105
-112
-136
-141
-143
-184
-189
-203
-212
-230
-223
-234
-244
-253
-258
-250
-274
-256
-272
-280
-294
-321
-326
-362
-383
-427
-462
-478
-504
-504
-528
-505
-452
-393
-330
-264
-152
-73
22
153
255
305
364
434
454
474
495
487
447
442
451
420
413
403
364
301
285
260
181
118
57
-30
-123
-153
-193
-262
-292
-282
-263
-227
-151
-103
-59
13
112
184
263
337
355
373
398
424
399
388
383
339
305
304
298
264
253
234
209
195
206
192
159
153
139
121
98
76
34
-5
-15
-25
-30
-28
-8
-6
6
46
69
83
85
78
68
54
51
30
-1
-24
-59
-95
-103
-118
-140
-143
-143
-117
-140
-134
-133
-156
-146
-168
-159
-186
-201
-216
-228
-222
-234
-233
-234
-228
-232
-243
-244
-224
-235
-225
-243
-242
-254
-304
-328
-380
-395
-439
-480
-499
-517
-544
-567
-566
-558
-501
-441
-374
-297
-176
-51
6
130
273
359
408
475
555
538
551
565
556
517
513
505
462
472
449
417
372
386
350
256
207
134
39
-77
-118
-196
-288
-339
-355
-343
-325
-257
-207
-124
-20
83
156
232
315
342
371
401
413
385
380
366
330
313
299
295
275
271
262
238
233
218
196
166
151
120
91
69
28
12
4
31
28
43
54
63
60
57
73
61
62
18
-10
-22
-37
-69
-118
-139
-170
-203
-230
-243
-264
-304
-312
-332
-341
-351
-339
-316
-304
-278
-262
-224
-218
-217
-215
-213
-217
-224
-210
-213
-192
-192
-158
-153
-139
-113
-127
-113
-143
-141
-165
-184
-215
-248
-272
-314
-352
-407
-443
-503
-543
-597
-631
-590
-546
-465
-397
-218
-61
35
265
443
561
576
689
745
698
679
644
582
454
465
410
389
400
399
349
302
347
247
158
65
-21
-204
-344
-387
-523
-605
-661
-632
-614
-525
-373
-261
-97
72
246
379
543
639
651
674
687
676
589
567
511
443
419
406
407
367
374
343
303
253
193
107
8
-43
-148
-220
-286
-316
-354
-358
-264
-218
-119
-52
68
141
206
284
274
295
236
213
123
100
49
-11
-42
-72
-35
-80
-38
-52
-44
-60
-63
-71
-143
-173
-261
-276
-303
-301
-292
-272
-222
-183
-119
-87
-42
-41
-8
35
58
75
36
30
-13
-33
-52
-95
-128
-198
-262
-335
-376
-447
-520
-608
-690
-752
-843
-870
-939
-974
-1027
-979
-805
-686
-517
-350
-29
115
335
657
868
949
919
1130
1046
968
894
825
675
532
615
512
516
479
469
326
301
311
73
-80
-244
-369
-639
-711
-744
-866
-873
-794
-624
-514
-251
-37
138
338
537
711
764
884
847
794
769
745
673
540
527
441
403
347
326
263
171
132
18
-72
-203
-302
-455
-571
-647
-713
-733
-731
-661
-561
-428
-273
-83
103
241
356
512
577
597
597
583
516
452
416
323
251
161
140
47
4
-60
-144
-185
-243
-259
-342
-367
-404
-431
-444
-398
-346
-317
-245
-206
-148
-100
-42
-18
6
50
66
83
78
90
64
38
44
-14
-78
-175
-242
-356
-467
-553
-672
-776
-867
-918
-1018
-1083
-1155
-1218
-1301
-1328
-1347
-1148
-837
-603
-380
-19
476
613
1029
1441
1597
1449
1465
1570
1212
1045
885
748
427
468
509
366
414
399
294
7
72
-137
-506
-694
-788
-978
-1160
-958
-909
-879
-653
-295
-29
241
608
762
885
1055
1178
1164
1150
1157
990
900
876
825
645
531
467
271
149
69
-33
-235
-360
-480
-591
-656
-707
-743
-757
-682
-630
-532
-407
-289
-185
-18
140
270
408
573
694
760
897
910
871
829
722
570
393
219
15
-184
-310
-419
-537
-559
-534
-531
-503
-440
-381
-374
-335
-294
-293
-258
-224
-213
-184
-100
-26
-2
45
131
174
197
219
217
187
148
114
43
-33
-117
-225
-324
-384
-491
-603
-723
-782
-893
-1008
-1038
-1125
-1216
-1316
-1418
-1491
-1620
-1552
-973
-501
-91
149
945
1340
1397
2058
2380
2319
1584
1751
1482
919
644
482
295
-147
249
195
206
146
159
-242
-571
-513
-991
-1401
-1578
-1461
-1646
-1443
-912
-680
-486
-34
478
679
902
1150
1126
1069
1185
1317
1284
1322
1308
1157
1123
1119
932
546
358
68
-310
-592
-674
-847
-1051
-1008
-883
-721
-616
-415
-323
-208
-142
-84
-44
-19
12
23
187
364
528
655
927
1054
1195
1220
1194
1062
744
608
205
19
-276
-503
-630
-713
-634
-717
-603
-541
-451
-453
-354
-314
-322
-292
-259
-130
-129
-13
30
92
162
191
194
135
119
24
-65
-108
-151
-205
-220
-160
-123
-117
-140
-166
-275
-366
-461
-644
-758
-945
-1011
-1131
-1139
-1143
-1226
-1231
-1284
-1289
-1446
-1461
-1639
-1157
-543
-42
153
667
1550
1285
1921
2397
2498
1592
1358
1512
592
376
209
212
-417
15
316
102
106
133
-208
-928
-769
-1023
-1528
-1695
-1303
-1267
-1052
-272
142
231
572
1053
1032
1107
1352
1234
970
1101
1379
1392
1406
1437
1182
934
716
407
-168
-564
-865
-1223
-1317
-1182
-1008
-981
-687
-354
-116
-22
93
126
27
-16
-31
50
97
206
323
536
715
853
878
860
820
680
486
296
194
26
-138
-169
-159
-272
-334
-397
-409
-526
-621
-639
-662
-595
-536
-368
-182
13
177
350
463
505
462
376
277
135
-1
-120
-191
-251
-233
-191
-134
-99
-72
-30
-18
-31
-100
-175
-259
-363
-466
-537
-633
-688
-801
-853
-911
-1007
-1053
-1216
-1294
-1481
-1514
-1725
-1754
-1896
-1445
-494
134
573
799
1943
1756
2033
2574
2647
1870
1003
1432
680
366
147
307
-157
-150
381
184
-19
-236
-416
-1259
-1347
-1279
-1498
-1754
-1320
-810
-580
23
548
683
689
996
1102
1041
1204
1310
1170
1273
1646
1814
1591
1454
1135
650
183
-166
-692
-1182
-1292
-1360
-1244
-1006
-626
-504
-310
-14
128
50
-10
22
-84
-69
44
289
422
564
717
833
876
742
575
289
164
64
-43
-15
-33
166
109
293
421
239
157
-154
-187
-467
-596
-643
-637
-441
-246
70
286
524
598
600
525
482
306
91
-39
-108
-151
-176
-128
-107
-124
-178
-242
-296
-332
-408
-440
-448
-348
-287
-252
-197
-198
-268
-437
-598
-745
-973
-1103
-1250
-1287
-1353
-1435
-1458
-1545
-1453
-1720
-1685
-1949
-1186
-302
255
572
979
2155
1655
2371
2748
2787
1649
1097
1388
357
246
-97
79
-551
-78
320
112
-45
-162
-490
-1311
-1087
-1176
-1437
-1673
-1000
-638
-310
357
745
812
848
1182
1111
1151
1308
1299
1115
1290
1610
1525
1325
1081
648
93
-329
-681
-1200
-1379
-1378
-1275
-1070
-676
-348
-253
17
201
256
95
160
169
156
252
411
619
639
740
713
660
474
237
-12
-262
-404
-455
-363
-192
3
194
359
448
518
437
269
44
-131
-304
-440
-427
-345
-186
-53
158
346
460
480
417
369
263
136
-7
-90
-82
-114
-137
-129
-125
-218
-322
-394
-425
-446
-453
-352
-258
-117
-82
-54
-28
-89
-234
-462
-628
-829
-1028
-1136
-1180
-1199
-1218
-1246
-1279
-1395
-1536
-1792
-1881
-2048
-1287
-155
588
885
1401
2677
2276
2686
3119
2901
1562
720
1054
24
-162
-326
-117
-550
-135
418
78
-141
-396
-775
-1655
-1469
-1410
-1556
-1609
-803
-216
172
826
1098
1056
947
1092
950
965
1096
1131
1021
1311
1620
1596
1322
901
352
-284
-746
-1119
-1478
-1530
-1326
-1052
-668
-222
126
192
335
348
306
142
127
134
181
368
527
724
700
691
497
259
-30
-327
-621
-766
-673
-520
-352
-64
240
400
530
553
465
140
-26
-267
-411
-437
-435
-301
-190
120
272
406
491
474
373
251
232
134
17
-26
32
55
33
-18
-117
-214
-348
-469
-535
-470
-382
-265
-32
205
337
316
278
127
-104
-417
-669
-921
-1085
-1187
-1207
-1169
-1186
-1139
-1260
-1390
-1572
-1752
-1955
-2103
-2184
-1127
152
1046
1274
1972
3105
2440
2722
2998
2717
1071
378
827
-61
-211
-124
109
-422
-34
432
-73
-590
-712
-1204
-1955
-1608
-1201
-1197
-1216
-189
372
625
1075
1191
918
653
826
716
782
1122
1261
1163
1378
1655
1428
940
366
-254
-913
-1245
-1386
-1537
-1349
-960
-538
-215
226
403
308
265
207
122
-34
71
198
363
580
731
799
657
462
110
-272
-547
-753
-906
-903
-566
-326
-48
193
518
720
550
671
365
212
55
-99
34
-160
39
-20
63
149
69
83
-48
-12
-60
-2
101
195
157
154
183
133
-41
-225
-357
-493
-531
-563
-460
-302
-120
68
255
387
364
217
47
-126
-366
-599
-783
-882
-951
-1043
-1002
-1009
-1039
-1162
-1339
-1442
-1669
-1707
-1916
-1858
-1794
-1542
-151
947
1816
1719
2429
2831
2091
2532
2489
2053
423
402
521
-154
-39
7
-52
-609
39
116
-392
-781
-728
-1279
-1630
-1056
-749
-743
-586
297
480
776
1038
1004
644
576
758
774
1026
1284
1304
1106
1260
1236
895
288
-289
-869
-1207
-1232
-1188
-1057
-739
-323
-86
147
325
342
175
66
-3
76
165
249
385
535
612
517
391
125
-218
-602
-821
-894
-881
-765
-432
-103
193
412
640
801
686
682
538
319
194
241
121
114
137
115
-7
-81
8
-141
-165
-198
-125
-48
136
247
238
203
223
128
-106
-184
-341
-486
-537
-412
-310
-177
-15
132
264
346
297
109
-89
-256
-482
-717
-763
-851
-983
-1156
-1103
-1115
-1258
-1360
-1495
-1484
-1642
-1569
-1665
-1616
-1439
-1486
-827
393
1623
1974
1870
2563
2511
2079
2312
2351
1612
279
473
355
-119
-130
-132
-394
-746
-95
-114
-589
-847
-771
-1193
-1334
-777
-346
-425
-266
488
664
876
959
904
648
649
924
1009
1236
1380
1139
894
898
827
379
-240
-647
-989
-1084
-992
-807
-594
-277
21
173
339
485
400
155
91
209
344
390
491
622
584
412
181
-38
-353
-697
-806
-727
-591
-478
-191
95
401
519
648
591
401
467
169
167
93
124
28
-59
105
-36
-160
-375
-383
-410
-353
-288
-156
48
293
435
409
388
254
27
-287
-396
-506
-648
-677
-510
-288
-107
-3
126
219
184
124
-69
-209
-327
-477
-614
-686
-656
-750
-882
-946
-1020
-1182
-1349
-1417
-1492
-1456
-1461
-1332
-1319
-1249
-1049
-1246
-250
1118
2013
1889
1840
2762
1965
1938
2359
2257
934
-4
646
98
-164
-140
-107
-794
-686
-64
-238
-801
-799
-786
-1340
-924
-334
-7
-335
241
762
826
986
1001
811
462
676
851
1045
1168
1255
815
598
637
480
-39
-658
-854
-1006
-883
-626
-364
-179
75
244
250
363
391
160
-55
22
264
285
365
466
401
227
-6
-194
-531
-752
-923
-969
-800
-508
-216
2
331
578
579
492
458
429
330
251
301
254
187
105
41
-61
-239
-388
-543
-523
-432
-269
-79
111
344
478
503
352
204
28
-259
-440
-480
-484
-534
-423
-203
-11
71
169
192
140
125
8
-135
-294
-320
-455
-621
-670
-755
-915
-1156
-1196
-1304
-1446
-1474
-1469
-1290
-1496
-1280
-1419
-1404
-1363
-1133
638
1633
2443
1933
2609
2779
1906
2521
2304
1750
-26
272
411
-185
-117
-107
-359
-958
-258
-116
-524
-1030
-864
-1242
-1255
-566
-75
48
75
723
778
988
961
664
295
353
662
800
1068
1309
1216
756
599
437
110
-516
-1029
-1231
-1132
-772
-523
-243
93
325
365
312
321
195
7
-43
24
228
341
478
415
282
40
-281
-575
-894
-968
-951
-800
-632
-212
144
511
632
814
833
623
613
466
691
479
542
424
339
297
10
-121
-477
-473
-537
-414
-217
115
321
440
583
674
610
308
98
-141
-288
-454
-447
-403
-329
-235
-112
20
115
152
107
143
140
140
19
-119
-222
-393
-592
-835
-1040
-1225
-1446
-1473
-1502
-1457
-1466
-1454
-1461
-1512
-1491
-1638
-1638
-1276
552
2045
2594
2315
2777
2899
1860
2515
2557
1616
-178
98
400
-386
-182
-145
-533
-1304
-544
-262
-677
-965
-844
-1102
-1048
-99
289
273
269
781
639
734
930
528
60
153
663
817
937
1076
910
488
329
234
-40
-583
-1040
-1207
-1108
-778
-488
-337
-165
40
219
289
326
239
60
109
297
444
352
368
327
56
-249
-417
-591
-963
-1027
-854
-595
-436
-314
168
389
685
829
849
890
540
721
539
639
634
308
165
-100
-65
-412
-594
-598
-563
-417
-140
135
318
394
422
414
326
284
20
-193
-318
-309
-344
-396
-297
-272
-278
-157
-5
137
231
260
292
248
151
-53
-343
-553
-743
-1044
-1270
-1455
-1444
-1550
-1657
-1674
-1688
-1635
-1780
-1721
-1725
-1694
-1726
-281
1750
2789
2641
2399
2990
1876
1988
2620
2223
501
-350
591
-150
-410
-379
-571
-1582
-1523
-598
-613
-835
-832
-780
-1061
-318
271
390
208
569
732
747
1247
1115
560
219
664
885
959
997
885
392
190
320
258
-38
-654
-1018
-1128
-769
-550
-488
-349
-121
140
374
710
717
512
325
430
674
713
514
235
101
-138
-397
-525
-670
-973
-1087
-782
-410
-166
78
375
512
658
763
816
780
737
616
554
686
593
312
62
-18
-227
-467
-536
-518
-488
-380
-103
108
261
331
339
269
207
161
3
-143
-311
-418
-484
-477
-430
-375
-281
-178
-28
67
173
247
191
36
-144
-293
-580
-816
-915
-1037
-1177
-1281
-1303
-1385
-1581
-1623
-1668
-1743
-1738
-1830
-1671
-1854
-989
1082
2484
2767
2127
2717
1947
1174
2338
2756
1485
-281
537
561
-458
-457
-426
-1265
-1957
-1040
-449
-563
-603
-550
-1002
-661
219
416
348
524
908
718
1156
1535
1042
427
417
772
862
1025
985
620
135
97
145
119
-331
-983
-1157
-950
-572
-501
-323
-187
-138
35
433
731
635
480
478
728
888
829
560
309
3
-440
-601
-595
-710
-923
-901
-420
-142
-14
195
336
310
260
527
700
639
601
600
442
430
258
-56
-183
-262
-359
-438
-282
-201
-318
-233
-58
-28
7
81
191
195
212
196
93
-81
-288
-486
-576
-532
-486
-408
-184
48
117
225
293
282
117
-79
-256
-487
-675
-857
-1032
-1213
-1337
-1430
-1485
-1529
-1489
-1555
-1708
-1713
-1826
-1680
-1747
-938
1055
2467
2689
2135
2551
1830
997
2034
2719
1512
-38
483
496
-486
-587
-474
-1315
-1901
-1160
-439
-475
-504
-639
-993
-734
-1
379
491
821
945
809
1085
1437
951
417
470
816
1044
1194
1259
773
179
-119
-8
87
-253
-815
-1054
-817
-602
-484
-403
-418
-565
-446
143
679
790
673
661
836
953
850
634
340
44
-289
-364
-293
-448
-794
-925
-540
-365
-350
-226
0
38
26
581
900
780
658
578
486
381
354
269
141
192
95
-32
2
-86
-350
-462
-146
-13
8
137
312
278
187
268
224
70
-124
-215
-242
-222
-294
-418
-439
-371
-249
-37
190
284
169
-37
-248
-539
-807
-1070
-1164
-1277
-1290
-1261
-1263
-1436
-1654
-1748
-1863
-1963
-2133
-1892
-1734
-388
1588
2807
2483
1824
2126
1163
1048
2300
2841
1205
58
595
147
-768
-719
-640
-1635
-1637
-670
-14
-193
-191
-468
-908
-321
397
794
907
1313
1159
877
1201
1192
451
3
336
625
871
1071
1047
339
-272
-385
-175
190
-9
-399
-529
-300
-237
-306
-247
-391
-715
-557
170
661
668
397
188
72
109
112
2
-118
-330
-485
-364
-202
-383
-805
-772
-421
-188
82
292
390
132
227
612
699
525
315
206
169
148
116
16
-99
-165
-278
-78
142
199
112
163
312
297
233
210
192
121
154
292
410
332
121
-149
-304
-396
-538
-551
-450
-290
-138
91
326
297
-7
-292
-569
-759
-859
-826
-849
-1029
-1184
-1294
-1328
-1468
-1625
-1643
-1600
-1481
-1612
-1501
-1419
-1095
607
2131
2670
1863
2006
1687
936
1873
3025
2395
401
389
152
-813
-1169
-441
-891
-1639
-841
-33
154
-160
-60
-700
-751
27
783
1218
1442
1463
911
832
992
680
197
313
554
706
1065
1280
805
-133
-558
-444
55
373
218
-92
-271
-371
-470
-270
-271
-618
-838
-344
260
426
334
30
-243
-363
-154
114
255
74
-283
-416
-236
-261
-469
-375
-210
-165
-34
392
399
72
-8
229
331
443
629
607
465
296
159
-32
-136
-252
-316
-215
98
252
302
265
125
-76
-204
-120
11
204
288
395
464
435
215
-58
-234
-363
-415
-322
-128
-127
-183
-200
-163
-275
-397
-483
-555
-601
-643
-616
-754
-975
-1267
-1426
-1410
-1359
-1281
-1215
-1127
-1191
-1320
-1472
-1496
-1496
-1406
32
1661
2373
1702
1689
1774
927
1342
2521
2652
857
537
664
-182
-837
-224
-42
-891
-584
-9
123
-238
-143
-541
-898
-439
189
667
1016
1238
686
219
279
342
238
547
986
968
1061
1258
1061
309
-173
-214
-143
106
288
296
17
-353
-642
-677
-611
-613
-566
-295
3
76
135
99
35
-113
-226
-120
24
15
-169
-187
-189
-457
-485
-172
117
75
39
129
-50
-111
76
381
391
370
410
407
358
254
100
-147
-270
-302
-191
-35
33
-94
-187
-206
-179
-159
-58
21
70
125
243
380
397
289
71
-11
-28
-11
-15
-73
-219
-435
-485
-431
-376
-418
-495
-539
-585
-566
-588
-700
-919
-1103
-1150
-1101
-983
-906
-911
-992
-940
-1081
-1222
-1356
-1361
-1421
-1385
-63
1276
1922
1270
1240
1249
568
952
1993
2439
1004
820
1074
403
-444
-72
422
-309
-258
213
344
-332
-460
-548
-832
-764
-493
3
245
536
315
138
103
-91
-49
398
1065
1158
1286
1377
1206
751
547
554
422
436
466
517
334
112
-286
-556
-687
-737
-622
-367
-48
-52
-69
-89
-112
-169
-246
-240
-227
-154
-97
64
182
67
-84
-82
29
-27
26
182
253
277
409
616
546
423
277
216
189
289
348
219
84
-100
-237
-345
-323
-346
-382
-324
-203
-55
31
38
-22
-2
145
323
443
516
532
457
348
261
149
-50
-239
-320
-248
-173
-170
-233
-351
-542
-701
-728
-709
-682
-744
-764
-770
-673
-669
-729
-752
-768
-737
-829
-777
-803
-815
-1030
-1052
-1014
-765
-184
235
347
-1
204
187
234
363
734
736
386
668
821
823
495
741
886
836
911
1058
1021
469
329
420
533
277
66
10
-131
-147
-108
72
-65
-299
-324
-94
91
93
236
361
338
228
311
414
368
313
298
324
277
221
210
314
398
322
296
285
165
27
60
124
13
-96
-72
-125
-332
-468
-443
-476
-561
-537
-511
-533
-546
-375
-219
-184
-177
-77
111
226
285
252
328
421
458
482
519
452
255
231
310
340
262
251
239
174
191
225
175
81
107
169
231
229
225
192
104
25
-101
-210
-337
-418
-436
-391
-377
-452
-515
-497
-496
-569
-623
-647
-672
-677
-583
-498
-519
-566
-530
-501
-564
-683
-790
-863
-963
-1052
-1094
-1113
-1146
-1120
-812
-556
-508
-646
-583
-468
-351
-67
202
383
323
513
749
919
906
949
1114
1165
1307
1451
1561
1266
1023
996
965
777
541
534
365
278
275
307
163
-132
-281
-366
-306
-337
-319
-227
-131
-196
-317
-284
-291
-373
-363
-143
-11
24
188
438
484
374
286
280
249
269
370
393
343
243
204
90
-78
-269
-351
-304
-239
-189
-157
-175
-204
-157
-50
26
51
125
218
248
223
238
247
228
206
258
272
192
123
131
199
207
214
227
273
309
295
300
299
292
290
326
346
262
145
58
-49
-209
-379
-438
-473
-486
-469
-423
-451
-561
-575
-556
-554
-639
-674
-622
-522
-443
-418
-403
-466
-541
-621
-633
-687
-839
-937
-967
-969
-1055
-1057
-1060
-1011
-756
-465
-347
-475
-355
-196
55
324
531
507
341
547
745
979
975
1066
1093
1086
1223
1331
1371
950
789
831
884
701
518
452
196
145
175
275
74
-192
-342
-404
-336
-425
-363
-279
-195
-222
-214
-74
-88
-92
-57
86
166
261
459
614
633
488
435
430
397
387
397
396
308
247
190
81
-136
-340
-391
-361
-307
-283
-213
-230
-245
-148
-22
-3
-65
-10
56
135
166
196
191
195
181
165
185
127
101
114
187
135
54
-3
-28
11
31
84
86
112
141
211
239
96
-65
-181
-240
-327
-345
-311
-330
-395
-408
-370
-463
-544
-552
-466
-425
-428
-360
-334
-350
-392
-381
-386
-427
-466
-527
-562
-616
-671
-769
-865
-941
-1029
-1056
-1054
-953
-706
-439
-322
-383
-312
-184
44
289
500
571
513
653
793
981
981
1026
1073
1081
1163
1258
1335
1041
815
755
746
594
468
437
223
138
160
241
56
-208
-339
-432
-421
-419
-305
-270
-269
-283
-271
-198
-193
-144
-98
26
103
164
355
528
521
364
327
382
423
437
436
402
302
219
131
30
-179
-401
-469
-425
-365
-392
-405
-430
-436
-363
-227
-117
-103
-92
-42
21
49
68
109
144
195
259
315
347
316
254
210
158
64
-9
40
122
148
179
179
125
62
62
81
57
-36
-125
-141
-129
-161
-209
-215
-269
-359
-397
-380
-403
-412
-351
-312
-326
-343
-305
-288
-299
-327
-326
-302
-309
-391
-510
-573
-671
-788
-850
-862
-954
-1048
-1049
-1022
-1030
-887
-588
-448
-476
-381
-140
-9
167
404
576
535
622
841
980
1047
1033
1115
1119
1173
1200
1277
1193
905
772
787
844
668
580
505
428
375
324
308
70
-126
-208
-115
-80
-148
-146
-152
-183
-286
-227
-139
-132
-125
-30
153
171
173
241
305
236
157
245
279
255
205
222
162
6
-144
-238
-289
-434
-511
-476
-419
-444
-462
-351
-281
-254
-179
-81
-63
-134
-101
-28
7
6
73
207
251
287
312
330
231
142
153
159
126
84
163
222
232
219
191
155
113
127
169
158
40
-55
-86
-100
-152
-226
-245
-272
-311
-303
-227
-208
-283
-331
-296
-271
-287
-286
-268
-280
-281
-251
-263
-357
-443
-487
-524
-584
-668
-728
-822
-914
-984
-1002
-1026
-1051
-1026
-944
-716
-498
-354
-377
-344
-256
-117
160
408
601
595
684
782
889
919
912
991
1019
1114
1158
1238
1087
830
728
690
647
519
472
374
245
155
77
-15
-194
-276
-278
-236
-218
-250
-229
-239
-262
-300
-213
-54
34
108
163
218
211
255
338
316
234
197
256
273
254
197
77
-47
-116
-125
-146
-157
-191
-232
-190
-100
-64
-62
-37
-10
-13
5
27
13
-26
-30
64
132
159
199
255
245
176
180
197
163
129
171
209
178
187
221
211
149
150
200
199
146
74
14
-75
-154
-187
-199
-242
-310
-300
-241
-173
-170
-224
-239
-243
-254
-238
-195
-196
-244
-235
-178
-155
-211
-264
-306
-341
-372
-424
-455
-533
-621
-664
-660
-708
-819
-872
-848
-821
-765
-719
-698
-592
-418
-268
-247
-148
-73
49
281
519
614
567
654
733
845
878
946
956
934
988
1017
1043
838
676
600
562
481
379
302
99
-46
-114
-117
-205
-304
-321
-319
-261
-258
-229
-230
-267
-272
-221
-79
-7
51
114
162
164
145
201
237
218
192
236
248
211
189
149
76
28
69
103
116
103
79
85
107
105
33
-28
-73
-90
-56
2
13
3
24
47
61
31
8
5
46
127
214
272
275
246
242
269
263
244
250
268
265
244
214
143
-5
-122
-159
-188
-243
-284
-262
-252
-234
-213
-205
-230
-252
-247
-236
-193
-187
-198
-213
-212
-212
-234
-241
-255
-309
-381
-421
-442
-466
-508
-566
-634
-677
-701
-715
-728
-736
-751
-754
-751
-733
-719
-607
-384
-218
-201
-198
-78
19
195
406
584
582
585
719
832
895
844
867
848
869
875
913
832
563
446
391
365
219
125
15
-97
-102
-85
-77
-205
-294
-321
-238
-173
-189
-154
-132
-124
-140
-42
50
38
29
80
152
149
185
233
239
156
119
169
197
186
162
171
165
170
177
187
137
40
-12
31
69
-13
-75
-75
-96
-127
-80
-10
-44
-98
-78
1
32
26
60
117
161
169
209
229
205
191
238
298
284
247
252
249
156
61
18
-34
-140
-213
-199
-170
-176
-164
-134
-161
-218
-249
-241
-221
-204
-195
-142
-120
-111
-115
-128
-171
-257
-275
-265
-284
-357
-375
-365
-407
-469
-546
-591
-635
-620
-579
-559
-587
-605
-571
-560
-540
-531
-505
-467
-311
-133
-53
-51
33
141
264
478
645
676
617
695
734
787
801
834
858
849
904
865
818
594
418
341
281
188
87
86
-27
-111
-182
-222
-295
-341
-286
-262
-236
-254
-222
-192
-221
-270
-288
-214
-144
-67
29
83
70
34
87
129
102
70
116
189
225
255
268
237
149
129
149
173
143
121
118
97
43
-52
-84
-120
-131
-108
-4
60
54
73
105
109
51
74
127
159
196
254
302
291
252
213
183
144
88
43
6
-42
-101
-114
-105
-129
-149
-138
-127
-136
-151
-157
-189
-230
-227
-163
-119
-122
-129
-115
-114
-182
-240
-278
-321
-343
-295
-229
-261
-342
-380
-391
-416
-433
-434
-457
-478
-445
-388
-397
-449
-493
-505
-480
-472
-441
-406
-349
-279
-168
-27
30
41
37
170
309
429
537
612
633
632
728
743
727
655
665
690
670
647
566
498
330
271
260
211
95
-4
-23
-86
-87
-115
-136
-206
-255
-269
-256
-205
-267
-298
-292
-241
-238
-186
-104
-96
-80
-20
96
120
125
141
172
162
145
166
180
182
159
182
180
156
106
67
31
-23
-68
-95
-90
-118
-131
-87
-19
-12
-4
22
35
2
-2
68
113
130
154
230
254
228
209
175
125
59
37
30
17
-40
-85
-88
-86
-91
-98
-86
-89
-101
-87
-74
-106
-137
-126
-113
-118
-124
-115
-120
-133
-151
-159
-187
-220
-230
-224
-209
-221
-243
-259
-235
-221
-220
-209
-203
-232
-274
-280
-297
-326
-338
-335
-327
-313
-267
-249
-250
-254
-238
-209
-179
-142
-101
-27
29
98
193
273
303
325
365
377
396
438
467
453
429
418
405
403
384
359
337
300
260
240
215
142
68
51
30
-15
-49
-56
-76
-94
-80
-83
-114
-165
-159
-139
-131
-101
-61
4
52
123
171
201
205
204
254
284
299
298
318
313
285
274
250
204
150
139
112
84
58
49
61
42
29
19
27
8
-5
6
17
21
16
36
30
5
-28
-43
-54
-79
-88
-90
-101
-117
-117
-121
-132
-139
-138
-112
-99
-64
-26
-14
-15
-34
-30
-30
-56
-105
-123
-118
-121
-119
-115
-123
-154
-182
-202
-230
-236
-236
-240
-236
-241
-243
-240
-221
-213
-228
-242
-257
-264
-267
-256
-246
-247
-222
-184
-140
-108
-79
-51
-37
-11
25
71
92
109
144
186
236
286
324
317
326
362
391
409
400
377
345
324
315
301
280
258
256
266
272
253
207
139
67
28
26
40
46
38
29
8
-24
-64
-84
-97
-101
-68
-20
21
34
42
31
4
8
46
88
91
82
73
72
68
50
18
-21
-36
-34
-6
16
4
-28
-40
-40
-29
-5
9
5
12
35
43
57
45
17
-10
-19
-20
-39
-68
-116
-149
-180
-188
-205
-231
-243
-253
-245
-244
-242
-254
-263
-259
-240
-217
-223
-216
-201
-195
-207
-208
-198
-197
-191
-184
-155
-145
-151
-151
-157
-155
-133
-110
-104
-106
-107
-97
-93
-87
-89
-109
-114
-105
-94
-97
-108
-120
-118
-93
-75
-76
-74
-47
-15
29
74
105
122
140
184
227
270
297
310
319
353
400
414
423
432
436
417
396
366
314
295
293
301
279
256
249
224
192
136
79
26
-2
-9
-10
-19
-42
-59
-70
-74
-82
-93
-90
-78
-49
-31
-24
-19
-21
-20
2
24
53
67
75
82
60
31
-11
-46
-67
-72
-66
-55
-44
-32
-25
-17
-25
-37
-42
-36
-9
22
42
41
45
34
24
13
5
-7
-33
-33
-50
-67
-79
-95
-112
-134
-130
-118
-104
-102
-106
-129
-150
-145
-146
-151
-160
-159
-159
-149
-135
-140
-145
-143
-119
-105
-89
-69
-62
-56
-54
-36
-34
-23
-3
16
41
55
64
52
31
9
-8
-27
-36
-41
-40
-33
-24
-35
-56
-72
-67
-56
-58
-46
-30
-12
7
46
55
57
73
104
131
153
184
200
213
226
235
222
218
231
241
257
260
259
242
211
186
163
132
104
79
55
34
6
-14
-45
-74
-86
-96
-96
-107
-121
-137
-148
-140
-137
-136
-133
-132
-130
-132
-125
-110
-116
-122
-121
-122
-111
-103
-103
-106
-109
-104
-93
-75
-62
-68
-59
-26
-6
-2
-5
4
10
28
51
59
61
60
62
69
63
46
36
28
30
32
26
25
26
25
23
23
9
-9
-16
-33
-39
-49
-70
-87
-110
-130
-153
-167
-167
-166
-157
-136
-122
-119
-114
-103
-97
-88
-72
-52
-32
-10
6
16
23
19
28
35
33
24
12
14
21
17
3
-7
-21
-26
-21
-18
-17
-29
-36
-32
-26
-27
-28
-13
4
18
48
82
109
128
162
191
210
227
239
253
266
285
294
307
311
311
309
295
265
216
184
152
117
77
39
15
-9
-30
-49
-70
-91
-106
-122
-129
-135
-142
-146
-153
-163
-173
-175
-167
-164
-157
-141
-124
-115
-108
-97
-100
-107
-111
-98
-59
-27
-18
-14
-8
-4
10
14
6
2
8
38
55
61
60
57
62
76
82
76
73
79
90
90
88
86
83
88
96
107
107
105
104
104
95
81
61
34
16
-1
-12
-29
-52
-56
-63
-71
-76
-85
-93
-96
-96
-102
-107
-100
-77
-54
-35
-30
-30
-19
-6
7
3
-6
-10
-5
10
13
4
-16
-33
-36
-34
-39
-46
-49
-50
-49
-55
-64
-79
-90
-84
-80
-74
-70
-61
-47
-32
-16
-7
-2
5
21
46
74
97
111
121
140
149
146
143
142
133
128
125
119
96
77
63
38
16
-7
-22
-37
-52
-63
-82
-93
-99
-99
-103
-100
-92
-94
-95
-101
-106
-114
-114
-108
-106
-110
-111
-99
-89
-75
-71
-72
-68
-56
-33
-15
-3
2
12
35
57
64
58
53
48
59
67
67
62
50
51
63
70
74
64
61
68
82
94
98
90
83
97
111
111
99
75
64
58
51
33
6
-18
-36
-47
-45
-48
-66
-76
-85
-86
-88
-83
-80
-78
-74
-67
-54
-51
-50
-53
-44
-38
-33
-28
-23
-21
-18
-10
-15
-17
-20
-25
-29
-18
0
12
19
15
10
12
20
26
18
2
-8
-5
2
11
15
13
17
31
53
64
63
67
77
92
110
120
127
127
131
136
138
133
121
109
90
77
62
47
32
23
15
7
0
-9
-22
-41
-51
-61
-72
-79
-84
-91
-93
-91
-91
-97
-110
-116
-116
-112
-102
-91
-84
-81
-80
-72
-58
-47
-44
-37
-26
-11
6
18
27
28
35
45
49
52
50
57
64
68
75
79
81
83
86
86
95
96
97
97
97
99
99
105
99
87
74
69
62
49
39
28
10
-8
-22
-33
-42
-51
-58
-63
-69
-69
-72
-75
-75
-79
-78
-72
-64
-61
-61
-52
-45
-43
-39
-36
-33
-37
-35
-35
-35
-28
-19
-8
0
5
4
2
0
4
11
13
21
25
24
20
20
20
12
4
1
3
11
19
23
23
21
27
31
35
43
44
49
56
65
66
60
56
50
45
38
32
21
15
15
14
9
1
-6
-12
-17
-21
-29
-37
-48
-55
-56
-59
-67
-74
-80
-83
-82
-78
-73
-73
-75
-74
-71
-68
-72
-70
-66
-56
-43
-30
-17
-9
-2
9
16
21
21
21
24
33
44
53
53
51
49
55
57
53
54
50
55
62
66
64
57
50
45
44
43
38
35
33
29
23
13
1
-13
-26
-33
-38
-39
-44
-51
-54
-59
-64
-66
-74
-82
-86
-83
-76
-73
-73
-76
-79
-78
-67
-60
-57
-54
-50
-43
-35
-30
-25
-22
-16
-4
9
21
29
27
25
27
30
30
26
26
25
27
30
26
23
20
19
22
25
25
22
18
18
17
21
25
25
27
30
39
44
39
33
24
23
27
29
30
27
26
27
28
30
26
20
14
13
14
15
7
-3
-13
-18
-22
-27
-28
-32
-36
-36
-38
-42
-49
-55
-60
-57
-51
-44
-42
-42
-39
-32
-26
-22
-22
-20
-14
-6
4
12
17
18
24
31
39
45
50
52
53
56
55
53
