8
3
-1
-3
-2
3
5
8
8
7
3
-1
-3
-1
2
11
20
27
25
15
0
-17
-24
-28
-23
-15
-10
-9
-8
-4
2
6
8
13
21
29
37
46
44
34
21
13
8
7
4
7
6
2
-2
-3
-2
-3
1
9
17
24
36
46
54
55
53
52
50
49
53
55
51
40
25
16
5
-2
-5
-6
-11
-18
-24
-26
-30
-31
-30
-29
-28
-25
-22
-20
-27
-41
-55
-72
-79
-84
-85
-90
-99
-107
-111
-112
-112
-114
-113
-109
-98
-79
-57
-37
-29
-27
-33
-31
-25
-12
4
14
15
12
10
10
12
12
12
14
18
22
29
30
30
25
27
32
41
45
54
64
78
88
94
97
94
92
95
104
113
118
115
109
94
83
81
93
113
130
139
134
125
120
128
137
140
134
132
132
136
130
113
80
49
34
39
45
32
5
-25
-43
-58
-65
-75
-87
-104
-117
-125
-136
-156
-177
-196
-212
-231
-253
-270
-288
-302
-317
-330
-337
-331
-316
-299
-296
-304
-302
-267
-202
-133
-92
-92
-106
-99
-47
25
80
100
92
83
91
115
131
127
115
114
124
140
142
122
92
72
66
75
87
95
97
90
78
64
59
67
87
108
124
131
139
153
181
200
205
197
199
214
239
260
252
224
190
175
179
185
175
149
115
90
71
63
54
34
11
-5
-16
-25
-29
-30
-27
-30
-33
-34
-31
-29
-27
-24
-19
-16
-17
-21
-34
-53
-73
-77
-70
-59
-58
-63
-74
-85
-95
-103
-115
-130
-142
-140
-135
-132
-136
-151
-172
-192
-194
-182
-162
-146
-135
-143
-167
-187
-192
-182
-165
-156
-167
-185
-194
-194
-191
-191
-203
-218
-216
-196
-176
-161
-158
-151
-123
-92
-67
-56
-47
-34
1
50
100
134
145
153
176
203
228
249
262
265
257
250
231
207
183
163
150
128
96
71
56
40
18
-2
-18
-16
7
50
91
110
126
133
143
163
183
209
231
256
276
292
282
271
260
253
252
245
241
224
198
170
133
96
67
46
46
40
27
1
-29
-51
-82
-94
-95
-100
-109
-116
-122
-134
-136
-143
-144
-150
-157
-165
-166
-136
-99
-79
-87
-120
-158
-186
-203
-212
-228
-254
-294
-332
-357
-389
-435
-487
-509
-498
-465
-398
-309
-250
-257
-284
-273
-217
-105
41
180
254
259
238
242
291
316
332
366
425
456
464
462
395
269
167
116
86
71
39
15
-4
-45
-109
-179
-222
-249
-243
-176
-106
-79
-68
-41
-11
3
6
29
74
126
184
236
247
223
212
214
228
229
219
211
230
231
203
167
115
55
17
9
14
6
-15
-42
-59
-74
-97
-87
-53
-21
-9
7
12
21
25
45
76
103
122
145
182
198
186
171
178
194
213
211
206
185
162
145
132
127
88
47
29
25
26
20
9
2
-9
-23
-36
-44
-56
-71
-79
-87
-111
-166
-237
-297
-359
-417
-479
-528
-558
-594
-619
-655
-688
-713
-727
-692
-590
-492
-461
-480
-477
-447
-360
-214
-67
15
22
1
30
126
192
197
218
236
211
235
279
246
142
59
0
-36
-58
-81
-85
-95
-97
-102
-106
-106
-123
-101
-43
-4
18
61
134
213
260
279
296
300
307
365
426
441
426
432
452
462
448
415
401
360
339
362
364
297
220
182
152
115
95
119
144
151
154
176
182
171
146
151
170
167
185
238
282
275
254
231
205
187
174
187
174
139
123
120
112
79
21
-32
-66
-89
-113
-149
-182
-232
-256
-274
-291
-307
-333
-343
-358
-374
-392
-424
-475
-521
-546
-557
-589
-630
-673
-715
-771
-802
-811
-836
-862
-857
-817
-698
-525
-422
-422
-438
-467
-436
-255
-42
115
160
178
179
240
308
325
348
394
426
469
563
560
436
317
292
255
198
147
131
115
78
60
60
20
-54
-91
-54
-14
-8
36
140
245
269
239
218
219
212
280
401
470
468
485
546
589
560
485
431
412
404
405
458
447
381
314
284
238
170
130
123
147
139
131
109
94
57
22
34
56
67
73
124
158
155
123
137
158
194
220
236
265
248
228
203
186
144
95
69
86
86
54
11
-34
-67
-104
-137
-151
-179
-198
-212
-206
-214
-258
-300
-350
-399
-471
-492
-506
-533
-569
-615
-668
-736
-790
-814
-841
-862
-894
-937
-951
-946
-941
-921
-899
-807
-623
-438
-390
-437
-432
-414
-262
-23
220
302
263
210
278
413
431
396
391
409
387
467
530
445
247
156
139
83
25
-22
0
26
25
0
5
-22
-72
-4
104
129
114
178
345
445
447
424
440
446
467
569
662
637
588
636
706
700
579
459
382
363
329
315
307
207
94
48
58
20
-47
-126
-160
-188
-189
-123
-43
33
29
29
30
40
71
151
235
258
266
289
351
395
390
353
314
276
261
245
209
175
94
35
-10
-56
-89
-133
-160
-184
-212
-253
-287
-305
-295
-300
-301
-291
-305
-299
-285
-270
-296
-347
-383
-391
-366
-363
-377
-395
-427
-456
-484
-543
-599
-650
-683
-688
-708
-750
-807
-863
-888
-889
-856
-792
-666
-539
-448
-389
-378
-383
-334
-181
-11
158
253
326
374
435
484
486
487
483
493
542
602
556
499
425
337
244
191
160
116
99
78
56
32
-1
-25
-8
39
57
80
146
215
290
370
411
414
432
450
520
598
630
627
649
680
706
698
645
577
491
431
392
366
317
282
245
207
149
87
38
-17
-57
-64
-41
-18
11
22
28
14
-27
-45
-5
34
47
61
80
61
40
34
19
-4
-39
-36
-15
-6
-5
-2
-21
-36
-73
-104
-112
-114
-103
-115
-97
-86
-107
-112
-85
-96
-117
-140
-136
-145
-150
-157
-185
-202
-243
-293
-334
-383
-455
-484
-489
-505
-535
-570
-668
-775
-867
-953
-1016
-1062
-1099
-1114
-1144
-1077
-791
-465
-373
-529
-608
-677
-633
-339
130
382
394
366
402
569
576
500
495
601
595
687
936
978
670
436
459
353
169
76
144
114
47
21
27
-2
-121
-180
-97
-54
-163
-149
142
420
409
363
407
413
340
430
616
628
554
624
821
896
768
579
461
363
257
196
205
170
82
32
42
-36
-268
-429
-411
-379
-413
-360
-287
-257
-250
-218
-170
-170
-177
-178
-67
4
19
36
130
203
190
188
166
150
127
174
216
218
154
100
103
108
68
19
8
-7
-10
-9
-10
-44
-93
-121
-104
-93
-76
-74
-48
-28
-61
-84
-125
-164
-205
-213
-212
-206
-222
-259
-293
-356
-457
-554
-623
-675
-732
-794
-854
-941
-1026
-1084
-1138
-1229
-1287
-1279
-971
-475
-164
-263
-439
-544
-622
-362
150
606
666
665
700
907
1042
948
801
779
779
740
1014
1212
1049
704
677
618
361
164
142
151
47
31
21
14
-53
-143
-134
-96
-247
-381
-177
209
310
167
154
188
147
166
357
422
299
279
469
681
664
466
305
238
159
67
44
47
-32
-117
-103
-99
-286
-475
-486
-426
-483
-576
-508
-384
-260
-199
-130
-107
-133
-110
11
157
142
115
224
417
478
476
478
442
412
401
457
452
370
283
296
370
330
238
187
199
172
121
130
93
52
13
33
86
12
-38
-27
39
35
-40
-79
-95
-102
-120
-113
-139
-227
-326
-340
-360
-444
-550
-613
-672
-772
-895
-999
-1100
-1230
-1272
-1317
-1376
-1503
-1469
-1067
-549
-300
-525
-691
-803
-766
-468
74
415
334
321
458
802
871
777
654
692
688
721
1002
1098
895
607
706
683
394
163
181
193
39
-67
-39
-44
-141
-202
-144
-158
-440
-563
-274
94
108
37
90
227
233
252
434
483
363
360
654
875
777
574
457
397
298
187
199
155
18
-80
-40
-47
-191
-344
-387
-318
-376
-378
-308
-94
22
44
128
166
179
187
289
323
305
225
295
409
422
358
315
284
232
188
205
220
147
143
178
194
182
105
26
36
79
-24
-96
-72
-33
-135
-103
-19
-30
-6
-48
46
-25
-12
-206
-162
-255
-401
-414
-508
-463
-659
-578
-745
-797
-1000
-1141
-1249
-1243
-1347
-1471
-1477
-1761
-1659
-1866
-1734
-1692
-507
603
1205
1134
1115
1055
770
1383
1710
1565
992
1026
716
236
200
47
-305
-494
-203
-102
-57
19
-124
-276
-298
-370
-592
-592
-304
-329
-211
-46
-106
-96
45
329
370
482
546
804
1192
1482
1460
1318
1131
738
498
431
391
261
122
124
157
29
-178
-355
-490
-720
-833
-712
-453
-311
-220
-85
-61
-158
-171
-63
17
9
38
157
450
739
779
725
641
596
404
475
502
354
189
207
209
-11
-159
-210
-237
-268
-262
-121
-32
0
87
129
127
63
103
157
265
279
214
222
163
115
98
89
21
-27
26
113
200
205
158
63
-24
-155
-306
-448
-532
-578
-632
-724
-785
-919
-1041
-1176
-1250
-1326
-1439
-1441
-1525
-1503
-1683
-1728
-1935
-1933
-2021
-1273
541
1856
2050
1523
1717
1006
934
1545
1509
708
198
503
-139
-525
-434
-582
-772
-606
-61
57
114
296
134
81
20
-73
-285
-210
84
-132
-54
-91
-146
-17
382
664
684
955
1114
1455
1758
1799
1456
1135
819
337
52
-43
-83
-147
-215
-185
-191
-315
-481
-517
-499
-618
-572
-291
54
178
206
183
71
-53
-98
2
60
50
100
412
775
788
643
553
535
483
513
608
426
294
199
132
34
-192
-252
-228
-113
-56
-23
24
27
84
97
90
79
74
145
239
315
238
115
4
-87
-115
-133
-144
-130
-44
91
168
142
81
-11
-140
-275
-379
-519
-620
-680
-696
-873
-1029
-1196
-1309
-1376
-1462
-1528
-1675
-1679
-1725
-1730
-1864
-1836
-2050
-2055
-2132
-986
1180
2696
2718
1697
1666
802
967
1670
1550
470
-231
254
-515
-843
-584
-589
-723
-365
604
524
353
574
395
122
2
180
-169
-307
63
-35
-263
-576
-480
-152
442
863
1017
1277
1478
1787
2032
2012
1404
814
422
113
-133
-288
-330
-342
-351
-353
-386
-431
-545
-461
-216
-86
-89
34
359
447
395
261
90
-141
-188
-34
5
29
-29
150
320
503
686
657
762
649
824
570
430
256
-106
-105
-193
-45
-241
-144
-84
-53
104
43
148
211
417
551
596
629
539
481
347
181
8
-189
-279
-282
-251
-225
-274
-254
-107
13
70
138
167
66
-163
-324
-519
-808
-949
-1078
-1102
-1177
-1220
-1258
-1459
-1572
-1721
-1640
-1782
-1666
-1723
-1807
-1859
-2078
-1758
-1976
-43
2222
3787
2888
1490
1354
135
1074
1687
1698
-42
-759
-250
-1255
-1049
-713
-523
-651
107
1307
742
450
420
-39
-259
43
501
-207
-398
3
-226
-684
-985
-637
-108
799
1540
1831
1825
1785
1873
1927
1750
987
462
66
-41
-112
-250
-400
-719
-699
-597
-367
-141
-168
-23
112
312
235
151
268
198
187
56
-22
-202
-349
-318
-337
-345
-341
-269
74
384
777
906
891
709
407
477
268
105
-216
-288
-322
-309
-87
-228
-341
-393
-172
33
167
431
591
627
638
632
484
159
3
-41
-78
-115
-224
-327
-452
-435
-349
-183
5
188
365
456
455
202
-205
-599
-837
-945
-1027
-1131
-1227
-1243
-1278
-1360
-1437
-1493
-1577
-1547
-1440
-1393
-1452
-1566
-1831
-1957
-1932
-1540
673
3222
4440
2916
1462
655
72
1341
2110
1813
-251
-852
-860
-1452
-861
-504
-287
-511
448
1306
677
442
38
-325
-398
348
824
-20
-311
-260
-513
-905
-990
-506
173
1205
2006
2133
1825
1565
1568
1642
1523
950
383
-250
-496
-578
-726
-909
-1233
-1124
-881
-363
9
-32
-63
-138
35
60
211
415
349
325
184
86
-208
-465
-539
-517
-344
-64
151
401
670
830
772
722
775
680
756
661
374
-154
-222
-286
-266
-105
-193
-210
-267
48
232
398
578
618
666
603
702
630
361
148
31
16
-116
-297
-460
-566
-501
-318
42
355
504
579
516
374
37
-350
-658
-845
-945
-1046
-1255
-1490
-1618
-1717
-1756
-1777
-1874
-1842
-1789
-1601
-1619
-1672
-1834
-1849
-1781
-153
2679
4529
3783
1445
500
-341
775
2171
2309
536
-1254
-1128
-1655
-1122
-443
-50
-85
29
1116
800
274
-213
-759
-656
24
1104
605
-377
-650
-1011
-1119
-1224
-620
70
913
2080
2385
2080
1294
1138
1384
1619
1459
1010
509
-112
-444
-776
-989
-1252
-1280
-849
-158
482
417
105
-169
-153
62
304
624
684
740
706
421
-31
-494
-721
-714
-434
28
349
525
600
775
911
888
709
462
411
477
520
212
-170
-542
-815
-805
-662
-394
-261
-42
178
341
403
301
279
232
326
458
517
398
64
-234
-531
-671
-705
-664
-530
-341
-3
216
262
199
89
62
4
-20
-229
-664
-1117
-1422
-1615
-1757
-1734
-1755
-1729
-1903
-2050
-2161
-2076
-1913
-1821
-1811
-1968
-1970
-1553
906
3706
4857
2915
733
-170
-160
1948
3140
2593
-108
-1447
-1601
-1798
-676
214
779
457
857
1377
487
-112
-636
-750
-186
1099
2026
849
-300
-965
-1329
-1281
-959
-5
592
1607
2301
2134
1520
911
981
1317
1879
1853
1289
329
-379
-642
-738
-825
-1119
-1073
-578
145
480
219
-288
-665
-457
175
780
995
824
580
327
91
-146
-429
-610
-574
-362
-55
73
378
551
617
500
403
427
385
745
679
275
-339
-626
-651
-543
-158
-36
-7
-61
16
127
190
390
490
563
666
735
653
267
-61
-361
-471
-432
-444
-344
-290
-191
-242
-288
-232
-150
18
108
199
70
-246
-700
-1139
-1394
-1542
-1651
-1695
-1770
-1721
-1812
-2133
-2268
-2350
-1977
-2105
-2122
-2154
-1691
1145
4150
5387
2705
169
-801
-334
2608
4305
3611
22
-1980
-2327
-2487
-1003
260
850
427
833
1350
160
-517
-1107
-1285
-414
1294
2301
700
-631
-1397
-1740
-1432
-644
490
874
1598
1800
1348
812
722
1263
1824
2392
2180
1399
349
-409
-685
-460
-33
-143
-507
-608
-310
-132
-347
-597
-649
-347
226
734
841
460
44
-143
-1
292
410
330
37
-155
-293
-221
-20
263
462
566
736
622
517
176
-178
-576
-611
-281
-81
69
-34
-148
-345
-425
-334
-207
94
415
599
533
357
275
92
-71
-184
-280
-387
-544
-544
-491
-396
-408
-355
-246
-157
-148
-223
-250
-338
-403
-547
-723
-880
-1115
-1281
-1468
-1665
-1717
-1889
-1849
-1838
-1755
-1797
-2257
-2291
-2415
-1510
1387
4499
5367
2364
10
-869
147
3050
4644
3597
-349
-2096
-2257
-1979
-542
566
851
-100
54
277
-657
-819
-739
-459
305
1616
1967
-20
-1473
-1882
-1579
-685
421
1374
1292
1237
913
422
336
965
1986
2687
2816
1975
782
-346
-732
-522
298
1001
880
183
-655
-1027
-1211
-1057
-697
-226
221
500
584
242
-341
-786
-708
-35
685
1071
784
187
-167
-152
265
558
783
743
723
723
441
246
-72
-237
-305
-188
11
-76
-183
-346
-402
-199
136
456
362
189
79
4
57
125
331
427
394
171
-286
-709
-936
-832
-509
-184
62
121
48
-98
-274
-368
-403
-410
-417
-558
-740
-966
-1121
-1295
-1503
-1658
-1735
-1601
-1691
-1779
-1879
-1816
-2065
-2250
-2250
-1132
1965
4660
4408
1079
-930
-950
1102
4068
5044
2539
-1567
-2954
-2632
-1396
486
1814
1126
-329
-745
-1051
-1561
-1172
-238
258
1229
2033
1283
-1005
-2180
-1789
-899
371
1338
1600
1006
543
122
-99
466
1766
2942
3278
2513
1027
-194
-699
-335
387
1283
1466
662
-408
-985
-801
-521
-366
-343
-227
-85
-105
-220
-317
-336
-208
61
350
473
293
-72
-447
-252
345
847
1106
1021
748
303
37
-43
-58
219
289
27
-479
-774
-716
-558
-282
-207
-212
-137
65
133
55
-88
-193
-195
-8
270
329
121
-188
-368
-483
-580
-693
-724
-613
-448
-321
-243
-257
-344
-412
-415
-384
-509
-747
-1033
-1208
-1218
-1268
-1352
-1544
-1713
-1694
-1754
-1834
-2082
-2195
-2202
-2174
-1940
-1622
687
3465
4319
1704
-726
-650
941
4061
5692
4047
-615
-3078
-2743
-1306
756
2466
2121
-221
-1418
-1751
-1744
-1099
488
1122
1084
1501
987
-813
-2029
-1075
357
1322
1812
1433
311
-378
-266
311
1147
2250
2898
2576
1753
604
-26
-54
614
1295
1591
1320
246
-814
-1082
-366
383
470
-5
-555
-934
-929
-539
-126
74
27
-11
-68
-53
-24
-119
-115
108
567
759
568
440
379
520
607
651
409
-31
-209
-350
-371
-311
-153
-172
-269
-320
-264
-171
62
372
412
276
26
-194
-247
0
323
429
214
-55
-347
-546
-540
-394
-175
-165
-178
-322
-458
-647
-671
-503
-192
-66
-293
-729
-1238
-1458
-1459
-1203
-1151
-1193
-1575
-1811
-2067
-1828
-1797
-1854
-2247
-2281
-2149
-972
2185
3919
2713
-708
-1030
399
3285
5705
5171
1178
-2991
-2735
-1064
986
2278
2344
-219
-2650
-2630
-1917
-989
286
1330
493
-357
-464
-956
-1657
-756
1013
1595
1166
462
-140
-570
87
1015
1620
1930
2131
1793
1047
579
517
790
1155
1376
1038
476
-14
-250
-131
426
855
407
-471
-1009
-1028
-693
-204
243
149
-253
-571
-622
-316
173
461
469
330
407
275
363
618
1035
1218
933
675
58
133
134
418
173
-172
-467
-675
-473
-326
-13
88
293
301
130
-90
-101
53
316
441
448
114
-253
-396
-367
-116
-185
-214
-380
-465
-461
-500
-336
-353
-379
-499
-500
-532
-653
-904
-1056
-1125
-1053
-904
-1090
-1492
-1871
-1899
-1849
-1824
-1730
-1840
-1954
-2013
-1740
-1829
-974
1376
2795
1622
-712
-202
1425
3611
4746
3623
-5
-2688
-1343
847
2373
2422
1384
-1491
-3465
-2601
-910
335
887
713
-800
-1830
-1255
-633
-433
474
1403
1103
37
-253
178
724
1503
1928
1717
1208
1173
1210
1251
1322
1402
1120
616
390
243
244
339
513
456
269
-113
-581
-821
-610
-227
-237
-403
-589
-741
-852
-662
-251
85
130
-73
-93
87
585
993
1222
1029
899
847
770
709
660
762
437
133
-326
-499
-534
-354
-123
-129
-231
-320
-212
-120
15
102
224
321
339
211
79
4
14
-12
-67
-158
-258
-229
-145
-92
-195
-299
-351
-288
-187
-55
-10
-284
-746
-1186
-1281
-1014
-717
-606
-1086
-1720
-2127
-2174
-1942
-1743
-1641
-1802
-1972
-2053
-2132
-1511
815
2323
1477
-881
-709
990
3067
4499
3616
694
-2013
-674
1543
2752
2378
1204
-824
-2603
-1917
-426
383
309
-163
-1470
-2355
-1710
-524
-128
125
373
-205
-935
-662
705
1719
1928
1489
899
682
1316
2182
2362
1807
1124
695
485
586
815
981
795
518
145
-118
-275
-347
-232
-132
-185
-602
-987
-951
-596
-330
-427
-664
-715
-531
-268
40
395
544
775
883
1020
940
1198
1608
1555
1231
667
503
215
397
391
147
-379
-703
-593
-499
-254
-114
-71
-377
-528
-364
131
550
668
319
-156
-324
-222
17
62
28
-169
-308
-413
-423
-335
-200
-102
-166
-235
-373
-463
-662
-832
-997
-1033
-1077
-1090
-1449
-1784
-2071
-2143
-2181
-2094
-1843
-1837
-1902
-2193
-2142
-2021
-65
1558
1415
-731
-999
815
2407
3661
2981
1146
-1137
-206
1942
2894
2209
985
-46
-1270
-1108
-101
552
244
-344
-1354
-2175
-1869
-620
-37
-240
-515
-975
-1240
-687
895
1889
1589
666
306
729
1679
2759
2819
1961
950
791
1037
1305
1422
1275
895
373
127
122
317
341
76
-400
-785
-975
-999
-792
-512
-556
-1016
-1381
-1281
-821
-352
-159
-140
-212
84
529
990
1460
1687
1604
1145
1003
1047
1329
1379
999
413
-162
-315
-228
-79
-265
-480
-618
-637
-627
-518
-319
-99
65
38
-103
-229
-170
-18
177
183
1
-267
-357
-226
-86
-93
-136
-156
-196
-100
-6
-22
-392
-658
-744
-746
-769
-1038
-1315
-1768
-1931
-2076
-2009
-2087
-2148
-2162
-2177
-2027
-2153
-764
626
788
-732
-868
852
1984
2691
2135
1167
-56
761
2292
2558
1754
898
672
158
56
367
637
255
-514
-1218
-1535
-1319
-691
-525
-898
-1411
-1584
-1295
-761
241
851
732
9
-7
787
1724
2464
2456
1897
1076
1136
1629
2066
2019
1659
1083
505
369
624
959
785
268
-397
-663
-665
-459
-429
-694
-1205
-1632
-1667
-1418
-963
-692
-706
-1016
-984
-661
31
710
1161
1264
993
1077
1263
1822
1907
1826
1322
835
567
446
555
511
324
-217
-643
-753
-519
-259
-247
-449
-669
-675
-405
-166
-164
-392
-526
-463
-322
-122
-113
-213
-437
-466
-304
-79
64
29
-32
-178
-301
-428
-427
-401
-442
-732
-1170
-1623
-1819
-1912
-1935
-2145
-2373
-2581
-2535
-2446
-2218
-857
-126
-636
-1782
-741
975
1756
1876
1192
465
89
1461
2545
2406
1513
1003
895
692
810
1112
1159
553
-490
-1175
-923
-273
-101
-851
-1546
-1882
-1611
-1086
-556
-152
-142
-269
-384
63
649
1279
1708
1722
1329
1067
1546
2168
2392
1956
1448
1152
1117
1174
1342
1358
1017
453
-38
-270
-255
-85
-147
-501
-1085
-1415
-1416
-1159
-989
-1103
-1394
-1614
-1442
-945
-319
28
-32
142
484
832
1058
1382
1682
1514
1384
1176
1139
1048
987
918
650
264
-109
-196
-148
-129
-247
-479
-592
-567
-427
-334
-403
-593
-745
-579
-294
-110
-155
-403
-558
-517
-291
-57
93
54
-42
-57
-54
-77
-170
-213
-229
-363
-605
-902
-1086
-1272
-1543
-1797
-2018
-2122
-2268
-2342
-2148
-899
-346
-979
-1895
-940
621
1059
1158
725
384
238
1362
2165
2005
1570
1297
1218
965
1107
1375
1457
987
9
-645
-376
285
274
-579
-1284
-1562
-1415
-1034
-718
-499
-611
-780
-787
-233
388
788
992
897
754
779
1382
1948
2081
1672
1301
1374
1601
1674
1520
1399
1184
963
755
533
383
297
180
-219
-642
-802
-826
-793
-811
-925
-1270
-1471
-1318
-954
-659
-611
-733
-575
-21
481
696
775
1041
1065
1121
1078
1138
1140
1080
1020
893
766
576
420
228
41
-111
-196
-245
-291
-357
-411
-480
-603
-741
-744
-551
-369
-360
-501
-638
-620
-519
-375
-236
-236
-225
-210
-176
-201
-316
-277
-348
-337
-611
-772
-922
-1038
-1159
-1474
-1604
-1899
-2069
-2218
-2305
-1732
-872
-794
-1553
-1822
-490
355
731
579
282
23
366
1482
1746
1524
1090
1053
1198
1306
1389
1302
1229
788
-39
-362
93
552
152
-624
-1005
-1134
-1076
-887
-571
-438
-749
-1036
-755
36
518
609
520
548
664
994
1519
1814
1697
1307
1240
1425
1650
1602
1508
1398
1150
893
771
801
679
394
64
-235
-406
-467
-508
-622
-925
-1276
-1544
-1397
-1082
-864
-1015
-1153
-1071
-916
-417
-131
229
201
421
642
795
982
827
876
793
943
965
942
870
676
535
304
174
66
-9
-51
-177
-287
-406
-484
-532
-551
-451
-370
-397
-488
-536
-475
-394
-387
-364
-262
-102
-50
-127
-264
-202
-100
3
-130
-294
-410
-585
-551
-722
-798
-1027
-1198
-1427
-1708
-1693
-1820
-1767
-1174
-791
-1004
-1618
-1148
-276
213
557
298
53
-211
638
1471
1621
1241
683
835
1104
1383
1235
1092
992
460
-27
-34
439
509
-7
-505
-810
-848
-709
-397
-189
-400
-760
-798
-261
242
461
509
559
576
550
891
1375
1694
1395
993
976
1218
1403
1406
1440
1290
1005
761
687
729
676
421
18
-236
-280
-366
-517
-686
-811
-1043
-1178
-1155
-1043
-958
-949
-911
-903
-684
-320
-8
255
399
454
356
439
714
891
952
797
763
815
894
818
577
502
443
360
145
38
27
-83
-200
-300
-286
-344
-381
-351
-362
-453
-584
-567
-423
-328
-269
-243
-273
-336
-303
-97
23
-51
-229
-269
-248
-281
-383
-480
-513
-617
-830
-1005
-1120
-1240
-1470
-1616
-1715
-1756
-1794
-1510
-1087
-1008
-1220
-1268
-799
-453
14
261
276
2
-44
454
1047
1426
1217
912
837
863
896
1032
1356
1273
647
231
239
466
420
263
142
-59
-218
-341
-148
78
92
-5
-10
196
241
305
486
757
816
715
724
829
933
966
1011
1047
1105
1155
1133
1030
891
808
786
785
741
524
200
-50
-150
-176
-296
-457
-585
-628
-774
-932
-936
-796
-648
-628
-638
-609
-457
-288
-198
-207
-134
23
135
139
137
254
350
321
225
263
374
381
325
294
284
224
183
176
153
100
14
-39
-90
-151
-179
-164
-114
-132
-237
-326
-284
-197
-151
-142
-136
-124
-145
-192
-209
-214
-201
-208
-275
-378
-467
-532
-660
-771
-825
-854
-940
-1064
-1208
-1362
-1467
-1500
-1509
-1545
-1486
-1305
-1139
-1094
-1056
-819
-569
-539
-516
-222
110
171
94
205
483
618
625
756
1022
1022
870
930
1151
1081
802
811
984
978
755
648
727
742
587
445
532
637
495
272
263
383
357
252
272
336
283
244
354
468
467
357
297
326
423
455
394
400
442
374
248
214
190
53
-104
-175
-198
-242
-310
-329
-303
-308
-407
-472
-390
-290
-308
-385
-352
-241
-195
-225
-198
-90
-22
-20
-8
51
93
129
184
249
282
270
305
397
482
463
354
292
279
317
330
344
343
269
144
72
110
134
83
70
133
158
88
4
6
20
30
-4
-78
-145
-219
-281
-375
-438
-528
-613
-632
-673
-773
-948
-1012
-1054
-1151
-1274
-1363
-1429
-1546
-1592
-1590
-1517
-1319
-1158
-1092
-1067
-881
-708
-642
-463
-124
141
120
96
283
588
712
695
806
1076
1116
985
1060
1288
1233
987
1026
1205
1194
965
863
825
655
409
357
484
429
160
-44
23
109
34
-49
0
87
77
41
108
170
111
35
96
244
261
217
270
381
369
211
115
139
224
244
190
134
76
10
-40
10
88
25
-158
-266
-208
-130
-138
-220
-284
-308
-325
-301
-227
-118
-72
-128
-173
-144
-36
77
177
216
166
137
193
311
388
392
351
309
273
266
286
309
260
210
202
253
279
236
160
110
140
168
140
47
-14
-20
-20
-42
-121
-220
-302
-344
-369
-438
-531
-635
-667
-660
-711
-844
-970
-987
-1000
-1059
-1146
-1178
-1217
-1328
-1431
-1415
-1336
-1299
-1226
-1067
-892
-790
-670
-568
-509
-348
-73
125
141
183
371
611
715
737
925
1161
1167
1068
1217
1432
1305
1073
1067
1167
1059
819
711
661
513
276
206
307
291
108
12
69
57
-75
-68
77
107
-40
-119
-14
63
-3
-100
-38
82
143
125
150
239
251
200
225
326
357
313
272
239
183
122
93
94
64
-14
-98
-122
-113
-147
-161
-144
-154
-250
-292
-196
-53
11
-51
-112
-93
-17
70
158
195
135
75
126
283
348
300
278
321
362
342
342
368
370
324
307
323
298
222
149
129
137
113
61
28
22
-14
-106
-172
-204
-271
-332
-339
-350
-415
-510
-576
-606
-621
-665
-738
-811
-855
-895
-965
-1043
-1127
-1200
-1257
-1311
-1321
-1314
-1295
-1201
-1040
-942
-917
-812
-678
-613
-488
-171
136
189
161
283
529
693
769
949
1165
1177
1054
1175
1401
1340
1086
1031
1140
1083
843
714
722
626
385
260
357
389
198
38
87
109
-52
-186
-133
-79
-169
-201
-101
-62
-194
-305
-194
20
113
69
84
194
273
256
275
336
321
243
241
275
214
72
17
109
160
54
-65
-53
1
-20
-85
-104
-118
-218
-284
-223
-124
-141
-272
-333
-276
-174
-114
-51
0
-3
-19
50
151
168
136
146
222
296
331
297
245
217
204
235
282
276
192
107
75
105
110
66
-4
-74
-89
-91
-112
-151
-186
-214
-256
-310
-355
-359
-340
-350
-403
-481
-535
-570
-594
-596
-607
-630
-712
-813
-875
-885
-875
-912
-966
-1024
-1031
-999
-924
-749
-570
-485
-457
-322
-182
-75
129
367
456
432
526
745
934
945
922
1073
1216
1138
1068
1201
1212
965
811
906
907
699
488
413
337
144
13
63
132
-51
-285
-277
-211
-306
-443
-391
-274
-315
-427
-372
-210
-187
-252
-186
10
128
106
98
205
330
319
261
298
348
312
255
264
281
214
113
86
99
70
5
-20
-22
-113
-254
-280
-223
-227
-324
-373
-325
-273
-289
-296
-210
-113
-77
-55
0
39
35
38
99
183
207
219
264
273
226
217
298
355
326
277
275
286
236
154
122
131
89
-2
-46
-5
18
-32
-66
-81
-92
-107
-95
-55
-36
-53
-86
-103
-136
-184
-216
-222
-223
-279
-321
-350
-392
-433
-458
-474
-516
-584
-616
-610
-639
-747
-839
-845
-775
-660
-564
-534
-519
-452
-393
-326
-134
124
231
198
222
347
504
576
627
761
848
747
675
843
962
802
625
672
704
546
338
252
222
42
-173
-205
-108
-196
-411
-480
-427
-449
-536
-497
-391
-351
-400
-363
-211
-137
-151
-98
63
164
182
246
396
489
457
426
520
641
616
549
548
574
522
433
406
400
327
170
63
44
29
-49
-133
-198
-291
-375
-395
-371
-401
-468
-497
-443
-391
-420
-465
-429
-357
-339
-315
-237
-157
-136
-128
-59
38
87
98
149
221
254
239
285
371
372
297
270
314
308
275
248
254
249
193
153
166
172
105
44
44
32
-33
-79
-60
-48
-79
-90
-67
-51
-46
-48
-27
19
64
99
105
85
44
25
30
30
15
-10
-18
-27
-73
-121
-138
-150
-194
-240
-276
-300
-347
-400
-427
-451
-471
-472
-474
-467
-441
-414
-400
-379
-334
-293
-251
-202
-143
-106
-99
-74
-27
12
9
3
38
65
55
50
61
60
49
53
74
71
53
41
59
92
102
101
108
104
93
118
199
276
278
227
208
247
300
341
374
382
344
296
283
296
304
289
268
268
243
196
171
151
120
65
15
-1
-1
-15
-73
-134
-191
-222
-225
-203
-186
-181
-206
-232
-205
-142
-117
-159
-188
-157
-107
-86
-48
10
36
2
-21
29
69
73
88
127
161
141
125
156
185
162
155
198
204
170
141
173
190
147
88
90
127
102
62
70
102
97
63
56
76
59
21
25
42
49
39
38
42
-1
-62
-81
-57
-60
-112
-158
-172
-191
-243
-264
-267
-274
-277
-278
-272
-248
-210
-202
-206
-217
-216
-206
-204
-211
-201
-183
-178
-174
-187
-188
-202
-214
-193
-176
-180
-181
-150
-130
-131
-168
-212
-218
-206
-198
-177
-130
-99
-104
-115
-89
-27
52
109
142
178
209
240
284
356
414
433
445
458
503
563
596
589
557
522
489
486
495
471
374
281
254
252
201
125
51
-14
-68
-88
-72
-70
-113
-168
-190
-192
-200
-204
-201
-230
-269
-278
-249
-214
-210
-238
-252
-219
-191
-195
-205
-187
-162
-182
-229
-260
-284
-298
-316
-332
-343
-332
-290
-265
-259
-256
-231
-194
-130
-44
17
49
87
147
196
232
258
309
351
366
374
407
445
444
411
364
331
292
253
210
178
121
49
-8
-44
-74
-108
-111
-66
-33
-56
-76
-48
0
28
27
26
36
65
95
103
98
80
58
63
85
93
80
64
33
-6
-35
-48
-62
-79
-97
-111
-139
-189
-226
-238
-224
-217
-213
-207
-193
-176
-170
-165
-140
-108
-105
-106
-89
-53
-24
-9
0
-4
-12
14
79
127
123
94
81
106
125
121
111
121
140
152
153
135
115
99
111
124
145
164
163
149
122
87
59
64
58
37
12
-7
-27
-57
-81
-95
-89
-79
-54
-34
-28
-32
-46
-41
-33
-26
-21
-5
25
32
19
15
20
31
42
60
95
117
106
77
51
36
19
0
-17
-32
-47
-70
-102
-137
-151
-153
-162
-175
-181
-180
-170
-163
-171
-200
-240
-247
-217
-172
-144
-140
-140
-121
-74
-25
40
116
181
230
254
265
280
298
309
308
306
318
330
320
299
268
231
208
198
177
161
141
117
69
14
-24
-32
-26
-29
-38
-53
-78
-106
-122
-111
-98
-101
-98
-81
-60
-50
-51
-75
-118
-142
-124
-94
-73
-80
-111
-139
-162
-169
-165
-157
-151
-150
-168
-187
-200
-198
-184
-188
-207
-208
-176
-144
-120
-124
-134
-132
-120
-104
-92
-71
-56
-54
-68
-66
-51
-29
8
34
48
59
74
86
103
107
121
150
188
222
238
245
255
262
267
290
308
318
324
331
341
336
310
292
275
257
225
188
152
110
48
-27
-95
-138
-151
-172
-208
-233
-247
-281
-338
-386
-395
-385
-379
-374
-373
-384
-394
-389
-360
-306
-244
-195
-154
-112
-59
11
74
115
140
177
230
272
284
273
260
235
202
181
183
207
211
179
133
102
84
67
57
60
65
49
31
20
6
-5
4
34
59
72
89
115
117
96
81
86
99
92
94
102
70
4
-36
-45
-67
-110
-132
-135
-158
-214
-261
-276
-295
-319
-335
-319
-304
-316
-331
-320
-307
-296
-282
-246
-215
-200
-163
-124
-85
-71
-60
-26
13
40
54
91
121
125
116
124
151
164
180
192
199
193
173
155
146
138
128
136
162
184
184
181
189
189
176
182
221
255
265
265
259
250
233
237
251
260
259
252
246
220
184
154
145
141
130
108
76
36
-22
-82
-131
-156
-175
-198
-223
-245
-254
-254
-253
-255
-250
-229
-200
-182
-174
-165
-144
-128
-121
-117
-98
-71
-49
-28
-11
-2
-8
-18
-17
5
21
25
18
11
-13
-56
-70
-64
-57
-71
-82
-79
-73
-72
-78
-84
-91
-83
-70
-57
-47
-58
-79
-104
-114
-103
-82
-67
-57
-44
-41
-44
-37
-23
4
29
35
36
29
26
28
29
29
33
49
71
78
75
76
87
100
110
116
126
144
153
153
141
128
131
138
138
134
130
130
124
119
116
123
123
112
102
91
72
55
49
43
25
-4
-19
-26
-32
-28
-29
-35
-44
-51
-49
-42
-33
-30
-25
-21
-27
-39
-39
-31
-31
-31
-29
-27
-35
-49
-57
-53
-57
-65
-74
-75
-86
-107
-118
-119
-109
-101
-101
-101
-95
-83
-63
-59
-57
-45
-24
0
11
20
24
23
24
36
52
69
78
77
89
95
91
85
87
98
95
77
60
53
41
18
-10
-23
-21
-21
-26
-31
-41
-57
-63
-73
-79
-88
-98
-106
-114
-129
-150
-171
-177
-171
-165
-161
-153
-143
-131
-119
-111
-100
-85
-62
-40
-27
-19
-21
-22
-4
19
36
43
56
80
109
124
128
139
163
192
215
228
239
253
259
265
268
271
284
294
297
288
274
261
256
246
223
191
168
147
112
70
25
-14
-38
-53
-70
-105
-134
-140
-141
-151
-175
-188
-187
-179
-177
-181
-177
-174
-181
-191
-192
-180
-158
-144
-140
-141
-146
-152
-149
-134
-120
-119
-126
-133
-134
-141
-150
-160
-163
-150
-133
-127
-129
-115
-100
-85
-72
-52
-23
9
34
58
80
96
115
140
174
200
216
230
244
254
255
249
247
254
260
252
229
217
213
203
188
167
148
130
117
99
65
27
-9
-45
-76
-102
-126
-146
-162
-182
-208
-233
-244
-244
-240
-233
-230
-232
-230
-228
-225
-219
-212
-195
-174
-154
-141
-125
-106
-86
-62
-33
4
39
69
90
98
99
101
118
140
154
160
162
164
161
162
168
178
188
196
199
199
185
165
150
140
127
112
98
82
67
50
38
29
18
17
24
30
27
14
2
-10
-29
-45
-52
-60
-76
-100
-121
-138
-154
-173
-184
-188
-186
-181
-186
-188
-195
-202
-203
-196
-186
-180
-177
-178
-177
-174
-172
-162
-143
-114
-85
-60
-38
-18
0
16
33
57
89
120
141
147
150
158
166
176
184
193
203
210
208
198
182
171
165
163
160
157
155
142
121
103
88
83
79
79
71
60
43
21
-1
-15
-25
-31
-35
-39
-50
-70
-93
-115
-127
-133
-132
-133
-137
-142
-152
-165
-173
-178
-169
-150
-131
-118
-113
-111
-106
-95
-77
-56
-33
-7
13
24
27
26
36
54
77
99
117
132
143
151
148
144
145
149
154
149
133
114
90
63
36
17
10
11
11
4
-7
-22
-34
-35
-31
-25
-19
-11
-9
-13
-26
-43
-56
-59
-52
-40
-27
-21
-26
-32
-37
-42
-36
-21
-9
-7
-13
-26
-45
-60
-69
-71
-67
-65
-68
-75
-80
-91
-99
-97
-84
-65
-50
-44
-43
-49
-56
-58
-50
-32
-7
19
40
49
51
57
69
85
101
114
125
135
136
127
115
108
105
108
111
109
110
104
90
74
61
51
49
52
50
34
9
-14
-35
-54
-72
-77
-75
-72
-77
-88
-93
-95
-96
-91
-73
-54
-38
-29
-26
-27
-26
-20
-3
17
39
57
66
69
65
57
60
67
70
72
73
62
42
17
-1
-6
-6
-6
-6
-7
-14
-25
-41
-54
-63
-59
-60
-62
-72
-88
-100
-110
-117
-116
-98
-75
-52
-33
-24
-15
-10
-1
12
24
40
53
60
56
40
26
14
13
18
19
18
9
3
-6
-13
-20
-20
-15
-9
-7
-11
-16
-24
-31
-32
-24
-13
3
19
30
34
36
36
43
56
66
77
83
87
86
83
82
80
83
87
94
102
96
83
67
50
33
14
0
-13
-32
-55
-82
-106
-125
-129
-127
-120
-113
-110
-105
-100
-94
-92
-86
-80
-74
-68
-68
-70
-71
-71
-67
-56
-41
-20
2
22
34
44
53
65
79
89
97
96
89
82
72
65
61
56
57
56
53
51
50
51
48
43
42
43
44
42
40
38
34
33
33
40
50
55
61
58
56
50
46
38
27
17
5
-6
-17
-28
-37
-45
-49
-51
-53
-49
-51
-58
-69
-82
-89
-99
-112
-127
-139
-157
-172
-184
-187
-181
-168
-151
-136
-118
-99
-79
-60
-41
-23
-4
16
31
42
48
51
59
70
81
95
112
122
130
133
134
136
141
145
142
135
122
108
97
81
67
57
51
48
41
34
26
16
7
-1
-8
-12
-15
-21
-27
-36
-45
-48
-44
-33
-21
-12
-6
-2
-1
0
-3
-6
-13
-21
-29
-40
-56
-71
-86
-95
-97
-95
-86
-76
-69
-69
-68
-68
-65
-56
-48
-44
-43
-45
-47
-45
-43
-37
-23
-1
24
44
61
74
87
98
107
115
124
132
137
132
121
106
97
97
100
101
98
91
81
68
56
43
28
15
2
-12
-30
-49
-64
-78
-88
-92
-91
-85
-77
-71
-70
-74
-78
-80
-80
-77
-76
-77
-80
-82
-85
-84
-78
-68
-53
-37
-22
-13
-6
-1
1
1
-2
-1
1
1
-5
-14
-23
-26
-20
-9
3
14
22
28
34
34
33
34
37
42
45
43
40
38
38
39
45
54
68
79
86
85
79
72
66
60
52
44
33
21
10
-3
-13
-19
-19
-17
-15
-14
-16
-21
-28
-39
-51
-61
-67
-69
-71
-75
-82
-83
-78
-67
-51
-34
-17
-2
10
20
25
26
29
33
37
41
41
38
37
37
38
41
49
59
68
70
64
56
44
36
29
22
14
5
-5
-15
-25
-29
-28
-24
-18
-15
-12
-10
-11
-15
-21
-29
-32
-32
-31
-34
-39
-43
-43
-37
-28
-17
-7
1
2
2
0
-6
-10
-16
-24
-32
-39
-46
-49
-51
-52
-50
-45
-37
-26
-14
-5
1
1
-1
-1
3
8
12
15
17
17
19
25
34
42
52
61
67
69
70
65
58
51
46
44
42
35
26
15
5
0
-1
2
5
4
-2
-14
-26
-36
-42
-46
-52
-55
-59
-63
-62
-62
-58
-49
-37
-24
-10
-2
2
4
3
2
4
5
10
13
10
7
7
12
22
33
41
50
56
58
59
59
57
52
49
46
42
38
32
29
24
22
20
21
25
29
32
29
25
18
12
8
3
-2
-6
-9
-12
-17
-23
-28
-32
-32
-32
-32
-35
-41
-49
-59
-69
-75
-77
-75
-74
-75
-79
-82
-81
-74
-65
-55
-46
-40
-36
-36
-36
-37
-34
-28
-22
-14
-9
-3
3
7
15
24
39
53
65
71
70
70
71
73
76
76
76
75
71
69
66
67
67
68
68
68
63
60
56
50
43
34
28
22
16
10
1
-8
-16
-21
-24
-30
-36
-42
-47
-51
-54
-59
-65
-70
-72
-75
-75
-74
-72
-70
-71
-73
-74
-69
-62
-56
-51
-51
-51
-48
-44
-39
-32
-25
-16
-7
-1
5
12
21
32
42
51
57
63
66
67
68
70
72
78
81
82
79
76
74
74
76
76
73
69
61
53
47
42
37
31
25
17
7
1
-5
-10
-16
-22
-27
-32
-37
-44
-49
-55
-56
-59
-60
-61
-63
-66
-70
-70
-69
-68
-65
-63
-63
-66
-67
-66
-61
-57
-53
-49
-47
-42
-37
-27
-21
-15
-9
-3
4
8
13
16
21
26
30
36
41
47
51
56
62
68
72
75
80
83
84
85
83
81
76
71
66
61
57
52
47
42
36
28
20
15
12
8
4
-2
-11
-20
-30
-39
-44
-48
-54
-59
-64
-69
-74
-79
-81
-80
-77
-76
-73
-72
-73
-75
-73
-70
-63
-56
-48
-40
-33
-29
-23
-15
-6
4
11
17
22
26
31
33
34
36
40
44
48
50
52
56
59
61
63
64
63
61
56
50
43
36
28
24
19
15
13
11
10
7
5
2
1
1
0
-4
-7
-11
-15
-21
-27
-29
-31
-31
-33
-34
-35
-37
-36
-34
-33
-32
-32
-32
-32
-34
-36
-38
-38
-37
-35
-32
-28
-25
-22
-20
-14
-7
-2
4
8
11
12
13
14
18
21
23
28
34
39
43
49
53
59
61
64
65
61
57
52
46
39
31
25
18
13
10
8
6
6
6
3
0
-6
-13
-19
-28
-34
-41
-49
-58
-64
-66
-65
-64
-60
-53
-46
-39
-33
-25
-22
-18
-14
-12
-11
-11
-11
-9
-6
-4
1
7
15
24
30
34
36
37
40
39
39
36
33
28
24
21
20
20
20
25
26
29
31
30
28
23
19
16
11
5
1
-3
-10
-12
-14
-14
-13
-11
-8
-5
-2
-2
-4
-5
-8
-13
-20
-25
-30
-34
-39
-40
-40
-39
-37
-31
-24
-18
-15
-13
-10
-9
-8
-8
-8
-7
-6
-6
-3
0
4
11
19
26
32
37
39
40
38
36
33
32
29
25
21
17
12
10
9
11
13
16
16
15
12
7
3
-3
-7
-10
-15
-16
-18
-21
-22
-20
-17
-14
-11
-9
-8
-11
-14
-18
-19
-23
-28
-32
-35
-36
-38
-37
-33
-27
-21
-16
-12
-7
-2
-1
1
3
4
5
7
9
12
14
17
21
23
28
33
38
41
44
45
45
43
41
37
33
31
28
26
25
25
22
22
19
20
20
17
15
11
4
-4
-11
-17
-23
-27
-32
-35
-39
-41
-42
-42
-43
-43
-43
-44
-47
-49
-52
-55
-55
-55
-54
-51
-47
-45
-41
-37
-31
-24
-17
-9
-3
0
4
9
12
18
22
25
29
34
40
45
50
54
54
53
49
45
43
39
36
34
30
25
22
20
18
17
19
20
20
16
14
13
10
7
5
2
-1
-6
-9
-11
-11
-9
-8
-5
-5
-7
-10
-12
-16
-19
-21
-24
-24
-29
-34
-38
-40
-40
-37
-35
-30
-27
-26
-26
-27
-28
-28
-26
-26
-22
-20
-18
-15
-8
1
8
17
24
29
34
36
41
40
39
35
31
25
20
19
21
24
28
31
36
39
42
45
46
45
38
30
20
11
0
-6
-11
-14
-17
-21
-22
-22
-21
-17
-14
-11
-11
-14
-20
-27
-33
-38
-41
-42
-41
-41
-39
-36
-32
-27
-22
-14
-11
-9
-8
-10
-14
-20
-22
-22
-22
-19
-13
-7
-1
8
16
25
33
36
38
36
34
28
21
15
10
4
1
-1
4
10
20
30
39
45
49
49
47
44
40
31
19
8
-4
-12
-18
-18
-15
-11
-7
-4
-1
1
3
5
5
2
-5
-13
-22
-32
-38
-40
-40
-38
-36
-32
-28
-25
-21
-15
-12
-11
-10
-12
-15
-19
-21
-23
-20
-17
-11
-2
7
14
21
25
30
34
34
32
26
18
9
4
2
1
2
6
11
16
23
28
33
35
36
32
25
15
6
-4
-14
-21
-27
-31
-31
-27
-19
-10
2
12
20
23
24
21
17
11
1
-9
-20
-33
-41
-44
-44
-40
-32
-25
-16
-9
-3
2
7
8
8
6
2
-5
-13
-19
-25
-26
-25
-22
-16
-11
-5
-1
4
8
10
13
16
20
21
20
21
23
26
30
38
42
44
43
41
35
30
23
15
4
-6
-15
-24
-30
-32
-30
-26
-20
-12
-2
7
14
18
20
18
13
5
-3
-14
-23
-32
-41
-47
-51
-50
-43
-32
-19
-7
6
13
18
21
25
24
24
20
14
7
-1
-7
-11
-11
-11
-9
-6
-4
-2
1
4
9
9
9
8
4
-1
-3
-5
-4
-4
-3
0
3
4
4
4
3
1
0
1
3
2
0
-2
-2
-1
3
8
14
18
23
25
27
26
24
19
11
2
-9
-21
-30
-34
-37
-34
-28
-21
-14
-5
2
12
21
29
33
35
32
24
14
3
-8
-20
-27
-32
-30
-28
-25
-18
-9
0
11
20
31
39
41
39
35
31
25
21
16
11
3
-5
-12
-17
-17
-16
-14
-12
-13
-19
-24
-27
-28
-27
-24
-20
-16
-13
-10
-5
0
7
14
18
18
15
11
6
0
-7
-12
-17
-18
-19
-19
-15
-9
-1
8
19
28
35
37
34
26
18
10
2
-2
-9
-17
-25
-28
-30
-29
-23
-13
-3
3
8
10
12
14
13
11
7
2
-1
-5
-3
0
7
13
19
25
30
34
36
36
31
25
17
8
0
-9
-17
-27
-34
-38
-39
-36
-31
-22
-16
-13
-11
-12
-11
-10
-8
-9
-9
-11
-13
-13
-11
-5
