2
22
37
68
76
66
58
42
53
57
60
34
29
27
17
11
6
1
-18
-12
-7
13
30
27
32
45
60
59
56
53
51
52
41
34
35
32
15
0
-20
-31
-24
-20
-13
-8
-8
-14
-9
13
50
67
81
61
48
54
49
53
50
61
55
49
33
25
5
-9
-11
-8
12
12
8
-5
-10
0
14
19
32
41
49
52
43
35
27
19
12
-13
-20
-23
1
7
4
-22
-37
-31
-33
264
447
168
-205
-5
170
210
627
681
47
-426
-17
205
234
503
428
-206
-630
-299
-87
-35
-6
-71
-417
-653
-514
-416
-260
-141
-138
-374
-495
-385
-274
-83
54
60
-45
-61
-2
95
194
219
190
122
160
232
268
196
123
80
79
55
-27
-125
-250
-321
-363
-342
-339
-385
-482
-550
-548
-514
-470
-445
-442
-425
-384
-299
-246
-183
-144
-75
26
78
145
178
247
271
374
440
454
448
441
444
383
381
381
358
296
280
238
167
139
171
164
104
51
0
-38
-77
3
13
-39
-118
-87
-100
-69
65
105
117
114
213
253
328
390
421
416
421
485
478
481
469
449
416
429
426
360
294
262
228
168
134
86
15
-65
-116
-168
-179
-162
-140
-132
-174
-169
-149
-102
-67
-52
-35
-57
-52
-76
-64
-61
-84
-166
-320
-380
-397
-433
-627
-654
-749
-1037
-1053
-864
-853
-978
-881
-1050
-1209
-922
-414
-220
-313
-198
-144
-187
52
744
743
435
719
727
412
756
1312
961
815
847
503
332
513
429
170
284
-95
-474
-472
-503
-707
-511
-325
-811
-866
-608
-515
-494
52
196
-115
29
299
424
579
1019
949
776
894
1025
951
964
1165
1061
884
684
533
383
359
352
156
-56
-291
-422
-479
-443
-447
-444
-469
-511
-468
-365
-247
-159
-24
34
77
125
199
305
404
442
399
359
351
359
310
254
180
79
-40
-149
-279
-354
-361
-397
-530
-731
-812
-838
-750
-774
-956
-1163
-1157
-976
-1095
-984
-967
-1222
-1355
-832
-340
-731
-818
-945
-768
-207
481
206
-592
-142
182
594
750
1058
551
368
1138
1143
963
937
1649
1152
738
1035
999
495
141
821
483
-108
-465
-397
-521
-754
-437
-715
-1076
-1312
-826
-742
-992
-807
-534
-333
-429
-26
172
290
480
838
1015
953
1173
1260
1427
1460
1494
1209
1047
1109
1106
1037
709
428
103
97
-3
-131
-306
-514
-629
-704
-601
-644
-489
-460
-437
-399
-196
28
104
303
407
526
540
682
813
885
921
851
732
602
592
514
371
133
-77
-222
-328
-435
-576
-668
-785
-917
-1028
-1038
-1054
-1076
-1135
-1200
-1212
-1175
-1107
-984
-978
-1088
-1197
-1211
-1262
-1301
-1133
-1060
-1090
-1309
-1395
-1244
-557
492
971
279
-768
-455
845
2008
2447
2106
949
13
704
2092
2731
2434
2004
1101
-53
-112
850
1367
750
62
-642
-1541
-2031
-1543
-783
-797
-1323
-2043
-2552
-2495
-1553
-520
-328
-667
-813
-470
-17
684
1401
1808
1790
1695
1800
1977
2306
2598
2672
2396
2017
1605
1254
1053
914
735
266
-339
-874
-1137
-1341
-1449
-1425
-1523
-1778
-1800
-1525
-1412
-1181
-776
-398
-242
94
398
592
1092
1632
1821
1660
1734
1840
1969
1999
1880
1579
1171
938
715
517
237
-36
-474
-865
-1075
-1244
-1366
-1501
-1571
-1686
-1775
-1825
-1746
-1529
-1347
-1131
-1003
-941
-844
-579
-368
-277
-220
-230
-173
-279
-410
-651
-726
-855
-907
-1185
-1627
-1859
-1539
-57
790
-380
-2572
-2206
13
1619
2210
1810
167
-1648
-332
2369
3393
2732
2535
1870
-177
-230
1955
3335
2016
881
418
-951
-1953
-1122
554
207
-1096
-2268
-3113
-3297
-2078
-271
-384
-1474
-1968
-1358
-740
48
1221
1774
1644
1229
1439
1882
2593
3243
3406
3112
2555
2257
1995
2021
2098
1979
1310
392
-277
-724
-872
-1040
-1087
-1458
-1945
-2256
-2315
-2170
-1980
-1521
-1315
-1150
-1128
-911
-517
16
699
1164
1474
1254
1195
1397
1907
2271
2359
2063
1245
741
684
982
880
493
-66
-767
-1335
-1575
-1376
-1333
-1519
-1981
-2452
-2676
-2521
-2084
-1777
-1680
-1788
-1836
-1812
-1504
-935
-470
-293
-399
-533
-535
-399
-177
-74
-141
-502
-874
-1138
-1295
-1214
-950
342
1361
417
-2036
-2236
247
2360
3214
2783
1087
-1305
-566
2674
4309
3680
3028
2465
70
-719
1696
3895
2863
913
341
-860
-1955
-1305
617
681
-899
-2106
-3130
-3443
-2315
-108
134
-1361
-2112
-1580
-721
-32
1230
1880
1638
1224
1417
1975
2545
3344
3591
3209
2527
2233
2020
1793
1856
1847
1308
153
-655
-949
-999
-1135
-1347
-1625
-2246
-2719
-2722
-2159
-1881
-1980
-1895
-1600
-1307
-1148
-607
-164
267
752
1053
977
892
1486
2059
2282
2117
1868
1438
1013
1150
1332
1108
395
-195
-681
-1087
-1164
-1153
-1295
-1769
-2151
-2429
-2522
-2325
-1981
-1773
-1901
-1960
-1929
-1741
-1335
-800
-489
-540
-560
-420
-156
-162
-77
95
49
-295
-543
-559
-785
-676
-592
-152
845
1372
-132
-1971
-811
1574
2918
2696
1870
-268
-1511
840
3626
3789
2366
2197
928
-1051
-145
2819
3471
996
-254
-746
-1711
-1978
-380
797
-554
-1938
-2832
-3272
-2870
-821
561
-640
-1980
-1921
-867
-199
813
1729
1680
1212
1040
1550
2069
2865
3314
3094
2482
2087
2051
1844
1920
2019
1764
766
-256
-626
-637
-619
-892
-1248
-1869
-2421
-2667
-2455
-1929
-1592
-1587
-1835
-1737
-1545
-1001
-162
489
515
485
759
849
1237
1922
2480
2245
1803
1540
1371
1411
1598
1709
1089
354
-201
-531
-660
-594
-653
-1292
-1953
-2342
-2368
-2258
-2022
-1840
-2035
-2337
-2399
-2041
-1618
-1134
-776
-834
-1002
-847
-291
-95
-122
-40
-4
-125
-364
-345
-461
-549
-621
-543
165
1156
1271
-530
-1632
-400
1880
3059
2875
1616
-716
-1033
1345
3718
3551
2493
1879
154
-1058
359
3066
2979
769
-604
-1371
-1946
-1673
-54
334
-994
-2463
-3319
-3387
-2427
-439
106
-1120
-2282
-1980
-884
53
1117
1649
1504
1018
1090
1665
2380
3126
3376
3090
2460
2153
2042
2058
2225
2265
1720
573
-266
-495
-364
-486
-882
-1387
-1994
-2472
-2658
-2207
-1530
-1433
-1906
-1962
-1519
-1268
-572
385
526
246
675
1182
1193
1707
2600
2607
1840
1637
1917
1773
1525
1591
1224
348
-183
-268
-550
-885
-999
-1399
-2065
-2410
-2290
-2294
-2507
-2496
-2387
-2436
-2444
-2099
-1792
-1577
-1223
-873
-763
-614
-108
41
6
27
266
225
169
247
-36
-503
-784
-422
-204
654
1585
772
-1561
-2028
453
2389
2845
2227
515
-1820
-1228
2300
3942
2813
1634
1081
-869
-1413
1415
3655
2146
-541
-1224
-1696
-1967
-798
681
49
-1947
-2798
-3058
-2761
-1469
184
-59
-1673
-2104
-1356
-275
650
1684
1886
1377
1147
1441
2065
2728
3498
3557
2924
2291
2132
2217
2301
2490
2298
1514
351
-297
-263
-94
-322
-924
-1495
-2060
-2519
-2577
-2088
-1498
-1131
-1478
-2153
-2047
-1036
-190
476
1118
887
224
380
1427
2175
2524
2550
1937
1172
984
1522
1738
1436
942
195
-582
-941
-769
-833
-1143
-1576
-2085
-2551
-2749
-2478
-2199
-2109
-2282
-2517
-2585
-2266
-1645
-1238
-1097
-981
-837
-680
-377
-58
89
27
52
41
48
-58
-321
-658
-909
-600
-463
237
1305
1176
-1167
-2542
-210
2341
3195
2434
1010
-1495
-1725
1887
4406
3720
1906
1436
-351
-1413
1156
4095
3236
-161
-1206
-1466
-1649
-796
762
609
-1622
-2662
-2984
-2651
-1587
205
492
-1227
-2032
-1457
-67
832
1767
2111
1709
1455
1456
2039
2784
3757
3891
3149
2396
2101
2152
2155
2428
2261
1363
44
-653
-601
-547
-755
-1256
-1766
-2494
-3031
-2994
-2480
-1957
-1829
-1971
-2081
-1968
-1701
-927
354
1076
911
479
409
861
1928
2984
2994
2156
1369
1284
1534
1813
1953
1488
423
-521
-791
-750
-689
-812
-1389
-2185
-2699
-2724
-2576
-2324
-2096
-2233
-2711
-2944
-2440
-1682
-1129
-918
-933
-1051
-923
-397
198
539
408
105
-11
195
271
108
-160
-620
-1033
-1073
-853
-134
1254
1312
-1174
-3019
-986
2095
3163
2677
1144
-1609
-2305
1331
4543
3962
2033
1372
-145
-1298
1121
4294
3591
326
-873
-913
-1202
-481
1019
832
-1189
-2144
-2271
-2383
-1747
-117
473
-940
-1852
-1352
-204
543
1242
1780
1721
1492
1302
1596
2329
3285
3611
3067
2296
1774
1737
1896
2089
1835
1055
137
-530
-830
-1012
-1077
-1232
-1724
-2508
-3036
-2941
-2552
-2373
-2352
-2053
-1762
-1757
-1686
-1062
-326
214
795
1222
1182
917
1207
1919
2542
2767
2437
1667
1039
1156
1568
1591
973
120
-695
-1207
-1183
-966
-1048
-1689
-2403
-2781
-2704
-2399
-2160
-2102
-2207
-2202
-2089
-1815
-1278
-566
-132
-198
-284
-34
473
784
1051
1095
796
334
206
371
305
39
-427
-1085
-1512
-1421
-764
670
1386
-455
-3245
-2519
618
2616
2827
1932
-745
-2975
-400
3865
4607
2586
1816
891
-1173
-136
3561
4712
1726
-355
-577
-1125
-952
575
1330
-481
-1858
-2112
-2500
-2573
-1152
418
-303
-1544
-1657
-980
-423
424
1605
1831
1484
1071
1183
1640
2608
3652
3600
2692
1755
1621
1768
1995
2086
1774
848
-369
-1025
-1105
-999
-1146
-1609
-2322
-2989
-3228
-3101
-2798
-2453
-2166
-2038
-1907
-1620
-1295
-751
30
863
1372
1467
1249
1260
1942
2721
2968
2672
2237
1710
1395
1505
1715
1461
648
-163
-746
-958
-981
-1061
-1488
-2030
-2336
-2582
-2706
-2550
-2093
-1892
-2021
-2096
-1879
-1382
-801
-214
25
2
12
293
773
1143
1398
1166
635
312
569
589
122
-300
-653
-1229
-1710
-1690
-1365
191
1392
-336
-3817
-3495
254
2683
2989
2096
-506
-3355
-1140
3711
5187
3406
2430
1337
-1296
-449
3826
5664
2558
-133
-547
-1247
-1203
340
1479
-254
-1999
-2707
-3457
-3454
-1738
175
-790
-2385
-2601
-1818
-1178
-295
1156
1559
1241
651
606
1089
2358
3737
3721
2776
1804
1694
1706
1925
2293
2246
1316
-182
-973
-1048
-830
-911
-1147
-1689
-2524
-3116
-3064
-2464
-1915
-1607
-1636
-1731
-1690
-1225
-376
627
1375
1662
1550
1206
1282
2060
3168
3432
2865
2047
1422
1198
1527
2017
1636
591
-550
-1202
-1465
-1249
-926
-1260
-2153
-2987
-3139
-2964
-2496
-1974
-1868
-2196
-2447
-2069
-1426
-672
-55
208
149
126
431
822
1249
1523
1492
1076
686
439
201
31
-6
-370
-1153
-1892
-2236
-2365
-2082
-264
931
-928
-4263
-3660
-159
2221
3014
2439
-354
-3282
-816
3949
5411
3841
3075
1898
-752
90
4147
5903
2911
289
-399
-1183
-1189
26
903
-717
-2133
-2874
-3746
-4000
-2474
-560
-1285
-2602
-2878
-2072
-1481
-669
719
1410
1530
1008
859
1172
2479
3930
4167
3432
2419
2191
2076
2247
2552
2677
1957
366
-822
-1244
-884
-627
-805
-1723
-2849
-3299
-3083
-2567
-2255
-1923
-1876
-2100
-1966
-1149
-296
151
891
1521
1458
1343
1711
2068
2505
3227
3130
2089
1426
1519
1530
1338
1264
814
-278
-1223
-1446
-1348
-1325
-1417
-1955
-2782
-3093
-2745
-2339
-2144
-1867
-1596
-1562
-1675
-1435
-610
324
810
721
518
583
976
1462
1737
1587
1155
591
178
-85
-133
-356
-717
-1243
-2153
-2833
-3057
-1637
461
688
-2540
-4983
-2960
472
2689
3054
1612
-2171
-3029
1070
4899
5038
3811
3411
797
-881
1603
5559
5223
2005
383
-705
-1279
-833
797
417
-1183
-2200
-3293
-4258
-3913
-1417
-553
-1702
-2892
-2665
-1871
-1391
-74
1052
1787
1414
947
889
1728
3379
4196
4047
2976
2497
2362
2466
2540
2586
2505
1400
0
-1088
-991
-676
-788
-1444
-2346
-2917
-3195
-2914
-2647
-2250
-2026
-1902
-1978
-1916
-1328
-410
633
1191
1294
955
930
1438
2452
3310
3334
2534
1593
1320
1557
2050
2035
1378
290
-466
-718
-772
-763
-953
-1380
-2074
-2395
-2460
-2387
-2189
-1803
-1561
-1745
-1854
-1685
-1127
-557
11
233
55
-105
75
573
996
1252
907
248
-253
-240
-209
-420
-745
-1262
-2001
-2487
-2399
-1993
-574
646
-637
-3641
-3575
-390
2152
2839
2230
-112
-2538
-607
3680
5282
3918
3199
2168
-173
101
3642
5605
3180
583
-408
-977
-1008
78
776
-524
-1845
-2771
-3645
-4016
-2534
-811
-1229
-2496
-2918
-2208
-1694
-817
344
1164
1320
902
708
930
2253
3601
3924
3048
2197
2244
2430
2397
2166
2325
2013
905
-334
-817
-602
-554
-755
-1414
-2090
-2628
-2775
-2656
-2337
-1841
-1688
-1847
-1996
-1641
-910
68
834
932
763
792
1163
1752
2536
2936
2516
1859
1583
1745
1893
1897
1643
1006
319
-117
-347
-520
-518
-659
-1253
-1880
-2096
-2012
-1961
-1859
-1676
-1617
-1783
-1848
-1516
-943
-361
-132
-262
-382
-132
284
534
720
647
326
-131
-248
-180
-178
-445
-975
-1515
-1845
-1669
-1229
-25
695
-707
-3231
-2975
-83
2036
2396
1424
-921
-2898
-824
3120
4301
2728
1822
1076
-588
-117
3003
4669
2565
189
-753
-1158
-911
283
857
-407
-1684
-2412
-3055
-3331
-2008
-399
-678
-2056
-2687
-1978
-1189
-397
355
926
1066
777
645
853
1949
3241
3825
3056
2012
1953
2529
2897
2683
2614
2317
1514
494
28
180
374
263
-487
-1326
-1703
-1530
-1438
-1416
-1119
-930
-1233
-1647
-1444
-759
133
779
664
82
-103
407
1166
1828
2055
1628
910
612
1022
1601
1757
1356
578
-120
-334
-186
-126
-276
-634
-1265
-1875
-2066
-1843
-1641
-1709
-1926
-2119
-2201
-2151
-1900
-1518
-1111
-907
-972
-1018
-811
-421
-70
219
222
-98
-380
-317
-15
-36
-349
-748
-1008
-1257
-1259
-1097
-900
-36
751
-128
-2279
-2211
125
2106
2520
1730
-350
-2169
-470
2901
4074
2766
1984
1187
-286
50
2672
4202
2549
547
-507
-793
-496
499
844
-151
-1041
-1714
-2334
-2633
-1489
-219
-314
-1410
-2142
-1713
-960
-127
365
795
909
695
491
676
1680
2692
3178
2565
1748
1633
2210
2625
2397
2254
2031
1516
600
139
276
555
416
-429
-1319
-1728
-1467
-1348
-1489
-1579
-1612
-1803
-2138
-1963
-1280
-552
-415
-784
-1025
-807
-167
487
956
977
695
450
525
962
1377
1491
1087
550
270
319
421
324
146
-186
-594
-948
-1056
-1057
-1099
-1149
-1223
-1331
-1533
-1616
-1538
-1277
-977
-814
-881
-989
-855
-580
-216
80
100
-128
-267
-170
-35
7
-90
-253
-562
-849
-918
-628
-525
-611
38
859
153
-1761
-1845
43
1858
2364
1608
-559
-2179
-488
2590
3545
2291
1579
851
-267
80
2345
3618
2275
575
-445
-779
-418
829
1194
-31
-1278
-1715
-1776
-1959
-1315
-437
-415
-1442
-2228
-1889
-1041
-205
85
205
130
82
213
662
1446
2074
2428
2178
1810
1708
1988
2332
2476
2490
2055
1427
924
888
882
702
493
73
-533
-1104
-1137
-1032
-1077
-1273
-1497
-1658
-1780
-1666
-1520
-1256
-989
-885
-1042
-1173
-832
-313
194
414
417
199
173
480
866
1184
1270
1189
758
461
502
846
1058
866
394
-201
-499
-550
-367
-270
-431
-921
-1410
-1493
-1257
-907
-753
-791
-1113
-1351
-1159
-671
-344
-374
-427
-465
-580
-685
-483
-106
43
-259
-695
-934
-860
-635
-481
-619
-643
34
599
-235
-1727
-1471
271
1776
2060
1149
-787
-1792
39
2640
3244
2128
1432
667
-85
568
2488
3253
2058
695
-195
-487
-49
1028
1148
77
-916
-1334
-1546
-1558
-732
-39
-392
-1453
-1944
-1548
-837
-204
-1
-61
-185
-58
139
300
673
1385
2079
1939
1202
791
1278
1988
2177
1902
1514
1149
684
490
603
807
633
13
-731
-1220
-1223
-1000
-898
-1165
-1496
-1699
-1766
-1747
-1604
-1365
-1166
-1081
-1205
-1366
-1242
-671
28
343
213
-56
-87
295
939
1425
1449
1168
897
847
1000
1340
1629
1491
950
422
274
375
459
350
99
-210
-509
-620
-558
-460
-502
-658
-792
-823
-783
-738
-639
-551
-550
-609
-592
-508
-482
-454
-417
-441
-569
-712
-771
-775
-707
-713
-800
-1004
-986
-389
197
-213
-1286
-1397
-374
846
1316
746
-673
-1406
-151
1703
2174
1369
835
439
-1
326
1601
2318
1680
707
-9
-321
-77
774
1063
317
-595
-955
-988
-1027
-728
-391
-433
-979
-1436
-1416
-1008
-492
-222
-164
-269
-226
-80
156
475
847
1213
1259
1077
875
978
1249
1489
1546
1390
1144
832
647
578
747
851
582
29
-413
-433
-268
-112
-213
-500
-823
-956
-819
-642
-511
-478
-424
-456
-439
-276
-9
244
370
435
367
371
511
823
986
868
663
595
693
718
757
730
612
325
105
88
85
47
-40
-148
-415
-679
-795
-769
-715
-712
-727
-850
-1040
-1080
-835
-557
-439
-466
-529
-506
-383
-224
-174
-210
-192
-164
-274
-516
-594
-538
-524
-591
-706
-886
-1122
-969
-520
-197
-543
-1200
-1343
-862
-38
485
281
-723
-1242
-449
773
1139
802
554
365
258
488
1074
1353
1256
1026
651
181
128
665
957
642
114
-151
-360
-475
-206
213
204
-294
-620
-596
-386
-196
-4
107
59
-71
-151
4
315
588
658
606
566
603
667
676
673
746
902
833
472
148
143
303
366
292
77
-191
-335
-252
-141
-143
-175
-205
-302
-410
-352
-118
36
1
-106
-155
-128
10
227
383
366
208
129
151
240
346
424
362
154
-20
-24
83
115
43
-75
-205
-302
-283
-171
-142
-212
-204
-150
-209
-325
-269
-33
105
86
-22
-33
105
251
302
241
220
230
219
171
182
206
156
23
-178
-248
-201
-186
-355
-612
-670
-592
-641
-793
-868
-901
-947
-992
-957
-906
-855
-778
-800
-891
-940
-831
-679
-445
-117
85
-135
-514
-434
114
655
786
588
260
175
449
819
917
841
811
682
412
312
564
784
752
530
253
31
67
384
547
355
34
-69
-8
52
65
59
83
69
-16
-117
-137
-115
-86
-41
-3
-56
-182
-215
-130
-31
33
116
143
35
-58
1
165
310
395
346
194
100
175
351
459
472
367
206
104
177
375
461
325
108
1
13
51
29
-3
16
-37
-219
-403
-426
-318
-202
-190
-285
-399
-447
-388
-272
-150
-87
-111
-183
-176
-81
102
324
434
357
186
173
315
458
489
408
255
105
82
145
184
126
-17
-188
-293
-320
-314
-343
-402
-491
-556
-564
-515
-436
-428
-457
-502
-469
-433
-436
-412
-316
-195
-162
-160
-175
-165
-123
-20
33
-27
-78
-43
56
120
135
101
86
107
94
35
41
148
185
19
-124
-52
75
78
15
11
20
-6
-10
16
12
12
27
-4
-71
-71
-37
-52
-84
-120
-149
-198
-214
-193
-169
-166
-131
-105
-146
-143
-68
36
86
133
144
117
145
318
550
581
468
406
526
677
708
644
589
552
465
409
423
456
408
283
144
27
-16
6
4
-121
-262
-273
-219
-254
-362
-345
-247
-201
-218
-239
-223
-197
-92
41
97
57
32
85
162
225
277
279
221
154
121
138
149
131
81
14
-65
-130
-148
-124
-101
-122
-190
-274
-329
-290
-195
-177
-185
-177
-184
-258
-299
-203
-86
-68
-130
-185
-220
-207
-138
-72
-70
-125
-189
-221
-199
-112
-24
-37
-104
-128
-90
-14
90
180
192
127
88
123
198
225
199
170
161
213
238
210
154
149
188
177
129
66
18
-28
-27
17
25
-35
-165
-286
-296
-230
-197
-230
-321
-391
-390
-300
-199
-159
-141
-102
-54
-35
35
155
232
257
277
324
347
366
402
434
433
419
395
359
332
337
370
321
221
142
147
162
103
30
-20
-51
-114
-146
-126
-102
-110
-146
-180
-191
-190
-194
-192
-190
-183
-202
-254
-301
-238
-124
-104
-188
-281
-292
-235
-161
-173
-248
-338
-352
-332
-322
-289
-264
-249
-299
-335
-325
-272
-188
-133
-109
-120
-118
-83
6
92
119
98
55
51
76
103
108
115
93
11
-89
-124
-48
21
11
-58
-120
-127
-93
-5
76
111
97
27
21
141
299
371
370
363
349
321
310
393
497
517
463
396
328
276
321
411
462
396
262
136
85
133
214
236
130
-31
-193
-249
-191
-81
-26
-115
-282
-379
-299
-156
-66
-85
-144
-139
-87
-23
13
52
113
148
137
86
51
71
145
191
147
64
7
-6
7
68
132
107
-17
-98
-87
-45
38
113
105
-4
-63
1
83
129
134
108
33
-47
-61
-33
-8
-19
-73
-158
-258
-293
-251
-216
-256
-366
-441
-415
-329
-300
-347
-382
-358
-286
-246
-276
-318
-279
-175
-114
-126
-120
-98
-64
-10
33
57
34
23
22
2
-23
-7
9
-70
-150
-172
-141
-116
-156
-234
-283
-278
-266
-270
-287
-265
-198
-163
-195
-215
-133
4
78
63
50
95
174
277
373
406
378
339
330
347
406
481
498
425
329
290
316
413
503
503
390
253
223
286
357
401
378
275
184
171
224
283
309
307
223
114
66
113
164
153
121
76
13
-70
-89
-42
-9
-38
-118
-201
-243
-205
-121
-50
-60
-111
-144
-134
-80
4
61
35
0
-12
32
101
141
147
151
163
118
57
35
68
90
69
24
-47
-121
-162
-162
-164
-190
-233
-303
-373
-385
-342
-312
-307
-305
-315
-300
-249
-193
-189
-197
-162
-119
-117
-125
-89
-44
-49
-82
-80
-47
-25
-33
-87
-140
-150
-113
-85
-98
-140
-191
-210
-202
-180
-167
-172
-196
-221
-210
-185
-135
-97
-70
-47
-26
-8
-15
-1
42
103
111
83
54
25
32
99
163
143
95
71
68
71
117
196
231
220
186
158
158
202
261
263
235
233
258
251
238
288
362
395
333
244
220
274
320
281
185
108
83
63
53
56
55
18
-66
-127
-147
-116
-86
-92
-117
-127
-110
-90
-50
-17
-11
-28
-46
-15
31
75
107
113
92
69
85
142
166
114
44
27
44
33
0
-33
-62
-90
-112
-136
-178
-200
-207
-226
-243
-217
-175
-192
-220
-182
-109
-82
-83
-73
-77
-97
-77
-27
-23
-59
-76
-64
-75
-86
-84
-110
-181
-186
-123
-102
-149
-204
-215
-204
-177
-145
-149
-176
-179
-149
-130
-110
-50
5
11
10
63
130
174
205
225
227
232
247
246
221
204
217
224
189
130
96
81
91
113
110
72
26
-13
-23
-3
43
64
5
-81
-96
-20
42
9
-49
-29
23
53
39
24
45
65
63
40
15
-7
-13
-35
-46
-33
-32
-48
-68
-76
-68
-62
-64
-85
-112
-96
-51
-10
-17
-72
-104
-87
-19
36
19
-31
-62
-42
7
67
94
68
3
-35
-8
43
76
51
6
-34
-52
-34
-7
11
15
-11
-45
-37
-2
29
32
29
20
5
25
47
51
38
57
86
65
35
45
86
93
66
31
11
5
5
-3
-19
-24
-46
-86
-112
-96
-66
-74
-129
-165
-147
-97
-57
-43
-42
-32
-34
-23
8
45
92
128
144
145
153
185
223
236
236
245
251
240
220
212
210
210
210
186
148
111
105
116
114
83
34
5
-4
-8
-22
-41
-73
-104
-109
-112
-136
-163
-160
-152
-164
-180
-179
-173
-163
-130
-110
-127
-148
-139
-106
-77
-47
-28
-28
-41
-55
-54
-33
11
24
-11
-56
-59
-3
43
39
4
-37
-57
-46
-14
9
6
-35
-69
-81
-88
-84
-81
-87
-115
-139
-138
-126
-128
-139
-135
-116
-90
-81
-96
-114
-84
-12
19
-5
-27
-15
4
21
45
47
30
31
54
60
51
63
76
49
15
20
49
52
23
-3
-17
-18
1
21
17
8
17
32
28
20
38
79
103
93
67
47
76
134
161
145
122
134
146
156
168
206
236
229
195
161
165
187
205
182
145
116
92
97
114
107
73
32
11
17
24
21
-5
-33
-35
-54
-94
-123
-135
-130
-131
-137
-153
-185
-195
-164
-140
-135
-138
-138
-127
-116
-78
-37
-19
-13
-21
-22
6
54
106
124
121
118
126
146
168
188
183
157
129
101
81
75
63
42
8
-37
-75
-115
-149
-168
-185
-198
-214
-235
-257
-274
-280
-271
-263
-252
-258
-265
-253
-225
-186
-166
-164
-159
-134
-83
-32
-22
-31
-21
12
51
65
51
35
34
59
92
97
75
49
43
43
50
64
67
43
9
0
11
22
31
32
25
13
2
15
21
30
43
58
57
46
49
63
68
76
110
137
133
109
100
118
147
176
185
163
134
139
162
168
159
151
128
95
79
100
125
105
62
38
22
-1
-13
-12
-23
-45
-53
-67
-93
-107
-102
-96
-114
-128
-117
-114
-123
-109
-76
-57
-61
-71
-56
-36
-2
44
64
52
45
77
123
136
120
112
117
121
125
123
102
71
60
61
54
19
-19
-45
-73
-94
-95
-95
-125
-173
-211
-226
-221
-194
-179
-212
-245
-240
-203
-187
-197
-180
-150
-138
-135
-119
-97
-74
-46
-18
-11
-22
-14
13
31
38
54
66
46
17
15
32
38
33
25
11
-8
-16
-29
-48
-53
-40
-37
-45
-48
-48
-52
-47
-22
0
-2
-12
-4
19
45
74
97
112
119
126
140
164
185
194
195
190
191
201
213
210
190
171
164
159
146
130
115
107
96
75
45
20
8
1
-17
-46
-63
-72
-75
-87
-97
-108
-119
-129
-134
-133
-127
-120
-124
-128
-128
-116
-110
-107
-96
-73
-56
-58
-67
-62
-37
-6
11
7
-7
-11
3
31
40
26
4
4
13
16
13
7
-2
-24
-40
-35
-30
-42
-62
-77
-84
-85
-85
-90
-104
-109
-104
-103
-106
-95
-70
-54
-47
-41
-35
-17
9
29
34
28
36
57
77
86
86
83
70
59
58
64
60
47
29
16
15
9
-1
-20
-34
-38
-30
-18
-24
-36
-36
-25
-15
-3
21
49
55
48
58
92
139
165
164
156
173
205
219
219
218
218
219
218
212
207
198
185
171
155
150
145
130
99
76
71
67
58
39
15
-6
-15
-24
-32
-39
-37
-47
-75
-90
-80
-70
-76
-90
-100
-103
-108
-108
-109
-107
-104
-112
-125
-133
-119
-105
-109
-123
-127
-113
-107
-109
-112
-111
-108
-107
-110
-104
-94
-98
-110
-119
-115
-107
-105
-109
-118
-126
-126
-121
-117
-121
-120
-119
-119
-116
-105
-94
-91
-85
-73
-60
-45
-31
-19
-11
7
34
53
62
66
74
83
98
106
106
95
84
76
70
65
62
56
38
18
-1
1
8
-6
-31
-49
-43
-32
-33
-39
-37
-30
-18
-5
16
34
45
57
69
92
123
151
161
162
179
200
213
218
220
220
223
229
221
199
180
172
158
138
119
111
95
65
38
28
29
25
7
-22
-37
-36
-27
-34
-46
-55
-56
-50
-43
-42
-49
-53
-46
-31
-23
-31
-44
-52
-46
-32
-27
-33
-51
-66
-65
-52
-45
-50
-62
-75
-82
-83
-80
-78
-77
-85
-92
-97
-96
-98
-102
-105
-104
-101
-102
-110
-116
-114
-111
-104
-100
-95
-100
-104
-96
-86
-75
-69
-62
-55
-48
-42
-28
-7
12
17
20
31
48
65
73
68
67
76
87
94
92
80
70
62
60
57
54
40
18
-4
-9
-3
-4
-16
-38
-49
-46
-33
-28
-30
-29
-23
-11
-2
10
28
44
56
64
80
99
119
132
139
145
150
153
156
165
170
161
148
140
129
118
111
108
96
72
49
33
31
29
17
-4
-24
-32
-30
-32
-38
-45
-51
-57
-59
-55
-55
-60
-59
-51
-43
-41
-41
-43
-46
-43
-31
-25
-33
-44
-47
-40
-33
-37
-46
-47
-44
-43
-43
-48
-47
-46
-46
-46
-47
-48
-51
-52
-52
-54
-53
-45
-47
-55
-63
-67
-65
-54
-46
-55
-71
-76
-68
-59
-51
-41
-41
-43
-49
-39
-17
2
10
8
-1
-1
21
53
68
62
52
49
56
69
78
80
75
64
51
46
45
41
38
25
9
-3
-8
-8
-11
-18
-23
-29
-32
-34
-26
-15
-16
-19
-14
-4
8
21
25
23
21
36
46
48
47
51
75
94
101
94
96
99
98
91
98
104
93
78
66
65
66
71
63
47
34
36
38
28
14
2
-2
-1
-6
-15
-24
-31
-30
-36
-47
-56
-64
-71
-78
-73
-64
-68
-76
-87
-92
-91
-89
-86
-88
-94
-107
-114
-114
-110
-103
-94
-92
-102
-103
-95
-84
-73
-63
-66
-75
-64
-58
-47
-29
-19
-20
-29
-34
-34
-18
5
5
-5
-10
-12
-3
9
11
16
17
15
24
41
40
28
32
36
40
45
68
83
93
85
85
95
111
136
131
121
112
114
103
87
76
61
55
56
47
41
31
7
-16
-28
-25
-16
-3
-16
-30
-37
-44
-40
-28
-14
-13
-6
-1
0
5
14
32
54
68
63
69
92
91
86
79
92
115
108
102
80
77
88
80
70
52
48
43
24
8
-3
6
2
-23
-37
-43
-40
-37
-47
-67
-73
-61
-60
-68
-67
-69
-65
-54
-57
-66
-72
-68
-57
-64
-82
-93
-93
-91
-106
-111
-116
-126
-121
-113
-99
-95
-87
-76
-70
-59
-62
-59
-52
-44
-41
-48
-43
-33
-35
-38
-40
-34
-14
-1
-13
-31
-41
-30
-14
-5
1
-9
-8
-1
5
14
16
14
7
18
37
44
56
64
58
64
90
115
113
107
110
121
109
90
92
86
59
38
38
24
1
-26
-46
-52
-55
-58
-54
-59
-70
-76
-75
-72
-69
-41
-26
-3
14
40
67
88
112
129
140
148
158
150
144
149
167
171
161
159
158
151
147
142
131
110
107
97
69
72
63
41
17
10
-6
-23
-29
-46
-42
-35
-52
-72
-86
-96
-97
-81
-64
-69
-80
-93
-103
-99
-104
143
530
268
-414
-525
-171
91
213
207
-161
-660
-495
-52
64
157
276
225
-218
-445
-167
86
179
35
-174
-182
-6
-19
-75
138
328
173
-157
-339
-324
-168
-23
-39
-237
-270
-451
-444
-299
-258
97
238
-34
-368
-191
-44
-55
69
348
284
102
196
147
127
156
282
403
263
421
553
216
-184
-216
78
101
99
183
-38
-375
-470
-336
-271
-250
-104
-41
-180
-341
-419
-456
-397
-137
131
268
242
1
-134
-78
189
451
596
668
505
258
170
303
457
504
537
463
252
53
-31
-17
11
60
110
65
-116
-326
-402
-333
-221
-87
-42
-123
-269
-361
-296
-130
41
100
85
8
-90
-74
20
104
163
224
198
109
28
-12
17
73
139
152
79
-45
-159
-192
-155
-85
-44
-71
-151
-241
-295
-275
-191
-144
-133
-145
-149
-154
-159
-125
-33
64
102
82
52
40
39
86
172
205
188
143
107
96
104
142
179
187
138
81
34
-15
-46
-50
-36
-46
-93
-117
-111
-90
-103
-106
-65
-19
-63
-107
-103
-102
-100
-95
-30
-6
-27
-25
-6
16
35
52
59
58
33
7
-8
16
32
39
44
19
13
-3
-4
16
13
1
-7
-15
-24
-50
-59
-52
-26
-21
-11
13
17
29
19
15
14
33
46
33
50
76
93
110
110
102
101
108
126
134
119
116
112
70
40
42
60
57
56
45
20
4
-33
-56
-35
3
22
14
1
-1
-7
-2
2
19
22
8
-16
-48
-57
-40
-40
-50
-62
-84
-96
-139
-149
-135
-109
-94
-89
-87
-112
-100
-83
-53
-42
-46
-36
-35
-26
-38
-24
8
-1
-8
5
22
38
29
29
29
20
30
63
89
102
81
68
74
64
48
21
55
68
30
14
5
-2
-18
-20
-4
0
-22
-46
-54
-25
2
13
11
21
41
45
48
58
59
52
35
39
55
54
51
42
31
10
-5
2
4
-6
-39
-67
-80
-87
-82
-76
-84
-85
-87
-79
-75
-111
-128
-98
-52
-26
-40
-53
-54
-68
-38
10
32
24
13
44
58
44
28
40
37
16
19
26
10
-23
-38
-20
-4
-3
-29
-41
-34
-29
-36
-57
-79
-97
-92
-72
-51
-59
-56
-50
-45
-28
-4
21
32
17
-7
-3
27
67
75
61
75
102
96
68
49
49
50
30
12
11
8
-6
-27
-32
-12
10
15
-11
-35
-41
-34
-14
-19
-9
25
46
47
27
23
29
20
-6
5
36
59
36
-4
3
33
49
43
34
40
42
39
26
5
6
4
24
34
15
-3
-33
-43
-44
-38
-13
-17
-42
-56
-39
-3
-1
-8
-18
-16
-6
2
11
7
-2
-13
-11
-1
-1
-4
-3
-11
-19
-31
-29
-9
0
7
4
18
26
25
20
13
18
31
27
11
-4
-15
-3
9
10
-9
-23
-16
-12
-25
-36
-31
-34
-45
-45
-9
22
26
-10
-35
-15
-3
-11
-22
-16
-3
-10
-21
-8
15
22
25
40
53
51
25
4
4
13
34
41
28
10
1
3
4
-8
-22
-25
-22
-35
-55
-52
-40
-42
-49
-30
6
20
-11
-39
-30
-2
10
8
10
11
4
-14
-15
10
33
27
8
10
29
34
30
32
37
31
13
13
13
8
8
2
3
2
-15
-25
-22
-18
-12
-15
-19
-32
-39
-22
4
23
22
24
31
21
1
1
8
0
-17
-25
-9
-6
-16
-17
-3
3
11
13
12
9
9
18
16
13
28
51
53
39
29
30
14
3
2
-1
-7
-13
-17
-23
-31
-24
-4
4
8
2
1
-6
-16
-23
-11
6
-4
-22
-31
-27
-28
-36
-37
-21
-17
-21
-25
-17
0
15
21
23
34
46
43
30
35
47
47
26
16
14
2
-21
-31
-35
-43
-46
-47
-46
-55
-41
-26
-24
-26
-12
10
5
-15
-12
13
21
12
2
15
24
18
3
10
15
12
0
-4
11
18
18
22
33
36
23
11
11
13
9
-10
-20
-26
-37
-41
-39
-35
-31
-24
-26
-33
-36
-22
-2
7
12
20
29
32
28
21
31
42
35
17
12
15
8
-8
-13
1
11
4
-2
1
3
2
-1
9
18
24
20
10
6
5
1
-6
-5
-8
-14
-16
-13
-12
-14
-8
4
11
11
16
23
19
10
14
22
20
13
9
7
-10
-21
-22
-25
-33
-38
-43
-43
-34
-26
-24
-24
-15
-4
-2
0
5
12
7
-3
-6
-10
-15
-15
-12
-9
-15
-17
-19
-24
-22
-10
4
13
12
8
10
16
21
17
19
24
22
13
6
7
2
-4
2
10
11
10
10
12
15
23
34
38
36
34
30
23
12
8
7
0
-9
-17
-26
-35
-35
-32
-30
-25
-24
-29
-33
-30
-19
-7
1
4
-3
-4
-2
7
12
11
7
-1
-11
-13
-6
1
0
-2
8
17
20
13
9
19
29
29
18
13
13
6
-4
-5
2
5
-4
-13
-14
-11
-10
-11
-8
2
14
24
25
19
22
28
35
36
37
34
20
7
-3
-1
-2
-7
-15
-24
-28
-29
-30
-34
-35
-25
-19
-23
-28
-28
-22
-26
-33
-31
-24
-24
-28
-29
-22
-26
-30
-27
-19
-10
-5
0
7
15
17
18
23
32
34
30
25
23
20
15
13
12
6
0
0
4
7
4
1
2
9
8
