53
41
28
30
23
13
1
14
4
-19
-45
-60
-79
-74
-56
-54
-38
-29
-27
8
3
27
43
44
61
48
77
71
56
88
75
61
75
73
70
22
-2
-19
-62
-97
-121
-149
-197
-228
-230
-208
-207
-197
-151
-144
-122
-94
-82
-52
-30
8
40
65
92
122
126
140
143
132
125
93
78
73
47
45
67
72
65
65
196
262
-13
-49
-102
-166
-149
2
381
135
-78
-71
-152
-293
-1
274
315
62
-109
-162
-344
-191
64
210
187
98
63
40
-113
1
14
-76
5
-61
-92
-20
-111
-98
-94
-73
-39
-19
71
112
66
0
-80
-108
-29
-96
44
146
53
9
0
-64
-84
9
-3
48
-46
-15
-107
-136
-113
-177
-115
-211
-180
-153
-126
-151
-59
-127
-87
-16
-12
35
-28
115
58
12
134
158
61
178
122
123
101
49
74
-18
77
40
79
42
113
14
47
280
60
126
52
-110
2
-125
104
3
-164
2
-233
-39
-30
5
148
47
-58
-35
60
-120
70
41
5
72
-25
76
112
15
99
43
7
209
-5
177
226
-187
150
-73
-96
105
-172
85
58
-153
-45
-59
-162
-79
-21
45
-21
-23
102
-48
-31
-38
-19
56
74
100
0
-102
-212
-135
-145
-126
-19
-133
-156
-76
-166
-113
-135
10
-65
-96
110
-136
-120
60
-116
-90
134
53
65
32
-21
-11
-4
34
-38
194
114
-34
123
-54
-70
-4
79
91
-52
3
-75
-342
-155
-83
-202
-32
-67
-223
-36
-49
-180
99
-23
-89
141
-17
135
33
54
107
-38
170
50
43
85
-43
-89
-29
-118
-33
-51
-33
-113
-35
-47
-213
44
-41
40
118
60
109
36
-15
135
123
169
185
276
324
36
280
261
109
331
190
154
133
-2
40
0
115
78
42
87
-41
-64
-2
-6
86
41
-2
-24
-101
-20
-106
116
135
34
205
61
43
134
9
27
86
104
137
73
148
-9
-27
110
41
177
134
93
17
-153
-152
-168
-63
109
51
85
38
-129
-152
-146
-37
47
106
76
19
-111
-161
-122
10
88
87
114
-1
-112
-243
-209
-140
-128
-73
-41
-113
-176
-219
-233
-105
-34
54
83
56
-114
-226
-147
-141
-7
138
160
102
-64
-131
-86
-29
128
191
110
63
-128
-195
-186
-92
51
76
104
7
-58
-60
-57
75
111
76
21
-40
-55
-81
-22
60
52
41
87
48
10
9
-38
-15
19
24
26
64
18
20
50
83
205
132
116
16
-65
-72
-36
46
46
68
-4
12
16
42
57
88
153
90
107
74
-47
-5
-19
108
185
160
154
-10
-81
-140
-42
42
120
123
10
-74
-168
-65
43
131
178
120
73
-73
-140
-130
-165
-109
-45
-46
-116
-149
-161
-183
-139
-25
49
41
10
-43
-91
-124
-108
3
-30
-45
-64
-175
-78
-57
-25
41
-29
-137
-253
-202
-76
1
40
-6
-17
-105
-118
23
90
157
60
21
-45
-98
-59
-30
36
25
84
60
125
79
16
-19
34
136
132
180
52
25
-86
-69
49
50
69
47
18
-57
-37
-49
-31
51
89
132
119
109
85
123
192
295
345
238
192
106
83
118
153
187
117
82
95
140
107
105
32
-86
-91
-119
-70
-115
-203
-220
-251
-260
-213
-189
-214
-198
-206
-224
-226
-231
-219
-192
-203
-186
-209
-249
-224
-207
-194
-161
-236
-255
-285
-312
-247
-277
-292
-435
-368
-272
-206
-85
-177
-237
-394
-362
-243
-212
-174
-356
-331
-400
-358
-134
-104
-5
-119
-12
97
117
276
201
306
339
441
659
708
797
668
769
841
903
1068
989
923
847
832
902
956
951
848
719
723
699
703
656
497
359
254
193
164
156
42
6
-7
-11
49
32
37
-56
-43
26
79
87
-2
-1
-63
-17
52
113
110
-21
-52
-129
-166
-159
-228
-300
-397
-472
-537
-537
-607
-693
-699
-818
-832
-863
-898
-949
-996
-940
-1014
-1006
-1026
-949
-940
-870
-757
-769
-819
-905
-816
-864
-734
-667
-702
-754
-894
-884
-954
-932
-748
-583
-277
-265
-64
-111
-224
-24
177
636
713
815
692
531
519
676
1016
1183
1189
1137
1060
949
854
886
962
856
867
695
649
453
274
244
149
112
29
78
-122
-191
-189
-140
-27
89
310
337
483
617
714
821
912
1017
1074
1130
1125
1157
1074
1015
995
966
917
800
646
502
357
184
42
-69
-187
-308
-403
-467
-561
-675
-708
-743
-750
-733
-748
-709
-663
-672
-546
-389
-334
-258
-229
-229
-201
-199
-126
-58
-108
-92
-147
-260
-237
-327
-370
-446
-447
-470
-628
-622
-732
-852
-901
-747
-759
-820
-734
-806
-961
-1013
-843
-832
-707
-562
-481
-518
-585
-516
-448
-269
-120
42
129
95
14
6
151
229
310
397
415
380
295
271
339
410
471
523
567
537
448
384
327
295
239
294
329
285
211
142
93
-7
9
45
120
174
117
77
23
50
82
147
340
343
334
383
322
336
374
420
494
512
500
489
486
497
497
531
530
481
448
372
347
329
257
182
134
63
24
65
35
80
41
-31
-16
-42
-35
-72
-20
-2
-33
-49
-58
-40
-59
-82
-106
-60
-54
-133
-136
-184
-215
-181
-166
-166
-166
-164
-152
-152
-151
-215
-226
-190
-256
-234
-235
-287
-317
-334
-315
-289
-291
-285
-289
-303
-304
-264
-256
-249
-196
-202
-215
-214
-200
-186
-170
-159
-165
-174
-165
-161
-202
-226
-201
-232
-217
-213
-259
-267
-258
-183
-222
-234
-222
-222
-249
-253
-151
-141
-127
-103
-115
-115
-74
0
47
29
82
212
254
208
201
238
256
243
288
352
351
342
332
315
315
340
320
307
333
326
350
312
296
318
292
326
331
284
276
308
217
188
179
95
119
83
222
131
12
126
86
42
-47
105
52
36
-66
-179
-119
-156
-68
-222
-32
-34
-229
-282
-191
-96
-244
-150
36
-39
-104
-141
-56
-70
-202
25
-158
-122
-176
-56
-310
-361
-81
-353
-291
-204
-54
-402
-251
-217
-374
-294
-324
-96
-307
-399
-150
-266
-100
-270
-125
-15
-213
77
-74
76
-14
209
111
9
214
186
166
98
294
256
173
257
336
116
54
223
213
7
257
193
26
-11
6
116
48
189
168
100
79
90
219
91
153
215
40
277
52
203
266
302
298
71
389
183
200
230
346
270
116
333
234
138
143
299
205
64
241
176
79
7
96
141
-44
91
133
11
-38
121
-1
-143
-98
-38
-118
-233
-104
-6
-13
-276
-48
-135
-280
-125
-171
-195
-277
-40
-110
-296
-107
-58
-346
-126
137
-39
20
5
-25
-199
-128
-85
-84
73
-318
-97
-24
-356
-256
-190
29
-145
-190
-23
-392
-355
-170
-217
-116
-357
-159
-389
-608
4
-353
-212
-15
-94
-286
-520
-33
19
-150
-69
-23
10
-362
-237
-76
-36
144
-345
122
-136
-240
-97
-366
-126
90
-29
-373
-308
-328
-324
-145
64
-140
-278
-276
-218
-403
-39
299
139
37
106
195
-27
313
540
476
318
394
435
283
324
498
675
558
538
672
500
456
538
537
597
496
549
366
94
269
385
452
334
258
292
213
168
66
220
241
97
155
46
147
71
30
4
99
332
133
110
34
141
102
180
316
297
184
48
86
68
234
249
307
68
23
-75
-13
18
184
103
-63
22
-169
-209
-426
-17
-178
-125
-59
-95
-342
-659
-374
-310
-210
-151
127
-266
-677
-401
-320
-289
-25
233
-209
-430
-142
-384
-446
-36
86
-164
-127
-114
-454
-565
-284
-359
-118
-51
-494
-566
-617
-540
-709
-316
-144
-572
-565
-551
-709
-746
-583
-467
-469
-590
-519
-447
-284
-206
-309
-316
-172
-78
121
334
290
35
-100
171
310
523
689
780
582
366
429
534
787
670
604
602
496
327
258
313
350
290
231
205
63
-55
-194
-173
-7
-1
-6
-119
-265
-277
-192
127
221
162
45
70
111
189
449
615
620
433
421
489
582
615
714
749
728
620
570
602
526
554
530
624
595
417
235
101
129
119
138
149
0
-267
-301
-295
-215
-318
-310
-178
-489
-397
-407
-352
-525
-497
-371
-369
-396
-356
-190
-548
-402
-364
-118
-291
-329
27
-273
-278
-162
-259
-353
-321
-295
-221
-438
-418
-550
-684
-563
-598
-566
-672
-807
-925
-963
-947
-960
-1080
-1205
-801
-428
-342
-559
-951
-804
-473
16
450
716
197
-457
-230
342
1040
1099
1260
1094
495
538
890
1564
1499
1098
1018
827
681
550
703
793
516
188
94
11
-301
-391
-247
-136
-242
-448
-489
-568
-565
-343
68
37
-268
-455
-258
104
183
319
356
332
139
270
620
946
855
608
694
686
796
801
946
823
638
612
534
566
343
382
331
231
149
-29
4
-207
-204
-212
-212
-308
-522
-469
-513
-471
-487
-476
-483
-626
-664
-532
-409
-401
-347
-394
-319
-364
-257
-130
-156
-71
-215
-57
-62
9
46
-107
-52
-340
-161
-90
-173
-168
-398
-427
-681
-626
-617
-675
-762
-1012
-1047
-1321
-1398
-1601
-1245
-454
-242
-795
-1654
-1229
-659
-106
590
844
396
-822
-488
631
1458
1664
1468
1434
692
643
1395
2088
2095
1474
1268
1071
845
864
1062
1258
815
153
-108
-145
-200
-342
-267
-313
-817
-1094
-980
-814
-818
-742
-364
-444
-805
-846
-380
74
173
233
282
396
405
557
927
1128
1126
961
1027
1074
1117
1203
1229
1282
1051
918
782
784
691
627
638
334
154
-59
-40
-28
-116
-193
-405
-502
-627
-593
-541
-552
-651
-763
-729
-737
-694
-722
-644
-643
-629
-566
-525
-466
-414
-329
-358
-315
-253
-174
-190
-176
-167
-286
-223
-281
-206
-214
-403
-485
-596
-617
-786
-832
-935
-931
-1086
-1253
-1311
-1495
-1565
-1661
-1717
-1541
-749
-338
-792
-1922
-1632
-606
21
550
650
515
-833
-678
807
1935
1953
1416
1549
1049
854
1610
2573
2617
1698
1288
1196
1138
1204
1462
1663
917
66
-216
50
193
86
-121
-469
-912
-1074
-695
-552
-696
-787
-490
-434
-667
-649
-248
99
200
303
483
635
617
840
1132
1348
1343
1257
1348
1390
1525
1638
1648
1490
1277
1227
1282
1169
931
901
739
496
206
170
125
-78
-180
-358
-445
-761
-828
-794
-896
-958
-1115
-1088
-1199
-1220
-1187
-1198
-1127
-1160
-1027
-993
-965
-869
-731
-590
-624
-601
-522
-382
-301
-227
-263
-380
-454
-393
-321
-314
-369
-525
-632
-741
-776
-827
-916
-1014
-1216
-1294
-1418
-1467
-1669
-1862
-1982
-1775
-665
-344
-1027
-2357
-1879
-428
178
608
556
274
-1038
-721
1181
2240
2031
1387
1498
1157
1033
2048
3028
2853
1791
1375
1422
1503
1694
1963
1728
845
73
-55
363
504
341
-276
-717
-958
-792
-392
-523
-857
-1009
-610
-478
-700
-714
-384
-73
-2
72
221
445
541
679
934
1066
1219
1142
1146
1212
1451
1670
1472
1318
1214
1311
1227
1096
1137
1063
839
560
512
465
285
131
76
-33
-288
-457
-549
-643
-801
-824
-814
-890
-1049
-1119
-1049
-1102
-1015
-944
-867
-974
-1008
-817
-700
-546
-558
-499
-453
-358
-220
-77
-40
-166
-245
-174
11
-22
-188
-287
-330
-334
-458
-575
-643
-731
-916
-1008
-1118
-1266
-1529
-1830
-1867
-1855
-1094
-412
-661
-1968
-2494
-1155
-163
322
374
336
-557
-1329
144
1727
2175
1450
1268
1267
783
1283
2440
3058
2098
1131
981
1139
1330
1682
1740
997
-29
-437
-36
252
232
-238
-841
-1207
-1208
-756
-648
-922
-1067
-879
-593
-662
-729
-550
-120
59
145
223
378
566
621
870
1059
1316
1294
1155
1086
1297
1544
1539
1388
1216
1142
997
1087
1049
1098
975
729
406
152
309
293
293
5
-173
-401
-677
-528
-534
-432
-755
-986
-1054
-1078
-912
-1005
-923
-1028
-1064
-1112
-1016
-776
-759
-761
-801
-714
-529
-317
-162
-183
-229
-233
-186
-94
-21
26
-135
-280
-257
-113
-163
-454
-532
-671
-654
-766
-883
-978
-1390
-1492
-1691
-1624
-1586
-975
-325
-866
-2072
-2304
-693
207
441
362
165
-529
-982
765
2126
2275
1387
1249
1343
1014
1884
2802
3012
1702
982
1120
1274
1601
1739
1579
620
-244
-312
124
353
188
-381
-1062
-1386
-1162
-636
-645
-983
-1137
-973
-739
-787
-758
-587
-185
-14
102
224
365
617
711
965
1114
1322
1263
1156
1277
1462
1624
1345
1255
1307
1317
1001
662
827
981
1013
563
287
33
47
239
256
144
-394
-567
-744
-507
-370
-433
-669
-1107
-1053
-1053
-804
-876
-906
-943
-1125
-1006
-915
-660
-672
-741
-750
-705
-528
-384
-306
-364
-453
-477
-323
-149
-1
-78
-270
-327
-279
-87
-85
-111
-329
-595
-769
-669
-539
-676
-933
-1347
-1481
-1636
-1484
-1404
-760
-358
-1025
-1968
-2119
-393
270
275
97
-160
-521
-950
821
1888
1836
1028
820
1205
1007
1821
2572
2623
1540
870
1098
1538
1859
1774
1335
478
-93
-70
396
582
266
-409
-1044
-1135
-852
-406
-389
-831
-1074
-964
-599
-564
-588
-433
-89
78
52
172
397
761
822
914
1066
1257
1303
1239
1340
1400
1378
1263
1205
1188
1022
920
815
809
665
495
391
152
251
145
100
-195
-432
-377
-486
-405
-579
-754
-893
-938
-765
-820
-925
-1028
-1045
-954
-903
-808
-845
-858
-849
-789
-623
-529
-534
-563
-521
-401
-297
-332
-346
-359
-300
-260
-126
-180
-351
-420
-347
-119
-244
-395
-644
-741
-596
-724
-754
-1016
-1130
-1204
-1556
-1486
-1459
-543
-122
-803
-1835
-2038
-341
329
398
201
-123
-591
-983
749
1870
1637
807
677
1068
844
1549
2418
2460
1344
672
1015
1438
1649
1678
1303
406
-148
23
608
667
172
-493
-991
-993
-656
-226
-343
-838
-1095
-911
-496
-397
-377
-330
-70
1
1
208
473
765
762
779
905
1202
1327
1245
1256
1279
1369
1281
1259
1212
1105
967
798
1155
947
739
231
309
538
319
541
-130
-287
-557
-309
-26
-425
-498
-839
-696
-762
-597
-427
-680
-849
-1049
-816
-686
-545
-497
-613
-676
-683
-469
-274
-182
-224
-273
-449
-370
-152
-9
-6
-182
-176
-244
-114
-89
-40
-209
-504
-473
-500
-275
-571
-782
-932
-1144
-1001
-1257
-1281
-1570
-1639
-1214
-401
-418
-1455
-2147
-1135
76
14
40
-55
-149
-1021
-270
1290
1577
1133
660
952
669
959
1996
2325
1746
822
782
1069
1458
1746
1420
688
-32
-35
331
687
416
-104
-682
-817
-494
-153
-20
-535
-903
-807
-306
-102
-316
-374
-123
118
101
91
349
681
748
677
724
971
1159
1081
1011
1031
1107
1107
1020
965
838
726
640
602
679
738
678
184
-69
153
312
233
-109
-120
-306
-474
-425
-340
-245
-605
-676
-730
-695
-672
-729
-623
-739
-731
-789
-631
-480
-489
-624
-712
-596
-455
-297
-342
-411
-498
-430
-314
-172
-72
-160
-270
-389
-231
-85
-83
-324
-507
-455
-453
-506
-675
-706
-801
-998
-1098
-1252
-1369
-1436
-1359
-505
-350
-919
-1962
-1694
-63
256
340
-4
-31
-567
-639
1025
1650
1493
767
885
1041
878
1734
2348
2229
1135
671
945
1467
1758
1543
925
154
-102
71
560
524
91
-553
-894
-716
-387
-92
-411
-864
-956
-603
-228
-274
-424
-370
-97
34
137
203
354
472
464
556
623
935
895
795
713
806
980
789
749
648
639
406
337
378
506
667
209
-90
-377
218
379
116
69
-325
-255
-564
-135
9
-222
-466
-751
-494
-636
-457
-457
-518
-693
-841
-589
-460
-390
-573
-655
-610
-487
-319
-244
-319
-380
-355
-339
-134
23
112
-151
-380
-307
-43
268
86
-160
-466
-440
-247
-97
-108
-502
-776
-952
-942
-893
-1017
-1137
-1352
-946
-356
-565
-1366
-1683
-381
183
-34
-14
37
-164
-852
406
1511
1487
840
719
1115
831
1431
2205
2268
1212
661
991
1444
1613
1461
1084
400
35
96
517
560
177
-421
-893
-834
-554
-193
-382
-867
-1095
-803
-310
-332
-451
-506
-181
-73
-57
-21
148
482
502
471
471
801
868
733
660
809
938
737
564
573
562
360
189
347
356
311
172
5
49
-143
172
5
28
32
-238
-233
-559
-102
-71
-133
-350
-582
-403
-508
-227
-237
-314
-555
-693
-501
-428
-302
-379
-494
-581
-557
-409
-276
-280
-311
-376
-437
-326
-120
65
-37
-189
-212
-48
129
95
-12
-208
-239
-209
-159
-284
-442
-576
-691
-809
-961
-1021
-1092
-1096
-838
-213
-427
-1302
-1890
-715
321
65
-83
-303
-350
-979
30
1413
1458
777
292
747
802
1335
2063
2009
1205
617
921
1348
1576
1580
1084
387
38
154
449
479
214
-339
-955
-1001
-533
-81
-295
-915
-1145
-780
-305
-395
-619
-669
-390
-267
-204
-62
136
372
328
349
392
676
933
938
810
656
754
802
850
800
685
534
372
513
457
597
391
143
86
76
423
173
314
160
-77
-59
-133
259
96
16
-149
-348
-257
-230
-9
-198
-394
-469
-446
-331
-298
-219
-318
-470
-541
-438
-276
-172
-282
-351
-424
-364
-197
0
88
-127
-317
-228
164
240
31
-254
-238
-111
-88
-37
-187
-327
-529
-666
-641
-747
-792
-1074
-1216
-1285
-1037
-289
-504
-1191
-2018
-1116
60
-5
-73
-398
-314
-986
-339
976
1217
726
205
672
651
863
1529
1916
1334
556
663
1053
1293
1287
1126
476
-49
-26
342
561
248
-190
-787
-811
-504
-162
-261
-723
-850
-815
-482
-394
-306
-366
-255
-148
-206
-71
190
544
451
253
275
686
1017
878
680
602
796
851
809
783
709
618
366
346
441
497
413
159
57
40
164
259
219
61
-156
-224
-210
-99
-72
-159
-312
-414
-360
-334
-308
-387
-438
-503
-560
-508
-388
-275
-442
-566
-521
-315
-211
-249
-310
-380
-384
-303
-98
-26
-62
-149
-159
-58
31
141
72
-6
-58
-51
-48
-34
-36
-219
-434
-548
-476
-487
-786
-940
-1127
-1189
-1229
-1112
-324
-453
-1054
-1998
-1328
-25
27
64
-368
-366
-992
-472
981
1266
823
226
580
646
842
1586
1884
1343
536
622
1018
1358
1395
1141
473
37
100
371
608
293
-97
-656
-733
-473
-98
-113
-614
-1009
-978
-416
-153
-153
-490
-525
-387
-206
119
325
483
246
107
301
720
987
764
610
550
702
790
855
936
725
513
356
506
628
576
447
228
155
130
280
308
199
-19
-220
-206
-171
-7
-129
-285
-435
-516
-371
-386
-288
-402
-484
-573
-584
-437
-370
-295
-397
-395
-441
-393
-262
-109
-97
-273
-263
-124
23
47
64
39
9
27
95
225
195
122
-31
-35
31
33
3
-185
-247
-366
-346
-414
-523
-707
-937
-1069
-1211
-1085
-1044
-568
-682
-1147
-1833
-1420
-194
-98
-188
-605
-559
-910
-562
742
1113
684
78
468
795
888
1411
1696
1374
667
742
1180
1456
1404
1171
745
362
432
641
818
464
77
-343
-423
-243
-32
-20
-519
-905
-852
-281
-46
-305
-657
-655
-302
-14
179
171
151
199
235
411
609
888
809
619
515
657
863
823
752
601
474
291
422
572
560
282
135
132
118
207
242
211
-140
-247
-242
-157
-181
-299
-246
-506
-592
-534
-358
-342
-570
-572
-552
-456
-467
-424
-382
-430
-467
-428
-271
-208
-160
-204
-190
-137
-43
22
63
148
153
102
76
216
311
289
121
50
42
58
110
44
-85
-404
-437
-363
-386
-592
-888
-924
-1061
-1219
-1283
-1240
-880
-742
-992
-1575
-1740
-803
-269
-257
-506
-601
-663
-811
134
875
873
346
340
739
777
1136
1543
1642
1042
750
998
1343
1477
1362
1032
544
432
538
679
505
232
-132
-460
-439
-249
-107
-369
-758
-866
-616
-285
-269
-439
-573
-409
-192
11
130
212
299
266
390
559
845
886
748
632
637
788
843
849
682
492
314
337
504
486
325
-7
-106
-107
41
175
-17
-214
-495
-384
-280
-126
-154
-415
-502
-607
-347
-245
-148
-261
-432
-416
-390
-127
-49
-46
-199
-262
-149
-25
84
80
78
-66
-91
50
304
343
196
83
51
196
324
437
288
102
31
68
152
129
87
-180
-373
-422
-309
-342
-561
-748
-933
-977
-1057
-1040
-1198
-1324
-1456
-1207
-794
-874
-1325
-1620
-833
-335
-351
-356
-285
-283
-679
70
886
993
609
445
825
828
1223
1625
1656
1127
778
984
1241
1376
1238
865
386
286
336
426
355
146
-251
-661
-595
-282
-140
-421
-770
-803
-549
-260
-197
-288
-405
-267
-28
179
269
280
356
349
480
599
799
805
707
641
629
699
661
609
467
345
198
213
236
138
-42
-103
-157
-252
-236
-126
-207
-407
-355
-270
-239
-359
-304
-233
-290
-289
-226
-86
-155
-202
-198
-151
-36
22
62
-24
-84
-75
29
156
171
120
56
73
103
165
182
194
230
213
186
146
208
289
249
68
-36
51
140
87
-99
-296
-386
-323
-273
-422
-626
-749
-865
-939
-1028
-993
-1146
-1382
-1365
-1276
-831
-746
-854
-1311
-1393
-621
-231
-27
-228
-260
-461
-456
388
897
876
419
401
603
760
1224
1452
1235
656
580
837
1077
1118
870
463
122
165
274
355
195
-68
-405
-517
-323
-121
-106
-383
-545
-512
-218
-26
-21
-113
-108
33
110
276
417
510
480
380
421
544
719
690
536
409
362
383
351
330
238
81
-42
-68
-47
0
-69
-204
-300
-219
-16
-66
-124
-111
-102
-69
-47
132
144
46
16
31
172
147
168
161
135
185
140
162
146
193
168
87
94
123
153
91
77
66
48
29
38
105
104
37
-5
23
45
38
12
-2
9
-52
-130
-197
-219
-217
-276
-362
-482
-523
-647
-742
-798
-790
-856
-1031
-1091
-1185
-1105
-1138
-881
-694
-815
-1118
-1239
-593
-277
-222
-257
-283
-288
-527
102
573
605
289
258
563
506
735
920
1010
685
557
610
786
850
798
618
345
318
252
377
376
327
82
-163
-103
17
146
9
-111
-107
-25
96
37
93
95
149
112
162
275
318
363
270
319
309
419
404
364
275
216
256
224
232
129
80
2
14
54
58
19
-40
-5
-2
98
166
139
81
-9
179
259
259
208
147
196
118
217
259
245
129
26
77
104
157
91
-17
-126
-146
-35
10
-61
-159
-206
-152
-111
-87
-34
-28
-58
-110
-84
-13
13
46
3
-58
-101
-59
-1
-54
-176
-281
-232
-212
-287
-447
-560
-565
-619
-627
-708
-806
-948
-1031
-1035
-1033
-960
-998
-851
-839
-837
-937
-911
-497
-459
-390
-383
-290
-313
-420
70
300
344
208
271
454
434
722
887
942
738
672
769
880
993
959
809
626
607
610
641
546
423
256
125
139
162
199
100
-36
-121
-100
-24
-16
-56
-168
-183
-152
-68
-57
-74
-42
-86
-55
-28
124
138
70
83
138
241
211
248
252
199
182
247
397
366
248
190
239
342
402
418
321
189
193
305
391
332
196
127
57
76
137
168
74
-125
-141
-101
-79
-141
-203
-213
-301
-336
-291
-230
-249
-304
-287
-250
-202
-181
-194
-197
-192
-153
-140
-128
-70
-59
-62
-76
-74
-41
-47
-40
-77
-165
-218
-227
-198
-272
-390
-486
-540
-595
-671
-707
-745
-789
-916
-1005
-1039
-967
-970
-916
-773
-771
-882
-1058
-691
-425
-374
-338
-348
-269
-423
-38
362
494
440
400
586
634
908
1180
1213
1059
945
1017
1116
1198
1222
1028
802
749
755
773
713
604
422
183
157
174
193
61
-146
-225
-205
-104
-142
-207
-306
-289
-216
-122
-71
-145
-143
-88
20
90
155
214
195
229
260
321
339
361
367
293
296
319
384
362
323
275
233
292
325
318
226
158
120
117
151
105
37
-30
-20
-47
-82
-71
-111
-200
-298
-253
-204
-233
-330
-394
-367
-326
-261
-265
-285
-285
-253
-231
-185
-127
-130
-141
-139
-70
-53
-40
-40
-54
-59
-51
21
22
-30
-109
-138
-123
-157
-236
-356
-371
-374
-431
-524
-605
-663
-738
-769
-766
-771
-831
-895
-924
-932
-949
-891
-814
-766
-714
-665
-618
-582
-351
-170
-142
-59
70
186
204
401
644
707
715
806
965
980
996
1103
1150
1110
1031
1000
967
966
958
858
718
587
517
469
437
342
185
48
19
13
-38
-119
-176
-198
-199
-186
-196
-201
-189
-161
-151
-117
-64
-35
-14
22
73
107
142
173
197
231
250
237
228
285
324
291
238
250
242
162
182
261
214
65
28
95
61
7
-2
-59
-168
-227
-151
-132
-219
-331
-348
-312
-342
-344
-369
-415
-433
-416
-371
-346
-338
-346
-332
-285
-226
-158
-138
-141
-147
-107
-63
-4
41
29
24
2
43
71
84
50
-14
-66
-92
-74
-81
-145
-275
-347
-371
-359
-376
-439
-516
-582
-603
-587
-561
-603
-676
-718
-697
-650
-623
-600
-553
-506
-496
-426
-288
-228
-210
-98
90
175
218
312
396
407
480
664
789
790
790
856
910
941
1017
1032
978
937
929
922
883
869
774
635
502
427
382
306
204
88
-17
-86
-132
-173
-231
-313
-359
-355
-314
-296
-317
-333
-327
-308
-243
-144
-83
-80
-56
8
72
151
197
195
217
245
296
316
330
367
301
244
206
299
317
260
219
146
116
48
126
145
78
-50
-134
-70
-73
-114
-190
-256
-297
-331
-313
-285
-318
-377
-423
-397
-351
-306
-291
-327
-349
-328
-264
-220
-212
-206
-202
-191
-146
-75
9
14
-7
-7
33
102
130
115
69
59
84
96
55
-1
-48
-96
-128
-146
-166
-250
-320
-353
-365
-362
-422
-443
-462
-457
-503
-534
-484
-448
-454
-497
-428
-338
-265
-233
-169
-129
-83
54
185
287
321
373
366
421
587
708
734
682
708
758
785
825
845
780
675
631
642
630
560
467
340
267
233
192
121
26
-33
-90
-138
-194
-243
-304
-342
-357
-350
-358
-371
-356
-345
-313
-305
-248
-164
-107
-107
-83
-14
31
58
75
87
103
128
179
189
189
200
207
231
135
154
171
223
195
139
156
76
98
77
96
28
-55
-70
-101
-127
-154
-148
-155
-241
-270
-222
-188
-178
-253
-261
-265
-252
-245
-249
-217
-191
-165
-160
-131
-88
-49
-45
-25
22
79
110
125
123
127
128
132
153
168
140
99
80
71
64
38
3
-40
-66
-80
-115
-161
-211
-268
-290
-297
-296
-307
-335
-344
-339
-319
-339
-326
-316
-285
-254
-231
-174
-124
-74
-82
-48
38
140
184
213
261
279
281
318
430
478
466
443
468
485
480
497
492
445
385
348
333
308
280
253
184
107
29
-29
-55
-69
-114
-222
-307
-338
-335
-337
-362
-362
-375
-369
-332
-293
-249
-234
-211
-173
-120
-40
13
36
62
95
175
229
250
241
238
253
247
315
338
290
201
145
208
169
145
178
129
32
-63
30
59
10
-44
-75
-95
-156
-132
-83
-120
-219
-246
-207
-161
-149
-117
-150
-170
-178
-153
-108
-98
-86
-108
-98
-74
-9
21
18
2
11
55
101
131
103
83
114
148
172
179
150
120
90
78
78
61
15
-24
-38
-51
-67
-76
-108
-125
-139
-154
-170
-210
-218
-228
-224
-237
-269
-252
-255
-254
-240
-219
-170
-121
-69
-65
-52
5
75
150
200
249
244
217
267
366
418
402
361
331
320
333
356
318
260
178
129
123
102
83
9
-77
-154
-190
-199
-227
-264
-314
-365
-397
-372
-336
-327
-361
-378
-350
-300
-225
-172
-158
-171
-131
-58
21
75
82
74
67
105
171
204
197
156
136
175
242
279
240
167
115
119
163
194
164
64
1
-7
41
62
29
-22
-63
-61
-50
3
10
-31
-88
-113
-87
-67
-69
-108
-159
-175
-156
-120
-96
-107
-114
-97
-50
1
39
52
53
77
139
208
248
245
235
247
252
269
281
275
242
209
177
186
199
162
100
42
6
-14
-14
-30
-82
-151
-178
-185
-191
-217
-254
-276
-277
-248
-233
-224
-231
-238
-225
-183
-144
-119
-121
-118
-94
-50
-2
8
10
9
46
94
137
146
140
114
114
162
224
250
207
171
142
157
158
147
137
82
30
6
28
31
8
-41
-67
-64
-67
-67
-87
-100
-132
-157
-156
-141
-127
-163
-193
-184
-152
-110
-74
-56
-66
-74
-35
42
95
102
91
83
95
138
183
183
151
134
140
156
138
128
116
90
58
37
33
4
-32
-72
-81
-101
-140
-165
-173
-189
-217
-227
-242
-248
-254
-257
-264
-263
-254
-242
-231
-216
-196
-160
-114
-82
-84
-84
-49
13
63
80
92
110
134
176
214
233
216
183
178
205
236
221
197
150
131
140
129
118
68
26
-20
-33
-51
-82
-113
-147
-149
-148
-140
-138
-117
-102
-93
-87
-72
-56
-27
0
6
15
34
59
78
99
117
138
167
184
204
228
242
263
292
311
296
286
304
323
327
308
292
274
247
226
208
187
127
82
58
49
12
-39
-69
-92
-105
-136
-139
-143
-165
-195
-196
-192
-195
-188
-187
-174
-167
-148
-128
-95
-87
-97
-98
-85
-69
-68
-83
-100
-94
-94
-93
-96
-95
-98
-117
-138
-134
-131
-163
-194
-211
-210
-213
-221
-228
-236
-238
-234
-239
-240
-243
-245
-249
-242
-217
-213
-207
-189
-148
-135
-129
-103
-63
-33
-46
-27
8
42
27
8
33
60
86
76
88
97
120
129
142
157
149
136
130
157
164
166
144
132
132
117
111
99
93
67
37
39
52
62
53
41
28
43
86
125
146
155
154
171
198
225
251
250
242
239
258
270
287
299
291
291
294
294
289
275
268
268
254
236
215
198
184
175
174
165
138
96
79
65
50
27
-8
-36
-48
-57
-76
-94
-119
-150
-177
-197
-201
-210
-245
-260
-263
-267
-272
-256
-254
-260
-265
-252
-214
-195
-191
-200
-178
-146
-134
-115
-112
-111
-108
-102
-83
-58
-43
-64
-74
-66
-47
-40
-53
-72
-82
-100
-112
-110
-104
-110
-136
-140
-155
-152
-164
-175
-167
-184
-189
-193
-167
-143
-143
-149
-151
-118
-107
-93
-67
-38
-20
-12
19
46
69
67
81
116
135
156
164
187
179
177
185
193
192
166
159
150
149
136
116
87
65
51
39
35
16
1
-12
-18
-19
-16
-6
-13
1
26
58
77
92
107
121
146
173
213
240
258
263
265
289
322
333
334
330
334
324
314
303
290
243
174
144
123
107
70
22
-38
-93
-128
-155
-175
-210
-258
-291
-307
-306
-303
-316
-334
-343
-338
-331
-318
-309
-293
-280
-271
-254
-245
-228
-201
-160
-130
-103
-87
-65
-27
2
24
50
67
67
72
81
92
98
88
81
89
101
93
82
75
76
80
64
44
31
34
31
41
36
17
-1
-11
-3
-9
-19
-28
-33
-31
-14
2
3
10
3
10
27
51
78
87
82
81
94
105
112
116
117
107
115
119
118
118
116
122
115
107
96
80
45
18
8
-1
-12
-26
-51
-84
-94
-86
-81
-89
-102
-88
-69
-61
-48
-43
-41
-23
-3
27
61
81
82
92
107
133
146
136
125
118
107
107
121
117
88
45
30
20
12
-31
-68
-99
-124
-139
-164
-175
-201
-231
-248
-252
-248
-251
-258
-261
-253
-249
-249
-248
-247
-245
-244
-226
-211
-207
-216
-215
-183
-150
-136
-131
-132
-118
-92
-59
-20
1
4
4
22
58
90
108
110
104
118
140
166
180
184
184
196
214
222
225
227
241
251
232
225
219
212
205
193
189
174
148
134
140
148
139
122
112
94
79
66
60
54
47
32
17
8
2
6
19
29
29
19
13
28
42
52
37
20
5
2
5
10
16
-5
-22
-37
-49
-53
-64
-71
-79
-85
-90
-92
-102
-106
-93
-78
-69
-60
-55
-52
-39
-26
-24
-27
-23
-12
5
25
29
22
10
15
23
20
-2
-32
-43
-57
-69
-76
-91
-102
-122
-127
-131
-149
-172
-192
-197
-199
-215
-237
-253
-258
-254
-251
-249
-248
-254
-248
-246
-246
-244
-235
-211
-197
-184
-186
-181
-176
-163
-139
-115
-80
-64
-48
-27
-2
24
49
70
98
117
138
168
182
201
215
233
246
252
266
280
290
295
308
313
313
317
320
322
301
284
273
266
257
239
222
213
202
176
157
147
137
116
93
85
73
56
32
25
22
13
-7
-23
-23
-27
-31
-32
-33
-32
-32
-31
-29
-35
-43
-46
-43
-37
-36
-51
-58
-61
-53
-52
-66
-59
-56
-49
-51
-55
-43
-44
-62
-63
-46
-30
-36
-41
-29
-21
-12
-9
3
17
17
9
5
8
12
5
4
6
-1
-1
-1
7
-3
-17
-31
-34
-36
-50
-67
-80
-89
-95
-101
-113
-133
-157
-167
-172
-173
-183
-206
-219
-231
-235
-232
-233
-241
-249
-243
-231
-227
-228
-224
-214
-195
-173
-148
-122
-105
-80
-50
-10
23
48
83
108
136
155
167
184
198
214
230
249
262
266
274
291
296
289
283
291
296
284
264
249
231
211
189
184
164
123
94
83
83
67
42
28
27
22
11
-5
-19
-27
-39
-41
-40
-51
-70
-80
-80
-72
-73
-81
-83
-72
-57
-55
-53
-40
-29
-34
-44
-41
-33
-35
-42
-48
-42
-36
-41
-40
-30
-24
-30
-43
-42
-29
-24
-20
-19
-12
-11
-25
-20
-2
12
12
9
13
26
21
24
35
42
42
31
31
30
20
13
13
20
22
4
-17
-24
-23
-24
-32
-50
-52
-53
-57
-61
-70
-81
-97
-109
-114
-116
-118
-126
-132
-129
-129
-136
-140
-134
-125
-122
-120
-110
-105
-99
-92
-66
-40
-34
-27
-28
-11
17
40
58
65
75
95
115
135
157
164
170
180
196
210
207
204
215
223
218
207
186
174
164
155
149
134
112
88
69
53
37
14
-16
-37
-45
-65
-82
-97
-113
-127
-149
-172
-177
-177
-181
-186
-195
-195
-197
-192
-167
-153
-153
-151
-142
-122
-102
-92
-82
-69
-52
-36
-25
-16
-15
-19
-25
-27
-7
5
12
12
15
30
39
52
48
40
39
43
45
39
30
29
36
45
54
55
48
50
58
70
74
66
56
61
66
67
64
57
54
52
55
65
72
56
47
46
54
55
47
43
41
33
29
26
37
48
45
35
28
27
20
12
10
5
5
-3
-16
-16
-17
-20
-18
-15
-19
-21
-18
-17
-3
6
4
12
30
51
56
56
63
82
100
107
107
101
108
113
123
130
123
116
111
113
111
90
69
53
46
31
5
-17
-34
-48
-71
-95
-115
-126
-134
-143
-157
-165
-177
-188
-196
-205
-196
-196
-205
-208
-198
-192
-194
-181
-165
-158
-149
-150
-137
-118
-108
-96
-89
-72
-65
-61
-53
-45
-32
-23
-14
-5
5
14
23
37
45
43
42
46
54
57
53
49
60
74
76
77
67
66
69
65
63
59
49
46
51
54
59
49
43
37
37
37
35
38
43
39
29
29
31
38
42
37
30
27
34
42
47
47
44
42
43
45
40
39
44
39
39
43
40
40
41
44
41
35
33
36
47
45
41
48
51
54
62
68
63
49
56
65
66
56
59
70
68
70
68
64
59
50
44
42
34
24
16
7
-6
-26
-33
-34
-39
-46
-66
-76
-77
-81
-91
-98
-101
-103
-118
-123
-116
-110
-105
-107
-106
-106
-108
-104
-101
-89
-81
-81
-80
-78
-69
-64
-69
-61
-47
-38
-44
-46
-33
-18
-7
0
7
10
11
18
32
38
32
29
41
47
45
37
32
38
43
45
40
38
36
41
46
44
41
37
35
37
36
24
20
12
8
13
15
9
11
16
15
13
4
5
10
13
11
2
-1
-4
-6
2
10
12
8
4
5
6
16
18
19
23
18
14
12
13
17
18
24
38
47
52
51
44
49
58
63
64
62
58
60
68
73
67
58
57
53
47
35
24
19
16
12
8
3
0
-1
-5
-3
-8
-19
-29
-28
-34
-44
-62
-70
-72
-77
-86
-88
-79
-77
-85
-94
-96
-99
-102
-108
-112
-113
-124
-126
-123
-117
-112
-112
-106
-96
-92
-91
-89
-81
-58
-42
-38
-38
-30
-16
-9
-2
-1
5
16
32
40
36
36
42
51
59
69
73
67
67
84
95
85
73
75
81
78
63
52
48
49
44
42
47
47
49
48
43
39
34
23
19
15
11
-2
-14
-10
-6
-9
-22
-23
-20
-25
-31
-33
-27
-25
-32
-30
-23
-21
-19
-10
-1
1
3
9
19
26
27
23
23
26
31
32
33
34
32
32
32
32
31
24
24
20
5
-2
-1
0
-1
-7
-9
-13
-20
-27
-31
-31
-36
-36
-36
-41
-44
-44
-41
-37
-44
-47
-42
-43
-42
-45
-47
-53
-54
-50
-49
-53
-61
-59
-54
-55
-57
-54
-51
-47
-47
-49
-50
-50
-41
-36
-32
-25
-13
-7
0
9
15
14
14
29
38
38
34
40
57
65
65
62
65
65
61
65
71
73
72
68
68
65
63
64
67
74
77
74
70
71
75
67
58
59
63
59
48
44
45
40
35
32
31
21
8
3
-1
-4
-11
-16
-20
-22
-25
-30
-32
-33
-33
-37
-42
-39
-31
-27
-28
-29
-24
-19
-15
-13
-11
-10
-13
-9
-3
-1
1
1
2
-5
-8
-9
-8
-4
-1
1
-6
-14
-13
-12
-17
-23
-22
-21
-21
-21
-21
-25
-27
-25
-21
-22
-23
-29
-33
-34
-39
-43
-45
-45
-44
-45
-49
-53
-55
-53
-51
-51
-52
-54
-56
-49
-41
-41
-40
-35
-25
-19
-19
-14
-4
4
5
9
21
24
22
26
34
40
42
50
56
55
50
45
46
51
55
52
49
49
50
47
44
49
53
50
45
43
44
44
39
34
36
38
38
39
42
37
31
26
31
33
29
27
24
21
20
14
9
8
7
8
7
0
-6
-5
-6
-9
-13
-14
-13
-12
-14
-21
-23
-19
-16
-15
-15
-19
-25
-24
-19
-13
-17
-23
-24
-20
-20
-22
