-94
-82
-104
-93
-114
-124
-118
-146
-144
-154
-170
-171
-192
-208
-206
-231
-240
-243
-259
-260
-264
-267
-246
-243
-231
-195
-204
-176
-163
-155
-123
-94
-78
-44
-4
18
46
80
113
137
154
188
208
208
226
235
237
235
235
232
216
191
183
154
128
110
82
59
35
12
-1
-19
-26
-36
-33
-28
-29
-27
-5
4
-6
35
48
48
83
95
114
122
127
146
140
146
160
152
158
150
147
147
145
148
135
133
116
93
85
76
74
78
79
77
69
70
47
49
48
38
40
22
33
18
-23
39
-2
-46
34
-30
-65
-9
-76
-53
-72
-99
-23
-133
-85
-59
-140
-77
-106
-110
-68
-113
-74
-82
-111
-47
-122
-106
-50
-141
-110
-94
-135
-114
-130
-138
-120
-176
-177
-178
-220
-231
-245
-246
-272
-261
-277
-257
-224
-251
-224
-211
-214
-207
-181
-137
-126
-110
-52
-16
-4
30
87
101
136
173
227
253
263
323
309
308
295
295
295
247
226
235
198
155
135
124
92
46
49
41
14
-10
15
14
6
13
32
37
1
32
72
61
91
125
143
146
120
136
141
130
125
129
118
97
95
71
76
73
67
74
62
46
36
48
38
37
44
40
37
15
15
17
6
15
24
34
29
38
49
8
37
-16
-20
-7
-114
-3
-122
-88
-66
-147
-19
-166
-107
-97
-179
-144
-171
-119
-121
-156
-98
-98
-126
-132
-39
-104
-105
-58
-133
-107
-116
-121
-111
-145
-153
-129
-163
-179
-170
-213
-235
-223
-265
-256
-233
-301
-284
-306
-285
-235
-234
-174
-183
-158
-145
-143
-114
-88
-60
-44
-1
49
63
108
170
187
222
269
308
293
296
336
326
334
348
367
362
329
312
294
255
203
191
162
118
86
67
42
24
25
35
56
38
34
47
49
28
61
87
58
109
126
121
124
124
134
112
113
114
112
110
91
85
58
36
30
11
16
9
-1
-16
-39
-40
-48
-29
-38
-16
-12
-8
9
-8
3
19
2
32
20
20
8
22
-21
-44
34
-139
-32
2
-202
-58
13
-196
-140
-97
-155
-203
-177
-116
-155
-158
-140
-113
-114
-104
-114
-51
-59
-108
-70
-55
-43
-132
-38
-25
-174
-98
-100
-151
-175
-159
-98
-224
-189
-161
-252
-244
-269
-251
-305
-366
-306
-301
-341
-284
-236
-248
-257
-225
-215
-205
-171
-132
-102
-56
-21
23
73
91
134
182
206
266
296
331
349
359
413
393
401
385
365
342
303
280
238
214
196
168
165
167
137
127
126
122
118
115
118
127
125
135
146
148
138
130
168
152
133
154
140
120
112
103
88
72
35
45
51
24
20
-8
-38
-55
-68
-60
-56
-42
-54
-48
-25
-16
-29
-21
-9
-13
-12
-13
-5
-17
-22
-17
-3
-22
-11
4
-45
-58
-43
-33
-155
-30
3
-222
-51
-21
-110
-171
-34
-49
-214
-22
-114
-77
-32
-96
16
-108
-15
-110
-70
-18
-89
36
-162
-4
-62
-202
68
-196
-116
-64
-275
-82
-228
-257
-164
-277
-337
-247
-303
-388
-328
-381
-345
-393
-394
-271
-379
-307
-237
-261
-178
-210
-129
-108
-106
-32
-9
45
51
143
167
200
303
280
342
386
386
444
419
441
435
377
398
398
339
333
320
258
241
204
188
189
150
139
115
104
90
82
99
50
92
72
63
63
25
116
54
82
111
65
120
64
100
96
65
76
17
41
30
15
10
-5
2
-25
-5
16
25
4
13
6
-14
39
-3
6
35
53
48
44
73
79
45
85
108
74
75
46
105
11
73
97
-85
140
12
-79
47
45
-47
-180
166
-84
-105
82
-106
48
-115
-24
93
-185
-35
20
-122
-155
-14
-78
-138
-31
-184
31
-155
-260
21
-223
-161
-206
-211
-111
-371
-195
-176
-323
-283
-295
-260
-378
-341
-325
-398
-409
-412
-360
-421
-347
-278
-354
-263
-262
-269
-203
-189
-134
-105
-42
-28
31
89
136
225
201
308
321
301
394
368
398
382
370
380
329
329
281
270
249
201
175
129
121
90
69
44
1
29
-3
-16
11
20
-11
-49
28
-4
-15
94
35
66
50
72
119
47
126
130
54
93
83
32
47
39
34
35
32
46
20
35
73
36
50
58
46
58
77
64
69
82
53
82
85
94
83
70
30
55
52
2
-17
80
-3
-135
55
25
-217
-82
13
-223
-74
-139
-80
-12
-266
-19
101
-249
-68
169
-156
-61
76
-24
64
-90
138
115
-47
29
103
-2
-34
119
-99
16
-30
-233
11
-162
-221
-16
-214
-150
-117
-289
-97
-254
-338
-122
-333
-340
-210
-370
-288
-278
-335
-185
-278
-260
-133
-207
-153
-90
-109
-52
-47
10
44
99
103
147
192
127
226
200
234
259
219
272
272
233
263
260
214
222
154
159
149
118
120
95
70
53
-3
6
28
13
-4
13
58
-28
-11
112
22
-3
96
40
78
82
72
159
50
67
116
40
100
108
50
83
66
52
55
92
77
77
69
33
93
30
31
114
70
71
46
90
64
41
107
33
74
91
15
25
120
-25
7
140
-95
21
48
-35
-44
-30
-22
-176
110
-162
-33
28
-213
212
-266
-68
269
-270
-116
267
-256
0
39
-160
228
-318
-2
180
-423
51
7
-272
-52
-192
-34
-264
-174
-23
-305
-58
-270
-114
-138
-273
-7
-282
-133
-176
-314
-105
-294
-211
-221
-283
-174
-320
-210
-194
-223
-193
-118
-176
-132
-74
-156
15
-86
-6
58
-24
107
80
104
134
96
178
152
199
220
186
280
158
225
226
143
198
151
163
101
130
106
11
63
101
35
-34
97
83
-81
94
90
62
34
60
181
-46
65
187
38
102
141
130
139
135
122
140
123
105
78
82
129
84
3
120
101
-2
94
65
47
50
19
104
-3
15
106
-2
8
-15
26
-8
-37
5
39
-33
-49
56
-55
-38
82
-140
17
-9
-159
73
-111
-14
-63
-115
-85
-67
-91
-101
20
-234
-1
-214
-77
-93
-153
41
-245
41
-139
-169
-60
-110
-20
-267
-8
-71
-285
78
-125
-190
121
-294
35
-85
-207
238
-428
85
96
-482
109
-57
-224
-105
-49
-22
-199
-188
60
-188
-265
-18
-47
-165
-155
23
0
-185
5
13
-70
-23
-44
82
-11
28
82
56
120
129
112
216
135
152
198
151
275
105
241
252
81
215
174
144
112
189
131
51
159
113
54
182
105
14
213
44
38
181
52
65
87
74
56
49
134
103
51
151
85
-7
71
93
31
-45
106
23
-56
37
-13
6
-35
-30
-18
-32
-37
-142
9
-67
-106
-42
-193
66
-162
-168
127
-146
-142
24
-128
-100
-96
-75
-35
-45
-45
-16
96
-215
77
1
-157
199
-206
85
115
-212
203
-144
115
44
-217
341
-94
-109
315
-169
-27
293
-313
170
132
-283
341
-187
73
86
-282
201
-122
-75
-2
-6
57
-119
-22
92
-150
-13
-33
-96
54
-194
-78
2
-268
-55
-173
-232
-69
-323
-87
-183
-248
-98
-236
-129
-198
-148
22
-251
-40
-25
-132
42
-85
32
2
-32
60
33
116
111
115
152
138
100
152
168
121
133
123
124
116
27
180
97
-69
234
84
-5
149
140
57
40
87
153
137
-61
177
252
-62
128
195
102
96
11
154
158
-26
29
231
73
-98
189
73
-2
93
-5
196
-113
-65
158
-111
-20
78
-76
-73
16
-98
-86
28
-46
-77
-66
4
-86
-167
30
-23
-78
24
-45
-30
3
-190
51
82
-189
35
36
-46
2
-61
-13
96
-213
81
64
-145
210
-148
-7
46
-65
-172
120
-5
-211
234
-211
3
18
-173
191
-230
54
57
-110
42
-153
105
-180
-80
61
-288
87
-136
-149
-121
-233
7
-287
-240
8
-321
-217
-145
-177
-217
-323
-50
-192
-236
-121
-128
-192
-106
-49
-107
-4
-136
2
-3
-20
95
-12
145
55
91
147
83
234
145
177
280
127
230
170
198
230
81
160
215
183
-19
266
169
30
263
86
245
90
145
236
100
140
159
145
-4
182
156
89
68
113
48
21
159
76
67
80
39
51
17
73
104
8
88
-10
-59
22
45
3
-64
172
28
-198
233
32
-170
137
100
66
-60
128
224
-219
-22
277
-278
46
94
-169
184
-89
-179
52
-114
-145
152
-407
325
-31
-470
237
-242
92
-279
-142
429
-396
-157
132
-63
-193
-203
91
24
-76
-338
310
-59
-530
303
-226
-8
-53
-338
159
-217
-307
-18
-49
-185
-328
-93
-224
-241
-194
-401
-42
-371
-448
-176
-207
-308
-432
-104
-265
-305
-272
-115
-3
-316
-120
4
-150
-133
-25
138
-2
105
121
31
281
91
198
382
229
268
218
339
290
176
220
265
263
-20
260
348
-47
83
190
63
27
83
154
73
185
-93
128
138
-211
276
-7
73
180
-22
74
-5
89
52
-4
145
116
-52
64
98
9
56
-78
159
50
-148
235
13
11
74
-219
188
-23
-82
235
-20
123
-55
-61
113
46
-24
109
200
-13
-67
-11
161
-139
-199
339
1
-402
245
33
-429
215
-195
-48
60
-256
70
10
-160
-31
76
-289
103
47
-325
273
2
-255
93
-68
-15
-144
-162
208
-219
-272
157
-191
-321
-77
-219
-83
-334
-110
-191
-566
-105
-424
-462
-218
-485
-497
-453
-549
-518
-540
-408
-425
-330
-283
-400
-215
-373
-222
-9
-32
70
146
127
144
178
234
417
426
486
576
538
546
496
501
506
507
581
477
485
363
186
223
74
72
78
59
84
-67
-99
-134
-136
-102
-105
46
17
-98
-47
-42
-73
-58
76
144
146
110
182
188
56
161
190
210
231
237
250
121
120
107
105
172
282
330
227
177
133
153
127
238
340
189
249
165
122
138
55
180
197
184
159
111
81
-201
-91
8
-92
-20
-85
-94
-131
-383
-61
-333
-238
201
-495
165
-121
-240
22
-337
274
-65
-22
313
47
-46
-58
96
-108
72
-63
-62
191
-469
-92
-206
-424
-97
-477
-121
-501
-535
-490
-897
-530
-732
-780
-686
-960
-799
-942
-896
-497
-576
-505
-636
-473
-439
-281
-19
243
299
15
225
361
467
602
826
1028
880
959
889
879
925
809
1088
989
843
739
463
465
199
211
258
115
19
-218
-201
-305
-409
-290
-251
-269
-326
-310
-334
-360
-343
-208
15
-16
2
54
39
128
141
325
448
392
365
354
369
293
322
403
429
388
332
295
310
170
238
331
289
227
192
220
119
82
131
95
128
-35
5
-25
-170
-136
-210
-76
-157
-245
-174
-308
-283
-325
-275
-245
-295
-334
-403
-286
-337
-362
-249
-114
-259
-360
-160
-126
-306
42
198
-177
11
11
-153
-41
114
119
7
-56
-213
-334
-135
-142
-183
-195
-382
-579
-655
-387
-609
-698
-584
-673
-1052
-1111
-848
-1139
-1166
-874
-528
-470
-754
-848
-797
-562
-302
73
493
277
-138
-223
198
696
805
1084
1305
1056
706
766
1180
1194
1187
1329
1257
889
445
475
550
521
403
359
211
-270
-507
-406
-168
-174
-280
-266
-406
-647
-585
-252
-152
-231
-156
-114
-181
-207
-103
187
333
281
311
392
297
220
460
664
675
537
477
447
417
376
503
665
504
276
187
343
237
224
331
428
178
-27
49
142
112
25
154
160
-127
-242
-148
21
-60
-186
17
-191
-370
-392
-271
-106
-304
-247
-229
-330
-465
-408
-153
-150
-171
-182
-165
-208
-297
-91
61
19
-30
-73
-28
-120
-64
-11
-53
-20
-231
-226
-214
-312
-403
-411
-286
-492
-653
-709
-787
-938
-929
-921
-941
-1225
-1356
-1291
-1109
-662
-506
-620
-998
-1021
-537
-173
184
418
254
-221
-309
412
1023
1126
1105
1150
1065
805
1063
1583
1672
1428
1179
1175
906
666
843
952
754
292
67
-24
-235
-326
-142
-20
-300
-597
-652
-527
-392
-242
-89
-199
-434
-474
-228
82
168
201
229
194
170
295
573
651
649
616
639
588
474
594
721
743
562
453
467
347
332
428
527
426
168
154
87
163
207
156
230
-39
-226
-292
-97
-27
-189
-118
-312
-412
-443
-378
-204
-290
-362
-438
-481
-459
-484
-330
-300
-410
-446
-444
-351
-303
-228
-216
-227
-222
-260
-142
-70
-62
-74
-75
-90
-153
-127
-66
-58
-149
-190
-272
-408
-462
-440
-438
-572
-643
-792
-934
-1027
-1081
-1026
-1112
-1329
-1376
-1315
-1134
-641
-555
-804
-1209
-911
-248
77
362
480
139
-417
-95
1094
1594
1303
1013
1031
1005
970
1684
2205
1829
1145
926
1190
1155
1168
1284
1017
405
-146
-35
210
100
-145
-237
-375
-728
-799
-527
-298
-294
-452
-556
-661
-729
-425
-16
121
-89
-247
-188
20
295
500
608
410
196
267
573
692
733
647
541
461
429
548
597
743
531
465
310
290
422
409
512
442
259
54
53
224
236
60
4
-101
-149
-259
-113
-6
-182
-298
-366
-273
-371
-354
-259
-300
-447
-543
-444
-330
-341
-383
-301
-352
-442
-418
-278
-158
-189
-216
-183
-196
-219
-126
6
-80
-221
-217
-212
-251
-243
-255
-352
-500
-528
-511
-583
-710
-757
-872
-1062
-1180
-1243
-1219
-1395
-1352
-1053
-631
-751
-1253
-1229
-794
-148
66
218
288
-183
-425
246
1505
1763
1064
816
1094
1271
1488
2050
2419
1656
921
1091
1613
1752
1463
1368
875
243
-6
432
734
298
-300
-555
-572
-552
-467
-307
-328
-710
-836
-738
-484
-438
-376
-269
-320
-440
-376
-26
158
203
181
190
180
236
402
631
600
422
335
362
457
459
480
442
249
183
380
371
329
141
265
202
-12
236
174
97
-122
-135
76
-183
-122
-120
-143
-214
-445
-151
-193
-320
-321
-372
-226
-435
-327
-218
-381
-412
-448
-285
-293
-333
-282
-295
-256
-338
-207
-74
-107
-117
-173
-125
-158
-84
-31
-135
-154
-235
-205
-214
-323
-403
-518
-507
-543
-646
-720
-925
-996
-1024
-1154
-1187
-1394
-1507
-1353
-962
-479
-971
-1436
-1380
-644
90
154
271
-69
-480
-310
702
1857
1548
763
705
1123
1619
1835
2293
2146
1297
982
1367
2018
1874
1424
1080
594
310
312
751
710
0
-601
-686
-435
-368
-362
-416
-700
-953
-974
-670
-411
-508
-619
-732
-670
-567
-314
-59
-81
-201
-267
-70
156
317
350
315
220
243
366
557
545
408
332
316
330
306
621
512
379
152
319
474
293
429
388
314
48
-2
295
205
30
31
-6
-12
-218
-52
34
-157
-282
-370
-133
-214
-218
-209
-295
-343
-352
-116
-32
-84
-226
-196
-102
-89
-29
39
22
-43
-86
-7
49
19
-10
-91
-110
-207
-198
-213
-309
-445
-567
-538
-671
-736
-896
-973
-1053
-1212
-1214
-1421
-1618
-1528
-1214
-582
-823
-1467
-1656
-1075
-100
1
147
-51
-647
-711
137
1678
1669
717
435
797
1410
1733
2218
2206
1334
850
1185
2007
2078
1510
1117
667
510
499
913
953
254
-430
-604
-208
-30
-168
-354
-585
-746
-742
-540
-268
-370
-503
-645
-592
-425
-266
-40
-58
-147
-227
-115
173
394
433
305
140
178
367
621
632
460
309
262
401
548
707
576
287
129
377
571
533
429
323
144
66
223
332
209
-101
-140
-67
-39
-53
-48
-49
-283
-390
-268
-160
-117
-194
-259
-306
-415
-315
-185
-94
-208
-383
-335
-231
-81
-70
-116
-182
-240
-183
-33
24
-61
-195
-267
-251
-226
-214
-294
-403
-576
-688
-597
-582
-720
-957
-1041
-1092
-1153
-1294
-1341
-1496
-1626
-1441
-817
-511
-1254
-1773
-1431
-233
58
-21
40
-365
-800
-426
1268
1935
1002
222
599
1286
1603
1933
2273
1610
803
923
1731
2243
1680
1149
678
555
515
794
1027
512
-281
-666
-314
85
52
-317
-562
-728
-649
-518
-263
-258
-444
-603
-590
-375
-227
-44
-22
-77
-166
-116
77
323
407
306
127
35
213
435
608
472
261
167
203
496
646
587
340
106
248
389
575
614
296
117
-16
253
394
239
163
-103
-122
-155
24
190
-55
-206
-345
-259
-159
-141
-44
-153
-323
-407
-275
-103
-93
-137
-219
-257
-207
-68
115
56
-80
-155
-114
12
28
68
-42
-167
-210
-217
-153
-233
-342
-537
-681
-670
-707
-658
-846
-1004
-1242
-1276
-1259
-1299
-1442
-1591
-1512
-1206
-702
-829
-1374
-1645
-931
-91
109
45
-37
-416
-568
353
1748
1788
781
480
984
1526
1725
2156
2159
1355
799
1163
1968
1982
1439
955
603
431
437
789
797
140
-555
-641
-240
-9
-169
-398
-576
-678
-666
-480
-221
-256
-371
-503
-423
-283
-126
49
89
39
-65
-26
183
399
424
307
174
179
292
486
570
427
281
145
266
463
448
349
113
153
200
281
437
247
89
-63
29
191
31
12
-116
-171
-179
-210
-1
-120
-222
-270
-283
-181
-240
-163
-162
-269
-350
-325
-168
-97
-108
-134
-172
-149
-89
24
41
-15
-63
-112
-45
3
27
-31
-130
-206
-277
-249
-247
-326
-506
-692
-736
-743
-714
-755
-889
-1083
-1275
-1274
-1250
-1250
-1447
-1620
-1440
-1053
-566
-948
-1318
-1338
-673
-2
174
314
8
-466
-334
738
1848
1611
832
725
1036
1517
1833
2286
2054
1205
892
1258
1877
1778
1376
963
520
309
345
699
613
32
-499
-595
-345
-208
-256
-320
-474
-641
-721
-551
-253
-197
-243
-429
-433
-351
-129
127
179
131
-45
-19
147
388
438
378
216
193
271
429
469
379
335
146
369
368
437
273
211
335
196
264
272
155
26
-67
144
164
-117
-77
-97
30
-162
-210
-40
-218
-255
-284
-121
-182
-317
-209
-122
-200
-275
-179
-48
10
-91
-16
15
27
16
75
123
88
71
52
98
39
27
-23
-81
-163
-246
-205
-276
-388
-533
-684
-644
-679
-701
-809
-1134
-1213
-1354
-1278
-1280
-1410
-1531
-1750
-1384
-838
-529
-1040
-1458
-1199
-391
99
380
510
0
-517
-187
1260
1987
1526
863
882
1135
1434
2016
2471
2004
1051
838
1286
1733
1554
1312
870
366
-16
146
541
392
-109
-618
-686
-643
-556
-423
-314
-446
-741
-878
-698
-412
-165
-142
-270
-415
-450
-162
178
371
304
123
56
176
411
565
562
432
324
297
377
418
455
470
414
280
211
265
331
353
331
242
83
-83
-115
83
169
72
-170
-316
-251
-169
-27
-47
-146
-300
-392
-232
-89
8
-102
-210
-200
-201
-120
-44
51
53
-48
-48
43
136
180
156
130
55
29
43
105
128
47
-62
-185
-232
-257
-253
-274
-416
-629
-800
-778
-744
-823
-923
-1064
-1173
-1385
-1418
-1303
-1378
-1510
-1778
-1592
-1257
-843
-688
-1142
-1257
-1131
-387
208
502
518
-78
-297
162
1265
1914
1596
1256
1138
1187
1569
2048
2483
2029
1337
1087
1178
1501
1449
1446
1047
391
-75
-97
232
214
-110
-470
-718
-845
-845
-601
-314
-368
-632
-897
-847
-609
-318
-96
-91
-210
-325
-240
52
337
489
456
338
267
246
421
604
689
602
391
265
201
358
544
633
406
109
-65
-18
200
339
370
36
-334
-389
-172
147
114
-87
-320
-501
-366
-168
27
-3
-255
-319
-345
-178
-52
-29
10
-133
-182
-189
-55
111
157
154
71
25
49
144
244
252
179
101
35
40
61
81
-15
-151
-262
-347
-307
-367
-413
-563
-693
-738
-848
-830
-957
-1027
-1196
-1362
-1315
-1393
-1455
-1613
-1708
-1334
-1028
-590
-841
-1170
-1178
-743
101
489
706
431
-94
-15
706
1721
1931
1536
1315
1162
1302
1593
2094
2283
1723
1258
1007
1087
1111
1097
1118
730
145
-350
-365
-230
-241
-353
-487
-700
-1016
-1119
-814
-409
-293
-459
-688
-715
-563
-212
151
327
260
89
76
242
527
735
864
808
627
446
462
653
813
864
682
452
217
273
452
559
494
187
-4
-128
-29
196
188
25
-265
-371
-219
-198
-86
-168
-250
-268
-360
-156
-130
-94
-122
-153
-69
-133
-89
-15
49
54
-9
-26
16
18
84
110
131
83
40
69
77
70
21
-3
-76
-99
-136
-174
-224
-348
-410
-466
-464
-525
-689
-773
-855
-823
-883
-905
-1021
-1179
-1339
-1358
-1295
-1320
-1445
-1578
-1481
-1161
-652
-527
-791
-1085
-787
-201
351
744
804
442
31
339
1335
1891
1842
1643
1557
1467
1367
1711
2144
2060
1662
1327
1192
976
722
820
872
651
103
-301
-447
-591
-614
-493
-372
-606
-1008
-1160
-891
-544
-353
-341
-395
-456
-448
-259
21
246
338
339
334
348
371
511
695
797
734
550
403
359
420
498
477
388
227
79
34
16
16
-87
-138
-134
-163
-223
-357
-432
-431
-382
-271
-257
-357
-480
-497
-364
-253
-180
-142
-162
-203
-204
-150
-58
-14
50
110
62
-20
-60
23
146
206
182
98
18
-9
30
107
85
-4
-105
-170
-218
-255
-276
-313
-334
-414
-458
-509
-648
-751
-785
-714
-680
-786
-915
-1036
-1114
-1187
-1156
-1130
-1212
-1401
-1369
-1083
-625
-501
-664
-833
-707
-354
47
437
670
512
211
258
810
1256
1361
1389
1500
1516
1349
1296
1467
1558
1488
1390
1376
1204
776
500
479
544
419
199
9
-239
-516
-618
-480
-328
-380
-522
-512
-428
-388
-421
-384
-230
-87
5
43
63
54
64
168
348
433
468
450
449
411
322
273
277
341
411
397
310
184
85
84
116
160
151
46
-24
-36
1
12
-47
-81
-110
-102
-100
-153
-164
-190
-187
-173
-171
-150
-231
-245
-225
-205
-186
-218
-163
-108
-85
-112
-199
-220
-199
-101
8
44
42
-46
-61
145
138
-77
44
147
114
113
6
167
52
-248
-104
14
-16
-68
-236
-265
-147
-307
-437
-432
-349
-340
-575
-591
-369
-608
-923
-835
-675
-720
-844
-664
-502
-576
-623
-472
-451
-535
-449
-242
21
74
86
126
175
297
453
574
684
802
882
1007
1060
1028
1009
958
969
1065
1082
1004
891
798
735
632
541
487
416
304
282
335
333
237
102
61
33
3
-24
-72
-121
-129
-111
-163
-257
-333
-357
-321
-279
-232
-298
-413
-435
-405
-336
-304
-328
-358
-369
-297
-195
-148
-172
-185
-149
-69
36
91
114
97
89
115
120
127
123
116
114
111
111
99
98
71
26
-3
-10
-9
-31
-26
-59
-174
-144
-159
-157
-61
-144
-72
-127
-145
-55
-65
-23
-2
34
23
69
111
213
220
198
227
256
287
235
278
244
203
241
156
131
85
41
11
-62
12
-100
-249
-280
-324
-363
-450
-466
-519
-477
-545
-532
-527
-587
-615
-714
-667
-539
-537
-604
-485
-479
-399
-325
-285
-178
-185
-90
48
106
150
164
228
339
444
508
499
507
531
592
630
656
626
564
553
548
560
516
408
304
259
231
155
22
-106
-173
-219
-263
-300
-352
-443
-487
-517
-449
-368
-464
-493
-378
-217
-223
-268
-177
-162
-140
-10
147
238
162
191
231
248
380
332
289
308
361
425
323
275
287
278
188
151
230
260
214
143
154
145
30
-11
-25
-22
-27
-90
-12
-19
-22
49
-8
-20
-66
-8
10
-27
119
116
51
149
65
106
49
123
271
31
169
277
172
49
121
138
184
207
70
306
78
-49
48
-32
43
-273
-336
-73
-214
-279
-357
-368
-339
-628
-501
-394
-527
-444
-476
-384
-460
-548
-445
-543
-462
-477
-397
-428
-512
-254
-358
-308
-293
-200
-11
-37
104
181
262
226
269
349
356
465
500
571
518
447
576
640
621
524
436
479
423
342
213
68
51
-36
-85
-196
-349
-427
-493
-493
-518
-549
-550
-529
-420
-381
-325
-298
-285
-212
-129
1
79
187
249
256
325
413
454
429
454
527
599
619
575
523
437
412
412
371
359
330
330
314
255
179
80
29
25
65
90
77
49
40
80
59
-1
-66
-64
25
74
78
55
31
18
22
-22
-5
-26
58
207
-37
100
88
17
-75
-85
101
77
229
200
149
-190
-84
-58
-50
94
-113
-20
-168
-165
-128
-442
-328
-212
-272
-239
-453
-411
-375
-568
-595
-556
-456
-540
-516
-399
-463
-747
-880
-711
-605
-688
-761
-651
-601
-506
-381
-276
-191
-95
-72
18
74
280
485
539
627
526
627
715
810
858
805
877
978
981
884
667
525
490
386
271
157
102
-8
-152
-343
-514
-672
-781
-746
-692
-606
-590
-583
-577
-562
-484
-433
-319
-193
-91
60
205
301
326
343
411
524
622
682
706
719
720
704
683
627
554
467
416
380
344
313
267
195
99
26
-37
-88
-128
-162
-150
-122
-158
-206
-251
-280
-279
-256
-225
-184
-141
-126
-103
-80
-108
-124
-117
-49
19
30
31
6
8
7
14
-3
-43
-64
-72
-23
26
17
-68
-156
-218
-236
-260
-249
-243
-245
-331
-419
-472
-506
-485
-563
-612
-671
-739
-751
-773
-763
-825
-944
-1038
-1101
-1134
-1179
-1179
-1126
-1104
-861
-464
-114
-5
-115
-54
169
450
709
955
1171
1225
1223
1335
1491
1528
1446
1440
1560
1652
1580
1338
1053
771
513
317
168
-27
-253
-428
-574
-748
-979
-1183
-1310
-1367
-1345
-1226
-1008
-836
-725
-589
-387
-152
-2
94
248
436
684
903
1092
1172
1180
1233
1291
1296
1201
1094
1047
1009
908
737
519
307
109
-12
-79
-171
-355
-491
-559
-582
-630
-657
-660
-626
-574
-523
-398
-325
-219
-127
13
133
214
294
382
466
521
535
581
572
531
515
482
439
320
237
152
74
-12
-93
-186
-316
-427
-486
-519
-538
-598
-627
-637
-623
-617
-645
-629
-639
-624
-578
-562
-554
-580
-580
-558
-619
-645
-738
-756
-815
-902
-1001
-1151
-1208
-1316
-1289
-1142
-655
-163
86
-53
-83
239
537
724
933
1255
1409
1259
1329
1648
1740
1568
1315
1553
1619
1443
1139
1004
861
433
37
-127
-206
-490
-747
-909
-994
-1170
-1308
-1354
-1398
-1424
-1266
-953
-636
-523
-316
16
394
654
797
1000
1175
1340
1505
1683
1739
1730
1655
1624
1511
1358
1164
899
654
367
141
-51
-320
-574
-801
-932
-1071
-1151
-1174
-1203
-1259
-1298
-1097
-935
-751
-602
-402
-134
-40
140
353
531
689
713
902
1003
1005
973
907
912
756
625
514
394
175
-8
-122
-240
-417
-634
-743
-887
-999
-1076
-1090
-1051
-1093
-1070
-974
-843
-757
-698
-580
-505
-430
-363
-277
-200
-176
-153
-136
-141
-210
-288
-361
-454
-606
-755
-858
-997
-1151
-1299
-1439
-1539
-1560
-1229
-582
-184
-165
-241
75
464
550
874
1188
1509
1281
1294
1764
1978
1824
1452
1626
1737
1486
1128
1028
869
377
-121
-259
-328
-672
-1004
-1102
-1136
-1240
-1371
-1334
-1324
-1344
-1121
-768
-349
-138
135
488
860
1181
1450
1655
1751
1822
1960
2104
2070
2001
1929
1825
1594
1313
1056
738
366
67
-209
-498
-904
-1167
-1267
-1398
-1528
-1649
-1570
-1507
-1485
-1376
-1186
-897
-679
-380
-18
232
460
638
907
1070
1142
1224
1245
1287
1216
1172
1122
986
813
599
396
164
-74
-295
-472
-659
-790
-860
-946
-1020
-1102
-1092
-1083
-1063
-969
-842
-672
-538
-393
-214
-54
50
117
184
248
270
249
220
127
35
-66
-188
-307
-548
-718
-878
-1057
-1236
-1474
-1545
-1671
-1769
-1839
-1870
-1711
-1246
-618
-263
-111
146
596
853
1033
1491
1775
1753
1476
1754
2170
2082
1811
1652
1907
1686
1310
1077
892
424
-248
-526
-619
-852
-1214
-1336
-1354
-1417
-1528
-1519
-1444
-1448
-1287
-972
-601
-246
64
483
863
1286
1663
1860
1904
1886
1959
1962
1880
1708
1585
1403
1187
997
767
440
-62
-449
-736
-1075
-1437
-1729
-1838
-1931
-1941
-1873
-1697
-1526
-1443
-1251
-1048
-774
-547
-230
141
508
802
1054
1283
1446
1556
1508
1481
1346
1255
1163
1011
885
687
502
278
26
-165
-388
-593
-783
-953
-1014
-1066
-1060
-998
-937
-840
-719
-585
-437
-334
-200
-22
161
299
382
449
493
539
518
444
300
162
4
-174
-372
-627
-823
-1029
-1180
-1322
-1514
-1679
-1876
-1998
-2057
-2130
-2184
-2215
-2059
-1472
-782
-350
-71
283
872
1151
1369
1785
1949
1936
1662
1868
2089
1890
1689
1639
1838
1593
1215
912
682
165
-381
-729
-941
-1187
-1506
-1484
-1500
-1417
-1413
-1317
-1205
-1174
-960
-743
-454
-99
308
699
1152
1647
2086
2288
2297
2359
2326
2152
1847
1608
1488
1219
938
718
542
304
-122
-459
-798
-1212
-1659
-2004
-2119
-2167
-2164
-2040
-1821
-1534
-1224
-1005
-738
-548
-288
-37
255
598
837
1138
1324
1556
1638
1661
1584
1470
1350
1097
882
615
434
202
6
-170
-339
-505
-689
-784
-893
-971
-1038
-1030
-965
-850
-683
-467
-267
-82
129
321
505
587
650
695
731
742
700
664
580
454
299
112
-96
-370
-657
-894
-1120
-1344
-1595
-1734
-1834
-1946
-2058
-2137
-2133
-2159
-2187
-2087
-1736
-1087
-635
-263
232
850
1326
1480
1933
2294
2311
2026
1923
2135
1991
1661
1512
1663
1607
1263
997
854
490
-132
-618
-952
-1231
-1670
-1874
-1859
-1765
-1637
-1519
-1263
-1078
-856
-649
-386
-81
243
557
920
1420
1892
2210
2356
2497
2561
2433
2165
1878
1612
1270
845
564
387
177
-162
-493
-705
-986
-1334
-1674
-1893
-2039
-2164
-2236
-2138
-1903
-1626
-1304
-954
-506
-142
156
431
731
975
1115
1240
1378
1483
1438
1397
1357
1307
1148
905
693
464
167
-139
-355
-552
-763
-956
-1005
-1024
-1056
-1072
-1029
-921
-826
-682
-527
-332
-144
55
278
472
633
772
891
971
1017
1014
977
837
651
467
285
73
-211
-440
-694
-925
-1165
-1376
-1506
-1703
-1827
-1972
-2027
-2129
-2230
-2232
-2287
-2168
-1886
-1145
-678
-246
265
937
1460
1525
2036
2307
2364
1947
1883
2084
1886
1514
1341
1590
1474
1187
912
925
555
-28
-477
-767
-1071
-1634
-1846
-1898
-1810
-1771
-1582
-1308
-1102
-866
-585
-267
-13
314
583
906
1276
1700
2002
2142
2287
2417
2382
2146
1863
1630
1305
825
521
270
11
-396
-650
-741
-939
-1233
-1517
-1581
-1704
-1846
-1932
-1809
-1712
-1558
-1315
-946
-492
-266
114
415
801
1120
1209
1397
1441
1516
1486
1302
1225
1055
850
645
420
340
109
-176
-357
-516
-656
-893
-1027
-1061
-1143
-1208
-1145
-988
-807
-687
-464
-174
82
302
471
664
776
855
911
983
1020
1040
1021
967
901
740
557
285
5
-315
-651
-1005
-1299
-1481
-1667
-1778
-1900
-1960
-1985
-2057
-2083
-2101
-2172
-2140
-2080
-1542
-950
-617
-50
458
1229
1511
1802
2352
2405
2306
1948
2056
2031
1602
1335
1391
1447
1210
957
930
904
415
49
-300
-581
-1074
-1537
-1643
-1777
-1833
-1820
-1591
-1329
-1056
-761
-400
-136
171
482
671
962
1246
1547
1657
1702
1901
1954
1816
1641
1500
1378
1003
656
456
215
-123
-496
-662
-825
-1072
-1269
-1299
-1326
-1411
-1500
-1425
-1272
-1240
-1054
-897
-608
-352
-138
238
475
771
946
1094
1292
1346
1320
1233
1056
951
741
478
334
127
9
-205
-356
-392
-520
-647
-757
-823
-849
-937
-963
-873
-821
-696
-549
-280
-5
192
422
608
783
878
919
940
943
893
852
752
652
517
361
202
-24
-241
-515
-793
-1057
-1260
-1472
-1641
-1839
-1961
-2076
-2139
-2166
-2179
-2176
-2200
-2021
-1808
-1162
-800
-387
78
635
1240
1346
1901
2165
2264
2060
2026
2206
1922
1604
1486
1595
1426
1188
1037
1086
799
446
160
-176
-535
-1071
-1280
-1536
-1713
-1828
-1794
-1611
-1445
-1171
-890
-599
-305
75
333
566
836
1132
1297
1344
1488
1601
1536
1395
1329
1283
1132
876
765
602
385
100
-117
-273
-512
-727
-903
-987
-1104
-1194
-1223
-1140
-1086
-1002
-895
-711
-496
-328
-111
101
331
460
601
756
920
958
932
921
904
827
657
548
406
264
66
-69
-175
-294
-390
-473
-494
-542
-589
-616
-570
-516
-459
-381
-229
-66
71
198
325
473
562
641
725
791
805
766
716
662
550
377
172
-40
-235
-459
-664
-838
-1025
-1177
-1311
-1447
-1540
-1680
-1748
-1831
-1945
-1956
-2015
-1995
-1899
-1725
-1234
-841
-451
38
499
1086
1295
1666
1999
2014
1972
1848
1936
1765
1485
1385
1378
1300
1167
1074
1072
894
551
335
5
-283
-711
-1057
-1314
-1581
-1687
-1747
-1681
-1562
-1345
-1090
-803
-508
-140
124
294
551
807
978
1015
1072
1180
1184
1169
1206
1191
1152
1002
956
889
710
494
234
69
-134
-336
-521
-686
-844
-946
-985
-968
-946
-932
-846
-719
-528
-359
-221
-84
67
214
362
481
616
705
737
809
834
851
785
688
617
509
398
257
115
6
-96
-206
-276
-368
-411
-451
-450
-417
-427
-368
-319
-247
-176
-113
-39
53
120
192
268
333
402
424
443
418
361
273
157
20
-119
-294
-457
-610
-750
-873
-1013
-1089
-1200
-1247
-1333
-1388
-1457
-1541
-1569
-1623
-1603
-1543
-1394
-1074
-676
-336
71
472
967
1265
1516
1814
1887
1889
1759
1765
1674
1424
1262
1207
1185
1102
1006
966
878
654
478
243
-4
-346
-680
-964
-1262
-1443
-1559
-1561
-1492
-1325
-1087
-781
-481
-154
115
330
571
744
867
876
908
961
931
883
886
897
863
798
802
797
652
503
348
213
-15
-261
-463
-656
-815
-957
-1034
-1061
-1028
-958
-808
-690
-522
-389
-258
-110
-20
124
196
291
356
436
519
573
623
665
691
686
653
564
486
355
217
47
-107
-243
-368
-437
-480
-502
-520
-489
-431
-359
-306
-241
-185
-141
-106
-87
-62
-37
26
88
160
216
266
306
311
266
194
88
-59
-215
-389
-560
-711
-825
-947
-1045
-1135
-1182
-1235
-1285
-1326
-1363
-1389
-1396
-1407
-1360
-1222
-1035
-704
-445
-95
227
587
958
1195
1513
1665
1793
1798
1759
1712
1545
1387
1261
1164
1050
934
836
797
667
527
379
183
-64
-366
-599
-835
-1050
-1229
-1311
-1303
-1230
-1088
-896
-633
-375
-70
200
435
662
807
924
966
988
978
893
853
798
776
757
722
712
655
601
535
448
304
123
-89
-291
-510
-698
-837
-938
-988
-993
-901
-773
-642
-471
-279
-74
79
187
303
376
417
424
436
455
476
488
510
509
510
498
462
415
316
201
67
-62
-188
-314
-410
-485
-556
-573
-548
-477
-397
-336
-268
-215
-160
-132
-117
-95
-70
-38
-1
47
78
113
137
155
137
77
-6
-110
-212
-335
-474
-602
-733
-827
-917
-993
-1057
-1114
-1152
-1178
-1227
-1212
-1184
-1121
-1000
-860
-579
-374
-100
164
464
796
1000
1281
1443
1585
1638
1655
1664
1561
1443
1343
1266
1139
1029
899
821
665
511
350
163
-13
-263
-457
-671
-846
-1003
-1120
-1172
-1171
-1112
-1000
-845
-662
-419
-185
56
279
471
639
734
803
827
787
756
694
650
609
559
548
499
474
438
403
315
183
34
-133
-307
-509
-659
-801
-893
-942
-927
-843
-755
-610
-409
-235
-55
87
221
332
351
394
396
384
353
317
356
371
372
370
356
358
325
275
217
109
-14
-143
-255
-342
-430
-479
-501
-490
-462
-439
-380
-310
-239
-176
-116
-74
-35
4
47
70
68
61
61
68
32
-20
-84
-129
-187
-263
-325
-397
-474
-576
-681
-782
-898
-1013
-1106
-1204
-1236
-1253
-1233
-1138
-1032
-771
-553
-302
-24
260
571
750
994
1167
1251
1295
1311
1356
1299
1193
1163
1137
1076
1004
931
887
768
630
496
309
93
-166
-381
-593
-815
-1005
-1115
-1178
-1204
-1165
-1086
-923
-744
-527
-305
-65
187
358
505
604
684
729
703
705
683
649
622
604
614
618
602
603
577
519
428
297
158
-30
-214
-390
-550
-682
-749
-772
-749
-678
-562
-385
-234
-70
92
232
335
382
419
429
394
353
331
336
327
300
309
328
339
329
309
275
205
126
25
-66
-170
-278
-355
-409
-429
-434
-425
-388
-337
-267
-208
-140
-85
-40
20
42
63
58
53
46
14
-27
-65
-109
-152
-190
-198
-214
-277
-319
-394
-466
-574
-686
-798
-913
-1006
-1054
-1046
-1045
-895
-752
-523
-294
-45
273
467
755
925
1052
1123
1126
1154
1044
932
841
772
686
615
591
601
562
512
474
396
291
103
-48
-223
-446
-639
-822
-937
-1035
-1082
-1059
-950
-815
-647
-439
-200
59
226
375
484
564
590
539
520
465
380
313
251
239
214
208
242
270
277
250
222
175
84
-49
-200
-349
-476
-583
-651
-682
-657
-574
-450
-302
-120
69
236
381
480
534
551
526
477
399
307
225
159
126
106
112
140
171
188
192
188
171
101
6
-90
-189
-294
-379
-436
-450
-441
-417
-354
-276
-179
-97
-9
58
102
129
118
110
95
63
20
-43
-75
-112
-142
-169
-188
-193
-220
-238
-267
-317
-384
-472
-548
-648
-719
-787
-774
-697
-667
-544
-401
-153
38
210
505
707
873
922
1024
1084
952
823
728
647
494
362
352
359
318
309
343
361
301
228
185
84
-76
-254
-386
-525
-648
-726
-739
-699
-637
-498
-342
-141
59
229
380
471
552
565
527
485
400
304
185
91
35
-35
-69
-75
-48
-18
-15
7
31
9
-37
-104
-177
-257
-386
-443
-496
-514
-516
-457
-306
-210
-60
70
253
364
421
495
504
493
373
314
213
105
12
-63
-61
-106
-82
-44
12
42
34
68
44
11
-48
-123
-183
-266
-312
-336
-337
-309
-269
-206
-126
-34
44
83
110
121
107
79
23
-38
-123
-210
-267
-317
-335
-370
-366
-362
-367
-365
-380
-370
-385
-390
-368
-297
-267
-230
-153
-25
77
151
327
460
556
612
709
816
780
740
711
645
527
399
332
265
146
74
60
29
-18
-61
-49
-73
-120
-149
-167
-196
-244
-266
-261
-235
-199
-122
-35
83
213
350
472
571
664
717
721
684
604
490
354
209
87
-52
-164
-264
-353
-393
-440
-450
-451
-453
-455
-463
-460
-460
-462
-475
-478
-486
-468
-426
-364
-291
-213
-106
14
133
249
360
445
492
498
468
426
345
263
190
94
9
-66
-107
-130
-143
-132
-107
-87
-87
-79
-68
-77
-97
-115
-140
-159
-172
-169
-147
-122
-81
-22
36
101
165
202
219
211
190
139
66
-6
-67
-151
-225
-286
-325
-348
-379
-383
-370
-371
-371
-353
-353
-324
-291
-258
-192
-160
-96
-20
59
151
233
333
406
463
506
539
539
520
489
396
327
233
135
56
-54
-129
-191
-233
-282
-298
-298
-290
-271
-256
-207
-193
-158
-101
-51
-7
31
117
215
310
392
480
570
630
682
714
714
686
633
554
439
309
192
55
-81
-185
-285
-366
-421
-455
-475
-483
-495
-465
-445
-426
-389
-348
-307
-270
-205
-172
-105
-53
41
113
158
256
305
359
373
400
411
340
285
230
157
43
-56
-122
-204
-295
-325
-313
-303
-303
-277
-211
-190
-179
-157
-123
-97
-120
-114
-92
-80
-63
-22
40
85
120
164
202
203
205
181
125
65
-25
-116
-220
-312
-404
-494
-562
-602
-622
-609
-572
-499
-411
-324
-203
-78
62
159
271
391
451
496
535
577
561
513
483
454
415
351
317
290
237
168
114
62
-40
-137
-212
-298
-403
-496
-558
-589
-597
-573
-509
-416
-301
-170
-14
146
312
457
587
696
749
795
817
816
794
730
666
594
523
443
346
259
169
72
-32
-127
-220
-318
-414
-488
-558
-637
-695
-717
-715
-694
-658
-593
-504
-389
-271
-147
-16
106
223
317
388
426
441
441
426
393
357
316
271
235
193
171
144
119
103
82
55
13
-23
-61
-94
-130
-167
-180
-203
-218
-196
-170
-120
-65
-10
58
107
157
204
249
265
261
266
247
206
164
114
64
-1
-56
-113
-171
-217
-258
-284
-303
-325
-347
-353
-376
-400
-417
-424
-428
-432
-412
-393
-363
-330
-288
-237
-182
-111
-50
23
79
121
162
196
205
208
195
182
175
146
127
94
78
69
46
33
18
5
-14
-29
-31
-41
-46
-45
-41
-29
-31
-30
4
33
87
132
179
234
275
332
369
392
403
396
382
348
301
240
172
106
31
-41
-108
-164
-214
-250
-283
-300
-301
-291
-274
-263
-236
-225
-207
-191
-185
-167
-164
-159
-146
-137
-134
-126
-118
-94
-76
-65
-61
-50
-62
-89
-118
-165
-211
-269
-315
-375
-430
-471
-485
-484
-446
-394
-345
-264
-159
-28
80
202
339
450
528
594
648
681
654
632
620
582
531
472
445
389
320
274
241
192
116
43
-28
-101
-199
-271
-333
-388
-443
-483
-491
-485
-436
-353
-254
-150
-37
91
213
313
402
467
504
522
527
511
474
430
387
341
298
255
209
174
137
106
74
38
1
-43
-102
-162
-220
-266
-310
-344
-352
-333
-304
-260
-211
-144
-67
10
98
162
212
267
303
310
292
262
242
194
140
83
27
-25
-69
-87
-114
-129
-142
-165
-172
-184
-204
-225
-244
-252
-264
-271
-272
-273
-256
-229
-197
-156
-100
-47
6
52
86
98
106
101
83
56
22
-13
-49
-73
-100
-120
-138
-147
-144
-139
-128
-119
-104
-74
-57
-47
-38
-30
-16
-9
-13
1
20
50
78
105
135
156
186
201
214
220
223
222
206
190
165
131
99
65
16
-28
-70
-97
-116
-129
-137
-137
-128
-126
-124
-120
-101
-78
-51
-29
1
32
67
86
101
124
142
162
171
175
174
177
178
177
170
152
140
123
95
78
54
27
-1
-37
-70
-100
-132
-157
-175
-198
-202
-191
-185
-175
-148
-125
-103
-71
-51
-36
-18
-1
17
32
42
58
71
86
90
80
74
71
66
61
51
27
10
-11
-41
-66
-90
-104
-116
-127
-127
-124
-119
-116
-108
-103
-98
-91
-87
-69
-58
-49
-38
-36
-42
-50
-61
-62
-65
-68
-58
-50
-42
-40
-41
-45
-37
-36
-44
-43
-47
-45
-47
-37
-26
-9
-1
3
30
43
74
112
143
172
190
204
210
207
197
187
186
177
170
161
148
149
151
152
136
113
86
67
40
11
-13
-38
-63
-93
-120
-143
-156
-151
-140
-114
-83
-49
-18
18
62
87
122
150
163
166
165
161
141
122
106
99
93
82
79
75
81
92
100
98
81
51
19
-21
-64
-106
-141
-162
-181
-191
-197
-192
-169
-151
-127
-105
-81
-57
-34
-11
-1
16
30
40
46
39
31
33
35
37
43
44
45
48
46
37
40
46
44
41
24
7
-10
-33
-50
-61
-73
-88
-87
-84
-78
-69
-47
-27
-18
-4
2
5
5
4
-6
-14
-19
-21
-25
-30
-33
-34
-28
-18
-11
-2
-2
0
5
12
14
16
15
21
39
55
80
105
129
145
154
160
168
176
187
203
208
200
195
187
171
155
132
115
95
60
30
-1
-23
-49
-73
-102
-130
-148
-179
-182
-193
-199
-197
-200
-180
-156
-137
-121
-87
-57
-34
-11
5
16
23
25
30
33
30
27
18
11
2
-6
-10
-19
-32
-49
-66
-92
-112
-127
-136
-143
-147
-152
-155
-149
-148
-132
-120
-107
-93
-81
-63
-46
-29
-8
12
35
62
76
88
98
107
104
101
99
91
75
46
23
-4
-22
-47
-71
-91
-109
-122
-135
-131
-129
-123
-124
-119
-123
-120
-98
-93
-77
-68
-62
-51
-43
-36
-26
-16
-13
1
16
23
33
36
42
52
57
65
67
57
41
27
13
4
1
0
10
13
20
39
61
89
108
127
136
152
158
163
169
167
171
165
157
143
132
129
120
114
98
80
55
33
18
-8
-26
-42
-60
-75
-94
-106
-118
-120
-117
-103
-90
-79
-62
-51
-35
-20
6
25
39
42
37
40
37
39
35
37
42
45
48
38
29
21
15
2
-14
-34
-55
-70
-90
-94
-97
-89
-80
-66
-49
-45
-35
-22
-9
-1
4
17
35
48
67
90
106
119
135
145
142
145
141
135
127
111
89
59
35
9
-16
-35
-53
-73
-89
-97
-103
-105
-100
-92
-88
-75
-66
-55
-49
-41
-38
-33
-20
-8
9
19
35
53
65
75
85
102
103
101
98
90
80
65
53
30
10
2
0
-10
-22
-24
-32
-27
-12
-4
4
7
10
7
10
7
3
10
9
9
4
6
12
17
19
23
32
26
21
17
10
-3
-14
-26
-53
-81
-109
-126
-139
-141
-135
-128
-113
-104
-99
-90
-72
-50
-36
-29
-19
-23
-30
-30
-30
-22
-15
-9
-9
-5
1
7
22
35
45
38
34
28
11
-3
-19
-28
-43
-53
-58
-57
-60
-60
-47
-35
-24
-13
-2
14
22
28
37
38
41
38
43
44
49
50
54
55
44
35
17
11
2
-3
-14
-22
-33
-54
-66
-86
-93
-95
-96
-101
-103
-105
-103
-93
-84
-72
-67
-58
-52
-43
-35
-22
-9
1
17
26
34
45
54
54
55
51
48
49
38
36
30
31
37
35
45
45
44
37
35
38
33
28
20
13
13
13
21
29
39
46
48
49
51
55
54
57
55
49
45
38
30
14
3
-16
-29
-40
-50
-57
-72
-76
-81
-83
