-175
-179
-178
-177
-177
-175
-169
-164
-153
-139
-139
-134
-118
-120
-107
-103
-95
-92
-99
-89
-84
-74
-61
-51
-39
-30
-20
-13
-9
0
3
11
16
13
22
26
38
48
57
73
73
78
91
93
102
113
125
136
140
146
162
171
170
173
176
181
184
179
180
179
179
181
193
196
195
195
193
193
189
188
182
179
180
172
169
165
163
156
143
137
127
118
111
100
94
90
74
61
46
36
19
5
-14
-17
-29
-41
-51
-63
-76
-98
-110
-119
-124
-130
-143
-144
-150
-160
-163
-177
-182
-193
-190
-200
-209
-219
-222
-222
-227
-229
-239
-243
-246
-241
-238
-234
-220
-208
-205
-200
-201
-195
-184
-177
-163
-151
-137
-122
-111
-96
-90
-82
-65
-49
-30
-18
-9
1
5
18
29
44
56
63
75
85
99
105
103
107
111
110
110
111
119
125
133
140
145
148
149
158
160
157
157
159
163
157
153
144
145
143
139
145
136
137
140
129
132
130
127
128
125
112
101
89
74
65
53
46
36
23
11
0
-8
-13
-22
-23
-30
-29
-31
-29
-27
-33
-35
-37
-46
-51
-57
-53
-53
-53
-52
-57
-61
-65
-70
-77
-71
-64
-71
-75
-74
-74
-74
-76
-77
-81
-91
-95
-92
-93
-87
-83
-83
-87
-80
-86
-85
-82
-81
-70
-72
-67
-78
-73
-74
-78
-80
-74
-65
-61
-57
-57
-57
-56
-59
-56
-58
-54
-49
-50
-42
-41
-34
-36
-30
-19
-19
-10
-6
5
6
3
5
8
14
23
31
45
56
67
82
86
94
113
132
143
146
154
163
165
169
180
180
187
198
207
218
230
241
244
247
238
228
219
217
210
204
206
195
185
178
169
160
150
145
136
122
115
104
94
75
63
46
24
9
-11
-27
-50
-66
-82
-99
-114
-132
-140
-148
-158
-174
-184
-190
-200
-210
-217
-226
-240
-250
-264
-274
-283
-292
-300
-302
-309
-313
-323
-326
-318
-311
-305
-298
-290
-279
-272
-259
-245
-239
-236
-232
-224
-223
-216
-202
-189
-175
-163
-140
-120
-94
-76
-59
-39
-29
-20
-3
5
17
37
49
75
85
102
128
140
154
176
202
227
239
252
262
266
278
297
302
307
307
302
305
304
311
315
321
326
326
318
312
303
297
291
279
274
267
256
239
221
200
186
172
151
135
118
97
81
68
49
31
15
-2
-21
-49
-68
-82
-98
-115
-135
-144
-161
-174
-184
-194
-195
-201
-207
-214
-217
-222
-234
-240
-237
-240
-247
-250
-252
-252
-265
-279
-277
-279
-286
-284
-276
-269
-266
-263
-246
-230
-208
-189
-183
-178
-161
-144
-136
-123
-112
-91
-89
-72
-52
-26
-9
-1
16
30
38
48
59
74
88
97
109
122
145
162
176
183
191
194
201
209
213
220
229
236
237
243
244
248
249
251
265
264
261
262
260
255
259
257
254
248
237
232
218
212
208
213
199
187
182
165
159
156
143
122
111
95
88
76
63
50
33
19
5
-10
-22
-41
-49
-55
-67
-74
-88
-98
-105
-127
-141
-138
-141
-143
-147
-158
-165
-171
-186
-193
-198
-205
-217
-223
-233
-234
-234
-243
-238
-236
-233
-237
-237
-246
-243
-248
-245
-230
-225
-213
-196
-187
-190
-179
-177
-159
-148
-139
-127
-113
-98
-93
-85
-77
-65
-60
-48
-31
-2
13
17
30
35
47
56
70
93
99
115
126
134
127
135
140
139
143
147
159
171
181
188
192
192
194
178
170
165
172
176
187
205
215
226
229
246
241
230
219
200
177
151
139
122
106
92
65
41
14
-12
-34
-52
-50
-41
-39
-25
-20
-23
-22
-36
-52
-66
-78
-92
-98
-121
-133
-140
-154
-158
-167
-169
-171
-171
-166
-163
-156
-154
-153
-151
-154
-150
-144
-137
-126
-127
-135
-145
-156
-159
-166
-166
-162
-154
-144
-140
-132
-125
-123
-119
-102
-75
-60
-52
-45
-41
-37
-33
-22
-19
-16
-7
5
6
0
1
-2
0
3
9
26
36
50
44
51
39
40
43
39
45
49
71
72
83
79
78
66
64
78
85
89
95
102
104
122
121
124
135
149
152
153
147
147
149
137
148
141
142
155
163
176
180
179
184
193
192
210
211
200
196
179
181
173
168
154
147
143
132
113
86
67
48
22
13
11
-6
-10
-39
-57
-71
-90
-114
-123
-116
-124
-131
-134
-144
-141
-142
-150
-144
-167
-157
-154
-171
-185
-198
-204
-217
-215
-213
-195
-194
-186
-174
-177
-171
-163
-146
-132
-121
-123
-135
-144
-146
-155
-151
-144
-133
-116
-104
-87
-71
-64
-54
-53
-42
-16
3
20
30
51
52
63
84
89
107
117
116
136
146
152
165
162
162
168
177
169
162
158
151
144
141
137
123
109
96
89
79
73
77
92
100
114
108
101
93
79
69
64
70
60
61
46
42
38
22
17
15
4
10
5
-1
4
-7
3
-9
-15
-23
-22
-29
-29
-36
-56
-37
-48
-55
-41
-43
-36
-11
0
4
-5
-17
-12
-30
-37
-36
-43
-27
-30
-42
-41
-42
-44
-39
-27
-19
-7
-13
-34
-33
-53
-56
-40
-23
0
29
92
160
239
285
251
168
65
-24
-129
-175
-182
-190
-145
-108
-28
151
353
449
521
576
453
292
79
-58
-103
-172
-79
-84
-185
-167
-131
-81
-43
10
4
-153
-287
-371
-427
-444
-423
-292
-293
-241
-167
-121
-86
-134
-89
-157
-216
-174
-110
-108
-71
-2
1
-36
-102
-100
-132
-222
-272
-323
-341
-338
-337
-256
-202
-132
-44
21
103
140
166
221
273
304
370
433
485
512
568
587
590
621
619
620
566
527
515
454
398
360
301
246
159
83
20
-83
-148
-224
-279
-329
-347
-340
-386
-381
-384
-358
-321
-306
-260
-229
-202
-192
-188
-130
-99
-95
-76
-70
-50
-76
-67
-26
-39
-46
-42
-41
-82
-134
-157
-210
-258
-326
-393
-442
-513
-572
-620
-680
-738
-799
-841
-865
-906
-935
-937
-923
-933
-915
-866
-771
-677
-544
-331
-137
-21
63
281
484
577
689
932
1101
1106
1210
1414
1531
1506
1559
1682
1667
1573
1511
1459
1272
1020
838
704
500
260
105
-24
-192
-343
-404
-457
-562
-629
-635
-651
-682
-659
-592
-529
-465
-360
-207
-75
51
210
397
552
684
825
961
1052
1143
1261
1280
1254
1202
1196
1121
1008
927
830
697
536
406
264
83
-109
-277
-434
-616
-801
-939
-1055
-1170
-1267
-1291
-1267
-1247
-1205
-1130
-1055
-968
-870
-748
-651
-552
-447
-351
-258
-178
-92
-29
4
-5
-6
-58
-147
-257
-384
-500
-700
-847
-1063
-1274
-1512
-1744
-1915
-2152
-1711
-1402
-1492
-1669
-1149
-426
-860
-696
81
519
-160
-338
808
1091
576
715
1746
2028
1544
1993
2856
2651
1941
1915
2143
1686
956
880
792
310
-72
13
111
-388
-591
-557
-682
-1082
-1198
-1077
-1370
-1598
-1445
-1080
-1020
-917
-508
-183
-155
72
495
640
467
575
943
929
865
1098
1488
1467
1373
1679
1950
1803
1579
1686
1630
1257
970
982
866
529
384
419
401
202
151
167
56
-122
-242
-337
-547
-710
-774
-845
-938
-899
-801
-758
-757
-644
-545
-576
-622
-577
-511
-574
-546
-402
-292
-277
-174
23
94
86
107
148
70
-97
-163
-194
-343
-487
-534
-566
-693
-828
-875
-1024
-1223
-1469
-1628
-1883
-2137
-2345
-2413
-1954
-1727
-1677
-1658
-918
-353
-626
-176
587
879
205
350
1382
1358
839
1202
2127
2071
1683
2366
3091
2614
2121
2319
2389
1616
965
914
482
-205
-546
-410
-662
-1124
-1076
-963
-1165
-1346
-1131
-1142
-1478
-1497
-1191
-1156
-1249
-945
-447
-374
-244
409
906
918
943
1473
1685
1419
1408
1797
1856
1477
1500
1863
1838
1473
1515
1728
1517
1084
993
913
484
66
-108
-226
-519
-659
-629
-680
-753
-723
-644
-696
-760
-723
-796
-949
-972
-943
-957
-970
-822
-662
-598
-486
-243
-58
-46
33
184
230
153
165
223
157
57
82
117
67
14
19
6
-120
-206
-277
-394
-557
-688
-806
-1012
-1145
-1272
-1434
-1615
-1729
-1802
-2002
-2115
-2220
-2084
-1730
-1634
-1573
-1346
-639
-443
-460
273
882
880
602
1281
1838
1373
1242
1867
2184
1755
1813
2571
2577
2047
2170
2460
2125
1459
1353
1128
431
-40
-221
-491
-1010
-1192
-1148
-1298
-1384
-1205
-1121
-1271
-1195
-941
-995
-1096
-826
-581
-679
-657
-98
266
257
476
1002
1298
1195
1359
1705
1685
1466
1514
1663
1527
1274
1297
1353
1184
995
951
864
589
382
200
-50
-284
-436
-589
-767
-806
-804
-909
-995
-885
-803
-919
-998
-885
-878
-1033
-1053
-898
-827
-902
-815
-606
-497
-471
-366
-187
-86
-87
-23
55
70
25
-9
26
22
-29
-109
-112
-77
-111
-185
-187
-140
-189
-322
-386
-435
-534
-713
-820
-863
-985
-1122
-1153
-1156
-1224
-1301
-1325
-1352
-1508
-1230
-948
-927
-937
-540
139
-4
192
983
1324
1077
1036
1818
1825
1228
1405
1848
1688
1310
1700
2172
1803
1647
1949
1891
1417
1140
1084
525
-4
-180
-437
-848
-1118
-1025
-1186
-1344
-1116
-943
-1049
-1038
-676
-564
-749
-552
-212
-214
-276
-6
379
317
362
729
963
986
1080
1392
1459
1407
1517
1607
1497
1305
1231
1108
856
677
557
321
64
-3
-16
-196
-324
-353
-402
-534
-577
-540
-643
-772
-790
-746
-804
-836
-772
-715
-739
-651
-499
-405
-342
-262
-138
-89
-12
55
40
23
55
48
22
46
57
3
-54
9
33
-44
-66
-26
-110
-257
-288
-268
-367
-530
-544
-525
-626
-715
-713
-664
-720
-765
-741
-731
-781
-809
-845
-942
-1054
-1089
-1156
-1235
-965
-850
-857
-769
-268
77
-77
377
932
948
720
1038
1524
1152
852
1227
1344
967
911
1361
1371
1006
1221
1438
1225
970
1014
877
368
205
119
-292
-649
-727
-802
-1108
-1126
-851
-853
-916
-605
-212
-209
-183
229
428
294
308
565
595
368
449
643
639
602
748
935
955
1018
1124
1144
1128
1081
955
799
643
469
151
-70
-181
-347
-519
-634
-553
-588
-622
-528
-426
-358
-416
-334
-330
-402
-466
-552
-569
-659
-670
-647
-631
-506
-389
-271
-121
11
162
195
245
317
265
188
134
133
10
-118
-128
-165
-240
-258
-182
-132
-153
-118
-36
-15
-54
-83
-61
-159
-267
-331
-389
-472
-584
-623
-691
-731
-761
-801
-846
-906
-935
-1015
-1084
-1199
-1109
-1022
-1118
-1087
-857
-559
-618
-428
101
297
239
388
868
883
643
884
1115
923
787
1038
1204
950
999
1263
1170
1050
1096
1104
838
643
616
354
49
-69
-191
-460
-622
-526
-548
-715
-582
-320
-271
-305
-8
270
218
253
488
617
475
461
563
518
454
470
531
519
543
610
634
675
744
721
660
657
603
400
211
126
-37
-255
-399
-462
-528
-631
-613
-531
-505
-449
-387
-269
-207
-230
-191
-217
-217
-251
-328
-340
-375
-396
-398
-377
-274
-222
-172
-89
16
120
126
166
189
135
57
5
-39
-136
-238
-277
-267
-284
-249
-191
-89
1
63
138
146
147
138
66
-14
-113
-245
-393
-494
-597
-713
-852
-917
-963
-1076
-1138
-1161
-1174
-1243
-1125
-1027
-1070
-1032
-811
-625
-680
-426
-25
52
26
339
728
704
718
1069
1260
1171
1253
1502
1544
1411
1506
1607
1485
1392
1367
1254
1017
906
768
482
252
115
-79
-314
-403
-422
-583
-679
-552
-452
-517
-488
-259
-215
-270
-174
-25
-43
-133
-33
50
15
25
118
175
199
267
359
386
456
535
545
555
562
547
453
363
318
211
72
-2
-21
-113
-176
-152
-126
-119
-126
-27
33
12
26
32
17
-53
-100
-139
-239
-291
-313
-351
-354
-313
-264
-274
-218
-100
-58
-40
-7
50
45
-6
1
-33
-105
-160
-197
-188
-227
-246
-221
-219
-175
-131
-88
-57
-42
-60
-115
-139
-215
-337
-430
-518
-644
-797
-890
-947
-1068
-1177
-1212
-1251
-1301
-1373
-1290
-1117
-1121
-1076
-898
-614
-487
-405
5
254
295
409
751
960
831
929
1190
1202
1133
1276
1451
1372
1296
1459
1457
1324
1258
1208
1035
795
718
516
216
27
-78
-276
-476
-515
-533
-664
-693
-554
-451
-458
-359
-143
-45
34
155
283
294
305
388
386
376
380
360
332
374
420
425
447
546
593
572
606
646
590
454
379
292
134
-22
-100
-209
-326
-368
-372
-342
-362
-262
-201
-158
-61
-27
-3
-36
-44
-78
-207
-262
-303
-385
-463
-502
-457
-492
-480
-384
-341
-309
-258
-156
-130
-171
-144
-134
-187
-236
-257
-274
-334
-363
-343
-338
-312
-275
-216
-156
-94
-8
6
19
46
38
-45
-152
-209
-309
-489
-642
-722
-836
-996
-1091
-1116
-1160
-1213
-1159
-995
-959
-930
-740
-503
-394
-333
-23
215
223
330
612
763
708
784
1010
1036
1009
1135
1283
1316
1272
1397
1418
1339
1338
1269
1151
1007
917
782
546
419
281
72
-75
-137
-176
-320
-342
-257
-221
-211
-123
43
79
104
200
246
184
117
108
50
-39
-88
-130
-174
-157
-135
-116
-70
27
81
76
155
229
207
132
108
109
28
-72
-108
-128
-160
-203
-204
-166
-150
-129
-101
-45
3
12
22
31
34
-9
-75
-92
-127
-230
-327
-354
-363
-431
-478
-424
-375
-357
-331
-212
-121
-96
-40
45
101
88
90
104
68
4
-24
-19
-33
-38
5
52
94
156
219
260
265
261
227
123
6
-100
-259
-434
-610
-743
-889
-1054
-1152
-1253
-1348
-1436
-1352
-1261
-1277
-1167
-950
-766
-730
-498
-151
-59
-17
201
473
501
482
690
827
774
850
1037
1163
1158
1268
1440
1416
1435
1463
1426
1279
1146
1062
839
620
478
294
42
-112
-146
-259
-415
-385
-310
-339
-351
-218
-109
-169
-173
-94
-88
-157
-177
-176
-240
-291
-293
-305
-302
-279
-229
-179
-85
61
134
215
347
433
453
451
488
459
355
306
253
196
78
19
45
3
7
50
132
155
146
185
184
138
100
49
-28
-141
-239
-320
-423
-492
-540
-567
-578
-562
-489
-430
-373
-295
-223
-153
-113
-60
-7
-8
3
18
17
-13
-40
-33
-53
-49
-2
36
38
66
127
165
141
129
106
-1
-111
-240
-378
-573
-760
-920
-1091
-1235
-1350
-1427
-1500
-1432
-1329
-1309
-1195
-968
-745
-636
-411
-68
94
186
428
705
772
796
1009
1152
1133
1192
1346
1420
1390
1467
1567
1530
1493
1488
1432
1284
1154
1033
804
527
354
150
-135
-346
-465
-626
-799
-807
-780
-817
-819
-690
-586
-587
-519
-406
-384
-405
-365
-322
-375
-415
-378
-358
-350
-303
-218
-133
-40
94
218
316
425
520
575
594
604
592
531
453
390
327
238
146
112
74
46
46
65
119
137
170
217
255
262
221
204
181
100
14
-43
-88
-166
-236
-238
-250
-251
-226
-184
-122
-77
-10
50
85
126
137
123
98
95
61
3
-18
-36
-56
-81
-65
-35
-38
-45
-21
-12
-25
-70
-108
-170
-287
-410
-558
-715
-869
-1025
-1192
-1319
-1400
-1501
-1555
-1474
-1395
-1360
-1249
-1006
-784
-666
-411
-96
73
200
437
674
731
791
954
1051
1046
1084
1183
1217
1189
1242
1296
1258
1236
1207
1154
1042
940
820
620
432
264
93
-142
-338
-451
-601
-730
-747
-734
-753
-733
-607
-511
-464
-368
-253
-194
-168
-117
-88
-93
-101
-84
-90
-88
-66
-36
19
73
170
256
345
433
509
576
603
620
608
553
503
445
386
311
218
174
123
82
45
46
66
65
90
114
141
155
149
138
104
43
-5
-67
-122
-216
-285
-340
-395
-386
-371
-329
-286
-218
-120
-55
-3
58
81
91
82
64
35
-14
-69
-136
-187
-222
-225
-240
-247
-231
-204
-237
-268
-273
-316
-372
-459
-533
-643
-776
-907
-1031
-1148
-1256
-1369
-1448
-1505
-1430
-1350
-1346
-1196
-960
-734
-606
-324
24
196
345
600
834
891
913
1044
1140
1110
1133
1206
1249
1217
1245
1295
1286
1282
1252
1212
1141
1070
952
764
586
457
275
57
-101
-215
-346
-498
-511
-507
-544
-548
-450
-349
-316
-240
-131
-63
-30
28
67
76
52
41
9
-14
4
-1
-3
10
68
134
185
239
310
370
377
384
398
364
287
241
182
126
64
-11
-51
-84
-101
-109
-93
-50
-10
32
71
100
148
158
145
126
98
73
6
-43
-99
-138
-158
-200
-204
-199
-183
-137
-97
-48
14
55
78
94
108
86
47
6
-45
-90
-150
-206
-239
-265
-273
-282
-267
-253
-267
-271
-287
-315
-357
-435
-521
-609
-713
-820
-933
-1033
-1143
-1236
-1287
-1338
-1289
-1219
-1188
-1091
-915
-724
-615
-451
-173
8
106
284
514
628
632
738
872
892
890
971
1065
1071
1075
1138
1178
1173
1171
1168
1148
1094
1020
905
748
632
516
333
164
57
-34
-164
-222
-186
-209
-248
-203
-110
-91
-81
3
55
33
24
40
28
-20
-50
-57
-59
-54
-58
-45
-26
18
79
131
185
237
287
317
346
365
342
301
275
249
203
153
103
67
55
42
37
49
68
90
100
115
123
120
77
14
-24
-88
-179
-257
-327
-387
-448
-482
-485
-507
-515
-483
-442
-402
-367
-332
-289
-258
-227
-211
-220
-223
-228
-243
-260
-248
-235
-232
-215
-192
-177
-149
-156
-157
-155
-176
-210
-263
-313
-390
-468
-555
-663
-763
-855
-958
-1053
-1118
-1151
-1178
-1156
-1066
-1004
-916
-759
-568
-436
-293
-50
152
288
461
674
823
900
1002
1142
1205
1245
1313
1402
1446
1455
1513
1533
1505
1469
1410
1333
1232
1113
959
779
623
451
261
75
-67
-176
-320
-421
-449
-498
-545
-548
-509
-510
-524
-477
-444
-427
-405
-381
-357
-339
-320
-289
-254
-198
-136
-84
-23
44
126
186
245
298
342
358
353
351
344
286
242
225
175
128
93
66
17
-5
-11
-17
-23
-33
-50
-66
-92
-141
-194
-252
-294
-347
-405
-434
-444
-475
-496
-490
-456
-432
-423
-365
-298
-249
-208
-162
-119
-103
-94
-66
-44
-32
-14
4
11
20
22
10
14
26
28
23
1
-5
-31
-102
-163
-223
-288
-374
-466
-535
-618
-706
-780
-847
-891
-916
-920
-909
-871
-774
-700
-618
-477
-306
-174
-46
163
360
490
627
817
969
1051
1138
1260
1334
1375
1431
1475
1490
1469
1452
1406
1327
1232
1125
989
849
704
549
378
212
72
-85
-231
-363
-454
-541
-639
-689
-714
-740
-747
-723
-686
-673
-649
-589
-556
-509
-446
-404
-346
-282
-218
-154
-95
-41
5
40
77
122
158
176
195
225
233
210
206
190
146
111
104
101
63
49
42
24
8
-15
-22
-33
-45
-54
-65
-87
-104
-139
-172
-191
-209
-224
-243
-224
-199
-196
-194
-158
-116
-113
-81
-34
3
26
51
85
100
100
119
148
157
164
171
187
199
198
197
209
207
204
181
137
96
52
1
-67
-136
-203
-285
-362
-432
-495
-567
-628
-674
-714
-741
-766
-754
-725
-694
-608
-561
-531
-451
-333
-252
-174
-1
167
270
391
574
710
769
864
981
1042
1078
1117
1148
1151
1117
1093
1049
965
877
774
654
523
402
287
153
16
-87
-194
-320
-427
-501
-587
-672
-692
-699
-726
-744
-710
-676
-663
-624
-563
-509
-467
-410
-347
-281
-218
-159
-111
-72
-15
24
46
59
95
121
120
128
145
157
147
152
166
151
138
148
146
124
106
104
91
65
55
55
31
13
19
10
-1
-17
-24
-35
-40
-36
-40
-34
-26
3
-4
-4
18
36
56
73
111
134
145
151
166
176
185
213
238
252
250
249
253
245
241
257
255
240
223
194
149
75
16
-59
-130
-200
-276
-368
-466
-542
-618
-696
-779
-820
-855
-894
-926
-926
-922
-914
-860
-824
-788
-704
-581
-500
-400
-234
-94
10
154
333
463
553
658
787
850
869
915
934
919
891
868
843
776
700
620
518
402
300
198
66
-41
-129
-221
-335
-428
-477
-552
-615
-619
-611
-623
-621
-576
-528
-513
-467
-387
-325
-279
-222
-137
-70
-27
31
93
131
155
192
227
243
252
275
298
303
310
345
363
362
381
390
388
388
394
383
345
326
308
277
263
237
215
181
159
140
102
65
28
6
-12
-35
-59
-69
-77
-91
-105
-104
-89
-87
-90
-96
-77
-65
-63
-44
-38
-18
-6
26
72
111
149
178
207
225
223
222
215
204
184
143
88
26
-42
-126
-203
-264
-330
-416
-491
-553
-613
-664
-716
-756
-791
-821
-844
-864
-841
-792
-794
-767
-673
-561
-486
-364
-156
-1
116
272
466
608
689
808
920
971
993
1017
1035
1014
974
943
897
831
760
678
596
499
396
281
147
37
-47
-151
-259
-348
-418
-512
-582
-604
-622
-643
-635
-595
-568
-542
-484
-417
-369
-306
-231
-159
-95
-35
16
44
73
109
124
140
174
204
224
222
246
270
278
302
333
370
367
357
353
341
327
293
261
233
201
156
112
75
32
-9
-48
-77
-104
-133
-144
-149
-151
-155
-159
-166
-178
-187
-201
-198
-218
-228
-229
-231
-215
-197
-164
-147
-116
-55
-15
35
72
112
149
167
194
209
214
191
160
137
92
27
-38
-110
-166
-243
-316
-381
-459
-522
-592
-646
-696
-756
-810
-863
-898
-925
-944
-914
-876
-851
-782
-673
-559
-467
-319
-121
22
190
372
539
658
750
863
948
1003
1056
1102
1134
1126
1105
1088
1038
980
903
826
749
650
546
433
305
195
68
-58
-162
-263
-340
-421
-478
-493
-517
-537
-522
-494
-467
-439
-380
-324
-281
-233
-193
-138
-95
-58
-12
26
60
84
101
115
135
166
194
232
273
297
320
356
378
389
382
382
378
342
317
287
251
211
164
128
95
50
14
-14
-32
-58
-80
-101
-122
-147
-189
-215
-227
-258
-290
-304
-307
-309
-309
-289
-261
-262
-241
-199
-159
-101
-49
7
50
88
121
140
154
174
199
213
219
211
198
163
130
86
35
-29
-85
-144
-211
-276
-358
-425
-497
-572
-636
-696
-759
-812
-852
-889
-916
-926
-892
-858
-820
-739
-621
-506
-375
-188
-22
117
273
439
590
704
818
925
999
1058
1098
1128
1145
1135
1126
1105
1073
1035
953
872
779
676
565
442
318
199
76
-43
-162
-271
-366
-450
-499
-526
-570
-591
-576
-554
-528
-493
-441
-391
-338
-291
-239
-182
-144
-118
-73
-40
-15
31
64
107
151
171
209
249
282
334
360
381
398
394
379
369
360
327
287
264
235
203
153
124
89
47
19
-5
-34
-72
-98
-119
-144
-183
-213
-234
-259
-294
-313
-338
-353
-355
-361
-349
-349
-329
-301
-277
-232
-183
-132
-84
-45
-11
1
30
52
63
66
65
65
41
11
-8
-43
-92
-130
-167
-211
-267
-317
-383
-465
-532
-604
-661
-721
-773
-810
-849
-871
-880
-874
-832
-779
-727
-647
-514
-383
-262
-94
85
238
388
546
702
815
924
1031
1108
1169
1199
1217
1227
1200
1173
1136
1082
1021
945
863
777
672
551
422
294
174
56
-55
-176
-288
-381
-478
-550
-614
-666
-688
-683
-667
-652
-613
-570
-527
-470
-400
-345
-281
-231
-193
-158
-126
-92
-64
-19
30
80
127
162
178
197
223
258
292
319
334
336
325
319
316
308
301
300
289
270
251
233
205
162
139
121
81
42
10
-8
-37
-54
-68
-92
-127
-165
-191
-211
-249
-263
-252
-258
-256
-254
-237
-204
-170
-125
-67
-15
19
44
73
87
111
130
139
149
157
138
108
80
51
14
-25
-53
-103
-171
-240
-300
-354
-413
-472
-519
-554
-587
-613
-638
-670
-692
-700
-667
-625
-595
-525
-424
-336
-237
-111
45
166
288
448
581
680
767
848
912
943
965
978
978
966
926
900
852
777
699
616
526
439
347
246
123
11
-85
-187
-286
-371
-447
-525
-587
-639
-686
-719
-722
-707
-692
-675
-632
-596
-560
-502
-436
-372
-313
-259
-205
-154
-112
-60
-6
37
69
117
154
188
230
274
325
366
408
454
486
498
530
556
558
567
569
557
531
494
456
422
381
323
284
237
185
135
90
45
-16
-63
-111
-158
-198
-236
-268
-301
-339
-348
-343
-335
-312
-283
-259
-239
-199
-169
-127
-80
-38
0
26
52
68
78
82
78
68
31
-21
-76
-134
-184
-240
-298
-347
-388
-452
-519
-578
-624
-659
-700
-740
-760
-767
-784
-759
-727
-693
-644
-574
-483
-390
-278
-147
-13
104
238
373
493
591
694
780
831
882
909
928
918
901
889
852
797
736
666
590
514
441
361
260
171
82
-13
-109
-193
-263
-332
-401
-447
-489
-537
-554
-544
-529
-506
-466
-422
-375
-329
-271
-214
-167
-124
-65
-21
26
75
119
169
196
232
262
310
355
393
439
473
512
517
531
543
543
553
550
535
517
477
442
399
342
304
256
206
146
92
30
-34
-91
-142
-190
-231
-278
-323
-366
-403
-426
-454
-470
-476
-473
-463
-449
-415
-370
-320
-273
-228
-176
-132
-90
-38
8
54
88
108
113
121
126
109
95
59
21
-13
-66
-99
-143
-197
-245
-311
-374
-431
-470
-507
-551
-581
-610
-619
-635
-630
-597
-553
-507
-472
-399
-324
-243
-133
-7
111
214
327
427
512
595
669
728
767
791
804
794
777
760
728
693
654
604
547
477
409
328
244
181
92
11
-65
-151
-222
-277
-344
-401
-439
-461
-483
-508
-506
-486
-461
-438
-390
-340
-294
-243
-183
-135
-85
-41
-4
49
96
153
208
245
274
303
332
351
381
423
459
482
519
551
556
560
531
502
474
426
397
359
305
244
175
102
39
-19
-69
-117
-156
-207
-271
-320
-370
-413
-431
-465
-494
-517
-541
-551
-560
-546
-533
-508
-479
-454
-400
-352
-311
-259
-213
-173
-131
-89
-49
-24
3
17
17
6
1
2
-16
-34
-60
-88
-134
-177
-204
-243
-267
-300
-335
-341
-359
-373
-383
-393
-390
-383
-377
-345
-305
-258
-201
-145
-69
8
87
182
281
361
435
498
560
606
646
687
717
732
725
721
699
664
635
592
559
518
466
416
349
272
201
132
61
-1
-63
-117
-163
-219
-256
-298
-345
-369
-384
-388
-391
-372
-356
-342
-316
-286
-252
-212
-152
-96
-46
2
47
84
116
155
198
224
262
295
330
360
385
422
434
446
456
471
459
441
421
388
349
298
258
221
183
145
86
29
-32
-82
-134
-179
-210
-254
-289
-334
-368
-408
-441
-467
-483
-486
-502
-490
-482
-455
-424
-402
-371
-352
-319
-276
-232
-177
-124
-80
-36
1
32
59
74
87
89
89
93
73
66
60
42
23
-11
-33
-65
-92
-113
-140
-169
-196
-214
-228
-232
-233
-229
-211
-182
-133
-79
-14
42
91
149
203
263
319
376
422
460
487
513
532
554
559
558
564
567
549
520
503
476
451
400
353
299
241
175
122
78
22
-22
-77
-128
-181
-227
-259
-295
-325
-353
-362
-364
-349
-343
-334
-306
-281
-268
-256
-234
-215
-187
-161
-127
-94
-59
-33
1
35
58
74
100
124
142
162
177
189
180
173
160
146
119
100
78
57
45
29
19
-3
-25
-43
-70
-94
-124
-152
-171
-206
-223
-252
-273
-291
-311
-325
-344
-344
-357
-345
-338
-324
-310
-293
-272
-250
-223
-197
-173
-146
-108
-79
-43
-16
9
14
28
46
58
63
81
93
104
113
121
126
113
110
94
82
60
48
47
48
52
62
72
61
62
76
81
83
88
107
129
145
170
191
209
231
254
271
285
291
316
315
322
329
307
307
278
265
233
207
190
159
143
115
87
57
24
0
-34
-74
-111
-146
-173
-213
-228
-245
-273
-291
-298
-311
-318
-313
-312
-283
-265
-256
-231
-194
-183
-170
-146
-131
-116
-98
-67
-44
-28
-14
12
36
46
62
84
92
104
123
127
140
147
151
149
149
147
139
129
110
110
87
70
56
29
3
-32
-55
-71
-94
-116
-137
-164
-176
-195
-219
-237
-260
-282
-303
-303
-302
-291
-285
-270
-258
-249
-232
-211
-183
-153
-117
-90
-55
-12
31
67
109
141
162
186
192
207
213
226
233
232
231
218
199
184
168
160
145
134
130
110
101
93
80
60
46
38
31
24
31
43
52
74
96
108
116
128
147
158
166
170
174
188
181
188
190
181
175
157
156
145
133
111
84
49
15
-21
-57
-87
-115
-139
-167
-191
-208
-230
-260
-272
-287
-299
-299
-303
-296
-295
-288
-272
-266
-246
-219
-188
-181
-156
-129
-112
-96
-73
-45
-37
-8
14
31
49
55
65
78
91
103
123
139
145
153
143
149
156
153
151
145
156
145
136
131
117
98
77
63
39
26
5
-3
-25
-52
-79
-107
-123
-144
-157
-159
-164
-164
-165
-160
-150
-147
-134
-114
-86
-64
-36
-12
13
36
60
89
110
138
155
181
196
214
227
223
228
220
218
212
195
178
164
142
111
91
76
53
43
33
23
8
-4
-11
-21
-30
-36
-36
-27
-18
-14
0
2
2
5
15
13
17
30
45
54
57
55
48
45
38
30
18
15
7
1
-2
-15
-23
-35
-51
-59
-81
-102
-122
-129
-134
-157
-157
-160
-165
-164
-164
-164
-168
-172
-162
-149
-132
-119
-91
-74
-59
-37
-29
-8
9
36
50
70
89
100
116
128
145
152
162
173
179
192
198
204
205
209
209
203
199
185
178
160
139
110
95
75
36
25
-1
-22
-44
-62
-79
-88
-102
-134
-150
-178
-197
-209
-203
-193
-197
-187
-192
-195
-186
-182
-169
-157
-139
-116
-91
-65
-56
-35
-27
-2
4
11
36
52
67
78
85
86
89
84
82
84
81
79
81
74
67
46
44
40
35
24
11
8
10
5
0
6
-3
3
0
4
4
5
17
29
46
47
48
53
58
56
62
73
63
64
55
49
41
34
43
33
41
45
44
37
24
20
3
-13
-27
-31
-46
-60
-68
-78
-84
-89
-84
-79
-79
-77
-74
-69
-64
-63
-58
-52
-40
-39
-19
-5
-4
-7
-10
4
6
13
23
23
31
41
53
61
59
58
63
73
74
78
72
68
65
66
57
44
39
24
9
-10
-15
-32
-47
-53
-68
-87
-101
-109
-120
-126
-142
-146
-146
-157
-160
-159
-154
-144
-139
-122
-109
-96
-72
-56
-33
-23
-4
21
33
47
61
73
72
77
97
102
112
122
123
126
125
122
117
113
108
109
106
97
87
78
70
54
31
22
17
14
9
6
8
-2
-5
-11
-21
-28
-30
-25
-23
-17
-6
-1
-5
-9
-11
-14
-9
-4
-5
-3
-7
-14
-16
-25
-22
-21
-19
-17
-17
-9
-8
-14
-23
-28
-31
-32
-32
-43
-38
-38
-42
-40
-42
-40
-42
-41
-34
-30
-28
-20
-18
-16
-9
-8
-11
-7
-6
-2
7
15
20
25
40
54
68
75
87
101
105
116
122
127
129
126
122
126
120
111
98
84
71
48
40
24
6
-9
-27
-32
-54
-71
-98
-121
-129
-139
-150
-152
-152
-160
-157
-155
-153
-154
-139
-126
-115
-104
-94
-81
-65
-54
-40
-14
4
21
36
45
55
58
62
65
73
94
99
109
116
118
119
114
115
102
92
87
74
60
52
41
35
32
25
17
13
9
2
1
-2
-2
-7
-11
-12
-8
-7
-14
-7
-7
-8
-7
-9
-12
-17
-23
-25
-22
-20
-25
-28
-30
-35
-42
-42
-42
-39
-44
-47
-41
-46
-45
-50
-55
-60
-70
-70
-74
-73
-76
-76
-78
-75
-73
-65
-58
-50
-47
-51
-41
-35
-26
-21
-14
1
16
25
31
48
59
70
86
105
119
126
140
145
159
169
172
176
176
172
159
145
130
115
105
95
82
70
50
29
9
-8
-23
-36
-46
-64
-80
-88
-97
-106
-118
-118
-118
-121
-122
-122
-111
-107
-104
-101
-94
-80
-74
-69
-67
-54
-52
-47
-43
-38
-35
-32
-20
-14
-8
0
6
3
1
-1
-1
-1
-1
-9
-20
-19
-22
-26
-32
-35
-37
-35
-34
-32
-31
-25
-25
-26
-19
-5
7
7
18
26
31
41
46
53
61
73
87
95
102
104
105
105
103
103
102
111
111
110
107
103
101
94
83
76
75
68
55
40
33
22
14
1
-9
-16
-27
-35
-47
-56
-65
-70
-68
-70
-76
-81
-84
-90
-87
-84
-80
-71
-74
-77
-70
-61
-54
-49
-39
-34
-30
-28
-23
-19
-14
-9
1
8
10
10
8
9
3
0
-2
-1
0
-1
-2
-4
-6
-10
-12
-10
-10
-13
-18
-18
-13
-16
-14
-7
0
0
8
7
9
17
20
22
30
41
45
46
46
52
53
54
59
61
64
