-31
-15
-3
13
29
40
58
71
88
98
110
122
131
139
145
153
153
157
157
158
152
148
147
139
130
122
113
104
94
85
77
67
58
50
43
35
26
19
12
5
-1
-6
-10
-15
-19
-22
-27
-28
-29
-32
-33
-35
-36
-35
-39
-39
-43
-47
-51
-58
-61
-68
-76
-82
-89
-97
-105
-113
-122
-129
-138
-143
-152
-158
-163
-171
-172
-178
-176
-175
-172
-168
-163
-152
-143
-131
-118
-103
-87
-70
-48
-29
-6
14
38
60
85
109
128
152
167
187
200
211
221
227
233
234
235
231
224
214
204
194
179
167
153
138
122
105
91
74
61
49
37
27
18
11
3
-5
-7
-9
-15
-17
-19
-18
-16
-17
-13
-13
-14
-13
-14
-13
-20
-24
-28
-36
-45
-57
-63
-75
-90
-103
-118
-132
-145
-160
-175
-184
-197
-203
-209
-215
-220
-220
-226
-226
-226
-224
-216
-211
-196
-185
-175
-156
-135
-114
-94
-72
-49
-31
-3
22
44
71
87
118
139
158
182
203
220
238
254
262
270
264
266
260
247
239
229
222
208
200
188
167
151
132
110
96
74
60
51
37
34
22
15
8
2
6
18
17
18
27
32
34
37
46
46
45
41
47
46
44
46
45
27
11
-6
-31
-46
-75
-85
-102
-120
-137
-155
-169
-204
-222
-215
-248
-252
-230
-245
-246
-241
-236
-234
-231
-204
-202
-202
-175
-157
-150
-128
-101
-88
-76
-54
-35
-34
-23
-12
6
29
44
43
64
77
85
107
135
154
147
160
177
176
174
199
204
200
215
227
225
227
229
225
224
196
185
178
154
127
121
90
50
20
0
-4
-21
-46
-62
-68
-98
-109
-112
-133
-136
-139
-134
-123
-120
-114
-108
-99
-89
-67
-50
-44
-13
7
16
22
40
67
67
92
114
125
125
141
174
168
167
170
165
148
129
124
119
100
99
97
86
50
28
34
10
-22
-43
-13
-59
-104
-27
-72
-122
-81
-107
-99
-99
-94
-44
-51
-65
-63
4
-39
-95
-16
-7
-85
-93
-14
-30
-127
-86
-14
-100
-151
-97
-85
-194
-188
-109
-140
-168
-158
-114
-124
-151
-111
-58
-59
-74
-11
29
9
5
38
72
67
60
121
142
103
103
131
125
75
80
99
63
11
12
9
-38
-74
-72
-79
-118
-133
-120
-126
-147
-158
-150
-137
-168
-149
-119
-133
-122
-97
-57
-60
-43
-5
15
22
33
55
66
63
67
100
115
95
96
117
104
96
112
127
109
112
145
131
113
124
123
140
135
157
165
143
151
157
146
142
158
149
144
124
119
114
101
93
84
74
36
25
21
-2
-23
-14
-2
-56
-68
-34
-79
-81
-79
-61
-33
-80
-76
-40
-67
-92
-74
-32
-55
-104
-53
-42
-115
-125
-113
-154
-171
-163
-184
-196
-206
-249
-254
-282
-275
-303
-351
-322
-330
-389
-384
-372
-396
-391
-357
-324
-327
-299
-272
-252
-228
-205
-172
-146
-99
-37
-24
26
81
117
174
232
279
302
337
344
339
329
337
342
348
360
350
340
324
301
302
291
256
246
239
217
174
150
132
122
110
117
131
121
117
122
119
119
104
102
133
124
123
143
169
170
170
185
182
176
182
190
189
162
173
180
162
148
137
130
101
101
78
54
26
-21
-29
-70
-121
-135
-155
-189
-218
-189
-238
-263
-224
-288
-292
-296
-330
-289
-297
-295
-236
-254
-270
-176
-219
-250
-119
-177
-238
-113
-142
-241
-127
-127
-179
-78
-143
-147
-71
-169
-163
-101
-154
-174
-218
-192
-161
-264
-225
-106
-126
-187
-84
-37
-144
-120
-10
4
1
56
142
145
128
192
239
258
287
359
414
393
409
436
407
416
383
382
400
331
303
300
248
160
137
129
53
6
-15
-23
-56
-95
-93
-102
-129
-130
-95
-97
-88
-77
-57
-36
-30
-17
28
42
40
83
116
102
108
149
134
134
141
148
165
141
151
182
164
146
144
151
120
96
105
108
87
74
93
86
52
26
16
0
-32
-34
-14
-46
-59
-69
-89
-118
-127
-158
-195
-135
-223
-221
-158
-253
-189
-214
-212
-190
-301
-131
-150
-284
-88
-111
-244
-108
-140
-171
-117
-252
-52
-135
-336
-14
-159
-336
-86
-111
-250
-191
-131
-207
-294
-228
-254
-310
-353
-279
-278
-382
-220
-233
-285
-214
-182
-197
-219
-144
-101
-129
-63
6
22
40
70
128
165
211
237
328
320
321
374
350
371
336
329
373
345
318
333
317
267
225
234
173
140
152
135
129
95
100
94
80
47
53
72
49
72
100
101
85
73
116
118
83
126
172
141
142
161
128
111
116
134
146
152
148
161
160
139
123
119
92
85
82
97
101
80
96
98
86
53
44
33
-7
-13
-12
-44
-93
-109
-91
-130
-176
-111
-117
-203
-129
-126
-182
-143
-156
-158
-194
-140
-124
-209
-112
-53
-251
-108
-47
-306
-189
-158
-205
-293
-208
-112
-349
-292
-127
-261
-435
-241
-161
-478
-376
-225
-406
-503
-387
-367
-410
-492
-370
-302
-443
-274
-278
-343
-243
-263
-242
-135
-91
-61
-15
95
110
68
163
221
195
272
376
392
384
434
490
456
462
474
483
452
440
431
383
347
304
287
277
250
179
235
222
149
166
138
98
72
77
107
104
103
131
155
156
144
165
162
150
165
158
162
130
112
128
107
79
88
109
68
79
70
58
13
-12
8
-17
-33
-46
-30
-42
-64
-56
-38
-66
-66
-65
-39
-60
-68
-29
-35
-39
-49
-48
-78
-99
-79
-107
-98
-62
-164
-110
-114
-173
-129
-154
-85
-146
-90
-61
-146
-78
-117
-98
-129
-68
-51
-161
-41
-55
-135
-51
-138
-103
-64
-176
-110
-74
-251
-125
-201
-235
-169
-274
-249
-257
-257
-322
-321
-278
-342
-347
-306
-324
-280
-330
-251
-195
-271
-186
-173
-180
-127
-96
-32
1
14
94
118
161
187
250
297
296
331
380
376
360
409
397
404
359
358
364
301
274
251
207
151
135
138
115
82
55
33
26
-13
-21
-17
-34
-27
23
48
46
48
29
58
42
29
79
40
39
45
63
79
32
66
68
67
87
84
76
89
82
77
70
77
53
56
86
107
89
90
120
88
92
99
114
78
74
104
82
55
52
48
38
-2
-4
4
-50
-56
-58
-53
-87
-87
-62
-93
-54
-134
-45
-130
-123
-110
-145
-44
-151
1
-110
-46
1
-124
11
-75
-86
-2
-144
-78
-148
-114
-128
-213
-61
-191
-287
-105
-264
-258
-170
-308
-242
-327
-347
-305
-428
-356
-326
-347
-305
-252
-273
-309
-209
-219
-209
-128
-113
-98
2
0
59
100
130
222
228
314
362
365
396
406
419
418
425
456
416
399
433
362
336
314
250
212
195
166
148
124
81
48
20
6
3
-21
-8
-7
-30
-28
-28
-55
-62
-59
-30
-19
-42
19
27
24
21
16
37
-4
14
56
34
43
45
41
44
46
43
31
37
60
68
61
87
78
89
78
86
83
61
95
119
95
107
77
55
10
28
28
-3
15
-26
-89
-1
-136
-132
-36
-176
-118
-97
-91
-103
-100
-122
-34
-139
-176
2
-111
-156
99
-220
-59
35
-242
-36
-51
-99
-72
-131
-52
-129
-162
-248
-93
-250
-366
-77
-248
-365
-218
-253
-434
-289
-378
-380
-288
-477
-330
-353
-439
-298
-323
-275
-223
-277
-192
-168
-115
-67
40
104
69
192
210
207
302
376
400
467
525
543
530
575
525
538
525
528
518
501
460
405
397
276
300
220
142
163
61
34
-15
-74
-94
-130
-155
-184
-171
-177
-163
-151
-154
-138
-123
-158
-57
-81
-93
19
-15
-14
-10
20
33
36
88
113
99
109
118
124
104
123
145
127
152
162
138
136
121
127
117
101
101
108
108
88
81
80
33
66
28
27
4
25
-31
-65
26
-107
-96
-55
-75
-135
-62
-138
-113
-1
-336
29
-6
-462
261
-336
-67
89
-411
220
-267
-157
101
-219
-100
-54
-156
-232
-118
-157
-283
-86
-374
-126
-227
-504
2
-429
-380
-208
-491
-340
-445
-388
-401
-433
-518
-414
-469
-563
-277
-450
-306
-248
-390
-170
-245
-154
-50
-50
128
57
197
166
247
305
343
524
463
628
628
627
664
595
653
587
584
649
550
555
478
373
312
168
160
62
49
-1
-18
-66
-153
-142
-227
-190
-213
-208
-155
-167
-142
-146
-143
-116
-95
-68
2
19
33
83
91
88
106
135
151
161
162
190
162
118
137
135
86
88
91
90
90
66
85
71
44
59
101
73
123
106
137
139
67
120
87
63
112
54
82
128
55
2
82
25
-99
106
-51
0
-14
-51
179
-273
92
88
-178
-62
50
134
-272
118
66
-275
-14
16
-117
-116
0
-83
-63
-217
111
-314
-234
-16
-386
-280
-252
-98
-523
-312
-159
-411
-471
-395
-154
-562
-463
-247
-563
-452
-540
-476
-365
-550
-274
-238
-395
-209
-224
-227
-53
-68
3
143
134
136
230
296
300
409
469
588
584
573
627
546
527
448
548
422
480
393
314
336
106
155
46
14
-23
-71
-14
-129
-149
-177
-219
-191
-158
-153
-109
-81
-86
-88
-83
-31
-5
-35
75
164
81
191
188
146
183
139
224
152
172
198
144
122
99
110
74
125
121
134
110
87
107
34
64
43
52
79
15
72
12
6
39
-23
17
-7
16
-17
19
16
-54
24
-52
-89
-32
-58
-60
-55
-167
38
-34
-317
144
-127
-149
19
-130
190
-366
84
170
-372
86
-39
-63
-148
-132
106
-172
-309
-3
-106
-406
-163
16
-443
-269
-89
-399
-401
-363
-220
-414
-451
-194
-400
-526
-441
-421
-532
-582
-292
-390
-402
-287
-340
-307
-295
-144
-155
22
86
26
186
148
212
235
306
432
458
539
601
578
491
552
591
508
592
610
550
495
376
327
223
145
121
72
104
3
-35
-40
-169
-163
-193
-130
-92
-108
-27
-47
-61
-73
-73
-8
-2
50
133
100
160
164
82
189
172
137
258
215
210
230
182
178
142
163
165
158
120
119
110
-9
34
35
24
26
64
62
-12
-31
-9
-77
-50
-23
-28
-58
-128
-31
-117
-122
-170
-96
-142
-216
-134
-102
-95
-301
-53
-110
-341
-102
12
-327
-64
110
-354
-39
23
-159
-58
-149
187
44
-414
229
118
-496
87
240
-380
-86
84
-339
-109
-223
-151
-105
-660
-43
-207
-644
-140
-309
-553
-517
-438
-467
-577
-417
-428
-412
-377
-350
-227
-307
-214
-107
-49
43
115
144
177
260
247
372
456
460
566
658
726
621
695
655
535
639
601
577
594
407
356
243
150
122
12
65
-30
-46
-99
-157
-200
-252
-202
-176
-148
-114
-108
-130
-119
-125
-105
-47
52
72
126
231
196
208
277
293
304
362
384
375
331
276
271
227
183
294
271
193
182
127
97
45
64
114
55
20
-3
-16
-97
-176
-121
-147
-146
-160
-138
-139
-243
-229
-194
-242
-175
-160
-157
-193
-215
-211
-290
-128
-153
-179
-139
-37
-225
-158
-3
-348
74
36
-339
188
3
-227
4
-72
158
-269
-87
197
-212
-386
-130
101
-449
-389
168
-471
-464
-252
-336
-400
-519
-345
-557
-624
-397
-548
-716
-592
-515
-707
-663
-248
-334
-433
-283
-185
-367
-170
133
132
214
270
289
315
379
575
645
785
839
887
884
788
836
708
757
834
717
659
594
371
240
200
153
58
66
-68
-143
-246
-398
-368
-376
-378
-333
-333
-320
-372
-432
-388
-288
-217
-150
-10
-13
15
51
67
181
265
298
334
376
333
258
259
255
278
260
313
378
245
202
197
176
162
163
239
203
104
22
-21
-19
-56
-34
-6
-96
-124
-201
-164
-201
-226
-154
-158
-124
-198
-181
-165
-236
-183
-158
-110
-109
-167
-67
-119
-121
-69
-42
-57
62
-6
-18
161
-22
67
-67
-18
180
-163
56
173
-21
-149
-261
23
-306
-372
84
-271
-382
-454
-506
-417
-696
-359
-309
-712
-741
-688
-817
-988
-676
-548
-598
-368
-378
-456
-638
-462
-86
31
259
411
296
22
147
505
575
856
1038
1022
972
856
916
910
975
1047
1097
1065
792
581
438
326
383
325
331
185
-103
-246
-293
-298
-301
-229
-271
-288
-410
-492
-449
-424
-345
-207
-111
-102
-135
-157
-61
28
138
284
361
324
280
274
285
316
384
472
504
439
340
307
324
315
311
381
387
252
176
196
136
92
86
173
141
-36
-71
-58
-82
-134
-71
-59
-143
-254
-248
-179
-211
-238
-202
-165
-215
-320
-240
-205
-266
-240
-149
-140
-227
-221
-131
-130
-57
-6
25
96
-43
-11
91
15
-20
-31
112
9
-164
-58
-146
-242
-254
-241
-200
-382
-538
-477
-546
-704
-676
-685
-776
-829
-993
-955
-998
-1071
-752
-482
-431
-612
-683
-640
-449
-181
166
403
250
3
103
356
633
894
1045
1167
967
917
954
1105
1175
1163
1201
1085
876
563
505
461
359
304
224
31
-270
-508
-454
-406
-427
-456
-530
-606
-725
-662
-578
-490
-465
-408
-307
-297
-268
-194
-27
96
177
248
264
250
275
374
515
553
534
516
487
511
466
515
541
501
503
389
389
288
288
321
319
388
213
101
60
31
81
-30
63
23
-182
-165
-186
-119
-246
-215
-133
-264
-298
-330
-249
-236
-263
-180
-213
-250
-289
-268
-143
-140
-128
-108
-85
-83
-105
48
74
96
79
2
29
-6
-14
6
1
-102
-177
-211
-238
-279
-323
-327
-503
-613
-676
-824
-858
-851
-958
-984
-1110
-1281
-1294
-1268
-923
-639
-550
-746
-939
-908
-513
-115
199
390
167
-153
-116
482
958
1114
1150
1148
903
835
1095
1527
1594
1376
1272
1075
885
697
845
860
653
390
165
-40
-309
-353
-226
-188
-363
-610
-753
-715
-640
-470
-366
-385
-576
-635
-494
-310
-139
-61
36
-1
-20
70
246
402
476
576
608
550
489
548
664
737
754
695
593
498
438
557
757
701
525
331
330
313
326
423
423
267
-62
-33
83
41
33
43
35
-193
-340
-202
-168
-161
-209
-236
-279
-468
-403
-291
-208
-283
-352
-338
-371
-381
-300
-196
-172
-243
-265
-169
-152
-130
-101
-3
-65
-124
-101
-93
-116
-148
-140
-155
-295
-420
-451
-492
-554
-656
-770
-973
-1088
-1125
-1190
-1190
-1316
-1498
-1340
-1022
-636
-777
-1072
-1120
-845
-388
-21
367
288
-219
-359
202
1053
1247
1145
1153
1015
954
1163
1806
2006
1653
1336
1249
1249
1099
1130
1218
942
469
70
51
11
-186
-202
-219
-396
-791
-923
-718
-546
-462
-501
-631
-803
-922
-620
-249
-88
-173
-316
-221
-122
102
393
555
489
368
429
579
653
733
796
824
700
594
629
644
731
666
754
685
495
390
435
591
445
374
391
269
128
9
128
124
-49
-53
-115
-116
-278
-267
-107
-203
-270
-381
-375
-361
-402
-297
-294
-361
-467
-460
-333
-339
-353
-372
-351
-314
-361
-250
-175
-186
-215
-196
-117
-170
-185
-181
-150
-203
-310
-309
-376
-454
-456
-515
-565
-715
-863
-948
-1050
-1028
-1144
-1221
-1359
-1494
-1254
-932
-474
-771
-1176
-1138
-599
-166
106
505
377
-272
-336
627
1506
1517
1224
1324
1146
1061
1505
2273
2241
1606
1259
1241
1356
1310
1438
1358
838
202
17
221
229
-77
-279
-398
-653
-946
-934
-635
-579
-708
-825
-856
-934
-920
-548
-243
-285
-528
-564
-378
-129
124
348
383
182
92
269
580
679
686
636
565
444
478
623
693
621
435
468
441
421
347
474
474
276
138
234
229
98
21
72
-1
-191
-176
-128
-91
-265
-258
-223
-308
-362
-341
-270
-285
-364
-368
-297
-315
-316
-272
-205
-261
-316
-300
-252
-196
-212
-139
-143
-210
-237
-183
-94
-86
-125
-167
-184
-213
-252
-258
-298
-406
-469
-535
-551
-696
-795
-959
-1041
-1086
-1143
-1303
-1487
-1282
-911
-517
-841
-1195
-1201
-650
-146
170
526
318
-308
-307
678
1620
1598
1196
1148
1123
1218
1614
2351
2304
1571
1213
1293
1574
1543
1547
1412
898
291
103
364
409
76
-287
-465
-631
-836
-825
-541
-497
-678
-924
-967
-893
-780
-503
-330
-397
-633
-625
-358
-21
162
194
185
131
137
324
595
646
599
506
505
481
548
637
716
564
391
429
420
458
390
526
434
276
204
279
339
181
97
45
-53
-110
-95
3
-32
-206
-234
-242
-203
-264
-237
-176
-224
-242
-309
-248
-268
-274
-236
-183
-192
-283
-283
-231
-216
-227
-246
-237
-253
-341
-299
-257
-252
-316
-341
-350
-374
-369
-451
-489
-524
-646
-682
-730
-741
-870
-1115
-1094
-1149
-1176
-1369
-1468
-1290
-1103
-557
-686
-1099
-1241
-851
-152
84
447
422
-245
-466
299
1498
1602
1142
1058
973
1065
1377
2140
2270
1530
1114
1159
1507
1526
1476
1391
929
430
171
427
552
178
-202
-361
-431
-612
-696
-447
-353
-459
-663
-733
-636
-594
-308
-103
-143
-375
-498
-247
42
247
281
184
97
79
311
531
598
498
365
351
401
437
528
492
422
243
193
403
325
290
78
230
138
-20
128
177
112
-146
-132
69
-51
-114
-85
-65
-119
-290
-73
-48
-144
-208
-200
-17
-99
-80
-63
-46
-155
-187
-37
50
-33
-198
-169
-136
-134
-151
-106
-158
-260
-317
-248
-234
-357
-449
-468
-471
-550
-584
-631
-706
-736
-756
-773
-871
-1006
-1104
-1179
-1144
-1155
-1290
-1510
-1468
-1083
-575
-446
-969
-1153
-867
-247
133
541
726
64
-415
111
1324
1745
1430
1303
1248
1046
1309
2029
2490
1925
1257
1144
1267
1411
1379
1423
1033
430
46
156
365
178
-195
-369
-459
-603
-755
-623
-371
-404
-511
-676
-651
-649
-433
-127
7
-133
-361
-298
-32
292
423
421
272
175
208
465
640
629
518
397
400
393
489
477
482
273
256
277
184
117
48
268
123
25
-10
-48
-51
-109
40
61
-133
-207
-200
-27
-50
-111
12
-77
-71
-130
-42
39
6
32
-4
31
-68
-58
40
126
30
-92
-146
-130
-136
-142
-113
-205
-305
-406
-334
-327
-374
-506
-593
-624
-692
-711
-761
-826
-913
-1034
-1018
-1038
-1153
-1307
-1378
-1336
-1426
-1543
-1613
-1549
-1196
-756
-558
-983
-1209
-902
-265
204
582
725
127
-359
146
1288
1766
1576
1380
1232
1064
1312
2029
2399
1913
1269
1106
1164
1233
1247
1227
908
374
-10
-2
98
-39
-257
-337
-407
-610
-792
-721
-449
-308
-312
-441
-528
-567
-348
60
316
253
10
-52
153
463
687
741
606
454
402
553
703
720
648
535
470
353
299
297
281
256
91
189
116
-88
-191
-139
100
-100
-192
-131
-288
-327
-383
-59
29
-261
-223
-259
-59
-117
-41
230
26
-34
-77
96
249
147
258
235
107
36
67
295
222
37
-11
-68
-33
-147
-80
-95
-238
-355
-399
-334
-466
-563
-602
-608
-698
-828
-893
-873
-963
-1021
-1029
-1039
-1199
-1470
-1377
-1325
-1396
-1526
-1659
-1461
-1222
-644
-454
-843
-1045
-796
-159
260
715
958
320
-174
267
1344
1823
1670
1680
1473
1160
1282
1951
2398
1946
1427
1176
1120
1021
986
1025
749
274
-104
-201
-256
-479
-639
-532
-501
-684
-1007
-1009
-760
-471
-251
-263
-398
-604
-422
-8
395
480
359
245
297
535
776
942
892
810
725
744
725
695
690
667
642
477
328
144
100
43
109
154
-69
-308
-528
-342
-254
-220
-217
-358
-502
-641
-491
-221
-186
-175
-218
-198
-183
-175
109
217
274
207
171
240
225
334
394
402
277
169
184
247
223
133
34
20
-70
-144
-185
-226
-282
-417
-380
-459
-513
-688
-690
-684
-724
-776
-847
-909
-1049
-1044
-998
-949
-1144
-1269
-1300
-1318
-1404
-1468
-1489
-1398
-1099
-526
-381
-798
-1029
-740
-125
281
838
1103
445
-110
204
1308
1754
1729
1791
1578
1169
1110
1732
2213
1930
1531
1279
1064
797
651
790
654
316
-72
-310
-517
-841
-908
-665
-468
-596
-960
-1089
-952
-651
-300
-130
-124
-343
-342
-75
306
535
570
577
600
676
779
910
962
975
943
940
808
653
529
523
584
528
384
95
-120
-305
-238
-64
-112
-331
-618
-629
-625
-517
-350
-368
-484
-642
-564
-415
-319
-180
-114
-69
-93
-55
92
159
267
323
377
371
336
344
349
388
356
330
286
252
134
14
-69
-81
-99
-154
-227
-347
-454
-545
-527
-518
-539
-644
-714
-771
-800
-830
-831
-815
-848
-921
-1001
-972
-1047
-1138
-1229
-1265
-1262
-1462
-1414
-1058
-512
-316
-732
-840
-679
-308
54
624
1225
775
133
165
984
1487
1518
1819
1954
1501
1076
1359
1924
1835
1521
1438
1329
906
451
484
515
305
15
-78
-291
-768
-1159
-1051
-701
-532
-641
-790
-841
-848
-608
-302
-13
-3
-9
58
214
373
483
614
746
907
974
958
851
780
796
897
918
792
532
278
174
150
161
40
-106
-368
-456
-436
-467
-492
-659
-598
-623
-625
-540
-533
-518
-677
-527
-301
-229
-187
-184
-7
47
53
217
283
360
255
326
445
415
435
390
432
308
182
156
145
94
-43
-117
-152
-215
-296
-333
-375
-409
-493
-504
-501
-508
-542
-566
-559
-578
-594
-615
-580
-539
-549
-581
-657
-728
-809
-861
-941
-990
-1070
-1162
-1077
-713
-278
-286
-581
-727
-442
-169
74
472
802
626
193
330
878
1178
1119
1291
1612
1576
1223
1216
1442
1409
1124
1120
1309
1127
654
356
367
287
97
29
25
-244
-654
-767
-596
-468
-520
-548
-442
-348
-365
-385
-314
-164
-34
142
313
391
341
255
311
450
596
659
642
543
429
371
316
279
200
164
141
109
52
-61
-170
-305
-306
-252
-169
-142
-180
-249
-313
-285
-213
-155
-159
-192
-205
-137
-88
-66
-114
-87
-60
-1
47
81
56
-21
-46
-7
57
24
-46
-92
-127
-233
-230
-159
-157
-217
-244
-246
-382
-326
-228
-307
-257
-291
-230
-210
-227
-171
-306
-211
-140
-306
-269
-233
-197
-177
-387
-312
-374
-539
-590
-656
-622
-735
-888
-1042
-1032
-1063
-1033
-890
-720
-587
-605
-565
-509
-413
-287
-135
17
107
202
356
498
676
768
873
1064
1212
1318
1342
1386
1368
1257
1203
1233
1246
1188
1028
944
877
723
518
278
164
99
66
23
-10
-62
-138
-189
-213
-171
-181
-257
-299
-261
-212
-210
-213
-196
-155
-114
-80
-55
-44
-38
2
62
80
54
28
33
66
140
192
182
159
173
204
201
213
212
222
223
255
267
199
109
82
120
133
84
15
-16
-69
-87
-85
-93
-153
-259
-294
-261
-219
-215
-263
-319
-371
-402
-334
-254
-240
-265
-165
-160
-184
-72
-138
-34
-31
6
118
9
106
50
45
103
73
67
23
32
-35
-54
-206
-285
-349
-399
-378
-535
-587
-729
-922
-932
-1015
-1149
-1261
-1376
-1310
-1222
-1018
-761
-697
-714
-696
-562
-400
-215
59
301
505
609
681
833
964
1088
1231
1412
1631
1742
1755
1682
1565
1401
1291
1226
1168
1108
948
747
454
193
-46
-215
-324
-419
-462
-484
-525
-618
-666
-698
-717
-735
-726
-684
-629
-549
-426
-318
-240
-205
-167
-69
70
222
358
456
482
480
493
521
558
557
509
480
486
516
498
452
366
306
279
258
214
118
45
42
33
7
-86
-200
-284
-336
-267
-208
-203
-276
-347
-337
-302
-257
-244
-221
-227
-218
-172
-121
-101
-91
-89
-41
31
19
-43
-79
1
48
33
31
70
-46
-110
-35
-88
-78
-98
-91
-222
-403
-427
-453
-422
-395
-438
-535
-655
-759
-887
-950
-950
-931
-1090
-1198
-1237
-1324
-1393
-1308
-964
-594
-419
-400
-345
-253
-116
63
356
646
849
930
1046
1202
1289
1307
1387
1507
1707
1806
1792
1713
1500
1263
1057
994
896
728
511
325
120
-114
-359
-515
-664
-783
-818
-792
-760
-789
-820
-780
-662
-584
-535
-524
-455
-349
-154
10
139
193
254
373
511
608
617
629
629
690
721
714
643
560
442
375
336
291
226
130
47
1
-77
-144
-231
-269
-294
-280
-259
-290
-341
-383
-352
-307
-242
-187
-143
-151
-142
-109
-45
-4
34
52
61
40
27
46
67
75
68
63
15
-16
-76
-80
-90
-113
-161
-167
-155
-168
-164
-188
-184
-246
-287
-306
-419
-428
-352
-319
-301
-384
-494
-597
-686
-775
-773
-762
-850
-949
-1062
-1126
-1284
-1436
-1353
-1088
-722
-411
-243
-241
-292
-185
-15
220
480
733
911
1062
1203
1296
1276
1272
1347
1486
1576
1553
1519
1375
1172
928
759
629
431
199
20
-163
-384
-585
-720
-833
-956
-1015
-997
-927
-891
-852
-729
-518
-335
-219
-160
-112
-42
90
301
507
615
706
799
887
950
943
906
855
798
733
682
613
524
415
290
163
56
-45
-126
-231
-279
-305
-332
-336
-392
-362
-358
-314
-304
-294
-233
-172
-50
37
119
177
189
231
281
320
356
344
355
335
318
279
230
187
119
53
-28
-106
-205
-263
-293
-326
-392
-433
-486
-498
-489
-477
-471
-455
-419
-395
-377
-395
-425
-425
-377
-328
-343
-423
-484
-535
-575
-664
-743
-869
-1011
-1138
-1248
-1325
-1378
-1298
-898
-468
-199
-278
-323
-143
54
359
621
970
1065
1127
1326
1611
1703
1620
1630
1813
1895
1794
1673
1515
1273
916
715
580
341
-2
-243
-422
-616
-916
-1058
-1180
-1325
-1410
-1358
-1128
-997
-916
-786
-481
-186
15
122
239
340
532
783
1003
1125
1187
1268
1368
1420
1381
1282
1158
1030
858
703
495
295
68
-101
-258
-427
-617
-785
-876
-972
-1005
-1025
-996
-923
-866
-720
-585
-480
-365
-256
-88
24
152
302
448
563
596
653
713
724
699
664
600
501
367
282
235
104
-46
-209
-342
-479
-640
-682
-720
-767
-811
-809
-750
-746
-753
-738
-694
-626
-550
-473
-372
-344
-336
-300
-239
-241
-303
-362
-407
-476
-577
-696
-847
-1007
-1215
-1377
-1483
-1548
-1473
-992
-490
-191
-313
-264
25
229
506
721
1093
1107
1103
1366
1787
1957
1832
1817
1993
1989
1783
1608
1460
1189
735
470
307
70
-268
-495
-715
-952
-1201
-1298
-1388
-1545
-1585
-1441
-1131
-925
-761
-525
-168
171
475
707
848
937
1076
1318
1487
1582
1629
1665
1679
1593
1477
1276
1037
781
528
319
59
-223
-514
-726
-912
-1081
-1216
-1338
-1399
-1438
-1371
-1261
-1138
-976
-818
-595
-357
-104
131
312
473
602
760
904
1039
1141
1169
1162
1081
1009
896
736
536
323
155
-35
-193
-346
-484
-621
-789
-938
-1064
-1123
-1134
-1117
-1074
-980
-840
-680
-535
-458
-385
-318
-193
-76
-3
38
90
173
189
157
-2
-136
-317
-485
-685
-911
-1132
-1353
-1546
-1706
-1826
-1844
-1422
-895
-498
-453
-327
40
280
496
830
1213
1354
1232
1467
1913
2118
2046
1964
2217
2215
1995
1745
1574
1230
673
250
27
-215
-570
-773
-975
-1159
-1394
-1495
-1576
-1766
-1811
-1657
-1305
-992
-729
-359
82
511
858
1148
1359
1504
1605
1763
1907
1970
1997
1969
1982
1896
1753
1476
1124
782
411
69
-315
-678
-971
-1201
-1364
-1493
-1580
-1638
-1712
-1736
-1644
-1506
-1331
-1125
-818
-496
-221
104
399
706
892
1004
1103
1144
1200
1239
1296
1308
1212
1084
927
714
463
172
-76
-325
-556
-707
-834
-933
-1032
-1131
-1199
-1255
-1255
-1221
-1143
-1018
-858
-629
-375
-156
-18
99
216
320
370
370
342
316
299
274
202
63
-87
-241
-419
-677
-1004
-1304
-1550
-1771
-1910
-2073
-2170
-2228
-1976
-1261
-714
-447
-418
17
509
695
1004
1343
1720
1573
1583
1983
2297
2173
1926
2088
2280
2091
1649
1392
1060
551
-34
-379
-639
-1010
-1267
-1399
-1461
-1621
-1750
-1774
-1834
-1873
-1770
-1485
-1121
-782
-359
161
726
1207
1552
1778
1911
1973
2011
2031
1934
1871
1831
1815
1700
1498
1284
944
547
102
-322
-746
-1169
-1499
-1691
-1778
-1808
-1791
-1699
-1601
-1553
-1463
-1293
-1113
-884
-610
-230
141
455
865
1199
1498
1566
1557
1562
1470
1429
1299
1217
1067
871
725
537
319
10
-322
-605
-872
-1091
-1240
-1342
-1381
-1379
-1333
-1198
-1056
-917
-788
-637
-415
-236
-58
122
296
485
648
808
893
887
823
715
598
409
192
-26
-223
-378
-587
-786
-1055
-1289
-1500
-1681
-1895
-2158
-2355
-2532
-2558
-2458
-1980
-1300
-833
-496
-44
657
1059
1187
1516
1868
1979
1733
1823
2163
2244
2064
1991
2211
2160
1788
1425
1192
753
55
-541
-819
-1060
-1390
-1572
-1612
-1635
-1658
-1613
-1546
-1567
-1559
-1396
-1117
-733
-331
187
738
1317
1801
2182
2377
2355
2292
2198
2071
1827
1672
1526
1374
1202
1087
937
576
145
-273
-639
-1066
-1463
-1714
-1821
-1893
-1884
-1738
-1501
-1382
-1256
-984
-711
-488
-374
-128
205
477
772
1068
1357
1534
1573
1661
1666
1526
1280
1005
795
512
228
-2
-239
-472
-687
-828
-967
-1144
-1311
-1411
-1446
-1427
-1351
-1242
-1088
-894
-617
-339
-111
86
268
453
579
672
773
875
906
910
895
869
733
522
311
97
-145
-461
-743
-1004
-1175
-1387
-1569
-1729
-1913
-2008
-2182
-2242
-2317
-2351
-2265
-2075
-1353
-747
-258
162
722
1380
1570
1903
2254
2453
2269
2056
2252
2352
2088
1822
1909
1994
1754
1348
1214
988
380
-279
-694
-901
-1366
-1782
-1901
-1939
-1933
-1924
-1739
-1574
-1440
-1239
-968
-640
-314
69
417
837
1288
1726
1972
2052
2152
2172
2099
1819
1618
1419
1084
754
550
461
152
-188
-381
-482
-732
-1062
-1276
-1423
-1596
-1779
-1753
-1604
-1449
-1297
-994
-565
-265
15
309
572
759
835
1009
1144
1187
1223
1201
1200
1111
978
831
622
400
117
-187
-426
-658
-844
-1034
-1216
-1268
-1290
-1242
-1201
-1131
-984
-855
-681
-490
-304
-135
7
216
435
601
750
925
1093
1197
1199
1152
1037
842
616
369
126
-138
-421
-670
-847
-1012
-1159
-1325
-1480
-1664
-1825
-1992
-2129
-2247
-2305
-2291
-2265
-2068
-1703
-892
-345
92
549
1147
1690
1759
2213
2484
2574
2260
2177
2380
2211
1823
1583
1747
1658
1391
1099
1094
689
159
-309
-621
-933
-1567
-1836
-2033
-2029
-2062
-1923
-1656
-1439
-1169
-872
-537
-246
52
261
551
902
1329
1590
1735
1899
2099
2136
1960
1774
1640
1381
991
736
559
328
-58
-218
-263
-360
-638
-859
-917
-1021
-1164
-1298
-1274
-1281
-1210
-1106
-749
-475
-222
23
294
659
753
969
1013
1099
1068
971
928
798
688
513
368
218
64
-148
-281
-489
-651
-881
-1071
-1169
-1279
-1257
-1265
-1127
-948
-743
-539
-352
-136
27
154
273
390
490
590
698
813
887
915
888
864
749
586
368
116
-108
-427
-646
-878
-1069
-1235
-1435
-1527
-1647
-1736
-1825
-1917
-1966
-2015
-2068
-2030
-1987
-1761
-1364
-807
-265
90
658
1235
1728
1975
2326
2596
2528
2316
2206
2223
1910
1561
1387
1459
1339
1132
980
878
565
105
-271
-680
-1074
-1574
-1855
-2095
-2172
-2178
-2064
-1832
-1572
-1176
-834
-465
-135
213
455
694
974
1245
1370
1479
1637
1769
1803
1727
1719
1614
1430
1177
1009
789
464
130
-104
-265
-475
-683
-829
-903
-990
-1055
-1087
-1053
-1029
-886
-791
-631
-466
-297
-61
93
408
596
752
871
967
1073
1010
887
801
653
482
247
69
-25
-218
-330
-472
-569
-675
-812
-846
-889
-900
-896
-846
-741
-614
-453
-285
-131
50
238
396
517
608
691
726
735
736
695
606
504
381
260
81
-103
-278
-494
-702
-931
-1095
-1272
-1467
-1568
-1783
-1825
-1951
-1990
-1971
-2035
-1874
-1870
-1539
-974
-471
-25
371
978
1536
1708
2114
2422
2501
2338
2097
2254
1994
1676
1472
1409
1382
1079
968
904
632
290
-111
-433
-808
-1319
-1631
-1971
-2123
-2152
-2124
-1987
-1808
-1439
-1112
-801
-412
17
274
520
851
1256
1448
1521
1703
1849
1864
1776
1744
1649
1447
1196
1082
916
689
378
139
-59
-305
-512
-783
-970
-1130
-1280
-1341
-1338
-1233
-1099
-1014
-804
-577
-295
-109
69
338
517
673
797
905
1031
1025
1005
973
874
781
584
444
293
104
-76
-268
-363
-465
-594
-665
-711
-707
-708
-677
-586
-516
-423
-297
-141
-19
59
163
281
408
496
574
646
687
700
685
637
491
336
169
5
-197
-425
-644
-854
-992
-1125
-1233
-1356
-1486
-1649
-1693
-1833
-1888
-1989
-2077
-1950
-1827
-1176
-833
-387
111
680
1334
1475
1989
2263
2343
2155
1984
2047
1797
1377
1233
1219
1138
940
819
962
667
409
42
-238
-623
-1173
-1487
-1822
-2036
-2208
-2149
-1993
-1736
-1454
-1091
-744
-335
57
308
553
834
1122
1236
1374
1524
1679
1641
1658
1659
1601
1420
1212
1116
877
651
330
96
-164
-420
-654
-859
-1029
-1155
-1222
-1255
-1167
-1109
-981
-928
-724
-502
-299
-113
20
316
440
612
741
882
974
944
972
955
872
725
550
395
247
25
-129
-329
-430
-547
-666
-712
-780
-772
-818
-803
-734
-664
-614
-514
-355
-188
-91
25
169
281
380
431
522
541
551
524
477
388
255
101
-79
-222
-445
-613
-793
-928
-1040
-1159
-1269
-1343
-1464
-1526
-1638
-1699
-1734
-1841
-1676
-1420
-917
-653
-248
292
889
1294
1639
2143
2301
2308
2100
2169
1997
1640
1334
1242
1199
986
870
860
845
617
436
164
-72
-533
-934
-1271
-1582
-1766
-1941
-1859
-1720
-1444
-1156
-821
-437
-23
269
558
849
1129
1267
1306
1455
1529
1551
1449
1447
1364
1237
1070
943
795
577
368
109
-78
-330
-560
-817
-1008
-1143
-1257
-1313
-1308
-1182
-1068
-949
-793
-552
-358
-193
-10
188
385
415
579
704
807
839
798
869
827
752
645
497
363
141
-67
-211
-386
-500
-672
-745
-753
-809
-790
-779
-688
-622
-565
-465
-358
-260
-158
-56
55
140
198
273
353
450
462
453
440
415
335
224
84
-70
-251
-447
-611
-785
-924
-1096
-1210
-1256
-1346
-1392
-1507
-1546
-1602
-1724
-1631
-1541
-1146
-877
-611
-122
324
898
1189
1659
2051
2140
2116
2044
2064
1856
1458
1256
1173
1023
846
713
772
621
448
280
98
-135
-554
-875
-1172
-1414
-1649
-1761
-1728
-1553
-1325
-1039
-664
-232
173
461
783
1107
1334
1388
1442
1526
1573
1471
1378
1334
1260
1139
964
891
738
553
326
132
-44
-324
-606
-849
-999
-1131
-1244
-1306
-1243
-1154
-1038
-869
-652
-423
-256
-65
143
308
421
494
561
673
690
724
719
700
681
588
526
385
254
115
-86
-239
-406
-559
-707
-806
-826
-858
-871
-835
-748
-642
-555
-450
-322
-207
-95
32
125
174
220
274
332
370
394
404
396
372
323
235
147
-61
-202
-405
-584
-735
-926
-1022
-1190
-1217
-1259
-1264
-1315
-1345
-1404
-1403
-1472
-1398
-1246
-959
-665
-418
69
488
973
1249
1703
1994
2065
2029
1980
1949
1622
1327
1113
1015
799
627
551
554
424
311
218
70
-158
-502
-718
-1020
-1232
-1475
-1558
-1564
-1466
-1253
-979
-612
-207
217
551
916
1185
1415
1441
1489
1460
1367
1199
1033
949
818
734
613
591
516
443
298
166
-2
-245
-497
-737
-900
-1080
-1196
-1255
-1163
-1104
-950
-743
-505
-259
-113
131
272
394
459
479
535
507
508
551
517
523
505
499
488
369
340
224
86
-57
-225
-347
-504
-617
-662
-697
-680
-630
-544
-423
-314
-151
-14
98
201
266
311
319
314
304
306
312
328
333
323
295
233
164
52
-91
-283
-474
-671
-857
-1017
-1177
-1268
-1342
-1354
-1373
-1345
-1332
-1356
-1327
-1315
-1200
-1077
-798
-573
-298
52
435
842
1086
1467
1724
1845
1845
1809
1766
1515
1244
1069
902
709
500
407
371
232
139
18
-76
-262
-495
-681
-913
-1125
-1303
-1390
-1411
-1328
-1184
-919
-600
-193
201
548
884
1191
1429
1508
1536
1489
1394
1213
1060
903
744
605
492
459
403
364
261
156
44
-123
-324
-554
-756
-941
-1099
-1152
-1160
-1108
-969
-821
-562
-350
-98
114
241
399
457
521
485
437
438
380
343
315
309
326
277
275
260
184
83
-40
-122
-275
-436
-550
-634
-687
-713
-658
-574
-470
-314
-118
45
166
273
342
382
381
371
325
280
247
240
218
178
144
113
85
11
-78
-210
-365
-550
-715
-877
-1014
-1167
-1251
-1305
-1343
-1312
-1349
-1284
-1299
-1229
-1131
-958
-674
-503
-203
79
487
779
1061
1411
1628
1714
1703
1735
1658
1457
1216
1072
887
705
512
423
334
183
83
-32
-115
-316
-506
-686
-858
-1026
-1167
-1263
-1293
-1245
-1100
-880
-623
-280
23
363
673
985
1188
1266
1289
1265
1198
1047
898
718
582
441
373
326
316
270
207
171
105
15
-176
-342
-534
-700
-868
-941
-990
-1007
-918
-788
-560
-391
-172
39
212
366
464
528
538
489
481
453
404
364
311
338
309
304
287
228
177
87
19
-93
-233
-341
-441
-501
-532
-536
-492
-415
-297
-144
-4
132
236
334
422
455
466
427
378
334
299
247
198
153
100
72
21
-30
-138
-265
-391
-523
-664
-845
-991
-1108
-1195
-1243
-1294
-1281
-1260
-1251
-1131
-1029
-768
-582
-366
-78
192
539
694
984
1215
1338
1373
1363
1384
1272
1099
962
850
709
557
434
409
284
160
57
-34
-144
-345
-494
-655
-795
-941
-1029
-1072
-1065
-997
-874
-679
-427
-135
108
373
653
888
1037
1111
1146
1147
1048
938
802
669
529
383
320
255
224
152
111
91
21
-80
-209
-320
-466
-622
-750
-813
-874
-886
-834
-679
-538
-370
-192
-10
180
247
363
394
411
372
306
302
246
216
189
189
211
178
168
152
104
57
-46
-128
-214
-302
-374
-429
-421
-412
-386
-311
-217
-88
18
105
214
295
366
403
425
431
400
365
327
282
214
148
64
11
-53
-93
-174
-262
-342
-444
-538
-676
-780
-894
-960
-1027
-1069
-1081
-1094
-1064
-1006
-857
-669
-518
-286
-42
255
470
681
948
1086
1178
1196
1244
1200
1054
930
851
742
606
495
461
400
287
218
135
42
-124
-262
-412
-574
-732
-854
-926
-985
-978
-917
-772
-606
-378
-171
51
279
496
665
757
825
841
813
737
662
552
441
331
270
235
208
163
126
112
71
17
-82
-179
-285
-398
-507
-605
-685
-738
-738
-684
-615
-513
-394
-265
-110
-2
119
211
268
311
304
299
276
244
219
191
197
183
181
190
187
184
132
75
25
-47
-130
-209
-261
-289
-295
-251
-200
-131
-55
32
152
225
289
337
375
386
366
339
310
269
218
170
129
89
53
19
-29
-83
-154
-215
-292
-363
-443
-534
-616
-685
-721
-768
-795
-840
-841
-828
-756
-615
-517
-353
-178
69
247
436
664
792
893
917
968
941
834
745
685
610
501
418
400
377
313
287
258
214
118
33
-61
-189
-342
-476
-575
-658
-710
-713
-639
-538
-368
-208
-32
156
338
489
588
651
669
642
571
515
425
336
233
180
162
124
96
75
73
48
16
-20
-69
-180
-281
-373
-433
-521
-609
-626
-615
-565
-538
-430
-327
-238
-150
-48
59
94
113
126
139
113
77
73
85
65
63
105
136
140
131
143
135
93
27
-19
-67
-131
-189
-208
-211
-206
-170
-115
-37
41
119
181
229
254
254
231
203
146
92
32
-26
-46
-83
-87
-109
-113
-116
-155
-173
-233
-288
-346
-426
-493
-573
-622
-660
-692
-660
-636
-571
-486
-369
-195
-60
88
239
375
457
500
553
574
560
535
504
471
431
389
381
355
338
314
302
287
251
209
163
109
34
-41
-128
-195
-272
-314
-335
-337
-298
-228
-129
-21
93
192
276
339
400
421
417
365
322
279
210
144
62
18
-22
-50
-51
-50
-58
-44
-45
-9
-33
-42
-59
-81
-69
-121
-95
-106
-104
-103
-89
-24
-27
-14
6
28
40
31
36
41
24
2
-30
-44
-73
-114
-118
-133
-153
-161
-161
-148
-133
-131
-122
-126
-116
-116
-120
-104
-92
-79
-62
-35
-13
-5
-4
13
10
-20
-75
-116
-177
-255
-317
-405
-434
-460
-447
-404
-365
-264
-178
-47
53
170
262
294
349
379
383
337
306
283
251
209
183
172
168
167
176
185
169
141
97
43
-51
-144
-241
-334
-411
-476
-510
-514
-480
-408
-309
-187
-41
105
256
378
502
582
632
659
659
650
591
550
516
501
474
460
468
472
460
442
420
365
277
169
66
-75
-213
-345
-453
-543
-619
-644
-644
-617
-570
-490
-406
-312
-223
-132
-62
-4
42
59
78
66
67
57
50
53
52
47
43
48
37
19
-3
-27
-57
-97
-163
-201
-246
-301
-350
-371
-363
-351
-319
-277
-209
-152
-90
-21
35
75
97
129
157
169
177
198
215
239
262
275
283
290
293
291
264
228
174
102
33
-36
-91
-153
-195
-209
-207
-202
-203
-183
-166
-156
-144
-136
-138
-143
-144
-136
-126
-124
-109
-91
-78
-61
-31
-11
16
38
55
87
93
102
113
126
119
101
96
80
68
55
46
41
36
44
68
83
110
135
172
214
230
249
260
256
253
238
216
190
166
154
131
119
110
94
74
60
39
-11
-49
-92
-139
-172
-211
-244
-270
-297
-322
-336
-332
-324
-308
-282
-257
-227
-191
-157
-132
-97
-76
-65
-54
-48
-46
-50
-47
-46
-37
-36
-41
-46
-51
-48
-43
-47
-50
-54
-58
-71
-82
-83
-91
-77
-47
-25
16
49
73
115
134
159
175
187
195
209
227
228
251
268
279
299
303
309
303
274
251
221
186
133
80
32
-11
-56
-96
-124
-145
-150
-147
-122
-101
-80
-54
-32
-17
-9
-8
-13
-14
-22
-29
-36
-44
-45
-46
-38
-33
-25
-20
-15
-10
-8
-6
-20
-25
-30
-44
-62
-76
-82
-97
-99
-93
-90
-74
-62
-42
-9
18
58
95
132
156
179
201
205
204
206
198
189
183
173
173
158
155
151
135
103
74
53
-1
-45
-93
-141
-190
-235
-270
-296
-310
-311
-293
-275
-261
-231
-189
-151
-114
-91
-81
-58
-47
-47
-38
-41
-38
-33
-34
-31
-31
-19
-18
-19
-6
12
11
8
10
1
-8
-16
-13
-13
-19
-23
-3
15
26
52
74
105
132
152
177
202
227
252
265
267
259
255
237
220
218
200
179
151
138
105
55
16
-12
-49
-99
-126
-140
-150
-158
-144
-129
-112
-98
-76
-35
-14
8
37
54
63
83
98
115
121
126
141
144
140
141
133
123
116
102
87
49
20
-10
-43
-91
-122
-140
-167
-186
-213
-219
-239
-246
-234
-208
-193
-160
-118
-86
-50
-24
14
43
61
69
87
90
90
93
100
105
109
114
103
89
66
47
10
-31
-70
-120
-171
-211
-241
-275
-294
-307
-293
-287
-279
-251
-215
-188
-171
-136
-106
-93
-79
-41
-10
4
17
47
63
65
66
73
64
54
53
57
60
49
50
50
53
35
26
26
21
8
1
8
3
13
29
49
65
86
107
125
137
135
141
142
134
134
139
130
130
122
111
103
80
61
38
1
-29
-53
-84
-108
-130
-140
-139
-139
-133
-116
-95
-77
-58
-38
-26
-1
27
40
63
77
86
91
104
119
126
142
148
154
148
137
125
121
101
78
60
37
-1
-35
-60
-96
-124
-142
-157
-167
-170
-167
-158
-143
-127
-108
-71
-46
-24
7
34
48
58
78
84
90
102
114
130
138
145
149
147
126
108
89
53
19
-15
-45
-82
-124
-149
-172
-182
-186
-186
-175
-173
-153
-139
-124
-106
-89
-58
-31
-5
11
29
35
37
40
41
39
37
37
35
41
46
50
53
53
57
51
47
44
29
19
10
12
14
19
33
51
67
76
96
114
126
140
155
169
174
181
186
182
171
169
166
150
130
113
99
72
33
9
-19
-54
-83
-106
-130
-153
-166
-174
-170
-164
-163
-143
-120
-106
-81
-57
-34
-17
0
19
36
51
64
78
87
83
81
73
60
56
50
34
23
5
-19
-34
-52
-80
-103
-123
-150
-161
-174
-181
-177
-167
-156
-130
-94
-61
-23
13
42
71
89
115
137
150
166
180
190
191
189
194
191
175
159
139
110
74
41
1
-36
-84
-127
-161
-197
-228
-248
-259
-267
-264
-260
-243
-223
-204
-181
-157
-131
-112
-94
-78
-70
-61
-59
-61
-53
-41
-31
-17
-8
1
11
12
15
12
-2
-5
-13
-26
-36
-34
-42
-41
-33
-27
-10
0
20
42
61
81
105
125
139
148
152
154
157
158
156
145
130
116
92
67
45
12
-18
-47
-79
-101
-125
-148
-165
-182
-190
-193
-189
-182
-172
-152
-138
-119
-94
-68
-42
-14
10
31
49
64
77
91
101
108
110
114
115
111
103
90
75
51
33
2
-32
-65
-99
-128
-154
-170
-173
-169
-161
-141
-111
-85
-65
-33
0
25
46
69
95
104
117
135
151
164
174
188
194
187
177
171
156
130
101
72
31
-9
-45
-73
-108
-137
-154
-177
-190
-198
-197
-183
-169
-155
-129
-110
-91
-67
-45
-30
-12
-1
10
27
34
48
68
79
94
105
110
116
114
106
99
86
70
55
42
28
10
3
-6
-12
-13
-8
-2
7
14
14
20
23
26
36
48
67
82
96
106
117
121
120
122
111
106
89
68
54
24
10
-15
-34
-47
-56
-58
-65
-71
-78
-75
-75
-70
-66
-64
-54
-45
-39
-29
-17
-4
12
28
40
51
64
63
67
68
67
65
57
49
35
18
-3
-19
-40
-56
-73
-87
-100
-109
-102
-97
-83
-78
-60
-42
-30
-12
-4
14
23
38
55
69
92
109
132
154
170
189
195
203
197
187
170
144
117
82
54
21
-11
-37
-63
-84
-98
-110
-120
-127
-133
-129
-129
-126
-120
-111
-100
-94
-89
-80
-74
-67
-62
-53
-44
-38
-28
-20
-8
-2
4
10
12
11
5
-5
-13
-26
-37
-44
-52
-54
-58
-55
-54
-43
-34
-24
-5
16
31
41
50
60
76
77
89
102
109
117
123
125
127
123
109
100
88
66
38
17
-9
-37
-62
-80
-94
-111
-121
-125
-126
-124
-120
-111
-100
-84
-69
-57
-38
-20
-6
10
22
37
45
49
57
61
67
63
65
76
73
71
62
51
38
17
-2
-24
-38
-54
-65
-73
-74
-69
-68
-52
-37
-25
-15
-3
5
15
19
25
35
50
62
72
88
100
112
117
124
128
121
111
96
78
56
33
10
-8
-27
-49
-62
-66
-73
-78
-85
-80
-77
-73
-66
-61
-49
-50
-45
-30
-18
-9
1
16
28
31
37
43
46
52
51
54
54
51
50
42
38
34
23
7
0
-10
-25
-28
-33
-28
-23
-18
-6
-3
9
21
26
37
44
51
58
66
73
79
83
82
82
75
72
58
45
30
8
-18
-39
-56
-76
-90
-101
-108
-114
-117
-117
-116
-111
-108
-101
-90
-83
-74
-57
-41
-24
-6
13
30
44
64
79
94
99
103
105
107
105
102
95
89
76
58
47
33
19
9
-1
-14
-27
-32
-38
-41
-40
-36
-34
-28
-19
-19
-8
3
10
20
31
46
55
60
62
66
71
72
65
55
43
26
7
-9
-24
-42
-57
-66
-77
-82
-89
-94
-101
-98
-98
-99
-95
-93
-87
-87
-82
-71
-63
-54
-40
-25
-17
-5
6
12
18
19
19
19
17
13
2
-2
-8
-16
-18
-20
-26
-31
-33
-34
-30
-26
-24
-17
-5
9
22
29
39
49
56
57
65
74
78
87
88
93
91
85
80
77
64
51
42
28
16
0
-20
-31
-44
-59
-68
-74
-81
-87
-83
-74
-73
-70
-64
-59
-54
-50
-40
-30
-20
-12
2
11
20
31
38
42
42
43
41
40
38
38
33
28
25
24
22
17
14
10
7
4
0
-1
-6
-7
-1
2
9
13
17
27
29
35
39
43
45
47
48
52
54
51
50
46
40
31
18
6
-4
-18
-30
-39
-45
-51
-58
-67
-70
-74
-75
-75
-72
-72
-70
-61
-53
-46
-44
-39
-32
-26
-22
-15
-9
-4
2
6
13
14
13
14
14
16
16
13
11
11
10
8
7
5
8
8
9
12
14
19
25
32
38
39
42
49
54
55
53
54
56
57
56
57
56
51
47
40
32
25
12
0
-12
-23
-35
-47
-61
-66
-76
-83
-89
-93
-91
-93
-93
-90
-88
-84
