28
8
12
8
14
16
-8
16
28
4
-6
20
14
0
8
17
31
2
-4
29
12
-7
6
24
12
-15
-8
21
-18
-28
-3
-10
-35
-34
-10
-5
-32
-24
-10
-22
-35
-34
4
-4
-30
3
-12
-22
-23
-22
9
-21
-16
0
-2
-13
-18
-3
1
-35
-9
13
-20
2
12
20
-5
-16
22
6
-16
17
47
4
0
40
15
-11
2
36
1
-9
23
38
-12
11
39
-15
-29
-9
11
-17
-18
16
24
-49
-21
6
-42
-45
-2
4
-22
-19
23
-9
-26
-4
-1
-9
-24
10
36
-24
6
29
-11
-28
-10
-1
-21
-17
4
32
-27
-22
31
-29
-32
-2
4
3
-18
19
41
-35
-19
34
-6
-66
43
20
-23
-3
29
13
-42
-15
43
-36
-41
64
4
-24
10
46
-39
-11
15
25
-45
11
67
-41
4
57
1
-19
38
22
21
-2
61
57
-1
26
88
-32
18
73
6
-4
59
3
-10
-6
-9
19
-84
36
4
-64
-1
10
-24
-32
1
-4
-40
-8
10
-6
-26
49
-54
19
-37
-20
18
-76
39
-30
-47
15
-23
-33
4
-6
-57
13
-7
-33
9
1
-29
-3
-43
-34
17
-79
63
-41
9
-21
12
-15
-38
56
-85
71
-54
26
-3
3
-10
-47
49
-96
2
-34
-1
-30
-22
-36
30
-108
0
6
-84
95
-97
103
-53
62
-5
32
-9
44
-5
-7
30
1
74
-83
84
-1
-33
-29
86
-24
10
33
30
65
-125
150
-18
25
65
-13
148
-51
79
63
46
7
51
23
87
-89
111
39
-34
86
-35
125
-124
94
0
-6
75
-41
100
-12
11
70
-28
58
27
-51
147
-122
111
6
9
68
-26
126
-44
114
46
45
86
2
89
-57
86
8
-39
43
-52
55
-109
26
14
-101
19
-72
-15
1
-143
160
-133
40
-19
-14
-7
-108
118
-122
28
-25
19
-73
-14
-18
-21
-72
55
-42
49
-70
77
-2
-100
141
-153
107
-114
40
28
-35
-10
93
-94
18
22
-78
116
-117
97
37
-73
117
-11
-49
85
-106
44
-41
-79
58
-93
-37
-17
-43
-76
-109
55
-134
-41
-20
-22
-97
-66
-46
-7
-146
-45
46
-146
-50
5
0
-122
-26
-22
-55
-147
32
-29
-84
-71
25
-17
-111
-16
40
-65
-84
85
56
-105
106
-1
21
-1
26
58
20
-20
93
-1
14
88
-60
108
9
25
40
24
74
-16
30
134
-66
80
40
11
49
-1
12
114
-114
102
101
-135
197
18
38
90
32
116
-10
7
125
-64
-14
96
-57
18
-66
55
-56
-75
104
-125
-9
-3
-79
35
-117
19
-68
-77
20
-86
-69
37
-137
1
-65
-75
10
-126
39
-86
30
-19
-25
14
-7
-29
25
-51
7
-28
2
39
-15
53
42
28
-22
92
67
-29
165
-1
81
103
-24
164
12
55
121
-29
118
81
-84
209
-53
22
96
-29
86
1
84
43
-60
79
-46
-26
28
-22
-38
36
-13
-37
-6
17
-36
-57
8
8
-38
-63
69
-150
49
-92
-45
-41
-65
-3
-116
32
-38
-115
51
-113
-36
7
-66
10
-51
66
-70
-65
51
-66
-17
8
37
-28
24
88
-122
112
-20
12
-77
-10
97
-154
5
114
-156
6
47
-84
58
-115
89
-26
-78
30
35
-114
32
-41
-9
64
-179
131
-49
-35
-14
1
37
-8
-55
180
-98
61
28
23
101
-177
346
-193
108
-2
73
9
-26
120
82
-36
67
93
48
-17
115
80
-33
84
12
71
-6
23
94
-20
16
119
-100
94
-47
9
46
7
-7
2
-38
39
-131
40
-39
-17
-32
-28
-11
-34
25
-132
95
-72
-102
-11
0
-158
104
-131
55
-104
28
-93
-47
-37
10
-126
86
-16
-54
28
-79
167
-263
262
-66
-9
27
84
-54
3
65
-18
9
22
45
35
20
134
-82
135
9
11
42
17
74
-87
148
-41
28
-10
149
-146
60
165
-138
46
192
-151
132
-39
80
-21
-81
208
-127
1
60
20
-145
17
122
-232
73
24
-120
-47
26
-102
-49
-65
23
-104
-183
179
-215
-61
-2
-44
-127
-17
74
-191
64
27
-132
121
-127
146
-86
-52
211
-211
117
27
-100
38
-40
35
-40
-11
105
-60
21
67
-60
83
-55
83
-14
7
101
-46
66
98
23
-20
116
60
-2
180
-15
153
-1
71
189
-91
201
93
35
78
150
-18
87
129
-11
114
22
129
23
6
179
3
-2
93
78
-46
25
67
-31
5
12
53
-106
-80
130
-203
10
-3
-58
3
-206
48
-107
-229
-14
-160
-205
36
-253
23
-92
-141
3
-279
66
-174
-69
-110
25
-92
-179
74
-109
-138
13
-53
-89
-95
83
-165
-41
-65
-118
-27
-173
19
-59
-177
119
-170
-50
60
-169
-40
50
-173
150
-113
-68
201
-197
-4
135
-128
73
38
62
167
-149
307
-10
-40
232
-67
237
-86
203
148
-21
121
143
-21
102
47
86
154
17
213
19
188
6
107
122
30
75
68
164
-29
54
205
-1
-119
292
-117
1
43
42
12
-141
237
-186
-40
63
0
-103
6
107
-47
-140
116
49
-160
-3
174
-115
-65
91
38
-132
21
89
-120
-45
18
78
-156
80
97
-188
128
19
-70
36
80
-69
51
-93
145
-105
-143
187
-224
23
-45
75
-88
55
82
-67
80
92
-30
63
30
1
126
-123
215
-84
42
77
-115
166
-84
-30
112
-74
-93
70
-53
22
-91
40
68
-212
117
12
-154
89
116
-267
135
44
-248
178
-220
147
-137
-120
269
-311
121
125
-325
183
-40
-114
13
-83
191
-356
68
123
-307
7
153
-182
-31
14
-23
-15
-120
99
-114
-88
56
11
-219
251
-116
-33
145
-224
205
-82
-51
184
-56
125
-132
131
26
-98
-49
208
-212
40
73
-91
90
-158
187
-144
-13
63
-30
-17
186
-292
228
-27
-136
96
-68
115
-175
114
12
-15
-131
107
-71
-92
53
-111
43
-108
11
-40
-30
20
-76
-40
138
-232
105
117
-149
95
-107
60
-101
-54
32
-19
-126
85
-12
-90
32
-3
-58
-44
8
23
-15
-23
175
-97
16
155
-99
168
-30
122
101
-125
176
150
-312
276
21
-230
196
-117
113
-28
-54
113
-25
-23
-113
336
-266
74
228
-276
323
-277
114
212
-403
283
131
-358
363
-151
-4
57
-189
226
-109
-42
226
-82
42
112
-69
100
-91
134
-107
59
33
-47
-65
54
20
-225
183
-122
-26
-11
12
48
-78
-10
188
-252
157
39
-100
108
-87
107
-145
135
-42
-2
-36
49
-50
-82
94
-64
-103
-25
174
-289
5
305
-326
66
106
-7
0
-79
180
29
-200
181
117
-205
184
-61
-20
165
-309
222
9
-221
255
-215
115
25
-133
203
-152
83
85
-120
164
56
51
33
200
56
-55
132
99
-66
132
80
-21
81
-60
115
-38
-19
246
-150
130
139
-147
74
171
-52
-149
400
-290
-23
272
-346
235
-241
165
-29
-286
344
-141
-213
164
-84
-178
17
-122
58
-183
85
-188
51
-64
-156
72
-141
21
-64
-36
-36
-25
-173
51
-96
-155
40
-62
-159
132
-189
-32
195
-363
224
-127
-16
-43
-22
-36
-90
13
-206
158
-201
-40
103
-212
49
58
-233
204
-135
-2
159
-199
276
-122
126
77
-72
252
-138
122
46
-65
70
64
-163
319
-190
97
41
-59
198
-182
187
10
-52
93
-5
26
35
-8
143
-141
119
-28
22
89
-115
283
-266
161
-14
-93
112
3
-47
234
-217
127
125
-200
183
100
42
-39
288
-55
42
36
-9
172
-156
-66
349
-343
117
78
-131
111
-126
114
24
-40
37
97
-84
66
-43
108
-79
32
58
8
-25
82
-119
141
-212
61
-75
-1
-73
-11
64
-215
141
-71
-71
-29
88
-135
45
-8
82
-65
-43
103
8
-229
205
31
-293
243
-134
-130
163
-289
192
-165
-215
173
-382
176
-248
-103
148
-358
84
-161
134
-205
-158
285
-297
-119
96
33
-228
13
92
-60
-180
231
-230
209
-246
7
245
-434
412
-253
56
227
-426
344
-104
-65
52
-60
150
-111
-12
198
-106
57
-48
150
95
-213
213
98
-222
169
-12
86
79
-163
372
-184
-1
265
-240
359
-214
127
159
-88
41
165
-57
-19
239
-266
286
-82
-4
183
-148
201
-57
49
29
128
-85
40
116
36
-61
29
94
-53
-35
105
25
163
-295
336
-103
-80
142
-168
295
-315
39
140
-272
59
-46
2
-41
-46
97
-160
78
-84
-8
24
-34
109
-106
86
137
-442
448
-357
90
129
-278
358
-344
111
-45
-94
60
-175
26
42
-115
-257
433
-518
164
29
-198
181
-256
296
-108
-62
150
54
-208
212
102
-190
70
193
-140
-175
338
-180
-63
-3
89
-13
-369
379
-251
75
-183
170
116
-433
281
58
-256
34
257
-214
64
-56
121
39
-518
794
-603
165
105
-227
276
-547
495
-301
-86
407
-425
223
144
-384
343
-244
98
21
-157
131
80
-269
1
163
-167
-184
229
-119
6
-237
270
-90
-271
381
-422
410
-336
-4
331
-447
319
-214
38
285
-551
516
-121
-194
375
-311
258
28
-164
374
-176
54
99
-9
86
-73
144
-6
29
-29
98
37
-19
76
-20
227
-163
74
304
-158
28
224
-53
38
305
-271
376
-122
-103
131
-49
204
-309
268
92
-172
-188
376
-21
-404
509
-172
-28
245
-363
439
-191
-90
221
-86
170
-72
-98
548
-533
21
508
-759
721
-564
122
460
-1028
929
-423
-195
371
-439
157
-52
-41
-57
163
-225
151
-242
21
81
-316
244
-234
26
-97
-96
100
-281
234
-165
-14
-48
19
-150
-47
60
-176
130
-128
-283
463
-630
127
276
-684
536
-298
-88
218
-159
-27
68
-192
111
-219
65
67
-237
180
-225
223
-257
-160
529
-658
257
241
-536
460
-191
-369
559
-509
-23
219
-116
-38
52
173
-306
408
-639
678
-133
-669
1131
-652
-307
693
-680
94
51
-198
341
-336
293
21
-416
339
-98
-79
201
39
339
-676
534
110
-740
829
-257
-220
443
-454
324
-102
-128
356
-250
25
229
-79
39
126
49
-145
156
48
-194
369
-239
61
209
-344
347
-185
86
92
-256
349
-193
3
148
-76
71
-255
313
-131
-42
300
-210
155
-34
-81
185
-191
145
169
-199
186
-130
-9
7
-163
244
-147
154
-75
-27
222
-433
410
-155
-243
404
-443
267
4
-231
430
-403
43
223
-323
208
-114
-25
124
-112
39
-43
91
-41
-65
198
-99
129
-156
187
98
-309
280
-120
71
-145
41
154
-225
68
12
77
-52
-128
238
-212
28
-39
-154
173
-50
-225
300
34
-238
215
0
79
44
-15
183
-8
-141
192
160
-142
139
89
-128
278
-117
141
91
-106
61
-3
112
6
83
55
-31
9
-1
145
-22
51
160
-82
-15
49
90
-81
14
30
-64
44
-20
-66
140
-141
23
30
-61
111
-29
-70
358
-152
33
283
-166
130
-33
98
145
-138
120
175
-141
-182
26
-8
-51
6
88
-7
-199
-224
-5
6
-125
163
45
-74
-196
-72
-22
-114
97
109
95
-63
-58
41
-141
97
-40
47
100
17
71
33
138
-17
-109
136
62
47
133
215
75
-181
6
22
-165
77
147
12
92
-146
12
-71
-157
-12
27
6
-62
-72
-67
-109
-206
-53
1
-132
-37
-27
-30
-88
-60
-45
-61
-41
18
61
35
-60
-129
30
-180
-70
13
-36
39
-143
-98
-71
-186
-118
-33
-53
-38
-135
-10
-92
-158
-59
-30
2
-53
11
60
-39
-42
-46
19
-96
-71
109
-16
8
-4
-64
-53
-137
2
32
23
-39
-12
-72
-105
-102
-27
-5
-8
118
26
20
-4
-37
-46
4
32
69
69
94
125
40
137
113
88
265
187
261
217
253
204
268
225
314
322
253
304
270
282
182
235
222
143
248
146
205
94
88
105
17
60
10
55
-5
45
-29
-39
-107
-163
-174
-246
-166
-260
-189
-193
-301
-326
-352
-360
-397
-288
-352
-252
-382
-296
-337
-422
-381
-476
-298
-382
-305
-351
-420
-626
-674
-653
-777
-700
-750
-834
-987
-1172
-1274
-1354
-1336
-1264
-252
502
519
432
694
372
-31
1070
2250
2301
1828
2083
1953
961
908
1767
1638
1038
1375
1482
1015
312
-100
-416
-1041
-976
-656
-258
-526
-1036
-1488
-1576
-1653
-1633
-897
-211
-139
-152
467
634
475
667
1224
1751
1790
2238
2645
2365
1907
1896
1843
1560
1443
1386
1385
722
281
-43
-626
-995
-1039
-958
-903
-1028
-1139
-1242
-1401
-1360
-1169
-894
-532
-364
-69
127
133
123
29
186
339
445
584
555
340
-82
-292
-451
-580
-746
-728
-818
-1035
-1229
-1429
-1711
-1947
-1929
-1836
-1561
-1455
-1402
-1489
-1755
-1926
-1927
-1962
-2033
-1913
-1866
-1962
-818
1094
1949
1214
1114
1176
311
799
3555
4987
3482
2295
2292
1110
-457
787
2273
1271
276
920
871
-747
-1626
-1721
-2448
-2659
-1401
-24
-145
-1013
-1898
-2667
-2508
-1449
-122
932
1269
1033
839
1042
1516
1586
1664
2131
2538
2631
2663
2254
1311
409
239
523
891
934
457
-320
-1164
-1586
-1609
-1596
-1436
-1248
-1168
-872
-805
-611
-322
-180
11
527
1257
1519
1855
2247
2155
1808
1557
1470
1303
1042
1287
1316
565
134
-412
-1000
-1238
-1163
-951
-916
-885
-819
-938
-1178
-1335
-1177
-927
-376
292
588
660
400
-16
-86
-57
226
599
624
526
154
-198
-589
-837
-990
-1064
-870
-797
-998
-1273
-1800
-2087
-2194
-2192
-1842
-1765
-1904
-2131
-2484
-2614
-2875
-2822
-2519
-1456
769
2514
2409
1656
1374
599
305
2847
5655
5166
3109
2356
1245
-1013
-862
1354
1230
-338
26
540
-1000
-2548
-2609
-3121
-3772
-2294
76
559
-550
-1439
-2226
-2520
-1306
802
2265
2428
2074
1785
1900
2159
2365
2421
2392
2444
2505
2586
2206
1131
-45
-422
-188
31
363
156
-559
-1406
-1712
-1435
-1214
-1106
-835
-431
-150
72
216
179
-60
38
817
1600
2082
2301
2047
1385
910
922
1099
1199
1288
1073
525
-277
-910
-1243
-1507
-1339
-894
-695
-578
-795
-1110
-1182
-1219
-853
-343
148
519
668
511
245
11
-147
-122
-14
124
107
-71
-374
-697
-941
-1025
-915
-931
-829
-896
-1035
-1144
-1295
-1364
-1389
-1241
-1201
-1124
-1143
-1344
-1713
-2043
-2213
-2266
-2209
-2139
-2077
-2283
-1246
1186
2772
2306
1815
1693
455
641
3766
6284
5002
2470
1582
78
-1778
-348
2024
1499
-342
-430
-330
-1939
-2903
-2656
-2901
-2991
-1363
657
667
-658
-1657
-2153
-1558
191
2145
3149
2745
1955
1511
1794
2395
2468
2182
1983
1981
1849
1601
1237
140
-1028
-1164
-489
167
340
134
-513
-1378
-1672
-1249
-658
-299
75
421
544
455
366
299
251
335
687
1147
1291
1203
807
801
953
863
698
609
459
12
-2
224
-165
-829
-1379
-1368
-1291
-1216
-583
-531
-846
-945
-895
-642
-514
-338
-126
10
233
415
335
-58
-553
-857
-821
-486
-283
-367
-465
-796
-888
-868
-766
-583
-587
-438
-315
-255
-374
-591
-860
-1107
-1094
-937
-985
-1183
-1568
-2056
-2477
-2724
-2771
-3022
-3095
-2653
-585
2285
3343
2387
1517
800
-180
1438
5542
7358
4981
2170
1003
-1039
-2142
132
2219
1119
-485
-301
-921
-2753
-3383
-3134
-3047
-2368
-153
1359
824
-305
-1208
-1480
-554
1169
2686
3452
3361
2787
2098
2085
2060
1613
1213
1435
1911
1538
977
283
-888
-1773
-1650
-666
108
286
57
-571
-1160
-1253
-847
-350
108
536
749
788
798
572
160
-257
-330
103
619
1024
1064
483
-112
-455
-124
426
803
934
616
175
-327
-278
-100
-381
-580
-781
-851
-770
-748
-440
-574
-877
-836
-681
-168
50
149
297
202
143
-50
-135
-323
-627
-588
-445
-298
-323
-462
-552
-856
-774
-468
-308
-73
-93
-80
-169
-289
-403
-731
-898
-1002
-1003
-1096
-1485
-1908
-2424
-2857
-3048
-3162
-3160
-3303
-2844
-114
2971
3765
2646
1801
874
-170
2199
6327
7575
4935
1929
401
-1867
-2256
209
1729
706
-873
-1117
-1786
-2883
-2990
-2821
-2774
-2096
-266
1217
1412
1026
217
-425
-120
1114
2701
3777
3936
3375
2388
1800
1436
1029
795
811
949
535
-3
-406
-1122
-1614
-1636
-1165
-685
-418
-125
-94
-126
-209
-304
-229
-3
405
853
1056
896
405
-155
-501
-476
-125
154
240
215
-38
-257
-500
-642
-290
265
616
773
798
295
-461
-431
-37
74
207
113
-58
-622
-926
-499
-583
-557
-252
-66
252
464
635
473
52
-258
-331
-204
-95
120
25
-307
-679
-1009
-857
-709
-734
-497
-406
-352
-153
-38
-42
-313
-454
-597
-719
-664
-775
-1094
-1665
-2302
-2724
-2960
-2986
-2990
-3163
-3220
-3390
-2463
541
3395
3963
2880
2150
1199
720
3323
6519
6874
4163
1645
-30
-2093
-1833
41
715
-432
-1509
-1815
-2543
-2823
-2575
-2700
-3006
-2328
-500
942
1651
1794
1046
99
-41
1074
2868
4073
4244
3507
2298
1568
1235
1209
1012
625
213
-306
-346
-225
-348
-905
-1675
-1897
-1554
-597
394
708
542
-139
-633
-496
19
598
653
459
174
-90
-24
43
-66
-337
-555
-402
-110
227
312
-50
-288
-292
285
905
1116
885
228
-147
-175
308
602
482
99
-682
-1036
-1092
-705
-316
-329
-129
-64
59
300
336
213
-75
-214
-96
137
357
253
-132
-610
-925
-854
-742
-475
-393
-528
-503
-423
-54
244
182
-9
-331
-563
-725
-720
-759
-1129
-1654
-2231
-2580
-2593
-2576
-2545
-2578
-2769
-3040
-2892
-803
2526
4501
4104
3282
2521
1349
2054
4774
6650
5496
2877
1123
-865
-2013
-974
106
-493
-1643
-1932
-2244
-2612
-2382
-2268
-3023
-3403
-2119
-210
988
1703
1645
740
-4
220
1564
2934
3405
3082
2236
1501
1340
1447
1323
632
-70
-645
-784
-507
-309
-431
-966
-1372
-1425
-1031
-221
218
117
-164
-223
-107
50
400
549
322
6
-99
190
459
600
507
135
-243
-340
-112
201
283
151
274
552
861
883
794
336
-199
-62
420
877
925
467
-134
-845
-995
-637
-435
-193
40
176
262
336
243
-75
-397
-435
-122
250
348
232
-232
-732
-1041
-1169
-866
-597
-499
-392
-331
-216
-149
-196
-382
-569
-617
-653
-583
-528
-740
-1283
-1866
-2377
-2726
-2908
-2769
-2671
-2813
-2997
-3299
-3045
-1008
2049
3663
3341
2896
2276
1298
2154
4521
5793
4423
2467
1204
-561
-1195
-285
213
-755
-1812
-1914
-2206
-2245
-1823
-1822
-2608
-3077
-1976
-528
497
1314
1495
1076
696
966
1959
2735
2874
2621
2087
2065
2412
2739
2345
1304
307
-630
-956
-770
-350
-157
-526
-895
-1193
-1121
-817
-845
-1018
-1144
-882
-315
382
924
936
562
192
-9
228
757
1209
1172
784
582
533
541
418
23
-303
-165
155
433
504
328
-414
-985
-816
-399
-90
12
-130
-358
-497
-263
19
-124
-197
-167
-87
291
748
810
470
89
-130
-138
-105
-201
-347
-619
-637
-552
-500
-328
-498
-931
-1156
-1053
-659
-289
-137
-158
-337
-514
-668
-733
-863
-1178
-1426
-1574
-1748
-1921
-2019
-2091
-2562
-3018
-3176
-3158
-2674
-880
1678
2950
2815
2663
2377
1736
2281
3814
4574
3609
2558
2057
825
202
593
510
-757
-1677
-1587
-1687
-1704
-1326
-1220
-2002
-2625
-2035
-1183
-617
-100
300
458
676
1192
1969
2421
2245
1917
1677
1964
2538
3104
3108
2478
1644
709
106
-314
-524
-577
-735
-862
-1008
-926
-827
-1187
-1799
-2262
-2279
-1847
-1029
-151
429
652
676
617
661
846
973
1021
1019
1294
1681
1968
1979
1435
748
158
-158
-388
-442
-397
-462
-444
-442
-545
-729
-1073
-1281
-1280
-1076
-511
-71
225
454
532
562
529
440
325
263
314
360
413
384
249
-28
-313
-440
-662
-844
-870
-912
-814
-712
-644
-586
-724
-882
-1024
-1021
-981
-985
-942
-876
-978
-1231
-1604
-2029
-2371
-2442
-2307
-2345
-2449
-2642
-2723
-1715
131
1602
1830
1861
1981
1541
1905
3211
4175
3639
2390
1715
1003
752
1309
1584
801
-234
-732
-1131
-1392
-1231
-1232
-1822
-2301
-1954
-1205
-735
-474
-545
-815
-730
-132
845
1793
2181
2121
1834
1925
2442
2937
3038
2652
2374
2089
1799
1485
1085
669
-46
-731
-1044
-995
-829
-1023
-1530
-2071
-2475
-2542
-2283
-1766
-1220
-742
-295
165
622
988
1225
1295
1245
1321
1696
2307
2792
2746
2275
1652
919
356
29
-242
-643
-1000
-1227
-1274
-1216
-1161
-1139
-1435
-1633
-1489
-1236
-927
-526
-128
167
385
599
801
751
576
367
96
38
235
404
390
307
94
-197
-503
-726
-779
-917
-1042
-1037
-986
-928
-987
-1136
-1372
-1612
-1660
-1568
-1411
-1429
-1605
-1849
-2083
-2202
-2207
-2097
-2127
-2158
-1219
459
1653
1849
1899
1826
1340
1508
2568
3567
3382
2564
2012
1276
860
1177
1385
831
43
-366
-581
-710
-733
-1035
-1878
-2544
-2485
-1896
-1273
-757
-595
-813
-929
-751
-69
775
1265
1409
1367
1687
2365
2946
3060
2692
2319
2017
1886
1855
1783
1564
1027
401
-60
-316
-450
-798
-1446
-2060
-2432
-2493
-2381
-2187
-2006
-1837
-1516
-1053
-489
94
561
871
1026
1243
1732
2330
2769
2904
2895
2701
2251
1805
1427
920
290
-347
-774
-996
-1080
-1059
-1182
-1365
-1551
-1655
-1675
-1601
-1396
-1195
-977
-617
-146
315
604
665
481
180
-1
-63
-10
189
329
356
339
344
267
-11
-404
-790
-1048
-1146
-1032
-941
-1039
-1260
-1475
-1639
-1684
-1712
-1736
-1913
-2194
-2361
-2402
-2288
-2198
-2066
-2084
-1667
-464
874
1399
1420
1587
1535
1349
1863
2853
3192
2650
2078
1783
1270
1137
1284
1133
612
248
123
-103
-293
-520
-1087
-1880
-2203
-1959
-1566
-1246
-967
-868
-820
-649
-446
-79
457
867
1064
1252
1875
2522
2844
2859
2700
2559
2380
2275
2094
1857
1606
1266
814
448
245
6
-536
-1261
-1799
-2102
-2174
-2182
-2228
-2257
-2184
-1864
-1415
-906
-369
55
324
507
861
1259
1639
1965
2236
2499
2695
2694
2350
1776
1195
661
138
-264
-595
-854
-1044
-1154
-1248
-1326
-1441
-1590
-1720
-1692
-1511
-1285
-975
-602
-156
288
552
588
471
276
121
49
97
250
395
477
579
628
499
203
-162
-498
-684
-747
-735
-807
-990
-1215
-1416
-1545
-1641
-1650
-1752
-1904
-2122
-2238
-2279
-2284
-2256
-2164
-2013
-1825
-1006
229
1162
1363
1578
1752
1570
1642
2349
3014
2808
2268
1988
1660
1289
1360
1412
1049
573
358
165
-104
-267
-517
-1110
-1741
-1914
-1711
-1504
-1356
-1288
-1233
-1061
-873
-524
58
485
586
656
1043
1788
2428
2793
2878
2788
2678
2554
2403
2124
1837
1481
988
574
427
359
-46
-697
-1227
-1612
-1923
-2183
-2374
-2526
-2569
-2393
-2003
-1474
-867
-324
-27
81
309
625
984
1368
1738
2134
2456
2652
2562
2397
2036
1508
857
210
-233
-470
-586
-641
-825
-1042
-1165
-1388
-1503
-1559
-1586
-1547
-1371
-1016
-585
-193
96
220
219
204
233
209
224
342
370
453
566
616
565
373
122
-58
-189
-262
-413
-652
-945
-1241
-1499
-1683
-1714
-1712
-1816
-2003
-2227
-2287
-2271
-2332
-2364
-2448
-2350
-2361
-1773
-454
881
1333
1541
1943
1960
1867
2305
3025
2940
2265
1841
1784
1494
1548
1723
1513
974
559
363
57
-240
-526
-945
-1496
-1731
-1547
-1296
-1298
-1377
-1377
-1266
-1066
-727
-148
207
232
380
763
1431
2132
2651
2819
2744
2735
2678
2462
2079
1725
1369
986
738
649
577
231
-393
-1010
-1429
-1773
-2062
-2277
-2465
-2566
-2448
-2066
-1610
-1111
-632
-346
-235
-80
242
560
915
1325
1737
2111
2448
2614
2546
2331
1890
1309
721
307
22
-237
-491
-701
-943
-1125
-1244
-1401
-1561
-1686
-1702
-1585
-1347
-1026
-636
-308
-79
111
214
271
296
333
413
464
520
655
723
714
623
462
283
109
-38
-255
-494
-738
-1044
-1336
-1570
-1657
-1744
-1849
-1964
-2125
-2162
-2081
-2072
-2181
-2238
-2213
-2106
-2064
-1472
-281
963
1406
1595
2084
2248
2218
2494
3037
2881
2163
1770
1776
1470
1401
1620
1494
915
436
335
-49
-489
-772
-1014
-1517
-1786
-1475
-1186
-1220
-1269
-1166
-1077
-1022
-803
-338
-76
63
393
826
1423
2065
2551
2595
2436
2397
2271
2021
1736
1456
1147
813
609
492
300
22
-456
-1013
-1395
-1630
-1868
-2129
-2320
-2225
-1956
-1567
-1104
-689
-428
-331
-206
10
381
734
1133
1520
1878
2207
2537
2593
2336
2050
1590
1109
618
246
-46
-367
-747
-962
-1139
-1294
-1392
-1578
-1686
-1769
-1701
-1515
-1270
-1016
-659
-319
-113
109
284
383
428
444
455
460
449
524
544
464
406
277
91
-109
-328
-593
-840
-1065
-1264
-1461
-1568
-1704
-1820
-1972
-2035
-2015
-1994
-1977
-2034
-2020
-2001
-1993
-2038
-1952
-1904
-1180
90
1279
1679
1953
2517
2511
2357
2701
3220
2820
2038
1791
1873
1581
1584
1734
1302
606
264
295
-114
-507
-693
-969
-1466
-1611
-1223
-1052
-1157
-1158
-1056
-1039
-895
-561
-96
206
474
864
1228
1820
2402
2695
2613
2407
2265
2020
1771
1484
1097
748
473
268
62
-138
-340
-750
-1224
-1586
-1870
-2072
-2133
-2060
-1815
-1526
-1139
-730
-395
-150
13
202
362
667
1076
1477
1729
2009
2203
2216
2062
1869
1509
951
444
-50
-381
-708
-932
-1086
-1268
-1471
-1535
-1599
-1646
-1586
-1481
-1249
-1046
-740
-406
-123
147
441
704
803
832
797
745
632
496
391
370
329
274
211
57
-87
-329
-545
-775
-1003
-1138
-1294
-1422
-1525
-1527
-1568
-1571
-1537
-1503
-1522
-1506
-1540
-1603
-1605
-1538
-1418
-1430
-1347
-1315
-520
775
1889
2060
2268
2536
2215
2055
2564
3047
2401
1769
1795
1865
1279
1280
1440
807
-22
-150
84
-406
-735
-826
-1116
-1673
-1582
-1035
-1008
-1207
-1171
-982
-908
-558
-84
355
612
866
1227
1561
2168
2550
2459
2154
1966
1746
1365
1072
768
393
90
-27
-147
-357
-538
-710
-1115
-1549
-1756
-1821
-1821
-1693
-1480
-1151
-789
-425
-107
127
335
359
439
570
1014
1533
1825
1930
1973
1904
1600
1320
1001
526
-77
-476
-765
-895
-1122
-1208
-1266
-1444
-1431
-1327
-1202
-1168
-1109
-949
-673
-445
-50
365
644
837
920
968
891
724
453
304
172
73
45
49
82
1
-193
-429
-603
-871
-1059
-1210
-1282
-1309
-1259
-1206
-1179
-1131
-1121
-1143
-1333
-1565
-1696
-1726
-1634
-1576
-1537
-1523
-1486
-1419
-1472
-581
873
2052
2055
2098
2419
2138
1955
2697
3258
2507
1769
1813
1898
987
904
1122
371
-612
-597
-35
-557
-1015
-976
-1133
-1681
-1614
-1060
-979
-1189
-1084
-728
-566
-105
288
606
888
1106
1320
1474
1943
2201
2032
1806
1614
1209
679
362
105
-294
-490
-437
-506
-711
-790
-812
-1005
-1367
-1577
-1532
-1343
-923
-545
-143
123
294
398
445
525
507
498
674
1150
1522
1741
1702
1532
1054
661
444
127
-303
-674
-792
-830
-791
-720
-572
-784
-998
-1110
-1062
-935
-806
-547
-274
81
363
676
842
816
668
546
499
438
348
307
317
140
-18
-160
-264
-366
-502
-541
-563
-600
-602
-585
-600
-648
-686
-683
-714
-766
-815
-860
-909
-992
-1200
-1321
-1499
-1583
-1771
-1813
-1795
-1866
-1792
-1844
-959
781
2369
2490
2310
2439
2028
1579
2454
3612
2994
1942
1829
1949
733
276
681
-140
-1315
-1223
-292
-628
-1157
-942
-1104
-1898
-1812
-876
-709
-886
-683
-174
81
455
853
1000
1147
1213
1325
1500
1922
2123
1751
1333
1055
544
-2
-286
-468
-666
-606
-325
-326
-635
-755
-850
-1028
-1119
-1060
-689
-418
38
442
705
751
419
176
87
222
339
553
926
1352
1463
1338
1079
632
31
-270
-154
-37
-52
-43
-95
-339
-630
-791
-796
-1065
-1099
-895
-625
-371
-180
11
17
-28
17
251
407
542
600
595
603
465
227
-54
-261
-513
-650
-596
-479
-371
-351
-392
-507
-672
-747
-753
-713
-546
-311
-195
-291
-456
-678
-847
-1037
-1222
-1370
-1507
-1564
-1567
-1515
-1563
-1667
-1824
-1915
-1796
-1629
-633
1150
2633
2617
2318
2452
1978
1519
2340
3462
2758
1618
1670
1794
481
-265
106
-621
-1613
-1281
-171
-309
-822
-644
-848
-1429
-1252
-446
-379
-481
-91
404
679
939
1105
921
854
893
994
1160
1433
1550
1191
826
635
205
-291
-570
-589
-509
-339
-160
-168
-367
-578
-633
-651
-492
-359
-110
142
374
490
348
166
-140
-214
-109
167
399
606
882
1025
952
693
513
149
-107
26
301
416
312
257
-38
-462
-712
-739
-853
-913
-730
-485
-286
-179
-46
-77
-143
-70
115
330
472
518
511
457
329
124
-93
-261
-376
-379
-322
-303
-348
-407
-461
-493
-457
-399
-356
-256
-157
-74
-106
-163
-332
-548
-751
-864
-938
-1009
-1107
-1225
-1302
-1571
-1656
-1816
-1744
-1871
-1726
-1634
-1474
-1413
-995
721
2149
2474
1812
2077
1758
1175
1913
3570
3475
1563
1167
1244
273
-938
-102
120
-937
-861
281
596
-598
-861
-1042
-1587
-1521
-437
264
189
398
512
560
531
579
387
356
678
924
1272
1719
1845
1347
692
431
202
-103
-162
-42
52
3
52
53
-31
-359
-522
-469
-368
-162
-31
193
83
-120
-274
-306
-328
-274
-1
216
358
472
636
517
305
174
173
139
218
474
514
326
70
-270
-736
-1060
-1085
-933
-874
-670
-414
-334
-295
-282
-312
-351
-250
-51
247
499
653
669
637
526
291
55
-121
-217
-308
-256
-196
-210
-182
-164
-180
-212
-249
-252
-197
-92
20
65
69
-5
-126
-228
-362
-541
-768
-966
-1100
-1107
-1110
-1136
-1210
-1315
-1560
-1727
-1639
-1501
-1480
-1207
-1022
-524
917
2303
2452
1627
1722
1475
873
1635
3321
3060
1301
1010
1097
63
-875
203
343
-668
-526
365
202
-1016
-1293
-1438
-1701
-1299
-226
241
220
200
-103
-211
-194
12
46
408
1038
1300
1540
1688
1408
725
150
-33
-102
-165
51
366
469
340
40
-237
-442
-687
-651
-409
-181
-29
-21
69
-104
-355
-471
-493
-417
-227
108
281
429
468
550
502
500
536
357
397
419
418
188
19
-182
-516
-703
-645
-497
-502
-322
-240
-202
-279
-306
-220
-143
56
226
419
552
612
559
467
279
35
-56
-40
-16
-23
35
92
-14
-107
-83
-89
-162
-190
-48
94
151
214
259
214
82
-1
-84
-233
-393
-492
-618
-801
-993
-1160
-1293
-1381
-1422
-1423
-1430
-1446
-1428
-1440
-1317
-1246
-988
-989
-581
770
1942
2022
1416
1645
1247
646
1388
2839
2582
1107
1134
1142
17
-801
196
314
-706
-577
121
-119
-1187
-1162
-1001
-1221
-1129
-410
74
44
79
-72
-23
-72
13
383
866
1217
1037
952
909
714
480
354
382
319
313
359
540
513
193
-155
-243
-131
-150
-2
148
60
-138
-257
-331
-570
-741
-673
-467
-281
-19
179
304
374
267
220
284
272
213
308
525
483
221
72
-67
-313
-433
-375
-337
-348
-300
-133
-92
-185
-254
-247
-95
42
198
365
355
315
300
295
307
248
199
228
189
246
331
302
280
180
144
207
183
117
117
107
107
79
75
67
-39
-123
-242
-476
-669
-827
-967
-1051
-1103
-1134
-1193
-1181
-1147
-1240
-1292
-1314
-1400
-1523
-1432
-1215
-1090
-918
-906
-356
627
1406
1247
940
1245
837
495
1475
2611
1918
815
1196
1051
-180
-500
607
416
-451
-14
517
-87
-995
-830
-778
-993
-829
-170
99
-95
-209
-386
-251
-397
-353
127
675
845
595
676
768
592
413
594
763
676
680
857
1047
757
368
184
171
159
85
193
164
-139
-384
-451
-599
-836
-901
-707
-464
-288
-93
58
80
-5
-9
94
244
289
506
796
854
671
506
389
153
-48
-21
27
-71
-80
20
26
-110
-273
-342
-291
-165
-21
97
104
83
84
148
216
206
241
307
360
414
453
399
284
198
154
166
159
146
93
49
-22
-152
-298
-373
-413
-445
-456
-539
-676
-781
-825
-919
-1015
-1080
-1169
-1216
-1180
-1027
-977
-962
-1012
-1063
-1112
-1058
-979
-981
-981
-1016
-944
-1005
-401
395
813
594
620
820
475
577
1490
1939
1204
947
1500
1220
561
682
1114
518
113
582
689
149
-314
-267
-494
-696
-676
-473
-391
-431
-386
-354
-219
-460
-482
-98
320
449
473
796
921
927
1007
1159
1053
807
777
905
1085
959
742
548
409
212
40
28
-148
-511
-722
-582
-543
-693
-780
-778
-829
-881
-682
-437
-284
-227
-123
77
176
184
156
282
397
435
549
688
666
459
350
237
83
-76
-76
-12
-36
-77
-69
-62
-242
-386
-395
-307
-211
-107
104
225
258
216
224
243
240
252
321
472
523
507
503
498
334
160
104
129
90
42
90
49
-139
-367
-517
-634
-756
-821
-794
-784
-835
-868
-863
-866
-923
-976
-983
-958
-933
-882
-808
-784
-775
-805
-829
-857
-919
-939
-927
-902
-908
-717
-361
-111
-115
-118
-16
33
225
491
690
586
551
616
631
733
715
688
608
786
871
892
969
866
666
572
750
625
393
303
298
212
191
349
283
84
-56
-51
-127
-259
-288
-211
-51
43
156
184
176
111
81
209
276
233
208
402
560
583
569
544
428
306
347
398
353
216
167
194
248
182
41
-35
-157
-285
-283
-117
-149
-264
-255
-136
-151
-247
-229
-211
-181
-133
46
217
302
314
374
500
506
474
473
559
580
588
603
593
519
360
271
217
146
-29
-99
-71
-98
-198
-263
-295
-406
-474
-463
-411
-452
-507
-477
-426
-409
-413
-395
-432
-504
-571
-530
-502
-542
-590
-595
-576
-625
-628
-560
-509
-552
-568
-547
-536
-582
-620
-620
-658
-726
-708
-577
-511
-513
-490
-281
-95
-40
-75
-64
-112
-225
-61
185
288
202
320
400
396
460
506
513
465
610
683
840
942
822
635
611
620
396
299
307
251
95
157
241
99
-67
-143
-120
-224
-278
-268
-190
-96
-46
37
80
89
6
77
248
303
266
358
597
675
682
703
710
571
471
509
523
438
269
256
317
302
120
-55
-164
-344
-445
-339
-202
-295
-355
-241
-139
-195
-233
-183
-119
-15
169
398
494
506
487
485
475
423
411
433
459
479
469
418
300
104
-84
-186
-219
-203
-160
-121
-149
-262
-347
-394
-494
-545
-511
-450
-431
-427
-392
-397
-460
-541
-587
-601
-569
-493
-387
-286
-280
-328
-342
-339
-374
-390
-319
-217
-166
-197
-219
-243
-326
-434
-458
-414
-431
-467
-489
-525
-648
-802
-836
-849
-863
-827
-616
-410
-358
-406
-403
-382
-340
-110
150
314
366
474
526
542
602
621
631
653
767
787
855
845
647
463
435
445
262
188
218
184
85
107
154
31
-100
-124
-53
-29
11
85
175
235
260
326
433
474
432
501
656
728
694
734
769
668
605
638
623
506
422
383
304
183
71
-17
-97
-174
-287
-314
-283
-334
-392
-329
-237
-260
-260
-151
-87
-114
-97
-33
25
93
176
226
259
235
196
193
198
142
85
124
178
170
147
201
201
63
-49
-67
-97
-186
-184
-121
-150
-282
-348
-350
-403
-457
-450
-403
-374
-334
-253
-180
-142
-161
-132
-32
64
124
135
167
200
184
150
105
8
-122
-164
-141
-186
-306
-379
-470
-591
-645
-649
-689
-784
-796
-732
-683
-687
-721
-744
-763
-771
-722
-625
-548
-465
-347
-270
-299
-324
-290
-238
-105
69
174
161
216
273
263
282
332
356
387
498
542
545
559
514
393
386
462
406
350
380
417
377
404
461
387
272
248
320
379
408
403
437
492
497
466
466
463
375
355
465
542
465
409
460
434
341
252
194
136
83
76
129
175
132
14
-65
-67
-145
-217
-171
-124
-122
-110
-54
-81
-124
-138
-157
-112
-50
-14
13
79
65
-31
-60
-75
-128
-148
-112
-126
-158
-157
-175
-254
-333
-380
-433
-449
-419
-360
-257
-180
-163
-154
-93
-35
-29
-18
83
210
297
357
376
353
298
280
248
217
169
105
54
3
-49
-142
-228
-295
-357
-409
-381
-338
-360
-403
-412
-433
-470
-471
-464
-475
-463
-394
-327
-303
-307
-349
-413
-467
-477
-493
-503
-489
-466
-478
-487
-436
-404
-407
-452
-427
-375
-298
-139
30
141
168
217
213
225
303
401
484
569
684
715
723
726
668
582
589
632
619
626
639
638
610
584
535
405
304
285
267
211
177
162
194
188
162
115
55
19
-33
11
76
110
109
119
157
150
131
87
75
77
91
129
138
110
72
54
66
83
48
-3
-30
-50
-88
-117
-127
-154
-215
-232
-193
-191
-227
-268
-260
-263
-295
-296
-284
-257
-214
-138
-71
-8
40
72
101
100
130
195
242
302
345
370
376
318
259
220
196
163
100
60
17
-53
-101
-113
-149
-189
-198
-168
-140
-145
-110
-97
-139
-193
-231
-227
-224
-230
-243
-231
-223
-282
-344
-393
-422
-450
-466
-444
-413
-392
-386
-390
-413
-452
-492
-510
-518
-522
-519
-533
-517
-516
-520
-523
-524
-506
-473
-397
-333
-268
-192
-115
-73
-12
69
111
190
311
429
475
543
595
599
639
700
735
735
750
727
698
707
677
573
480
402
277
207
194
158
99
88
68
-14
-47
-33
-43
-114
-108
-47
-14
35
63
87
87
100
101
140
238
278
273
291
326
295
244
213
204
161
130
131
98
56
-35
-75
-98
-135
-172
-178
-146
-154
-174
-170
-150
-158
-150
-136
-92
-29
22
50
48
88
117
90
49
39
76
94
89
95
80
56
27
-16
-31
-23
-22
-17
22
62
59
57
76
69
37
29
69
81
69
25
-28
-41
-79
-125
-162
-160
-156
-196
-211
-193
-208
-259
-306
-319
-320
-315
-286
-265
-256
-270
-285
-269
-245
-237
-267
-306
-288
-262
-252
-259
-253
-214
-212
-230
-228
-192
-176
-183
-172
-137
-94
-75
-53
-26
-11
-2
34
95
126
141
150
168
178
198
223
227
220
189
168
174
191
199
197
192
186
177
177
169
165
165
174
195
236
263
240
236
239
236
230
242
252
239
227
232
249
245
211
177
176
158
122
103
108
121
97
87
110
91
83
85
94
101
97
115
123
123
139
129
98
83
80
90
79
50
31
9
-8
-34
-72
-108
-143
-168
-180
-178
-165
-157
-155
-159
-144
-129
-129
-128
-125
-121
-139
-135
-95
-78
-94
-111
-103
-103
-127
-140
-130
-120
-110
-116
-127
-129
-115
-116
-151
-168
-164
-119
-92
-102
-101
-90
-105
-144
-157
-139
-142
-165
-159
-124
-96
-125
-141
-125
-122
-116
-117
-75
-18
3
21
46
72
88
82
80
109
110
107
94
96
99
37
7
-22
-52
-75
-89
-78
-86
-124
-124
-97
-112
-122
-120
-89
-76
-38
2
37
54
48
113
164
199
207
210
255
254
223
220
240
229
180
171
196
179
151
124
100
81
52
24
3
16
28
17
14
29
34
34
40
56
65
61
57
52
85
110
124
99
116
149
105
96
80
78
64
40
47
44
14
-25
-69
-78
-59
-97
-124
-134
-136
-139
-138
-130
-149
-160
-158
-162
-171
-172
-170
-169
-195
-188
-157
-167
-179
-201
-172
-154
-155
-133
-118
-103
-126
-119
-77
-74
-72
-82
-59
-27
-59
-95
-112
-94
-115
-132
-97
-100
-116
-148
-156
-157
-165
-133
-100
-69
-57
-11
24
39
53
54
68
100
127
145
189
196
187
178
170
179
146
103
96
104
105
103
93
76
39
4
4
23
48
46
50
73
113
134
124
124
152
185
215
228
257
266
251
247
244
266
257
219
215
224
226
192
156
165
158
143
129
161
186
150
126
122
112
93
80
69
85
54
37
44
14
2
-35
-43
-33
-20
-16
-25
-33
-48
-59
-90
-99
-90
-84
-91
-106
-81
-71
-97
-98
-114
-137
-163
-177
-168
-178
-200
-213
-224
-219
-228
-246
-241
-280
-299
-297
-300
-297
-319
-303
-290
-290
-272
-259
-256
-244
-221
-210
-202
-184
-159
-164
-165
-152
-133
-145
-167
-153
-123
-96
-107
-128
-110
-106
-127
-136
-110
-85
-75
-31
23
35
8
-2
9
39
71
84
103
134
148
137
129
118
113
96
107
153
166
154
127
150
168
143
137
136
164
173
175
209
220
217
232
245
242
263
274
275
259
250
289
280
254
242
237
242
215
195
188
164
140
133
143
136
113
124
139
126
116
100
91
77
52
50
36
19
21
3
-25
-51
-58
-77
-105
-128
-139
-131
-118
-131
-143
-136
-134
-133
-137
-132
-132
-141
-137
-124
-133
-148
-160
-161
-152
-151
-153
-142
-142
-130
-120
-122
-103
-86
-67
-65
-57
-27
-14
-17
-21
-11
0
-6
-7
-10
-2
5
-18
-27
-12
-32
-59
-80
-88
-114
-170
-160
-155
-179
-187
-205
-187
-192
-190
-164
-162
-132
-133
-121
-89
-68
-50
-48
-29
-11
-4
12
22
16
9
1
-7
-24
-34
-35
-27
-52
-62
-37
-7
-6
-10
0
-1
22
38
56
87
101
137
162
167
203
211
236
240
246
285
293
301
295
304
296
260
262
266
258
236
241
249
235
237
234
218
221
235
223
219
235
232
207
191
191
172
138
118
105
80
29
12
12
-13
-38
-58
-78
-104
-104
-101
-119
-140
-123
-93
-103
-112
-104
-107
-146
-169
-137
-143
-175
-197
-193
-195
-226
-222
-212
-218
-235
-225
-184
-161
-153
-127
-99
-65
-44
-3
35
39
69
92
131
143
132
153
184
182
161
161
169
159
133
145
145
112
70
58
62
20
-7
-12
-25
-41
-49
-36
-47
-62
-63
-74
-74
-79
-75
-91
-121
-101
-83
-93
-120
-139
-132
-128
-145
-169
-174
-183
-207
-211
-210
-206
-216
-227
-202
-189
-181
-166
-160
-126
-116
-110
-85
-55
-28
-51
-38
-20
-3
13
12
25
23
25
33
31
42
69
70
71
91
126
128
117
126
155
172
161
181
203
200
195
222
234
207
182
171
182
160
147
134
110
102
91
86
97
79
55
51
66
77
63
48
42
53
28
29
37
25
7
-11
-16
-36
-55
-82
-102
-132
-132
-140
-165
-184
-172
-158
-173
-147
-117
-108
-103
-82
-53
-38
-30
5
12
19
34
48
55
40
39
40
46
37
38
59
48
32
41
37
20
15
29
20
6
4
3
-6
-16
-22
-35
-40
-41
-40
-38
-40
-43
-39
-57
-61
-50
-45
-46
-56
-62
-59
-64
-86
-93
-90
-104
-119
-127
-133
-125
-147
-157
-135
-131
-140
-132
-113
-98
-104
-98
-74
-71
-58
-57
-50
-39
-40
-25
-19
-15
0
14
24
43
49
51
45
67
74
71
68
78
93
58
62
93
98
82
81
93
94
78
72
97
105
89
86
98
114
99
80
87
85
72
60
69
77
62
37
25
36
25
-10
-34
-15
-21
-55
-62
-62
-61
-90
-95
-81
-88
-89
-95
-93
-82
-67
-57
-72
-59
-39
-22
-26
-45
-2
12
-2
2
28
56
30
21
47
49
21
21
40
25
28
33
60
71
53
60
79
89
76
77
95
97
100
96
83
77
61
73
79
85
85
82
86
73
57
39
57
47
15
21
40
44
27
19
21
0
-44
-53
-44
-55
-65
-84
-78
-66
-84
-93
-98
-90
-94
-101
-92
-88
-68
-80
-84
-71
-69
-63
-69
-56
-52
-63
-44
-46
-65
-76
-63
-47
-67
-62
-43
-52
-61
-57
-43
-35
-46
-41
-25
-25
-28
-23
-5
9
-5
-8
9
22
21
11
16
31
38
17
16
46
56
39
24
30
37
7
-9
14
14
-26
-41
-22
-29
-46
-50
-61
-56
-55
-56
-44
-45
-24
-28
-29
-3
-1
2
-1
10
12
11
28
31
39
40
44
55
48
53
49
46
37
20
26
49
47
31
53
72
67
60
65
72
63
70
66
69
86
74
72
72
80
66
45
57
61
57
57
53
63
58
50
55
65
49
35
22
12
8
-1
-2
-13
1
-4
-18
-13
-23
-31
-45
-36
-28
-53
-66
-63
-61
-72
-76
-75
-79
-81
-78
-63
-65
-67
-64
-66
-66
-74
-69
-51
-53
-55
-57
-50
-44
-52
-54
-59
-44
-48
-58
-65
-59
-41
-50
-57
-51
-44
-42
-24
-23
-23
-14
-7
-7
-6
14
23
17
31
53
34
16
34
54
27
9
22
38
25
10
26
20
12
14
14
9
13
20
15
7
26
47
51
49
62
78
73
58
74
80
54
43
59
59
35
31
43
43
16
10
17
10
-7
-19
-12
-17
-34
-37
-39
-36
-42
-35
-43
-43
-35
-50
-45
-51
-51
-52
-64
-39
-46
-64
-58
-49
-51
-66
-55
-41
-48
-54
-43
-33
-37
-43
-34
-22
-35
-26
-14
-18
-17
-27
-11
0
-2
3
22
40
26
13
39
55
37
31
51
59
55
61
78
87
73
75
84
110
89
80
103
94
82
73
83
78
54
65
62
48
48
41
22
10
14
18
-3
1
13
-7
-13
-26
-13
-5
-29
-19
1
13
4
-1
18
5
-5
-8
-6
-4
-31
-14
-4
-44
-41
-45
-44
-50
-66
-52
-59
-73
-66
-66
-74
-71
-52
-45
-60
-43
-25
-11
-18
-40
-10
-15
-35
-25
-14
-8
-33
-25
-7
-11
-24
-22
2
-8
-28
-19
-18
-23
-33
-55
-24
-19
-29
-33
-38
-27
-34
-40
-36
-27
-30
-29
-7
-10
-4
8
0
6
6
2
20
10
15
34
30
26
34
60
50
46
46
55
62
28
25
52
45
20
22
49
66
29
28
62
53
21
25
52
40
32
42
50
56
43
38
54
56
43
47
49
67
47
30
48
43
29
17
31
22
4
3
-1
-5
-22
-16
-16
-28
-26
-25
-32
-25
-29
-37
-35
-32
-27
-36
-25
-28
-32
-25
-34
-31
-29
-24
-25
-37
-34
-26
-36
-39
-40
-44
-34
-36
-38
-39
-31
-43
-49
-38
-38
-36
-50
-44
-29
-40
-50
-41
-32
-28
-43
-36
-12
-10
-16
-26
-1
4
-9
-5
5
28
13
6
22
32
27
19
27
45
35
16
35
40
31
11
21
35
24
23
18
34
35
23
32
31
46
44
31
53
56
46
46
48
54
44
52
52
46
52
42
48
37
31
37
24
27
36
18
15
20
17
23
3
5
16
8
10
-2
17
3
-14
-3
-12
-2
-17
-20
-6
-26
-18
-22
-36
-17
-31
-28
-35
-24
-21
-51
-35
-31
-31
-47
-52
-17
-32
-45
-42
-35
-35
-56
-45
-45
-54
-54
-58
-59
-62
-59
-61
-64
-55
-50
-47
-52
-42
-41
-44
-36
-33
-21
-19
-18
-14
-5
2
-9
-7
2
12
6
-3
14
26
15
9
13
19
15
6
20
30
17
14
30
36
29
28
41
50
43
33
52
55
36
43
49
45
48
49
38
37
44
38
27
23
40
30
7
24
39
18
