-42
-43
-37
-37
-34
-26
-15
-8
-5
10
18
23
36
40
50
52
60
70
76
82
84
91
90
88
89
92
89
84
86
83
77
72
69
66
52
47
42
36
30
32
28
24
25
23
23
22
21
16
22
23
20
26
22
17
9
8
1
-12
-17
-28
-33
-46
-57
-67
-81
-95
-102
-106
-122
-128
-136
-143
-154
-162
-169
-187
-188
-197
-197
-198
-208
-213
-217
-218
-222
-220
-221
-221
-218
-212
-201
-194
-188
-177
-159
-145
-118
-91
-69
-37
-9
27
59
96
122
163
197
220
260
285
308
320
343
353
350
358
352
347
332
318
301
275
252
230
214
185
167
152
133
119
108
99
86
83
77
72
78
76
77
80
85
78
79
85
79
74
71
60
53
39
26
12
-18
-44
-70
-92
-118
-145
-166
-195
-218
-241
-254
-275
-299
-306
-316
-322
-321
-315
-318
-322
-317
-314
-309
-309
-297
-285
-280
-260
-250
-249
-244
-229
-221
-205
-184
-171
-145
-110
-74
-44
-19
18
43
73
126
169
194
221
263
285
296
334
340
343
351
368
373
363
357
325
303
268
228
208
165
126
99
75
38
11
-10
-43
-55
-70
-82
-73
-70
-65
-45
-22
-22
-5
15
18
32
47
60
75
91
97
99
104
87
81
80
50
41
34
27
19
17
8
-15
-21
-40
-35
-37
-56
-35
-36
-38
-33
-18
-16
-30
3
3
15
39
36
57
52
49
52
50
32
36
45
34
46
26
11
-1
-33
-44
-62
-69
-84
-85
-77
-93
-97
-105
-127
-149
-171
-174
-199
-206
-214
-238
-242
-266
-288
-306
-333
-342
-368
-388
-397
-395
-385
-357
-328
-304
-269
-242
-204
-157
-112
-73
-21
38
85
136
190
232
256
298
333
364
393
402
412
404
398
365
346
320
265
235
193
150
105
67
17
-24
-50
-77
-70
-63
-56
-26
-8
-8
16
33
45
66
95
122
135
172
185
210
222
224
229
221
223
213
217
216
208
208
199
181
167
147
137
132
102
96
76
62
59
49
37
11
6
-8
-16
-22
-25
-30
-54
-68
-84
-95
-113
-130
-129
-147
-158
-168
-175
-179
-194
-199
-196
-196
-191
-178
-161
-156
-156
-154
-168
-169
-169
-185
-185
-190
-193
-201
-217
-232
-251
-254
-260
-269
-265
-269
-275
-286
-283
-284
-303
-322
-334
-319
-289
-263
-231
-203
-168
-128
-77
-2
45
88
137
185
238
273
328
358
383
405
415
418
414
403
382
363
325
295
259
210
170
147
118
91
61
38
21
-14
-33
-53
-58
-70
-58
-31
-17
11
24
46
78
80
103
134
155
174
190
214
219
210
219
227
215
221
224
227
225
216
214
196
179
173
181
156
148
137
115
106
72
58
16
-8
-35
-63
-77
-116
-132
-137
-164
-179
-190
-188
-200
-196
-196
-210
-205
-223
-224
-242
-232
-231
-258
-215
-247
-219
-201
-259
-169
-210
-230
-183
-212
-207
-201
-192
-236
-197
-207
-277
-221
-268
-271
-274
-306
-274
-266
-304
-265
-249
-290
-229
-246
-255
-163
-180
-173
-85
-74
-67
-42
17
40
58
132
152
164
192
237
250
266
313
336
347
354
399
413
385
387
386
368
356
335
330
314
279
265
266
232
196
186
173
159
130
124
115
79
71
84
60
52
45
44
35
30
51
51
70
66
75
97
84
89
96
88
94
91
85
83
65
64
47
38
23
14
11
-7
17
24
30
33
23
43
12
9
-2
-27
-31
-55
-58
-74
-103
-108
-130
-131
-162
-169
-166
-203
-194
-197
-171
-230
-207
-186
-229
-210
-211
-191
-154
-205
-191
-101
-187
-179
-123
-96
-179
-127
-67
-119
-79
-134
-33
-123
-132
-63
-163
-126
-89
-179
-176
-104
-177
-227
-189
-150
-198
-249
-161
-126
-253
-185
-146
-171
-145
-118
-118
-95
-97
-93
-38
-57
-24
-26
25
74
89
126
190
210
232
293
323
333
328
379
381
370
363
387
380
333
346
332
330
293
289
314
259
252
250
242
204
169
167
158
130
108
107
100
65
57
74
63
58
63
97
93
78
97
85
86
57
62
78
28
47
31
51
11
-17
40
-20
-3
-12
-7
-4
-52
-20
-50
-89
-83
-117
-109
-173
-195
-176
-228
-216
-260
-244
-270
-310
-276
-304
-285
-286
-305
-257
-240
-270
-245
-170
-273
-120
-158
-222
7
-270
-26
-81
-128
85
-199
161
-68
-135
250
-166
83
140
-110
132
5
-43
139
-76
-11
142
-155
-25
88
-188
-80
-32
-194
-94
-137
-190
-127
-231
-235
-112
-173
-176
-86
-150
-136
-121
-138
-38
-73
-58
24
41
84
79
131
196
170
227
311
308
317
370
347
385
350
321
396
320
331
345
311
293
254
251
240
174
149
166
137
83
104
116
63
53
40
61
25
7
49
50
62
32
77
74
33
66
71
100
83
95
102
111
80
62
112
61
65
83
63
72
43
63
60
10
23
-11
-19
-62
-79
-67
-118
-135
-158
-165
-180
-224
-222
-207
-252
-221
-211
-309
-164
-265
-293
-194
-276
-172
-238
-133
-187
-92
-170
-191
65
-331
33
-19
-276
221
-292
64
-16
-219
163
-230
100
-59
-132
135
-211
-20
-69
-182
-43
-188
-118
-62
-251
-135
-99
-314
-157
-155
-277
-180
-217
-124
-139
-143
-45
-148
-40
-89
-42
68
-62
100
64
109
189
76
249
193
246
319
358
429
350
433
420
406
390
405
413
370
404
356
389
308
250
278
155
177
133
108
122
43
56
25
-45
-72
-90
-98
-135
-128
-103
-96
-117
-133
-105
-135
-135
-144
-106
-82
-106
-41
-31
-45
-53
-46
-34
-62
-24
26
26
9
44
17
18
36
25
63
37
58
72
40
39
-5
6
-25
-32
-27
-17
-43
-45
-18
-92
-66
-116
-82
-122
-110
-51
-108
-97
-69
-38
-169
-11
-44
-84
-30
-22
18
-175
93
-122
-16
-99
-159
213
-424
69
-33
-246
70
-378
92
-241
-248
52
-359
31
-235
-247
-17
-363
-148
-199
-292
-205
-215
-286
-181
-240
-354
-143
-291
-254
-85
-251
-134
-125
-165
-81
-91
-6
-82
79
47
93
185
101
297
212
315
382
339
447
416
477
456
427
473
436
406
418
386
363
360
269
258
266
176
158
146
112
94
34
19
-9
-74
-67
-66
-84
-116
-78
-84
-103
-117
-120
-79
-135
-128
-98
-71
-80
-65
-38
-28
-34
-33
23
30
47
95
69
137
98
100
142
108
143
112
159
120
101
118
84
76
31
29
35
-8
-66
-12
-41
-143
-34
-144
-156
-118
-184
-49
-111
-241
103
-294
-130
85
-413
130
-136
-232
117
-266
15
40
-432
333
-219
-266
393
-363
64
128
-298
209
-189
-178
143
-247
-118
29
-195
-188
-28
-243
-213
-110
-282
-240
-195
-321
-223
-264
-421
-212
-382
-401
-199
-331
-265
-235
-244
-233
-232
-137
-100
-136
23
15
49
194
101
263
302
279
454
411
431
483
479
448
480
468
430
465
398
384
369
305
250
214
174
123
85
61
36
5
-40
-50
-63
-125
-124
-107
-144
-109
-130
-85
-61
-145
-62
-41
-86
-34
-29
33
64
52
132
100
77
124
110
155
172
189
185
192
188
161
179
144
175
141
158
177
150
117
124
54
29
39
-25
-10
28
-69
-44
-33
-107
-98
-128
-66
-121
-133
-34
-34
-232
46
-108
-218
148
-234
-115
263
-378
170
23
-333
292
-337
64
147
-310
246
-106
-175
97
-204
-113
-44
-132
-129
-178
-111
-231
-303
-184
-352
-248
-337
-393
-208
-484
-391
-315
-451
-393
-440
-395
-308
-423
-285
-219
-358
-235
-262
-219
-119
-180
38
-12
59
188
138
243
255
295
396
430
446
512
493
471
480
482
427
464
447
368
381
311
243
217
154
111
91
75
54
52
-6
-4
-12
-91
-54
-103
-83
-55
-84
-56
-59
-68
-74
-39
-34
2
49
36
71
96
84
100
84
77
116
105
128
146
149
129
94
123
129
83
90
127
141
81
115
167
66
75
113
58
50
60
76
-33
53
-88
-18
-23
-224
171
-306
-50
21
-251
-78
-84
-97
-289
237
-322
-3
45
-340
275
-409
122
-17
-191
118
-195
200
-340
92
-39
-224
27
-241
122
-344
68
-205
-231
57
-524
13
-240
-447
81
-520
-274
-74
-678
-242
-261
-449
-358
-251
-431
-302
-286
-422
-33
-415
-230
-50
-320
-33
-136
44
-24
79
137
83
256
104
328
293
297
425
342
499
382
456
438
375
415
322
368
342
244
219
280
97
114
129
52
104
57
-27
50
9
-106
9
6
-91
-19
4
-33
-32
-38
17
1
-10
63
44
54
60
125
112
37
202
152
125
202
170
165
187
123
187
221
58
163
229
100
98
130
166
-16
84
121
-76
37
28
-98
60
-165
-118
15
-354
-41
-306
-220
-179
-312
-195
-220
-313
-200
-248
-379
-59
-425
-45
-309
-147
40
-481
92
17
-428
179
-176
-36
158
-361
352
-113
-190
280
-212
118
30
-208
277
-224
-18
39
-132
-35
-121
-22
-131
-166
-141
-70
-317
-107
-207
-297
-67
-401
-75
-216
-257
-7
-201
-107
-63
-48
-22
46
112
147
78
247
202
244
271
335
430
316
438
495
373
415
494
367
423
396
345
347
253
236
191
158
125
7
97
48
-112
-5
-36
-148
-184
-93
-36
-169
-149
20
-179
-164
-22
-145
-57
-90
-37
44
-127
32
7
-80
31
-23
39
90
-4
121
30
56
116
-31
163
69
58
81
50
80
-11
-17
26
43
-45
68
-33
-97
121
-258
-48
-19
-323
-23
-189
-199
-150
-269
-71
-258
-422
163
-426
-357
5
-314
-118
-268
-200
98
-467
-32
89
-579
350
-401
-42
163
-459
397
-335
9
253
-453
318
-37
-213
66
-63
-108
-24
-204
135
-96
-347
202
-303
-95
-85
-207
13
-326
-12
-240
-262
-49
-357
-37
-142
-182
3
-243
30
-65
-118
230
33
156
237
149
232
271
290
371
404
442
491
474
507
471
405
514
394
481
460
346
385
195
277
114
130
152
36
49
-16
43
-175
-129
-11
-261
-86
-121
-123
-49
-296
-23
-114
-254
-11
-121
-75
-43
-21
-30
10
-102
12
138
-145
110
171
-17
97
98
-33
63
137
-68
197
171
82
74
88
171
22
19
181
199
-23
91
105
-51
-81
11
-42
80
-61
-213
122
-124
-387
-11
12
-431
115
-184
-238
37
-386
22
-303
-61
-101
-195
-7
-237
111
-125
-39
-114
97
57
-190
39
182
-86
-270
175
-22
-302
-4
95
-108
-339
160
-204
-327
-29
-283
24
-387
-220
-70
-422
-320
-249
-316
-263
-231
-344
-178
-414
-178
-196
-210
48
-238
-48
-35
-58
-33
78
159
147
112
267
266
162
421
316
365
429
420
397
258
415
292
305
361
252
336
173
130
136
90
98
32
95
32
-30
8
-80
-66
11
-66
-10
3
21
-51
-10
55
15
35
125
145
67
150
195
92
77
271
143
142
185
221
251
48
233
167
55
282
167
182
215
101
99
176
79
66
180
153
51
24
117
-40
-66
4
23
-103
-98
-92
-131
-198
-272
-239
-192
-111
-481
-140
-67
-542
-287
-42
-345
-271
-131
-62
-297
-150
-61
-187
-125
72
-78
-196
88
17
-304
-38
210
-327
-120
279
-276
-281
187
-283
-285
-70
-128
-196
-491
28
-276
-554
-135
-360
-230
-596
-191
-284
-629
-45
-539
-391
22
-407
-120
-133
-201
-107
-170
40
212
-13
161
253
69
245
346
308
465
459
440
413
403
458
297
480
530
363
380
287
238
124
126
151
112
87
-42
-60
-112
-153
-97
-171
-123
-86
-154
-165
-197
-191
-32
-128
-184
186
-1
-87
121
80
58
62
209
211
84
228
391
168
181
385
175
208
316
339
336
227
304
219
152
313
323
219
247
264
20
80
202
-92
192
66
6
-83
-102
34
-316
-141
-25
-227
-114
-322
-104
-216
-482
128
-582
57
-164
-436
100
-327
-124
-255
122
-48
-164
6
-77
0
-297
114
-28
139
-234
-56
532
-809
87
304
-717
355
-260
-123
-210
-498
115
-574
-408
-3
-316
-616
-418
-102
-892
-581
-131
-638
-373
-241
-233
-659
-335
-154
-328
58
-19
252
-147
-84
322
126
413
417
703
426
346
651
298
601
612
549
679
449
355
274
337
257
269
260
109
73
-125
-143
-102
-117
-57
-170
-175
-274
-274
-242
-196
-57
-187
-57
-112
-150
-61
2
89
93
184
152
96
162
177
251
304
299
428
298
232
272
302
393
411
409
426
324
249
209
391
415
303
353
257
189
63
87
199
79
54
-6
-86
-115
-220
-110
-164
-173
-156
-454
-228
-176
-466
-347
-84
-280
-550
-203
-170
-291
-349
-92
-33
-376
-113
-98
-175
9
-174
-22
-42
-120
-63
-192
154
-51
-357
23
-98
-246
-370
-123
-80
-474
-547
-340
-216
-701
-628
-233
-702
-757
-556
-460
-626
-478
-248
-452
-485
-373
-263
-212
-72
97
63
-24
32
178
400
510
634
635
680
628
634
851
827
863
798
776
694
547
597
544
525
370
251
267
27
-40
-16
-48
-112
-176
-264
-372
-327
-325
-293
-298
-333
-400
-398
-298
-269
-203
-104
-87
-125
-94
-31
28
51
206
193
136
178
136
260
425
429
389
291
327
287
396
537
479
349
228
236
285
290
312
356
221
120
37
33
43
21
40
-60
-175
-299
-291
-209
-198
-243
-302
-386
-461
-417
-408
-290
-243
-402
-350
-369
-450
-247
-121
-38
-187
-311
-20
-183
-150
54
108
-34
-280
-100
-42
-133
-11
-12
-80
-221
-432
-261
-223
-313
-316
-423
-459
-637
-719
-508
-517
-650
-601
-721
-640
-477
-402
-470
-440
-298
-268
-209
42
161
7
38
299
537
536
590
709
740
752
851
1039
1036
1007
919
931
956
872
829
859
750
495
408
414
348
137
131
78
-85
-134
-208
-205
-242
-282
-323
-343
-397
-466
-378
-276
-325
-382
-317
-266
-273
-200
-98
-39
-64
-30
52
70
133
152
160
208
194
124
323
433
360
299
170
366
351
452
526
453
332
69
340
482
385
329
232
176
47
65
237
168
44
-168
-186
-162
-309
-241
-198
-249
-487
-544
-440
-403
-409
-348
-405
-477
-424
-372
-322
-213
-170
-252
-147
-171
-191
-70
10
16
-5
-34
-91
-81
2
6
-43
-86
-213
-264
-260
-281
-383
-501
-522
-655
-804
-774
-700
-899
-951
-800
-680
-670
-803
-781
-619
-530
-344
-161
-16
-151
-339
28
448
612
575
644
671
605
834
1180
1283
1120
980
935
1070
1087
1104
1111
942
650
450
518
529
421
271
155
-16
-122
-153
-102
-36
-176
-288
-353
-375
-378
-309
-180
-219
-320
-348
-269
-172
-90
-30
-17
-58
-130
-28
131
164
203
156
142
149
186
270
412
406
294
411
373
423
371
505
614
456
434
395
441
365
350
500
323
139
145
157
216
67
89
6
-193
-233
-263
-203
-254
-394
-499
-554
-579
-584
-518
-475
-557
-613
-562
-470
-374
-327
-274
-246
-247
-275
-120
13
-41
-85
-11
32
-31
52
112
31
-110
-157
-115
-52
-134
-249
-269
-487
-685
-657
-587
-678
-902
-914
-917
-842
-707
-624
-787
-1006
-699
-427
-334
-184
-142
-285
-376
27
555
644
548
524
683
801
966
1281
1333
1182
958
1030
1275
1226
1185
1095
891
612
488
695
673
446
188
3
-46
-100
-88
-66
-107
-329
-470
-437
-366
-368
-365
-344
-446
-540
-460
-324
-223
-239
-241
-227
-252
-169
-48
56
82
16
31
74
195
201
304
257
232
243
247
558
474
502
332
443
541
485
649
558
454
291
263
504
406
312
256
117
139
-25
109
82
-121
-191
-311
-228
-349
-446
-454
-523
-597
-698
-635
-565
-588
-622
-640
-558
-535
-470
-329
-309
-355
-371
-206
-149
-113
-104
-71
-98
-123
-18
-44
-133
-128
-198
-245
-291
-288
-367
-426
-524
-652
-757
-792
-860
-858
-883
-828
-657
-721
-1021
-1084
-633
-345
-347
-304
-207
-319
-468
159
823
777
374
375
768
1029
1182
1430
1538
1155
898
1194
1603
1487
1245
1128
957
706
640
880
903
544
108
3
108
112
24
20
-144
-399
-488
-323
-185
-278
-368
-412
-423
-443
-369
-234
-161
-240
-302
-244
-193
-140
-65
67
4
-94
-85
85
185
253
186
151
84
176
249
419
677
284
249
142
572
665
488
654
400
269
188
511
789
347
151
80
109
230
-17
247
27
-330
-330
-353
-75
-392
-411
-410
-607
-677
-725
-383
-393
-669
-740
-672
-527
-429
-358
-266
-435
-450
-315
-61
-15
-146
-130
-151
-83
-112
-3
32
-64
-183
-205
-157
-312
-332
-371
-479
-643
-824
-775
-836
-826
-948
-832
-549
-726
-1011
-1060
-528
-262
-387
-248
-111
-352
-498
131
913
808
396
452
815
1041
1127
1516
1555
1160
955
1156
1545
1508
1250
1018
865
636
563
773
795
410
-42
-128
6
40
-66
-152
-282
-472
-584
-478
-376
-400
-506
-589
-577
-594
-514
-386
-305
-328
-383
-355
-244
-132
-11
24
35
-51
-59
103
197
270
203
191
152
159
332
418
528
517
381
335
417
634
617
580
575
390
302
331
539
516
297
200
117
152
101
129
164
-77
-234
-282
-200
-217
-327
-337
-462
-589
-584
-479
-373
-444
-583
-602
-514
-386
-335
-280
-269
-347
-301
-187
-91
-55
-111
-76
-120
-129
-134
-71
-72
-205
-271
-388
-429
-502
-495
-609
-819
-966
-1054
-1009
-994
-966
-667
-641
-944
-1294
-917
-287
-287
-311
-181
-232
-613
-346
678
1088
614
281
582
992
1120
1420
1725
1452
991
954
1481
1749
1500
1154
932
724
510
716
959
722
74
-249
-101
58
-16
-151
-233
-452
-643
-568
-367
-341
-462
-540
-557
-585
-535
-393
-214
-229
-297
-308
-253
-118
22
154
161
59
1
100
310
383
359
298
196
210
286
415
384
481
420
351
298
395
609
488
469
441
293
198
222
477
442
164
75
19
166
110
84
108
-127
-203
-242
-92
-118
-283
-289
-400
-444
-447
-373
-286
-408
-544
-513
-403
-276
-261
-231
-271
-288
-245
-125
-43
-141
-148
-198
-199
-221
-210
-213
-269
-363
-416
-476
-511
-614
-679
-703
-888
-1031
-1133
-1125
-1111
-1149
-790
-602
-873
-1295
-1134
-386
-201
-189
-74
-106
-461
-502
516
1270
999
483
507
890
1150
1439
1872
1741
1166
808
1190
1733
1692
1389
945
637
438
533
801
710
201
-311
-372
-164
-81
-171
-295
-444
-612
-697
-597
-449
-405
-460
-563
-610
-604
-477
-267
-100
-125
-244
-277
-153
105
298
350
170
70
72
271
438
455
316
125
129
181
380
320
427
401
321
238
197
497
440
463
410
231
100
-28
281
431
256
69
-148
3
6
28
187
-82
-208
-364
-244
-91
-212
-198
-369
-415
-450
-421
-242
-294
-394
-461
-441
-301
-308
-247
-195
-215
-210
-231
-136
-151
-144
-155
-200
-232
-305
-304
-314
-358
-396
-546
-654
-667
-697
-747
-911
-1060
-1158
-1227
-1111
-1040
-798
-632
-830
-1070
-1040
-405
53
85
136
102
-171
-181
611
1467
1350
898
817
1011
1278
1656
2176
2067
1448
1120
1329
1719
1824
1617
1230
704
394
439
681
675
206
-245
-473
-440
-357
-348
-373
-499
-686
-819
-797
-675
-543
-441
-478
-608
-672
-582
-317
-47
63
12
-169
-216
11
329
465
367
195
107
184
434
538
520
302
177
136
237
378
273
436
281
237
27
95
321
221
300
198
-25
-119
-172
214
274
81
-52
-286
-24
-27
124
223
-71
-93
-245
-25
76
-54
-4
-188
-189
-233
-250
-105
-168
-199
-240
-276
-219
-280
-174
-122
-152
-196
-311
-310
-310
-236
-272
-341
-465
-559
-581
-588
-511
-602
-764
-887
-940
-977
-1049
-1118
-1130
-1270
-1263
-1289
-1179
-775
-596
-700
-1068
-936
-390
-95
157
312
283
-110
-132
675
1468
1453
1065
985
1176
1338
1614
2089
2081
1585
1132
1254
1574
1561
1277
1001
715
354
171
242
294
-12
-349
-487
-507
-625
-740
-619
-451
-538
-754
-871
-766
-572
-399
-295
-320
-402
-442
-235
101
348
305
170
174
343
525
636
643
579
504
519
535
573
502
466
393
357
283
160
429
296
364
79
103
125
-15
253
172
64
-217
-315
34
5
-34
-72
-249
-113
-303
-54
48
-162
-115
-256
-34
-132
-183
-74
-171
-149
-251
-239
-158
-267
-250
-199
-198
-212
-352
-278
-244
-211
-204
-249
-330
-406
-373
-357
-369
-500
-581
-675
-664
-668
-681
-839
-954
-1025
-1032
-1109
-1173
-1167
-1313
-1297
-1263
-936
-526
-506
-823
-993
-611
-16
178
459
611
288
-61
211
1293
1722
1473
1250
1242
1327
1389
1879
2341
2054
1457
1205
1370
1505
1349
1229
965
549
130
-4
87
-28
-301
-497
-567
-715
-954
-1010
-753
-543
-592
-815
-949
-909
-740
-435
-204
-186
-348
-460
-253
126
420
476
330
331
391
530
679
770
757
625
584
568
557
504
415
391
345
179
177
90
98
44
41
59
-139
-110
-104
-108
-188
-296
-161
-182
-195
-139
-174
-114
-159
-56
90
-7
-25
-79
18
87
47
113
18
-26
-47
9
85
-29
-122
-159
-155
-141
-184
-223
-280
-328
-307
-329
-384
-497
-583
-562
-537
-588
-682
-753
-764
-777
-805
-836
-925
-1081
-1107
-1122
-1120
-1239
-1313
-1270
-1164
-668
-396
-559
-972
-806
-91
183
361
675
722
218
69
919
1722
1643
1406
1515
1579
1359
1391
2025
2261
1837
1296
1190
1251
1022
944
988
794
211
-248
-242
-207
-396
-555
-543
-617
-889
-1118
-976
-709
-592
-596
-629
-672
-732
-627
-334
-46
78
-10
-74
-17
199
423
570
630
602
534
496
582
692
720
637
525
455
363
262
136
193
165
109
78
-129
-118
-271
-51
-41
-164
-156
-323
-291
-342
-226
-89
-228
-240
-176
-148
-57
-198
-22
29
9
100
14
131
20
62
185
176
147
18
-2
37
-56
-53
-91
-158
-165
-274
-275
-355
-392
-408
-423
-446
-559
-656
-657
-642
-619
-693
-764
-826
-934
-891
-906
-936
-1090
-1216
-1238
-1291
-1264
-1259
-1100
-659
-387
-544
-880
-750
-137
157
479
912
822
248
8
977
1730
1692
1539
1614
1607
1253
1396
1979
2078
1654
1360
1364
1265
802
703
830
727
379
-34
-199
-487
-691
-649
-471
-421
-723
-1054
-1053
-799
-538
-465
-487
-474
-485
-400
-266
-57
117
168
213
308
412
427
378
557
744
751
622
524
547
526
552
543
493
314
126
-3
-29
-50
-26
67
-31
-164
-424
-372
-314
-170
4
-32
-213
-476
-396
-149
9
67
76
35
6
-7
169
274
265
293
336
354
216
125
184
270
263
234
142
28
-108
-102
-25
-32
-132
-267
-345
-383
-384
-452
-465
-531
-548
-567
-634
-693
-834
-842
-774
-760
-772
-901
-980
-1101
-1154
-1067
-1068
-1133
-1215
-1215
-985
-655
-323
-425
-685
-548
-133
176
348
743
884
518
308
823
1446
1529
1406
1601
1725
1413
1207
1537
1848
1587
1253
1271
1259
833
435
482
547
319
-1
-156
-352
-719
-859
-655
-419
-521
-791
-872
-743
-572
-465
-382
-302
-252
-203
-98
21
130
194
262
397
531
588
488
420
484
605
614
543
472
439
371
279
236
226
106
-29
-73
-54
-21
-210
-275
-360
-271
-208
-305
-248
-326
-276
-308
-351
-149
-192
-165
-150
-48
118
-15
40
152
198
233
122
243
247
153
161
110
185
91
58
103
26
-116
-224
-181
-101
-185
-280
-358
-447
-452
-449
-405
-497
-622
-672
-647
-642
-716
-763
-807
-835
-881
-873
-895
-1019
-1101
-1121
-1086
-1118
-1211
-1171
-1174
-1079
-889
-490
-335
-522
-694
-412
-18
180
330
630
753
530
507
921
1366
1364
1256
1457
1673
1548
1303
1384
1595
1491
1242
1174
1194
937
570
412
444
341
108
-114
-257
-424
-531
-460
-379
-392
-464
-415
-367
-325
-302
-223
-151
-73
58
158
224
198
238
288
365
439
488
506
460
414
415
439
417
389
385
373
300
199
124
58
36
81
85
46
-144
-177
-170
-100
-72
-126
-103
-192
-207
-188
-154
-103
-158
-102
-27
11
16
-59
-35
-4
20
73
73
58
6
-15
-9
-10
12
-16
-12
-45
-85
-147
-222
-246
-203
-142
-164
-230
-299
-322
-314
-292
-318
-371
-445
-481
-488
-552
-617
-681
-683
-676
-691
-724
-805
-931
-1006
-1031
-1026
-1074
-1136
-1157
-1104
-946
-694
-484
-442
-501
-460
-200
67
269
429
609
711
744
845
1040
1215
1296
1421
1584
1658
1568
1441
1413
1407
1330
1203
1102
992
841
618
402
222
56
-110
-258
-354
-451
-489
-514
-525
-555
-554
-506
-448
-413
-390
-354
-318
-256
-166
-62
6
37
41
70
191
338
405
385
339
321
359
385
390
348
313
284
284
300
247
188
105
102
91
96
59
-5
-35
-31
-47
-89
-153
-198
-196
-186
-169
-189
-187
-203
-198
-192
-182
-179
-144
-107
-80
-81
-83
-53
-36
3
21
22
18
24
42
44
10
-15
-23
19
38
36
2
-61
-76
-85
-85
-144
-216
-302
-353
-388
-453
-509
-595
-675
-740
-801
-863
-928
-1029
-1073
-1082
-1162
-1253
-1283
-1223
-1126
-1014
-788
-527
-415
-408
-363
-178
72
277
491
672
801
845
934
1105
1268
1366
1450
1569
1662
1635
1556
1469
1355
1230
1110
1042
919
692
431
209
13
-151
-303
-426
-547
-634
-642
-597
-596
-669
-710
-656
-531
-444
-441
-471
-456
-346
-207
-87
-24
7
59
175
327
417
425
385
400
454
507
496
439
378
358
337
327
270
211
121
69
84
102
60
-70
-149
-134
-77
-78
-135
-204
-242
-261
-224
-181
-162
-181
-195
-170
-134
-131
-130
-113
-77
-59
-78
-68
-57
-16
19
43
45
27
36
85
107
86
38
20
30
31
10
-26
-74
-153
-199
-223
-263
-334
-409
-438
-445
-494
-577
-634
-667
-707
-762
-821
-883
-959
-1035
-1075
-1107
-1140
-1186
-1195
-1148
-987
-714
-449
-327
-333
-292
-83
186
410
580
708
825
931
1095
1284
1405
1451
1472
1591
1691
1669
1548
1384
1245
1117
981
833
645
424
201
5
-161
-305
-432
-566
-688
-750
-739
-705
-689
-706
-699
-596
-451
-372
-376
-378
-288
-129
19
115
178
257
380
496
588
607
577
579
591
624
611
554
466
366
289
223
152
65
-15
-62
-97
-160
-219
-266
-290
-322
-333
-332
-334
-356
-355
-339
-298
-266
-238
-184
-127
-76
-40
6
22
57
77
114
127
138
147
145
165
157
152
108
49
5
-2
-5
-55
-100
-124
-128
-126
-139
-165
-209
-240
-269
-287
-306
-372
-416
-430
-427
-461
-547
-610
-658
-670
-706
-734
-814
-912
-999
-1043
-1044
-1095
-1143
-1161
-968
-663
-329
-190
-190
-148
27
265
445
612
738
865
954
1125
1308
1450
1467
1505
1597
1679
1617
1478
1329
1182
1014
851
698
509
306
50
-121
-323
-473
-640
-767
-892
-956
-935
-841
-765
-753
-681
-540
-337
-238
-182
-136
-21
113
242
347
466
571
691
769
820
844
815
811
762
707
637
580
473
358
229
125
20
-74
-168
-272
-348
-400
-412
-445
-460
-474
-445
-395
-335
-293
-248
-184
-123
-87
-41
49
150
225
262
309
347
353
319
293
295
280
246
189
139
93
49
8
-49
-115
-183
-225
-269
-328
-375
-391
-372
-368
-400
-441
-430
-382
-357
-365
-381
-404
-402
-403
-398
-399
-425
-506
-569
-623
-673
-758
-860
-950
-1026
-1085
-1142
-1195
-1249
-1142
-854
-457
-268
-265
-197
68
348
518
615
814
930
1026
1153
1380
1551
1533
1534
1628
1727
1623
1470
1325
1221
974
772
601
433
206
-43
-211
-394
-577
-740
-839
-937
-1002
-1007
-867
-741
-670
-581
-374
-148
-15
35
143
265
365
454
554
714
815
919
950
984
980
944
873
768
636
509
392
282
156
3
-97
-214
-320
-461
-572
-648
-677
-680
-665
-587
-508
-465
-409
-329
-198
-117
-54
3
74
176
272
403
466
504
526
555
552
489
405
350
307
239
159
81
10
-70
-145
-225
-299
-367
-432
-481
-506
-526
-527
-504
-457
-419
-381
-351
-314
-293
-282
-272
-272
-277
-282
-268
-286
-315
-358
-429
-512
-621
-693
-786
-899
-1039
-1145
-1228
-1298
-1349
-1400
-1210
-921
-557
-450
-356
-134
165
387
521
689
870
931
981
1162
1379
1524
1441
1482
1578
1637
1483
1299
1152
982
688
411
202
3
-166
-382
-532
-739
-846
-951
-1027
-1116
-1151
-1067
-889
-720
-578
-349
-59
212
343
459
593
705
743
778
836
951
1010
1063
1071
1101
1081
968
814
614
455
273
109
-68
-206
-320
-387
-479
-565
-636
-707
-751
-786
-758
-689
-609
-532
-444
-288
-84
71
199
266
329
384
438
515
549
570
571
595
602
569
480
384
280
176
44
-99
-199
-299
-353
-405
-447
-486
-504
-505
-513
-528
-545
-543
-508
-440
-368
-262
-172
-90
-41
-14
-7
-26
-65
-111
-186
-248
-320
-390
-477
-582
-663
-770
-871
-1012
-1135
-1264
-1359
-1475
-1503
-1510
-1241
-896
-566
-391
-190
196
463
684
791
1065
1185
1212
1205
1419
1672
1708
1625
1632
1813
1748
1544
1294
1164
884
471
127
-83
-223
-439
-667
-843
-943
-980
-1029
-1100
-1172
-1183
-1080
-921
-750
-565
-257
74
355
547
729
907
971
974
986
1045
1060
1024
994
1029
1078
1016
872
699
536
332
87
-148
-385
-562
-719
-807
-861
-868
-820
-827
-785
-771
-666
-576
-522
-436
-345
-154
19
186
333
489
595
642
685
739
750
695
640
573
518
399
288
190
97
5
-143
-263
-367
-473
-548
-610
-658
-681
-678
-642
-613
-545
-453
-370
-304
-237
-135
-33
49
61
102
122
155
121
91
48
-24
-80
-187
-273
-418
-539
-690
-840
-985
-1146
-1250
-1382
-1463
-1547
-1557
-1563
-1558
-1283
-909
-525
-379
-123
271
605
844
992
1322
1417
1397
1363
1565
1728
1617
1488
1526
1712
1554
1316
1117
1005
663
191
-83
-295
-533
-916
-1115
-1185
-1185
-1205
-1244
-1204
-1156
-1035
-906
-728
-560
-381
-131
155
451
679
894
1037
1113
1198
1233
1204
1098
1020
1011
953
865
716
590
443
310
143
-55
-262
-517
-695
-853
-892
-988
-1017
-974
-870
-738
-647
-490
-354
-189
-79
45
182
332
426
540
669
761
805
829
898
893
840
737
629
501
362
217
79
-60
-192
-287
-348
-390
-429
-441
-462
-476
-474
-426
-367
-318
-277
-202
-83
32
146
230
305
337
356
354
311
236
129
44
-51
-158
-295
-413
-507
-617
-764
-935
-1068
-1233
-1390
-1541
-1631
-1682
-1721
-1720
-1661
-1537
-1313
-932
-539
-232
20
425
849
1095
1278
1479
1688
1675
1628
1685
1774
1698
1505
1486
1562
1503
1234
1054
936
681
242
-115
-322
-615
-962
-1217
-1265
-1275
-1312
-1291
-1189
-1051
-914
-763
-569
-368
-196
3
248
497
706
901
1064
1171
1238
1308
1328
1258
1165
1085
987
816
645
489
322
136
-47
-218
-387
-573
-740
-860
-955
-1023
-1056
-1012
-926
-849
-738
-571
-364
-196
-48
111
253
364
441
516
578
621
637
677
725
738
693
612
534
422
285
124
-44
-201
-340
-435
-495
-552
-570
-553
-509
-450
-388
-327
-290
-250
-192
-97
-25
34
90
172
236
281
312
306
283
204
114
14
-114
-250
-389
-513
-648
-786
-904
-1042
-1181
-1299
-1399
-1499
-1578
-1608
-1613
-1589
-1550
-1444
-1290
-949
-558
-202
121
504
948
1240
1469
1674
1871
1868
1779
1727
1758
1664
1443
1347
1348
1366
1140
968
866
708
353
-53
-310
-591
-936
-1281
-1423
-1495
-1525
-1522
-1391
-1176
-978
-767
-563
-299
-68
116
292
493
699
860
964
1077
1200
1312
1354
1312
1271
1227
1118
917
712
528
334
78
-121
-285
-447
-621
-769
-830
-894
-932
-953
-907
-861
-827
-762
-636
-494
-353
-197
-34
147
274
419
535
627
670
679
706
682
622
530
457
377
292
190
87
-23
-124
-204
-293
-362
-430
-467
-487
-471
-434
-394
-329
-248
-161
-67
9
74
150
190
247
268
274
256
220
188
130
66
-25
-138
-242
-329
-437
-561
-710
-832
-952
-1090
-1206
-1304
-1376
-1409
-1402
-1365
-1302
-1240
-1102
-983
-716
-359
-25
260
533
967
1260
1449
1644
1862
1954
1896
1808
1785
1695
1496
1324
1190
1180
1007
805
706
591
355
9
-235
-452
-760
-1079
-1287
-1419
-1468
-1496
-1432
-1267
-1067
-807
-561
-285
2
223
429
610
744
874
916
955
980
1024
1060
1036
1029
1015
971
848
706
551
385
118
-138
-326
-526
-713
-890
-955
-975
-969
-946
-868
-761
-660
-569
-474
-338
-242
-173
-112
14
146
257
345
459
571
646
677
655
630
547
420
278
161
28
-112
-239
-324
-364
-394
-421
-437
-419
-396
-378
-345
-290
-265
-225
-197
-134
-60
0
80
124
191
229
252
239
196
148
77
-15
-142
-243
-339
-432
-552
-647
-736
-821
-924
-1025
-1108
-1204
-1261
-1323
-1320
-1329
-1296
-1234
-1136
-974
-676
-316
-36
249
615
1013
1215
1416
1630
1762
1753
1653
1624
1566
1470
1318
1204
1158
1103
955
821
742
592
346
63
-147
-424
-733
-983
-1180
-1295
-1377
-1365
-1292
-1144
-926
-690
-433
-189
80
327
546
703
820
916
935
967
967
990
971
927
919
892
846
733
617
470
288
62
-149
-372
-600
-782
-929
-957
-990
-978
-917
-826
-688
-571
-436
-289
-177
-98
-12
81
167
220
287
400
487
573
632
668
696
649
582
492
346
202
43
-93
-208
-314
-380
-417
-418
-391
-358
-318
-262
-219
-175
-126
-88
-53
-27
-16
-6
21
71
102
118
143
154
143
105
37
-39
-137
-271
-412
-526
-613
-721
-842
-938
-1010
-1074
-1150
-1194
-1245
-1274
-1287
-1308
-1248
-1224
-1064
-743
-450
-154
124
537
898
1122
1436
1674
1780
1722
1633
1603
1475
1292
1097
972
907
841
698
658
637
497
336
124
-36
-328
-624
-895
-1138
-1273
-1376
-1415
-1364
-1190
-942
-643
-368
-35
240
477
708
850
982
992
970
943
912
869
806
782
783
764
705
680
618
516
345
149
-15
-249
-489
-706
-857
-914
-962
-931
-846
-744
-555
-408
-231
-70
56
186
241
301
338
358
389
412
449
510
546
585
603
589
557
438
308
174
0
-158
-301
-418
-498
-576
-592
-545
-485
-410
-334
-238
-148
-95
-51
-21
-13
-31
-65
-60
-47
-45
-27
-9
29
46
24
5
-45
-122
-244
-402
-528
-656
-814
-965
-1067
-1171
-1202
-1278
-1308
-1267
-1292
-1209
-1270
-1184
-1113
-987
-646
-488
-165
98
489
802
1036
1410
1617
1748
1712
1739
1648
1532
1315
1122
1013
850
771
576
572
499
411
290
174
45
-181
-381
-660
-814
-1027
-1106
-1222
-1220
-1081
-951
-679
-461
-99
184
449
699
892
1041
1051
1016
945
881
740
642
550
500
461
405
417
401
376
293
186
49
-143
-345
-521
-699
-800
-880
-887
-800
-707
-512
-344
-118
99
260
418
475
531
525
485
453
408
396
382
397
427
480
514
517
496
442
372
225
73
-84
-226
-360
-495
-553
-570
-544
-480
-397
-298
-167
-50
47
114
127
147
122
84
19
-26
-56
-100
-105
-122
-128
-142
-141
-182
-248
-355
-453
-563
-753
-890
-1014
-1104
-1212
-1301
-1323
-1322
-1301
-1267
-1209
-1117
-1029
-843
-611
-422
-187
65
384
576
830
1120
1284
1383
1376
1447
1386
1270
1102
954
868
729
602
489
449
343
236
117
29
-96
-251
-396
-559
-686
-820
-889
-968
-938
-854
-721
-545
-332
-42
205
456
668
892
1028
1056
1043
1002
911
768
639
523
419
308
268
244
227
197
159
132
53
-75
-220
-353
-487
-597
-686
-718
-707
-644
-511
-362
-181
40
223
355
463
553
598
561
512
457
421
367
327
326
324
314
308
330
306
255
160
85
-12
-149
-269
-378
-444
-496
-500
-470
-403
-321
-210
-88
8
102
163
184
166
135
75
7
-55
-118
-163
-190
-214
-217
-220
-237
-262
-310
-361
-437
-532
-653
-761
-874
-1005
-1074
-1147
-1176
-1195
-1174
-1116
-1062
-972
-887
-643
-448
-242
-26
211
490
599
877
1060
1181
1217
1208
1278
1178
1105
958
882
795
688
580
511
474
364
280
158
112
-42
-169
-310
-466
-568
-690
-763
-826
-799
-771
-660
-533
-311
-90
78
312
477
658
720
741
748
687
600
471
371
274
167
86
65
75
65
49
43
42
10
-77
-166
-263
-315
-417
-504
-531
-535
-478
-413
-288
-136
20
159
265
367
460
459
427
397
363
337
250
250
236
227
225
225
245
230
206
159
112
26
-58
-157
-217
-280
-335
-348
-332
-271
-215
-122
-10
79
143
185
195
190
142
62
-3
-85
-127
-175
-216
-243
-259
-258
-280
-288
-314
-345
-399
-451
-505
-616
-699
-791
-877
-956
-1020
-1039
-1032
-979
-924
-840
-764
-571
-357
-209
-13
177
436
549
704
935
1009
1057
1043
1093
1086
973
901
836
790
750
652
607
609
550
485
390
337
228
63
-62
-202
-327
-461
-552
-632
-651
-628
-561
-469
-319
-100
54
231
387
549
614
623
634
597
534
430
335
268
211
148
136
138
145
124
120
129
96
20
-55
-100
-167
-258
-342
-369
-390
-399
-371
-284
-190
-107
-1
94
194
240
260
265
262
235
177
128
99
94
69
79
77
98
91
76
55
20
-27
-104
-155
-188
-217
-267
-279
-262
-231
-199
-153
-98
-57
-23
-4
11
13
-15
-57
-100
-139
-179
-225
-258
-268
-269
-271
-277
-271
-275
-294
-307
-336
-377
-438
-501
-559
-601
-669
-710
-740
-743
-721
-718
-642
-575
-510
-355
-185
-52
81
204
414
531
622
797
831
904
893
917
933
833
803
743
724
685
639
607
598
548
506
441
354
266
111
10
-125
-263
-386
-476
-546
-579
-580
-544
-495
-406
-256
-167
-28
103
223
289
305
334
334
287
228
187
158
120
64
78
93
115
135
160
203
207
174
166
124
75
-8
-116
-155
-236
-263
-291
-289
-239
-202
-127
-56
16
67
115
142
176
168
149
116
104
111
71
49
41
42
29
27
26
32
5
-10
-17
-36
-33
-68
-76
-75
-81
-89
-95
-96
-109
-130
-140
-162
-182
-201
-221
-218
-230
-231
-252
-260
-267
-278
-294
-310
-309
-335
-344
-381
-391
-431
-474
-491
-530
-554
-612
-618
-611
-608
-584
-569
-492
-359
-266
-138
21
192
350
453
636
719
765
793
806
825
729
665
595
573
534
503
492
498
516
491
486
436
378
257
121
-4
-163
-312
-433
-529
-601
-626
-610
-547
-472
-342
-221
-92
52
160
245
276
310
322
288
244
194
153
125
91
84
94
107
133
156
186
203
198
196
175
123
65
-16
-41
-110
-150
-170
-197
-148
-142
-61
-4
64
139
198
245
259
264
243
216
169
140
75
34
0
-22
-41
-41
-16
3
7
-2
21
18
31
-4
-29
-54
-86
-96
-124
-136
-156
-168
-165
-156
-164
-165
-173
-158
-160
-164
-173
-200
-195
-195
-208
-216
-227
-240
-246
-261
-254
-263
-285
-299
-318
-344
-391
-432
-471
-490
-508
-506
-501
-472
-425
-365
-227
-155
-69
57
179
322
365
489
557
569
589
571
585
514
487
469
469
463
457
480
503
513
486
473
419
355
236
117
2
-156
-289
-400
-483
-558
-582
-571
-516
-429
-322
-231
-134
-15
68
138
157
173
168
117
84
52
32
16
3
33
68
100
160
211
266
287
294
304
274
239
174
115
58
-9
-59
-106
-117
-113
-89
-48
-10
40
85
130
168
197
211
207
195
182
168
141
124
114
97
85
76
88
85
72
65
62
45
14
-9
-29
-52
-72
-85
-110
-119
-145
-162
-165
-176
-181
-189
-177
-188
-178
-177
-180
-170
-155
-149
-141
-122
-121
-95
-94
-92
-83
-83
-84
-101
-112
-145
-175
-206
-241
-276
-298
-311
-316
-304
-270
-227
-181
-120
-52
29
90
159
218
274
323
372
425
444
471
496
516
524
519
515
520
517
503
488
473
433
377
312
242
159
70
-19
-114
-195
-274
-335
-374
-402
-395
-397
-371
-323
-280
-229
-191
-140
-95
-61
-43
-26
-3
12
9
29
52
72
100
122
165
193
204
206
200
176
130
91
45
-15
-66
-115
-151
-182
-197
-196
-177
-161
-139
-96
-59
-22
8
35
62
77
95
99
103
105
109
122
116
127
127
128
127
122
124
113
84
59
39
11
-26
-72
-111
-154
-188
-226
-256
-272
-280
-281
-273
-256
-232
-201
-173
-149
-128
-108
-89
-77
-64
-50
-47
-51
-50
-54
-60
-71
-87
-98
-103
-116
-129
-135
-137
-140
-135
-127
-112
-80
-62
-20
18
50
89
123
154
185
210
232
268
295
311
327
350
371
373
372
368
373
363
337
321
284
251
210
163
117
54
2
-52
-95
-128
-164
-188
-194
-195
-201
-195
-189
-174
-160
-148
-144
-137
-135
-137
-119
-124
-119
-105
-95
-73
-59
-41
-30
-15
-4
15
17
7
0
-12
-27
-56
-79
-107
-119
-132
-132
-121
-115
-89
-76
-58
-37
-21
-7
6
17
12
4
4
2
-2
-1
4
14
25
20
28
23
17
4
-33
-39
-68
-87
-120
-150
-166
-203
-224
-242
-250
-263
-288
-292
-280
-273
-253
-240
-221
-180
-148
-114
-78
-39
3
40
66
87
107
132
156
177
181
190
215
212
218
221
209
198
194
186
171
161
143
135
119
117
112
104
104
106
110
108
107
110
125
137
144
178
204
237
273
303
333
362
390
399
412
410
391
369
338
296
235
174
125
59
-3
-44
-88
-127
-156
-191
-212
-230
-245
-254
-267
-273
-283
-286
-283
-278
-248
-225
-214
-179
-154
-101
-71
-30
9
33
72
68
86
94
95
76
60
52
24
4
-22
-40
-79
-108
-130
-138
-142
-161
-159
-163
-159
-150
-146
-140
-138
-130
-123
-117
-112
-104
-100
-99
-97
-96
-92
-94
-95
-106
-111
-117
-135
-137
-159
-175
-190
-210
-226
-239
-246
-258
-262
-268
-255
-234
-208
-181
-151
-106
-63
-28
13
58
92
123
142
165
182
191
188
189
204
197
197
192
187
191
170
152
139
130
111
83
64
52
43
30
17
16
17
21
32
52
72
100
129
163
197
220
262
296
313
331
332
328
324
300
276
246
204
159
120
73
27
-12
-57
-94
-129
-170
-206
-234
-264
-294
-315
-334
-338
-347
-345
-330
-319
-291
-260
-223
-174
-131
-91
-48
-15
19
47
65
87
101
103
91
89
86
68
55
35
24
12
-12
-21
-31
-39
-40
-45
-55
-52
-46
-40
-26
-15
-6
5
15
25
40
55
64
75
80
83
90
90
91
93
87
76
59
36
20
-7
-32
-54
-83
-107
-136
-158
-175
-191
-191
-184
-162
-145
-126
-107
-81
-57
-28
9
40
72
86
106
112
120
140
149
162
161
161
154
146
135
125
122
98
86
62
39
9
-16
-27
-39
-41
-56
-55
-54
-52
-44
-31
-3
13
48
74
103
126
154
182
203
228
239
245
234
227
217
191
166
135
102
62
22
-16
-62
-98
-131
-164
-196
-231
-252
-269
-288
-303
-307
-312
-310
-300
-290
-270
-246
-220
-184
-149
-116
-79
-49
-27
1
19
35
47
57
53
48
45
35
35
26
23
24
20
17
17
23
23
32
33
36
50
56
58
66
75
86
107
120
134
145
154
162
171
183
187
188
180
171
159
138
116
95
67
39
9
-16
-42
-67
-85
-98
-117
-127
-136
-138
-140
-136
-127
-116
-96
-86
-68
-46
-33
-19
-2
15
29
42
50
66
69
79
86
81
77
61
51
31
16
-5
-30
-55
-83
-104
-129
-152
-169
-181
-194
-196
-187
-175
-156
-132
-100
-69
-39
-20
6
27
46
72
90
109
122
133
137
134
127
114
95
73
43
17
-11
-35
-62
-90
-107
-131
-145
-166
-181
-183
-190
-191
-192
-178
-158
-133
-107
-80
-45
-20
19
49
77
103
114
130
136
141
143
139
132
119
106
91
78
59
45
30
19
15
12
12
0
7
14
21
30
41
45
51
61
71
92
99
121
138
155
171
177
187
191
192
190
187
172
151
135
110
86
63
29
3
-18
-49
-71
-85
-98
-102
-109
-98
-83
-67
-47
-33
-9
23
59
90
114
143
164
177
194
205
210
220
217
213
204
193
186
171
155
135
111
89
63
30
0
-32
-55
-78
-110
-138
-162
-179
-190
-188
-183
-175
-159
-143
-117
-92
-69
-51
-29
-17
3
17
28
38
34
37
30
35
23
-1
-22
-46
-65
-85
-101
-116
-131
-145
-155
-168
-178
-185
-189
-188
-189
-184
-176
-165
-146
-128
-107
-87
-64
-49
-29
-11
-2
10
21
31
40
45
49
47
44
40
29
14
4
-1
-16
-30
-45
-50
-54
-59
-58
-65
-65
-64
-58
-58
-58
-50
-45
-43
-38
-31
-30
-27
-23
-19
-15
-13
-14
-24
-32
-36
-40
-47
-55
-67
-74
-78
-87
-99
-110
-117
-121
-118
-113
-108
-101
-91
-75
-58
-42
-14
7
31
51
73
95
104
118
129
141
151
157
153
154
150
146
140
129
116
99
86
72
