-32
-20
-12
0
6
11
15
13
4
7
-1
-1
-2
-7
-13
-18
-13
-18
-12
-6
-5
-1
6
11
26
30
42
57
53
60
61
55
52
45
31
8
-4
-19
-30
-30
-36
-19
-14
-11
12
9
33
41
37
50
26
27
24
14
8
4
16
7
7
9
2
16
7
13
24
-3
12
-7
7
10
-2
14
7
6
2
3
-5
1
6
4
0
-7
-3
-15
-17
-18
-32
-35
-43
-46
-59
-39
-37
-34
-28
-22
6
10
8
21
31
34
22
11
30
29
14
-8
25
28
17
2
39
62
36
41
43
60
49
31
40
56
47
12
14
30
6
-21
-11
15
-5
-15
-7
24
8
-16
23
23
23
11
-18
11
-10
-37
-26
-19
19
-35
-37
45
-1
-17
6
63
37
-15
42
40
-3
-25
8
18
-25
-49
16
18
-73
-44
35
-15
-86
-7
52
-52
-76
56
43
-74
-24
71
-16
-114
8
-5
-120
-76
-21
-25
-107
-5
90
-12
42
147
97
47
94
124
34
21
92
4
-49
7
34
-75
-39
73
-19
-48
25
107
-45
-26
159
-5
-15
96
89
-22
35
121
-47
-46
84
19
-142
34
77
-136
-51
85
-62
-67
65
11
-49
-10
69
-75
-4
99
-56
0
82
-20
-76
52
29
-145
10
36
-99
-153
20
55
-272
81
23
-125
63
-95
46
-59
-37
61
-107
49
21
-161
89
70
-113
67
-22
87
-124
-8
95
-157
60
-56
-11
18
-60
36
-51
82
71
-123
168
-3
-38
54
-67
107
-73
-4
91
-115
54
13
-89
103
-97
41
41
-80
39
-38
-33
-117
-104
56
-183
-11
-34
-39
28
-258
187
-94
-81
90
-76
76
-98
23
22
-69
-19
-27
-25
-35
-77
27
-78
15
-53
-20
30
-59
-19
-15
44
-71
1
45
29
47
22
111
-3
-27
73
-35
35
-132
-27
-5
-123
-49
-48
-14
-102
-53
-27
118
-42
35
248
-5
56
113
180
-15
66
103
143
-160
72
219
-182
140
14
88
180
-57
195
219
-3
96
-9
148
25
-156
175
115
-124
38
149
36
-25
61
97
28
-144
91
123
-234
60
27
-69
-61
7
52
-98
-56
89
-39
-86
189
-13
110
27
114
48
-29
88
-72
136
-161
26
44
-120
34
-20
-108
78
-113
50
47
-97
173
-201
92
48
-101
20
122
-202
62
-62
-236
93
-418
110
-149
-286
148
-176
31
-141
31
123
-358
269
-35
-97
148
-150
272
-236
-5
155
-211
20
102
-172
18
106
-182
231
-50
59
162
-203
205
-143
-154
73
-338
93
-158
-78
120
-174
134
-42
27
8
35
-31
41
-20
-13
72
-201
82
-84
-257
151
-232
-85
44
-162
154
-189
77
102
-91
22
55
68
-159
143
-33
-134
131
-184
107
-6
-50
214
-150
109
114
-182
150
-50
-59
70
-119
189
-200
91
32
-56
-44
99
132
-224
292
-4
-84
175
-51
137
-10
-6
248
-229
226
-33
-90
129
-62
37
-101
37
38
-170
85
117
-94
51
32
206
-183
158
252
-265
298
-66
-11
69
-245
332
-329
-66
415
-580
214
126
-346
313
-311
313
-57
-222
444
-328
86
135
-216
174
-263
159
-78
-187
130
-41
12
-234
442
-372
-85
259
-390
212
-198
23
184
-299
306
-103
60
20
-112
156
-116
12
-31
73
-261
115
-144
4
24
-216
176
-236
11
-40
-149
217
-40
-170
240
103
-413
261
12
-262
170
-235
219
-58
-202
410
-203
90
79
-104
196
-9
-119
204
-48
-66
78
-125
221
-223
84
69
-56
60
-114
306
-181
-115
337
-490
255
-127
-23
-17
-77
149
-327
127
-95
-25
-279
347
-150
-290
609
-452
134
147
-106
97
-149
286
-113
-259
310
11
-338
230
45
-150
77
-155
301
-293
117
206
-327
470
-278
74
209
-68
-185
281
-179
178
-158
137
223
-305
368
-32
154
45
35
212
-25
-68
301
-195
22
175
-232
53
90
-41
-52
114
188
-335
587
-323
412
84
-496
1041
-758
212
440
-270
119
13
73
-67
-79
-46
201
-345
165
28
-187
191
-181
255
-114
-77
75
-187
-91
92
-274
56
37
-469
130
38
-342
-38
119
-207
-125
68
-65
18
47
-47
133
0
-185
298
-75
4
49
-104
166
-271
13
202
-95
-132
66
112
-330
-67
175
-247
-91
11
0
-200
-120
32
-73
-53
-120
143
2
-49
-98
249
-231
-88
98
-400
633
-621
130
351
-541
347
-370
209
13
-432
345
-174
-2
-88
29
356
-371
161
311
-236
187
-173
173
384
-683
533
117
-433
325
-242
329
-287
-102
288
-143
-229
338
-145
-22
60
-176
292
-289
234
-138
129
-61
-19
33
-105
406
-563
396
312
-440
398
213
-76
144
-34
221
131
-521
657
-210
-240
456
-215
226
-224
311
-101
-198
258
-300
261
-326
263
-111
-38
315
-357
358
-94
32
-26
107
35
-6
-8
213
-13
-230
368
-257
131
-158
238
-4
-270
420
-280
115
-41
-90
193
-279
33
115
-190
6
-41
-22
-25
-270
245
-63
-185
146
-3
-122
-37
-1
-36
-45
-117
54
-293
42
-67
-361
136
101
-287
240
-6
10
78
-87
352
-210
-100
190
-86
-234
74
-94
-58
-301
131
57
-263
300
-129
77
34
-24
257
-142
90
228
-69
-32
222
-37
-66
-88
32
22
-376
165
90
-444
392
-183
88
101
-126
383
-396
431
-61
-12
282
-78
179
45
50
193
-77
217
-14
-36
280
-188
93
361
-434
309
-15
-87
317
-453
616
-362
-99
324
-324
194
-85
-45
412
-318
189
321
-42
23
328
73
-221
245
-97
-73
-43
-111
193
-408
212
85
-128
-14
174
117
-441
541
-216
139
-46
-67
326
-598
321
-85
-322
170
-277
180
-141
102
32
-229
449
-354
209
148
-55
157
-181
481
-197
-47
485
-269
-26
345
-376
368
-349
108
106
-469
246
-173
-175
-87
76
-311
2
193
-189
133
146
-124
211
-195
212
-64
-65
139
-94
-109
60
27
-243
87
-65
-196
-155
119
-365
227
-218
-49
95
-250
212
-158
92
118
-239
265
-140
-133
411
-374
106
162
-548
299
-523
-60
9
-538
179
-339
-121
-49
-195
75
-159
145
35
54
280
-81
79
40
-22
-200
99
-279
133
-154
-212
438
-413
123
147
-145
128
88
-123
381
-384
151
151
-226
147
26
162
-140
312
-173
334
-269
202
78
-48
70
76
-71
-16
-8
-198
16
-57
85
11
84
180
139
-122
465
-209
247
253
-46
250
98
147
-164
154
161
-349
54
144
-120
-127
96
99
-160
-136
297
-404
206
142
-427
619
-327
177
-12
92
439
-545
740
-239
146
-134
162
227
-554
640
-214
-76
251
-79
184
-73
32
400
-527
502
-213
17
68
-242
197
-302
103
-126
86
-224
272
-220
-62
414
-322
85
419
-405
257
312
-361
530
-281
187
206
-594
537
-192
-356
350
-479
416
-683
325
124
-625
645
-602
498
-347
52
386
-543
324
-233
81
-22
-320
529
-547
131
45
-232
173
-454
302
-343
-224
99
-222
-236
-23
-108
-95
-246
43
247
-656
526
-96
-273
420
-7
-30
411
-203
277
200
-376
616
-484
428
-293
72
61
-60
-40
72
41
163
-39
-31
637
-446
499
-201
401
-151
-109
163
-32
-186
-67
140
-378
479
-540
217
155
-72
30
205
155
277
-306
647
158
-449
816
-562
573
-342
119
17
-3
-202
-134
566
-927
561
-390
45
-344
-21
75
-439
173
-576
615
-713
301
22
-234
430
-502
268
267
-369
-11
398
-601
241
-310
-33
111
-497
338
-293
10
188
-520
365
101
-632
513
-259
-57
185
-385
613
-449
-144
658
-688
560
-136
-206
551
-916
838
-703
175
-118
-168
46
-406
502
-639
642
-259
11
401
-281
307
67
-146
494
-529
356
49
-487
461
-413
77
-200
258
-408
270
0
-278
574
-527
637
-171
84
252
-269
271
-141
-235
381
-296
-154
8
25
-329
-153
260
-405
301
-596
716
-563
-51
314
-496
362
-482
394
-136
-131
139
296
-525
648
-147
-119
504
-522
715
-441
-29
334
-480
-30
145
-388
-35
15
-314
21
-317
141
-139
-208
215
-12
-233
220
-53
139
30
-205
596
-423
206
324
-452
533
-360
98
229
-442
386
-359
308
-401
163
449
-735
762
-199
100
94
-180
341
-364
-269
504
-603
-53
-114
-79
-35
-275
301
-186
131
-359
620
-428
188
292
-451
779
-518
191
583
-731
614
-112
-145
407
-479
455
-142
-275
240
62
-290
374
-280
150
137
-500
615
-402
11
343
-489
634
-181
-31
547
-401
421
-200
80
190
-547
278
-261
-183
113
-355
203
-116
-253
253
-287
245
52
-369
618
-364
180
174
-13
438
-245
377
157
-63
130
71
63
-162
-47
179
-349
69
-28
95
3
-51
331
79
-128
235
85
-59
-109
-147
163
-402
-305
42
-174
-548
213
-69
-249
162
-274
523
-140
-53
600
-147
76
206
112
1
151
25
-91
315
-487
322
-137
-248
602
-872
749
-130
-567
584
-424
-64
-148
67
-167
-105
92
-115
-21
-134
469
-321
65
437
-250
62
154
-36
-37
79
-110
90
-37
-214
-18
45
-464
439
-194
-304
788
-798
417
113
-384
696
-477
385
486
-618
509
75
-48
336
-232
675
-362
104
-87
114
-232
-412
445
-427
-62
-33
70
100
-399
448
-1
-257
166
-225
48
-248
-232
34
-137
-140
-130
296
-158
-232
330
-263
204
-297
334
100
-219
177
-43
213
-328
177
-15
-124
113
-285
124
70
-240
40
136
179
-284
262
102
-222
83
-229
273
-221
-260
316
-65
-578
360
13
-74
87
56
608
-191
-261
754
-205
-330
485
-190
207
-474
69
168
-481
-101
288
-171
198
-154
161
227
-518
411
145
75
83
290
-82
153
-129
-7
105
-261
410
-467
192
-133
-204
-5
-46
222
85
-135
335
-142
-123
-85
261
-111
-107
362
-375
186
-404
-60
145
-78
-144
411
-163
-240
288
-341
406
-314
2
784
-1137
730
-158
-378
208
-64
188
-240
267
10
-37
-449
156
-103
-455
267
128
-136
-162
-22
60
-96
-353
738
-123
-335
338
96
-319
-213
568
-217
144
146
-62
-96
-68
-101
206
-284
111
302
-460
163
-47
12
-35
-178
678
-319
398
84
158
99
-157
563
-395
165
153
-137
-100
-388
-359
146
-264
177
306
-52
298
-584
-48
360
-477
509
-37
-94
-44
-347
-139
81
-32
227
355
38
-290
-111
128
-387
423
52
452
-123
-251
-19
-132
-97
132
21
187
301
-791
503
-316
-14
26
86
502
-686
210
-50
-308
-122
-128
407
102
-249
210
103
-303
-85
282
442
149
55
354
37
-505
410
64
-20
301
-61
109
-494
-49
-56
-231
347
-102
8
71
-370
-272
25
-66
-7
-118
262
15
-333
274
-269
218
174
-70
309
-115
27
-171
-140
377
-330
47
379
-79
-68
-129
-271
58
-234
-56
244
-177
-249
-446
-6
-49
-226
272
122
-263
-178
-108
-75
-292
37
218
-187
-172
-92
-135
-303
37
138
-18
178
-121
-234
-159
108
-238
-46
102
67
-359
-236
122
-273
-269
153
40
-309
-97
-260
-47
-228
156
254
156
446
214
240
616
388
541
869
753
631
501
577
504
398
564
551
390
160
277
164
169
261
252
289
88
-61
30
-55
-99
26
13
-4
-207
-205
-107
19
-102
139
2
-25
-72
-184
196
-104
-144
-36
-13
-266
-345
-140
-275
-471
-491
-284
-440
-626
-431
-415
-462
-485
-615
-401
-684
-927
-876
-1058
-1420
-1545
-1186
-686
-340
-440
-539
-1039
-732
-93
393
1403
944
271
84
273
727
1069
1634
1628
1065
560
596
795
856
1158
1403
1016
244
-176
-69
75
49
151
-67
-667
-1146
-1053
-721
-506
-563
-448
-511
-857
-817
-402
-36
92
269
414
656
531
839
1137
1552
1586
1611
1724
1764
1609
1499
1918
1799
1672
1382
1231
900
410
407
435
199
-215
-530
-748
-1097
-1265
-1067
-1041
-1301
-1544
-1586
-1419
-1422
-1192
-911
-802
-1054
-938
-814
-595
-516
-287
-173
-367
-515
-606
-533
-586
-586
-705
-1054
-1518
-1823
-1887
-2050
-1501
-227
4
-1188
-2377
-1482
-755
-127
1644
2145
418
-1678
-343
1488
1667
2322
2881
2255
302
591
1969
2375
2317
2084
1871
463
-619
-263
949
847
-119
-826
-1473
-2324
-2432
-1268
-597
-1199
-1978
-2100
-1852
-1651
-768
176
238
-302
-537
-105
531
1059
1699
2295
1943
1354
1336
1972
2296
2299
2461
2026
1249
617
720
1064
894
811
362
-390
-856
-963
-439
-451
-148
-349
-937
-1216
-1121
-306
151
252
337
-270
-352
-349
369
959
795
737
241
91
41
434
792
649
194
-403
-690
-869
-686
-556
-644
-1116
-1660
-1961
-1815
-1664
-1394
-1683
-2001
-2595
-2835
-2708
-2412
-1958
-2266
-613
200
-546
-2206
-1334
1023
1048
2400
3415
2400
-641
-258
3272
3681
3116
2778
2628
897
143
1979
2860
2245
692
246
-482
-1287
-1016
-98
294
-1552
-3014
-3170
-2766
-2426
-1905
-1443
-2078
-3173
-3196
-1833
-715
41
313
215
-234
-145
968
2169
2829
2636
2371
2014
1957
2312
3022
3476
2774
2073
1384
1112
1224
1251
1234
600
-239
-447
-710
-708
-824
-736
-895
-1355
-881
-1056
-864
-515
-300
330
-293
97
279
603
1001
822
1135
749
792
865
919
961
758
628
334
47
-183
-445
-379
-585
-903
-1261
-1624
-1707
-1921
-1797
-1963
-2298
-2402
-2683
-2412
-2599
-2338
-2436
-2494
-2274
-2434
133
1039
-41
-2060
-1205
1323
1343
2946
3547
2265
-963
-222
3697
4060
3156
2224
2163
706
337
2233
3021
2145
-61
-589
-961
-1048
-624
-187
-319
-2481
-3706
-3334
-2168
-1648
-1823
-2023
-2898
-3328
-2742
-1109
-277
-42
-427
-792
-683
258
1590
2421
2477
1913
1771
1928
2535
3238
3598
3310
2245
1651
1646
1848
2019
1665
995
-21
-404
-389
128
107
-515
-1122
-1528
-1055
-655
-201
-363
-773
-1020
-786
-73
397
506
371
302
223
452
969
1250
1058
692
527
514
587
691
529
8
-424
-563
-489
-554
-608
-971
-1387
-1655
-1715
-1669
-1673
-1713
-2028
-2475
-2331
-2445
-2314
-2307
-2358
-2418
-2887
-618
898
240
-2137
-1987
990
1239
2533
3286
2286
-964
-1161
3176
4224
3205
1840
1705
756
222
2182
2877
2171
19
-843
-802
-640
-31
-142
-455
-2159
-3286
-2832
-1601
-1004
-1655
-2265
-2758
-2662
-1905
-704
-110
-38
-394
-528
-200
767
1847
2168
2208
1856
1834
2034
2642
3241
3419
3012
1967
1723
1975
2340
2183
1551
911
91
-142
-178
251
51
-486
-1311
-1798
-1146
-670
-176
-375
-877
-1298
-1009
-5
642
757
308
-22
8
519
1193
1312
985
504
375
554
882
928
521
101
-403
-555
-605
-537
-713
-1152
-1502
-1847
-1854
-1814
-1664
-1851
-2021
-2204
-2435
-2281
-2635
-2412
-2611
-2634
-3007
-2643
269
536
-1256
-3531
-1136
1224
1189
2786
2725
713
-2373
376
4586
4304
2619
1355
1511
534
1527
3491
3479
1834
-444
-391
179
857
773
73
-1007
-2692
-2859
-1856
-766
-1142
-2385
-3100
-3143
-2368
-1334
-641
-704
-1022
-1125
-869
-155
1112
1704
1625
1344
1373
1834
2251
2779
3094
2997
2319
1880
2181
2526
2458
1877
1456
1011
574
451
463
635
399
-524
-1002
-1140
-543
-213
-312
-615
-1376
-1297
-817
131
371
-128
-479
-471
224
835
969
670
355
361
588
686
843
695
422
214
2
64
15
-69
-233
-628
-1058
-1414
-1350
-1218
-1271
-1613
-1951
-2144
-2238
-2032
-2060
-2124
-2399
-2492
-2611
-2743
-1804
187
350
-1794
-3734
-1698
737
1281
2139
1703
-191
-2624
23
4131
4171
2241
724
884
626
1827
3761
3357
1390
-590
-328
685
1520
1369
151
-1203
-2293
-1896
-720
-98
-1257
-2753
-3207
-2817
-1982
-1230
-1018
-1497
-1967
-1761
-1116
-338
630
951
722
469
820
1689
2340
2770
2708
2458
2139
2186
2623
2975
2790
2174
1685
1511
1361
1354
1225
1245
1027
182
-357
-537
235
282
64
-184
-1001
-922
-890
40
297
-231
-370
-697
-281
14
478
735
245
-147
-164
330
790
754
452
35
-258
-40
287
449
14
-639
-889
-784
-464
-442
-708
-1183
-1500
-1560
-1412
-1611
-1854
-2266
-2456
-2404
-2550
-2556
-2654
-2687
-1542
-442
-861
-2777
-2893
-622
312
937
1212
514
-1434
-1517
2023
3752
2732
1143
821
1117
1430
3079
3672
2534
714
167
1222
1962
1973
892
-184
-943
-1074
-403
109
-373
-1857
-2720
-2417
-1718
-1270
-1348
-1863
-2194
-2008
-1326
-665
-292
-259
-508
-342
273
966
1444
1468
1343
1442
1814
2112
2192
2320
2285
2017
1811
1898
1971
1710
1407
1422
1218
1025
591
665
651
455
283
-34
-12
-419
-325
-230
-239
-367
-740
-647
-621
-490
-410
-499
-595
-540
-325
-133
-161
-236
-333
-323
-72
3
-44
-254
-367
-308
-19
140
-107
-328
-352
-277
-355
-387
-390
-636
-883
-1105
-1118
-1181
-1329
-1494
-1784
-1789
-1825
-1864
-1970
-1753
-848
-743
-1402
-2135
-1462
-364
-89
436
347
-485
-1513
-615
1398
1738
1052
419
478
717
1241
2142
2158
1404
513
506
1278
1752
1479
648
19
-194
-80
365
444
-212
-1167
-1439
-888
-313
-230
-783
-1223
-1170
-681
-200
-84
-155
-532
-569
-53
621
834
553
344
458
936
1327
1522
1333
1052
853
1021
1426
1515
1280
848
814
940
1058
1011
883
703
408
418
673
958
723
454
289
254
339
286
309
68
-148
-385
-421
-320
-367
-407
-653
-688
-708
-723
-623
-468
-507
-701
-711
-601
-348
-310
-213
-216
-282
-204
-165
-11
52
18
-31
101
47
-196
-347
-248
-212
-303
-332
-531
-818
-933
-709
-598
-646
-854
-1135
-1269
-1317
-1112
-1036
-1269
-1524
-1551
-1296
-1051
-950
-1074
-1254
-1109
-701
-133
66
-124
-306
-186
333
628
811
801
642
575
702
1114
1280
1188
966
856
948
1033
1043
888
692
523
323
261
358
281
-56
-372
-425
-255
-197
-200
-228
-264
-320
-181
155
415
342
174
278
556
723
715
784
764
686
762
882
1035
909
759
861
995
1050
802
711
841
881
768
508
378
231
158
14
86
-60
-359
-433
-422
-211
-367
-484
-487
-389
-307
-436
-263
-78
-14
-165
-134
149
161
54
93
277
314
215
188
238
70
-21
21
129
-19
-341
-460
-464
-418
-524
-604
-706
-941
-950
-813
-718
-835
-1010
-1035
-1029
-846
-628
-536
-607
-766
-751
-464
-124
34
-192
-348
-211
19
272
344
402
239
160
298
563
636
420
185
93
169
92
9
-85
-242
-458
-596
-509
-457
-579
-719
-839
-884
-875
-691
-543
-563
-710
-817
-538
-163
84
161
140
154
219
403
716
797
700
606
603
739
744
726
673
699
680
573
600
674
725
605
653
822
817
647
499
604
685
676
566
435
357
272
363
558
587
370
67
120
307
342
239
28
-95
-168
-20
89
7
-193
-391
-359
-261
-90
-126
-335
-528
-510
-325
-197
-244
-457
-627
-606
-483
-469
-529
-638
-684
-585
-434
-364
-392
-411
-373
-337
-311
-352
-346
-246
-77
-32
-97
-135
-7
177
294
263
164
211
280
330
376
393
329
282
386
463
416
297
187
166
178
212
108
-64
-84
-146
-73
-42
-77
-193
-321
-277
-127
-23
-96
-146
-151
-170
-192
-57
148
92
-97
-179
-115
37
98
10
-8
-41
-43
3
46
136
139
99
100
106
144
169
201
242
246
239
281
372
323
203
100
167
223
135
72
11
44
3
12
79
159
108
16
98
179
145
4
-69
-34
-60
-124
-179
-255
-337
-375
-303
-273
-330
-452
-428
-315
-243
-194
-249
-318
-378
-298
-165
-116
-184
-252
-217
-153
-48
-63
-70
-108
-110
-107
-92
-12
-124
-192
-120
-3
16
-66
-100
-105
-48
59
139
173
58
6
27
127
168
110
43
-74
-135
-160
-97
-20
30
12
12
124
219
207
178
193
215
182
161
187
236
218
210
169
127
93
23
59
40
-39
-199
-189
-93
-66
-93
-129
-62
-105
-140
-103
8
8
-40
1
89
182
162
212
284
284
280
346
439
488
439
451
519
533
523
534
562
494
399
361
419
440
375
213
142
98
25
1
-64
-130
-331
-431
-467
-470
-456
-456
-466
-517
-502
-422
-297
-312
-378
-412
-329
-251
-282
-326
-385
-388
-389
-428
-347
-243
-247
-330
-315
-174
-128
-140
-112
-88
-163
-240
-188
-101
-51
-71
-96
-117
-134
-123
-51
-31
-125
-206
-215
-140
-83
-86
-77
-57
-26
21
120
258
292
225
184
271
300
283
287
303
273
163
110
78
98
80
26
-88
-133
-136
-215
-232
-201
-127
-168
-242
-238
-179
-100
-89
-135
-177
-184
-158
-94
-34
41
14
-23
31
178
274
281
296
352
449
506
558
593
605
558
582
593
638
663
585
491
426
471
462
374
206
29
-87
-129
-153
-212
-257
-314
-326
-291
-250
-176
-152
-165
-177
-156
-106
-51
-4
18
-45
-118
-88
-29
0
-28
-40
-4
-15
-26
-25
35
92
67
3
-57
-80
-64
-5
24
-43
-130
-129
-44
-24
-30
-53
-83
-133
-166
-71
-26
-58
-98
-116
-60
-39
-17
-5
-10
-24
-11
69
129
128
102
106
125
128
103
77
-6
-114
-146
-62
22
-22
-143
-218
-183
-171
-163
-188
-275
-373
-358
-211
-103
-104
-188
-232
-182
-66
-17
-85
-122
-145
-95
11
126
173
96
87
172
318
363
311
261
243
312
374
400
363
300
301
312
357
334
263
184
102
71
41
-6
-81
-104
-95
-117
-165
-201
-201
-217
-220
-216
-240
-306
-359
-309
-233
-246
-307
-340
-283
-227
-216
-187
-174
-215
-248
-213
-115
-100
-136
-126
-47
-3
-42
0
111
184
161
111
120
174
174
186
191
155
137
152
213
225
191
176
186
192
158
128
140
154
151
136
89
50
25
40
93
69
-6
-108
-135
-94
-61
-45
-80
-166
-227
-230
-187
-204
-269
-351
-384
-323
-255
-151
-130
-158
-149
-52
59
102
80
45
66
115
164
156
165
160
186
249
279
275
226
188
204
198
170
153
146
148
143
157
194
202
182
143
116
137
128
143
151
125
58
11
67
90
10
-84
-124
-127
-56
2
-9
-63
-139
-153
-108
-55
-62
-142
-195
-177
-144
-152
-170
-191
-261
-346
-368
-349
-363
-412
-401
-369
-328
-281
-245
-215
-160
-125
-100
-43
-27
-48
-59
15
109
159
129
104
133
183
226
251
265
189
126
162
243
259
161
68
54
39
11
0
-14
-69
-136
-119
-44
-35
-105
-155
-123
-107
-140
-163
-157
-149
-155
-115
-29
40
51
80
127
183
212
197
241
274
278
259
244
237
216
222
259
294
275
209
148
153
190
201
177
141
104
104
159
215
202
112
56
77
172
208
199
114
14
-5
2
64
58
18
-21
-17
63
96
50
1
-39
-67
-47
-35
-75
-127
-178
-166
-107
-122
-178
-243
-280
-293
-294
-314
-374
-417
-431
-402
-396
-379
-336
-261
-204
-142
-50
14
55
94
168
217
197
192
191
198
181
183
191
179
164
144
155
145
112
54
5
-40
-71
-108
-117
-111
-120
-149
-176
-169
-164
-158
-148
-141
-173
-201
-208
-205
-196
-248
-293
-332
-308
-255
-223
-187
-123
-83
-36
8
72
123
111
98
102
110
98
121
143
126
108
83
107
155
163
153
86
53
79
125
162
151
81
25
46
134
190
187
142
135
188
270
298
256
217
175
177
228
244
189
111
81
116
148
172
158
117
107
90
65
37
6
-68
-107
-108
-114
-181
-284
-332
-341
-332
-353
-375
-391
-383
-353
-315
-270
-272
-273
-225
-146
-62
-64
-67
-30
11
46
41
33
-4
-11
-6
23
42
4
-24
-45
-2
8
-22
-64
-89
-95
-105
-89
-66
-61
-54
-54
-10
23
29
23
28
30
-11
-38
-10
15
13
-3
21
26
33
60
92
144
197
252
297
302
300
320
334
335
303
256
235
233
247
237
230
209
181
176
158
153
92
53
36
25
20
4
-8
-8
4
6
16
10
17
13
11
45
60
70
62
59
76
75
89
98
59
11
-33
-42
-60
-83
-105
-138
-174
-224
-278
-303
-327
-380
-407
-404
-398
-411
-433
-428
-426
-426
-395
-337
-279
-222
-145
-90
-50
-3
60
115
143
141
168
209
249
264
256
254
225
190
168
192
206
162
131
120
103
82
89
120
97
33
21
34
34
6
-21
-27
-40
-29
-21
-1
0
-40
-64
-50
-13
-4
-2
24
91
139
155
160
200
215
199
201
187
166
123
114
144
130
79
25
53
65
35
5
-38
-44
-77
-90
-72
-70
-108
-145
-118
-77
-66
-66
-55
-34
-14
5
44
76
63
58
80
107
104
73
68
79
44
-8
-24
-22
-48
-51
-38
-30
-56
-76
-74
-75
-80
-116
-151
-193
-217
-246
-261
-281
-312
-311
-308
-296
-239
-229
-235
-244
-232
-183
-148
-110
-78
-48
-15
6
49
88
80
68
82
94
92
103
141
166
168
173
149
141
131
139
130
86
70
56
44
36
52
63
65
69
83
84
76
86
96
82
74
77
94
115
106
108
100
99
98
80
83
66
56
44
54
82
70
70
87
101
109
88
65
54
51
32
-3
-50
-113
-122
-108
-89
-104
-130
-131
-128
-102
-102
-110
-127
-139
-144
-150
-143
-154
-157
-192
-215
-211
-194
-163
-149
-139
-148
-143
-131
-117
-79
-70
-53
-37
-10
12
14
47
61
65
61
35
19
41
66
62
23
-25
-46
-58
-36
-9
-13
-36
-47
-5
46
81
52
20
59
87
145
193
203
182
169
174
209
217
165
134
135
135
112
106
104
73
11
-16
-11
-20
-33
-7
-6
-39
-52
-69
-78
-101
-121
-150
-123
-106
-112
-99
-64
-21
-14
4
13
25
14
-15
-13
-4
-17
-34
-3
55
99
110
113
134
150
143
148
145
103
73
54
65
72
43
22
18
17
24
45
66
68
28
5
28
1
-53
-103
-141
-156
-168
-166
-180
-196
-187
-174
-143
-109
-101
-123
-106
-80
-91
-99
-114
-127
-132
-116
-98
-105
-92
-55
-51
-36
-18
-22
-28
-52
-55
-88
-88
-92
-94
-104
-116
-136
-150
-114
-108
-85
-63
-49
-37
-29
18
47
107
163
225
250
255
293
342
402
438
472
439
432
420
431
414
352
270
192
145
107
80
13
13
-80
-59
-101
-103
-95
-127
-104
-172
-134
-179
-74
-129
-84
-76
-79
-18
-4
83
15
39
47
-27
95
7
2
72
-62
163
93
135
55
14
35
-175
-57
-312
-201
-372
-388
-296
-503
-101
-407
-197
-144
-291
-122
-475
-229
-331
-577
-184
-356
-189
-280
-22
76
-47
125
79
147
-191
19
8
-285
-62
-19
75
75
118
332
-136
242
118
225
198
53
235
22
166
126
262
67
78
79
25
73
124
90
15
-139
176
-44
10
139
90
86
-33
59
129
37
14
356
-201
195
182
-27
667
-67
455
295
-43
261
434
119
420
431
-150
553
-166
274
259
-74
478
-365
-25
303
-730
356
-421
-389
120
-831
160
-108
-706
577
-798
-40
116
-570
596
-832
519
-340
-496
750
-733
207
-31
-332
520
-642
477
157
-715
625
-496
-236
44
-645
508
-720
268
-118
-495
429
-655
129
-123
186
-685
431
-74
-632
659
-876
938
-586
-379
1053
-910
403
268
-343
175
-492
321
-255
-298
609
-519
14
80
-168
128
-336
656
-274
-32
465
-104
296
-27
359
57
-84
627
-12
326
186
107
39
136
332
-19
276
280
34
23
80
28
265
-75
582
-515
624
-286
-157
620
-709
1098
-902
712
-12
-616
867
-881
698
-72
-145
579
-779
416
11
-688
947
-709
333
202
-457
745
-771
475
-21
-393
407
-309
123
-215
-230
55
-472
36
-58
-7
-193
-176
-156
-405
282
-604
200
-151
-272
-65
-98
192
-278
-131
117
-223
-144
-67
-296
171
-621
110
-200
-223
-225
-320
62
-383
123
-407
250
-561
93
52
-601
717
-609
146
71
-493
557
-516
431
156
-495
772
-659
382
6
-27
288
-221
353
35
37
77
353
-243
419
101
-176
768
-460
745
20
-276
1110
-803
825
-70
-12
814
-736
997
180
61
504
314
283
358
207
297
493
-180
540
156
-110
316
66
-37
-21
-53
439
-592
436
-9
-445
438
-781
490
-486
-295
433
-556
199
202
-167
46
-75
-15
-276
-233
62
65
-455
157
-402
13
-217
-428
468
-694
1
-94
-327
144
-154
-173
193
-391
-83
-129
-270
-142
-282
55
-525
181
-309
-376
109
-681
95
-366
-96
79
-370
-36
-110
-456
132
-74
-151
107
-163
148
-299
-25
107
-72
61
-57
96
-175
76
-142
116
182
-174
435
-87
-63
125
91
-68
314
210
-108
504
-156
85
168
-143
350
-156
185
228
8
-37
380
175
-79
507
7
388
265
260
466
175
232
168
222
52
247
95
119
224
-153
-3
192
-116
136
-113
48
41
-280
256
-68
90
-181
-49
101
-310
-1
79
70
-175
-4
271
-354
-68
124
-286
-185
-124
-25
-179
-208
-14
-155
-258
-131
129
-451
104
80
-336
254
-261
-85
144
-513
87
-173
-236
362
-760
576
-134
-733
654
-556
149
-140
119
4
-306
195
-158
-262
-82
48
-203
62
69
10
-80
255
147
-90
272
175
16
141
148
278
-234
352
199
-132
448
-233
514
-33
-43
577
-103
258
-3
-67
200
-272
130
99
-154
470
-524
382
-172
-110
310
-225
339
19
183
-316
541
-320
215
176
-368
564
-731
663
-436
94
398
-446
624
-527
242
110
-1064
953
-774
87
204
-522
759
-933
421
-1
-326
152
44
-111
178
-376
348
-36
-423
391
-142
-220
210
-259
334
-255
-500
990
-1080
405
184
-764
952
-1250
700
132
-824
792
-417
194
-228
20
188
-309
212
-232
242
23
-453
498
-538
314
-426
172
256
-374
228
-171
205
-390
0
397
-450
131
-79
367
-348
78
415
-459
423
-411
391
-208
19
80
-163
87
-27
-294
516
-538
319
-385
191
-8
-382
674
-629
847
-747
608
114
-422
655
-117
88
118
65
-32
526
-492
357
268
-472
288
211
-170
254
-252
64
263
-671
753
-386
232
-12
-163
613
-539
350
180
-78
-125
425
70
-436
536
-132
-396
569
-524
551
-117
-66
465
-454
381
-557
525
-534
308
-113
-383
672
-847
224
293
-726
180
159
-495
434
-359
161
-294
-126
112
-581
390
-397
73
-35
-390
405
-292
-275
428
-633
72
-335
21
-359
-287
553
-1037
379
-4
-560
52
-5
-306
33
-53
112
-84
153
-203
333
-181
-192
791
-843
699
162
-704
1034
-453
27
213
244
-261
143
444
-272
431
-244
418
-25
-231
503
-172
234
-187
443
18
-340
692
-370
319
-16
-135
623
-580
171
515
-735
709
-298
96
252
-144
-30
610
-553
634
79
-357
911
-812
559
-175
-143
271
-359
470
-444
506
-384
-129
736
-1397
1382
-797
-35
872
-1299
1353
-810
2
721
-928
854
-430
176
108
-39
385
-315
646
-258
90
494
-385
373
-1
-101
234
-192
231
-127
92
-205
233
-253
-77
690
-921
801
-403
-52
123
-444
788
-992
753
-260
-153
287
-367
416
-458
179
44
-498
587
-820
229
-276
-129
-144
-354
275
-607
219
-438
545
-628
98
595
-957
765
-193
-145
340
-450
351
-149
-212
36
-32
-309
160
-109
302
-319
295
-166
-34
-43
45
-336
91
-102
-299
286
-470
655
-612
342
337
-489
367
99
-165
375
-193
443
-138
-34
433
-559
497
-354
200
16
81
428
-447
566
-75
-314
541
-345
641
-506
459
271
-594
941
-743
765
-100
-482
1089
-1047
721
-76
-371
794
-716
560
-485
380
-480
110
66
-194
192
-365
680
-589
141
415
-633
724
-309
128
467
-604
1044
-688
303
476
-882
791
-432
83
203
-416
797
-806
626
-147
-125
102
-164
205
-455
796
-821
798
-523
-213
675
-1223
950
-673
226
-155
-300
538
-700
164
-290
334
-816
193
87
-556
-43
93
-231
-226
250
-476
235
-308
-53
65
-421
421
-240
-439
759
-628
-95
456
-693
535
-305
-59
521
-709
396
-299
-58
-202
-8
17
-45
249
-552
915
-737
217
516
-467
427
-182
198
151
-396
644
150
-464
734
-151
-331
562
-424
438
-267
-49
415
-710
348
122
-403
-114
538
-500
31
345
-353
158
-382
263
-300
168
-251
191
-64
-323
307
-380
56
102
-380
165
79
-502
378
-64
-317
397
-552
274
-111
-490
706
-630
504
-263
163
98
-285
353
-583
576
-448
-79
648
-530
368
-199
-68
446
-886
689
64
-675
640
-629
397
-363
65
273
-234
91
-86
389
-504
645
-229
55
175
-93
102
55
56
255
-77
323
28
167
36
-52
591
-574
491
-338
315
-130
-174
490
-308
14
74
-1
-5
-28
189
-36
81
-135
252
-151
-158
558
-579
517
-140
-95
270
-17
-79
92
37
111
-227
86
-12
-280
-37
-156
74
-376
264
-272
-104
93
-299
7
-90
-139
211
-495
366
-174
-536
588
-456
-64
403
-119
69
-80
-50
45
-481
284
-265
1
-148
-62
-11
-156
301
-228
221
17
22
-192
184
72
-275
286
-103
77
-248
75
58
-279
184
58
-73
117
23
24
-2
-88
-2
70
-168
28
35
-179
11
-59
-197
195
-426
130
-238
-38
-37
-333
425
-436
121
44
-69
90
-127
40
282
-423
291
-88
-150
68
-153
128
-91
-33
35
-10
-256
214
-222
-12
167
-286
186
-155
180
-50
-254
524
-115
-188
452
-130
-6
129
-164
474
-326
280
204
-271
363
-295
330
-63
146
131
-121
592
-540
558
182
-155
442
-48
281
-202
403
42
-121
351
-97
52
42
164
-90
332
-229
323
-104
-99
329
-477
-5
130
-428
-55
55
-360
233
-704
398
-226
-433
435
-286
-56
146
-404
430
-252
-337
521
-605
133
-32
-276
172
-73
-47
129
-265
328
-519
253
3
-310
246
-263
73
-228
-198
81
-107
-191
344
-309
-70
77
-444
348
-284
22
370
-541
410
-82
-129
476
-242
199
429
-658
665
-74
-269
808
-436
450
124
-150
276
-85
227
-5
93
56
-107
8
-64
96
-155
120
69
-186
110
192
-427
397
-250
-105
255
-551
466
-252
-369
732
-697
198
367
-518
404
120
-273
369
52
-233
422
-169
51
66
-285
438
-409
29
405
-521
347
-231
27
-2
-145
203
-282
334
-294
-150
312
-508
216
-70
-271
390
-605
340
-60
-183
238
-117
124
-129
226
-230
281
-116
-46
365
-382
428
-126
-22
271
-252
363
-250
278
49
-140
273
-46
-12
-174
388
-613
506
-142
9
159
-210
440
-404
292
179
-144
257
-104
245
-365
471
-169
45
248
-106
143
-77
340
-51
39
270
226
-347
411
-173
29
-135
197
-52
-128
149
-300
278
-792
453
-408
-436
379
-656
281
-433
-100
10
-508
255
-471
161
-129
-178
60
-365
248
-387
87
114
-247
191
-208
263
-241
166
207
-492
521
-404
85
140
-280
409
-497
461
-245
-199
225
-343
84
-241
289
-370
280
-108
-165
249
-498
401
-369
178
186
-333
448
-73
-16
261
-17
255
-82
192
162
-101
378
-276
471
-188
107
150
-297
692
-736
525
16
-350
256
-391
261
-205
-426
681
-756
200
275
-599
726
-610
122
214
-497
271
98
-379
416
-98
-136
363
-212
290
88
3
268
204
191
-108
567
-255
5
595
-612
642
-62
-95
381
-242
464
-155
26
410
-242
54
267
-121
337
-213
423
-73
-163
574
-626
505
63
-280
596
-517
277
85
-504
652
-471
-34
543
-797
382
18
-524
603
-484
-147
447
-658
-49
282
-600
371
-405
-28
223
-692
298
-263
-271
92
-484
348
-528
-183
369
-834
289
-240
-65
-117
-100
83
34
-427
282
10
-456
152
132
-319
89
59
-189
281
-324
241
-16
-117
234
-36
-54
177
-22
-213
202
-89
-12
136
-59
50
44
-201
501
-382
384
253
-347
400
-128
-28
55
-60
130
-188
144
66
-338
456
-278
137
-67
46
102
-271
295
-58
-171
182
-116
-111
-30
187
-270
40
272
-287
174
-92
195
20
-248
446
-311
-5
174
-248
311
-309
172
154
-520
431
-213
-184
367
-547
376
-142
-319
430
-353
158
83
-282
419
-377
218
29
-122
437
-477
300
-82
-40
-5
55
76
-211
312
-380
183
-123
-119
263
-357
412
-135
19
158
-34
113
6
83
168
-131
188
30
-254
363
-244
127
-126
173
-106
-67
67
-83
21
-209
203
-274
136
-194
140
-176
52
120
-42
-63
275
-70
-155
364
-207
104
140
-419
559
-545
113
88
-334
368
-763
570
-468
-393
392
-486
234
-336
169
61
-597
405
-288
184
-183
118
438
-395
370
213
-123
401
-189
261
186
-320
309
-98
13
-101
-119
266
-335
56
300
-162
18
196
59
63
-27
238
212
-231
421
39
69
222
251
-39
219
79
180
-149
223
145
6
-27
55
296
-527
413
-114
-40
114
-24
125
-165
128
-150
76
-163
130
-45
-7
33
-168
174
-103
-184
154
-105
-243
92
-123
-160
-68
22
-305
93
-231
-7
-89
-79
-13
-47
100
-116
-30
96
176
-319
480
-95
31
308
-29
85
162
-29
86
118
-403
731
-740
353
289
-736
767
-281
-191
595
-272
39
400
-322
87
361
-227
101
560
-577
768
-259
162
324
-317
454
-335
369
-20
-13
189
-49
133
-297
258
141
-552
651
-378
242
-360
31
239
-744
458
-405
194
-405
-3
33
-267
4
-290
252
-521
72
-33
-237
165
-284
169
-21
-337
192
-110
19
-142
38
302
-477
325
-90
-140
-28
-64
21
-314
202
-192
-123
41
-248
173
-365
223
-113
-254
280
-370
80
-284
291
-530
143
-30
-109
166
-238
504
-234
124
203
62
-74
299
-168
97
7
46
47
55
57
-127
390
-267
174
144
62
-12
99
231
-373
327
28
-141
13
259
-120
-115
148
32
-175
-154
271
-266
38
99
-42
26
95
38
125
25
103
282
-261
414
-176
16
328
-358
416
-217
112
215
-226
87
215
-368
182
-62
-233
200
-426
187
-322
-127
266
-614
199
18
-600
370
-429
51
-41
-179
274
-334
116
223
-290
226
-31
-30
187
-434
353
-156
-142
96
-54
47
-231
90
-2
-159
-99
154
-173
-40
-111
172
-465
276
-80
-292
384
-464
334
-300
105
-33
-72
-40
26
-115
-192
319
-363
224
39
-53
167
-115
92
44
-36
73
17
-3
10
111
-9
-35
251
-59
-72
304
-136
-15
218
-123
212
-260
212
47
-205
295
-132
79
48
96
-92
126
-56
206
-277
49
260
-353
206
20
65
-140
148
66
-11
72
154
325
-412
570
73
-205
475
-132
398
-188
324
193
-300
277
-3
-76
-4
130
-58
-164
141
-86
7
140
-67
135
-149
151
-57
-36
215
-106
52
127
-24
-127
204
-69
-86
57
-157
100
-274
-60
9
-113
-219
53
-64
-210
13
-212
55
-240
-220
42
-140
-177
14
-86
-52
-64
-29
2
-46
-25
-93
1
-238
181
-354
-25
46
-268
82
-248
201
-85
-290
462
-187
-150
344
-257
209
-106
166
129
-200
313
37
-63
186
187
-263
166
177
-232
196
42
97
-50
8
238
-249
-33
305
-172
-100
201
195
-403
134
123
-195
-145
174
186
-510
400
-15
-292
167
-2
219
-283
243
260
-445
295
149
-323
211
190
-132
-5
206
7
-252
160
147
-341
7
87
5
-364
326
103
-424
274
-46
33
-244
184
146
-350
165
95
-267
-124
184
-250
-131
-37
132
-266
-212
343
-350
-46
38
237
-397
110
257
-373
35
169
26
-329
220
92
-415
75
186
-123
-211
339
117
-365
139
158
-292
-247
281
-23
-316
296
127
-241
44
185
-98
-191
312
26
-104
285
3
-80
170
-227
265
-269
85
299
-307
325
96
53
-46
355
-237
248
64
-303
447
-144
-243
269
-146
-322
116
-290
82
-107
-160
188
-209
-59
39
-3
-99
-31
69
-57
8
23
229
-135
259
-13
29
231
8
138
25
423
-346
242
191
-228
225
-155
217
-214
-14
110
-167
174
-2
41
42
163
-156
70
365
-152
-62
305
113
-286
92
159
-204
38
-10
210
-96
-188
232
-150
-90
8
-1
-35
4
-127
103
-12
-93
19
0
-54
-6
-25
196
-15
-47
276
-293
286
-121
-19
324
-303
169
-4
-343
481
-518
153
239
-386
309
-243
347
-264
7
314
-361
184
-258
56
74
-295
155
-98
104
-145
17
366
-178
61
253
17
96
80
133
17
77
16
-59
163
-144
27
-73
83
99
-205
132
84
-217
4
132
-173
26
-177
30
62
-281
193
-23
-196
85
-157
45
5
-90
183
41
-210
151
-147
-59
249
-93
185
85
-48
93
-19
25
111
-87
63
-56
-21
-43
-142
38
-70
-297
13
31
-315
138
-59
-170
147
-349
246
-131
-179
421
-339
272
46
-133
201
-204
219
-125
123
62
-101
194
-210
123
-182
89
19
-140
206
17
-102
16
41
6
-147
-30
173
-222
119
2
-20
-60
-163
192
-260
243
-75
83
46
-177
152
-346
259
-97
21
227
-60
-78
3
3
-102
111
-114
199
-57
-165
274
-235
-53
204
-146
112
100
-140
54
-12
-50
-27
-59
58
-132
-64
200
-137
-58
108
-129
-84
0
22
-76
80
13
-39
-69
-11
-145
-22
41
-31
-40
55
-54
-90
134
-25
64
-81
168
-30
-21
249
-131
155
-45
39
93
35
81
-47
123
-147
-62
-83
-82
76
-189
138
-99
-68
46
-124
164
-74
178
13
129
77
-66
208
-72
9
136
26
63
-40
103
-14
-189
51
-106
-42
3
42
57
-15
61
-74
35
102
-76
106
32
107
-201
63
-115
-294
-10
-229
-78
-96
-75
-119
-79
-21
-86
-117
134
-87
-28
156
-44
82
-8
8
88
-6
9
34
124
-36
-20
86
-1
-13
-72
92
63
-119
142
93
-7
37
9
129
41
-54
163
72
-49
-12
58
44
-20
123
34
151
-114
139
6
-45
263
-241
216
130
-167
178
-4
-7
-160
-21
73
-198
114
18
62
-15
-181
147
-209
-79
111
-84
83
-122
22
-59
-76
-83
-34
47
-146
72
-75
-4
-113
-122
35
-100
-15
-30
48
2
-92
2
20
-19
-75
119
69
-35
87
-70
62
1
-120
173
-80
55
54
-80
70
4
-92
77
59
70
55
86
120
-24
103
-28
41
-36
-12
-54
-6
-26
-84
-85
-34
-77
-72
33
19
82
-50
85
-85
-62
-30
-69
23
-98
-29
-14
-181
31
-45
-51
16
-19
34
-72
39
-41
-16
-60
-35
-28
-30
60
-69
33
-65
-95
-158
-97
-96
-114
-8
-103
0
-70
-74
41
39
-57
121
102
51
88
53
88
-27
17
26
42
20
44
24
-49
13
-122
-26
-35
-41
-66
-9
27
-17
21
126
51
27
108
17
114
-25
56
59
-89
57
21
-41
55
-84
-2
-22
-68
33
12
40
-9
57
137
1
187
113
76
177
7
120
98
65
87
21
59
-53
-12
12
-25
41
-55
1
-43
-105
-65
-43
-104
-13
-80
18
-36
-106
-14
-97
-60
-2
-5
50
51
0
32
11
-37
7
-3
57
-30
83
36
-73
-9
-104
-80
-72
-42
-64
-16
-3
-34
10
18
-8
1
80
-7
42
104
40
49
109
95
83
104
116
82
8
154
28
0
184
31
120
65
65
188
-23
156
123
15
76
27
54
-41
-12
-39
-57
-83
-51
-74
-83
-19
-133
-46
-40
-122
-50
-98
-110
-106
-55
-80
-5
-60
-56
-31
-116
-166
-36
-38
-119
-8
-78
-60
-133
-29
-65
-35
-12
-7
37
-1
62
-9
-13
-4
-29
-2
31
-49
-81
-1
-74
-16
15
48
74
20
86
57
63
61
192
152
174
176
127
111
0
122
51
23
96
27
20
12
8
3
-11
5
53
9
62
37
54
44
57
103
43
81
22
63
43
-25
-4
4
-15
-66
-41
-31
-132
-122
-47
-142
-151
-126
-124
-210
-165
-153
-127
-163
-115
-73
-184
-65
-103
-101
-14
-47
7
7
20
28
-76
79
24
19
101
112
113
-6
77
16
1
59
66
101
42
4
36
-6
-41
-36
-55
17
-43
-43
13
-83
-73
-127
-92
-36
-76
-15
40
14
-68
38
36
37
76
170
162
130
136
143
116
111
127
22
135
10
-22
34
-42
-27
-110
-50
-74
-175
-118
-113
-165
-143
-109
-120
-102
-161
-132
-111
-132
-82
-72
-36
-56
-74
-15
-50
14
91
36
132
104
100
208
188
208
215
219
257
140
121
188
27
73
64
-58
24
-100
-123
-101
-170
-123
-182
-91
-77
-92
-39
-1
1
-17
87
59
121
116
170
188
158
240
158
180
162
147
177
153
115
135
120
84
98
46
116
34
20
5
-2
-68
-123
-101
-174
-147
-199
-168
-180
-209
-225
-184
-170
-203
-153
-107
-119
-112
-97
-21
-21
24
153
134
172
107
129
122
107
79
113
94
-12
-5
-31
-47
-26
-47
-8
-43
-67
-47
-86
-52
-65
-100
-47
-114
-120
-70
-64
-14
-30
-20
-1
-36
-3
35
62
104
86
117
133
65
72
94
56
106
137
113
115
128
90
59
39
4
9
-58
-66
-88
-124
-133
-199
-134
-155
-156
-127
-146
-78
-106
-83
-80
-37
-99
-83
-46
-25
16
48
97
69
81
91
78
99
74
72
82
32
37
-6
-11
-15
-24
0
-3
-31
-41
-60
-56
-80
-28
-42
-3
-26
-64
-38
-39
-40
-11
22
-2
34
-11
-7
13
12
57
79
94
118
120
98
129
127
122
174
172
185
165
130
113
55
62
20
15
-15
-55
-76
-58
-56
-45
-26
-46
-40
-78
-74
-65
-48
-8
-28
13
24
2
31
45
72
50
97
53
27
9
-19
-2
-18
-12
7
0
41
72
54
80
75
17
36
23
-12
-4
-23
-56
-99
-116
-126
-112
-98
-80
-67
-58
-52
-34
-4
22
54
40
50
26
26
25
20
6
15
1
-18
-39
-37
-58
-94
-98
-117
-102
-138
-95
-84
-103
-66
-62
-44
-24
26
29
21
38
-4
-25
-9
-28
-43
-15
-28
-27
-7
3
11
24
42
38
68
67
66
75
66
80
31
33
30
-5
-13
-9
-43
-47
-48
-61
-28
-45
-34
-15
-19
1
5
15
32
37
52
63
44
67
45
34
76
51
64
55
49
35
39
58
42
45
22
31
30
27
38
-6
-15
-37
-78
-52
-77
-55
-54
-76
-58
-57
-66
-28
-19
-28
-2
-18
-12
8
19
42
37
73
67
56
65
47
45
44
38
20
15
-7
1
-9
-16
20
12
8
23
4
-7
-19
-39
-67
-78
-91
-94
-122
-112
-128
-140
-94
-106
-64
-22
-3
32
59
80
93
100
102
104
87
43
62
36
21
24
10
11
8
2
-20
-2
-20
-47
-23
-41
-39
-46
-48
-57
-58
-62
-61
-36
-52
-73
-72
-84
-104
-81
-88
-63
-45
-14
35
47
80
111
144
176
188
213
229
211
204
192
163
144
122
78
54
21
-10
-38
-63
-64
-68
-71
-65
-73
-79
-66
-67
-72
-48
-60
-61
-54
-72
-76
-78
-73
-68
-53
-44
-31
-23
-5
2
13
52
51
90
105
103
97
90
93
55
56
22
-21
-24
-60
-97
-79
-120
-124
-132
-154
-148
-141
-144
-133
-118
-108
-76
-58
-14
-17
28
31
48
67
71
80
81
104
96
107
105
120
118
125
125
99
94
83
57
35
32
0
-3
-9
-36
-41
-59
-74
-84
-80
-86
-96
-86
-77
-78
-37
-40
-16
-23
-2
8
13
42
34
57
44
72
81
68
85
70
47
51
38
21
20
16
-1
3
-5
-23
-17
-48
-54
-81
-103
-112
-121
-125
-130
-111
-93
-67
-41
-4
2
36
50
64
96
105
99
115
100
93
103
86
84
65
51
47
22
25
-4
-13
-8
-23
-16
-18
-20
-41
-32
-37
-39
-25
-36
-20
-20
-27
-14
-40
-21
-32
-38
-28
-30
-29
-14
2
17
39
54
69
79
87
81
61
48
30
-5
-19
-37
-69
-103
-97
-126
-137
-132
-141
-123
-112
-91
-63
-42
-13
8
38
55
76
80
89
86
81
69
50
67
40
44
45
19
31
13
13
26
2
0
8
-13
-13
-15
-32
-28
-28
-41
-35
-46
-61
-71
-82
-69
-78
-70
-58
-63
-43
-40
-23
15
25
50
77
95
107
123
124
130
128
116
101
78
52
12
-10
-28
-60
-63
-54
-65
-55
-49
-55
-44
-41
-45
-35
-32
-39
-36
-38
-34
-19
-22
8
18
41
52
62
91
71
91
103
107
109
115
104
95
78
64
53
44
35
22
11
-10
-28
-46
-65
-77
-93
-109
-115
-120
-133
-135
-130
-124
-101
-82
-68
-51
-37
-39
-27
-13
-13
0
24
24
39
53
56
72
72
88
92
96
97
81
71
57
46
30
22
13
-14
-22
-41
-62
-76
-79
-88
-89
-80
-80
-82
-62
-55
-51
-17
-18
3
14
17
24
26
40
40
57
61
68
73
79
80
81
85
87
88
76
65
55
25
20
8
-16
-16
-41
-46
-73
-88
-94
-116
-107
-109
-106
-108
-96
-94
-92
-73
-68
-46
-23
-7
15
26
41
59
61
91
82
99
100
90
92
76
79
70
75
75
71
69
63
44
35
19
4
0
-6
-24
-28
-37
-60
-58
-69
-72
-72
-65
-63
-66
-60
-47
-44
-26
-3
4
25
40
43
46
54
57
50
57
58
43
41
26
20
-2
-4
-6
-24
-21
-33
-39
-47
-50
-56
-61
-61
-64
-68
-81
-72
-89
-82
-73
-69
-52
-54
-36
-31
-34
-14
-12
3
16
22
38
36
52
55
68
78
86
92
91
90
79
57
56
40
29
28
17
14
-2
-3
-10
-17
-9
-11
-11
-6
-9
-15
-16
-17
-20
-24
-13
-14
-12
-17
-10
-14
-8
2
6
21
20
26
18
24
16
21
21
21
24
15
23
14
9
11
4
8
8
0
-4
-13
-22
-31
-37
-32
-36
-33
-29
-35
-35
-33
-38
-30
-34
-22
-23
-22
-11
-20
-17
-10
0
-9
12
10
1
12
11
15
21
34
43
45
51
52
45
46
42
39
33
31
29
18
13
9
7
-3
8
3
0
-2
-14
-13
-28
-22
-27
-29
-27
-31
-35
-38
-35
-36
-30
-23
-13
-11
-2
3
6
7
15
20
15
30
24
21
25
16
21
17
23
33
20
22
16
2
-8
-13
-23
-27
-29
-34
-41
-41
-47
-50
-43
-47
-41
-36
-38
-32
-30
-28
-16
-11
-1
7
18
24
26
39
40
47
59
58
69
70
65
67
59
53
55
41
40
34
15
7
-9
-15
-23
-27
-26
-36
-34
-47
-48
-51
-59
-52
-53
-45
-49
-39
-39
-40
-24
-21
-18
1
3
8
18
20
25
28
43
45
45
52
47
34
35
31
20
20
16
8
-1
-6
-15
-29
-31
-33
-43
-41
-48
-45
-56
-49
-44
-41
-31
-25
-10
-15
-4
4
-1
16
27
22
38
41
38
40
40
45
38
44
46
38
40
32
24
17
16
11
3
-3
-6
-24
-30
-34
-43
-44
-43
-41
-44
-43
-43
-43
-43
-38
-33
-31
-22
-19
-15
-14
-6
1
5
21
25
27
33
33
26
32
33
30
39
31
32
32
24
20
21
13
12
13
2
1
-6
-9
-16
-14
-15
-23
-14
-22
-25
-23
-29
-23
-23
-17
-18
-14
-13
-16
-11
-10
-7
-3
2
2
1
7
5
5
16
13
17
22
24
19
18
24
18
19
26
19
18
18
11
6
8
5
3
1
-1
-3
-14
-13
-19
-24
-22
-24
-21
-25
-26
-22
-32
-23
-15
-14
-5
-1
4
4
9
22
19
30
38
40
39
45
43
33
38
36
33
30
35
23
10
13
-5
-14
-16
-22
-31
-34
-43
-49
-59
-60
-54
-64
-56
-50
-52
-47
-39
-37
-29
-19
-8
-1
5
19
18
22
38
38
48
54
60
59
57
57
52
50
46
43
35
29
19
5
-5
-12
-21
-27
-30
-39
-42
-53
-55
-56
-61
-54
-48
-45
-38
-33
-27
-19
-10
6
12
29
36
39
49
50
54
59
62
60
63
