8
12
13
6
17
-23
2
1
-4
7
3
12
-24
4
-2
-10
2
3
1
-17
-4
-19
-4
-4
6
11
-11
0
-9
-6
4
10
17
2
19
9
2
8
18
-5
4
1
-13
-6
-4
-7
-20
7
9
13
-3
24
-16
-7
-9
-4
1
-21
20
-26
-11
-11
-4
-4
25
14
-2
13
-15
14
-9
8
-13
-9
-14
0
6
9
9
2
-3
-32
7
-38
9
-10
-5
-20
-19
-6
-16
4
-8
7
-5
-4
-1
-3
-2
-5
-11
13
-28
-3
-13
-21
-24
-40
-18
-33
11
3
9
2
20
-5
7
22
-5
25
2
22
-6
6
10
-2
4
12
4
8
23
20
6
4
-6
-26
-12
5
26
-7
20
-31
-25
-28
-18
-5
4
24
-16
-22
-32
4
-18
43
21
23
16
11
25
12
59
35
53
26
12
6
5
7
-11
7
-12
24
20
48
45
29
32
-3
12
18
13
-6
1
-15
-22
-11
-32
-39
-28
-22
0
-1
27
-13
15
-1
-5
25
0
16
-7
5
-34
1
-28
0
17
2
138
92
103
54
26
-83
-68
-53
-59
-82
28
85
-84
159
-39
23
-11
47
-15
-78
-3
-182
-117
-145
-67
-82
30
48
42
65
44
16
-23
-30
-33
-33
-57
43
-39
6
-21
3
11
11
49
-22
-11
-36
-35
-55
-19
-12
26
31
29
23
-39
-17
-32
-45
-8
-24
-11
-50
21
-5
7
38
6
-30
-43
6
-70
20
-55
-16
-66
-35
-14
50
44
-45
50
-74
1
-58
8
-22
-41
90
-51
54
2
16
78
41
128
4
95
0
30
26
13
-21
-13
6
-70
20
22
-1
23
-2
-38
-24
-12
4
-33
18
-17
-22
36
18
43
68
55
74
36
23
13
56
9
21
64
10
24
20
58
11
21
48
-19
57
-42
20
-76
-30
-57
-57
-14
-93
-32
-2
-11
-8
26
-6
20
-26
50
-49
51
10
9
-11
26
-16
-23
68
-18
13
11
47
-53
51
-8
-13
-36
-28
-34
-57
-2
-83
-23
-82
-21
-27
-10
-18
5
-28
8
-2
-14
-6
21
-4
4
37
-12
-9
19
25
-29
67
-19
22
-2
16
6
-2
16
8
21
-29
24
-80
50
-52
24
-37
58
-4
25
26
8
-46
-75
16
-110
49
-80
22
-59
17
16
52
53
-6
61
-5
58
-48
42
-74
-22
-14
-40
-15
-10
19
-32
43
-16
25
-27
53
-62
30
23
-44
58
-37
48
-62
75
-47
37
17
-4
7
-35
40
6
52
-8
37
0
-39
-9
-21
-68
-27
19
10
-5
45
-22
-14
29
48
20
47
18
11
-9
0
5
4
56
42
48
-18
24
19
-1
-12
26
15
-36
8
8
-46
-1
-40
3
-60
51
-16
22
-6
-70
35
-108
11
-6
64
12
21
17
-68
-20
-21
7
-34
6
-16
-23
8
17
-8
34
10
-13
-12
-22
-20
-93
-11
-95
-25
-37
-48
1
-63
-27
-68
15
-10
-4
45
45
13
0
11
-13
45
95
28
51
70
-22
40
66
86
5
42
23
-40
42
-40
22
-23
6
-5
-1
61
-22
64
-17
69
-70
25
22
-2
11
7
18
-56
30
-69
58
-8
54
-46
81
-6
-39
55
-29
-7
-72
39
-126
7
7
12
-23
6
20
-66
-16
-72
5
-81
58
-16
21
9
-42
-1
-28
90
39
6
8
-90
-94
-71
6
11
-2
86
-41
51
-4
32
36
39
56
-70
-4
-92
-42
-32
4
43
-16
21
-3
-4
-21
-33
-65
-38
-49
-27
8
28
36
15
60
3
16
21
20
-48
-91
-48
-94
17
11
78
84
5
46
-40
44
-52
-18
37
-22
-60
-14
-25
-17
38
49
67
24
37
23
1
-23
3
-22
15
39
33
19
38
6
23
12
89
8
29
38
-31
37
-21
66
-49
26
-42
-16
17
48
61
-38
29
-63
-54
-16
29
-10
42
13
-30
-44
-39
-15
5
60
20
27
29
14
15
44
29
17
-11
-34
-11
8
-111
38
-26
-67
-45
6
-2
-50
116
5
31
22
25
-50
3
-6
-10
6
-41
-17
-56
17
21
23
0
13
-20
-78
-41
-16
-40
-34
-65
-56
-75
-62
-49
-56
12
-54
1
-80
-56
-71
-51
-16
-57
20
-86
-55
-90
-18
-57
-13
7
-17
25
-20
56
-21
19
-47
-4
-27
34
3
21
26
-30
28
-34
35
-39
52
-7
40
53
-9
-7
-62
44
-33
66
54
66
23
-12
77
-5
116
47
106
65
32
9
-16
43
-43
63
37
36
70
64
35
2
23
-44
19
76
18
57
66
16
-15
-4
-3
7
81
67
33
37
8
16
75
57
91
54
24
13
10
5
0
78
9
30
-18
-40
-13
-8
-3
-43
35
-12
-33
20
29
-1
9
98
36
48
46
66
7
-9
64
-29
-32
27
2
-58
-31
-37
-52
-47
-7
26
56
34
27
13
2
21
19
52
-63
9
-36
-40
12
15
13
-28
46
26
73
70
80
81
21
22
-18
36
42
37
-7
-39
-9
-106
-7
22
20
25
58
24
-24
4
-6
6
-10
46
39
46
26
14
17
-1
-55
31
-16
11
-15
-39
-47
-21
-40
-35
69
-7
-17
-39
45
-52
-11
15
-10
-16
-19
-4
-40
17
-39
-26
6
32
-16
-22
54
33
-2
29
15
-17
5
16
-19
-34
-10
9
-14
13
-51
-53
-27
-34
6
-46
-3
-8
-10
-11
-5
17
-7
-7
-20
-7
-31
-6
42
39
35
3
8
5
0
40
-1
-21
-51
-55
-41
-63
-10
-60
-42
-30
-42
31
2
87
4
16
3
-28
44
0
20
-81
-48
-64
-4
93
42
59
7
18
-34
-1
46
-28
-2
-20
-21
-91
-60
-32
-49
-14
10
16
-7
18
0
6
33
36
30
29
23
53
20
67
47
-8
-8
-52
-6
-55
-18
-33
-44
-40
-58
21
-3
60
37
37
19
10
33
-22
-2
-26
-49
-52
-73
-54
-61
-22
19
0
22
-13
4
-42
4
18
17
33
-27
-19
-65
-7
5
31
46
36
47
16
42
45
52
54
11
5
-5
20
32
15
-2
-45
-59
-45
-13
-27
-69
-70
-75
-68
-31
-15
2
-10
-37
-42
-51
-39
-24
24
2
-6
4
-19
19
11
14
-47
-40
-76
-74
-68
-68
-65
-92
-91
-86
-35
-6
30
22
18
21
8
9
35
50
43
16
-3
-2
0
18
19
31
43
27
15
17
19
7
20
39
29
28
1
10
2
18
12
27
59
66
97
76
98
66
34
38
49
55
53
70
40
18
2
-3
1
23
18
16
0
-5
-18
-38
-34
-30
-4
-14
-21
-13
-16
-6
18
43
46
33
35
24
38
36
43
15
-5
-17
-39
-47
-61
-51
-38
-38
-38
-40
-32
-36
-60
-38
-76
-97
-130
-127
-140
-144
-124
-130
-89
-77
-48
-38
-11
-1
8
35
43
62
53
68
60
75
90
95
117
109
122
103
112
134
143
138
144
147
127
127
118
112
113
134
121
123
131
132
124
137
149
139
153
137
125
121
114
102
105
105
107
112
104
109
95
81
63
55
31
-15
-51
-90
-115
-155
-187
-225
-266
-304
-314
-341
-384
-397
-444
-462
-485
-466
-481
-505
-527
-573
-607
-662
-649
-661
-680
-685
-686
-690
-705
-700
-709
-723
-746
-753
-720
-640
-481
-303
-120
99
428
729
988
1320
1559
1639
1642
1699
1580
1349
1177
927
611
325
178
-20
-151
-152
-167
-163
-109
3
-3
2
26
-30
-121
-183
-217
-350
-405
-338
-262
-165
45
304
526
802
1122
1331
1458
1582
1615
1514
1368
1235
954
629
375
129
-129
-319
-382
-468
-524
-480
-395
-351
-310
-254
-270
-302
-329
-389
-490
-558
-570
-589
-574
-466
-374
-291
-170
-43
42
91
118
46
-79
-236
-407
-634
-858
-1056
-1262
-1431
-1534
-1611
-1673
-1679
-1681
-1662
-1668
-1603
-1557
-1370
-1085
-839
-616
-256
228
562
1095
1682
2091
2240
2497
2729
2564
2406
2242
1910
1355
984
704
269
-38
-234
-475
-723
-713
-683
-843
-872
-800
-933
-1126
-1072
-1063
-1266
-1311
-1165
-1099
-994
-668
-328
-49
397
927
1288
1636
2035
2237
2225
2260
2260
1933
1562
1269
920
455
123
-43
-340
-528
-580
-557
-612
-559
-463
-519
-513
-450
-451
-558
-525
-480
-538
-495
-302
-150
-49
177
463
672
865
1085
1178
1141
1097
989
730
477
227
-114
-449
-653
-810
-1005
-1074
-1035
-1010
-960
-825
-685
-627
-560
-499
-504
-561
-622
-704
-862
-978
-1098
-1213
-1311
-1369
-1405
-1490
-1505
-1521
-1373
-1078
-844
-623
-301
213
491
918
1584
1968
2061
2203
2523
2300
1998
1901
1576
1007
572
462
47
-264
-305
-454
-650
-603
-387
-542
-640
-493
-646
-1003
-1074
-1055
-1427
-1707
-1571
-1575
-1640
-1346
-906
-645
-176
606
1135
1583
2196
2632
2647
2750
2914
2577
2059
1775
1384
674
219
-23
-441
-835
-840
-783
-825
-550
-252
-156
-51
306
394
257
395
388
136
-116
11
-42
-222
-82
96
238
383
764
979
1045
1186
1208
1057
875
727
293
-207
-491
-837
-1282
-1494
-1503
-1582
-1578
-1283
-954
-723
-412
-75
134
216
326
283
76
-48
-241
-538
-794
-890
-1080
-1314
-1324
-1283
-1331
-1379
-1298
-1366
-1543
-1670
-1678
-1523
-1421
-1343
-1215
-755
-427
-52
739
1430
1758
2022
2715
2885
2747
2800
2696
2195
1562
1403
903
294
-13
-324
-802
-1078
-868
-1131
-1422
-1233
-1231
-1624
-1710
-1425
-1669
-1981
-1737
-1512
-1563
-1254
-677
-366
29
887
1533
1880
2513
3066
3139
3132
3445
3234
2617
2291
1941
1253
570
355
-116
-656
-879
-886
-1007
-1058
-803
-761
-751
-619
-328
-400
-378
-188
-160
-259
-132
236
193
386
685
946
1042
1304
1569
1477
1512
1435
1267
872
622
273
-268
-611
-846
-1117
-1430
-1417
-1401
-1432
-1264
-936
-783
-639
-366
-212
-208
-174
-94
-254
-407
-476
-531
-721
-798
-793
-910
-953
-944
-899
-1021
-1082
-1202
-1451
-1676
-1969
-2277
-2714
-2751
-2597
-2510
-2372
-1968
-1156
-754
127
1277
2086
2481
2960
3746
3509
3428
3349
3003
2233
1580
1389
597
167
-212
-517
-885
-887
-678
-1049
-1057
-937
-1127
-1517
-1427
-1345
-1821
-2017
-1751
-1735
-1729
-1300
-748
-375
183
1139
1720
2319
2947
3416
3474
3580
3802
3324
2837
2419
1957
1098
544
265
-345
-815
-1024
-1037
-1237
-1240
-1076
-1063
-1059
-874
-692
-664
-584
-256
-190
-109
275
644
825
1009
1653
1735
1834
2031
2120
1933
1612
1540
978
588
87
-314
-808
-1187
-1295
-1604
-1642
-1590
-1417
-1412
-1188
-833
-775
-696
-484
-418
-492
-503
-475
-575
-671
-610
-621
-535
-486
-306
-254
-154
-19
-60
-132
-274
-413
-857
-1210
-1565
-2067
-2587
-3001
-3032
-2861
-2717
-2409
-1835
-882
-279
682
2007
2743
3179
3503
4242
3862
3563
3339
2761
1949
1069
941
53
-323
-634
-839
-1118
-1085
-720
-1121
-1053
-935
-1089
-1598
-1548
-1539
-2081
-2385
-2157
-2147
-2215
-1747
-1156
-666
-50
1120
1763
2477
3249
3843
3940
4070
4339
3729
3138
2623
2081
1056
404
36
-645
-1189
-1317
-1273
-1453
-1328
-1057
-964
-945
-611
-475
-529
-496
-344
-453
-501
-183
-58
94
349
910
1161
1497
1952
2184
2274
2230
2234
1850
1447
975
367
-291
-840
-1282
-1774
-2040
-2118
-2143
-2026
-1729
-1378
-1095
-787
-453
-274
-166
-135
-176
-333
-514
-640
-808
-908
-931
-903
-828
-646
-429
-286
-153
-49
-68
-242
-428
-781
-1231
-1790
-2347
-2836
-3336
-3306
-3165
-2928
-2623
-1810
-675
-16
1372
2604
3462
3753
4376
4965
4297
4045
3531
2887
1627
936
543
-402
-797
-1137
-1207
-1453
-1159
-916
-1136
-972
-763
-1070
-1424
-1398
-1570
-2315
-2557
-2277
-2486
-2377
-1924
-1119
-639
329
1587
2350
3239
3976
4595
4593
4816
4739
3911
3175
2555
1709
542
-106
-537
-1283
-1682
-1594
-1485
-1510
-1333
-921
-902
-767
-589
-645
-869
-986
-1065
-1429
-1344
-1095
-962
-809
-76
664
1176
1959
2692
3138
3225
3453
3296
2771
2079
1332
382
-624
-1290
-2025
-2606
-2863
-2751
-2653
-2297
-1623
-1107
-700
-179
278
346
298
210
-81
-557
-908
-1188
-1493
-1669
-1584
-1383
-1115
-591
-65
326
745
1107
1206
1011
827
358
-409
-1181
-1977
-2827
-3653
-4155
-4304
-4072
-3644
-3011
-2085
-688
425
1825
3254
4298
4724
4951
5482
4716
4102
3237
2511
1181
148
-183
-1055
-1275
-1562
-1211
-1260
-813
-347
-384
-267
-218
-428
-1081
-1313
-1660
-2406
-2973
-2809
-2930
-2834
-2378
-1404
-662
332
1795
2782
3786
4491
5234
5232
5269
5088
4270
3355
2526
1654
433
-319
-731
-1288
-1683
-1560
-1303
-1191
-1018
-554
-411
-378
-305
-373
-640
-988
-1133
-1571
-1599
-1442
-1210
-905
-282
656
1127
2162
2837
3469
3650
3743
3671
2888
2393
1215
366
-920
-1729
-2484
-3217
-3331
-3496
-3182
-2962
-2135
-1526
-989
-319
148
320
341
283
38
-454
-816
-1145
-1454
-1522
-1565
-1242
-1026
-376
142
692
1187
1533
1669
1431
1299
697
-26
-946
-1788
-2790
-3723
-4332
-4774
-4555
-4209
-3544
-2773
-1448
29
1002
2631
3819
4612
4572
5077
5121
3993
3418
2516
1747
224
-152
-597
-1209
-1263
-1196
-884
-869
-242
-87
-192
-110
-110
-822
-1362
-1679
-2172
-3190
-3275
-3100
-3261
-2874
-2158
-961
-330
1197
2474
3517
4424
5201
5734
5533
5587
5056
4063
3093
2316
1263
75
-534
-954
-1632
-1782
-1589
-1392
-1354
-1052
-658
-708
-644
-707
-892
-1316
-1546
-1743
-2133
-2013
-1832
-1555
-1165
-201
683
1315
2433
3115
3752
3822
4103
3753
3058
2365
1268
359
-982
-1676
-2615
-3124
-3364
-3295
-3019
-2639
-1829
-1276
-687
-92
320
413
407
253
-49
-602
-876
-1299
-1458
-1621
-1507
-1195
-862
-203
270
896
1254
1601
1625
1470
1152
515
-329
-1226
-2253
-3204
-4030
-4598
-4547
-4384
-3823
-3263
-1855
-550
504
2244
3483
4408
4441
5233
5142
4173
3644
2730
1856
287
-40
-642
-1254
-1321
-1233
-933
-818
-98
138
65
322
284
-396
-911
-1310
-1911
-3051
-3127
-3208
-3426
-3115
-2435
-1321
-633
984
2259
3410
4443
5295
5837
5700
5740
5129
4049
3051
2070
884
-407
-1082
-1608
-2315
-2371
-2115
-1795
-1674
-1158
-620
-576
-406
-366
-515
-988
-1246
-1537
-2098
-2139
-2082
-1838
-1546
-658
306
1027
2199
3062
3953
4130
4498
4333
3743
2987
1895
890
-624
-1490
-2550
-3242
-3646
-3655
-3427
-3043
-2171
-1453
-745
-38
529
807
866
771
525
-88
-541
-1063
-1378
-1717
-1720
-1499
-1241
-590
-30
664
1134
1668
1848
1759
1573
1013
244
-794
-1762
-2872
-3815
-4641
-4914
-4739
-4413
-3773
-2944
-1246
-175
1326
2844
4094
4593
4689
5435
4603
3955
2973
2276
955
-112
-346
-1121
-1287
-1379
-1003
-835
-371
245
312
247
464
8
-637
-1323
-1674
-2591
-3460
-3334
-3611
-3376
-3030
-1829
-950
219
1881
3049
4246
5060
5913
5963
5759
5537
4596
3402
2304
1328
65
-1050
-1439
-1930
-2305
-2160
-1760
-1438
-1187
-600
-317
-311
-264
-402
-772
-1340
-1612
-2054
-2472
-2289
-2116
-1724
-1273
-28
887
1730
3018
3755
4389
4361
4671
4057
3235
2284
1038
-145
-1613
-2338
-3318
-3787
-3936
-3734
-3288
-2689
-1676
-987
-316
409
756
866
723
569
46
-626
-1000
-1478
-1692
-1875
-1595
-1260
-770
-28
618
1248
1694
2075
2040
1718
1345
504
-507
-1567
-2612
-3629
-4560
-5043
-5060
-4602
-4029
-3272
-1960
-266
820
2374
3800
4745
4750
4991
5299
4179
3465
2445
1762
373
-223
-422
-1009
-918
-819
-314
-200
388
752
472
394
295
-423
-1331
-1999
-2468
-3524
-3942
-3769
-3795
-3338
-2628
-1281
-322
1168
2661
3700
4657
5310
5814
5443
5106
4589
3424
2167
1231
352
-787
-1515
-1609
-1862
-1912
-1519
-1064
-761
-538
-96
-126
-305
-486
-858
-1433
-1937
-2185
-2554
-2781
-2341
-1815
-1299
-355
898
2038
2754
3955
4638
4778
4719
4443
3767
2476
1508
149
-1195
-2267
-3060
-3610
-4000
-3723
-3336
-2807
-1942
-1054
-324
107
658
905
639
429
54
-467
-1130
-1455
-1616
-1838
-1628
-1244
-673
-27
719
1435
1810
2200
2308
2080
1554
872
45
-1212
-2273
-3201
-4172
-4904
-5368
-5231
-4707
-3907
-2953
-2022
-194
988
2099
3454
4455
4753
4271
4879
4264
3287
2432
1868
1188
69
210
-29
-113
-7
309
550
566
921
604
-54
-229
-884
-1902
-2819
-3146
-3703
-4513
-4132
-3754
-3168
-2487
-1207
164
1233
2735
3723
4562
5011
5363
5173
4540
4107
3217
2036
1075
535
-236
-993
-1109
-971
-1039
-896
-476
-163
-175
-152
-183
-582
-1024
-1489
-1956
-2491
-2665
-2784
-2818
-2504
-1660
-884
-84
1120
2268
3278
3777
4599
4735
4518
4006
3321
2461
1040
69
-1231
-2081
-2837
-3258
-3431
-3398
-2819
-2431
-1726
-1019
-384
26
161
464
313
-56
-400
-770
-1082
-1500
-1426
-1348
-1129
-682
-159
515
1058
1662
1967
2055
2087
1761
1235
452
-356
-1252
-2291
-3049
-3773
-4331
-4709
-4815
-4499
-3703
-2738
-1925
-1108
436
1462
2121
3287
4126
4187
3607
4239
3850
2839
2328
2022
1494
557
892
733
492
535
666
578
298
409
-152
-1070
-1367
-1915
-2907
-3647
-3742
-3943
-4451
-3756
-3053
-2387
-1561
-290
993
1853
3136
3907
4358
4601
4801
4547
3834
3486
2845
1829
1062
763
302
-359
-385
-219
-356
-411
-202
-109
-420
-656
-867
-1378
-1869
-2224
-2564
-2930
-2908
-2650
-2516
-1958
-1135
-45
649
1674
2696
3345
3865
3892
4379
3683
3176
2392
1607
649
-567
-1073
-2136
-2355
-2736
-2711
-2551
-2286
-1678
-1460
-862
-471
-250
-146
-293
-126
-498
-827
-939
-1105
-1074
-1164
-667
-444
-1
547
917
1401
1585
1829
1642
1395
1117
451
-192
-1041
-1583
-2318
-3077
-3395
-3828
-3976
-4153
-3917
-3253
-2550
-1671
-1225
-115
1086
1487
2459
3227
3884
3335
3580
4021
3203
2850
2295
2348
1380
1177
1236
779
663
332
387
-172
-380
-649
-1546
-2042
-2369
-2978
-3641
-3910
-3616
-3865
-3554
-2734
-1999
-1097
-295
1061
1872
2840
3601
4007
4269
4252
4273
3644
3197
2828
2157
1441
1051
881
426
120
228
141
-46
-220
-266
-555
-1023
-1329
-1853
-2270
-2691
-2868
-3086
-2992
-2589
-2251
-1736
-870
25
857
1662
2463
3054
3230
3669
3319
3326
2720
2073
1420
565
232
-847
-1115
-1673
-1672
-1806
-1949
-1487
-1481
-1162
-1085
-728
-589
-738
-592
-762
-729
-783
-936
-799
-777
-420
-294
66
489
817
1163
1251
1529
1476
1298
1013
709
280
-325
-814
-1375
-1838
-2307
-2714
-2980
-3221
-3328
-3406
-3404
-2784
-2112
-1572
-1235
-302
892
1120
2137
3075
3629
3232
3532
4112
3255
2878
2481
2335
1351
1046
1080
511
232
15
-91
-534
-698
-924
-1696
-2153
-2306
-2971
-3481
-3615
-3336
-3568
-3258
-2351
-1676
-869
-52
1165
1900
2729
3484
3820
3982
4060
4009
3457
3030
2817
2183
1481
1213
1054
608
216
338
150
-166
-441
-607
-1001
-1525
-1842
-2298
-2651
-2888
-2908
-2999
-2764
-2241
-1804
-1242
-434
443
1018
1728
2376
2743
2874
2907
2915
2546
2246
1744
1205
686
188
-230
-793
-960
-1181
-1344
-1462
-1407
-1321
-1434
-1278
-1137
-1089
-1099
-1001
-814
-775
-659
-486
-355
-158
18
285
437
620
817
889
998
1014
985
798
562
392
11
-389
-795
-1165
-1609
-2111
-2404
-2821
-3141
-3494
-3607
-3628
-3111
-2424
-1919
-1353
-340
954
1371
2548
3559
3965
3579
3873
4251
3154
2619
2236
1908
870
688
832
375
184
129
104
-297
-520
-863
-1655
-2216
-2564
-3314
-3805
-3867
-3592
-3656
-3074
-1939
-1073
-162
837
2052
2729
3399
3939
4136
4046
3853
3620
3121
2760
2492
2029
1619
1537
1444
1096
873
815
390
-163
-613
-1040
-1738
-2396
-2799
-3165
-3422
-3430
-3185
-2911
-2423
-1741
-1085
-470
275
963
1422
1850
2200
2439
2413
2445
2413
2187
1965
1647
1413
951
536
148
-330
-667
-1047
-1297
-1573
-1699
-1683
-1668
-1481
-1315
-1095
-892
-699
-439
-360
-274
-195
-145
-133
-129
48
116
251
500
758
966
1061
1184
1145
953
708
296
-206
-786
-1318
-1861
-2441
-2796
-3103
-3337
-3490
-3382
-3214
-2983
-2114
-1303
-671
-248
831
1686
1924
2829
3401
3440
2862
3243
3235
2338
2104
1931
1697
1047
1213
1271
783
581
355
-62
-672
-1124
-1769
-2771
-3225
-3486
-4009
-4118
-3739
-3145
-2888
-1943
-728
86
823
1596
2410
2683
2989
3243
3191
2999
2890
2837
2606
2496
2459
2173
1911
1889
1700
1167
703
371
-282
-996
-1478
-1873
-2495
-2964
-3038
-3075
-3076
-2923
-2531
-2218
-1805
-1241
-768
-320
181
733
1083
1492
2003
2346
2495
2612
2833
2726
2373
2142
1795
1160
508
64
-407
-948
-1262
-1396
-1460
-1426
-1268
-1039
-880
-714
-616
-617
-675
-720
-849
-1010
-924
-814
-710
-412
81
512
847
1266
1631
1731
1624
1435
1102
606
-12
-514
-1009
-1464
-1792
-2050
-2143
-2219
-2228
-2336
-2338
-2343
-2428
-2587
-2148
-1533
-1265
-1065
-340
897
1091
1946
2977
3418
2986
3052
3696
2824
2298
2025
1886
1147
841
1002
603
310
41
-245
-779
-1196
-1756
-2586
-3186
-3228
-3655
-3855
-3487
-2816
-2424
-1882
-625
180
783
1285
1985
2323
2423
2616
2672
2633
2592
2744
2739
2774
2871
2757
2465
2349
2129
1438
701
193
-491
-1334
-1968
-2336
-2772
-3166
-3160
-2985
-2802
-2623
-2226
-1816
-1461
-1049
-710
-402
67
479
809
1235
1806
2185
2322
2709
2899
2833
2606
2418
2046
1455
994
460
-24
-488
-769
-977
-1119
-1116
-1130
-1180
-1207
-1183
-1221
-1323
-1327
-1288
-1307
-1164
-876
-534
-185
294
775
1136
1406
1570
1611
1421
1155
829
415
-13
-328
-618
-857
-950
-962
-1065
-1168
-1179
-1396
-1653
-2047
-2331
-2747
-3060
-3278
-3134
-2405
-1902
-1259
-649
766
1450
1990
3046
3509
3341
2731
3242
2727
1884
1584
1531
1182
620
913
783
472
89
-249
-847
-1399
-1890
-2571
-3147
-3262
-3248
-3356
-2905
-2229
-1629
-1217
-429
314
659
923
1198
1458
1596
1836
2137
2417
2714
3090
3335
3485
3547
3437
2934
2373
1839
1039
141
-549
-1104
-1723
-2149
-2310
-2313
-2378
-2317
-2203
-2052
-2008
-1967
-1808
-1691
-1496
-1291
-903
-431
168
666
1225
1832
2330
2647
2765
2962
2814
2526
2163
1862
1449
937
666
295
-16
-342
-570
-790
-1128
-1368
-1678
-1785
-1895
-1979
-1894
-1752
-1406
-1109
-699
-237
160
431
648
892
958
907
839
758
644
563
516
466
446
433
400
334
248
87
-256
-630
-985
-1368
-1865
-2305
-2575
-2925
-3111
-3224
-3110
-3039
-2825
-1910
-1233
-543
-151
924
1676
1796
2669
3077
3036
2356
2677
2668
1737
1452
1319
1182
584
702
756
357
113
-160
-441
-924
-1318
-1808
-2346
-2459
-2498
-2660
-2593
-2137
-1636
-1394
-806
-128
323
617
1085
1626
1957
2315
2578
2895
3031
3171
3211
3098
2909
2521
2029
1467
1027
460
-172
-570
-792
-1094
-1359
-1444
-1522
-1697
-1869
-1958
-2048
-2179
-2290
-2243
-2028
-1746
-1417
-900
-301
357
986
1564
2091
2464
2726
2820
2827
2718
2406
2057
1714
1314
934
497
87
-290
-624
-944
-1244
-1413
-1632
-1724
-1702
-1593
-1490
-1362
-1124
-916
-676
-495
-327
-187
-88
59
214
355
516
690
844
1021
1204
1335
1353
1273
1139
890
541
115
-336
-750
-1242
-1622
-1940
-2207
-2416
-2586
-2631
-2674
-2663
-2662
-2653
-2452
-2417
-2070
-1303
-708
-257
57
1158
1549
1760
2529
2748
2433
1842
2423
2071
1268
1314
1375
1130
696
1166
1074
540
293
-23
-494
-1163
-1618
-2109
-2510
-2427
-2439
-2283
-1755
-1151
-705
-340
494
839
866
1046
1394
1491
1357
1721
2016
2180
2229
2576
2808
2637
2506
2259
1938
1380
892
420
-133
-444
-853
-1204
-1372
-1495
-1654
-1895
-1813
-1866
-2015
-1947
-1801
-1537
-1350
-916
-396
54
564
1032
1489
1746
1926
2045
2007
1866
1705
1532
1258
1058
885
649
425
277
26
-270
-514
-766
-1045
-1298
-1456
-1588
-1613
-1559
-1458
-1255
-1009
-770
-518
-278
-13
175
303
494
664
731
769
938
1012
981
989
950
792
589
373
79
-264
-580
-871
-1140
-1316
-1472
-1596
-1694
-1719
-1738
-1875
-1987
-2062
-2176
-2339
-2453
-2369
-2438
-2105
-1346
-736
-161
378
1316
1630
2066
2771
2619
2292
2080
2114
1347
934
1184
725
513
793
971
631
655
925
317
-7
-106
-699
-1200
-1263
-1259
-1671
-1405
-1051
-1219
-959
-406
-225
-368
106
452
265
563
1113
1373
1543
2043
2281
2188
2360
2266
1947
1609
1240
692
273
112
-284
-412
-385
-457
-508
-466
-456
-631
-642
-792
-1149
-1220
-1233
-1294
-1186
-885
-586
-398
42
389
628
919
1053
1136
1112
1157
1018
880
987
906
830
751
664
489
240
117
-227
-474
-664
-926
-1004
-988
-883
-828
-648
-447
-350
-142
-50
-15
-28
-68
-158
-293
-240
-225
-169
-53
121
313
414
540
585
594
488
273
67
-158
-394
-690
-870
-1005
-1164
-1312
-1379
-1374
-1484
-1577
-1651
-1695
-1781
-1848
-1842
-1786
-1691
-1459
-1076
-686
-215
109
466
690
890
1059
952
1059
1120
1180
1256
1340
1561
1588
1781
2004
2039
2008
1741
1505
1092
549
18
-497
-799
-1117
-1221
-1162
-1080
-923
-845
-682
-557
-472
-409
-440
-333
-303
-265
-173
-19
210
415
730
980
1198
1308
1341
1345
1306
1252
1118
1053
972
897
839
767
634
377
163
-10
-248
-463
-672
-834
-922
-952
-898
-864
-743
-623
-536
-391
-332
-320
-371
-371
-341
-361
-289
-216
-104
33
156
300
394
470
467
445
390
294
178
54
11
-62
-105
-91
-60
-73
-130
-173
-186
-303
-383
-411
-474
-424
-406
-310
-211
-65
56
172
264
277
244
96
21
-94
-140
-130
-84
-11
12
69
70
72
16
-62
-159
-259
-369
-477
-527
-550
-560
-546
-447
-336
-266
-196
-88
-5
22
8
50
88
87
157
236
281
275
336
413
418
391
352
344
256
199
185
142
127
82
86
80
43
-7
-68
-117
-196
-268
-355
-411
-401
-346
-249
-111
65
204
278
349
393
321
235
161
76
28
31
59
92
181
270
338
400
458
417
310
243
155
33
-68
-103
-138
-176
-154
-101
-91
-94
-114
-156
-210
-265
-305
-333
-323
-284
-256
-210
-135
-88
-50
-16
5
7
-42
-67
-102
-122
-140
-157
-116
-83
-58
-34
16
58
70
69
80
83
19
-18
-40
-62
-111
-148
-127
-110
-82
-24
34
48
78
89
79
76
36
1
-57
-74
-66
-125
-142
-168
-177
-214
-259
-242
-285
-272
-245
-188
-105
-33
52
149
243
304
324
358
393
383
393
378
373
346
352
414
434
476
529
581
614
589
573
540
490
438
362
292
182
81
17
-63
-133
-188
-212
-238
-239
-214
-237
-232
-218
-216
-200
-182
-151
-155
-136
-124
-150
-165
-175
-177
-205
-166
-114
-77
-47
-5
42
34
32
25
7
-24
-50
-81
-127
-125
-99
-104
-117
-111
-112
-150
-209
-223
-289
-330
-330
-358
-361
-364
-325
-293
-269
-210
-196
-194
-178
-177
-177
-181
-152
-134
-121
-88
-54
-35
-21
-14
-4
-5
8
9
10
26
36
56
57
75
93
105
107
108
86
59
16
-14
-46
-113
-111
-140
-157
-163
-126
-92
-42
-4
51
115
184
371
351
499
409
348
297
180
172
16
50
36
63
90
99
104
175
223
237
271
247
260
272
283
308
295
351
401
456
569
592
643
677
636
542
464
437
439
476
529
591
509
447
313
175
19
-141
-262
-402
-473
-575
-596
-636
-508
-451
-318
-206
-170
-118
-233
-253
-401
-441
-466
-459
-410
-309
-231
-171
-50
-28
-21
-8
44
-18
-69
-132
-169
-206
-161
-126
-161
-141
-207
-216
-295
-313
-349
-388
-335
-299
-216
-149
-61
-28
35
55
71
100
75
23
-55
-88
-120
-103
-65
-7
41
97
119
85
85
31
-2
-37
-69
-95
-158
-176
-238
-281
-260
-271
-294
-312
-299
-333
-355
-314
-262
-206
-132
-24
27
84
123
125
112
68
60
35
36
43
28
36
69
114
162
196
224
211
163
126
84
40
-6
-2
38
61
87
118
178
202
217
248
260
280
270
291
311
328
376
380
410
444
441
430
379
357
303
215
180
116
72
34
30
52
44
49
50
31
2
-61
-129
-199
-245
-253
-257
-231
-192
-146
-120
-73
-39
10
26
22
47
29
17
-8
14
30
19
35
23
1
-37
-73
-85
-115
-118
-143
-168
-159
-163
-165
-170
-147
-164
-199
-190
-218
-254
-278
-280
-248
-232
-184
-128
-68
3
40
86
98
95
79
34
-3
-75
-134
-206
-251
-260
-276
-268
-269
-241
-239
-229
-195
-181
-143
-111
-71
-49
-44
-22
-9
17
59
94
147
199
263
325
394
459
501
546
566
562
539
485
412
312
209
119
49
-9
-54
-53
-40
-20
0
48
94
97
106
121
131
105
89
92
92
104
120
145
170
195
193
175
154
132
93
52
18
-8
-45
-77
-84
-120
-164
-232
-273
-329
-407
-442
-476
-488
-491
-469
-418
-377
-309
-249
-218
-181
-163
-137
-149
-158
-158
-183
-176
-152
-106
-58
19
123
211
292
387
451
470
451
429
385
317
266
212
175
148
131
134
124
121
123
115
113
98
60
10
-8
-22
-47
-56
-26
3
8
25
39
42
16
8
15
20
42
72
99
138
194
224
257
264
248
210
159
105
25
-47
-109
-131
-131
-125
-105
-89
-62
-29
-10
9
4
-13
-25
-21
-11
-3
6
11
28
41
55
42
29
16
-9
-29
-52
-86
-112
-123
-133
-153
-174
-209
-265
-297
-335
-372
-422
-468
-498
-518
-500
-468
-406
-321
-228
-132
-67
5
69
94
145
174
203
209
202
198
189
183
176
189
189
188
180
168
126
66
3
-50
-112
-173
-216
-259
-292
-338
-360
-382
-393
-386
-354
-324
-287
-219
-161
-96
-26
47
97
143
180
193
201
198
209
202
191
208
210
205
210
232
225
202
179
152
103
45
4
-54
-104
-118
-123
-122
-89
-48
-12
12
40
66
62
62
72
75
67
79
110
122
130
140
142
130
104
67
16
-34
-86
-127
-152
-158
-148
-145
-119
-79
-53
-47
-53
-64
-90
-100
-96
-74
-48
-8
54
126
188
240
288
328
349
350
346
311
268
231
211
196
187
188
187
184
177
155
120
88
41
-5
-49
-78
-106
-135
-137
-135
-134
-130
-131
-133
-130
-118
-100
-88
-60
-44
-29
-4
11
25
24
48
60
62
57
37
3
-44
-77
-111
-135
-146
-140
-137
-128
-119
-122
-140
-157
-178
-205
-221
-226
-236
-257
-250
-237
-225
-217
-179
-131
-103
-62
-23
5
6
10
18
9
10
19
25
43
53
51
47
36
30
15
15
17
-1
-9
-4
-4
-9
2
21
35
43
57
66
63
75
75
77
96
117
134
159
184
196
202
217
219
199
184
176
162
127
114
99
93
94
85
81
75
84
88
95
112
131
144
148
144
149
151
148
148
160
164
163
158
146
134
112
103
97
89
60
37
18
-6
-41
-71
-97
-128
-154
-180
-198
-217
-234
-258
-259
-254
-251
-232
-198
-156
-129
-89
-48
4
34
62
93
99
106
105
112
110
108
118
119
115
111
85
63
50
23
-1
-28
-54
-81
-118
-145
-157
-171
-188
-199
-202
-201
-202
-195
-185
-176
-172
-178
-177
-164
-155
-155
-129
-90
-72
-64
-49
-35
-24
-31
-39
-56
-76
-86
-107
-121
-140
-161
-187
-195
-202
-208
-209
-193
-162
-164
-151
-135
-124
-111
-103
-88
-81
-78
-63
-45
-19
7
40
73
104
148
185
214
225
234
214
191
175
152
129
115
114
108
117
139
162
182
204
228
237
234
237
233
236
247
260
274
294
307
309
305
300
292
267
249
226
207
183
148
122
80
42
12
-10
-37
-70
-103
-142
-168
-206
-241
-282
-307
-318
-330
-316
-302
-282
-262
-206
-149
-98
-43
8
53
86
134
168
180
191
198
198
191
176
155
138
122
113
97
66
30
-4
-39
-72
-99
-122
-157
-179
-186
-191
-195
-180
-172
-171
-145
-126
-117
-114
-111
-104
-96
-78
-52
-33
-9
14
20
21
19
-1
-35
-70
-99
-131
-149
-162
-169
-175
-175
-167
-161
-156
-164
-176
-182
-185
-195
-193
-174
-149
-111
-69
-1
55
103
156
195
241
267
273
283
286
280
265
255
242
223
205
193
180
157
142
130
124
111
100
77
64
60
59
54
55
59
59
68
78
98
100
112
116
109
106
91
100
89
84
87
87
101
93
78
60
39
6
-43
-93
-145
-194
-254
-297
-314
-323
-323
-327
-323
-306
-291
-271
-250
-231
-205
-179
-147
-106
-69
-34
0
34
63
84
102
108
106
100
97
91
80
79
58
40
34
27
24
12
-9
-30
-54
-69
-71
-80
-85
-87
-84
-74
-67
-52
-59
-63
-72
-65
-47
-52
-44
-42
-34
-21
-12
-6
-13
-13
-17
-39
-49
-44
-62
-62
-65
-64
-58
-56
-44
-41
-27
-21
-4
11
36
57
75
99
117
137
140
148
157
168
183
190
198
211
223
228
242
253
258
248
241
229
200
173
143
119
88
76
66
51
50
57
65
62
54
54
48
38
32
26
19
24
30
33
44
43
38
30
16
4
-16
-40
-74
-105
-133
-159
-180
-198
-214
-227
-234
-229
-221
-209
-206
-204
-200
-206
-207
-207
-211
-200
-184
-159
-117
-85
-34
-5
17
43
61
67
67
78
73
71
76
77
70
67
53
48
54
47
46
28
12
-5
-27
-35
-49
-62
-68
-80
-87
-82
-75
-62
-58
-57
-51
-47
-37
-29
-19
-20
-22
-24
-24
-29
-34
-35
-50
-52
-61
-71
-71
-65
-61
-49
-38
-13
-1
8
22
26
29
31
36
44
54
58
77
84
95
112
122
135
149
170
176
186
199
206
213
220
229
225
214
204
192
177
162
147
127
99
69
53
40
35
49
63
62
67
75
70
67
67
61
45
38
27
15
10
-4
-20
-29
-41
-52
-67
-74
-78
-93
-106
-118
-133
-155
-160
-173
-183
-189
-196
-197
-210
-214
-216
-214
-207
-190
-182
-165
-145
-132
-118
-106
-94
-86
-81
-76
-65
-55
-39
-10
6
25
35
37
43
34
33
25
19
19
13
10
4
8
4
-5
-9
-20
-33
-42
-43
-49
-51
-50
-54
-57
-64
-68
-69
-66
-65
-65
-66
-56
-53
-52
-44
-41
-33
-25
-18
-11
3
23
42
46
65
81
78
81
81
77
76
86
91
95
102
107
114
126
136
158
183
210
228
233
243
243
235
228
224
216
214
212
191
187
176
170
166
161
152
139
124
105
92
71
52
32
9
-22
-41
-68
-81
-91
-109
-117
-133
-140
-152
-162
-155
-149
-139
-137
-133
-139
-146
-139
-145
-159
-164
-165
-173
-174
-175
-171
-156
-159
-140
-130
-121
-100
-94
-75
-74
-75
-64
-65
-57
-50
-50
-38
-35
-20
-10
2
30
45
68
78
88
95
94
102
100
104
97
92
88
84
76
62
52
29
9
13
23
27
27
10
-3
-14
-23
-24
-27
-23
-28
-30
-21
-9
3
-1
2
4
12
22
29
29
27
23
19
27
28
25
19
-1
-10
-20
-30
-23
-28
-16
-6
5
22
25
27
18
19
19
26
35
43
41
38
54
61
83
96
111
122
121
140
139
143
132
114
98
73
58
45
28
9
-10
-29
-48
-54
-68
-80
-95
-108
-111
-109
-107
-106
-86
-71
-65
-55
-50
-55
-52
-58
-54
-46
-41
-35
-34
-26
-25
-20
-25
-27
-38
-37
-46
-63
-67
-81
-85
-93
-99
-105
-105
-104
-102
-94
-85
-74
-62
-52
-39
-28
-15
2
16
27
26
29
32
42
52
54
52
47
53
58
61
62
59
39
27
22
6
2
-11
-22
-26
-29
-22
-25
-29
-20
-18
-6
6
11
14
24
44
49
64
74
83
82
88
93
87
96
89
78
61
57
58
49
51
65
71
69
77
93
86
84
74
63
51
43
43
28
32
37
36
45
48
62
70
68
66
64
62
50
37
20
6
-15
-44
-63
-90
-111
-127
-139
-136
-145
-147
-146
-145
-148
-162
-156
-166
-163
-158
-155
-151
-150
-133
-139
-134
-132
-128
-115
-111
-93
-83
-70
-59
-55
-49
-44
-38
-33
-31
-37
-36
-34
-43
-38
-35
-24
-15
-10
5
17
23
29
36
48
53
54
52
48
44
40
46
47
56
64
71
79
82
88
91
91
86
85
81
72
67
61
52
35
32
16
15
13
9
12
8
21
27
34
38
33
31
28
23
22
22
20
18
19
20
20
26
30
38
37
38
37
42
49
41
48
41
42
38
39
48
38
42
38
38
46
41
48
44
53
57
54
59
57
60
53
41
38
24
21
9
1
-2
-14
-19
-33
-37
-42
-52
-57
-70
-80
-95
-104
-115
-126
-124
-131
-134
-138
-138
-136
-137
-132
-128
-127
-130
-127
-128
-119
-111
-103
-92
-84
-78
-78
-73
-68
-64
-62
-57
-45
-41
-30
-21
-15
-4
0
10
21
27
33
39
45
52
65
70
76
81
79
73
76
84
89
94
105
107
109
117
117
119
115
116
107
95
93
89
84
82
82
70
60
53
50
40
38
37
34
36
35
27
22
19
7
6
4
7
5
3
7
7
15
17
19
22
24
25
22
27
33
38
46
42
40
35
37
31
35
42
44
49
52
61
59
67
70
68
64
60
59
51
43
42
31
23
16
9
0
-11
-13
-18
-13
-9
-9
-17
-29
-41
-47
-53
-69
-71
-81
-90
-100
-100
-102
-109
-115
-117
-116
-117
-114
-120
-121
-120
-124
-126
-120
-121
-123
-117
-109
-101
-100
-92
-86
-85
-80
-74
-66
-57
-53
-48
-41
-30
-17
-6
8
17
23
23
29
33
35
39
49
59
65
77
84
91
99
103
100
101
97
97
94
86
74
64
57
56
52
50
56
46
49
46
45
32
21
12
-3
-2
-8
-9
-14
-17
-16
-18
-15
-20
-18
-14
-12
-7
-7
-7
-2
3
2
-4
4
8
18
17
17
22
23
31
31
41
43
45
49
49
57
60
61
59
59
63
61
60
53
53
51
42
39
37
39
36
32
27
23
20
12
8
-7
-18
-27
-41
-49
-63
-66
-66
-73
-74
-79
-80
-89
-96
-98
-103
-105
-107
-105
-104
-105
-102
-104
-108
-105
-98
-96
-97
-99
-96
-92
-84
-77
-67
-60
-55
-50
-40
-34
-23
-12
-6
2
7
16
22
29
38
41
51
51
61
67
73
72
68
72
68
68
70
69
61
60
56
57
52
49
47
45
40
35
30
20
15
7
-4
-16
-26
-28
-27
-24
-22
-17
-15
-12
-9
-5
-4
-8
-5
-5
-4
-8
-8
-10
-10
-11
-12
-8
-11
-6
0
4
13
13
16
20
18
21
23
24
22
20
26
31
31
31
29
27
26
25
27
21
18
19
11
9
10
10
5
0
-2
-9
-12
-19
-22
-24
-31
-30
-35
-38
-38
-38
-38
-39
-41
-43
-44
-46
-43
-46
-44
-44
-44
-41
-36
-31
-29
-28
-28
-27
-25
-25
-23
-25
-21
-19
-18
-16
-8
1
5
12
20
27
33
41
45
49
53
53
50
49
52
56
57
62
65
64
65
66
68
68
67
62
58
56
47
41
36
31
28
21
17
13
13
8
9
2
1
1
-5
-6
-10
-11
-14
-11
-10
-11
-8
-16
-13
-14
-19
-19
-23
-24
-23
-20
-19
-15
-12
-5
0
-2
1
-1
-3
-1
0
-2
-2
-7
-12
-16
-15
-15
-12
-11
-6
-7
-8
-12
-12
-13
-14
-13
-17
-21
-29
-37
-39
-43
-47
-45
-47
-44
-46
-49
-53
-55
-52
-52
-50
-53
-53
-55
-56
-53
-47
-45
-44
-43
-44
-42
-42
-39
-39
-39
-37
-35
-31
-31
-28
-29
-30
-30
-28
-26
-23
-19
-14
-11
-5
-1
4
11
15
20
25
29
32
34
38
41
44
45
44
43
42
43
45
48
51
58
63
65
70
71
70
65
62
58
54
50
48
44
44
44
42
44
43
44
46
47
49
47
48
42
36
34
29
24
19
16
16
14
17
16
15
15
14
15
11
10
9
6
2
-2
-4
-8
-12
-16
-19
