-18
-18
-1
6
5
16
20
23
16
16
29
43
57
64
70
76
68
59
54
52
52
41
41
38
40
49
42
37
26
23
23
21
37
43
52
53
48
60
63
69
66
68
88
101
118
128
134
141
145
167
224
301
365
351
286
171
40
-69
-113
-82
-22
-12
-54
-138
-218
-266
-241
-105
21
82
41
-76
-214
-328
-328
-255
-179
-97
-100
-125
-197
-237
-202
-161
-92
-72
-57
-62
-103
-114
-123
-105
-110
-136
-127
-124
-99
-78
-70
-68
-70
-41
4
78
185
263
303
266
212
190
157
174
193
214
207
155
140
127
132
153
172
197
174
159
148
118
124
125
151
154
150
143
121
110
86
78
88
82
83
86
100
96
84
99
99
82
50
19
-23
-75
-131
-194
-229
-252
-286
-295
-329
-355
-397
-411
-444
-477
-514
-551
-586
-628
-662
-684
-734
-746
-777
-779
-774
-747
-674
-603
-521
-425
-306
-198
-96
50
188
302
386
463
563
610
656
735
808
813
762
762
747
679
603
568
530
403
292
228
120
-40
-208
-316
-422
-539
-574
-590
-558
-547
-451
-363
-265
-161
-33
113
223
409
543
724
794
986
1128
1198
1308
1353
1398
1327
1292
1291
1175
1078
926
865
722
557
448
298
153
-43
-208
-355
-535
-662
-771
-840
-899
-929
-880
-881
-837
-793
-715
-661
-610
-533
-461
-404
-359
-315
-290
-283
-292
-321
-357
-430
-479
-627
-685
-896
-1042
-1282
-1477
-1689
-2008
-1647
-1352
-876
-1183
-796
-270
-185
-260
127
933
657
82
516
1095
998
671
1343
2057
1673
1593
2086
2505
1963
1428
1388
1028
422
60
-107
-314
-724
-781
-921
-1001
-1029
-1135
-1357
-1564
-1501
-1581
-1718
-1588
-1280
-1208
-1003
-522
147
226
333
654
919
882
764
1047
1143
1102
1070
1270
1535
1511
1502
1495
1472
1299
1021
821
605
308
-37
-259
-288
-339
-418
-387
-345
-331
-382
-373
-349
-425
-489
-526
-468
-381
-281
-113
47
221
404
567
717
787
764
684
614
581
542
514
518
568
565
512
481
452
376
226
106
-40
-219
-368
-489
-533
-613
-625
-587
-529
-523
-552
-584
-658
-779
-909
-1028
-1139
-1266
-1388
-1486
-1587
-1648
-1786
-1733
-1261
-810
-705
-734
-163
215
-17
176
844
1204
545
487
1128
1272
725
955
1585
1649
1064
1456
1963
1733
1210
962
891
267
-205
-484
-797
-1172
-1415
-1573
-1662
-1628
-1499
-1698
-1799
-1627
-1543
-1639
-1644
-1322
-1226
-1253
-826
-194
166
238
671
1175
1308
1304
1488
1713
1634
1463
1509
1658
1704
1632
1571
1612
1557
1394
1171
985
733
260
-172
-399
-511
-757
-983
-927
-850
-841
-776
-559
-399
-452
-459
-387
-346
-358
-352
-170
-62
56
248
500
744
861
941
1041
1097
1090
973
889
801
676
545
460
451
350
207
128
90
-56
-245
-400
-496
-680
-844
-921
-950
-1026
-1124
-1109
-1117
-1118
-1215
-1236
-1359
-1473
-1648
-1798
-1916
-2140
-1991
-1581
-1189
-1116
-860
-126
126
6
590
1121
1244
462
770
1202
882
584
920
1501
1181
1020
1681
1965
1731
1426
1356
1142
496
185
-231
-685
-1080
-1347
-1488
-1562
-1429
-1395
-1513
-1356
-1187
-1195
-1287
-1186
-1021
-1194
-1143
-701
-269
-108
48
601
1020
1211
1470
1711
1919
1805
1783
1813
1815
1777
1620
1598
1619
1603
1540
1422
1391
1186
832
532
317
64
-337
-563
-659
-779
-839
-816
-709
-607
-540
-383
-302
-212
-215
-249
-245
-252
-157
-167
-117
4
75
217
311
497
606
588
594
584
557
392
213
90
-96
-259
-380
-433
-522
-634
-690
-712
-733
-800
-846
-902
-989
-1090
-1122
-1147
-1186
-1249
-1250
-1226
-1197
-1221
-1226
-1293
-1394
-1494
-1642
-1285
-1042
-783
-861
-373
213
153
384
1033
1517
1197
803
1454
1498
1031
892
1321
1511
925
1222
1728
1805
1483
1338
1384
1101
661
360
-59
-454
-866
-1214
-1384
-1406
-1364
-1530
-1526
-1217
-1063
-1031
-961
-729
-679
-824
-569
-232
-33
-91
131
570
750
914
1154
1482
1646
1593
1670
1722
1790
1607
1375
1345
1279
1136
865
777
717
415
154
60
18
-249
-549
-589
-654
-845
-953
-892
-830
-863
-827
-613
-515
-442
-330
-200
-51
-10
127
186
244
317
313
412
519
618
636
659
760
792
742
657
580
448
253
112
-10
-175
-372
-517
-621
-715
-789
-845
-904
-968
-1026
-1081
-1096
-1176
-1240
-1317
-1356
-1405
-1464
-1501
-1529
-1604
-1682
-1768
-1659
-1244
-1052
-855
-783
-94
99
62
544
1014
1203
651
916
1341
1071
714
845
1220
1030
774
1300
1533
1429
1216
1254
1244
862
538
208
-166
-539
-927
-1201
-1305
-1322
-1368
-1480
-1248
-985
-881
-794
-585
-362
-377
-311
12
205
259
238
584
853
960
1161
1396
1720
1790
1870
2003
2109
2120
1922
1798
1722
1552
1317
1051
917
710
407
245
165
36
-220
-362
-467
-644
-836
-942
-971
-1061
-1128
-1090
-962
-936
-905
-768
-630
-518
-460
-326
-186
-127
-85
8
146
207
247
325
452
514
552
567
576
542
463
409
340
224
39
-114
-226
-320
-440
-514
-570
-629
-703
-724
-730
-763
-805
-831
-859
-908
-964
-1040
-1094
-1204
-1273
-1384
-1405
-1530
-1439
-1094
-947
-744
-679
-24
104
85
551
867
1037
499
873
1156
860
588
745
1054
797
695
1131
1289
1170
1075
1165
1196
920
692
404
70
-225
-638
-911
-1081
-1218
-1360
-1524
-1326
-1152
-1087
-948
-744
-449
-429
-293
-32
78
106
32
288
412
472
611
787
1062
1156
1355
1572
1744
1838
1743
1748
1709
1575
1328
1050
904
661
396
213
118
11
-145
-246
-245
-312
-373
-407
-427
-449
-552
-569
-620
-678
-709
-713
-675
-676
-589
-477
-367
-225
-100
66
161
249
360
410
447
417
409
373
285
256
213
188
131
61
44
-3
-53
-132
-236
-344
-486
-596
-707
-833
-904
-980
-1028
-1079
-1083
-1067
-1088
-1146
-1157
-1189
-1234
-1322
-1390
-1417
-1564
-1442
-1242
-1091
-1020
-858
-314
-270
-114
375
730
859
566
1058
1159
959
808
990
1071
792
789
1102
1146
1090
1128
1191
1209
1031
971
756
487
237
-76
-317
-568
-745
-934
-1100
-1005
-910
-814
-689
-456
-238
-188
-37
156
239
202
147
277
298
288
349
451
627
658
810
966
1100
1171
1144
1224
1188
1112
986
845
691
464
262
101
-48
-215
-346
-448
-463
-498
-449
-400
-362
-313
-309
-251
-270
-263
-296
-373
-427
-487
-479
-477
-467
-374
-290
-142
24
204
365
469
557
606
617
574
497
395
254
142
76
18
-38
-94
-99
-74
-75
-69
-71
-75
-140
-206
-249
-364
-464
-596
-740
-881
-956
-1039
-1089
-1214
-1211
-1247
-1297
-1340
-1433
-1175
-1103
-1034
-1051
-811
-425
-526
-346
93
367
382
265
873
928
792
743
1023
1097
855
979
1266
1301
1178
1219
1288
1296
1076
984
744
536
260
-31
-229
-449
-634
-873
-947
-838
-819
-849
-784
-620
-495
-504
-311
-122
-43
-65
-23
205
245
268
327
430
554
584
739
838
945
967
990
1096
1128
1115
1020
938
857
715
530
387
201
10
-178
-260
-305
-409
-461
-465
-417
-416
-377
-295
-243
-313
-341
-305
-337
-394
-464
-436
-470
-473
-422
-298
-203
-108
28
175
305
389
467
493
514
452
361
309
221
93
-22
-101
-134
-181
-215
-198
-170
-161
-163
-145
-138
-168
-262
-350
-432
-540
-684
-833
-935
-1017
-1141
-1183
-1246
-1238
-1327
-1280
-1033
-968
-850
-809
-400
-297
-285
62
336
497
292
536
812
685
580
696
873
779
714
1004
1130
1097
1065
1121
1175
1083
925
769
506
317
34
-240
-420
-606
-773
-1006
-985
-911
-936
-943
-864
-683
-634
-574
-354
-229
-177
-191
-7
146
175
228
290
440
497
574
695
796
895
905
975
1080
1138
1095
1033
990
924
711
533
387
191
-34
-230
-302
-425
-503
-547
-518
-474
-445
-385
-357
-324
-310
-350
-368
-393
-395
-467
-454
-385
-325
-290
-185
-20
112
191
316
444
483
497
518
531
459
362
295
225
107
-14
-63
-104
-154
-191
-184
-184
-214
-220
-176
-175
-205
-245
-288
-357
-454
-532
-613
-726
-792
-907
-958
-1047
-1055
-1122
-1111
-868
-798
-654
-613
-219
-76
-70
234
486
620
401
614
888
741
611
695
900
785
686
912
1023
945
897
995
1020
931
789
686
461
312
78
-156
-351
-569
-742
-977
-1009
-1008
-1086
-1107
-1009
-822
-733
-638
-388
-235
-131
-68
119
276
250
260
281
350
352
357
442
527
645
689
820
962
1029
1018
986
996
922
729
537
370
154
-57
-231
-334
-463
-565
-594
-574
-540
-520
-464
-433
-361
-342
-337
-281
-267
-251
-298
-245
-182
-168
-119
-21
90
160
241
384
492
541
589
628
661
624
580
532
457
358
234
150
52
-41
-128
-186
-228
-284
-329
-330
-311
-339
-364
-375
-383
-460
-539
-586
-653
-792
-901
-976
-1057
-1152
-1212
-1266
-1240
-1082
-999
-853
-771
-416
-298
-237
65
308
432
280
487
717
606
511
610
759
665
574
755
865
813
798
894
943
902
792
758
606
494
284
54
-119
-310
-513
-766
-828
-860
-924
-968
-835
-659
-537
-410
-152
43
138
183
310
413
376
351
341
380
330
291
339
420
482
486
578
662
706
653
643
628
533
393
254
146
-38
-210
-356
-451
-558
-641
-659
-635
-596
-548
-462
-357
-234
-159
-52
39
109
152
143
168
164
144
118
119
136
152
186
228
305
378
461
534
589
623
627
596
555
482
406
300
166
70
-32
-99
-168
-209
-214
-217
-182
-137
-90
-71
-87
-98
-133
-215
-303
-464
-590
-780
-932
-1077
-1227
-1300
-1450
-1347
-1243
-1175
-1088
-934
-592
-578
-414
-85
77
126
21
387
399
300
239
411
448
336
392
609
661
636
768
877
991
920
921
818
715
574
323
121
-115
-327
-577
-723
-748
-793
-870
-832
-686
-525
-431
-254
-30
72
151
222
392
394
362
339
337
363
283
318
302
338
341
378
459
533
556
557
577
577
530
416
331
183
32
-115
-231
-318
-451
-503
-544
-514
-471
-397
-287
-204
-83
19
104
180
220
219
197
141
100
6
-50
-120
-163
-197
-201
-157
-109
-14
66
161
227
290
315
325
310
250
164
85
20
-78
-162
-226
-240
-259
-218
-171
-117
-47
-4
41
38
39
-9
-90
-210
-314
-469
-589
-779
-892
-1011
-1105
-1161
-1241
-1058
-1061
-950
-925
-639
-449
-443
-175
62
192
116
246
516
416
329
396
552
480
440
634
791
789
822
993
1062
1099
1030
1049
901
827
664
459
284
81
-84
-328
-410
-472
-544
-645
-587
-474
-392
-333
-168
-32
15
59
144
242
181
168
126
132
77
19
35
6
36
12
70
131
203
240
273
333
362
345
316
314
233
137
38
-8
-93
-180
-208
-227
-187
-165
-67
29
99
215
293
375
415
410
409
313
275
198
113
42
-42
-56
-118
-114
-64
11
57
110
189
255
284
308
322
308
268
228
190
115
71
10
-30
-63
-82
-69
-64
-59
-34
-9
4
-10
-26
-25
-101
-154
-288
-375
-506
-684
-841
-990
-1109
-1265
-1351
-1427
-1317
-1308
-1265
-1205
-981
-791
-794
-555
-306
-187
-189
-86
238
198
177
259
457
454
420
592
771
798
817
979
1073
1147
1090
1115
1018
981
856
677
523
350
163
-93
-189
-254
-370
-506
-485
-401
-348
-343
-198
-61
-19
22
113
224
180
162
105
84
38
-25
-32
-58
-8
-12
71
171
293
349
415
529
619
631
610
634
564
480
395
362
262
163
96
66
43
44
57
70
129
160
219
219
235
227
165
114
43
-9
-138
-236
-302
-340
-407
-420
-402
-374
-312
-229
-105
-35
51
130
203
240
259
267
254
212
146
104
32
-31
-91
-105
-111
-80
-58
-42
-22
5
2
-42
-87
-165
-277
-427
-570
-720
-901
-1063
-1219
-1333
-1447
-1509
-1563
-1567
-1445
-1397
-1290
-1208
-948
-785
-720
-476
-248
-81
-99
96
339
335
348
463
648
663
715
910
1078
1131
1197
1324
1398
1420
1372
1318
1195
1104
889
647
424
220
-5
-274
-361
-438
-525
-612
-575
-474
-433
-401
-282
-196
-186
-192
-116
-66
-130
-150
-188
-159
-195
-206
-172
-143
-58
11
134
258
385
473
540
624
687
679
623
571
498
393
266
184
82
5
-69
-115
-120
-129
-88
-63
2
51
58
66
55
61
32
-6
-61
-132
-194
-232
-257
-248
-254
-222
-152
-45
74
175
271
373
463
525
563
585
551
500
438
356
272
172
88
31
-19
-34
-28
-19
-11
4
47
54
20
-25
-100
-209
-346
-477
-610
-778
-932
-1078
-1184
-1292
-1358
-1407
-1426
-1427
-1368
-1210
-1144
-1042
-952
-713
-593
-548
-316
-164
-28
-40
187
394
402
444
591
781
786
884
1058
1159
1180
1239
1295
1276
1216
1109
995
842
729
520
317
113
-49
-222
-396
-448
-501
-564
-611
-536
-478
-466
-449
-344
-277
-249
-241
-193
-171
-234
-222
-222
-168
-166
-127
-60
26
147
215
315
406
512
560
594
625
625
558
500
464
393
284
176
122
27
-21
-55
-74
-93
-99
-63
-41
6
33
62
43
30
27
2
-26
-79
-90
-134
-158
-159
-137
-127
-113
-49
54
133
195
278
328
380
401
417
395
332
281
199
143
92
40
-31
-80
-69
-51
-49
-38
-22
-4
-21
-38
-59
-115
-191
-294
-381
-497
-612
-738
-845
-922
-993
-1052
-1108
-1101
-1143
-1155
-1154
-1067
-952
-910
-821
-739
-559
-484
-402
-194
-25
69
99
304
472
512
561
709
830
857
911
1014
1076
1056
1064
1056
1047
1014
905
800
696
610
458
272
132
-3
-183
-333
-396
-440
-531
-593
-583
-549
-544
-544
-477
-439
-412
-418
-357
-287
-278
-248
-217
-123
-82
-39
22
116
202
242
307
382
456
483
520
572
592
566
514
467
423
361
303
244
195
161
100
63
56
58
34
30
64
77
69
56
78
69
36
7
-14
-53
-114
-127
-142
-153
-179
-165
-131
-93
-40
38
99
144
194
218
256
249
247
233
220
213
159
137
106
81
46
20
15
2
-9
-12
-20
-49
-88
-144
-196
-271
-335
-415
-490
-567
-645
-711
-784
-822
-892
-906
-930
-949
-949
-962
-885
-816
-741
-670
-585
-436
-367
-289
-109
30
118
176
357
510
552
635
760
864
887
967
1073
1104
1096
1098
1084
1036
952
865
739
598
499
336
189
42
-102
-243
-393
-451
-532
-625
-692
-710
-702
-723
-688
-635
-604
-579
-520
-422
-339
-273
-202
-121
-53
15
91
158
225
287
336
390
455
504
512
529
560
559
543
523
506
469
427
402
376
332
274
227
196
165
140
100
69
49
1
-40
-70
-110
-170
-226
-252
-266
-296
-319
-310
-309
-310
-289
-253
-216
-183
-133
-94
-47
-3
23
46
67
80
70
77
72
68
48
42
43
23
22
21
18
-8
-30
-54
-80
-123
-186
-240
-297
-367
-440
-506
-569
-620
-681
-722
-751
-775
-799
-810
-810
-851
-858
-860
-820
-764
-719
-666
-600
-452
-346
-209
-33
162
310
431
628
801
907
960
1080
1151
1168
1173
1197
1204
1146
1104
1048
998
913
818
709
598
498
360
222
86
-40
-192
-314
-418
-507
-637
-732
-759
-769
-781
-787
-723
-668
-596
-518
-402
-280
-189
-94
10
120
194
247
275
331
366
384
393
404
413
417
431
454
479
466
474
472
461
422
395
352
291
200
126
77
-10
-66
-135
-170
-226
-244
-246
-260
-267
-278
-254
-260
-246
-256
-260
-251
-239
-231
-240
-239
-234
-208
-195
-170
-145
-117
-73
-22
25
80
129
169
209
237
257
250
250
235
219
161
129
113
65
25
-26
-46
-81
-124
-166
-195
-233
-300
-337
-375
-416
-481
-532
-563
-597
-622
-642
-649
-680
-685
-678
-662
-613
-558
-489
-429
-312
-182
-87
49
215
358
433
562
703
787
801
843
908
900
866
865
875
816
771
729
700
637
558
476
394
330
245
134
1
-85
-181
-283
-382
-452
-522
-604
-646
-642
-641
-645
-593
-509
-432
-356
-238
-122
-40
33
111
180
228
264
290
318
334
356
368
380
386
387
401
420
460
458
457
441
439
418
371
318
252
203
134
64
-2
-41
-120
-170
-198
-216
-236
-268
-252
-255
-254
-272
-273
-285
-312
-329
-346
-353
-377
-387
-396
-374
-360
-339
-302
-254
-200
-153
-93
-38
2
48
90
128
158
168
178
176
173
167
151
134
87
57
27
7
-41
-83
-103
-146
-169
-187
-195
-220
-252
-274
-298
-321
-355
-374
-404
-427
-443
-452
-456
-472
-430
-389
-350
-309
-224
-113
-43
37
163
300
376
475
589
670
696
730
788
778
743
722
718
677
618
568
518
468
413
361
287
224
161
71
-31
-125
-217
-323
-417
-485
-537
-600
-645
-650
-636
-632
-590
-519
-446
-379
-304
-205
-131
-56
-3
39
77
104
118
121
138
136
133
133
162
177
172
185
219
252
256
273
285
294
286
280
263
241
218
179
148
109
65
11
-24
-35
-56
-82
-95
-88
-102
-128
-142
-153
-153
-175
-177
-163
-159
-152
-146
-118
-99
-64
-24
14
62
108
145
168
213
262
293
318
352
370
381
383
376
355
323
291
263
219
166
116
64
15
-48
-105
-171
-216
-260
-303
-342
-371
-401
-442
-462
-486
-514
-549
-581
-599
-621
-646
-655
-640
-638
-603
-546
-462
-373
-288
-138
-11
108
197
327
449
532
590
644
683
664
644
608
588
538
484
448
411
371
318
273
225
185
126
74
18
-39
-119
-204
-266
-317
-386
-461
-483
-504
-534
-544
-509
-453
-405
-339
-235
-145
-75
-11
52
118
156
199
219
228
226
220
219
219
229
224
251
281
313
328
344
369
381
398
389
386
352
317
273
218
160
92
23
-45
-97
-144
-194
-248
-267
-273
-293
-308
-306
-302
-304
-287
-268
-256
-258
-236
-204
-187
-158
-132
-83
-54
-8
49
98
153
205
283
350
410
460
492
493
480
463
434
375
313
241
164
85
5
-63
-144
-211
-275
-323
-371
-416
-453
-497
-520
-541
-550
-572
-580
-593
-615
-623
-621
-610
-622
-621
-585
-532
-481
-414
-313
-203
-120
-11
117
232
321
402
518
590
627
643
664
663
630
617
592
570
510
462
408
350
288
213
154
101
48
-27
-102
-174
-253
-338
-403
-457
-509
-566
-605
-619
-617
-609
-591
-529
-472
-397
-317
-231
-150
-78
6
76
146
195
245
286
308
331
348
364
376
388
407
419
437
453
462
476
477
487
476
452
429
388
350
280
209
137
70
-1
-62
-117
-165
-205
-241
-257
-279
-277
-260
-236
-216
-195
-153
-124
-97
-65
-22
15
47
88
133
169
201
238
283
331
368
409
436
458
458
435
408
364
313
250
178
97
7
-88
-182
-283
-374
-461
-537
-595
-647
-686
-714
-733
-739
-726
-708
-684
-663
-640
-613
-592
-565
-545
-527
-508
-468
-428
-367
-298
-231
-151
-60
29
103
190
269
358
429
492
554
583
597
601
607
585
547
514
472
421
364
315
262
215
168
132
87
39
2
-50
-86
-130
-168
-204
-249
-276
-298
-310
-319
-304
-276
-236
-178
-109
-46
16
87
164
237
297
357
398
440
466
475
479
480
474
460
456
456
457
449
443
437
427
407
377
351
313
263
218
163
88
18
-59
-137
-190
-244
-290
-323
-346
-361
-379
-385
-381
-375
-359
-342
-314
-292
-278
-252
-226
-207
-174
-130
-92
-52
-5
43
82
120
152
175
201
213
210
194
168
139
103
54
-6
-60
-130
-189
-249
-306
-349
-391
-426
-453
-473
-487
-489
-485
-474
-457
-418
-383
-351
-309
-281
-240
-214
-191
-164
-138
-115
-90
-57
-24
11
31
55
75
105
138
159
192
220
246
252
262
283
286
285
292
283
265
247
225
203
168
136
116
96
70
42
17
2
-8
-19
-38
-65
-75
-89
-113
-128
-138
-140
-152
-146
-128
-116
-110
-89
-64
-36
3
37
76
124
165
212
260
295
337
372
392
419
446
455
456
461
453
432
406
380
353
321
290
255
208
151
105
50
-7
-57
-112
-142
-192
-240
-272
-307
-333
-363
-384
-396
-403
-398
-390
-376
-354
-334
-303
-256
-208
-167
-122
-67
-21
21
53
83
111
118
121
125
127
115
95
66
42
14
-17
-45
-70
-88
-120
-150
-169
-181
-206
-223
-242
-256
-259
-264
-256
-250
-232
-215
-189
-148
-115
-76
-57
-33
-6
17
40
59
76
86
90
100
111
104
98
97
101
100
97
94
81
80
74
67
54
40
22
2
-10
-26
-46
-66
-74
-85
-89
-89
-86
-80
-63
-47
-33
-13
-5
11
35
46
52
57
57
68
80
88
100
119
132
143
161
178
203
224
245
279
300
328
353
366
374
382
381
387
392
383
374
351
322
286
248
206
167
117
71
26
-17
-65
-109
-149
-197
-233
-274
-313
-344
-374
-388
-409
-418
-421
-430
-434
-430
-422
-404
-373
-350
-317
-270
-226
-189
-155
-125
-93
-74
-51
-20
6
24
39
47
42
37
27
20
5
-10
-14
-22
-34
-34
-43
-51
-49
-54
-54
-46
-35
-26
-20
-6
6
10
16
37
49
67
98
130
157
172
198
218
243
262
270
268
269
263
264
268
260
240
211
192
182
161
133
117
93
73
58
27
2
-29
-63
-101
-136
-170
-205
-229
-261
-276
-292
-302
-310
-319
-322
-313
-305
-291
-263
-244
-214
-195
-163
-128
-96
-64
-31
14
47
87
128
162
190
230
273
307
340
370
394
419
446
459
458
449
430
403
377
348
296
244
194
141
86
32
-25
-72
-110
-135
-158
-195
-224
-250
-272
-280
-295
-306
-312
-320
-322
-326
-322
-318
-314
-305
-290
-260
-240
-211
-173
-144
-105
-74
-52
-18
5
26
49
57
72
74
66
65
53
44
30
14
3
-2
-1
-6
-7
-14
-23
-25
-30
-41
-53
-66
-74
-85
-81
-85
-86
-72
-63
-58
-50
-34
-21
4
28
53
75
99
107
116
133
135
140
136
130
121
105
90
80
70
63
51
44
33
22
15
8
-2
-18
-30
-50
-74
-93
-117
-137
-155
-172
-189
-191
-196
-195
-183
-174
-162
-154
-136
-110
-83
-61
-40
-13
20
48
74
105
128
147
179
211
233
251
274
299
312
330
342
345
359
361
355
339
323
298
260
231
187
147
106
66
26
-15
-56
-91
-113
-133
-152
-175
-200
-211
-225
-245
-259
-271
-279
-282
-281
-279
-276
-269
-251
-238
-219
-199
-185
-148
-116
-93
-64
-36
-3
23
46
70
84
107
122
130
142
147
154
157
162
167
159
152
138
127
112
109
101
103
101
98
102
100
97
88
77
71
69
63
58
46
37
34
36
41
38
37
40
52
51
52
54
54
48
43
33
7
-8
-25
-39
-59
-77
-87
-102
-113
-120
-133
-142
-150
-153
-161
-176
-192
-198
-197
-198
-196
-201
-203
-191
-188
-179
-170
-170
-164
-151
-130
-109
-92
-65
-41
-17
15
50
86
118
141
167
187
204
218
224
234
238
245
252
254
247
240
235
231
230
217
202
179
155
128
101
68
32
-1
-40
-73
-104
-131
-152
-165
-172
-182
-175
-166
-160
-157
-154
-154
-150
-140
-133
-130
-126
-112
-105
-97
-91
-80
-69
-50
-28
-12
7
26
46
58
64
64
56
50
49
42
33
26
16
8
-3
-22
-40
-55
-62
-65
-70
-72
-69
-76
-73
-73
-70
-69
-70
-62
-59
-60
-57
-51
-48
-43
-36
-31
-29
-28
-19
-20
-14
-5
9
25
29
34
37
34
36
31
19
12
-3
-14
-28
-29
-36
-54
-59
-58
-61
-63
-54
-46
-45
-43
-34
-30
-29
-23
-20
-5
6
12
22
31
44
56
78
95
113
128
149
167
182
206
218
228
238
247
253
254
247
243
238
216
200
185
170
152
133
114
87
65
50
34
13
0
-22
-47
-66
-91
-117
-139
-159
-174
-186
-199
-206
-215
-218
-218
-213
-203
-194
-186
-177
-158
-141
-126
-114
-96
-84
-75
-67
-54
-48
-39
-28
-11
2
12
27
44
57
70
81
84
85
80
81
73
69
64
55
49
39
33
25
20
20
20
24
27
26
24
24
28
29
30
34
41
43
50
58
61
59
54
51
50
47
44
45
38
32
27
15
13
7
1
2
-5
-20
-26
-35
-38
-42
-46
-45
-54
-58
-61
-64
-63
-63
-63
-60
-65
-62
-62
-58
-54
-53
-50
-42
-37
-28
-25
-21
-12
-11
-13
-9
2
14
23
36
49
62
71
79
83
90
96
103
107
107
109
102
97
97
92
84
79
69
67
64
56
48
40
36
29
24
17
11
1
-9
-20
-36
-52
-70
-83
-93
-107
-118
-128
-133
-135
-137
-135
-130
-126
-113
-105
-98
-90
-82
-71
-59
-51
-42
-29
-20
-14
-7
0
6
13
17
18
24
29
32
29
28
29
27
28
25
22
14
9
5
-4
-12
-24
-36
-42
-52
-57
-61
-66
-70
-69
-73
-75
-78
-79
-74
-69
-63
-58
-57
-48
-42
-36
-27
-16
-5
3
17
26
36
48
55
65
73
79
81
84
86
81
77
72
64
55
42
35
24
15
8
-6
-17
-33
-44
-52
-60
-69
-75
-78
-83
-83
-82
-74
-70
-66
-57
-52
-47
-39
-29
-16
-3
11
24
38
53
68
82
91
101
110
118
119
116
116
112
108
100
92
84
76
67
56
46
36
22
14
2
-9
-17
-26
-34
-40
-48
-53
-53
-54
-52
-50
-52
-45
-41
-35
-24
-21
-13
-3
8
15
22
29
37
44
47
51
54
55
56
59
59
57
55
57
56
55
57
58
55
51
46
36
26
18
12
4
-9
-20
-31
-41
-54
-69
-78
-88
-94
-100
-106
-107
-107
-104
-98
-92
-80
-73
-62
-50
-39
-25
-15
-4
11
22
34
48
58
72
82
88
98
102
106
106
107
102
100
93
85
76
64
49
34
21
8
-2
-16
-29
-41
-50
-56
-61
-63
-66
-67
-67
-65
-63
-59
-54
-49
-42
-34
-26
-18
-11
-2
8
21
30
39
46
53
56
60
66
65
65
65
64
64
63
61
59
54
50
44
38
30
23
16
12
5
-2
-5
-11
-14
-14
-17
-20
-22
-29
-31
-34
-35
-36
-36
-37
-37
-35
-34
-28
-24
-17
-10
-4
5
14
21
31
41
51
58
67
72
75
78
78
78
76
71
63
53
44
35
24
12
-3
-19
-34
-48
-63
-77
-91
-102
-113
-122
-126
-130
-131
-128
-122
-118
-110
-104
-95
-82
-69
-53
-39
-25
-13
-1
11
26
39
48
58
64
67
68
69
69
68
65
64
59
55
51
48
42
36
30
22
15
9
1
-6
-13
-20
-27
-34
-40
-44
-48
-52
-55
-57
-60
-62
-60
-59
-57
-54
-51
-51
-46
-42
-38
-34
-30
-24
-21
-17
-10
-4
3
10
16
22
28
31
35
38
38
39
38
35
31
26
23
20
17
12
7
0
-7
-12
-16
-19
-22
-27
-30
-31
-30
-28
-24
-24
-20
-16
-10
-4
3
11
19
28
34
42
50
56
