29
18
4
1
0
-2
-13
-17
-15
-28
-34
-39
-52
-56
-60
-54
-30
-17
0
17
24
28
10
11
19
29
27
24
21
15
16
8
14
24
35
36
23
26
23
9
9
12
11
9
3
9
14
-2
-8
-21
-23
-28
-46
-47
-44
-38
-53
-65
-67
-70
-50
-48
-41
-34
-26
15
15
147
257
288
331
168
38
-191
-319
-241
-232
-70
-53
-37
-55
-114
2
174
424
499
392
243
80
-38
-121
30
127
157
164
118
142
60
101
125
55
-12
-154
-181
-223
-229
-210
-222
-203
-255
-248
-247
-250
-285
-287
-282
-328
-304
-227
-101
-34
13
68
60
14
-56
-55
-16
-23
-17
9
26
42
56
102
131
120
142
146
159
144
155
221
246
252
279
308
310
297
286
301
282
256
255
248
231
210
208
183
137
133
106
78
43
25
18
16
30
26
23
-7
-37
-42
-55
-67
-74
-63
-50
-58
-50
-22
-15
-12
-23
-75
-131
-160
-188
-207
-238
-242
-248
-291
-298
-309
-312
-356
-397
-443
-511
-576
-597
-589
-648
-659
-681
-697
-713
-750
-727
-773
-802
-801
-821
-771
-773
-699
-576
-493
-372
-335
-104
78
176
272
409
633
574
651
854
931
907
898
1104
1094
995
1071
1095
1013
844
816
745
510
386
248
52
-130
-197
-251
-434
-502
-522
-597
-672
-650
-590
-617
-584
-485
-382
-312
-197
-26
100
235
399
585
725
849
1000
1085
1200
1261
1323
1345
1307
1320
1220
1146
1022
865
722
530
426
277
127
8
-142
-268
-412
-532
-618
-708
-746
-800
-839
-853
-844
-785
-709
-597
-520
-444
-362
-270
-176
-84
28
108
163
184
226
221
185
128
61
-8
-131
-288
-434
-646
-871
-1090
-1311
-1508
-1761
-1859
-2121
-1955
-1451
-1295
-1295
-1212
-349
-422
-610
135
606
546
-141
735
1186
738
941
1592
1995
1493
1808
2490
2189
1807
1801
1500
928
534
566
-35
-476
-353
-566
-957
-1072
-822
-1226
-1699
-1581
-1470
-1810
-1930
-1549
-1471
-1548
-1151
-567
-415
-391
66
367
375
552
800
947
887
1113
1320
1370
1570
1715
1766
1665
1719
1719
1444
1272
1144
948
691
563
559
356
234
186
115
7
-120
-122
-291
-406
-448
-520
-562
-588
-500
-532
-505
-348
-243
-169
-138
-54
-14
-38
19
84
85
116
197
269
277
337
406
357
304
257
171
22
-137
-236
-376
-530
-630
-684
-787
-860
-975
-1056
-1237
-1378
-1562
-1779
-1925
-2127
-2185
-2433
-1961
-1536
-1311
-1225
-692
185
-112
226
953
1322
913
697
1641
1512
1126
1501
2097
2098
1749
2328
2644
2141
2015
1894
1405
807
519
214
-642
-884
-963
-1401
-1732
-1577
-1449
-1893
-1977
-1664
-1666
-1956
-1805
-1553
-1662
-1555
-1019
-594
-469
-130
455
665
885
1228
1469
1562
1596
1843
1769
1778
1892
1844
1685
1617
1700
1540
1344
1273
1119
797
549
333
23
-298
-505
-687
-866
-955
-940
-1017
-1016
-896
-861
-844
-792
-631
-651
-671
-564
-454
-386
-316
-125
47
163
308
476
589
678
758
801
761
710
644
557
463
388
289
178
89
-26
-129
-251
-326
-475
-644
-806
-937
-1077
-1219
-1327
-1435
-1541
-1643
-1725
-1813
-1917
-1971
-2070
-2086
-1555
-1328
-1165
-1073
-303
126
-116
626
1212
1425
943
1365
2037
1531
1406
1833
2069
1719
1652
2232
2154
1806
1965
1728
1312
952
808
203
-531
-615
-1010
-1577
-1707
-1508
-1723
-2010
-1708
-1360
-1540
-1546
-1188
-1116
-1232
-989
-600
-526
-495
-144
192
302
731
1077
1305
1491
1751
1920
1863
2010
1993
1777
1622
1649
1542
1296
1226
1223
980
822
785
599
292
98
-2
-351
-532
-587
-695
-858
-888
-762
-808
-796
-624
-512
-520
-451
-297
-262
-281
-205
-163
-202
-129
-7
37
78
238
382
374
405
472
420
305
234
224
51
-130
-225
-343
-470
-578
-605
-674
-748
-832
-912
-991
-1041
-1098
-1224
-1311
-1392
-1467
-1549
-1602
-1691
-1752
-1833
-1773
-1815
-1769
-1271
-1095
-902
-796
-84
215
70
761
1209
1354
1024
1459
1912
1425
1298
1581
1634
1313
1267
1699
1598
1368
1535
1297
1025
789
609
48
-473
-576
-1066
-1586
-1649
-1535
-1829
-1985
-1608
-1306
-1374
-1197
-761
-670
-669
-372
-110
-86
-48
241
469
585
938
1179
1391
1616
1858
1966
2008
2213
2204
2004
1921
1923
1736
1413
1242
1083
731
517
393
233
6
-86
-155
-292
-319
-335
-422
-511
-490
-546
-646
-672
-569
-607
-661
-515
-386
-304
-225
-65
79
143
265
380
385
402
406
414
415
394
377
317
270
251
182
88
29
-72
-178
-296
-358
-467
-617
-722
-854
-974
-1066
-1106
-1144
-1197
-1250
-1288
-1318
-1340
-1353
-1399
-1428
-1488
-1588
-1596
-1692
-1472
-1225
-1087
-909
-627
51
83
375
1062
1325
1318
1152
1714
1664
1188
1278
1397
1273
971
1179
1455
1188
1170
1248
1051
922
762
543
38
-198
-408
-964
-1287
-1334
-1509
-1879
-1841
-1528
-1468
-1459
-1087
-724
-621
-407
13
256
333
463
724
806
876
1025
1044
1197
1333
1451
1509
1682
1892
1843
1796
1849
1778
1536
1273
1087
764
355
110
-108
-354
-578
-665
-725
-786
-738
-682
-630
-540
-497
-497
-532
-537
-553
-648
-650
-641
-645
-592
-477
-360
-238
-86
103
244
368
536
618
649
621
585
483
344
281
181
48
-44
-100
-144
-155
-147
-168
-226
-246
-284
-368
-444
-527
-628
-788
-890
-964
-1036
-1116
-1141
-1141
-1155
-1155
-1158
-1145
-1205
-1186
-1291
-1114
-921
-901
-838
-631
-139
-196
29
595
823
798
820
1367
1325
1020
1228
1347
1143
894
1052
1095
772
806
861
683
589
583
455
90
10
-125
-519
-768
-780
-1008
-1383
-1342
-1207
-1286
-1311
-962
-692
-647
-387
32
247
365
564
802
812
882
998
976
1022
1083
1174
1176
1314
1421
1384
1405
1512
1497
1344
1262
1181
934
645
453
212
-59
-301
-445
-614
-709
-717
-693
-621
-522
-428
-416
-334
-253
-260
-296
-293
-293
-416
-490
-478
-486
-460
-390
-227
-68
86
261
367
470
550
573
576
557
471
309
147
43
-97
-261
-357
-408
-439
-481
-443
-410
-433
-420
-406
-414
-469
-545
-620
-763
-883
-995
-1126
-1237
-1357
-1437
-1510
-1528
-1501
-1500
-1496
-1206
-1053
-990
-890
-497
-237
-364
52
471
562
417
703
1152
926
843
1155
1272
1086
1051
1363
1360
1153
1280
1247
1144
1073
1018
772
475
463
175
-193
-315
-364
-701
-940
-794
-728
-858
-772
-474
-391
-376
-99
161
200
283
428
551
556
699
709
642
762
837
817
782
964
994
869
940
1077
1012
845
839
819
614
430
320
113
-115
-254
-353
-481
-522
-512
-556
-531
-422
-341
-327
-238
-140
-154
-163
-104
-92
-176
-226
-225
-240
-267
-264
-218
-153
-70
38
137
239
329
359
364
345
298
201
84
-10
-136
-268
-342
-384
-429
-481
-474
-446
-446
-429
-382
-365
-415
-490
-556
-650
-774
-936
-1069
-1212
-1339
-1459
-1566
-1648
-1727
-1771
-1821
-1571
-1411
-1303
-1182
-794
-421
-453
-80
379
574
502
727
1177
1060
922
1175
1302
1185
1164
1433
1511
1376
1540
1564
1495
1457
1399
1138
785
707
419
-8
-240
-382
-733
-1009
-964
-949
-1130
-1126
-893
-813
-762
-516
-257
-173
-33
195
373
422
588
666
626
715
773
777
737
878
968
929
1055
1219
1231
1168
1210
1242
1070
907
787
581
345
149
11
-181
-312
-396
-472
-435
-378
-347
-342
-229
-85
-132
-100
-59
-73
-173
-255
-206
-310
-376
-366
-319
-230
-198
-95
16
98
191
221
272
314
290
228
155
100
-26
-173
-248
-307
-408
-517
-544
-542
-587
-618
-572
-544
-581
-604
-608
-646
-737
-849
-945
-1102
-1239
-1377
-1502
-1592
-1705
-1717
-1784
-1555
-1382
-1291
-1096
-750
-332
-308
87
577
752
743
943
1350
1223
1101
1340
1408
1222
1161
1345
1363
1175
1297
1340
1240
1237
1196
1029
759
716
458
38
-194
-374
-742
-1065
-1090
-1149
-1333
-1305
-1069
-946
-855
-562
-232
-62
149
367
572
655
771
818
781
859
870
825
815
941
1000
952
1059
1192
1161
1117
1154
1160
993
838
720
500
248
4
-228
-488
-656
-793
-912
-928
-871
-826
-802
-646
-471
-412
-327
-212
-158
-197
-222
-172
-207
-256
-285
-259
-222
-209
-136
-63
40
138
205
298
389
410
366
345
298
174
14
-102
-206
-357
-464
-492
-533
-593
-601
-562
-556
-526
-460
-432
-394
-371
-364
-442
-533
-616
-768
-925
-1056
-1145
-1313
-1391
-1430
-1341
-1164
-1077
-913
-692
-298
-158
19
447
670
710
771
1084
1124
885
961
1048
894
764
869
967
805
820
928
866
843
870
798
569
510
408
70
-180
-323
-600
-949
-1045
-1086
-1256
-1319
-1145
-974
-880
-631
-285
-81
108
351
580
693
773
828
776
787
801
744
683
710
742
718
765
890
899
877
901
918
805
659
559
366
138
-65
-237
-445
-619
-744
-841
-929
-891
-849
-813
-675
-534
-395
-300
-127
-4
21
97
185
186
145
139
142
95
40
70
79
90
158
235
313
402
479
518
536
536
466
362
268
133
-19
-156
-262
-370
-462
-477
-466
-451
-426
-383
-339
-333
-311
-324
-385
-437
-517
-638
-772
-892
-1033
-1180
-1276
-1327
-1416
-1339
-1218
-1146
-1037
-775
-437
-356
-68
351
536
574
752
1056
974
831
943
943
765
691
788
794
678
770
820
769
809
820
697
538
538
367
52
-130
-258
-535
-783
-805
-846
-992
-984
-838
-749
-671
-453
-214
-98
81
305
468
582
715
786
758
798
785
669
561
539
479
327
306
357
308
259
287
326
266
225
212
107
-23
-124
-250
-428
-551
-642
-737
-783
-733
-678
-627
-486
-302
-194
-94
69
182
250
300
347
339
264
239
186
116
53
20
-4
-21
36
86
145
197
272
324
365
406
382
333
288
235
158
55
-50
-136
-215
-273
-304
-305
-296
-280
-239
-197
-180
-182
-234
-282
-348
-462
-605
-767
-920
-1123
-1267
-1371
-1483
-1433
-1373
-1324
-1206
-935
-666
-586
-267
140
275
352
630
930
861
814
1011
1015
849
819
937
875
754
834
847
796
849
865
750
695
746
567
321
251
116
-195
-386
-411
-579
-823
-866
-812
-834
-804
-612
-413
-287
-92
97
281
428
552
599
613
688
645
538
486
464
339
217
226
239
164
143
199
213
188
229
273
225
191
166
112
20
-53
-145
-253
-302
-303
-331
-352
-265
-191
-141
-56
78
177
224
304
366
360
342
326
264
195
136
93
31
1
9
-23
-19
24
77
125
162
190
212
228
236
225
190
147
81
8
-74
-154
-227
-306
-360
-406
-446
-455
-470
-483
-494
-502
-545
-614
-656
-724
-846
-972
-1076
-1186
-1344
-1442
-1363
-1374
-1395
-1290
-1018
-839
-759
-353
-6
120
254
597
854
815
895
1073
1050
950
973
1005
903
809
846
776
747
801
770
674
660
703
542
419
409
269
-2
-137
-194
-401
-624
-687
-710
-782
-744
-611
-513
-407
-231
-31
148
316
462
506
577
654
600
516
468
424
301
202
205
171
102
100
159
203
235
314
368
397
427
404
380
355
289
191
89
48
-23
-112
-126
-131
-133
-125
-51
15
35
94
149
192
206
224
210
193
152
72
-16
-82
-140
-224
-272
-264
-247
-230
-154
-79
-22
29
84
114
125
130
110
86
47
-16
-84
-158
-227
-292
-350
-383
-411
-436
-427
-407
-412
-448
-467
-493
-571
-661
-753
-884
-1046
-1201
-1326
-1459
-1525
-1484
-1506
-1484
-1350
-1119
-967
-765
-353
-54
118
366
722
878
871
1010
1126
1054
1016
1083
1089
1002
1017
1069
1023
1053
1112
1074
1004
1037
996
813
694
612
385
128
-1
-174
-437
-635
-692
-771
-837
-803
-724
-648
-519
-365
-217
-68
54
130
146
230
283
231
196
213
189
106
97
146
140
122
185
284
354
412
492
547
583
600
585
550
479
388
282
179
102
-12
-138
-191
-207
-238
-275
-250
-234
-231
-190
-138
-105
-110
-115
-118
-146
-172
-199
-245
-260
-258
-255
-224
-175
-120
-69
24
141
226
308
398
448
464
472
457
417
362
297
209
142
64
-8
-88
-147
-187
-226
-237
-258
-309
-394
-453
-511
-611
-726
-820
-933
-1061
-1183
-1297
-1404
-1496
-1573
-1534
-1428
-1354
-1257
-1078
-819
-678
-476
-148
91
248
468
761
880
922
1056
1156
1146
1180
1286
1300
1243
1250
1238
1171
1158
1140
1018
892
853
732
534
400
278
49
-164
-252
-363
-539
-636
-653
-684
-699
-644
-569
-506
-414
-306
-202
-90
9
75
127
216
263
243
257
291
311
305
347
403
416
423
461
499
512
522
529
522
518
504
451
395
329
251
161
96
34
-49
-103
-138
-175
-223
-248
-252
-231
-206
-185
-172
-148
-104
-100
-106
-100
-98
-115
-124
-90
-80
-94
-61
-8
17
28
72
115
141
163
196
201
175
158
132
85
43
7
-54
-111
-171
-231
-276
-309
-344
-413
-472
-508
-551
-623
-686
-750
-809
-873
-925
-970
-1033
-1079
-1120
-1150
-1188
-1211
-1198
-1151
-1047
-949
-883
-748
-559
-402
-219
38
286
447
631
869
1025
1099
1205
1329
1342
1342
1391
1390
1332
1282
1240
1155
1082
1034
927
795
708
596
441
317
215
66
-92
-196
-281
-416
-531
-599
-655
-694
-705
-677
-655
-619
-570
-520
-434
-338
-275
-220
-109
-17
34
76
115
159
180
224
278
301
314
326
353
379
397
410
419
405
391
356
325
296
237
177
104
45
-5
-35
-62
-88
-94
-108
-123
-122
-120
-118
-118
-116
-98
-103
-114
-114
-111
-123
-132
-126
-129
-125
-96
-61
-40
-17
23
66
80
102
119
125
119
125
129
123
120
123
99
58
30
-28
-81
-127
-171
-233
-306
-358
-415
-498
-582
-643
-721
-793
-854
-890
-930
-962
-980
-989
-990
-996
-963
-935
-870
-762
-673
-579
-461
-304
-157
-5
200
403
537
684
881
1026
1114
1216
1325
1357
1368
1393
1397
1347
1307
1274
1177
1090
1006
888
749
633
506
334
192
83
-60
-219
-326
-413
-525
-617
-670
-712
-730
-723
-699
-670
-631
-577
-512
-436
-348
-267
-173
-62
26
105
171
244
303
341
403
452
459
464
478
476
453
427
409
371
327
299
290
268
242
227
188
146
117
86
29
-25
-64
-117
-173
-212
-248
-291
-331
-357
-385
-412
-420
-428
-425
-400
-365
-320
-291
-255
-222
-181
-113
-68
-42
-7
23
29
39
38
32
14
3
4
10
19
30
45
36
24
-4
-44
-80
-120
-175
-236
-309
-391
-473
-560
-638
-705
-757
-802
-811
-821
-829
-807
-771
-727
-689
-634
-589
-536
-476
-419
-352
-257
-137
-30
101
259
403
533
676
845
990
1101
1227
1325
1374
1406
1425
1412
1354
1286
1184
1055
930
786
634
455
298
155
2
-117
-219
-332
-427
-495
-557
-628
-686
-715
-749
-763
-751
-739
-730
-697
-645
-588
-510
-406
-303
-203
-68
51
148
243
334
393
430
478
519
509
486
471
433
389
348
323
295
277
279
272
251
236
214
186
157
132
83
30
-13
-76
-154
-227
-286
-350
-409
-448
-457
-452
-443
-422
-405
-368
-321
-281
-216
-155
-88
-31
22
54
64
77
99
130
147
164
199
221
237
270
285
292
302
324
329
311
288
247
194
132
56
-32
-125
-216
-302
-384
-451
-515
-570
-617
-638
-647
-651
-647
-641
-625
-608
-597
-581
-557
-530
-504
-458
-413
-361
-269
-169
-64
54
207
350
486
650
802
929
1049
1148
1196
1184
1176
1153
1076
999
925
826
706
603
495
344
222
125
11
-89
-165
-237
-316
-374
-409
-454
-490
-519
-553
-583
-590
-565
-549
-520
-453
-386
-309
-217
-118
-23
67
173
260
319
382
439
469
477
470
449
413
385
374
338
308
290
264
234
211
213
196
165
142
104
46
-9
-68
-123
-198
-253
-293
-338
-367
-401
-433
-455
-460
-459
-449
-435
-415
-387
-347
-305
-285
-262
-239
-205
-169
-128
-73
-34
14
56
84
111
137
176
204
242
262
264
273
276
280
262
226
180
116
43
-23
-85
-138
-194
-242
-278
-336
-400
-444
-476
-511
-551
-563
-565
-578
-576
-567
-568
-561
-546
-521
-500
-476
-428
-387
-336
-273
-189
-99
-27
85
198
274
352
448
538
597
650
716
731
728
733
705
657
593
542
465
374
299
206
116
39
-37
-131
-204
-249
-318
-392
-430
-445
-469
-495
-488
-487
-498
-483
-464
-433
-391
-324
-275
-228
-147
-76
-2
75
134
194
249
302
345
368
407
438
455
464
452
426
400
383
362
332
308
292
257
219
198
181
157
148
126
82
34
4
-26
-65
-104
-145
-177
-216
-254
-302
-328
-345
-348
-348
-335
-304
-267
-230
-192
-132
-69
-13
31
80
124
166
197
213
237
237
241
244
239
238
232
230
230
224
197
161
125
65
3
-41
-87
-143
-193
-248
-323
-382
-444
-501
-542
-584
-599
-605
-604
-577
-553
-537
-513
-479
-456
-449
-425
-395
-355
-303
-256
-205
-154
-94
-48
12
114
208
278
357
450
534
581
621
663
665
656
633
585
529
478
424
339
257
200
132
72
34
-14
-55
-75
-89
-138
-186
-203
-220
-256
-289
-296
-307
-315
-305
-294
-278
-243
-200
-170
-130
-69
-13
48
107
152
187
223
256
283
306
325
338
337
336
317
311
310
321
332
331
341
339
333
328
320
308
281
246
200
144
78
26
-37
-95
-142
-195
-235
-262
-294
-307
-300
-291
-264
-249
-217
-188
-152
-104
-56
1
45
99
152
196
225
256
298
328
353
380
402
429
447
434
406
389
371
334
279
231
173
101
29
-52
-128
-210
-294
-368
-431
-483
-528
-566
-593
-604
-608
-615
-600
-581
-562
-546
-530
-512
-495
-464
-417
-364
-321
-276
-225
-172
-120
-57
-2
53
124
193
269
347
400
434
469
495
505
501
498
479
434
377
315
245
179
110
48
8
-26
-66
-97
-116
-140
-172
-195
-219
-242
-272
-292
-292
-296
-298
-290
-275
-260
-247
-213
-164
-111
-61
-20
22
69
130
193
248
288
328
366
404
442
459
473
485
491
482
468
462
441
420
389
352
326
281
228
167
115
45
-39
-117
-180
-240
-313
-374
-421
-458
-489
-494
-476
-445
-412
-379
-329
-269
-213
-158
-98
-28
40
88
123
161
210
256
294
330
361
385
390
397
387
343
311
273
227
173
108
57
0
-67
-140
-217
-280
-335
-391
-434
-473
-523
-552
-564
-568
-562
-551
-525
-500
-475
-431
-370
-316
-265
-220
-174
-129
-94
-66
-48
-8
34
85
130
172
224
271
311
349
383
414
437
461
477
486
471
453
432
381
324
274
217
155
115
70
22
-23
-57
-94
-133
-162
-186
-204
-226
-244
-259
-275
-276
-283
-286
-269
-269
-258
-243
-213
-163
-110
-45
13
69
127
174
234
290
332
362
387
407
406
391
370
349
315
285
256
231
217
210
197
163
116
62
2
-54
-118
-172
-216
-248
-286
-309
-325
-347
-355
-365
-357
-333
-303
-259
-219
-172
-122
-68
-19
29
84
129
188
240
290
332
364
407
435
435
421
389
364
333
294
250
199
145
78
14
-53
-117
-179
-238
-282
-324
-358
-396
-433
-463
-496
-525
-535
-525
-500
-458
-409
-356
-314
-270
-227
-173
-118
-74
-39
3
37
58
82
108
132
146
161
180
193
207
223
219
235
243
245
242
238
238
224
201
169
126
77
31
-8
-46
-74
-100
-125
-137
-158
-167
-163
-157
-158
-151
-148
-151
-150
-151
-146
-141
-143
-132
-114
-90
-46
-3
52
108
160
192
225
266
302
333
356
374
392
399
400
385
369
357
329
297
272
248
223
204
182
151
110
66
25
-12
-59
-98
-137
-182
-203
-229
-245
-249
-254
-248
-245
-245
-240
-237
-233
-223
-208
-191
-178
-154
-122
-97
-67
-28
-3
31
82
125
166
185
199
196
168
145
109
70
48
24
-11
-59
-101
-138
-175
-217
-262
-289
-301
-317
-315
-312
-309
-304
-308
-314
-299
-273
-234
-192
-154
-112
-69
-22
12
51
91
114
138
158
168
183
190
191
202
199
189
196
196
188
178
176
180
162
137
127
111
80
55
19
-19
-61
-93
-119
-136
-143
-161
-174
-177
-184
-187
-173
-148
-123
-112
-96
-65
-46
-30
-11
7
34
41
56
83
118
151
178
214
256
297
325
353
366
383
401
416
435
435
430
441
434
404
373
347
332
299
260
223
186
153
106
60
10
-30
-77
-133
-170
-201
-230
-257
-270
-283
-298
-314
-318
-315
-323
-320
-312
-298
-287
-268
-238
-216
-192
-182
-163
-133
-108
-95
-79
-62
-53
-45
-35
-29
-32
-46
-57
-79
-103
-131
-158
-180
-197
-218
-243
-250
-258
-266
-269
-263
-236
-216
-200
-180
-153
-119
-106
-89
-75
-60
-39
-26
-9
14
31
49
70
86
108
123
136
148
157
161
170
180
171
174
173
168
163
150
138
117
98
77
61
53
48
40
18
-4
-14
-24
-33
-35
-43
-48
-45
-50
-50
-36
-22
-16
-13
-5
8
23
39
61
79
100
127
154
185
221
252
273
301
323
343
361
382
403
412
411
404
389
371
360
348
332
310
290
260
221
184
145
101
65
21
-30
-68
-111
-156
-205
-255
-294
-331
-358
-371
-389
-400
-414
-418
-411
-400
-378
-369
-371
-368
-369
-361
-355
-345
-322
-307
-282
-258
-233
-213
-185
-158
-145
-114
-74
-44
-21
-9
-2
-8
-13
-13
-4
-15
-13
-11
-15
-8
-3
10
28
48
63
73
75
89
100
107
120
121
131
144
142
144
147
164
180
190
210
223
223
230
228
219
210
198
196
187
167
155
140
123
105
85
67
37
14
-7
-30
-62
-83
-105
-115
-119
-125
-124
-140
-142
-148
-153
-158
-158
-145
-137
-123
-122
-114
-105
-101
-97
-80
-58
-27
9
33
69
106
130
147
161
178
191
201
207
220
221
217
217
209
202
185
172
152
140
120
101
80
50
27
1
-33
-62
-92
-128
-145
-168
-184
-192
-213
-230
-246
-256
-258
-257
-256
-252
-247
-242
-237
-228
-226
-226
-218
-200
-184
-158
-130
-107
-83
-70
-47
-29
-7
22
36
50
71
86
94
113
121
135
140
135
140
130
128
134
133
121
110
99
93
89
83
88
93
102
114
120
128
140
151
159
160
165
168
174
179
171
167
159
152
146
141
147
147
142
125
107
83
59
46
23
9
-12
-35
-47
-64
-78
-99
-124
-150
-166
-178
-193
-210
-221
-231
-245
-253
-259
-252
-246
-238
-225
-219
-210
-197
-187
-167
-160
-151
-128
-104
-80
-66
-41
-8
23
51
76
103
130
147
162
176
182
182
173
165
155
144
144
132
119
109
99
82
65
41
19
-10
-37
-46
-62
-73
-98
-124
-142
-160
-183
-195
-204
-213
-209
-211
-208
-200
-191
-175
-160
-131
-102
-79
-48
-28
-6
17
41
66
87
100
119
136
153
162
168
184
191
195
196
202
207
208
189
179
167
151
140
127
118
98
89
76
60
52
38
33
36
46
60
62
59
57
58
52
60
60
57
51
34
30
25
26
27
18
6
-2
-11
-25
-42
-60
-75
-87
-101
-103
-104
-105
-124
-141
-148
-159
-157
-164
-167
-173
-185
-187
-182
-173
-167
-168
-163
-149
-139
-129
-120
-106
-95
-74
-50
-38
-21
-7
12
30
48
69
91
122
147
169
177
197
216
225
236
233
240
231
215
201
197
183
165
145
116
96
69
40
7
-19
-39
-63
-85
-101
-116
-128
-144
-154
-158
-160
-153
-148
-152
-159
-164
-165
-172
-169
-155
-140
-126
-111
-89
-75
-55
-31
-3
24
44
64
74
84
92
96
99
99
106
102
101
104
99
98
89
89
96
98
95
88
77
62
54
43
32
20
5
-1
-3
1
4
1
2
-2
-10
-22
-21
-23
-23
-25
-27
-24
-27
-23
-21
-21
-22
-26
-31
-29
-40
-41
-52
-67
-77
-84
-79
-78
-74
-78
-76
-77
-75
-76
-82
-80
-90
-98
-99
-106
-106
-118
-125
-127
-127
-119
-105
-84
-67
-56
-47
-31
-10
10
19
28
46
59
70
88
102
108
109
105
107
110
116
125
133
135
141
145
143
142
127
112
105
95
80
61
46
40
26
8
-3
-8
-13
-23
-38
-51
-57
-66
-68
-62
-60
-56
-59
-69
-75
-76
-79
-84
-86
-86
-76
-66
-59
-56
-49
-40
-23
-16
1
18
28
37
42
51
59
63
68
70
69
62
52
41
37
38
26
18
14
11
11
19
27
31
28
23
23
15
3
-5
-12
-23
-31
-41
-51
-56
-63
-77
-77
-68
-56
-45
-36
-32
-35
-37
-31
-20
-8
5
6
8
6
4
0
3
0
3
18
22
33
40
41
39
33
36
40
44
51
50
43
30
24
8
4
2
-3
-8
-11
-11
-18
-23
-26
-23
-18
-11
-3
4
-2
-4
-6
-5
1
2
5
9
15
16
20
22
33
41
35
40
38
41
45
43
51
60
63
53
47
36
24
20
4
-2
-4
-10
-16
-26
-29
-43
-48
-52
-47
-41
-42
-32
-42
-48
-49
-50
-46
-49
-49
-52
-56
-54
-49
-41
-36
-24
-9
3
14
23
32
37
43
42
40
42
43
41
33
29
29
24
29
33
35
34
32
34
33
28
17
7
-4
-16
-21
-27
-32
-44
-59
-73
-80
-83
-86
-88
-81
-70
-55
-54
-40
-27
-22
-15
-7
3
27
49
60
68
71
69
63
65
70
76
76
73
71
66
66
69
72
71
67
58
47
35
19
9
-1
-12
-10
-15
-22
-35
-49
-62
-71
-75
-71
-63
-64
-63
-65
-65
-58
-52
-49
-44
-40
-39
-38
-38
-35
-31
-27
-18
-4
10
22
29
28
31
33
36
47
60
65
61
54
46
36
24
10
-1
-11
-19
-30
-32
-25
-25
-25
-31
-32
-37
-36
-33
-34
-30
-28
-31
-28
-18
-7
2
6
8
16
25
30
39
45
54
63
73
86
90
91
88
81
75
73
72
72
73
62
46
31
16
3
-7
-17
-24
-34
-42
-51
-57
-60
-63
-67
-66
-64
-65
-71
-81
-94
-98
-98
-94
-83
-69
-59
-56
-50
-48
-37
-21
-5
11
29
41
47
50
55
63
70
76
81
80
81
78
70
68
66
67
71
73
69
59
43
25
15
10
3
0
-3
-10
-18
-32
-45
-53
-58
-61
-58
-51
-42
-42
-43
-40
-38
-33
-23
-13
-9
-8
-17
-25
-23
-23
-23
-18
-17
-16
-17
-18
-19
-15
-10
-8
-2
4
13
14
17
19
14
11
10
10
13
14
6
-2
-2
-6
-7
-5
-5
-3
-2
-1
-1
5
11
13
13
15
22
29
38
39
37
37
34
32
33
41
45
48
52
53
52
49
44
39
32
29
21
13
4
-10
-25
-37
-44
-45
-41
-40
-43
-48
-60
-68
-64
-55
-47
-42
-40
-41
-45
-48
-49
-47
-43
-36
-32
-29
-26
-29
-33
-32
-26
-16
-2
10
15
20
19
20
27
40
56
65
73
74
69
64
59
59
61
63
61
58
59
54
47
36
27
22
19
15
6
-6
-21
-35
-43
-46
-42
-42
-47
-53
-62
-67
-67
-65
-58
-50
-43
-39
-32
-24
-18
-13
-11
-10
-7
-4
0
1
2
2
0
-1
1
3
1
-1
-4
-7
-6
-2
1
1
1
-2
-2
2
6
7
7
7
5
4
9
15
22
29
30
30
32
35
35
33
34
35
37
41
43
41
39
33
27
29
34
35
32
25
15
6
2
2
5
7
4
-6
-16
-21
-25
-29
-31
-33
-35
-41
-49
-60
-69
-76
-82
-82
-78
-71
-64
-63
-63
-60
-55
-47
-35
-21
-14
-10
-7
-2
4
14
26
36
47
56
58
59
59
57
56
60
63
68
71
71
66
60
53
48
47
46
39
28
14
7
2
1
0
