20
15
12
8
9
7
4
-5
-14
-17
-18
-14
-17
-22
-32
-37
-36
-27
-16
-16
-18
-24
-21
-24
-24
-24
-26
-27
-23
-10
-5
0
-2
3
13
23
30
31
32
23
18
19
30
35
39
42
43
42
42
50
58
63
60
56
53
53
52
50
55
53
51
52
61
65
62
55
50
50
45
45
44
47
43
46
44
38
30
14
2
-8
-12
-25
-35
-46
-59
-69
-70
-71
-76
-75
-85
-91
-97
-100
-110
-117
-117
-122
-117
-112
-115
-126
-135
-137
-135
-123
-114
-115
-129
-141
-144
-139
-120
-110
-105
-107
-106
-95
-83
-65
-67
-72
-78
-68
-54
-34
-20
-14
-6
-5
15
35
56
63
68
75
90
107
114
126
125
130
134
159
181
193
195
195
195
199
212
217
228
212
204
205
213
219
222
231
226
225
225
225
210
194
180
177
184
174
156
137
115
99
87
86
67
38
8
-8
-14
-28
-44
-72
-91
-119
-128
-127
-131
-143
-165
-174
-185
-192
-209
-222
-243
-266
-287
-302
-320
-353
-373
-380
-384
-377
-375
-374
-378
-373
-369
-370
-372
-390
-387
-386
-359
-353
-325
-308
-271
-176
-82
-2
22
77
80
119
176
230
251
235
256
273
366
401
421
413
420
405
396
440
388
309
223
211
186
164
150
108
86
72
88
93
92
41
-4
-3
24
46
56
71
74
83
128
184
228
247
253
258
258
266
264
257
240
244
261
262
258
237
187
137
100
70
36
5
-36
-86
-118
-137
-154
-161
-161
-186
-202
-198
-179
-163
-148
-129
-119
-101
-85
-68
-48
-30
-42
-37
-33
-37
-44
-50
-48
-61
-76
-109
-147
-190
-228
-264
-288
-325
-378
-431
-467
-480
-499
-517
-548
-585
-617
-631
-650
-659
-697
-696
-727
-626
-405
-169
-53
-13
114
91
209
311
438
356
267
241
257
429
417
464
390
438
392
491
617
519
375
191
227
118
85
-13
-131
-242
-260
-146
-114
-63
-137
-176
-159
-35
40
53
70
66
78
142
286
361
357
363
391
389
401
416
384
306
296
326
317
341
337
272
187
162
138
71
23
-61
-150
-189
-168
-146
-127
-99
-104
-126
-98
-30
-4
10
22
9
23
75
120
135
136
146
166
211
244
241
216
188
171
144
131
109
62
22
9
8
-11
-32
-70
-117
-145
-154
-146
-147
-169
-176
-154
-113
-87
-86
-105
-114
-116
-119
-133
-165
-206
-221
-218
-213
-209
-249
-291
-345
-391
-423
-456
-489
-519
-548
-565
-580
-596
-632
-685
-735
-773
-776
-786
-655
-489
-316
-246
-147
-61
-31
134
247
354
280
269
220
278
377
382
411
380
433
421
576
648
599
458
355
364
280
246
133
44
-54
-19
79
115
122
54
20
45
145
153
140
113
110
130
229
370
394
394
408
451
443
464
459
413
354
380
400
399
422
376
338
300
327
285
236
179
101
15
-38
-53
-110
-133
-167
-170
-178
-147
-124
-128
-102
-91
-98
-108
-91
-96
-120
-105
-84
-106
-100
-95
-100
-106
-103
-104
-131
-135
-140
-143
-136
-120
-136
-173
-183
-197
-216
-221
-221
-244
-276
-297
-317
-326
-319
-335
-359
-381
-389
-399
-388
-392
-394
-406
-423
-424
-433
-432
-444
-463
-475
-475
-410
-310
-168
-64
25
135
201
313
378
466
455
449
434
443
484
459
471
435
471
461
522
539
519
452
348
316
236
182
61
-5
-77
-105
-92
-92
-92
-111
-102
-72
3
49
91
106
147
206
274
341
415
449
456
501
516
493
429
385
313
263
236
184
146
91
54
15
-26
-60
-110
-163
-195
-208
-250
-277
-311
-325
-346
-326
-296
-283
-229
-203
-153
-114
-69
-54
-37
-6
7
28
43
70
71
93
115
123
111
95
77
45
25
13
-4
-45
-81
-125
-157
-149
-137
-139
-136
-132
-134
-151
-145
-130
-120
-126
-132
-139
-159
-160
-169
-184
-188
-180
-195
-201
-220
-251
-291
-313
-335
-377
-399
-416
-434
-453
-470
-486
-508
-539
-568
-603
-620
-637
-638
-609
-534
-448
-356
-263
-166
-62
42
170
249
312
336
353
356
373
417
409
425
437
474
504
524
548
533
509
480
451
390
319
239
160
125
97
80
60
49
39
30
66
86
99
120
155
205
243
298
335
362
385
425
438
421
403
370
357
337
309
248
183
141
114
99
75
35
-44
-95
-112
-108
-107
-128
-162
-209
-220
-205
-193
-197
-207
-202
-180
-123
-74
-62
-63
-58
-34
15
68
79
76
80
82
88
81
83
68
52
61
59
65
36
4
-30
-52
-37
-26
-28
-42
-50
-59
-39
-17
-14
-21
-41
-44
-52
-41
-45
-77
-89
-103
-112
-131
-141
-169
-204
-243
-282
-318
-370
-396
-423
-423
-425
-433
-444
-464
-489
-514
-537
-568
-584
-608
-599
-558
-483
-390
-317
-209
-98
16
143
253
338
382
411
443
479
488
510
515
528
556
564
598
591
587
540
493
445
361
283
192
124
33
-14
-40
-73
-89
-116
-109
-101
-79
-62
-39
-5
21
55
76
115
129
158
193
223
238
222
225
210
204
200
193
179
154
133
104
63
9
-35
-80
-111
-116
-119
-131
-142
-162
-169
-133
-103
-83
-72
-65
-48
-24
23
62
83
88
99
121
142
155
141
141
132
126
131
127
120
87
82
89
91
84
53
27
-9
-24
-41
-40
-55
-84
-85
-85
-59
-51
-54
-75
-93
-92
-89
-97
-128
-148
-174
-176
-172
-179
-198
-248
-279
-320
-362
-394
-423
-450
-475
-485
-495
-499
-502
-508
-519
-544
-566
-579
-577
-580
-574
-540
-469
-387
-289
-164
-71
27
145
271
359
417
479
501
508
534
544
539
525
505
493
498
513
486
419
360
302
243
184
122
34
-53
-116
-148
-172
-195
-206
-219
-217
-179
-120
-69
-24
23
67
132
194
243
257
267
311
320
337
360
359
329
310
286
261
254
238
220
189
164
129
78
39
11
-14
-36
-45
-73
-96
-124
-143
-132
-114
-89
-72
-45
-10
16
54
90
116
125
127
132
118
112
109
90
81
79
65
46
39
32
15
5
0
-14
-16
-16
-11
5
4
24
48
77
91
82
62
31
7
-23
-45
-83
-110
-130
-174
-196
-213
-229
-230
-241
-279
-308
-342
-382
-417
-437
-451
-476
-485
-490
-478
-465
-458
-448
-460
-468
-486
-521
-517
-484
-430
-349
-264
-120
-1
125
303
466
591
669
754
772
755
736
700
634
586
568
509
471
451
416
343
274
238
140
44
-33
-138
-258
-338
-383
-446
-473
-456
-459
-447
-373
-280
-209
-104
17
99
170
252
310
307
329
324
323
337
355
355
315
333
324
319
325
325
273
193
136
45
-47
-141
-192
-279
-315
-318
-348
-337
-313
-240
-223
-116
-14
8
65
102
148
132
171
176
134
132
123
106
84
105
77
42
42
54
29
-8
3
-60
-117
-138
-150
-140
-137
-119
-130
-109
-69
-55
-44
-29
-21
-60
-90
-114
-162
-187
-209
-225
-232
-218
-215
-229
-222
-232
-259
-295
-323
-357
-421
-481
-514
-538
-550
-544
-549
-553
-551
-526
-548
-567
-584
-606
-515
-391
-232
-75
163
383
563
829
1054
1168
1179
1234
1170
1023
928
785
625
470
450
375
321
330
299
181
66
19
-169
-371
-508
-653
-834
-913
-880
-884
-809
-639
-458
-270
-27
194
310
448
576
612
625
671
658
593
593
605
568
547
567
530
462
397
319
183
33
-91
-248
-367
-451
-537
-607
-610
-578
-552
-460
-288
-173
-59
61
195
246
292
474
484
529
559
576
552
493
537
417
379
316
220
106
21
-56
-198
-275
-327
-321
-374
-321
-293
-272
-195
-162
-97
-63
25
34
4
32
9
-15
-16
10
17
23
29
4
-58
-111
-149
-251
-342
-438
-575
-682
-757
-787
-832
-822
-809
-837
-851
-838
-827
-873
-869
-918
-985
-1041
-1032
-1025
-749
-260
106
390
787
1342
1442
1723
2100
2102
1762
1474
1436
973
728
584
369
113
188
309
138
205
166
-108
-571
-630
-797
-1200
-1345
-1338
-1310
-1181
-726
-397
-154
230
544
670
870
1106
1042
898
924
937
864
909
1000
877
786
782
644
416
207
-15
-394
-624
-715
-839
-893
-836
-729
-659
-444
-232
-116
-82
-36
-82
-157
-113
-81
-117
2
261
374
626
814
1048
920
984
1026
689
587
222
28
-322
-404
-454
-605
-520
-433
-372
-367
-197
-240
-293
-347
-313
-335
-351
-178
-176
-29
175
307
398
423
461
298
168
99
-86
-213
-282
-301
-314
-232
-139
-115
-131
-139
-222
-400
-492
-680
-849
-978
-1050
-1081
-1093
-1018
-983
-991
-967
-978
-1049
-1192
-1282
-1380
-1256
-581
-44
353
596
1362
1621
1688
2296
2335
1967
1200
1189
754
335
347
190
-6
-56
395
259
261
251
-59
-756
-1021
-925
-1347
-1480
-1358
-1127
-938
-360
196
359
621
879
832
842
1078
1055
846
861
1053
1056
1164
1340
1125
750
586
330
-91
-378
-516
-817
-994
-812
-656
-546
-291
-71
-90
-1
93
50
-103
-105
-118
-192
28
197
325
389
655
776
756
864
739
615
281
309
105
-98
-51
-216
-205
-251
-132
-290
-356
-382
-454
-510
-472
-369
-430
-313
-211
-39
68
206
298
248
281
236
94
8
-62
-187
-261
-215
-175
-226
-197
-193
-232
-224
-219
-257
-310
-374
-407
-483
-498
-523
-626
-634
-673
-666
-827
-872
-986
-1163
-1240
-1403
-1372
-1556
-1471
-1573
-997
-57
462
822
1086
1938
1583
1874
2306
2217
1493
901
1166
475
559
493
446
-5
215
400
-40
55
-179
-641
-1439
-1180
-1170
-1347
-1195
-842
-588
-312
338
540
591
744
817
640
878
1132
1124
1054
1208
1294
1253
1354
1169
590
79
-189
-574
-844
-916
-891
-979
-770
-454
-241
-70
61
42
-56
14
2
-9
-8
117
131
279
508
576
544
474
380
264
239
272
178
94
157
110
211
268
294
129
-26
-96
-273
-361
-414
-438
-523
-418
-331
-182
-82
35
62
40
113
51
38
6
41
4
22
67
45
-37
-116
-190
-283
-323
-368
-391
-366
-287
-218
-161
-78
-66
-183
-271
-371
-523
-725
-845
-917
-1005
-1005
-1034
-1047
-1094
-1180
-1258
-1419
-1525
-1625
-1764
-1232
-254
568
902
1247
2129
1960
2074
2515
2504
1738
862
948
410
277
308
291
-37
1
216
-57
-132
-347
-772
-1516
-1399
-1196
-1164
-1004
-679
-301
30
554
782
822
847
806
667
917
1207
1333
1323
1352
1376
1287
1210
881
260
-307
-642
-951
-1071
-1046
-890
-814
-636
-344
-144
-41
-32
-130
-212
-130
-54
109
229
393
430
545
682
601
440
229
-1
-229
-108
-27
55
60
245
338
292
510
317
115
-139
-284
-384
-466
-362
-379
-355
-201
-24
59
168
139
46
-27
-13
4
-9
78
134
132
188
183
36
-143
-315
-446
-547
-509
-516
-492
-335
-152
-35
68
138
67
-132
-343
-480
-704
-843
-913
-959
-946
-899
-923
-1004
-1081
-1136
-1233
-1405
-1423
-1488
-1442
-945
103
948
1412
1730
2200
2261
2053
2304
2061
1497
716
591
399
182
323
185
-3
-194
2
-201
-375
-550
-848
-1286
-1324
-914
-782
-621
-390
-10
164
502
749
755
743
789
844
952
1274
1381
1266
1118
1044
838
580
293
-233
-775
-1022
-1086
-1099
-1008
-753
-555
-432
-203
-48
5
-9
17
14
87
282
440
535
573
588
493
415
232
26
-136
-236
-234
-176
37
108
186
211
290
255
132
17
-180
-197
-262
-196
-156
-48
38
61
104
109
73
-25
-75
-108
-21
93
183
227
302
321
259
163
0
-224
-448
-570
-590
-525
-421
-309
-203
-55
51
102
40
-54
-190
-397
-582
-673
-764
-907
-965
-952
-955
-1041
-1072
-1227
-1394
-1530
-1544
-1666
-1651
-1545
-1253
-77
960
1630
1619
2207
2431
1937
2406
2504
1971
795
677
578
103
208
225
-115
-575
-277
-309
-533
-648
-752
-1308
-1467
-914
-587
-435
-248
130
281
656
994
1050
913
889
905
969
1294
1476
1411
1161
1028
859
636
330
-187
-781
-1077
-1132
-1115
-965
-751
-601
-508
-256
13
149
156
113
73
197
332
497
629
636
556
365
251
51
-232
-562
-689
-752
-531
-212
-7
152
213
401
226
371
390
89
-22
-49
11
6
145
192
143
82
119
45
-1
-53
-179
-192
-66
126
172
212
272
240
138
71
-143
-378
-517
-607
-612
-503
-349
-261
-187
-20
74
111
58
-87
-278
-503
-564
-681
-767
-917
-931
-1051
-1089
-1165
-1324
-1308
-1448
-1352
-1539
-1427
-1351
-1158
-347
693
1563
1795
2032
2267
2130
1963
2226
1946
1191
551
420
244
-12
90
-132
-493
-634
-440
-485
-629
-674
-871
-1135
-950
-430
-192
-84
158
420
559
822
1028
974
847
870
948
1092
1313
1333
1096
805
626
467
242
-99
-578
-1028
-1131
-1109
-1000
-814
-644
-465
-308
-12
164
235
213
162
217
346
503
561
578
451
267
75
-43
-244
-510
-702
-746
-661
-508
-181
38
250
278
385
441
391
427
275
198
126
114
101
118
146
57
-55
-102
-120
-110
-92
-62
5
119
218
249
270
223
163
2
-97
-218
-354
-414
-408
-365
-319
-203
-173
-175
-164
-114
-140
-205
-263
-353
-474
-588
-687
-850
-1032
-1165
-1221
-1384
-1476
-1576
-1714
-1733
-1847
-1618
-1667
-1131
331
1253
1874
1750
2657
2372
1894
2521
2357
1890
549
721
281
-28
79
-109
-457
-903
-583
-883
-840
-854
-933
-1453
-1287
-674
-291
36
283
536
560
937
980
1052
952
962
905
1042
1406
1427
1331
971
650
383
288
65
-472
-972
-1063
-1059
-970
-724
-491
-417
-444
-261
19
180
245
249
218
437
639
790
773
658
466
92
-68
-223
-386
-666
-722
-575
-334
25
151
304
203
279
246
131
220
81
78
35
199
243
219
218
95
25
-80
-54
-109
-84
-9
39
125
225
323
267
157
69
-35
-134
-229
-317
-341
-298
-246
-166
-112
-94
-135
-140
-106
-104
-45
-116
-216
-336
-460
-560
-810
-982
-1213
-1352
-1418
-1467
-1531
-1686
-1653
-1681
-1719
-1639
-1618
-1152
128
1301
1872
1783
2465
2359
1808
2286
2435
1891
480
547
387
-55
-67
-81
-378
-1044
-797
-848
-897
-885
-862
-1242
-1299
-578
-36
151
323
621
668
801
987
1144
919
839
877
1041
1331
1468
1412
919
520
209
103
-22
-398
-897
-1086
-1020
-865
-626
-443
-350
-436
-272
43
304
416
429
416
484
643
778
771
561
242
-103
-284
-372
-507
-620
-724
-643
-400
-95
268
214
210
30
151
295
287
549
311
344
223
246
216
74
-64
-313
-297
-245
-28
41
201
248
282
316
329
279
93
-92
-194
-197
-184
-150
-225
-212
-246
-250
-271
-298
-331
-370
-333
-266
-137
-83
-134
-260
-379
-551
-741
-956
-1190
-1301
-1406
-1420
-1417
-1468
-1440
-1478
-1548
-1606
-1487
-1426
-469
914
1820
1881
1990
2550
1661
1813
2243
2167
1050
310
681
-4
49
-40
-131
-899
-1006
-772
-1008
-753
-753
-892
-1336
-737
-123
103
258
488
594
588
871
1066
1163
981
985
1022
1303
1493
1412
1096
527
207
-6
-50
-279
-719
-962
-1008
-868
-635
-416
-325
-331
-282
-94
231
452
524
487
549
680
697
738
572
276
-113
-360
-412
-508
-591
-688
-554
-416
-183
13
61
56
-82
95
158
308
472
474
487
416
459
330
180
10
-151
-259
-223
-70
31
158
241
297
319
335
293
156
62
19
-1
20
-18
-61
-74
-101
-130
-160
-187
-292
-358
-298
-220
-172
-165
-194
-304
-439
-559
-766
-999
-1162
-1243
-1305
-1212
-1198
-1204
-1243
-1276
-1442
-1467
-1464
-1528
-1471
-1215
375
1469
2021
1744
2053
2053
1087
1827
2069
1847
455
453
577
-57
50
-252
-439
-1270
-905
-769
-630
-338
-477
-864
-1084
-318
-74
-27
89
437
375
554
936
1182
1091
851
961
1058
1440
1435
1254
847
507
247
19
1
-284
-736
-1023
-833
-644
-532
-339
-178
-161
-172
36
267
401
493
527
598
690
782
705
467
191
-123
-341
-490
-572
-669
-639
-450
-124
-61
8
-85
-101
-137
-29
404
344
472
346
360
299
163
28
-265
-294
-412
-293
-186
52
68
-12
105
173
202
85
36
33
30
89
124
102
55
-84
-158
-162
-190
-302
-379
-380
-279
-181
-117
-132
-239
-426
-602
-682
-817
-964
-1099
-1086
-1105
-1003
-1037
-1058
-1138
-1293
-1302
-1432
-1250
-1407
-1340
-1262
-555
888
1567
1858
1523
1846
1284
1021
1862
1976
1502
510
816
435
42
71
-203
-586
-1045
-556
-511
-279
-202
-548
-966
-877
-311
-296
-178
67
249
242
587
977
1047
891
815
898
1037
1347
1321
1185
812
395
66
-24
1
-426
-797
-841
-705
-676
-493
-191
-184
-278
-230
4
242
516
654
590
628
705
671
509
358
95
-228
-282
-274
-108
-62
-165
-330
-431
-284
-428
-289
-75
28
120
252
529
474
426
265
143
67
30
84
54
144
119
112
110
129
143
118
148
89
108
200
233
150
110
72
-20
-44
-48
-63
-176
-229
-288
-319
-234
-161
-147
-257
-308
-389
-514
-582
-667
-842
-949
-915
-824
-818
-820
-867
-1008
-1088
-1241
-1274
-1255
-1234
-1207
-1079
-767
-16
973
1479
1440
1405
1622
1217
1153
1819
1999
1343
771
884
443
-112
-170
-134
-460
-663
-349
-273
-290
-384
-655
-953
-905
-545
-383
-124
281
422
426
585
807
790
693
783
904
1058
1278
1390
1235
808
336
-22
-162
-250
-545
-739
-689
-624
-655
-492
-254
-331
-497
-447
-193
16
244
399
427
397
399
400
324
234
72
-80
-84
59
53
-82
-219
-269
-314
-313
-148
-25
20
-1
-31
-60
-25
-1
-68
-80
-44
-12
7
49
63
-48
-100
-74
-41
64
197
248
180
148
198
195
118
53
-6
-53
-76
-103
-140
-179
-292
-373
-351
-284
-193
-196
-167
-162
-222
-327
-464
-557
-664
-756
-746
-697
-718
-750
-893
-950
-1060
-1176
-1257
-1293
-1241
-1210
-1021
-735
172
1024
1407
1308
1413
1475
992
1287
1983
1978
1173
952
919
331
-5
208
149
-293
-211
-59
-127
-246
-358
-843
-1136
-850
-564
-345
-49
293
136
84
235
325
345
478
805
1010
1333
1520
1539
1273
865
448
115
72
-20
-207
-407
-473
-646
-764
-665
-567
-633
-694
-503
-361
-183
29
206
213
152
232
380
477
501
464
417
295
156
108
72
-68
-150
-23
76
105
55
-2
-173
-302
-331
-279
-173
-65
-18
-56
-49
-113
-140
-185
-144
-97
-64
90
235
380
323
239
152
100
159
203
271
244
188
64
-104
-252
-352
-424
-489
-447
-322
-246
-208
-206
-251
-334
-458
-522
-548
-514
-547
-574
-571
-639
-710
-826
-890
-964
-1062
-1136
-1133
-1107
-1088
-995
-823
-162
680
1255
1248
1238
1317
950
986
1543
1789
1092
694
735
381
-86
-22
197
-261
-400
-157
-42
-185
-231
-330
-658
-530
-238
-20
72
341
379
182
278
429
482
480
718
855
879
961
1031
846
474
227
25
-28
-21
-57
-188
-299
-398
-507
-463
-300
-200
-262
-178
-72
-26
48
161
187
48
27
128
152
63
77
29
-128
-249
-210
-150
-192
-86
102
184
131
104
34
-59
-90
-60
13
73
152
158
100
25
-78
-166
-179
-142
-105
-52
-5
24
59
63
81
104
143
217
275
326
290
150
22
-133
-266
-319
-286
-269
-320
-327
-297
-302
-347
-381
-447
-535
-583
-565
-544
-566
-640
-718
-757
-760
-767
-833
-868
-939
-1014
-1103
-1059
-1000
-966
-851
-565
109
731
1107
965
921
923
765
970
1472
1683
1048
755
650
270
-156
-60
230
-79
-30
267
356
24
-182
-200
-425
-347
-131
110
197
366
431
322
322
266
215
294
610
778
840
912
930
730
454
362
235
196
180
205
180
136
0
-181
-157
-134
-159
-225
-147
-114
-135
-15
88
61
-26
-18
24
37
37
22
-26
-106
-117
-83
-12
36
113
234
257
195
84
54
5
-38
-34
28
51
16
48
34
-61
-208
-288
-352
-365
-299
-226
-160
-99
3
79
128
150
181
206
213
214
159
63
-58
-154
-207
-240
-247
-286
-329
-334
-299
-281
-300
-343
-447
-568
-632
-591
-587
-578
-531
-519
-529
-610
-687
-783
-831
-825
-790
-738
-722
-688
-697
-638
-579
-426
-42
348
554
567
713
727
623
719
967
1002
701
658
701
595
434
540
682
502
427
475
494
255
62
77
54
-18
-79
1
1
6
63
127
113
7
20
111
280
382
516
595
540
424
301
311
295
288
305
383
447
383
336
323
298
166
28
-20
-69
-88
-80
-30
-63
-195
-270
-349
-397
-465
-465
-449
-360
-220
-130
-45
14
103
95
144
193
222
226
221
239
252
285
214
138
77
27
-69
-146
-188
-271
-303
-306
-252
-233
-210
-153
-84
-1
60
146
164
161
144
107
82
10
-32
-62
-32
-18
-37
-44
-44
-57
-128
-142
-177
-254
-339
-361
-371
-385
-375
-390
-443
-525
-597
-668
-698
-714
-711
-711
-694
-699
-716
-703
-700
-714
-695
-602
-458
-242
-56
-8
-68
-110
-104
-29
104
259
349
401
502
655
790
776
782
826
900
957
1053
1102
937
745
633
601
487
409
332
194
108
73
76
-33
-138
-204
-203
-142
-87
-57
-131
-202
-242
-210
-134
-51
21
82
193
292
351
367
368
302
239
230
261
288
291
263
171
66
-51
-125
-175
-218
-248
-231
-176
-142
-99
-80
-90
-152
-173
-130
-83
-38
-53
-29
-9
15
45
71
76
13
-10
-11
10
-27
-62
-46
-2
42
76
135
144
144
159
226
219
106
15
-4
-18
-75
-83
-69
-96
-177
-199
-167
-229
-322
-336
-297
-320
-389
-427
-445
-467
-478
-491
-491
-481
-530
-580
-556
-512
-531
-557
-552
-578
-653
-698
-710
-753
-759
-694
-566
-378
-186
-104
-113
-131
-105
-46
64
219
314
382
480
641
749
764
754
773
802
842
941
999
911
723
625
576
454
340
281
209
94
49
48
-38
-180
-283
-257
-187
-141
-120
-83
-47
-57
-16
62
151
165
215
355
464
445
403
437
408
328
270
262
210
169
172
157
70
-79
-187
-258
-252
-268
-278
-224
-155
-118
-50
59
49
-52
-89
-18
11
4
46
95
103
96
140
158
73
-19
-34
-2
8
12
50
99
118
110
138
163
159
152
187
251
218
125
59
8
-73
-149
-157
-166
-215
-256
-222
-189
-240
-296
-279
-231
-249
-251
-227
-258
-321
-351
-316
-292
-324
-377
-382
-383
-443
-512
-551
-581
-659
-720
-702
-698
-761
-808
-731
-651
-596
-456
-277
-213
-263
-225
-122
-23
69
219
366
441
517
618
716
733
709
749
841
910
930
948
906
763
603
536
497
373
236
138
95
9
-64
-115
-176
-234
-281
-231
-194
-183
-180
-94
24
59
100
190
271
264
298
369
355
270
240
287
283
242
224
205
158
80
38
-5
-74
-160
-187
-97
-66
-74
-50
20
46
31
82
56
-17
-51
-22
11
26
36
10
-8
-43
-76
-84
-53
-63
-75
-35
16
43
44
94
121
129
135
164
175
142
126
109
69
-20
-110
-172
-223
-271
-294
-266
-232
-190
-165
-139
-123
-108
-93
-84
-70
-111
-154
-172
-194
-222
-248
-285
-384
-484
-539
-586
-620
-613
-608
-640
-668
-673
-676
-662
-644
-636
-630
-621
-572
-507
-434
-321
-209
-162
-182
-130
-31
76
226
409
527
542
595
650
713
746
791
831
884
935
917
927
851
689
513
451
387
279
225
171
138
72
50
-7
-85
-148
-151
-66
3
69
100
118
84
46
50
98
137
131
151
192
208
182
167
151
119
96
103
123
104
84
98
117
132
133
157
150
117
96
104
110
51
-12
-61
-92
-119
-101
-77
-105
-138
-150
-124
-102
-71
-32
-24
-4
21
63
101
127
142
128
150
175
166
110
85
70
12
-64
-127
-189
-248
-257
-227
-181
-150
-138
-147
-148
-151
-173
-206
-207
-174
-161
-153
-147
-159
-209
-275
-336
-408
-469
-518
-506
-495
-516
-542
-557
-566
-600
-603
-600
-594
-596
-552
-499
-483
-492
-508
-489
-460
-348
-224
-85
-27
-11
64
164
286
375
496
542
552
562
592
644
636
650
635
677
674
668
662
590
473
342
312
244
214
196
194
148
95
77
45
32
-34
-44
-28
23
25
22
53
26
-28
-38
55
100
117
147
168
164
143
164
154
103
61
98
181
259
289
277
262
218
204
203
228
197
159
139
93
23
-62
-117
-185
-189
-174
-141
-123
-108
-97
-101
-83
-94
-66
-16
71
133
187
214
212
215
177
131
52
-4
-68
-91
-92
-111
-153
-207
-192
-178
-153
-149
-147
-153
-164
-150
-140
-120
-102
-84
-77
-75
-103
-178
-265
-318
-355
-385
-396
-402
-415
-442
-454
-466
-497
-524
-513
-476
-425
-384
-362
-355
-360
-348
-334
-322
-322
-311
-284
-252
-227
-215
-189
-136
-45
66
141
166
165
200
257
352
436
477
481
459
444
402
393
362
339
335
358
377
367
354
257
190
157
140
126
143
156
117
97
70
17
-46
-47
-79
-122
-99
-68
-53
-65
-43
-73
-83
-22
58
119
132
158
161
203
259
303
302
288
291
308
364
372
331
281
258
223
187
168
121
53
16
31
47
39
21
-1
-29
-42
-45
-44
-45
-40
-31
17
60
69
47
11
-28
-91
-141
-162
-136
-104
-87
-84
-71
-57
-52
-53
-67
-94
-104
-96
-83
-56
-41
-39
-58
-80
-90
-122
-163
-192
-193
-179
-173
-172
-198
-237
-270
-303
-327
-331
-331
-324
-308
-270
-259
-266
-258
-235
-214
-216
-205
-182
-154
-148
-119
-88
-72
-77
-62
-40
-52
-63
-66
-32
18
40
54
72
48
22
13
28
24
38
80
95
82
52
39
34
49
79
107
130
130
126
155
184
180
186
208
231
225
228
213
178
146
147
185
198
180
139
130
106
101
106
114
124
113
139
162
186
179
206
244
255
267
276
276
237
202
198
191
168
167
189
199
177
162
156
145
129
103
88
69
53
51
80
97
76
41
-12
-62
-129
-196
-261
-303
-330
-330
-288
-279
-300
-336
-344
-330
-302
-257
-223
-188
-149
-130
-121
-116
-136
-145
-121
-106
-100
-90
-92
-130
-175
-190
-204
-225
-226
-242
-237
-240
-239
-216
-193
-174
-177
-166
-160
-167
-174
-178
-175
-162
-127
-76
-31
-7
4
19
40
61
92
130
177
220
258
288
306
324
304
271
242
217
190
176
172
128
76
26
-4
-51
-93
-117
-145
-157
-162
-136
-125
-140
-159
-185
-189
-200
-180
-158
-154
-147
-143
-157
-166
-157
-159
-143
-116
-82
-55
-19
26
66
107
127
159
184
199
203
208
205
192
195
216
211
192
169
154
157
175
200
217
226
242
256
265
282
278
276
283
292
292
281
263
244
181
114
69
29
-10
-42
-50
-65
-85
-113
-137
-169
-186
-199
-202
-177
-147
-127
-113
-107
-129
-143
-134
-124
-134
-138
-129
-127
-128
-113
-109
-130
-127
-114
-95
-78
-66
-66
-87
-93
-89
-84
-97
-103
-101
-91
-81
-81
-84
-92
-75
-40
-9
28
61
89
112
141
174
192
210
226
256
262
273
286
275
253
237
239
218
215
230
250
241
211
170
118
92
60
36
20
-17
-37
-46
-58
-94
-144
-182
-216
-230
-225
-199
-192
-198
-192
-186
-209
-233
-222
-230
-237
-224
-194
-164
-135
-116
-94
-96
-102
-101
-87
-73
-73
-56
-47
-34
-27
-19
-19
-20
-5
17
62
108
146
161
169
178
188
194
187
194
198
212
240
260
252
224
206
181
139
113
107
93
67
58
53
23
-19
-54
-76
-102
-106
-103
-93
-97
-105
-107
-121
-133
-145
-126
-88
-59
-36
-17
-13
-17
-11
-5
-14
-11
-13
-18
-20
-21
-32
-48
-50
-45
-45
-51
-59
-77
-77
-58
-30
-16
-5
1
1
6
4
-9
-19
-2
18
30
40
53
64
79
100
136
161
170
181
179
187
193
196
201
205
186
157
135
100
57
24
3
-18
-36
-50
-66
-88
-101
-107
-122
-133
-130
-116
-116
-121
-129
-147
-188
-210
-217
-214
-202
-202
-187
-186
-177
-162
-127
-96
-83
-77
-79
-74
-70
-56
-40
-41
-55
-70
-74
-85
-100
-87
-63
-43
-6
34
64
73
67
62
82
117
138
165
182
188
174
152
140
121
93
84
96
102
101
93
71
47
21
2
1
6
-15
-28
-23
-37
-60
-74
-68
-62
-70
-61
-46
-39
-39
-46
-34
-34
-30
-25
-21
-11
-20
-20
-17
-3
4
5
20
13
-6
-18
-17
-21
-35
-37
-27
-24
-18
-14
-6
-15
-21
-25
-31
-31
-37
-27
-7
12
18
28
34
36
46
53
63
78
94
106
123
151
163
157
150
141
125
113
127
136
125
94
63
35
3
-4
-5
-6
-21
-24
-28
-51
-69
-89
-92
-94
-92
-92
-95
-90
-84
-62
-45
-23
-13
-16
-15
-21
-32
-42
-53
-51
-34
-27
-25
-31
-35
-43
-41
-28
-6
18
29
43
32
22
19
19
27
35
59
71
61
45
42
31
26
43
60
70
70
70
63
40
19
9
14
17
11
0
-20
-41
-59
-54
-50
-45
-48
-56
-67
-86
-93
-106
-102
-94
-81
-76
-76
-86
-101
-86
-67
-40
-23
-12
-4
2
6
10
20
14
12
14
22
14
11
12
10
9
22
36
34
27
12
9
2
2
16
15
6
-6
-20
-32
-28
-21
-20
-21
-20
-14
-19
-25
-20
1
17
32
60
74
54
33
21
13
9
12
15
7
-15
-42
-58
-79
-88
-84
-73
-64
-55
-49
-52
-53
-42
-29
-12
4
11
7
-6
-20
-29
-37
-35
-28
-23
-23
-24
-26
-31
-27
-14
19
57
81
105
128
133
120
128
135
137
139
143
139
124
119
116
114
106
104
111
115
111
106
99
84
79
74
71
63
50
30
18
4
-15
-33
-46
-54
-60
-61
-72
-79
-87
-93
-87
-75
-69
-65
-78
-86
-92
-104
-108
-113
-115
-110
-101
-100
-99
-100
-103
-100
-86
-67
-57
-47
-40
-37
-39
-42
-39
-34
-24
-11
0
5
7
17
28
29
33
40
45
40
37
38
33
30
39
44
38
28
23
26
28
32
38
46
45
45
50
52
43
42
55
59
62
58
43
24
5
-2
-11
-20
-31
-42
-50
-64
-79
-91
-99
-100
-91
-92
-95
-103
-110
-114
-114
-101
-92
-86
-91
-89
-91
-99
-100
-98
-92
-86
-73
-63
-53
-42
-23
-1
14
29
48
60
62
79
101
112
116
123
129
134
134
133
136
144
153
161
164
149
133
116
103
99
99
104
104
93
75
53
33
18
6
9
16
18
15
5
-2
-12
-21
-21
-17
-13
-13
-26
-39
-46
-50
-46
-37
-25
-19
-16
-18
-15
-15
-14
-13
0
17
17
13
2
-7
-21
-29
-31
-32
-33
-35
-34
-41
-49
-60
-62
-57
-52
-45
-40
-35
-33
-31
-37
-47
-52
-58
-55
-57
-55
-54
-54
-50
-38
-25
-23
-16
-3
18
30
39
47
52
54
55
60
55
51
46
41
36
27
19
11
3
2
-3
-8
-11
-14
-14
-13
-11
-6
-8
-20
-29
-37
-49
-60
-57
-58
-63
-65
-64
-61
-58
-55
-49
-39
-33
-25
-17
-15
-12
0
10
14
14
21
21
17
19
31
39
40
40
44
49
46
49
48
54
63
76
78
72
68
58
43
28
21
17
14
12
13
11
4
1
5
9
15
15
19
18
8
9
11
11
12
15
17
12
2
-3
-9
-10
-5
2
12
13
11
4
-5
-6
-9
-9
-7
-4
-4
-7
-15
-28
-37
-44
-46
-38
-25
-14
-7
-8
-10
-10
-15
-16
-14
-14
-14
-13
-8
-8
-11
-14
-10
-4
1
8
11
14
10
14
29
35
39
44
49
48
45
45
43
39
38
41
39
34
26
16
4
-2
0
3
8
8
8
5
-1
