-79
-86
-87
-103
-109
-94
-91
-83
-84
-80
-84
-86
-65
-66
-64
-59
-59
-58
-55
-44
-40
-42
-41
-34
-28
-25
-19
-10
-5
0
15
23
38
48
49
56
62
64
64
77
87
84
89
101
111
124
144
160
176
183
180
185
208
344
484
524
556
492
443
477
528
551
429
271
35
-158
-176
-132
-70
-106
-168
-281
-361
-281
-250
-194
-263
-349
-458
-526
-389
-390
-238
-281
-260
-208
-220
-58
-94
26
-67
-96
-87
-146
-88
-151
-65
-124
-190
-177
-292
-352
-396
-378
-379
-441
-395
-450
-453
-422
-361
-254
-284
-214
-212
-150
-67
-28
91
104
158
206
284
405
438
550
594
589
624
644
693
686
721
722
688
661
613
555
457
403
339
295
251
186
139
48
-42
-53
-73
-125
-164
-181
-176
-208
-198
-193
-222
-213
-170
-133
-129
-131
-133
-145
-135
-122
-119
-92
-80
-65
-73
-77
-96
-156
-183
-210
-241
-279
-290
-318
-337
-375
-404
-412
-455
-490
-555
-593
-632
-688
-691
-719
-712
-685
-680
-623
-612
-561
-522
-486
-416
-367
-261
-177
-82
-4
103
235
333
449
527
615
668
725
817
865
890
901
906
914
870
817
764
736
662
562
500
390
309
218
157
84
-9
-70
-146
-188
-253
-281
-299
-303
-267
-223
-170
-132
-52
24
97
194
264
348
380
441
508
536
593
618
659
666
659
651
633
582
527
464
392
325
224
162
85
27
-71
-154
-197
-294
-347
-410
-448
-446
-470
-452
-437
-427
-402
-374
-321
-287
-256
-245
-212
-149
-129
-98
-76
-77
-83
-85
-80
-95
-154
-208
-273
-362
-460
-547
-675
-772
-952
-1100
-1264
-1467
-1577
-1848
-1545
-1213
-1038
-1140
-935
-272
-531
-363
220
544
289
-49
727
774
688
1069
1427
1631
1342
1847
2089
1856
1831
1497
1254
871
754
635
210
110
-147
-318
-466
-616
-724
-1055
-1242
-1420
-1452
-1487
-1508
-1447
-1385
-1130
-854
-510
-357
-252
-76
9
201
294
443
631
689
894
1051
1370
1524
1477
1519
1445
1408
1178
1063
951
696
556
495
497
412
318
295
157
99
51
-61
-162
-332
-354
-411
-379
-302
-264
-185
-159
-56
23
54
84
74
37
36
65
124
135
146
215
250
280
286
264
225
100
68
38
-20
-50
-138
-112
-150
-179
-176
-249
-286
-376
-449
-504
-606
-668
-772
-874
-904
-996
-1012
-1140
-1239
-1363
-1614
-1651
-1974
-1811
-1481
-1298
-1238
-1150
-323
-427
-351
220
632
518
-31
684
801
543
686
1145
1399
1017
1458
1965
1779
1599
1477
1319
770
462
384
-172
-454
-629
-661
-945
-1026
-860
-1094
-1343
-1427
-1313
-1517
-1691
-1505
-1422
-1323
-1021
-550
-289
-204
245
528
669
726
917
1089
958
1072
1235
1438
1476
1554
1708
1693
1693
1632
1511
1278
997
781
523
316
126
-26
-159
-232
-191
-185
-178
-210
-229
-284
-294
-301
-303
-290
-277
-172
-125
18
122
219
324
412
539
585
593
570
529
547
516
505
487
439
399
305
244
167
49
-83
-250
-348
-434
-538
-593
-621
-649
-708
-726
-703
-744
-800
-853
-895
-991
-1065
-1151
-1174
-1303
-1400
-1458
-1569
-1595
-1812
-1393
-1170
-1043
-1126
-687
-76
-403
26
580
937
465
468
1277
1000
753
987
1462
1350
1114
1815
2006
1773
1737
1730
1583
1045
957
586
1
-181
-374
-586
-910
-754
-753
-1078
-1066
-874
-909
-1256
-1208
-1021
-1203
-1169
-857
-519
-577
-378
170
355
496
661
982
985
944
1135
1183
1228
1242
1321
1374
1373
1435
1348
1190
1085
915
693
435
279
65
-241
-405
-499
-579
-733
-698
-623
-639
-621
-571
-487
-594
-535
-480
-478
-449
-391
-209
-224
-88
65
164
269
345
522
553
572
610
540
498
423
384
334
215
189
94
2
-48
-93
-177
-299
-359
-400
-480
-498
-525
-530
-584
-581
-565
-582
-581
-618
-623
-677
-692
-730
-792
-830
-892
-913
-1020
-1133
-1219
-1410
-1134
-997
-942
-997
-630
-239
-504
-87
404
518
49
225
808
397
157
520
859
588
564
1315
1446
1225
1358
1500
1391
1018
1023
675
223
77
-124
-345
-535
-387
-503
-701
-459
-240
-342
-527
-329
-259
-569
-463
-192
-129
-338
-117
306
348
471
699
928
937
978
1112
1127
1123
1064
954
960
953
887
715
692
720
547
410
364
316
24
-162
-211
-290
-500
-630
-594
-614
-645
-630
-506
-452
-412
-357
-254
-152
-120
-107
-78
-7
6
-7
40
110
139
156
260
383
403
382
397
375
264
140
71
-25
-210
-384
-446
-489
-572
-620
-600
-549
-557
-545
-497
-451
-481
-586
-590
-593
-650
-731
-759
-676
-701
-694
-746
-698
-774
-908
-992
-1171
-932
-949
-901
-970
-582
-282
-505
-49
401
545
198
454
948
538
320
626
800
505
442
1064
1109
946
1168
1359
1299
1052
1107
826
437
250
38
-265
-472
-491
-659
-815
-622
-498
-621
-604
-350
-244
-446
-266
-39
-62
-207
-5
247
165
244
477
640
633
777
991
1049
1079
1171
1170
1147
1094
1036
842
740
687
466
320
277
297
101
0
34
-51
-245
-348
-271
-327
-505
-534
-472
-494
-542
-464
-318
-292
-231
-99
57
142
144
189
230
277
251
237
277
289
256
233
309
353
273
196
209
197
97
-19
-54
-163
-318
-415
-421
-470
-574
-600
-588
-537
-532
-519
-500
-485
-520
-560
-565
-618
-719
-817
-860
-932
-1066
-1151
-1233
-1295
-1502
-1400
-1159
-1191
-1236
-1025
-532
-648
-555
-12
198
-31
-19
607
531
197
480
839
694
586
1079
1370
1126
1275
1589
1535
1320
1359
1307
857
700
594
273
-44
-101
-223
-526
-506
-368
-471
-581
-412
-244
-421
-362
-102
-102
-280
-207
47
-46
-93
134
319
299
378
626
728
732
828
918
912
877
838
747
663
643
515
344
327
293
122
-28
18
-15
-233
-286
-216
-219
-348
-358
-272
-313
-359
-306
-230
-212
-226
-156
-39
67
137
151
251
336
349
316
378
429
324
266
330
365
264
189
249
249
168
117
136
101
-64
-113
-127
-191
-308
-357
-346
-417
-477
-505
-498
-511
-562
-574
-585
-590
-657
-720
-733
-779
-882
-1056
-1114
-1235
-1401
-1606
-1573
-1338
-1432
-1396
-1166
-675
-712
-636
11
283
121
97
684
704
316
500
911
747
610
958
1398
1243
1348
1715
1717
1601
1506
1489
1087
844
631
223
-93
-185
-386
-683
-712
-535
-668
-769
-553
-384
-530
-561
-218
-213
-416
-384
-100
-128
-229
-7
176
185
274
484
634
658
771
840
867
980
957
843
758
769
599
327
301
248
16
-159
-108
-101
-285
-301
-204
-199
-277
-215
-156
-189
-253
-201
-168
-193
-165
-164
-111
-65
31
90
148
267
314
295
370
442
438
355
384
420
269
193
182
160
24
-47
-18
-35
-101
-105
-120
-143
-200
-225
-249
-301
-357
-457
-498
-515
-525
-579
-581
-545
-576
-611
-630
-631
-758
-881
-963
-1104
-1273
-1445
-1242
-1256
-1294
-1228
-834
-669
-745
-308
94
94
-13
386
634
340
268
639
577
400
515
938
890
836
1141
1246
1234
1172
1256
1034
833
713
424
83
-51
-250
-530
-688
-558
-622
-754
-560
-342
-314
-386
-54
79
-13
-36
195
258
126
196
341
345
375
523
631
734
832
971
974
1125
1153
1044
968
957
834
519
417
359
128
-132
-138
-139
-299
-371
-264
-239
-294
-253
-183
-180
-219
-198
-231
-281
-262
-307
-339
-297
-235
-248
-286
-115
-8
-50
19
168
224
110
129
220
100
-35
-66
-79
-217
-354
-350
-352
-374
-365
-329
-292
-264
-260
-243
-213
-197
-264
-333
-327
-329
-431
-503
-493
-510
-594
-613
-593
-618
-713
-773
-829
-916
-1014
-1184
-1059
-1059
-1105
-1142
-866
-658
-760
-424
21
123
91
413
814
667
599
945
936
825
832
1152
1138
1025
1268
1345
1350
1361
1445
1332
1180
1115
872
529
392
173
-147
-382
-332
-426
-652
-558
-369
-359
-450
-164
41
-78
-99
118
148
-28
-26
96
38
14
103
153
198
280
397
400
534
618
550
519
571
511
282
197
168
-23
-236
-247
-261
-408
-469
-363
-320
-337
-212
-115
-51
-19
70
87
24
54
-13
-105
-111
-78
-107
-176
-46
70
18
111
250
323
259
300
441
345
244
209
177
38
-80
-85
-126
-189
-186
-173
-164
-133
-109
-99
-99
-65
-110
-177
-215
-242
-367
-473
-507
-530
-604
-657
-630
-662
-736
-790
-828
-909
-996
-1178
-1118
-1065
-1171
-1232
-1067
-833
-934
-711
-244
-117
-131
113
536
473
338
666
784
658
665
926
993
836
1038
1210
1185
1212
1265
1235
1097
1065
940
635
492
335
44
-208
-235
-322
-579
-571
-397
-390
-488
-306
-51
-95
-96
118
216
110
73
198
143
53
65
78
83
114
197
229
308
433
433
427
538
562
423
303
307
169
-72
-167
-178
-301
-447
-400
-319
-364
-316
-203
-107
-60
-8
51
45
98
63
12
1
-7
-70
-175
-107
-65
-122
-75
52
148
119
171
318
295
241
243
281
179
42
9
-49
-152
-228
-225
-199
-203
-163
-112
-67
-37
-67
-80
-102
-122
-224
-349
-417
-478
-608
-750
-772
-821
-923
-1033
-1035
-1091
-1212
-1335
-1323
-1153
-1282
-1307
-1146
-870
-859
-829
-339
-133
-167
-45
405
545
374
586
879
816
790
983
1215
1136
1178
1393
1383
1403
1379
1344
1202
1077
963
662
454
344
63
-205
-326
-327
-540
-690
-553
-522
-574
-517
-253
-200
-250
-99
65
39
-39
58
101
43
38
70
92
151
228
263
358
501
559
506
591
662
551
433
436
375
156
18
-34
-123
-249
-276
-230
-242
-253
-174
-90
1
44
88
114
131
148
73
46
20
-20
-90
-113
-33
-56
-75
21
130
168
190
330
406
369
366
385
351
242
163
117
6
-68
-125
-168
-181
-194
-161
-138
-55
-25
-61
-66
-59
-102
-214
-280
-317
-431
-567
-641
-696
-819
-932
-987
-1050
-1182
-1281
-1350
-1393
-1249
-1294
-1318
-1245
-975
-917
-943
-478
-218
-266
-177
281
484
285
452
824
748
708
926
1185
1088
1076
1353
1347
1315
1317
1317
1166
1041
962
692
456
351
115
-185
-309
-287
-496
-693
-556
-470
-597
-577
-256
-176
-270
-122
121
85
18
154
191
83
94
185
173
219
324
355
382
560
689
652
692
811
752
588
598
588
378
179
168
93
-97
-175
-140
-173
-252
-141
-72
-76
-77
-30
-16
-68
-20
-34
-119
-124
-136
-176
-240
-193
-152
-224
-127
-15
42
59
154
290
271
298
344
302
219
151
115
2
-106
-163
-217
-260
-271
-254
-265
-248
-205
-215
-255
-250
-260
-332
-398
-433
-511
-651
-737
-812
-943
-1087
-1144
-1214
-1349
-1409
-1476
-1388
-1321
-1343
-1270
-1065
-826
-821
-607
-177
-66
-65
180
588
583
492
788
939
832
896
1166
1254
1154
1294
1466
1410
1444
1438
1303
1151
1073
906
528
352
204
-128
-389
-419
-476
-748
-787
-599
-586
-640
-446
-188
-196
-181
47
151
70
93
181
106
72
117
129
131
244
337
348
469
644
672
669
791
844
691
589
608
453
205
85
41
-138
-313
-343
-329
-376
-382
-315
-258
-233
-189
-147
-137
-108
-115
-141
-176
-171
-205
-262
-232
-224
-227
-187
-62
69
131
245
379
438
473
517
528
472
397
361
249
147
70
-15
-78
-125
-129
-134
-133
-113
-98
-84
-68
-84
-110
-160
-200
-274
-406
-519
-630
-740
-872
-969
-1003
-1097
-1175
-1236
-1247
-1362
-1360
-1151
-1197
-1217
-1043
-730
-724
-676
-206
-23
-46
128
553
644
504
768
1010
903
929
1149
1269
1174
1268
1453
1349
1355
1364
1256
1080
965
882
541
326
220
-54
-331
-417
-418
-647
-772
-610
-548
-641
-553
-292
-229
-270
-102
35
-37
-75
-14
-29
-95
-44
-40
-79
-1
120
162
242
442
541
509
591
699
634
507
501
439
229
80
27
-66
-214
-251
-241
-269
-271
-231
-152
-129
-52
26
32
77
71
56
-11
-4
1
-111
-106
-66
-61
-83
-49
82
100
159
282
334
373
378
416
369
286
253
148
47
-13
-98
-175
-243
-223
-244
-267
-188
-128
-113
-94
-44
-49
-114
-165
-218
-342
-474
-577
-686
-807
-940
-1014
-1129
-1226
-1293
-1363
-1418
-1395
-1249
-1249
-1193
-1018
-786
-754
-647
-218
-43
-43
123
511
596
490
724
931
855
875
1078
1217
1149
1231
1394
1348
1327
1318
1236
1086
982
849
542
350
227
-65
-327
-418
-466
-670
-754
-600
-549
-628
-540
-311
-270
-299
-155
-42
-130
-148
-95
-127
-170
-130
-112
-132
-40
69
86
192
400
493
492
601
740
680
588
610
552
369
235
193
84
-74
-131
-153
-203
-209
-168
-93
-55
2
69
45
77
83
54
23
-4
-2
-117
-154
-116
-128
-122
-86
8
53
96
232
309
354
403
415
426
375
348
280
193
128
22
-59
-92
-115
-145
-155
-100
-57
-60
-26
1
-20
-71
-106
-163
-262
-383
-481
-615
-763
-908
-1024
-1108
-1179
-1262
-1297
-1319
-1345
-1386
-1386
-1188
-1193
-1185
-1068
-809
-734
-731
-335
-104
-79
53
466
675
597
781
1079
1061
1075
1263
1419
1351
1352
1525
1454
1416
1425
1353
1185
1070
1001
711
463
370
156
-139
-289
-303
-485
-666
-609
-563
-675
-659
-446
-391
-459
-361
-205
-258
-272
-184
-181
-232
-183
-108
-133
-69
84
129
195
370
495
499
566
707
692
611
614
575
431
296
290
200
46
-13
-43
-113
-169
-168
-169
-167
-149
-93
-103
-82
-66
-95
-92
-80
-71
-139
-162
-104
-146
-199
-155
-84
-55
-38
85
164
182
257
332
371
361
355
322
260
221
172
112
64
12
-41
-55
-27
-15
-52
-47
-13
-33
-53
-59
-92
-196
-303
-393
-508
-650
-802
-892
-1002
-1106
-1206
-1260
-1279
-1331
-1339
-1366
-1291
-1151
-1131
-1079
-919
-724
-689
-588
-246
-90
-45
149
472
605
577
808
1027
1039
1101
1276
1394
1357
1389
1477
1410
1358
1315
1172
1012
902
776
508
335
219
-25
-261
-340
-396
-584
-699
-613
-596
-678
-635
-476
-460
-512
-413
-319
-346
-350
-274
-238
-228
-165
-97
-71
35
169
223
317
464
555
564
637
726
678
598
598
581
445
329
291
193
54
-16
-52
-113
-167
-166
-176
-193
-172
-169
-170
-164
-142
-142
-165
-153
-167
-211
-239
-231
-241
-263
-221
-140
-111
-63
43
128
187
266
355
405
417
448
435
381
332
286
219
149
127
80
40
52
83
86
83
106
97
52
22
-1
-75
-194
-292
-405
-536
-680
-776
-875
-973
-1032
-1079
-1104
-1143
-1132
-1153
-1134
-975
-914
-896
-790
-583
-478
-454
-156
77
109
224
508
719
671
795
1013
1015
1046
1165
1274
1239
1211
1291
1236
1179
1161
1046
878
764
668
389
146
64
-131
-394
-531
-553
-680
-851
-819
-767
-823
-803
-667
-589
-617
-546
-444
-433
-393
-301
-244
-184
-54
40
68
175
337
412
482
635
758
758
805
912
909
826
801
787
665
544
478
390
255
173
127
57
0
-24
-44
-67
-32
-23
-64
-71
-81
-99
-162
-176
-163
-240
-298
-294
-283
-310
-315
-234
-189
-156
-66
24
95
139
195
224
227
248
207
150
137
87
7
-67
-96
-123
-158
-133
-91
-84
-88
-75
-70
-97
-119
-149
-208
-297
-391
-498
-619
-714
-798
-884
-943
-967
-987
-1031
-1050
-1017
-1000
-1011
-902
-773
-762
-707
-538
-392
-366
-220
58
171
212
421
665
720
756
971
1102
1094
1185
1310
1335
1280
1312
1309
1216
1172
1082
928
771
667
489
231
107
-17
-259
-439
-495
-564
-725
-793
-737
-767
-810
-741
-651
-642
-621
-503
-451
-435
-351
-260
-203
-111
27
89
142
288
396
407
479
600
625
607
672
727
644
567
556
489
361
280
238
132
39
6
-46
-109
-144
-138
-164
-188
-160
-170
-199
-184
-162
-181
-208
-174
-170
-207
-193
-158
-154
-160
-106
-31
14
74
166
219
246
284
318
326
326
317
287
247
204
152
88
45
11
-27
-51
-47
-47
-69
-91
-94
-102
-128
-169
-205
-258
-335
-421
-498
-561
-640
-698
-751
-801
-840
-875
-886
-875
-869
-851
-826
-785
-705
-665
-626
-566
-487
-409
-348
-203
-62
18
132
294
452
551
665
818
900
958
1025
1085
1097
1066
1076
1025
945
881
791
685
568
467
350
201
101
-7
-137
-228
-294
-352
-453
-499
-512
-551
-571
-547
-504
-479
-441
-359
-294
-229
-127
-30
55
150
252
321
383
475
516
525
550
572
554
516
518
517
471
423
404
366
308
257
225
170
86
20
-46
-115
-173
-210
-245
-291
-313
-327
-333
-311
-284
-249
-217
-183
-154
-132
-103
-76
-82
-95
-77
-55
-49
-19
22
48
71
113
169
187
196
199
200
180
162
142
115
97
71
46
21
0
-18
-27
-48
-41
-48
-65
-86
-107
-143
-197
-246
-311
-370
-455
-522
-583
-653
-711
-744
-765
-815
-828
-817
-821
-833
-802
-748
-727
-685
-591
-502
-450
-324
-168
-67
29
189
340
420
533
665
746
771
833
900
898
896
904
877
811
762
701
593
498
425
299
173
83
-7
-134
-249
-303
-374
-459
-501
-503
-537
-567
-517
-468
-439
-372
-274
-194
-122
-21
73
126
200
272
318
352
408
435
438
480
491
481
478
493
499
470
475
460
416
373
334
288
215
147
92
19
-54
-114
-171
-212
-262
-263
-263
-255
-225
-201
-177
-168
-141
-141
-139
-127
-120
-121
-126
-120
-102
-103
-87
-46
-9
34
80
122
166
184
195
218
230
250
233
220
203
168
132
97
62
28
4
-7
-19
-41
-68
-89
-113
-152
-173
-233
-302
-349
-401
-446
-501
-558
-601
-643
-663
-692
-706
-726
-756
-757
-763
-767
-744
-698
-674
-641
-545
-448
-383
-282
-124
-5
105
256
429
524
609
749
834
878
922
976
977
947
943
914
844
790
745
658
571
500
409
288
196
122
5
-95
-152
-220
-317
-390
-415
-441
-479
-468
-419
-390
-352
-274
-194
-133
-60
15
75
131
188
226
260
295
317
311
322
357
350
316
326
341
313
297
288
272
238
214
197
146
89
39
-23
-86
-155
-200
-240
-271
-273
-279
-282
-272
-228
-202
-158
-106
-76
-57
-30
-1
7
-21
-13
16
8
28
48
83
105
146
192
222
278
317
344
363
374
364
336
298
258
210
151
109
65
-4
-56
-90
-115
-143
-154
-163
-192
-217
-226
-236
-287
-330
-373
-423
-464
-524
-552
-578
-609
-629
-643
-647
-640
-627
-614
-599
-577
-535
-513
-469
-412
-333
-253
-180
-83
26
127
225
327
416
482
549
607
645
668
677
675
648
605
568
529
475
430
369
316
262
194
132
54
-16
-90
-184
-252
-301
-370
-427
-468
-472
-476
-485
-455
-421
-385
-350
-288
-217
-166
-109
-48
3
53
118
151
170
203
230
252
274
298
299
308
331
341
349
353
357
329
290
256
215
155
87
30
-22
-72
-118
-150
-160
-176
-177
-160
-142
-107
-77
-32
13
41
55
47
60
75
73
92
95
104
121
137
172
198
231
268
306
335
358
365
371
385
375
342
296
255
184
120
56
-9
-69
-126
-154
-182
-189
-208
-225
-239
-257
-283
-297
-320
-356
-394
-433
-460
-488
-505
-511
-507
-501
-497
-464
-436
-403
-370
-340
-303
-289
-245
-203
-178
-148
-123
-86
-35
14
69
131
178
230
278
310
351
392
415
417
432
436
398
372
353
295
228
173
123
63
0
-44
-99
-153
-198
-242
-279
-315
-338
-373
-407
-425
-430
-439
-435
-398
-373
-345
-302
-238
-181
-120
-55
4
57
113
183
225
254
286
321
344
362
379
387
393
409
415
394
381
369
339
307
268
228
180
133
97
68
26
-13
-15
-34
-53
-60
-61
-48
-34
4
32
51
75
107
108
97
85
79
73
63
76
76
96
133
160
194
239
266
277
281
276
268
221
174
122
62
7
-53
-101
-157
-198
-229
-251
-256
-268
-266
-257
-246
-236
-232
-228
-223
-238
-250
-251
-265
-268
-269
-259
-250
-235
-209
-188
-154
-135
-109
-83
-62
-59
-66
-69
-83
-101
-129
-144
-168
-170
-164
-161
-143
-112
-79
-44
11
46
71
99
117
115
93
97
83
46
20
0
-31
-58
-65
-77
-94
-103
-108
-126
-140
-151
-158
-165
-169
-176
-189
-196
-189
-175
-170
-166
-132
-105
-79
-40
11
61
99
146
196
235
263
309
328
337
355
375
383
380
392
392
390
401
400
385
365
344
309
276
254
216
183
156
127
100
86
75
58
54
48
42
38
22
13
6
-4
-3
-9
-21
-11
0
5
17
21
20
38
59
80
92
103
113
103
107
92
72
44
25
10
-23
-54
-79
-101
-110
-113
-122
-132
-123
-113
-113
-102
-84
-73
-66
-58
-51
-41
-36
-30
-30
-36
-33
-26
-31
-39
-41
-33
-37
-61
-74
-96
-121
-130
-154
-173
-172
-170
-189
-197
-194
-184
-184
-179
-154
-149
-143
-116
-84
-76
-60
-36
-26
-27
-25
-24
-19
-22
-27
-26
-22
-13
-14
-14
-19
-21
-36
-48
-66
-81
-98
-113
-114
-120
-121
-121
-111
-101
-103
-91
-67
-45
-7
37
84
124
161
210
250
292
322
337
366
393
395
399
398
394
385
373
359
329
298
271
249
224
208
189
175
154
125
102
75
41
14
-9
-32
-42
-58
-77
-94
-113
-111
-108
-102
-82
-86
-90
-77
-64
-71
-71
-71
-77
-75
-80
-84
-94
-112
-123
-128
-134
-140
-149
-145
-140
-127
-117
-104
-100
-96
-92
-93
-80
-67
-47
-41
-41
-39
-42
-46
-53
-52
-48
-47
-40
-39
-40
-34
-41
-40
-52
-59
-69
-91
-110
-138
-168
-201
-226
-261
-293
-307
-313
-316
-323
-323
-312
-306
-293
-272
-255
-233
-205
-173
-138
-110
-84
-52
-38
-24
5
24
50
76
89
114
133
151
160
170
184
186
191
197
204
188
172
166
160
152
139
129
126
138
141
156
181
208
237
268
303
334
355
381
401
407
413
404
383
352
318
277
253
223
186
166
154
131
111
101
92
91
86
83
62
31
1
-27
-61
-94
-135
-166
-185
-211
-220
-218
-210
-201
-191
-173
-151
-132
-124
-123
-121
-117
-126
-136
-144
-160
-172
-185
-193
-199
-197
-182
-162
-144
-122
-93
-61
-30
-1
15
15
24
21
12
15
2
-8
-14
-26
-32
-44
-50
-49
-53
-60
-56
-62
-67
-73
-88
-98
-120
-129
-140
-166
-192
-222
-237
-238
-249
-264
-274
-282
-284
-280
-272
-257
-238
-226
-215
-196
-170
-144
-102
-53
-15
19
71
117
135
161
189
218
240
271
306
319
330
339
342
340
345
346
346
351
354
355
352
350
328
309
293
274
248
234
223
223
228
220
222
225
221
211
211
202
188
172
163
139
108
76
37
0
-24
-46
-74
-84
-101
-111
-121
-128
-137
-151
-153
-160
-172
-187
-198
-220
-246
-269
-291
-304
-303
-311
-312
-314
-301
-272
-250
-224
-204
-177
-151
-128
-121
-109
-96
-92
-73
-62
-37
-16
1
27
49
81
102
123
150
154
164
176
184
183
176
167
146
131
112
88
76
50
38
28
1
-18
-53
-80
-95
-123
-142
-169
-199
-216
-245
-271
-285
-302
-309
-314
-314
-310
-311
-304
-295
-289
-274
-256
-243
-234
-215
-198
-182
-157
-132
-112
-84
-52
-18
13
54
92
115
146
185
209
241
263
276
299
318
337
342
348
349
351
358
365
366
363
363
356
350
344
341
339
337
330
330
316
307
298
288
278
257
245
234
229
222
218
205
181
160
145
121
94
70
46
22
2
-17
-46
-80
-113
-152
-195
-215
-239
-269
-284
-308
-323
-345
-357
-361
-380
-386
-391
-388
-379
-369
-355
-340
-315
-284
-259
-232
-204
-175
-146
-117
-96
-78
-51
-32
-9
9
17
26
43
60
71
77
87
97
98
101
102
100
92
75
69
58
38
25
8
1
-11
-14
-22
-39
-40
-55
-59
-65
-75
-74
-72
-76
-89
-92
-102
-106
-116
-124
-119
-125
-123
-121
-115
-100
-95
-84
-67
-49
-38
-34
-25
-18
-5
10
22
36
47
62
72
91
107
126
145
165
187
208
234
250
252
264
273
279
280
266
268
267
259
256
250
227
214
208
202
199
191
192
182
178
169
153
139
118
102
78
56
41
20
1
-23
-33
-51
-71
-79
-85
-99
-115
-122
-122
-131
-140
-142
-158
-176
-189
-204
-224
-240
-242
-240
-243
-247
-254
-255
-256
-251
-248
-233
-216
-190
-172
-163
-145
-137
-132
-121
-106
-100
-91
-77
-64
-53
-38
-25
-10
6
16
29
39
56
62
71
95
108
125
122
120
117
106
98
87
86
80
73
70
58
49
42
34
23
8
5
7
-5
-7
-9
-10
-21
-34
-40
-43
-38
-43
-46
-54
-41
-33
-28
-10
2
14
17
38
60
63
64
83
90
91
110
114
120
121
126
132
134
138
148
157
154
164
161
161
162
161
161
143
128
113
99
84
76
66
51
54
47
32
25
20
8
4
2
7
0
-11
-13
-26
-42
-53
-67
-77
-86
-91
-96
-95
-99
-108
-118
-121
-120
-121
-125
-124
-124
-135
-141
-149
-155
-160
-161
-161
-160
-157
-147
-146
-139
-127
-116
-111
-102
-81
-68
-52
-37
-23
-11
-1
2
7
18
26
46
61
73
86
100
108
111
127
136
148
151
156
161
154
151
153
144
132
123
114
106
94
85
92
92
90
86
75
74
64
57
46
34
23
20
20
24
24
14
19
19
25
24
33
42
48
46
49
48
40
31
24
21
7
0
-13
-17
-20
-20
-26
-30
-22
-23
-19
-20
-26
-30
-29
-31
-40
-48
-49
-62
-73
-75
-80
-94
-103
-107
-118
-123
-126
-131
-129
-140
-143
-142
-144
-143
-142
-143
-150
-155
-163
-169
-176
-169
-165
-166
-158
-159
-168
-163
-154
-150
-145
-131
-116
-109
-101
-98
-93
-95
-88
-80
-66
-54
-40
-33
-24
-8
3
16
24
39
48
49
59
74
95
98
111
123
129
135
139
150
157
168
175
185
193
196
204
198
199
210
207
208
204
201
196
197
185
177
163
140
131
116
105
97
95
87
81
75
63
60
49
44
42
38
35
22
19
14
15
14
7
-3
0
12
18
22
24
34
47
50
50
53
54
52
47
44
45
36
23
19
8
-3
-13
-21
-24
-27
-26
-21
-22
-22
-29
-30
-27
-30
-28
-25
-32
-33
-33
-35
-42
-48
-51
-43
-46
-50
-48
-47
-37
-37
-40
-47
-56
-68
-70
-78
-95
-104
-117
-129
-135
-149
-151
-151
-150
-145
-140
-136
-132
-128
-124
-117
-110
-102
-99
-95
-91
-87
-81
-70
-63
-57
-41
-34
-24
-7
0
7
16
19
25
32
43
51
48
52
47
41
41
42
42
43
42
43
52
64
77
84
93
100
104
102
95
95
91
85
80
79
74
61
56
58
59
56
55
50
53
57
64
65
65
68
63
63
68
67
67
67
67
66
68
72
71
74
83
97
107
113
121
125
126
127
122
119
106
95
85
65
52
42
32
23
14
-5
-15
-23
-34
-47
-54
-54
-66
-74
-83
-89
-98
-109
-116
-124
-132
-137
-141
-146
-147
-145
-142
-142
-141
-137
-130
-120
-113
-101
-101
-101
-91
-98
-100
-96
-89
-83
-82
-79
-76
-79
-77
-65
-56
-51
-43
-35
-29
-15
-9
2
6
11
16
16
16
16
13
10
11
6
13
16
15
13
16
21
29
33
30
35
37
34
26
17
9
-7
-21
-23
-26
-37
-42
-45
-50
-52
-52
-47
-47
-48
-41
-38
-35
-39
-44
-48
-46
-51
-58
-58
-61
-62
-61
-54
-49
-41
-32
-23
-10
1
17
33
43
50
59
67
74
82
90
102
111
114
121
126
134
148
161
176
190
198
198
197
195
189
187
185
176
160
145
136
122
107
100
91
75
60
49
35
21
6
-2
-19
-36
-51
-67
-83
-98
-106
-118
-124
-131
-136
-141
-143
-138
-141
-139
-137
-128
-129
-125
-119
-119
-119
-119
-114
-108
-97
-90
-83
-77
-64
-54
-43
-31
-21
-9
-1
10
17
22
30
37
43
47
53
56
61
67
72
74
76
78
78
80
82
76
70
67
62
59
53
51
43
39
38
36
33
26
