-29
-11
2
2
-29
-32
51
-38
-77
40
-48
-60
39
-108
46
-21
-149
79
-57
-108
-3
-25
-6
-47
-26
112
-52
-73
126
-58
-56
54
-92
74
-67
-93
136
-108
-52
60
-25
-19
-32
45
51
-74
14
131
-104
71
40
-32
79
-89
54
56
-107
47
30
-38
13
-7
29
9
-73
70
35
-99
73
33
-52
61
4
10
31
-56
38
17
-82
52
-25
4
-9
-50
70
-53
6
46
-21
21
12
24
-3
7
-21
6
18
-44
33
12
-34
17
-12
-1
-12
-19
13
-33
-39
28
-61
11
-17
-24
3
-38
21
-28
-29
16
43
-74
73
36
-83
113
-38
-44
82
-105
-3
68
-152
52
17
-110
42
15
-82
1
44
-98
14
-18
-73
72
-92
15
40
-104
12
8
-96
-11
16
-110
7
42
-133
98
-66
-39
81
-97
75
4
-49
56
85
-110
121
45
-60
141
-79
43
96
-91
79
90
-86
100
62
-38
126
-37
96
126
-103
140
93
-78
89
65
-26
90
15
34
97
-21
62
96
-17
79
116
0
75
113
-24
79
7
-8
70
-34
69
-32
8
56
-14
-12
33
74
-114
117
75
-104
128
11
-5
42
46
14
32
-46
62
-7
-149
139
-110
-5
61
-79
113
-3
-1
56
19
8
-8
69
-33
63
-31
41
27
-50
85
-47
25
16
67
-57
80
16
-7
31
-20
76
-59
52
-3
7
20
-35
30
-12
52
-57
66
-14
-27
19
-100
83
-64
-47
33
-34
-33
10
-16
-30
68
-115
92
-40
21
5
-42
63
-122
81
-138
43
-40
-87
13
-89
27
-96
38
-55
31
-38
13
-21
-57
-24
-37
-58
-40
34
-69
-1
13
33
-63
43
18
-57
-33
8
-50
-79
-1
-68
-33
-27
-56
31
-104
20
18
-116
145
-61
-75
164
-147
70
63
-120
100
-21
-72
85
-76
-28
92
-150
102
-16
-36
71
-102
15
37
-104
13
3
-127
94
-110
-8
16
-22
18
-72
58
-11
-92
54
-74
-25
-13
-100
104
-147
29
94
-197
180
-37
-114
207
-101
-37
199
-213
117
-3
-182
304
-354
159
72
-268
213
-183
78
-6
-133
73
-52
-63
3
-34
3
-21
45
-30
70
62
-103
141
-20
45
15
-40
59
61
-132
23
166
-206
32
91
-86
-21
-15
5
-48
-109
97
-170
45
-98
3
41
-206
189
-131
-7
13
-10
135
-157
135
55
-74
75
-11
107
-52
36
132
-39
72
-31
139
4
-116
281
-125
58
57
-75
148
-71
-15
57
9
-99
-9
147
-187
106
-4
39
-28
0
85
-36
58
-20
37
64
5
-98
159
35
-87
187
-42
148
-17
-36
233
-134
93
1
20
90
-174
220
-133
82
5
-55
130
-10
20
-10
235
-226
183
162
-276
386
-190
151
128
-225
338
-93
19
71
81
49
-120
257
-186
167
-63
-30
68
-94
18
-149
139
-293
90
-28
-242
201
-181
-110
128
-255
77
-82
-106
65
-166
19
-52
-90
-68
77
-211
102
-42
-136
200
-307
228
-102
-157
305
-339
223
-69
-47
120
-93
97
-107
122
-114
48
105
-212
259
-109
16
87
-67
101
-33
-46
43
102
-178
9
153
-166
-61
110
-44
-73
36
46
-34
31
-20
-2
70
-86
54
-2
45
-56
82
-65
146
-50
-49
313
-195
173
103
-81
221
-65
36
110
62
-51
79
152
-32
22
36
122
-36
68
37
120
97
-104
220
-9
-4
63
-61
104
-11
-95
65
16
-78
-8
-18
39
-42
20
-2
35
86
-215
196
14
-147
32
85
-51
-169
63
-13
-96
-48
-95
140
-232
-93
65
-93
-129
-37
35
-36
-69
-98
131
12
-353
325
-46
-156
195
-217
294
-323
65
17
-181
135
-260
90
-16
-161
33
-106
65
-191
46
-45
-22
-99
-81
110
-294
51
-44
-67
-76
-67
49
-186
-40
86
-287
194
-198
71
42
-83
129
-41
-1
110
-40
57
7
161
-74
119
78
-23
61
72
-15
57
109
-35
61
96
50
-6
52
69
76
-61
167
24
-15
62
45
34
42
-49
121
53
-26
55
49
10
26
-77
172
-66
75
11
42
164
-144
184
39
-5
82
49
47
-58
107
-8
-98
225
-312
342
-228
5
232
-373
336
-126
-41
241
-220
157
-8
-25
-39
56
-89
-26
-11
-85
21
-165
72
-136
-63
-7
-171
105
-221
-88
53
-146
-4
-216
222
-237
-20
-98
1
-52
-197
108
-96
31
-86
-58
144
-206
-11
55
-104
30
-176
118
-34
-177
41
44
-116
11
-48
-20
71
-112
-175
324
-319
121
-92
-57
158
-300
75
113
-240
76
-10
-60
69
-138
76
8
-164
179
-38
-98
69
-15
18
-112
-5
71
-8
-162
214
-24
-1
6
-21
172
-58
-103
215
-5
16
-65
186
-74
-8
-40
37
61
-116
105
-33
63
15
-156
125
18
-43
-21
122
17
-17
-29
114
-9
-16
38
75
43
25
68
-99
212
-16
-148
174
92
-47
58
39
56
37
-160
136
10
-100
132
-113
161
49
-228
184
52
-229
209
-71
26
125
-158
143
13
-64
4
-27
88
-95
-46
13
107
-217
62
73
-134
86
-104
143
-85
20
26
-9
74
-151
228
-112
69
1
70
57
-111
174
-79
104
-99
101
25
-129
220
-270
159
-45
-74
-12
-34
45
-158
132
-158
60
-148
75
-91
-67
151
-250
191
-174
106
-120
23
88
-232
239
-209
142
-120
4
5
-80
15
-161
121
-183
123
-232
78
-41
-139
62
-174
114
-272
176
-239
30
21
-179
118
-114
50
-147
69
-130
63
-86
-85
98
-118
80
-177
183
-133
-10
14
-80
138
-199
147
-71
127
-155
150
82
-184
329
-254
284
-117
33
177
-139
130
-55
138
-107
154
-107
168
-84
-1
178
-261
322
-226
100
-28
7
4
11
78
-107
223
-214
100
31
-56
0
-38
165
-151
153
-86
123
-56
1
131
-142
183
-82
170
-156
184
-148
132
-77
-27
217
-369
263
-174
11
4
-34
11
66
-66
-15
197
-268
141
18
-169
88
12
-117
62
-28
-137
86
-197
61
-72
-36
-72
123
-243
62
79
-369
301
-206
19
-71
70
1
45
-169
312
-169
-79
301
-299
203
-85
-28
62
-22
-118
110
-184
58
-69
-158
142
-242
134
-158
-80
89
-116
-67
43
-42
-25
37
-57
62
-2
-49
-21
181
-225
238
8
-98
279
-165
83
103
26
-101
286
-116
25
191
-205
378
-99
-51
357
-65
-79
309
-85
69
158
15
107
129
78
31
233
-113
274
-79
33
317
-294
383
-66
76
136
-48
26
81
23
-33
13
107
-72
100
-99
121
59
-237
339
-246
186
-114
98
160
-307
355
-53
-56
137
22
100
-135
139
25
-3
-66
90
129
-198
164
-10
-182
300
-361
154
47
-147
-13
-44
172
-324
60
1
-107
24
-199
143
14
-345
249
-188
56
-113
-78
144
-205
143
-179
196
-142
-7
102
-184
181
-142
-7
17
-56
52
-175
80
91
-334
227
-52
-102
137
-115
114
-158
68
10
-93
61
107
-132
73
105
-135
104
3
22
139
49
-41
198
54
-45
36
176
32
-148
320
-47
-47
91
26
42
0
-16
148
-67
86
-33
-116
280
-307
37
225
-264
103
90
-215
223
-202
-122
263
-494
316
-48
-254
279
-371
113
-143
-148
42
-41
-224
157
-269
30
-1
-337
263
-231
-102
120
-212
41
-55
-219
115
-131
-164
1
-33
-193
-23
-28
-142
12
-152
-61
-66
-77
-123
16
-119
20
-117
-22
17
-379
255
-213
-80
-5
-38
33
-262
35
28
-152
15
-106
69
-26
-182
132
-126
37
-81
15
147
-105
157
-43
113
30
13
257
-36
215
144
63
195
136
101
43
285
-7
97
204
99
174
64
142
139
36
-52
246
84
42
17
321
-214
-16
306
-226
302
-229
103
334
-492
354
187
-368
351
-68
-16
46
132
-192
152
-60
-203
232
-485
444
-279
-271
390
-399
-190
-5
-168
-76
-151
-35
123
-471
58
-175
-168
-301
-9
10
-418
123
-193
-239
-223
-205
32
-195
-20
7
-172
-56
-90
-198
-30
-50
-15
109
-27
-245
150
-347
-24
-9
-149
224
-241
66
98
-295
-8
-1
-156
193
-81
207
79
-111
186
-68
103
182
142
192
292
71
154
152
144
134
274
288
275
382
170
261
207
136
385
87
357
458
14
373
194
93
144
289
88
324
156
202
236
-28
281
-16
86
310
123
89
172
172
-251
325
-213
109
149
42
-28
267
-248
94
57
-392
654
-607
455
44
-411
349
-387
66
-191
-203
304
-543
54
-160
-250
19
-655
299
-259
-303
226
-341
-90
-256
-69
-182
-190
-149
102
-388
-62
35
-411
-167
62
-253
-87
67
-165
-55
-390
100
-158
-351
169
-248
-78
-201
-131
-79
-297
63
-291
44
-89
-144
138
-291
45
80
-210
236
74
48
132
164
140
56
204
163
268
111
281
285
22
372
110
115
321
29
207
244
18
209
16
111
38
43
76
61
-5
10
166
-269
130
-43
-60
113
-103
135
-95
63
-22
-23
83
59
152
82
-45
258
122
-325
403
39
-25
20
74
113
-198
51
61
2
-144
370
-295
-52
218
-346
-39
-55
67
-365
-156
250
-432
-356
144
-215
-430
-105
-33
-307
-338
95
-466
-294
-110
-320
-262
-278
-67
-312
-412
-125
-198
-556
-66
-66
-370
-154
-289
-323
-213
-403
-69
-213
-486
-7
-387
-383
-153
-251
-31
-315
-33
14
-322
-27
103
-143
71
165
175
155
215
312
219
392
345
490
316
508
340
459
404
425
435
348
374
266
347
138
238
225
105
117
228
20
68
144
-6
59
38
126
-16
89
146
58
46
123
167
27
166
185
112
171
131
136
279
125
232
286
164
293
214
163
261
264
218
272
263
222
167
227
212
240
257
222
237
181
54
228
-5
-43
304
-247
124
-24
-248
27
-282
-83
-205
-168
-119
-313
-248
-126
-409
-337
99
-468
-380
-45
-246
-537
-418
185
-647
-504
250
-525
-568
123
-482
-300
-239
-444
-28
-664
-197
-275
-603
-227
-485
-574
-253
-496
-625
-328
-434
-700
-530
-334
-248
-457
-297
-145
-443
-286
-136
6
4
-59
67
143
111
154
281
412
442
518
533
487
606
426
533
716
513
636
516
496
360
269
334
294
275
188
160
61
28
-37
-106
36
-2
-34
-8
48
-134
-165
68
38
20
108
244
63
103
155
185
220
199
264
359
295
292
419
245
320
384
320
466
362
322
230
179
208
254
257
269
234
134
27
-10
23
16
65
30
-36
-226
-195
-290
-164
-405
-49
-83
-458
-227
-527
-162
-511
-508
219
-415
-632
64
-450
-394
-439
-184
120
-702
-163
49
-534
-439
-277
-28
-233
-525
-14
-140
-723
-473
-148
-423
-407
-366
-396
-572
-809
-646
-648
-602
-620
-561
-347
-442
-458
-761
-444
-249
-386
98
184
-45
-185
-166
155
379
405
736
683
581
529
537
801
800
861
976
868
764
582
472
505
603
473
441
453
135
-17
-83
101
46
0
-6
-145
-231
-322
-197
-206
-108
-149
-89
-49
-139
-151
-32
113
223
258
313
266
183
228
336
408
480
455
366
441
392
373
517
590
406
396
430
392
356
357
460
287
228
277
249
151
178
138
55
55
-41
-92
-89
-138
-206
-225
-230
-356
-376
-323
-393
-314
-523
-442
-331
-462
-504
-170
-386
-371
-288
-271
-333
-268
-21
-334
-83
-152
-81
-417
-163
-1
-456
-155
-63
-333
-409
-347
-396
-389
-486
-359
-468
-720
-782
-818
-643
-758
-623
-281
-373
-738
-874
-461
-410
-234
135
183
-71
-482
-183
270
538
635
697
776
506
467
647
1034
1087
920
934
849
676
488
685
781
746
451
373
261
29
-29
39
244
53
-154
-283
-337
-317
-215
-87
-122
-185
-385
-342
-178
-120
-47
49
126
17
-15
116
143
268
336
325
310
213
91
231
395
416
396
331
334
165
254
327
397
375
322
371
260
233
157
215
261
222
142
42
32
-76
-85
-35
-8
-210
-259
-251
-344
-337
-398
-386
-433
-533
-562
-596
-517
-541
-534
-425
-475
-448
-418
-276
-257
-184
-184
-160
-78
-129
29
-11
-17
-135
-141
-72
-74
-39
-155
-179
-369
-374
-408
-436
-458
-636
-867
-818
-929
-792
-228
-389
-641
-1216
-704
-429
-362
100
286
-73
-839
-342
410
766
657
776
800
556
468
867
1412
1356
1077
843
960
744
643
932
1040
799
347
189
203
118
78
109
297
-5
-427
-512
-271
-133
-187
-44
-259
-447
-538
-274
-3
32
-26
-164
-95
-85
63
221
344
318
189
206
224
302
297
472
492
362
188
134
199
187
375
281
314
120
98
116
117
425
242
221
175
86
-4
-22
183
249
33
-65
-83
-185
-104
-143
16
-160
-346
-373
-387
-220
-336
-326
-371
-452
-614
-586
-366
-348
-389
-413
-406
-390
-377
-240
-74
-75
-136
-171
-135
-97
-115
6
36
-77
-222
-329
-282
-275
-338
-370
-685
-771
-864
-980
-828
-951
-442
-385
-686
-1414
-1123
-434
-312
-115
130
-58
-989
-963
349
1106
844
401
452
513
505
926
1686
1687
949
619
828
1233
1067
1230
1109
829
320
63
510
595
484
59
15
-81
-404
-353
-55
180
-100
-374
-415
-455
-270
-59
248
120
-140
-297
-100
300
424
457
272
199
76
268
488
568
463
319
347
274
387
390
507
393
284
132
193
269
392
470
190
154
-114
188
263
372
252
-151
-218
-253
39
53
45
-156
-313
-375
-267
-240
-190
-278
-475
-374
-555
-424
-392
-292
-372
-521
-477
-500
-380
-309
-269
-249
-340
-368
-308
-171
-62
-135
-168
-219
-263
-276
-151
-140
-235
-430
-560
-563
-566
-506
-617
-838
-1054
-1249
-1082
-1174
-725
-249
-630
-1468
-1857
-623
-185
-87
73
55
-733
-1408
80
1410
1461
416
332
545
792
1145
1875
2134
1168
539
569
1505
1594
1374
1119
702
243
-66
440
864
553
-166
-513
-332
-383
-338
-175
-95
-302
-786
-728
-471
-129
-94
-65
-241
-411
-415
-110
416
506
307
-41
-8
230
518
707
632
442
93
277
480
655
554
402
223
85
197
181
360
127
460
115
-30
-221
-26
422
147
268
-128
-303
-406
-141
392
237
-201
-471
-373
-104
81
35
99
-364
-407
-229
-82
147
-178
-128
-334
-327
-227
-141
127
-6
-169
-253
-189
9
101
164
78
-115
-214
-120
38
-28
-20
-312
-330
-505
-437
-449
-491
-612
-866
-1041
-1197
-1142
-1109
-1178
-1259
-483
-617
-1095
-1861
-944
-78
-237
-70
15
-252
-1197
-382
1302
1672
666
164
528
1035
1377
1785
2160
1461
710
641
1522
2054
1547
1071
590
475
281
447
863
512
-148
-749
-534
-186
-177
-362
-491
-518
-761
-696
-474
-147
-211
-350
-466
-389
-71
-12
204
319
287
42
95
510
670
711
494
421
410
542
640
672
576
307
228
250
451
367
175
242
202
3
-154
12
184
66
-127
-159
-251
-434
-372
15
43
-363
-581
-441
-200
-162
-213
-141
-281
-455
-265
30
76
-173
-267
-180
-134
-144
-86
4
-20
-226
-202
3
112
29
-31
-20
-63
-67
-61
108
-2
-179
-334
-294
-279
-333
-445
-536
-709
-849
-902
-873
-953
-1125
-1341
-1403
-1479
-1273
-406
-437
-1080
-2038
-1076
-233
-44
142
246
-229
-1363
-384
1392
1933
806
104
469
1018
1441
1923
2303
1466
557
527
1574
2179
1631
1011
410
257
167
434
879
534
-327
-1029
-671
-161
-154
-412
-610
-691
-902
-701
-428
-162
-232
-467
-486
-312
-24
-55
216
393
278
34
80
470
672
735
512
453
298
358
459
604
589
231
73
17
253
224
168
52
23
-25
-232
-119
-21
34
-210
-176
-203
-351
-332
-196
12
-217
-396
-465
-296
-174
-179
-125
-186
-282
-320
-126
-4
1
-147
-139
-99
-81
-28
8
79
-20
-108
1
139
112
-33
-21
53
28
18
-107
-85
-237
-244
-214
-271
-392
-645
-641
-587
-663
-849
-1055
-1160
-1219
-1298
-1175
-1424
-900
-481
-784
-1506
-1644
-412
-150
-56
184
157
-656
-1014
655
1859
1499
310
354
839
1437
1773
2169
1944
853
559
1037
2206
1996
1217
564
300
409
452
831
736
87
-695
-739
-170
131
-143
-550
-638
-668
-617
-350
-174
-141
-428
-452
-347
-8
84
72
292
257
231
32
340
639
803
599
399
377
338
564
623
698
388
113
8
141
388
134
50
-112
-61
-62
-168
-33
-211
-185
-239
-206
-224
-344
-345
-193
-155
-279
-415
-423
-222
-242
-68
-153
-259
-269
-251
14
-1
-30
-97
-154
-48
-11
59
116
28
-30
-6
95
119
-28
-29
-30
12
-26
-57
-116
-174
-312
-301
-291
-401
-567
-723
-631
-687
-805
-1035
-1160
-1219
-1192
-1283
-1306
-1447
-1051
-538
-717
-1330
-1584
-576
-178
-55
287
288
-463
-916
522
1815
1613
628
477
946
1442
1775
2145
2033
1076
601
1027
1966
1969
1239
617
282
277
325
539
634
74
-669
-887
-339
-35
-292
-614
-678
-634
-640
-401
-292
-129
-272
-325
-266
-29
149
104
357
431
343
143
326
700
842
721
464
452
402
490
537
637
411
103
-39
17
252
80
104
-151
-76
-295
-244
-74
-52
-46
-308
-279
-422
-313
-184
1
-61
-362
-452
-321
-45
-53
2
-136
-218
-271
-98
173
125
33
-157
-78
1
76
159
147
6
-201
-142
82
140
12
-179
-171
-180
-127
-110
-120
-229
-445
-437
-424
-359
-580
-687
-679
-754
-866
-1073
-958
-1138
-1179
-1391
-1357
-1407
-1530
-616
-415
-716
-1808
-1367
-376
9
310
430
105
-945
-615
1101
2084
1401
516
479
898
1453
1871
2268
1719
764
522
1074
1913
1642
1106
475
124
84
163
608
472
-91
-763
-831
-467
-264
-356
-530
-542
-606
-571
-495
-281
16
31
-68
-164
24
181
407
716
728
534
320
539
857
1105
931
645
435
414
587
675
748
456
180
-43
112
230
216
189
-25
-132
-384
-197
-87
1
-14
-198
-357
-560
-303
10
104
-139
-321
-406
-243
-40
126
180
-138
-286
-243
125
277
170
88
-61
-124
-44
138
253
47
-153
-161
-67
-10
-83
-173
-172
-211
-299
-317
-325
-351
-444
-510
-533
-664
-800
-816
-790
-706
-989
-1170
-1273
-1227
-1169
-1316
-1394
-1542
-1662
-1238
-412
-448
-1204
-1816
-886
-163
201
545
485
-217
-952
179
1682
1948
1093
606
718
1160
1573
2097
2204
1442
692
546
1308
1697
1438
888
315
10
-101
144
483
327
-290
-898
-858
-468
-352
-435
-435
-369
-509
-573
-539
-183
147
188
71
-14
102
149
496
871
881
607
349
497
759
982
877
679
430
300
301
458
576
387
101
-144
-212
-95
3
-2
-8
-321
-485
-615
-347
-76
-203
-324
-543
-535
-393
-200
-7
-54
-224
-271
-239
82
188
153
206
61
142
195
300
413
300
253
171
209
291
215
207
204
124
74
-22
-54
-105
-155
-172
-248
-366
-472
-580
-563
-450
-580
-720
-912
-902
-856
-840
-859
-976
-1098
-1183
-1267
-1200
-1195
-1291
-1393
-1230
-345
-268
-816
-1410
-787
-27
137
525
793
319
-659
-146
1315
1975
1383
930
963
1070
1326
1720
2216
1792
937
537
901
1453
1251
894
470
98
-208
-281
117
161
-225
-815
-835
-619
-617
-686
-570
-224
-271
-412
-608
-398
-16
166
235
205
269
77
173
594
966
894
516
402
522
755
795
815
649
409
204
185
405
429
225
-134
-220
-212
-86
-198
-183
-308
-457
-466
-488
-248
-364
-457
-456
-393
-267
-321
-274
-156
-122
-108
-69
16
159
72
169
267
296
335
210
279
262
211
274
286
268
87
-50
36
67
34
-110
-248
-352
-418
-387
-350
-465
-700
-759
-794
-630
-726
-784
-862
-915
-942
-1028
-957
-939
-979
-1066
-1137
-1292
-1276
-1373
-1201
-1206
-570
-185
-543
-1181
-1110
-153
172
458
890
812
-108
-496
695
1740
1826
1302
1257
1121
1093
1352
1994
2267
1538
963
744
1183
1230
1139
972
587
109
-349
-217
7
21
-306
-541
-522
-667
-841
-781
-224
97
-52
-329
-561
-345
-96
334
550
611
345
36
255
732
1099
946
735
555
517
527
668
812
749
506
126
56
96
113
-34
-114
-198
-347
-556
-579
-383
-365
-363
-577
-559
-584
-549
-387
-329
-264
-367
-401
-305
-138
-23
75
71
109
62
71
249
282
381
278
210
220
180
230
193
144
54
-72
-106
-98
-127
-187
-277
-370
-392
-424
-429
-475
-555
-591
-690
-649
-618
-636
-622
-718
-804
-824
-767
-715
-777
-929
-946
-1153
-1144
-1177
-1080
-1112
-1064
-241
-160
-507
-1167
-558
44
260
700
1097
783
-272
34
1126
1930
1660
1449
1407
1272
1266
1419
2056
1994
1499
945
957
1167
959
818
638
492
20
-333
-378
-309
-385
-556
-463
-456
-725
-1080
-896
-251
80
60
-260
-357
-266
-43
314
598
772
457
221
358
734
892
816
817
801
722
449
462
540
611
429
214
126
-27
-153
-307
-44
-12
-231
-654
-644
-470
-473
-415
-389
-312
-596
-692
-530
-285
-210
-280
-211
-98
-78
-140
2
177
247
171
209
304
230
185
193
314
266
128
87
68
25
-104
-120
-82
-150
-295
-359
-358
-428
-500
-530
-492
-517
-619
-710
-773
-708
-684
-660
-678
-796
-895
-916
-794
-806
-827
-947
-987
-1146
-1195
-1216
-1202
-1233
-1020
-209
-92
-488
-1051
-541
-2
214
814
1259
919
-110
53
1102
1738
1565
1523
1630
1466
1183
1278
1812
1805
1424
1101
1197
1189
729
481
523
542
195
-192
-355
-529
-657
-671
-440
-359
-603
-970
-923
-381
-67
-23
-155
-105
-101
-60
164
451
648
600
543
579
762
708
597
675
881
873
608
463
423
373
242
188
242
163
-124
-340
-246
-122
-335
-545
-497
-344
-411
-526
-475
-419
-467
-452
-272
-163
-248
-325
-155
81
131
90
98
173
135
169
268
357
316
198
163
143
98
37
41
29
-44
-190
-239
-287
-334
-376
-350
-336
-400
-476
-519
-477
-474
-502
-556
-549
-551
-576
-622
-698
-749
-732
-730
-774
-807
-874
-968
-1097
-1147
-1166
-1171
-1280
-1135
-530
-165
-393
-985
-802
-301
-57
244
790
1096
399
-3
516
1377
1404
1149
1430
1913
1737
1212
1318
1614
1460
1001
1200
1588
1257
479
148
399
351
-27
-261
-173
-286
-658
-744
-478
-373
-716
-843
-418
-21
-67
-388
-312
-25
93
73
217
513
548
417
435
653
708
536
511
706
814
540
306
333
481
403
194
125
85
3
-132
-101
-9
-169
-410
-436
-211
-94
-230
-415
-434
-352
-282
-247
-220
-210
-244
-189
-71
65
51
-9
11
93
167
152
140
124
109
38
-20
-25
2
-4
-46
-94
-178
-232
-278
-285
-244
-212
-279
-369
-420
-378
-328
-326
-392
-486
-515
-531
-501
-499
-523
-638
-702
-652
-639
-691
-800
-868
-937
-1026
-1074
-1126
-1128
-1186
-1013
-612
-264
-387
-747
-688
-295
46
225
508
773
680
499
661
1091
1205
1117
1306
1807
1979
1654
1340
1355
1379
1210
1160
1289
1256
889
480
324
215
-6
-247
-307
-251
-290
-430
-525
-562
-691
-734
-542
-259
-195
-330
-361
-275
-151
-124
-47
100
259
271
232
289
383
456
465
527
540
440
328
301
412
416
274
123
85
113
55
17
-34
-112
-203
-169
-73
-58
-200
-299
-264
-174
-112
-169
-190
-228
-186
-83
5
23
-66
-93
-35
36
66
80
80
57
22
3
-3
-22
-28
-29
-24
-17
-51
-65
-100
-134
-138
-160
-172
-208
-219
-220
-232
-227
-243
-279
-278
-306
-322
-354
-392
-431
-489
-474
-474
-534
-633
-721
-774
-802
-848
-907
-975
-1067
-1057
-879
-563
-301
-228
-370
-387
-191
54
261
439
665
792
818
873
1019
1110
1126
1169
1427
1662
1628
1391
1196
1097
944
766
736
811
761
515
199
-31
-213
-400
-537
-543
-531
-572
-616
-621
-631
-666
-639
-572
-465
-426
-430
-370
-236
-99
-40
26
91
95
133
233
401
476
424
352
365
412
423
390
344
295
231
213
175
180
149
98
42
-28
-65
-89
-126
-150
-123
-76
-65
-106
-174
-198
-193
-148
-66
28
53
13
-3
23
54
41
24
38
53
63
59
58
28
5
-34
-34
-19
-12
-25
-68
-83
-124
-128
-119
-106
-123
-139
-156
-167
-200
-227
-250
-256
-208
-244
-349
-411
-420
-441
-478
-520
-534
-584
-663
-735
-813
-907
-1002
-1068
-1059
-1027
-1027
-1014
-806
-483
-196
-165
-225
-159
3
189
398
701
961
1028
1038
1100
1188
1217
1209
1343
1575
1684
1536
1329
1146
994
821
756
709
552
295
19
-157
-252
-351
-518
-657
-730
-743
-721
-648
-612
-685
-660
-534
-401
-396
-455
-400
-196
13
99
146
212
319
414
514
562
549
504
537
650
677
624
479
374
325
273
233
190
179
103
10
-35
-66
-155
-263
-277
-196
-127
-159
-222
-241
-238
-230
-187
-100
-49
-37
-2
39
42
8
-7
27
70
69
46
2
-17
-25
-34
-29
-40
-77
-161
-175
-162
-178
-220
-231
-257
-288
-277
-273
-284
-335
-356
-349
-317
-324
-358
-385
-391
-379
-418
-481
-574
-644
-707
-724
-736
-810
-921
-1001
-1032
-1065
-1138
-1184
-1189
-1106
-805
-372
-9
-2
-84
-14
247
503
666
876
1096
1234
1281
1377
1472
1467
1366
1449
1639
1686
1442
1191
1065
955
773
540
359
139
-123
-389
-528
-605
-734
-907
-1030
-1052
-1086
-1072
-1009
-880
-792
-673
-479
-309
-222
-209
-74
123
293
393
477
638
764
847
866
888
861
792
733
741
724
585
445
317
228
106
-21
-99
-127
-187
-289
-359
-405
-442
-477
-412
-338
-303
-305
-283
-207
-134
-62
24
104
200
268
321
337
321
291
282
298
278
238
159
131
97
49
-27
-116
-202
-280
-308
-343
-402
-468
-502
-502
-475
-428
-414
-413
-394
-344
-291
-272
-267
-274
-247
-212
-183
-211
-293
-362
-418
-421
-485
-587
-712
-820
-886
-968
-1044
-1129
-1163
-1185
-990
-557
-83
64
-1
81
346
581
715
889
1136
1242
1260
1346
1565
1706
1598
1523
1633
1724
1483
1122
922
838
625
342
132
-55
-295
-596
-794
-899
-1044
-1214
-1340
-1316
-1241
-1180
-1013
-778
-613
-520
-300
16
252
310
377
527
692
770
801
935
1116
1175
1092
1029
1016
918
732
588
498
335
130
-51
-163
-251
-401
-530
-589
-623
-697
-750
-703
-604
-545
-496
-396
-278
-174
-72
56
207
313
381
447
552
666
705
688
621
537
453
355
246
143
51
-27
-102
-238
-355
-463
-521
-579
-640
-685
-704
-672
-657
-646
-617
-531
-433
-357
-317
-250
-150
-73
-30
-33
-12
9
34
40
-30
-129
-255
-336
-456
-588
-764
-926
-1068
-1190
-1300
-1397
-1462
-1496
-1279
-823
-363
-216
-187
26
380
653
849
1041
1255
1313
1355
1487
1723
1823
1682
1614
1725
1799
1492
1107
845
677
329
-40
-254
-381
-558
-864
-1077
-1156
-1208
-1362
-1493
-1452
-1278
-1133
-952
-712
-437
-150
206
528
729
799
889
1065
1214
1250
1171
1203
1334
1394
1288
1174
1062
865
573
326
120
-134
-424
-646
-717
-728
-806
-938
-954
-929
-920
-937
-858
-725
-596
-440
-207
40
216
350
467
612
707
730
731
771
787
785
767
763
658
498
346
190
-6
-223
-383
-482
-576
-689
-763
-810
-816
-860
-866
-816
-747
-722
-681
-550
-396
-255
-140
20
146
244
278
321
344
304
227
126
76
-5
-111
-237
-365
-574
-744
-908
-1055
-1222
-1427
-1551
-1653
-1659
-1601
-1172
-627
-223
-93
122
511
787
981
1133
1429
1534
1529
1528
1750
1996
1978
1741
1684
1788
1636
1194
847
662
303
-218
-588
-655
-761
-997
-1331
-1388
-1337
-1339
-1492
-1534
-1394
-1261
-1101
-817
-382
-63
265
634
1066
1315
1404
1443
1506
1536
1443
1345
1325
1330
1225
1072
960
798
504
165
-115
-400
-763
-1074
-1269
-1306
-1360
-1400
-1353
-1225
-1074
-1021
-893
-725
-562
-454
-295
19
307
525
669
874
1034
1103
1051
1004
984
837
688
560
503
369
167
19
-97
-255
-504
-759
-908
-968
-1024
-1077
-1097
-1057
-968
-836
-667
-502
-414
-295
-160
4
148
266
377
440
497
557
604
603
523
377
226
74
-124
-324
-505
-654
-830
-1023
-1167
-1302
-1429
-1566
-1690
-1745
-1763
-1768
-1501
-951
-410
-121
124
594
1062
1294
1495
1710
1864
1803
1706
1728
1893
1944
1706
1537
1589
1633
1235
836
558
240
-303
-836
-1009
-1117
-1310
-1591
-1658
-1501
-1302
-1332
-1339
-1180
-987
-836
-633
-232
123
415
793
1274
1659
1862
1933
1980
1964
1797
1551
1339
1198
1028
782
636
534
343
40
-245
-475
-777
-1117
-1398
-1528
-1600
-1614
-1505
-1282
-1023
-789
-566
-297
-44
132
245
405
594
767
914
1037
1155
1207
1257
1259
1221
1036
802
559
301
39
-218
-388
-502
-617
-760
-838
-897
-934
-993
-1027
-1006
-984
-926
-796
-607
-409
-216
-25
174
345
489
600
666
681
623
548
503
446
328
172
22
-110
-282
-453
-624
-841
-1045
-1260
-1413
-1537
-1650
-1743
-1796
-1788
-1744
-1683
-1504
-1018
-476
-86
202
622
1134
1410
1662
1892
2028
1952
1785
1733
1771
1757
1540
1328
1265
1287
1018
613
333
12
-460
-942
-1203
-1349
-1602
-1857
-1902
-1729
-1510
-1404
-1312
-1137
-940
-766
-493
-133
220
445
770
1239
1646
1885
1961
2029
2028
1886
1632
1398
1148
863
565
358
237
53
-203
-444
-604
-805
-1088
-1339
-1471
-1546
-1569
-1531
-1340
-1054
-794
-502
-128
211
487
648
816
1019
1135
1205
1188
1196
1209
1159
1076
1018
891
695
471
260
57
-209
-437
-642
-813
-939
-1033
-1075
-1046
-1040
-998
-892
-774
-638
-526
-351
-155
-3
159
326
446
558
645
750
834
833
797
708
613
468
261
46
-172
-390
-593
-796
-983
-1109
-1252
-1350
-1440
-1518
-1605
-1698
-1725
-1699
-1629
-1551
-1399
-1066
-528
-36
346
764
1250
1624
1773
1927
2061
1996
1771
1555
1485
1452
1281
1052
962
987
874
544
229
5
-359
-816
-1163
-1364
-1538
-1751
-1819
-1699
-1480
-1287
-1126
-914
-641
-388
-153
118
367
627
909
1228
1510
1714
1873
1937
1893
1743
1576
1355
1079
758
456
219
-4
-234
-455
-582
-693
-837
-981
-1095
-1162
-1215
-1260
-1230
-1119
-930
-757
-509
-168
111
385
593
836
1039
1127
1164
1113
1064
1011
902
765
640
491
354
211
65
-72
-263
-445
-620
-788
-884
-993
-1066
-1082
-1070
-981
-857
-700
-508
-312
-114
85
252
427
534
586
653
680
716
706
668
642
579
516
390
207
-11
-201
-418
-652
-872
-1115
-1226
-1308
-1344
-1376
-1414
-1394
-1413
-1414
-1406
-1380
-1370
-1330
-1239
-989
-556
-123
259
637
1126
1530
1743
1944
2049
2001
1797
1569
1410
1216
1006
783
646
622
584
404
208
83
-133
-431
-777
-1016
-1228
-1438
-1557
-1603
-1474
-1303
-1094
-861
-570
-249
46
331
565
797
978
1160
1304
1420
1510
1507
1468
1374
1285
1164
984
746
513
285
37
-186
-394
-545
-713
-831
-900
-936
-936
-958
-914
-810
-637
-492
-341
-181
3
177
350
559
705
818
831
860
893
871
770
614
488
360
213
36
-102
-248
-369
-492
-602
-649
-701
-731
-756
-755
-713
-674
-630
-539
-409
-263
-93
82
270
436
548
639
701
759
754
708
648
583
531
421
306
161
16
-142
-318
-485
-678
-823
-1007
-1095
-1180
-1277
-1305
-1384
-1375
-1393
-1348
-1312
-1295
-1213
-1116
-940
-820
-495
-154
222
544
825
1218
1401
1654
1755
1825
1763
1555
1419
1210
1087
834
661
472
375
281
97
8
-189
-315
-595
-783
-914
-1092
-1235
-1382
-1349
-1289
-1133
-990
-734
-423
-112
221
482
803
981
1170
1315
1383
1415
1325
1253
1156
1092
985
844
686
522
395
225
93
-107
-289
-463
-617
-700
-810
-864
-920
-876
-820
-679
-500
-370
-193
-41
202
338
475
553
603
677
659
676
598
538
413
315
244
145
45
-106
-199
-330
-430
-567
-670
-721
-774
-793
-791
-719
-642
-543
-432
-270
-119
12
140
240
367
438
491
550
592
612
571
550
523
467
364
238
117
-20
-159
-347
-500
-659
-774
-875
-980
-1034
-1081
-1094
-1158
-1183
-1171
-1188
-1236
-1229
-1145
-1067
-988
-879
-641
-326
15
318
617
959
1239
1417
1580
1696
1690
1575
1415
1294
1130
947
735
552
460
381
284
174
76
-59
-216
-401
-570
-753
-944
-1114
-1217
-1189
-1135
-1020
-870
-650
-375
-76
203
456
701
892
1050
1147
1214
1220
1188
1144
1069
981
864
743
599
464
360
236
107
-43
-183
-317
-447
-577
-678
-748
-781
-771
-748
-598
-478
-340
-157
-7
158
250
389
460
492
513
476
464
414
341
262
241
189
117
42
2
-32
-138
-239
-349
-431
-496
-545
-579
-556
-510
-436
-324
-202
-64
46
164
263
349
416
437
467
481
476
463
418
386
332
271
199
88
-9
-126
-262
-424
-552
-693
-847
-952
-1013
-1045
-1094
-1108
-1127
-1092
-1089
-1104
-1069
-1067
-1014
-1004
-910
-773
-586
-268
-24
279
545
866
1121
1265
1468
1551
1554
1417
1323
1199
1015
811
573
468
363
281
159
90
41
-85
-232
-389
-519
-727
-940
-1128
-1202
-1211
-1177
-1085
-904
-637
-393
-90
196
483
751
913
1064
1149
1203
1187
1119
1046
955
867
735
624
519
451
361
228
122
-8
-134
-276
-403
-537
-648
-751
-822
-821
-736
-589
-512
-344
-190
-19
131
221
349
375
404
378
340
330
283
225
182
182
171
170
116
78
23
-94
-205
-327
-414
-492
-557
-573
-541
-481
-389
-297
-166
-19
91
206
285
347
380
381
402
400
376
341
301
270
236
185
132
76
16
-60
-179
-297
-413
-560
-668
-746
-809
-869
-924
-912
-914
-908
-896
-919
-903
-943
-955
-931
-893
-791
-747
-501
-204
46
320
559
907
1082
1252
1401
1422
1384
1237
1153
972
812
614
462
382
290
255
155
139
80
-9
-125
-277
-419
-612
-792
-931
-994
-1034
-1010
-923
-749
-502
-249
29
280
558
774
935
1066
1136
1164
1102
1016
911
833
737
628
528
446
414
334
265
177
61
-85
-249
-387
-553
-670
-779
-772
-707
-623
-494
-338
-148
0
145
250
333
351
346
326
277
236
158
132
133
155
156
146
164
161
130
65
-28
-128
-227
-348
-436
-493
-525
-532
-488
-389
-260
-129
-5
109
193
268
291
303
296
272
244
215
197
184
175
160
134
98
51
-33
-139
-257
-397
-537
-667
-792
-880
-942
-978
-1001
-1002
-989
-1003
-967
-967
-955
-933
-909
-843
-806
-701
-536
-302
-91
135
416
724
978
1145
1338
1416
1421
1341
1234
1114
912
736
543
404
302
234
180
140
109
34
-50
-172
-265
-409
-582
-726
-853
-897
-904
-848
-723
-532
-305
-61
224
514
772
940
1049
1124
1133
1068
960
847
732
613
508
433
411
388
357
319
278
196
72
-76
-230
-394
-573
-711
-786
-792
-785
-680
-532
-355
-174
4
193
289
363
371
369
341
274
215
156
140
123
149
197
243
270
268
256
193
107
-4
-133
-255
-364
-422
-439
-426
-376
-281
-159
-24
118
238
299
334
354
329
285
216
160
127
93
76
67
60
56
43
29
-14
-86
-195
-311
-420
-525
-646
-740
-804
-856
-871
-878
-849
-832
-800
-757
-722
-673
-632
-609
-569
-521
-473
-318
-144
51
243
465
713
869
1068
1207
1283
1271
1177
1105
964
809
631
488
374
279
206
143
121
70
26
-69
-163
-253
-404
-553
-691
-795
-865
-882
-825
-706
-524
-305
-61
181
426
628
780
885
905
891
813
723
626
534
444
365
330
316
308
284
258
209
122
-3
-147
-258
-410
-569
-646
-700
-663
-617
-517
-356
-211
-50
65
185
257
274
257
241
192
131
100
85
118
145
189
230
263
290
266
215
140
33
-65
-174
-289
-366
-426
-439
-406
-350
-237
-139
-45
59
150
203
203
203
185
150
86
24
-7
-38
-56
-62
-46
-31
-31
-28
-50
-89
-162
-264
-370
-485
-595
-711
-801
-873
-915
-928
-898
-844
-795
-734
-674
-616
-555
-500
-453
-407
-377
-276
-152
-22
142
319
537
706
878
1019
1099
1131
1104
1053
931
794
631
480
342
230
163
108
86
52
14
-33
-89
-185
-304
-426
-544
-648
-721
-746
-741
-676
-554
-372
-165
47
248
412
548
641
685
674
613
536
466
385
304
229
174
147
130
117
122
103
69
-4
-81
-156
-280
-372
-448
-481
-507
-506
-439
-367
-263
-177
-69
43
115
181
232
257
267
266
263
273
270
277
289
282
282
269
241
214
159
104
49
-28
-81
-134
-159
-180
-204
-184
-153
-110
-56
-1
45
72
89
89
79
56
30
-3
-17
-20
-30
-47
-64
-69
-85
-92
-112
-149
-198
-271
-351
-447
-539
-625
-698
-739
-784
-806
-828
-818
-772
-713
-623
-551
-465
-384
-309
-236
-102
17
126
272
419
601
717
872
1012
1086
1120
1087
1067
985
875
739
615
501
387
291
210
183
118
60
8
-53
-116
-232
-342
-443
-529
-611
-649
-633
-586
-487
-359
-191
-10
162
315
444
552
614
628
594
538
478
414
337
270
230
188
154
113
107
88
44
-1
-61
-107
-188
-275
-344
-393
-423
-451
-437
-387
-320
-242
-141
-29
80
166
228
286
315
333
337
304
272
248
213
197
182
164
152
122
92
58
29
-1
-47
-79
-107
-142
-164
-162
-140
-123
-86
-41
-17
20
39
55
62
63
63
45
34
9
-12
-38
-51
-57
-77
-89
-107
-134
-183
-236
-300
-378
-446
-504
-574
-657
-716
-739
-743
-723
-669
-620
-564
-502
-445
-355
-281
-213
-140
-71
58
155
256
365
484
603
669
782
850
882
875
836
807
726
627
519
445
368
284
211
145
92
25
-33
-99
-176
-269
-364
-444
-511
-563
-601
-580
-533
-452
-363
-247
-112
15
145
247
348
415
454
465
441
410
348
277
206
159
132
89
73
60
51
34
-3
-39
-62
-109
-179
-230
-281
-313
-321
-320
-280
-224
-171
-103
-16
59
125
172
207
236
239
233
211
201
186
154
124
116
108
83
49
29
4
-36
-75
-133
-171
-214
-252
-260
-271
-255
-243
-227
-191
-140
-93
-47
0
34
62
70
67
58
41
24
7
1
-15
-37
-55
-72
-93
-119
-144
-181
-243
-304
-375
-436
-490
-539
-574
-586
-572
-549
-513
-470
-402
-320
-231
-147
-60
36
134
249
328
404
487
558
612
654
713
743
736
721
716
705
674
621
555
493
401
300
196
103
21
-77
-155
-232
-300
-360
-412
-427
-417
-402
-369
-319
-265
-206
-142
-68
19
97
174
231
271
315
326
334
318
322
304
266
238
198
166
130
96
68
39
-4
-42
-82
-135
-182
-233
-249
-240
-226
-219
-190
-135
-79
-20
33
93
134
174
198
202
192
180
160
145
129
110
87
54
22
-14
-42
-81
-120
-159
-195
-239
-272
-307
-334
-352
-359
-354
-344
-313
-287
-249
-200
-158
-132
-96
-61
-45
-30
-19
-12
-19
-32
-44
-58
-71
-102
-130
-160
-193
-234
-274
-313
-351
-372
-388
-394
-385
-362
-346
-322
-285
-250
-192
-116
-47
32
115
185
249
314
376
436
504
558
594
632
649
668
673
666
657
640
612
574
526
468
409
340
263
194
118
40
-34
-95
-153
-184
-209
-221
-208
-204
-184
-167
-152
-131
-108
-72
-28
12
49
76
97
105
118
106
103
92
76
52
20
-11
-43
-59
-73
-69
-93
-125
-170
-208
-232
-261
-270
-276
-250
-226
-222
-200
-176
-138
-96
-56
-13
29
44
66
70
67
58
30
13
0
-13
-29
-44
-67
-81
-99
-115
-139
-155
-189
-226
-256
-291
-304
-321
-334
-338
-328
-317
-302
-287
-254
-214
-181
-157
-122
-77
-42
-16
10
39
53
62
66
96
118
143
174
197
228
233
236
232
232
223
200
176
148
131
102
86
66
59
59
61
79
95
122
139
159
194
223
257
293
321
351
381
397
426
462
491
519
537
547
535
501
472
427
372
316
253
184
115
48
-36
-102
-166
-214
-238
-270
-284
-290
-298
-308
-306
-304
-288
-268
-262
-236
-215
-196
-182
-163
-135
-106
-93
-83
-69
-68
-68
-68
-72
-85
-100
-121
-146
-175
-211
-241
-263
-285
-295
-289
-279
-260
-248
-239
-219
-196
-172
-145
-116
-85
-62
-45
-18
-7
-6
-11
-7
-1
-4
-17
-44
-67
-94
-122
-146
-169
-189
-213
-232
-240
-257
-265
-263
-255
-243
-222
-195
-161
-121
-73
-15
45
100
151
205
258
303
328
339
343
340
339
338
336
320
290
268
239
202
161
125
93
56
16
-26
-56
-80
-84
-75
-56
-26
9
42
77
117
157
196
227
263
292
319
341
351
365
375
383
384
376
368
344
305
263
215
167
118
68
21
-26
-80
-133
-184
-230
-249
-269
-283
-294
-315
-328
-344
-349
-345
-341
-336
-324
-309
-294
-277
-266
-251
-234
-219
-213
-198
-188
-169
-148
-142
-127
-128
-138
-144
-162
-165
-181
-198
-216
-221
-214
-198
-170
-153
-123
-97
-70
-44
-10
22
41
63
86
112
129
138
153
167
180
184
182
175
169
156
134
107
70
36
1
-21
-43
-60
-67
-71
-64
-67
-57
-41
-31
-10
-2
16
33
56
87
119
156
180
208
228
241
248
262
268
264
268
258
256
248
234
218
193
178
156
138
122
102
77
48
22
4
-1
-16
-19
-12
6
22
29
50
64
75
86
104
126
142
158
175
203
231
247
256
258
252
227
186
149
110
55
-7
-66
-124
-183
-247
-304
-348
-383
-412
-431
-449
-459
-464
-472
-472
-463
-452
-423
-384
-344
-307
-268
-242
-223
-203
-171
-133
-107
-80
-67
-56
-43
-36
-31
-31
-39
-47
-50
-57
-61
-60
-61
-55
-45
-39
-27
-2
20
47
67
98
123
141
165
179
199
207
217
228
232
234
242
240
237
233
220
213
204
185
153
120
97
72
49
20
-7
-19
-46
-57
-51
-41
-26
-18
-10
8
28
47
62
84
106
121
135
149
174
187
201
215
221
224
221
215
207
190
174
152
120
92
59
15
-18
-52
-75
-95
-106
-107
-109
-108
-113
-107
-98
-99
-94
-89
-79
-70
-65
-56
-43
-23
4
35
57
96
117
121
115
99
84
50
8
-34
-79
-125
-161
-194
-232
-251
-269
-281
-292
-303
-310
-314
-313
-301
-297
-289
-277
-267
-237
-223
-201
-178
-160
-132
-112
-84
-61
-45
-23
-5
4
6
10
25
30
32
31
24
20
25
27
34
55
67
78
102
120
139
158
174
188
197
206
216
229
243
245
244
250
253
261
274
276
274
268
253
247
222
196
172
142
109
73
43
11
-16
-43
-65
-73
-80
-89
-98
-98
-101
-97
-82
-69
-60
-48
-28
-11
3
23
45
57
68
79
82
81
73
61
43
22
-6
-39
-76
-114
-151
-181
-199
-217
-231
-238
-232
-228
-226
-211
-193
-169
-153
-139
-126
-107
-91
-81
-58
-36
-21
-17
-10
3
10
20
26
17
5
-6
-6
-13
-27
-41
-50
-66
-83
-95
-108
-112
-122
-130
-126
-122
-111
-101
-91
-76
-62
-46
-36
-30
-16
0
19
36
46
62
79
98
110
116
133
143
139
135
144
142
135
123
109
87
64
55
44
44
39
37
50
51
61
78
101
116
132
144
155
170
177
180
184
182
180
170
157
152
145
136
119
108
88
62
35
9
-23
-45
-63
-84
-93
-107
-115
-124
-132
-126
-119
-106
-98
-80
-61
-40
-15
9
28
40
54
54
62
63
59
63
56
51
46
37
23
19
3
-21
-41
-62
-90
-115
-130
-138
-150
-153
-154
-153
-141
-139
-133
-124
-111
-100
-93
-85
-66
-61
-61
-54
-34
-7
3
15
31
33
38
45
47
50
43
32
16
-5
-25
-41
-55
-72
-91
-104
-103
-102
-95
-84
-75
-65
-60
-52
-38
-25
-7
-3
3
10
14
31
42
46
55
77
89
93
100
104
104
100
97
96
99
102
94
91
86
83
79
71
64
64
63
61
67
79
85
102
122
128
137
144
148
152
155
154
150
144
122
103
79
54
34
19
0
-15
-29
-57
-73
-83
-91
-106
-114
-125
-144
-156
-156
-162
-162
-149
-136
-127
-119
-96
-82
-69
-41
-28
-20
-16
-8
-1
4
4
3
-3
-4
-10
-10
-1
0
5
7
4
-3
-9
-14
-15
-19
-23
-29
-33
-36
-41
-42
-49
-39
-34
-35
-37
-31
-28
-25
-22
-19
-10
2
5
13
19
22
28
28
33
27
21
14
7
3
-14
-29
-44
-64
-74
-80
-88
-95
-98
-103
-103
-93
-84
-69
-54
-36
-17
1
10
19
34
42
52
53
46
43
44
35
29
22
12
5
-5
-8
-6
-3
0
12
21
29
33
43
52
59
63
66
68
63
63
65
66
70
71
75
84
88
89
89
88
80
68
60
50
38
25
12
-5
-20
-26
-36
-48
-60
-66
-73
-85
-98
-107
-110
-119
-121
-123
-124
-118
-109
-94
-72
-51
-33
-15
2
16
26
35
40
48
57
54
51
44
38
33
24
16
8
0
-4
-11
-12
-16
-26
-34
-36
-47
-65
-75
-73
-73
-75
-63
-53
-46
-32
-13
-3
3
11
19
25
38
46
55
53
51
54
54
49
43
44
41
42
38
39
32
23
18
19
21
23
29
29
28
24
18
10
12
11
7
6
10
7
2
-1
-2
-4
3
11
6
9
14
13
14
12
9
1
4
8
7
12
15
11
7
6
7
7
10
15
16
15
11
10
12
19
28
33
31
23
23
26
23
21
20
13
3
-4
-9
-15
-14
-18
-25
-31
-33
-37
-40
-48
-49
-55
-58
-58
-63
-68
-69
-67
-71
-66
-52
-37
-27
-16
-9
-1
13
22
24
26
30
31
36
37
31
26
21
19
15
16
22
22
16
11
5
-8
-13
-19
-29
-33
-32
-36
-42
-44
-46
-42
-37
-28
-20
-13
-6
3
7
6
13
18
20
