-40
-46
-49
-59
-67
-63
-66
-61
-55
-59
-55
-57
-61
-59
-66
-64
-63
-64
-56
-61
-59
-59
-48
-24
-18
-3
6
16
26
23
25
24
26
19
16
3
-6
-6
-7
-6
5
12
22
35
47
55
43
54
57
68
67
61
65
61
71
75
76
69
66
60
54
44
29
23
16
23
11
5
11
2
1
-12
-16
-18
-29
-26
-35
-49
-51
-48
-51
-62
-76
-67
-47
-27
-25
-17
1
3
-6
-11
3
8
24
58
72
114
153
300
427
414
466
442
434
321
147
121
-11
-17
-19
-27
18
-12
138
194
206
224
175
114
-56
-186
-271
-301
-294
-245
-183
-174
-126
-74
-43
-53
-170
-209
-260
-349
-417
-486
-440
-438
-424
-394
-410
-400
-395
-451
-482
-516
-519
-470
-498
-432
-371
-307
-192
-161
-110
-75
-46
44
53
92
178
212
300
345
422
469
460
521
516
507
517
482
482
454
411
410
365
336
258
178
120
29
15
-12
-36
-37
-46
-40
-57
-46
-25
-10
6
7
64
105
153
163
213
297
289
351
384
402
390
376
375
351
334
340
344
269
278
225
144
81
-3
-44
-149
-200
-255
-337
-364
-389
-402
-410
-447
-470
-501
-546
-568
-601
-592
-620
-635
-648
-612
-562
-521
-500
-491
-434
-456
-450
-429
-346
-358
-334
-243
-162
-106
-127
-62
-23
11
38
103
126
133
186
256
299
323
362
378
340
308
339
332
270
226
276
282
237
251
273
227
166
131
124
57
-19
-50
-107
-127
-91
4
34
114
173
210
267
320
420
400
488
550
603
657
696
837
862
888
948
959
947
875
870
857
742
693
611
561
457
364
312
226
165
92
10
-84
-168
-227
-277
-354
-336
-374
-392
-397
-388
-367
-387
-356
-334
-334
-367
-372
-357
-385
-443
-482
-503
-607
-716
-803
-939
-1148
-1328
-1529
-1716
-1908
-2095
-1660
-1384
-1262
-1489
-1056
-340
-667
-520
21
442
-171
-493
574
781
363
619
1446
1756
1271
1923
2607
2132
1630
1574
1660
978
568
598
111
-315
-352
-209
-452
-787
-657
-861
-1270
-1332
-1251
-1511
-1969
-1807
-1533
-1582
-1400
-852
-493
-609
-401
200
338
155
217
495
510
368
656
1004
1083
1101
1315
1595
1579
1497
1415
1268
1056
846
653
509
390
330
246
230
388
383
336
265
274
216
-40
-85
-161
-283
-395
-387
-214
-209
-140
25
120
197
195
237
217
118
124
83
75
120
161
193
214
351
402
383
394
386
316
139
69
4
-148
-271
-320
-314
-423
-501
-525
-594
-745
-876
-1020
-1213
-1468
-1678
-1871
-2120
-2271
-2487
-2101
-1769
-1648
-1638
-1137
-367
-580
-346
358
752
232
74
1003
1012
499
825
1548
1558
1166
1840
2448
1950
1673
1826
1699
950
542
441
-269
-788
-830
-916
-1258
-1438
-1165
-1348
-1573
-1377
-1267
-1534
-1786
-1514
-1481
-1662
-1377
-923
-742
-723
-157
519
637
819
1162
1450
1435
1437
1678
1644
1569
1603
1647
1736
1752
1801
1709
1623
1650
1439
1180
956
763
518
109
39
-50
-250
-417
-423
-204
-356
-346
-210
-174
-271
-390
-220
-267
-424
-401
-320
-190
-135
66
290
382
565
687
796
838
847
826
702
711
644
500
417
416
374
246
233
262
158
-55
-193
-258
-468
-707
-825
-958
-1167
-1383
-1475
-1555
-1728
-1821
-1946
-2056
-2239
-2375
-2481
-2569
-2118
-1958
-1902
-1780
-1142
-631
-821
-196
532
673
327
714
1461
1075
805
1362
1644
1336
1303
2036
2137
1622
1820
1956
1680
1181
1043
733
-50
-282
-455
-861
-1222
-1241
-1225
-1519
-1352
-1050
-1146
-1272
-1077
-793
-977
-977
-575
-529
-609
-400
134
332
340
784
1107
1308
1496
1782
1889
1827
1947
1953
1846
1807
1728
1518
1351
1354
1259
924
806
744
512
271
211
204
-112
-338
-345
-407
-592
-728
-637
-669
-791
-706
-580
-517
-574
-538
-443
-438
-375
-359
-303
-255
-175
-76
23
166
251
243
235
327
358
255
218
244
149
-3
-23
-2
-120
-266
-314
-340
-447
-529
-522
-583
-723
-764
-796
-888
-1020
-1131
-1210
-1336
-1422
-1499
-1596
-1657
-1798
-1829
-1919
-1849
-1442
-1371
-1270
-1120
-530
-280
-383
276
741
757
526
986
1436
949
915
1365
1401
1073
1129
1751
1634
1270
1564
1627
1405
1075
1052
765
109
-59
-345
-733
-1034
-1102
-1192
-1432
-1214
-1020
-1058
-928
-601
-390
-484
-262
111
33
-29
153
487
439
463
846
1028
1152
1352
1622
1721
1709
1805
1764
1646
1592
1374
1137
950
840
587
287
299
191
-49
-209
-166
-120
-409
-405
-273
-346
-491
-585
-372
-480
-644
-593
-571
-519
-617
-474
-306
-315
-186
-102
59
162
170
227
160
259
294
178
196
157
111
-11
4
102
-3
-83
-46
6
-59
-146
-112
-169
-338
-401
-414
-444
-575
-643
-649
-737
-837
-903
-928
-975
-1091
-1134
-1177
-1262
-1381
-1490
-1605
-1438
-1257
-1302
-1266
-950
-486
-559
-279
407
639
502
628
1290
1183
763
1035
1286
997
714
1091
1306
953
980
1269
1204
997
968
954
510
251
142
-235
-574
-767
-885
-1194
-1205
-995
-1058
-1072
-729
-370
-356
-283
161
329
218
333
609
653
477
643
829
811
906
1069
1192
1232
1361
1452
1395
1479
1487
1272
1089
1047
873
445
244
189
-88
-392
-433
-414
-540
-640
-524
-385
-457
-431
-360
-315
-340
-397
-359
-396
-388
-403
-412
-322
-264
-236
-166
-51
148
184
262
419
507
499
426
474
397
241
142
64
-49
-214
-278
-271
-317
-356
-359
-325
-306
-321
-320
-314
-345
-455
-567
-610
-719
-830
-972
-1046
-1070
-1187
-1216
-1283
-1312
-1387
-1475
-1552
-1400
-1220
-1342
-1334
-1048
-657
-737
-551
68
265
124
274
877
865
568
886
1223
1016
845
1190
1409
1111
1108
1359
1303
1129
1104
1136
810
652
609
327
43
-104
-252
-574
-690
-602
-767
-910
-693
-496
-522
-492
-39
157
111
296
555
596
451
563
629
564
580
632
628
676
836
896
881
1007
1071
904
837
894
752
374
216
179
-121
-447
-531
-531
-750
-818
-711
-642
-655
-619
-473
-424
-333
-286
-308
-315
-275
-249
-377
-392
-317
-389
-418
-273
-92
-84
-64
208
374
378
419
537
557
400
380
401
267
97
11
-9
-69
-108
-92
-59
-9
33
86
169
200
199
105
54
-16
-173
-371
-569
-659
-887
-1061
-1126
-1201
-1313
-1456
-1453
-1437
-1516
-1320
-1189
-1202
-1159
-903
-644
-764
-489
-59
15
-30
259
701
592
570
964
1093
939
987
1324
1350
1133
1307
1381
1218
1089
1094
982
650
594
450
144
-76
-194
-389
-666
-685
-640
-805
-826
-625
-526
-552
-380
-22
-1
-17
140
307
268
241
404
402
361
423
512
547
580
714
780
768
853
878
815
778
744
636
425
367
270
36
-121
-190
-246
-418
-416
-387
-435
-445
-369
-205
-235
-196
-62
-37
-55
-93
-28
-72
-143
-127
-174
-194
-202
-184
-125
-90
52
139
204
316
352
378
357
388
347
227
184
80
-49
-142
-183
-179
-231
-195
-119
-91
-70
-44
-3
-48
-89
-153
-259
-389
-536
-663
-799
-919
-1043
-1153
-1250
-1311
-1388
-1422
-1468
-1373
-1194
-1191
-1097
-901
-637
-597
-415
42
187
183
346
736
782
594
812
1056
962
897
1121
1319
1144
1171
1376
1332
1213
1123
1097
848
642
513
237
4
-167
-334
-550
-647
-588
-707
-810
-645
-505
-491
-460
-188
-28
-60
76
296
378
315
403
530
523
509
520
533
549
521
543
556
622
675
604
637
627
559
396
307
273
58
-147
-305
-413
-564
-735
-775
-767
-787
-763
-649
-507
-379
-300
-172
-49
2
33
26
42
2
-53
-74
-80
-105
-139
-105
-15
60
131
240
333
401
447
494
501
461
387
333
270
188
81
-2
-35
-68
-81
-47
-1
17
35
85
141
164
164
146
88
16
-119
-282
-425
-547
-707
-880
-990
-1122
-1283
-1396
-1391
-1419
-1340
-1230
-1226
-1143
-939
-763
-711
-512
-216
-125
-93
137
412
389
367
626
763
712
790
1006
1048
924
1047
1167
1077
1004
1012
946
739
687
597
372
180
77
-112
-358
-439
-477
-633
-695
-543
-466
-498
-398
-136
-57
-9
174
316
286
238
293
255
183
141
110
49
66
86
106
149
228
280
261
330
400
365
262
247
231
81
-34
-64
-134
-269
-309
-260
-294
-330
-275
-232
-155
-56
54
108
154
243
260
284
307
288
204
114
98
64
-33
-70
-38
-40
-48
44
158
199
255
352
456
497
489
498
476
411
333
279
236
131
62
9
8
43
-11
3
37
80
62
37
63
-13
-115
-238
-357
-493
-693
-877
-1018
-1146
-1302
-1445
-1543
-1614
-1715
-1751
-1615
-1505
-1501
-1390
-1111
-947
-895
-623
-293
-190
-123
151
402
378
382
639
799
794
886
1117
1195
1182
1360
1492
1472
1441
1454
1364
1201
1079
905
668
483
314
76
-128
-234
-335
-506
-532
-431
-435
-492
-425
-278
-305
-335
-235
-174
-234
-276
-237
-244
-273
-291
-299
-258
-201
-156
-102
14
182
265
314
427
557
568
539
589
613
508
414
408
365
240
146
100
29
-59
-99
-84
-79
-84
-56
9
37
61
79
89
100
91
67
32
36
-9
-30
-25
-7
59
79
145
220
299
388
432
534
594
623
622
620
586
469
416
343
256
166
112
69
21
-46
-41
-25
-64
-110
-144
-145
-243
-326
-419
-519
-641
-797
-943
-1093
-1236
-1392
-1518
-1583
-1644
-1719
-1771
-1768
-1619
-1576
-1576
-1388
-1150
-1032
-922
-565
-289
-188
0
305
550
591
705
936
1024
1048
1151
1297
1341
1310
1386
1367
1299
1261
1170
1045
909
811
600
388
253
55
-160
-349
-422
-548
-732
-779
-774
-821
-871
-779
-661
-655
-582
-431
-334
-254
-140
-39
32
134
208
265
363
456
514
541
632
744
757
764
856
902
848
812
843
819
698
661
636
547
418
309
211
75
-13
-113
-203
-250
-291
-324
-312
-240
-232
-252
-203
-124
-108
-134
-104
-45
-89
-166
-136
-113
-133
-153
-98
-31
-13
50
117
181
212
253
310
358
381
349
293
272
218
140
74
47
12
-102
-164
-182
-216
-291
-349
-368
-428
-511
-561
-623
-691
-762
-853
-924
-974
-1044
-1136
-1179
-1192
-1264
-1327
-1330
-1275
-1170
-1144
-1055
-835
-607
-483
-293
54
265
374
560
819
939
976
1054
1185
1235
1230
1259
1315
1314
1265
1260
1208
1139
1048
936
833
747
623
432
293
192
21
-143
-269
-394
-547
-698
-769
-804
-864
-926
-865
-778
-762
-697
-526
-370
-264
-129
10
133
213
266
314
380
384
330
348
383
366
346
363
411
427
404
445
460
444
395
358
340
290
197
91
46
-32
-115
-203
-247
-265
-306
-348
-311
-251
-261
-227
-128
-34
3
61
149
205
210
218
258
248
203
199
231
236
226
252
280
296
329
370
411
447
457
444
406
384
332
245
170
90
6
-109
-192
-261
-346
-401
-417
-437
-491
-543
-552
-558
-573
-593
-640
-676
-718
-776
-810
-869
-933
-993
-1041
-1089
-1124
-1085
-1065
-1083
-986
-830
-723
-624
-374
-138
1
209
433
618
715
820
920
999
1005
979
995
1001
938
903
899
851
788
706
645
575
487
372
264
175
63
-67
-164
-268
-400
-522
-607
-663
-721
-764
-776
-703
-647
-599
-491
-345
-217
-85
59
150
251
316
345
382
388
368
334
341
321
256
231
244
269
251
265
305
326
322
330
366
363
297
262
241
158
52
-23
-87
-150
-217
-245
-258
-261
-250
-222
-146
-79
-11
44
100
158
185
194
192
196
169
116
104
102
71
52
86
113
112
144
222
276
303
329
361
399
402
367
331
275
181
90
18
-59
-119
-205
-276
-307
-348
-365
-385
-395
-394
-418
-445
-478
-510
-561
-643
-706
-792
-912
-1026
-1105
-1156
-1148
-1140
-1177
-1121
-956
-841
-727
-399
-125
20
239
542
758
892
1022
1138
1212
1220
1197
1187
1188
1093
1041
1010
972
883
798
746
654
601
489
371
279
142
-14
-154
-292
-438
-605
-727
-806
-895
-967
-999
-948
-915
-884
-738
-575
-448
-329
-166
-5
112
216
286
351
370
349
335
342
338
298
284
299
314
343
387
413
460
479
469
464
469
412
336
263
186
91
-45
-140
-219
-297
-383
-401
-387
-403
-382
-312
-263
-214
-145
-67
3
44
67
71
100
116
100
94
114
110
98
125
155
192
237
273
346
395
409
421
427
423
399
370
334
278
203
109
3
-69
-149
-232
-323
-403
-471
-536
-585
-621
-629
-669
-680
-703
-751
-790
-821
-857
-909
-949
-991
-1071
-1032
-1006
-1057
-982
-801
-679
-592
-320
-94
19
237
513
685
826
962
1037
1103
1130
1105
1091
1104
1025
945
859
782
688
548
473
391
325
219
100
41
-81
-186
-264
-362
-456
-538
-602
-658
-687
-717
-738
-664
-561
-515
-420
-295
-182
-63
67
197
312
390
411
481
523
521
530
566
565
485
443
430
385
347
320
281
277
243
199
175
158
106
41
27
-20
-112
-188
-252
-327
-365
-410
-454
-432
-446
-477
-441
-373
-337
-303
-245
-170
-111
-60
-19
22
57
44
62
104
116
125
137
149
176
197
214
248
286
293
292
336
376
362
353
335
289
239
159
103
46
-42
-122
-213
-282
-338
-388
-417
-441
-450
-450
-470
-484
-452
-474
-508
-517
-551
-610
-662
-685
-784
-798
-759
-807
-809
-659
-551
-538
-318
-60
53
220
496
676
808
954
1055
1135
1201
1200
1157
1131
1060
951
863
794
694
564
455
391
313
208
126
100
48
-40
-83
-141
-215
-304
-393
-456
-507
-569
-628
-610
-581
-578
-523
-423
-316
-220
-111
14
160
272
330
404
476
468
428
424
389
307
252
214
163
155
124
106
134
142
142
146
190
195
164
145
94
12
-81
-163
-232
-292
-368
-438
-469
-496
-536
-506
-458
-432
-379
-311
-236
-168
-98
-59
-7
40
44
52
66
73
79
80
88
106
139
169
202
271
327
363
413
470
483
477
467
442
391
314
247
168
65
-44
-137
-212
-293
-351
-383
-410
-440
-465
-483
-475
-492
-526
-534
-565
-598
-642
-684
-758
-832
-904
-973
-951
-949
-984
-922
-766
-691
-572
-310
-119
17
256
476
610
758
882
943
970
1002
937
875
853
764
656
584
541
467
369
332
323
259
201
170
127
44
-33
-106
-223
-328
-427
-519
-592
-626
-678
-698
-656
-624
-563
-467
-343
-230
-126
-19
98
197
274
313
360
393
378
364
367
348
305
301
292
286
289
293
307
355
367
340
327
316
265
199
155
94
5
-94
-178
-236
-297
-403
-440
-437
-461
-444
-399
-364
-317
-244
-195
-125
-60
-29
-14
48
93
85
92
128
140
123
162
197
225
264
312
389
440
470
500
529
547
521
509
459
386
313
207
99
17
-74
-174
-240
-280
-341
-387
-392
-404
-417
-428
-428
-406
-420
-427
-420
-446
-479
-540
-578
-632
-698
-746
-785
-756
-738
-741
-652
-529
-463
-341
-132
28
125
308
490
582
690
784
799
814
822
765
692
667
603
495
445
420
352
255
215
217
133
39
3
-50
-153
-249
-310
-392
-503
-590
-630
-681
-709
-721
-720
-678
-617
-559
-461
-332
-206
-75
32
141
258
296
333
392
432
411
380
421
405
376
372
361
362
363
383
413
442
455
451
436
435
384
313
249
188
109
-14
-80
-137
-203
-260
-258
-223
-211
-183
-120
-61
17
78
137
203
241
265
290
317
317
305
316
345
353
369
382
409
437
437
448
472
487
470
429
409
351
272
171
89
17
-99
-207
-300
-377
-457
-539
-567
-574
-624
-632
-609
-603
-594
-573
-550
-550
-547
-552
-566
-576
-573
-621
-667
-683
-714
-766
-787
-744
-723
-726
-650
-538
-482
-400
-241
-115
-32
87
206
276
341
415
413
423
439
404
375
374
345
283
232
233
193
127
117
106
78
34
15
-23
-84
-132
-168
-220
-243
-272
-304
-310
-277
-260
-262
-192
-127
-62
27
134
235
310
387
469
541
583
598
634
643
612
606
607
594
567
557
523
489
480
446
411
389
360
311
248
204
145
75
23
-44
-113
-180
-232
-266
-280
-293
-299
-285
-260
-221
-197
-146
-83
-43
0
38
89
127
155
191
206
228
236
234
252
264
259
259
261
246
214
208
181
151
111
77
43
-11
-58
-117
-171
-221
-253
-299
-321
-342
-350
-341
-344
-319
-289
-258
-233
-194
-163
-138
-133
-119
-122
-134
-125
-146
-163
-206
-251
-299
-341
-374
-423
-459
-472
-494
-525
-492
-472
-447
-402
-333
-290
-248
-165
-107
-49
6
57
80
107
142
162
177
200
218
228
247
256
260
248
247
239
211
194
174
149
101
73
45
-17
-56
-88
-105
-130
-130
-130
-121
-87
-42
9
60
143
203
261
300
346
384
399
444
456
472
470
476
485
459
441
437
418
397
378
354
324
291
250
203
173
128
70
30
-24
-75
-119
-159
-182
-221
-232
-244
-241
-226
-218
-190
-164
-150
-118
-92
-70
-31
-9
27
46
57
83
86
95
98
97
98
92
96
86
59
43
42
35
7
-32
-51
-70
-74
-88
-101
-119
-125
-131
-121
-109
-90
-73
-53
-23
-19
-17
-28
-18
-18
-28
-41
-61
-89
-111
-144
-178
-210
-260
-280
-329
-383
-438
-486
-544
-595
-609
-645
-686
-708
-686
-698
-665
-594
-561
-512
-425
-343
-286
-181
-97
-31
54
131
164
219
280
303
341
362
373
378
374
372
363
343
320
324
308
275
261
252
211
184
169
138
136
140
152
146
163
193
192
223
258
272
294
315
332
344
352
346
352
357
338
317
310
291
260
243
198
168
157
120
77
44
-5
-55
-89
-134
-181
-227
-238
-275
-316
-317
-325
-335
-318
-294
-290
-246
-206
-173
-140
-95
-61
-31
7
16
39
54
50
70
86
77
79
77
73
78
82
97
104
117
117
117
122
125
116
117
121
117
111
116
121
121
130
142
162
175
189
202
214
203
193
183
155
126
82
36
-32
-67
-131
-192
-231
-294
-354
-404
-443
-485
-531
-574
-607
-637
-651
-689
-697
-690
-680
-672
-626
-563
-521
-452
-377
-299
-213
-131
-45
42
124
179
239
308
339
367
403
413
423
419
424
430
420
399
385
380
362
357
344
324
307
292
268
252
235
217
205
208
206
195
197
223
237
237
239
246
253
242
226
220
196
169
156
117
84
44
28
1
-24
-37
-59
-77
-103
-129
-163
-185
-204
-216
-228
-231
-226
-220
-213
-185
-163
-132
-99
-58
-22
3
38
71
99
127
140
153
162
162
167
149
139
138
138
124
111
118
111
105
96
107
102
100
117
112
103
97
97
85
87
74
71
56
57
58
62
70
66
78
88
85
71
61
40
11
-20
-58
-96
-135
-188
-248
-298
-346
-402
-451
-500
-541
-579
-620
-665
-691
-708
-739
-737
-741
-744
-723
-688
-657
-618
-544
-492
-416
-333
-245
-165
-58
32
115
207
284
356
415
479
503
537
562
573
583
593
595
585
566
532
501
463
419
378
331
275
215
163
111
58
13
-34
-66
-97
-118
-146
-161
-172
-194
-206
-213
-215
-215
-214
-207
-197
-175
-165
-154
-123
-111
-93
-95
-76
-70
-68
-59
-62
-40
-37
-35
-15
-1
10
40
73
109
148
174
214
238
262
271
275
279
267
263
238
223
185
167
140
117
105
82
74
57
48
52
46
45
54
63
61
56
44
41
37
28
27
28
38
31
37
53
65
78
98
121
139
138
137
117
112
96
66
24
-21
-67
-125
-182
-249
-308
-362
-417
-465
-503
-531
-563
-594
-608
-629
-635
-642
-639
-627
-614
-600
-588
-551
-508
-474
-415
-344
-276
-189
-102
-19
61
148
230
293
356
414
455
499
520
535
536
533
526
513
514
485
467
438
418
387
361
335
299
262
223
190
151
124
94
71
43
14
-2
-31
-45
-59
-59
-68
-64
-47
-49
-33
-29
-20
-10
4
10
19
27
32
24
30
29
28
38
32
37
43
46
44
51
69
76
81
96
111
118
109
111
111
103
98
73
60
38
10
-10
-34
-59
-79
-87
-99
-91
-88
-86
-72
-67
-58
-55
-43
-28
-20
-13
-7
-2
-8
-5
-5
5
11
18
33
47
64
72
77
92
102
102
100
93
67
44
18
-18
-65
-114
-167
-230
-285
-336
-387
-428
-451
-470
-478
-479
-481
-472
-461
-439
-413
-377
-351
-334
-314
-300
-266
-242
-210
-185
-142
-96
-78
-27
36
87
141
207
266
322
363
413
436
454
476
469
462
458
440
414
388
361
332
299
270
237
212
176
153
134
116
85
71
53
12
-28
-63
-90
-116
-139
-160
-176
-177
-183
-186
-173
-166
-148
-135
-115
-85
-47
-21
3
25
46
58
74
87
82
97
118
119
105
105
101
122
126
121
124
124
120
113
111
105
93
76
56
24
0
-25
-54
-74
-104
-133
-137
-153
-156
-155
-154
-138
-129
-121
-95
-64
-35
-13
10
46
66
87
109
136
149
166
181
188
196
209
207
206
189
169
144
106
76
46
19
-19
-65
-110
-148
-206
-245
-276
-302
-318
-331
-341
-349
-336
-322
-306
-283
-253
-231
-209
-171
-144
-110
-91
-72
-43
-38
-20
-5
-5
1
6
14
22
38
71
86
99
120
136
141
162
185
192
200
204
207
201
199
195
196
179
171
153
138
122
113
110
102
91
72
58
45
33
36
37
35
37
32
31
18
26
21
22
33
38
44
50
61
69
65
67
67
64
55
49
44
36
16
-5
-21
-45
-60
-82
-108
-118
-125
-137
-139
-143
-144
-147
-146
-142
-153
-159
-169
-167
-166
-177
-176
-180
-191
-196
-207
-206
-190
-174
-157
-132
-113
-91
-61
-39
-13
11
36
58
81
90
96
111
118
112
108
103
97
93
79
72
70
65
62
52
44
38
31
16
-2
-9
-19
-31
-36
-42
-53
-57
-64
-69
-64
-59
-51
-25
-14
-8
0
13
23
31
44
65
65
69
76
81
91
86
98
108
110
107
110
100
105
103
99
97
89
76
62
38
21
-4
-17
-28
-39
-55
-75
-77
-104
-115
-121
-115
-107
-92
-82
-60
-50
-41
-27
-9
9
27
47
57
71
76
80
91
106
118
130
140
146
149
157
166
184
182
176
175
161
147
122
104
84
59
37
9
-23
-54
-85
-121
-140
-150
-160
-164
-170
-171
-172
-180
-184
-180
-183
-186
-183
-185
-183
-187
-182
-178
-177
-172
-168
-159
-149
-127
-107
-84
-56
-27
3
26
31
43
58
67
75
81
89
100
101
96
90
80
76
64
50
38
35
18
5
-3
-12
-17
-31
-44
-61
-68
-78
-85
-93
-92
-92
-99
-102
-113
-116
-110
-108
-104
-94
-72
-50
-38
-19
-5
18
26
40
57
82
98
110
125
136
149
155
161
158
168
169
172
163
159
156
151
140
129
118
110
97
79
64
51
46
35
25
16
23
22
23
16
20
23
21
32
44
47
53
53
49
53
58
67
64
67
70
73
72
72
69
61
54
40
27
17
0
-16
-38
-61
-81
-107
-128
-159
-182
-203
-223
-237
-243
-249
-265
-266
-271
-271
-269
-267
-263
-254
-240
-225
-209
-189
-169
-147
-117
-90
-56
-26
3
28
52
78
107
140
167
185
204
216
233
248
266
283
292
296
307
309
300
300
285
270
254
234
214
184
152
120
91
63
33
7
-17
-35
-54
-73
-86
-95
-105
-115
-121
-123
-121
-131
-131
-134
-139
-138
-134
-132
-132
-126
-120
-115
-108
-94
-86
-80
-69
-60
-55
-48
-39
-37
-33
-29
-27
-28
-29
-28
-20
-15
-13
-11
-1
-2
5
8
13
15
16
22
19
24
27
36
40
44
52
58
60
73
86
97
110
120
133
142
153
160
160
156
153
147
141
130
126
118
104
90
80
67
50
45
32
22
16
2
-18
-32
-45
-58
-70
-78
-90
-98
-109
-120
-130
-140
-147
-151
-153
-157
-152
-153
-155
-159
-157
-155
-153
-153
-146
-136
-130
-123
-110
-96
-81
-63
-43
-27
-11
6
17
33
47
64
76
84
96
105
114
119
121
117
114
108
110
101
101
98
93
89
84
80
66
53
45
31
19
5
-9
-26
-46
-57
-74
-84
-99
-108
-117
-127
-129
-130
-130
-131
-126
-122
-115
-105
-96
-89
-81
-75
-73
-70
-59
-52
-39
-31
-22
-11
-4
5
12
24
28
35
37
39
41
44
41
43
47
50
51
50
54
57
63
69
78
85
92
102
109
118
124
127
128
123
122
117
111
103
94
85
73
64
50
38
28
15
4
-10
-19
-34
-46
-58
-66
-77
-89
-98
-107
-110
-116
-119
-126
-132
-135
-136
-133
-128
-123
-115
-107
-100
-95
-84
-79
-69
-62
-55
-45
-38
-28
-18
-6
5
13
18
25
31
37
46
55
62
71
73
82
88
93
96
98
96
95
97
95
95
95
96
94
91
90
87
84
82
78
73
65
59
50
41
29
17
2
-17
-34
-51
-67
-84
-97
-112
-125
-140
-149
-161
-169
-173
-172
-171
-168
-163
-160
-156
-149
-140
-132
-123
-114
-102
-91
-73
-61
-47
-35
-23
-10
3
16
29
45
57
74
84
97
105
115
123
134
142
146
154
156
160
164
168
169
171
169
168
163
160
152
147
138
130
120
111
100
90
81
66
57
45
38
30
23
11
1
-8
-18
-23
-31
-38
-43
-52
-59
-62
-67
-71
-73
-75
-81
-80
-82
-80
-80
-78
-76
-74
-72
-70
-66
-65
-59
-57
-50
-49
-42
-42
-38
-34
-32
-30
-28
-26
-24
-20
-18
-13
-8
-3
2
11
15
23
26
32
36
41
45
47
50
53
59
61
65
66
69
68
67
66
62
58
53
49
40
32
21
13
2
-8
-19
-30
-44
-54
-66
-74
-85
-92
-98
-100
-103
-104
-102
-101
-98
-96
-88
-84
-75
-68
-60
-51
-41
-31
-22
-11
-4
1
7
11
16
20
23
26
29
31
33
35
36
39
39
40
41
41
42
42
43
44
45
44
43
41
39
36
34
29
27
23
21
16
13
10
6
4
-1
-4
-10
-14
-20
-22
-24
-24
-26
-27
-26
-26
-26
-26
-26
