18
14
11
9
8
5
3
-1
-4
-8
-8
-9
-9
-7
-9
-11
-13
-17
-18
-21
-23
-25
-27
-30
-32
-36
-40
-42
-41
-39
-36
-33
-31
-32
-34
-37
-37
-37
-35
-33
-32
-34
-37
-38
-38
-36
-31
-26
-20
-17
-13
-11
-9
-8
-7
-4
-2
2
3
4
6
6
8
12
17
23
27
31
35
37
39
41
43
44
43
43
41
39
38
40
40
43
42
41
40
41
41
42
42
40
38
37
33
30
23
19
15
13
13
12
13
12
9
6
4
-1
-2
-2
-3
-9
-16
-22
-29
-34
-38
-41
-43
-45
-45
-43
-43
-46
-47
-46
-46
-46
-44
-44
-48
-53
-55
-56
-55
-51
-48
-46
-46
-46
-46
-42
-34
-26
-20
-17
-18
-19
-18
-14
-9
-7
-2
3
8
15
22
28
32
39
48
58
65
69
69
70
71
74
78
80
81
84
88
92
96
99
102
107
112
115
119
121
122
117
113
109
103
98
97
96
91
83
78
75
68
62
55
45
33
25
16
8
-2
-17
-34
-49
-57
-63
-63
-65
-72
-86
-98
-108
-116
-121
-127
-134
-145
-158
-168
-179
-195
-208
-213
-216
-220
-220
-222
-227
-231
-230
-226
-225
-224
-220
-213
-205
-193
-182
-176
-170
-161
-150
-132
-107
-78
-48
-21
1
12
22
38
60
85
106
121
133
142
155
169
176
177
179
190
207
225
239
242
241
239
241
244
244
242
246
257
273
285
291
289
285
280
282
292
304
315
324
329
320
301
279
256
237
226
223
218
202
175
141
97
52
16
-10
-36
-67
-101
-140
-185
-226
-269
-315
-361
-402
-437
-461
-481
-500
-520
-545
-575
-606
-628
-639
-636
-619
-599
-582
-568
-551
-528
-504
-479
-445
-390
-317
-227
-133
-65
-35
-17
21
84
165
250
319
354
369
383
399
401
395
396
402
401
400
396
372
326
278
239
203
176
165
168
160
138
120
110
104
107
122
137
153
180
224
268
292
298
305
323
346
371
396
407
403
404
413
408
374
330
293
265
238
214
184
135
78
34
-9
-61
-111
-148
-170
-187
-205
-227
-249
-273
-284
-288
-288
-291
-284
-268
-253
-240
-237
-233
-233
-227
-224
-221
-217
-213
-211
-216
-236
-275
-319
-358
-382
-405
-431
-458
-493
-527
-568
-610
-641
-655
-649
-643
-643
-641
-615
-550
-435
-328
-277
-275
-251
-164
-25
133
275
367
395
416
463
522
554
582
616
654
665
650
633
561
458
367
319
257
202
174
149
78
-23
-101
-164
-206
-218
-207
-206
-200
-189
-144
-90
-78
-79
-46
11
68
130
198
251
265
289
324
339
323
326
359
372
375
372
355
317
262
204
159
123
81
62
73
63
37
35
44
29
12
21
61
90
105
137
154
161
172
201
239
242
237
261
295
293
291
303
295
262
244
252
238
232
210
190
159
102
56
21
-11
-40
-67
-93
-121
-160
-167
-213
-271
-334
-370
-420
-472
-505
-555
-587
-609
-655
-702
-728
-773
-811
-831
-848
-890
-923
-900
-808
-673
-554
-524
-587
-625
-561
-432
-235
-60
51
86
108
137
172
197
216
282
368
446
471
502
443
325
224
166
96
42
38
39
26
-38
-88
-150
-195
-227
-206
-175
-145
-102
-15
84
117
122
132
183
208
272
380
486
542
579
645
674
650
626
638
660
665
649
650
645
612
545
461
363
262
225
247
232
214
184
173
143
87
61
39
52
87
142
181
206
198
171
151
135
128
149
186
218
235
231
219
167
118
78
48
32
26
18
-18
-65
-124
-198
-269
-322
-352
-379
-416
-455
-512
-569
-618
-682
-758
-849
-948
-1038
-1107
-1162
-1225
-1256
-1245
-1150
-982
-751
-609
-687
-851
-875
-704
-439
-105
173
294
252
261
307
380
393
432
569
751
894
939
983
853
611
424
384
275
174
210
252
166
-6
-93
-198
-312
-413
-415
-387
-360
-306
-179
-46
-46
-151
-185
-123
-75
18
202
384
438
472
566
619
542
480
500
531
527
530
594
597
515
381
289
214
112
47
58
44
-39
-75
-53
-77
-147
-192
-221
-230
-206
-142
-49
-1
0
-1
32
59
55
72
112
168
191
233
278
279
248
225
206
203
204
222
252
228
164
104
49
-14
-56
-81
-83
-99
-108
-120
-121
-171
-255
-313
-338
-339
-335
-299
-288
-276
-298
-321
-354
-388
-415
-435
-429
-437
-461
-488
-505
-548
-601
-654
-670
-689
-679
-652
-623
-612
-567
-461
-344
-275
-275
-265
-244
-166
-42
97
195
237
255
281
328
337
317
328
365
391
428
437
397
312
231
160
96
43
21
24
14
-13
-37
-60
-86
-79
-53
-25
-4
39
127
208
259
299
320
366
408
461
532
591
631
664
697
686
657
620
597
578
561
531
483
437
406
358
299
231
148
90
80
85
101
105
94
100
104
104
121
139
139
135
167
204
205
196
189
184
147
127
133
132
115
79
36
0
-51
-98
-140
-198
-232
-268
-295
-313
-354
-419
-465
-515
-568
-614
-626
-628
-651
-673
-702
-731
-808
-909
-1000
-1068
-1117
-1171
-1224
-1243
-1259
-1160
-932
-661
-525
-592
-787
-917
-796
-520
-122
197
382
348
342
411
485
523
542
650
758
941
1076
1159
1078
877
659
548
459
337
332
393
393
261
177
115
19
-115
-162
-160
-172
-133
25
224
305
248
156
147
193
266
384
571
710
775
853
947
918
788
701
692
686
638
659
679
651
563
440
298
145
-2
-108
-138
-188
-247
-265
-226
-232
-289
-369
-429
-401
-344
-302
-296
-248
-175
-154
-110
-102
-90
-119
-102
-40
10
15
-21
14
41
30
-25
-1
1
-30
-47
-31
-35
-103
-144
-140
-159
-247
-287
-260
-212
-199
-183
-176
-182
-230
-263
-211
-157
-176
-188
-133
-84
-102
-147
-138
-181
-265
-313
-297
-300
-352
-406
-456
-533
-645
-791
-893
-955
-1055
-1109
-1143
-1160
-1169
-980
-655
-504
-680
-905
-879
-746
-452
-61
314
366
289
323
465
588
526
539
650
864
971
1110
1204
1047
766
634
648
460
332
377
492
379
275
213
98
78
-60
-126
-28
-39
-82
61
274
338
136
143
259
289
251
373
693
758
780
1019
1174
1077
854
775
761
626
510
516
531
449
211
45
-86
-241
-396
-433
-373
-404
-370
-323
-113
-53
-146
-155
-108
-69
-23
21
130
145
116
151
230
242
184
160
211
244
183
203
106
119
-182
59
-251
-344
66
-405
-271
-301
-137
-689
-368
-152
-574
-443
-344
-201
-460
-237
-214
-319
-514
-426
-418
-554
-496
-507
-508
-717
-676
-837
-961
-1100
-1211
-1355
-1596
-1650
-1774
-1788
-1816
-1812
-1576
-667
252
1001
921
704
862
980
1409
1875
2025
1569
1359
1194
788
426
384
274
127
250
414
266
76
-28
-314
-497
-535
-526
-397
-158
-31
-104
-174
-171
-139
-37
217
455
589
871
1179
1435
1481
1413
1143
952
874
777
694
726
727
494
336
258
36
-298
-453
-491
-536
-568
-492
-408
-432
-537
-605
-584
-508
-446
-324
-139
-47
-26
-2
110
219
291
314
254
251
248
318
341
228
4
-222
-298
-331
-305
-263
-188
-174
-164
-153
-138
-106
-114
-23
109
247
352
400
375
307
194
140
115
142
172
216
255
218
182
133
95
5
-47
-124
-175
-231
-266
-324
-445
-568
-698
-791
-883
-932
-997
-1011
-1036
-1008
-1112
-1238
-1439
-1655
-1677
-1615
-1508
-1377
-1059
-175
1231
2052
1968
1398
1285
1070
1196
1591
1422
866
261
131
-461
-875
-879
-803
-680
-407
33
-51
-167
-151
-239
-437
-459
-373
-309
-126
89
-4
-293
-373
-352
-70
268
632
806
1061
1318
1460
1524
1355
1062
713
644
476
325
223
222
97
-153
-194
-272
-332
-429
-340
-250
-202
-110
0
119
50
-21
-6
126
165
179
200
178
153
143
307
370
468
431
521
497
523
662
625
574
209
123
-83
-46
21
32
45
-1
-20
-128
-123
-136
-21
96
212
232
302
207
131
11
-92
-143
-237
-177
-169
-131
-219
-257
-310
-301
-219
-179
-133
-178
-211
-334
-373
-499
-602
-774
-925
-977
-1140
-1179
-1333
-1287
-1263
-1364
-1451
-1722
-1783
-1970
-1800
-1634
-1559
-1249
-354
1599
2705
2735
1881
1467
1040
966
1633
1551
981
30
-167
-784
-1177
-866
-592
-360
-123
467
344
98
150
59
-231
-280
-57
-51
-57
189
115
-369
-664
-547
-32
524
1150
1424
1588
1730
1884
2030
1852
1465
933
718
485
239
-23
-120
-225
-465
-504
-525
-471
-475
-334
-168
-109
-92
-52
156
259
220
46
-71
-135
-218
-225
-228
-231
-263
-109
4
146
104
212
495
540
556
264
348
136
165
86
-156
-155
-329
-137
-339
-294
-341
-319
-135
6
314
388
462
523
501
387
228
83
26
-99
-114
-218
-285
-369
-391
-265
-132
62
150
312
329
365
185
-6
-250
-434
-515
-750
-869
-1080
-1129
-1293
-1417
-1493
-1479
-1425
-1387
-1311
-1399
-1413
-1554
-1468
-1631
-1586
-1561
-615
1658
3091
3239
1746
1131
314
297
1283
1354
852
-367
-273
-852
-1048
-578
-544
-434
-216
719
753
572
632
190
-245
-260
100
38
-178
18
-170
-516
-668
-471
-6
464
1131
1380
1643
1665
1697
1735
1586
1204
471
171
-181
-283
-348
-239
-217
-391
-386
-414
-259
-247
-157
-29
133
250
283
372
307
123
-112
-272
-372
-420
-354
-274
-214
-181
-143
-79
-4
158
387
623
679
675
563
496
419
305
165
-108
-137
-200
-122
-80
-32
30
-12
107
226
440
569
601
622
548
442
296
129
29
-146
-291
-389
-392
-316
-257
-70
100
255
268
267
251
117
-63
-248
-380
-534
-711
-911
-1123
-1318
-1482
-1589
-1618
-1514
-1391
-1323
-1339
-1406
-1517
-1557
-1653
-1635
-1627
-1076
1061
3041
3788
2415
1250
298
-185
859
1298
1147
-327
-597
-1042
-1366
-673
-563
-400
-409
665
948
592
643
244
-183
-357
130
142
-317
-165
-132
-412
-654
-601
-226
267
1195
1675
1783
1746
1643
1748
1641
1420
606
11
-364
-610
-671
-709
-579
-715
-641
-487
-189
-15
16
176
263
445
483
587
601
467
192
-132
-310
-460
-458
-410
-290
-173
-19
139
224
438
633
703
628
572
522
479
478
228
-166
-491
-535
-473
-224
-47
-52
-97
-78
14
119
366
521
588
608
643
569
334
72
-99
-217
-302
-370
-380
-340
-302
-125
100
333
397
382
351
235
41
-254
-440
-580
-677
-863
-1144
-1368
-1489
-1573
-1629
-1574
-1563
-1552
-1567
-1432
-1488
-1636
-1758
-1728
-1450
-824
1377
3284
3788
2399
1004
385
13
1240
1703
1342
-101
-736
-984
-1441
-711
-483
-261
-118
711
1116
592
413
-92
-450
-411
99
212
-315
-388
-532
-900
-1100
-978
-455
233
1228
1826
1811
1612
1397
1489
1479
1240
610
179
-18
-331
-582
-832
-920
-1071
-942
-518
-89
156
157
274
391
499
503
519
584
545
426
216
9
-234
-409
-437
-361
-200
3
262
413
543
677
670
844
754
918
768
599
306
-97
-25
-327
-117
-211
-142
-240
-319
-112
-132
169
276
505
594
614
597
403
202
-6
-142
-200
-256
-251
-297
-391
-449
-405
-155
44
263
335
387
294
137
-70
-371
-577
-845
-927
-1207
-1423
-1632
-1730
-1744
-1907
-1823
-1889
-1843
-1802
-1797
-1737
-1918
-1757
-1772
-1123
1183
3331
3967
2274
981
182
39
1401
1950
1512
-283
-791
-1068
-1341
-503
-180
92
127
1007
1175
468
298
-193
-422
-163
599
683
-28
-192
-466
-948
-1167
-959
-255
550
1628
2149
1944
1528
1147
1394
1616
1570
972
497
316
-83
-474
-898
-1048
-1175
-899
-253
265
468
257
228
308
429
486
533
650
632
565
331
-38
-465
-791
-872
-738
-477
-133
82
267
270
283
422
459
619
588
799
624
452
211
-162
-297
-496
-267
-333
-188
-116
-44
66
112
268
355
535
636
636
517
361
107
-66
-345
-438
-448
-416
-440
-597
-535
-463
-176
-10
189
260
252
285
139
-79
-524
-848
-1121
-1241
-1322
-1431
-1510
-1716
-1780
-1830
-1828
-1801
-1661
-1544
-1569
-1492
-1323
-1263
-238
2358
4053
3614
1545
630
73
773
2235
2168
803
-1032
-1040
-1568
-1154
-206
119
168
342
1083
336
-240
-350
-434
-240
503
1175
603
-218
-588
-945
-1286
-1092
-603
320
1226
1977
1850
1307
851
675
1320
1746
1686
895
418
-59
-661
-1136
-1397
-1245
-1048
-474
-29
161
-180
-573
-570
-247
244
534
790
789
658
337
-80
-514
-750
-709
-507
-223
-10
65
-65
-112
-120
93
121
458
734
900
829
613
474
13
4
-114
11
60
188
140
-104
-111
-168
7
285
650
815
862
761
554
262
108
48
-20
-32
-66
-93
-354
-579
-684
-507
-201
58
250
341
373
227
-4
-298
-561
-737
-851
-1022
-1261
-1515
-1831
-2076
-2050
-2053
-2103
-2011
-1942
-1886
-2001
-1662
-1626
-845
1759
3798
3868
1512
588
82
806
2572
2690
1318
-1202
-1470
-1980
-1613
-364
280
495
323
716
-107
-774
-627
-352
80
973
1596
976
-232
-837
-1090
-1192
-669
-166
714
1358
1761
1466
914
737
841
1824
2662
2673
1658
736
3
-557
-819
-747
-534
-400
-144
-117
-172
-569
-813
-698
-104
605
973
1092
798
531
268
135
-14
-48
82
60
-61
-263
-358
-463
-403
-206
-5
203
349
415
312
457
448
425
339
283
241
39
60
-265
-354
-539
-512
-442
-232
72
123
270
240
240
107
111
129
200
189
60
-162
-358
-535
-782
-853
-712
-411
-265
-161
-133
-89
-78
-60
-130
-286
-379
-491
-680
-1101
-1418
-1691
-1845
-1926
-1919
-1969
-1975
-1952
-1753
-1843
-1767
-1771
-1114
1810
4130
4426
1548
202
121
1263
3620
3713
2156
-1164
-1730
-2055
-1523
26
787
951
248
385
-739
-1400
-980
-155
488
1299
1894
862
-593
-1331
-1058
-722
60
524
966
1184
1029
509
57
393
991
2242
2974
2619
1100
28
-496
-623
-351
-95
81
-331
-521
-953
-1114
-1137
-973
-474
13
488
352
210
1
69
336
644
717
531
350
40
-239
-456
-321
-155
71
123
-7
-238
-256
-140
249
600
852
689
423
354
216
364
255
324
72
-65
-254
-417
-341
-231
61
195
311
271
170
75
152
354
543
475
248
-42
-305
-596
-851
-797
-602
-358
-297
-286
-437
-488
-478
-411
-288
-312
-398
-763
-1079
-1361
-1519
-1665
-1955
-2094
-2157
-2134
-2140
-2092
-2057
-2176
-1980
-1678
697
3256
4062
1882
-73
290
1145
3679
4235
2962
-497
-1914
-1701
-1359
469
1255
1159
-347
-664
-1287
-1708
-667
402
947
876
1021
210
-914
-1243
-564
174
703
774
571
442
399
401
418
1061
1553
2252
2528
2043
855
186
403
621
814
537
37
-681
-959
-881
-616
-313
-290
-363
-416
-403
-485
-285
138
618
905
856
506
100
-29
56
249
327
381
234
13
-362
-568
-614
-132
364
503
353
-41
-70
-131
393
577
587
405
175
55
-257
-297
-393
-151
123
277
151
-136
-278
-291
-99
240
584
776
585
166
-110
-253
-269
-392
-321
-206
-230
-369
-563
-566
-528
-395
-359
-406
-481
-547
-677
-864
-979
-1152
-1299
-1620
-1795
-2009
-1988
-1860
-1930
-1918
-2329
-1962
-2174
-431
2385
3799
2394
-233
398
1043
3512
4657
3676
471
-1805
-965
-791
861
1614
1296
-551
-1634
-1563
-1919
-770
552
981
332
-76
-484
-1187
-1076
-12
730
917
497
-100
-210
113
682
963
1424
1415
1432
1593
1567
1001
675
1038
1098
773
64
-446
-798
-681
-393
-261
-266
-652
-1099
-1227
-860
-454
-207
25
165
106
35
14
166
416
634
590
291
12
-125
-78
-48
22
-73
158
99
102
-190
-279
-180
-96
528
522
537
-58
-206
-309
-93
208
203
224
18
-72
-301
-289
-152
122
164
256
212
328
333
243
211
140
182
-154
-265
-286
-141
-192
-341
-434
-473
-398
-451
-475
-643
-584
-629
-680
-736
-894
-1135
-1538
-1738
-1832
-1775
-1586
-1635
-1777
-2382
-2334
-2248
-243
2389
3122
1233
-889
517
1996
4495
4887
3086
-209
-1559
39
727
2084
2008
766
-1364
-2134
-1617
-1417
-97
801
366
-888
-1412
-1355
-1169
-307
676
700
84
-538
-705
19
943
1474
1312
1143
875
919
1483
1914
1697
1371
1340
940
422
121
-32
-52
41
-28
-436
-759
-944
-1102
-916
-596
-497
-650
-718
-616
-393
4
308
438
459
387
275
102
238
462
641
472
126
-76
-173
109
234
272
-82
-169
-125
65
397
314
128
-170
-150
-8
85
183
128
113
-18
-164
-133
-50
191
233
179
119
183
389
423
422
401
343
52
-224
-285
-166
-163
-230
-285
-412
-540
-683
-728
-797
-722
-754
-811
-893
-1022
-1318
-1616
-1766
-1803
-1659
-1704
-1777
-2122
-1898
-2036
-682
1267
1773
391
-994
854
2087
4001
4122
2597
133
-571
1290
1601
2234
1797
639
-953
-1387
-744
-777
-91
202
-515
-1595
-1713
-1103
-663
-46
178
-323
-895
-845
-255
626
1321
1239
788
596
668
1083
1718
2114
1614
1183
1079
907
751
793
877
401
-129
-520
-586
-501
-530
-655
-885
-1068
-1222
-1242
-1014
-731
-516
-434
-360
-212
-28
227
427
549
453
415
442
627
717
584
538
492
500
220
145
87
171
245
192
-34
-231
-183
-155
14
89
48
-196
-275
-255
-136
-37
2
-51
-168
-197
-203
-69
92
318
343
235
111
64
64
-2
-127
-265
-300
-280
-307
-381
-520
-734
-909
-1019
-1084
-1111
-1166
-1230
-1429
-1572
-1843
-1893
-1959
-1884
-1949
-1832
-1739
-1499
263
1047
516
-1321
-276
1539
2630
3316
2261
977
-61
1678
2470
2210
1934
921
38
-553
144
94
53
179
-671
-1747
-2008
-1024
-518
-455
-626
-1039
-1322
-1024
-319
432
935
777
280
303
820
1398
1917
2040
1579
987
1104
1359
1526
1521
1323
875
256
-111
-53
382
370
-247
-797
-958
-928
-897
-722
-667
-861
-981
-911
-661
-298
93
346
440
452
403
462
787
1201
1334
1077
827
618
734
887
878
535
257
196
-50
-40
-82
40
-41
-136
-254
-370
-273
-245
-211
-251
-200
-212
-308
-359
-323
-179
-219
-268
-191
69
216
105
77
186
198
-56
-250
-204
-124
-174
-316
-631
-778
-945
-976
-1268
-1349
-1361
-1602
-1550
-1904
-1839
-2330
-2083
-2206
-1992
-1899
-1431
183
226
-367
-1550
355
1531
2158
2074
1018
371
467
2481
2406
2019
1682
1045
371
194
840
640
592
177
-817
-1633
-1230
-350
-343
-918
-1561
-1829
-1623
-799
-237
80
3
-87
49
618
1132
1377
1670
1655
1284
1097
1614
2039
2057
1682
1249
989
833
764
717
766
494
-174
-676
-782
-549
-437
-545
-951
-1371
-1388
-1094
-778
-709
-661
-576
-361
-90
211
394
510
720
827
1015
1055
1260
1153
1072
939
787
778
617
624
302
102
-114
-103
-63
-134
-300
-399
-355
-323
-444
-436
-279
-245
-339
-558
-503
-454
-312
-255
-289
-235
-266
-130
15
176
117
-92
-161
-139
-54
-108
-158
-282
-437
-703
-960
-1110
-1119
-1156
-1334
-1552
-1801
-2084
-2093
-2012
-1879
-1920
-1987
-820
77
-75
-1350
-800
1121
1598
1732
898
666
486
1695
2423
1827
1770
1486
1154
671
992
1149
964
723
-69
-955
-919
-67
126
-599
-1469
-1664
-1437
-1004
-817
-773
-613
-595
-471
-33
695
1006
1121
1110
985
898
1395
2016
2142
1827
1345
1247
1267
1333
1204
1031
786
327
-42
-257
-255
-284
-433
-755
-1138
-1233
-1107
-908
-981
-1145
-1131
-932
-617
-375
-177
-72
-29
110
380
809
1149
1192
1038
817
812
953
1180
1052
638
291
212
318
299
137
-223
-399
-359
-217
-260
-355
-306
-348
-414
-500
-419
-367
-387
-432
-565
-578
-535
-327
-72
140
105
-49
-22
144
272
158
31
-81
-109
-193
-394
-664
-879
-898
-1029
-1008
-1381
-1512
-1746
-1755
-1907
-2064
-1810
-1675
-338
-301
-871
-1607
-84
1151
994
929
425
635
869
1950
1722
1489
1654
1375
974
926
1388
1277
1020
460
-272
-511
0
353
-251
-1002
-1249
-1005
-824
-836
-957
-966
-904
-969
-832
-227
368
549
443
288
323
763
1441
1622
1378
1033
1104
1390
1468
1267
1114
1105
821
404
177
213
164
-96
-492
-859
-893
-771
-739
-959
-1231
-1238
-1070
-788
-665
-588
-506
-413
-289
-138
161
574
741
704
546
718
925
1117
1175
935
790
699
797
746
617
409
167
107
80
-15
-99
-88
-102
-279
-405
-319
-182
-167
-304
-402
-430
-449
-411
-263
-10
13
-121
-160
39
214
148
37
-39
-13
-41
-127
-235
-429
-600
-729
-796
-901
-1214
-1415
-1553
-1569
-1799
-1846
-1939
-1098
-494
-733
-1468
-1098
465
388
529
160
527
601
1119
1488
1029
1400
1309
1233
1015
1188
1203
959
861
404
-25
140
553
366
-495
-1045
-793
-444
-480
-818
-927
-821
-890
-948
-675
-214
30
91
45
80
202
751
1145
1115
871
782
1152
1392
1357
1092
1066
1075
766
443
399
467
258
-212
-631
-746
-588
-482
-677
-1054
-1247
-1131
-878
-750
-745
-774
-739
-609
-453
-199
41
312
361
386
401
622
879
1002
960
791
808
907
1055
901
703
465
446
448
355
170
51
82
-82
-255
-351
-209
-103
-175
-379
-496
-425
-414
-436
-377
-279
-284
-305
-236
-95
-50
-58
-94
-118
-124
-174
-219
-298
-342
-475
-613
-740
-890
-1106
-1232
-1260
-1339
-1612
-1618
-1640
-1154
-571
-722
-1056
-1185
-4
45
239
278
317
540
572
1276
1038
1266
1181
1111
1333
1284
1185
862
1036
899
357
260
525
631
76
-513
-555
-320
-152
-334
-543
-614
-635
-600
-469
-263
-210
-84
73
181
169
394
783
907
817
703
897
1103
1162
1083
1039
935
735
574
587
585
342
-1
-321
-420
-419
-422
-513
-721
-819
-870
-798
-686
-546
-497
-595
-653
-546
-319
-117
95
113
211
276
476
619
716
809
713
791
817
867
811
624
517
445
462
303
140
124
80
-30
-283
-332
-194
-105
-206
-404
-444
-411
-386
-417
-435
-401
-393
-403
-326
-196
-137
-144
-173
-190
-232
-209
-171
-197
-282
-374
-424
-497
-613
-708
-773
-897
-1146
-1384
-1384
-1342
-1243
-1345
-1207
-700
-526
-705
-972
-471
-121
139
491
480
340
84
511
1125
1607
1502
846
737
945
1069
1126
1250
1214
621
231
351
645
695
255
-23
-162
-208
-291
-209
35
-117
-472
-657
-364
-43
67
98
127
202
201
287
419
590
658
569
542
605
692
622
564
584
556
413
202
57
9
-5
-162
-373
-466
-429
-431
-535
-547
-499
-515
-562
-555
-470
-452
-455
-470
-357
-160
-66
-5
91
212
203
223
350
473
475
321
210
323
461
426
258
228
257
222
150
113
102
64
10
-19
36
20
-24
-57
-25
-74
-159
-162
-127
-89
-189
-203
-185
-143
-127
-142
-129
-161
-180
-262
-270
-226
-263
-386
-471
-454
-516
-692
-866
-933
-967
-1038
-1073
-1084
-1101
-1206
-1121
-836
-647
-673
-678
-440
-362
-328
-120
274
429
341
379
630
872
835
867
1087
1226
1030
991
1250
1318
1048
791
829
907
812
603
487
466
279
-29
-123
-26
11
-177
-331
-325
-193
-143
-168
-127
-55
24
17
2
25
160
201
126
171
340
403
267
216
278
353
298
218
126
111
126
81
61
44
-24
-143
-134
-40
-44
-209
-363
-378
-273
-240
-268
-242
-184
-159
-171
-63
58
104
43
-22
25
118
183
167
129
122
164
229
263
245
248
283
294
294
263
240
218
178
136
95
94
27
-43
-88
-122
-169
-229
-221
-235
-226
-235
-257
-314
-381
-388
-431
-465
-496
-477
-511
-601
-700
-777
-803
-870
-939
-997
-1028
-1079
-1177
-1180
-1126
-994
-826
-733
-699
-555
-344
-366
-330
28
431
416
249
355
716
931
803
833
1125
1241
962
980
1313
1279
910
753
911
930
772
551
417
274
55
-88
7
74
-135
-402
-406
-213
-130
-145
-143
-76
-84
-87
17
111
115
42
48
122
270
326
230
134
189
282
253
214
215
239
207
149
103
105
77
-1
-50
-62
-135
-256
-281
-245
-239
-288
-322
-310
-239
-163
-87
-9
96
92
1
12
146
246
174
86
113
199
222
201
229
299
269
241
271
343
349
296
289
267
236
195
230
259
187
39
-52
-71
-45
-63
-137
-131
-148
-182
-234
-231
-238
-267
-266
-293
-336
-374
-404
-443
-488
-510
-541
-589
-665
-755
-834
-923
-979
-1022
-1094
-1184
-1226
-1119
-897
-686
-650
-652
-471
-341
-318
-182
202
382
237
215
436
708
752
758
944
1139
1016
796
946
1162
987
679
648
744
680
424
252
197
129
-60
-147
-55
-65
-261
-390
-308
-206
-196
-238
-184
-142
-145
-163
-94
-30
-41
-24
51
182
287
299
257
316
411
429
389
377
391
390
367
291
223
196
161
158
177
162
74
41
39
33
16
10
28
46
63
34
68
115
133
79
23
76
154
168
117
77
81
93
118
152
185
173
112
57
66
95
49
5
34
68
10
-95
-117
-95
-111
-172
-183
-146
-136
-193
-245
-200
-135
-145
-211
-257
-254
-267
-322
-422
-496
-483
-487
-517
-566
-636
-743
-820
-843
-887
-956
-1037
-1098
-1127
-1126
-1089
-948
-734
-611
-610
-489
-279
-183
-94
151
373
404
403
521
758
923
951
1004
1145
1157
1032
1072
1196
1148
943
812
779
746
636
457
333
232
96
23
42
26
-130
-259
-271
-219
-207
-235
-199
-170
-194
-238
-180
-105
-78
-56
-26
28
99
119
106
151
235
270
282
292
256
186
138
134
150
105
-12
-109
-129
-129
-148
-200
-257
-283
-304
-311
-279
-242
-271
-314
-293
-232
-185
-133
-95
-101
-92
-40
22
68
107
139
199
227
212
242
289
279
254
275
284
225
172
166
190
167
127
125
139
114
39
33
80
108
56
25
46
57
34
-9
-30
-56
-76
-104
-146
-212
-312
-383
-422
-475
-565
-666
-728
-785
-872
-944
-968
-973
-1002
-1041
-1001
-815
-635
-603
-579
-430
-319
-288
-104
187
314
284
310
501
712
747
691
804
932
827
728
823
873
713
589
594
600
509
339
233
191
114
-36
-82
-38
-103
-242
-276
-171
-113
-177
-227
-159
-65
-69
-74
-26
23
55
103
155
202
261
295
322
377
419
396
359
355
351
316
256
205
190
148
99
109
152
100
-39
-109
-89
-76
-127
-239
-304
-257
-202
-209
-200
-164
-173
-204
-150
-50
-6
15
53
80
102
114
130
177
212
188
183
270
292
210
144
152
154
124
117
86
38
-42
-88
-91
-68
-80
-123
-120
-87
-60
-86
-87
-86
-94
-125
-155
-152
-153
-180
-238
-281
-306
-336
-388
-446
-484
-511
-549
-606
-645
-683
-715
-739
-782
-824
-826
-737
-631
-557
-514
-452
-353
-255
-150
-6
132
161
194
282
441
530
569
613
654
701
696
715
729
734
659
572
547
520
448
337
282
229
176
149
140
106
39
6
-23
-47
-57
-57
-30
-13
-11
-17
12
88
107
68
34
58
103
141
184
212
217
212
197
209
220
190
159
146
137
132
117
105
75
11
-57
-92
-89
-104
-155
-200
-209
-227
-266
-311
-323
-294
-264
-239
-226
-181
-140
-124
-76
-20
26
51
77
84
90
108
143
179
162
143
161
204
223
220
203
202
189
173
137
88
63
29
17
-12
-31
-38
-54
-67
-68
-49
-38
-44
-70
-88
-84
-86
-111
-163
-186
-202
-211
-204
-248
-326
-397
-435
-443
-454
-472
-509
-557
-571
-568
-508
-440
-390
-376
-352
-261
-200
-138
-67
18
61
77
119
162
225
257
297
328
346
347
349
343
304
272
249
228
185
143
102
67
59
54
61
60
32
17
26
42
78
111
128
147
156
186
241
285
306
290
275
269
278
298
292
266
239
230
244
252
253
252
233
201
173
171
190
169
113
65
40
32
30
6
-29
-61
-82
-80
-86
-107
-129
-130
-144
-175
-159
-139
-132
-132
-136
-120
-107
-115
-132
-101
-93
-124
-129
-104
-111
-146
-137
-112
-125
-179
-215
-183
-121
-99
-104
-76
-58
-82
-91
-66
-51
-70
-105
-84
-42
-41
-85
-103
-80
-86
-84
-55
-15
-27
-99
-137
-122
-140
-223
-310
-359
-391
-422
-435
-421
-404
-405
-433
-407
-330
-259
-217
-150
-48
7
19
45
112
167
194
215
275
359
399
390
396
409
392
358
344
333
274
195
138
110
74
9
-50
-71
-79
-110
-138
-111
-69
-61
-67
-61
-27
6
8
7
20
42
50
53
72
105
97
83
109
114
97
109
130
122
109
90
77
87
79
43
11
7
15
30
40
39
30
27
42
62
85
92
83
54
16
4
19
16
-13
-43
-42
-38
-36
-24
-5
-10
-38
-57
-60
-47
-36
-41
-37
-14
-21
-15
9
29
41
75
106
114
111
89
77
58
41
32
52
66
50
29
13
4
-18
-22
-5
19
10
-18
-29
-22
-24
-80
-118
-130
-134
-167
-195
-192
-209
-235
-268
-291
-314
-349
-380
-381
-370
-366
-371
-352
-318
-297
-267
-252
-222
-167
-108
-52
-9
30
54
101
164
190
213
247
264
276
321
353
353
346
336
319
301
275
235
221
202
179
171
169
162
140
135
142
149
132
120
134
135
110
105
114
100
86
90
104
129
147
149
169
186
183
165
167
186
209
224
216
195
186
173
164
168
166
149
111
83
71
59
32
-2
-38
-83
-141
-187
-189
-179
-202
-239
-276
-318
-345
-339
-328
-328
-347
-382
-386
-350
-317
-312
-314
-306
-283
-274
-278
-286
-302
-318
-332
-326
-332
-364
-395
-387
-322
-255
-217
-181
-131
-101
-98
-27
102
167
124
119
210
300
324
329
387
454
434
384
449
497
401
321
345
351
260
151
95
84
50
-41
-69
-51
-113
-208
-199
-153
-161
-191
-170
-98
-62
-80
-56
36
92
113
167
246
285
290
313
377
422
401
368
397
427
386
336
335
346
314
276
254
238
178
74
7
-10
-58
-153
-224
-257
-296
-340
-353
-343
-326
-333
-341
-318
-305
-331
-337
-292
-250
-248
-258
-245
-213
-178
-143
-105
-78
-79
-79
-59
-32
-30
-61
-92
-87
-87
-109
-127
-133
-144
-153
-162
-159
-140
-150
-167
-163
-146
-135
-134
-119
-109
-107
-95
-57
-6
11
16
30
64
103
139
143
141
150
139
136
141
157
188
204
205
213
232
251
256
233
197
169
159
145
110
73
39
29
34
23
8
-9
-27
-49
-59
-70
-77
-92
-126
-152
-154
-152
-174
-185
-194
-209
-206
-185
-174
-181
-181
-165
-129
-97
-76
-56
-24
8
36
61
87
118
157
197
227
239
267
302
327
344
350
359
362
347
331
334
336
317
290
274
249
221
188
144
109
87
74
58
41
7
-17
-31
-42
-64
-80
-85
-85
-84
-88
-85
-84
-81
-96
-110
-121
-135
-155
-183
-185
-185
-176
-180
-192
-199
-210
-222
-231
-247
-265
-283
-302
-310
-315
-308
-292
-269
-253
-237
-216
-214
-205
-191
-169
-139
-107
-96
-85
-55
-24
11
27
34
43
39
37
39
59
61
60
64
72
89
98
98
92
87
92
104
110
100
103
110
112
127
139
136
129
129
131
132
147
167
164
161
150
136
129
121
109
91
66
44
37
28
12
1
2
1
-2
-21
-47
-63
-69
-82
-87
-81
-68
-47
-37
-27
-12
16
44
56
63
71
91
110
135
154
165
186
202
201
201
199
194
189
175
148
124
110
76
26
-22
-51
-69
-92
-131
-183
-230
-265
-276
-276
-281
-291
-300
-308
-318
-315
-296
-285
-286
-287
-286
-276
-256
-241
-227
-203
-175
-166
-160
-156
-145
-135
-118
-101
-86
-56
-41
-36
-22
11
29
34
52
70
88
112
126
132
149
170
193
206
231
243
242
245
245
244
246
248
233
223
213
206
215
218
217
213
217
209
195
194
195
199
197
183
165
148
136
126
113
101
101
107
105
92
80
68
63
63
50
33
8
-10
-24
-30
-44
-59
-67
-72
-88
-110
-133
-146
-150
-172
-199
-215
-210
-211
-213
-218
-203
-177
-163
-156
-140
-109
-92
-66
-41
-17
11
25
34
48
63
81
109
131
141
148
151
149
149
134
106
82
74
64
38
9
-23
-43
-60
-70
-78
-100
-117
-129
-142
-144
-146
-138
-134
-133
-143
-145
-139
-138
-140
-144
-139
-145
-140
-122
-112
-103
-91
-88
-80
-64
-49
-45
-37
-24
-15
-4
2
9
18
27
26
30
44
66
83
86
95
108
125
140
147
161
177
175
161
152
144
138
137
128
119
121
133
139
135
138
134
123
116
103
89
81
75
67
63
64
62
58
55
48
39
38
40
45
42
29
22
21
28
21
3
-9
-15
-23
-45
-66
-80
-88
-97
-107
-112
-128
-145
-164
-178
-183
-176
-170
-169
-171
-169
-165
-147
-135
-135
-127
-104
-78
-70
-49
-34
-18
8
25
31
46
60
63
64
67
64
56
52
45
40
33
16
0
-18
-25
-40
-57
-69
-88
-106
-120
-128
-127
-135
-148
-154
-149
-146
-153
-154
-157
-159
-161
-157
-148
-145
-145
-152
-154
-139
-129
-126
-114
-93
-83
-66
-43
-28
-7
7
18
31
53
77
101
121
143
156
175
199
224
255
283
298
307
325
335
342
348
347
330
309
298
280
251
226
208
184
167
156
133
108
78
51
23
1
-22
-45
-64
-75
-82
-88
-92
-91
-91
-87
-78
-70
-56
-45
-40
-35
-31
-31
-32
-42
-44
-52
-64
-78
-91
-101
-112
-128
-158
-180
-192
-200
-213
-225
-236
-240
-236
-230
-230
-226
-202
-176
-149
-129
-102
-63
-30
0
20
52
89
120
150
169
195
222
248
268
276
280
280
274
265
251
237
224
206
189
163
138
112
96
81
48
18
-10
-31
-52
-69
-74
-80
-90
-100
-112
-120
-125
-138
-146
-151
-145
-133
-126
-123
-119
-116
-108
-99
-94
-86
-80
-65
-41
-28
-23
-22
-20
-18
-19
-18
-11
0
12
24
32
43
56
65
64
66
76
82
95
103
107
97
87
80
67
58
50
41
35
32
22
11
0
-10
-20
-27
-33
-45
-59
-68
-79
-95
-109
-112
-118
-111
-92
-75
-60
-47
-37
-26
-16
-4
10
21
35
40
44
39
27
22
15
18
15
10
5
-3
-7
-15
-31
-38
-46
-51
-54
-62
-58
-52
-41
-34
-29
-19
-12
2
23
44
65
87
115
133
151
156
157
160
161
164
162
163
155
135
116
94
72
49
35
24
12
1
-13
-28
-45
-69
-87
-102
-111
-118
-135
-145
-153
-162
-167
-168
-163
-152
-140
-133
-129
-126
-117
-122
-127
-123
-111
-95
-85
-69
-53
-39
-30
-24
-11
1
16
29
44
56
52
52
55
57
58
63
71
84
99
105
109
116
117
106
97
94
100
97
93
97
101
103
90
78
74
65
55
44
33
12
-2
-18
-36
-51
-66
-82
-101
-113
-117
-116
-111
-105
-108
-111
-113
-114
-108
-100
-95
-88
-76
-63
-60
-60
-59
-57
-51
-43
-34
-31
-34
-32
-40
-45
-41
-39
-32
-25
-11
2
10
26
29
31
41
51
73
84
98
113
124
140
148
154
159
165
169
165
162
150
135
121
99
80
67
47
29
17
9
-2
-9
-15
-21
-25
-33
-31
-37
-42
-39
-44
-45
-49
-57
-61
-60
-58
-58
-48
-43
-47
-50
-53
-56
-62
-64
-66
-67
-62
-59
-61
-63
-66
-64
-61
-54
-43
-33
-21
-14
-6
1
4
10
13
17
26
38
49
60
62
63
67
69
71
70
66
69
79
83
78
72
71
74
70
65
61
52
42
28
12
-5
-16
-29
-42
-51
-61
-64
-63
-71
-80
-91
-96
-94
-95
-100
-99
-86
-79
-65
-63
-63
-55
-56
-49
-47
-40
-30
-22
-15
-10
-5
-1
1
-2
3
8
14
17
12
9
6
6
10
15
20
19
25
31
30
34
35
35
41
49
51
54
53
53
47
42
44
44
41
37
35
29
17
5
-10
-21
-27
-32
-35
-31
-35
-34
-39
-48
-52
-61
-62
-59
-48
-36
-24
-14
-13
-13
-18
-23
-23
-25
-28
-24
-18
-15
-10
-13
-14
-13
-13
-12
-17
-16
-16
-19
-14
-13
-11
-1
7
16
24
38
49
57
64
71
77
83
88
88
88
90
91
91
94
92
92
90
85
78
70
58
41
24
3
-16
-36
-49
-58
-69
-73
-76
-82
-87
-95
-104
-109
-109
-105
-105
-102
-95
-89
-82
-79
-76
-64
-55
-46
-38
-31
-24
-21
-15
-14
-10
-4
4
8
14
22
28
33
31
31
30
32
36
36
31
29
27
24
18
15
11
14
18
22
28
34
38
41
38
36
34
31
29
26
23
24
23
20
15
9
5
2
-4
-10
-16
-22
-30
-40
-46
-52
-56
-55
-53
-48
-41
-32
-26
-23
-21
-19
-16
-15
-15
-14
-10
-3
2
7
12
20
28
37
39
42
44
44
41
35
35
36
39
43
48
56
62
67
69
68
67
67
66
63
60
56
55
53
52
50
50
53
53
53
50
49
44
35
23
8
-4
-17
-29
-42
-52
-59
-65
-72
-81
-85
-93
-97
-103
-109
-113
-113
-107
-104
-97
-88
-75
-58
-43
-28
-14
2
16
27
34
38
44
48
48
49
52
54
54
54
53
51
51
48
46
40
36
33
25
16
8
2
-1
-2
1
4
10
14
14
14
12
9
2
-8
-17
-26
-32
-36
-40
-45
-47
-46
-48
-50
-52
-57
-63
-69
-76
-81
-83
-86
-86
-88
-83
-76
-69
-59
-53
-42
-33
-28
-23
-24
-24
-24
-25
-22
-16
-9
3
14
24
35
43
50
55
56
56
56
57
59
61
62
69
75
80
83
85
87
88
84
77
71
63
58
51
43
39
35
37
37
36
40
43
44
45
42
39
34
27
18
9
0
-4
-11
-19
-24
-28
-34
-40
-45
-55
-65
-75
-84
-92
-100
-99
-97
-93
-83
-74
-62
-48
-36
-21
-10
-1
11
19
24
30
36
40
47
53
59
64
68
71
70
68
65
62
57
49
42
36
32
26
26
26
26
32
34
36
38
33
29
20
10
1
-9
-17
-24
-29
-36
-39
-45
-52
-57
-65
-70
-75
-81
-84
-87
-90
-88
-87
-85
-78
-71
-61
-50
-40
-29
-23
-19
-14
-13
-12
-11
-10
-7
-5
-2
3
6
8
12
14
16
21
23
25
28
29
32
34
36
44
49
55
64
70
74
76
72
70
62
52
47
39
32
28
24
18
15
8
5
1
-3
-5
-7
-11
-10
-14
-18
-22
-26
-26
-26
-25
-21
-18
-18
-17
-20
-26
-30
-40
-47
-51
-56
-54
-55
-55
-51
-48
-45
-38
-32
-25
-16
-9
-3
1
4
10
14
19
29
34
41
50
55
60
61
58
60
56
52
52
51
49
51
47
46
45
43
43
43
42
41
38
31
27
18
9
1
-9
-15
-20
-28
-29
-34
-39
-42
-48
-53
-57
-62
-64
-64
-66
-65
-62
-62
-55
-51
-43
-33
-29
-21
-17
-13
-10
-9
-9
-5
-4
-4
2
4
7
12
14
21
21
21
25
24
24
25
24
22
24
21
24
25
26
32
33
34
36
34
32
30
24
20
17
13
13
9
5
5
3
0
-2
-8
-12
-15
-23
-29
-37
-45
-48
-54
-59
-60
-62
-61
-59
-61
-59
-59
-62
-58
-60
-57
-53
-49
-42
-34
-30
-22
-14
-9
-2
5
9
16
16
17
18
17
16
17
15
16
18
21
27
32
35
39
38
40
41
40
43
44
47
52
55
58
61
63
64
64
61
59
54
46
40
31
22
15
9
5
2
-3
-5
-6
-8
-11
-14
-18
-18
-22
-26
-26
-31
-32
-34
-36
-35
-33
-31
-28
-27
-25
-24
-23
-24
-25
-26
-25
-23
-22
-14
-8
-2
7
13
18
22
25
27
28
25
25
22
19
19
16
16
17
15
17
17
19
19
19
17
16
14
12
13
12
15
19
21
25
27
27
27
25
20
16
9
1
-6
-18
-28
-36
-45
-49
-55
-57
-59
-61
-62
-63
-65
-67
-67
-67
-64
-60
-54
-44
-37
-29
-19
-11
-4
2
8
13
15
16
15
13
10
9
7
5
9
10
14
16
17
20
20
22
22
21
20
18
19
18
19
20
24
28
28
30
29
28
24
18
11
4
-3
-12
-16
-21
-22
-23
-24
-22
-23
-22
-22
-23
-25
-26
-28
-31
-33
-34
-36
-35
-32
-28
-24
-18
-10
-5
2
6
10
13
13
16
19
21
26
31
38
41
48
53
57
58
59
59
56
53
48
43
40
34
31
28
26
26
26
26
23
23
21
19
17
13
11
8
8
6
6
6
6
7
6
6
3
-1
-6
-13
-19
-26
-32
-37
-41
-42
-42
-40
-37
-32
-30
-29
-27
-28
-29
-29
-29
-27
-28
-23
-19
-12
-7
-3
4
7
11
13
15
14
11
9
5
2
0
0
0
2
6
11
14
16
16
17
12
9
5
-1
-5
-9
-11
-13
-13
-13
-11
-10
-10
-9
-12
-14
-17
-21
-25
-29
-34
-36
-38
-39
-38
-37
-35
-32
-31
-30
-30
-31
-32
-34
-36
-37
-37
-35
-31
-26
-22
-16
-12
-7
-2
4
10
13
17
21
23
27
32
35
42
47
53
57
59
61
62
59
57
55
50
48
43
40
38
38
39
41
41
42
41
39
35
29
23
16
10
5
2
-2
-3
-4
-5
-5
-6
-8
-11
-16
-21
-26
-33
-40
-44
-48
-48
-47
-44
-39
-34
-27
-21
-16
-9
-7
-6
-3
-3
-4
-4
-5
-2
2
5
10
15
18
23
23
24
