21
44
47
45
58
73
67
58
64
69
54
37
35
26
8
-10
-12
-18
-36
-45
-43
-50
-61
-60
-46
-45
-51
-41
-26
-20
-22
-7
13
17
12
19
39
34
21
30
44
38
19
24
29
16
1
0
15
2
-15
-13
-8
-16
-28
-20
-8
-12
-17
-10
0
-3
-6
6
15
5
8
14
12
5
2
13
4
0
-3
0
-1
-15
-18
-14
-15
-29
-20
-10
-14
-23
-10
-1
-7
-7
7
20
18
13
25
43
29
25
36
48
34
20
24
24
15
-5
5
6
-4
-26
-22
-12
-24
-28
-31
-20
-25
-30
-32
-24
-17
-20
-18
-1
5
-1
11
9
17
20
24
21
24
29
24
24
17
21
15
11
3
10
4
-8
-11
-12
-12
-24
-22
-13
-20
-30
-26
-11
-14
-27
-16
3
0
-22
-8
6
5
-8
-7
15
8
-4
-12
18
20
-3
6
15
23
5
10
13
18
18
7
20
15
16
9
10
5
7
11
-2
-2
-3
6
-14
-15
-16
-10
-17
-32
-13
-12
-21
-38
-21
-6
-16
-16
0
1
0
-4
3
22
18
11
20
39
22
12
30
29
21
12
17
21
5
0
-6
6
-7
-19
-12
-12
-11
-20
-15
-12
-17
-13
-13
-9
0
0
-9
3
-5
9
-2
1
17
10
7
-4
16
6
-1
7
12
8
-7
-2
10
1
4
0
16
6
-12
9
9
17
-9
3
19
8
-1
4
21
1
-8
2
0
-9
-16
-12
-11
-17
-21
-30
-24
-17
-32
-20
-12
-22
-16
-16
-7
-10
12
16
-1
17
28
23
21
28
44
26
16
21
24
30
-7
14
5
6
-22
-37
9
-20
-23
-44
-16
-13
-53
-31
-16
-17
-27
-29
0
-5
-10
1
8
25
14
15
39
37
16
32
34
33
18
28
30
6
18
9
10
-8
-8
-1
-25
-5
-37
-8
-34
-25
-26
-26
-8
-35
-6
-14
-10
-11
-6
15
10
-6
18
16
11
12
3
30
10
7
6
9
2
5
-19
3
-1
-26
-8
-29
8
-34
-30
-1
-22
-1
-20
3
-11
14
-9
8
19
18
18
-6
51
0
21
17
17
9
9
10
-13
10
-12
-10
-23
3
-18
-35
-1
-25
-16
-10
-17
-1
-9
4
9
6
29
13
19
32
31
32
33
37
28
25
13
18
10
10
3
-16
-11
-21
-23
-44
-26
-29
-37
-45
-40
-28
-33
-28
-21
-14
-12
-2
1
27
18
23
30
33
49
32
46
37
35
27
28
24
11
12
-5
-18
-16
-10
-32
-41
-37
-45
-47
-47
-30
-45
-36
-35
-36
-11
-7
4
1
15
26
11
39
38
49
46
24
40
24
43
16
22
19
3
-5
-21
2
-13
-28
-28
-27
-39
-34
-36
-21
-25
-31
-15
-29
3
-2
-9
17
5
20
13
30
20
23
27
27
19
33
23
7
12
5
-3
-12
-13
-20
-20
-35
-25
-25
-22
-27
-27
-17
-18
-13
-3
4
1
18
11
20
33
29
35
33
33
36
20
27
19
17
7
1
-8
-7
-28
-25
-25
-33
-33
-28
-36
-51
-32
-34
-15
-23
-6
3
-13
7
20
37
44
35
45
46
35
55
58
60
41
21
25
26
0
14
-11
-16
-33
-59
-23
-56
-41
-62
-63
-51
-56
-51
-24
-31
-27
-17
-5
6
24
21
30
35
44
53
50
60
48
37
39
38
30
26
11
2
-8
-30
-22
-15
-37
-42
-62
-45
-66
-48
-34
-41
-35
-52
-23
-22
0
-3
17
18
9
26
39
41
61
40
40
31
35
45
22
42
20
11
0
8
-3
-10
-8
-21
-15
-42
-21
-30
-21
-28
-29
-19
-25
-17
-19
4
-11
9
8
3
14
5
22
11
29
22
16
11
15
23
4
16
10
19
-16
-6
11
1
7
-6
8
-3
-1
-3
0
-2
5
-6
5
17
-1
-1
-3
0
6
-10
5
2
-7
-14
-7
2
0
1
-18
-11
-17
2
13
12
-7
-5
-3
0
14
24
13
-13
-2
2
3
18
24
20
-5
-6
-11
22
18
8
10
-13
-7
-3
2
12
-5
-23
-20
-31
8
-18
4
1
-34
-17
-23
6
4
4
-1
-36
3
-5
8
2
-10
2
-15
1
-2
28
14
-16
6
1
9
8
13
27
-17
1
16
16
14
-10
0
-9
-6
7
-3
-10
-18
-19
-22
-24
-10
-11
-3
-39
-36
-29
-6
8
3
-25
-26
-14
-14
9
16
14
-11
3
24
1
26
36
8
20
-14
18
23
21
44
-18
8
-24
6
5
-16
2
-34
-7
-23
-20
-25
5
-16
-10
-31
0
0
2
2
-14
24
-34
34
0
19
9
1
41
-27
50
-14
27
26
8
14
-7
29
11
4
2
15
2
15
1
-7
-8
-2
4
0
-11
0
-8
-1
8
-39
3
-13
4
-8
-13
5
-29
3
-14
-14
-16
-16
5
-10
-13
3
4
5
13
2
6
1
23
20
12
13
9
18
8
-12
8
-1
-8
-4
-20
-7
-26
-14
-9
-55
-20
-26
-42
-25
-23
-14
-18
-4
-12
-24
-2
-1
3
-6
23
5
26
29
43
39
16
31
37
26
-1
26
15
33
-3
13
-14
13
-27
-50
-14
-29
-43
-27
-18
-59
-34
-41
13
-39
5
-36
4
-17
-28
15
12
12
-2
42
-1
45
-19
59
32
-3
38
5
87
-9
0
22
-45
-10
-37
38
-6
-14
1
-41
-6
-20
7
-8
-24
-11
-31
25
-42
16
-1
22
19
-14
36
25
22
18
-6
22
23
-14
41
38
18
-22
52
-8
7
7
-4
23
17
36
9
33
6
84
2
4
25
-42
23
-70
64
-33
-45
16
-42
0
-69
13
-54
-46
-5
-89
-20
-76
-68
-24
-59
18
-88
-25
9
-58
-14
-51
-7
72
13
78
80
16
63
16
106
40
47
69
12
31
1
-16
-10
15
0
5
-32
3
-9
-14
-7
-28
-2
-41
21
-47
-5
-79
-27
17
-4
31
-52
47
-44
17
20
25
21
25
42
2
-38
-38
-57
18
51
17
58
-2
-8
-96
41
-14
10
-26
3
56
-83
46
-26
28
-50
21
63
-80
-8
-62
-49
-33
-17
-8
-9
-11
10
-50
-67
4
-33
7
25
-46
-2
-56
-18
69
42
116
106
82
69
29
1
73
101
-3
124
48
3
41
11
90
17
-4
34
-96
-41
-11
2
6
-76
-39
-40
-41
-40
13
-21
-31
-6
-42
-23
-32
1
72
8
27
8
-38
103
4
95
54
15
-23
-42
-38
53
32
5
8
-112
-68
-127
-65
-28
-24
70
37
-20
-15
-36
32
-115
53
31
-72
146
-40
59
-25
-16
103
5
54
55
-26
12
-83
-1
68
15
111
-38
-3
-105
-59
11
-43
24
-68
-8
-33
-37
-12
12
99
50
64
24
-34
-95
-24
-13
-2
77
67
47
-39
-69
-80
-42
9
-104
-48
53
-87
1
-68
-18
-61
-154
-2
-114
-68
-134
-8
-43
-160
14
1
88
13
-24
152
5
35
44
80
44
-80
95
32
-34
-28
61
42
-51
-15
-45
-95
-101
-120
38
-35
17
24
-43
-26
-42
29
-53
-51
9
-5
0
104
78
9
-53
80
46
12
137
95
77
-28
9
3
-32
6
51
46
17
19
31
54
-38
-26
-19
-8
-32
-18
56
-50
-89
-12
50
62
40
74
9
-53
13
80
129
136
153
80
1
-28
13
3
59
20
-20
-108
-98
-77
-86
-31
-63
-15
-30
-37
-37
44
10
19
-17
57
50
35
88
88
55
67
66
25
58
17
84
37
22
27
19
28
-17
-23
-31
-95
-70
-42
7
-45
-82
-51
-85
-62
-68
1
30
-21
-56
-13
21
-21
33
49
72
57
62
33
10
32
51
58
-13
-28
-85
-60
-57
-40
-46
-32
0
-42
-64
-71
-83
-60
-41
-34
-8
-28
23
38
53
76
66
85
90
99
78
82
74
46
32
9
5
-23
-40
-63
-99
-120
-102
-74
-49
-44
-82
-70
-102
-119
-83
-6
67
57
43
32
38
15
46
88
72
73
71
85
137
121
88
116
157
130
104
79
17
-27
21
33
39
48
23
-2
-29
17
12
63
70
65
80
69
77
67
41
35
42
36
66
58
66
76
54
51
33
40
41
26
-6
-39
-55
-60
-83
-92
-92
-54
-10
37
68
54
-38
-122
-117
-86
-2
74
109
77
61
40
10
30
24
25
12
-20
-22
-25
-8
-52
-31
-41
-62
-56
-67
-66
-89
-101
-123
-130
-105
-49
-10
10
20
65
80
109
111
117
85
37
37
22
17
-24
-26
-40
-67
-84
-83
-77
-72
-86
-106
-98
-107
-97
-97
-88
-95
-110
-91
-101
-93
-78
-39
-28
-30
-25
-36
-64
-85
-96
-108
-71
-64
-64
-89
-105
-108
-120
-115
-139
-138
-140
-121
-136
-150
-154
-166
-147
-154
-136
-102
-76
-53
-42
-39
4
55
81
107
129
134
158
158
167
151
128
116
80
93
72
91
57
43
22
2
2
25
60
38
38
47
108
161
208
254
268
281
292
286
293
302
299
289
256
228
191
180
160
127
104
84
64
47
21
-7
1
-4
-8
2
24
61
56
46
31
7
-9
-52
-55
-82
-109
-143
-178
-172
-182
-159
-176
-156
-172
-204
-228
-264
-290
-356
-407
-503
-606
-723
-793
-878
-962
-1044
-1126
-1199
-1265
-1305
-1393
-1394
-1279
-967
-524
19
601
1111
1517
1920
2281
2442
2474
2249
1804
1241
769
333
-55
-304
-485
-626
-635
-464
-330
-207
-196
-263
-412
-507
-547
-624
-649
-606
-399
-141
262
677
1008
1255
1371
1454
1476
1484
1382
1170
1025
891
763
655
552
420
261
131
11
-98
-184
-225
-289
-321
-297
-240
-140
-82
-42
-20
-32
-38
-71
-131
-193
-224
-195
-163
-100
-44
-14
38
43
4
-84
-246
-453
-681
-932
-1156
-1330
-1453
-1543
-1602
-1550
-1468
-1370
-1332
-1369
-1462
-1550
-1710
-1913
-2251
-2507
-2831
-2324
-949
366
1268
1792
2962
3027
3659
4479
4467
3263
1841
1277
-256
-928
-1094
-1008
-1697
-1684
-1094
-706
106
416
481
-516
-683
-738
-840
-1018
-992
-726
-881
-297
415
1260
1468
1536
1174
809
870
1069
1113
754
692
625
809
816
958
774
295
-229
-690
-767
-720
-558
-697
-651
-355
114
461
649
729
518
314
157
147
178
242
268
273
521
957
1226
1198
1072
957
728
400
197
8
-111
-300
-433
-352
-220
-31
-111
-227
-311
-316
-304
-375
-300
-153
28
175
403
621
768
715
533
318
82
-160
-488
-747
-881
-851
-825
-772
-637
-455
-369
-437
-501
-598
-714
-940
-1103
-1204
-1208
-1217
-1263
-1317
-1407
-1584
-1939
-2436
-2843
-3211
-3105
-1603
-7
1404
1963
3194
3745
3820
4883
4738
3767
1534
646
-799
-2007
-1928
-1840
-1793
-2225
-1417
-1012
-150
310
318
-421
-1144
-945
-981
-681
-711
-113
-52
231
819
1398
1643
1107
614
-81
-132
130
601
621
655
767
971
1053
989
902
322
-149
-594
-482
-131
408
718
716
903
1050
1137
876
596
116
-398
-743
-757
-505
-227
18
136
448
747
1035
975
900
967
948
896
759
897
889
863
703
325
18
-399
-813
-1269
-1401
-1247
-1017
-637
-141
400
942
1247
1284
1175
874
477
76
-205
-524
-764
-952
-1087
-1083
-1017
-935
-999
-1022
-948
-789
-600
-331
-29
129
209
208
161
-76
-415
-874
-1352
-1782
-1997
-2288
-2504
-2701
-2926
-3113
-3273
-3221
-3164
-1290
646
2336
2756
3473
4058
3321
4480
4436
3875
1462
225
-914
-2531
-2232
-2140
-1663
-2401
-1718
-1231
-300
539
669
238
-881
-623
-574
121
111
602
548
386
701
992
1589
1023
512
-368
-395
11
772
1168
1057
840
708
810
620
756
346
-11
-493
-305
351
1015
1524
1303
1176
915
874
548
134
-262
-736
-1044
-1104
-635
-113
196
216
278
364
590
695
589
547
532
818
1107
1564
1991
1876
1386
405
-60
-492
-980
-1316
-1592
-1582
-1417
-925
-411
161
504
606
376
419
504
416
207
-60
-205
-376
-560
-916
-1186
-1507
-1686
-1837
-1734
-1292
-807
-425
-109
353
741
1009
918
742
338
-97
-583
-1113
-1417
-1740
-1850
-2060
-2025
-2080
-2007
-2251
-2494
-2837
-3146
-3292
-3114
-557
1915
4013
3942
4477
4369
3437
4477
4087
3259
251
-759
-2121
-3326
-2406
-1546
-970
-1925
-1296
-981
34
692
900
217
-683
-183
275
1278
1455
1879
1124
438
240
320
554
-190
-702
-1490
-1130
-102
1138
1868
1833
1508
1121
887
718
709
340
-75
-460
-163
546
1332
1565
967
249
-493
-879
-1103
-1120
-1138
-1304
-1206
-810
-103
537
753
525
193
75
205
426
627
810
749
671
619
782
1234
1119
637
-218
-686
-878
-999
-519
-485
-347
-316
-217
-46
161
483
291
154
187
454
661
850
815
404
-68
-647
-1017
-1197
-1344
-1468
-1585
-1438
-924
-303
282
663
792
754
637
566
535
393
78
-277
-600
-815
-1018
-1253
-1543
-2046
-2436
-2753
-2899
-2997
-2981
-3148
-3335
-3552
-3550
-957
2031
4691
4999
4949
4734
3163
4071
4226
3632
857
-1139
-2537
-4037
-3266
-2067
-1191
-1923
-1894
-1600
-306
962
1639
1454
303
238
539
1611
1924
2096
1393
77
-748
-773
-57
-129
-387
-1047
-945
-47
1492
2603
2780
2258
1410
723
351
710
704
486
-121
-259
201
962
1447
925
25
-955
-1451
-1497
-1068
-609
-401
-548
-594
-222
311
632
305
-96
-470
-358
5
551
986
1024
666
196
62
243
683
130
-232
-808
-762
-631
-304
784
514
492
-122
-448
-496
-363
-348
-584
-383
-13
546
777
1254
832
311
-428
-1064
-1033
-1090
-1059
-1066
-834
-369
232
582
820
705
525
249
105
227
302
222
-95
-333
-648
-836
-1292
-1691
-2269
-2669
-2788
-2756
-2422
-2142
-1984
-2252
-2486
-2659
-3092
-1290
2062
5091
6283
5426
5371
3221
3000
3741
3189
1401
-1666
-2927
-4757
-4618
-2864
-1287
-1182
-1632
-1553
-560
1129
2090
2619
1497
809
595
1192
1811
1671
1388
-301
-1722
-2165
-1283
-502
-452
-689
-1026
-619
823
2590
3431
3241
2251
1299
514
599
803
656
240
-410
-549
-133
586
552
-124
-1103
-1899
-2138
-1697
-804
-152
119
-24
-58
273
735
837
560
170
-63
42
352
774
932
691
-4
-566
-697
-516
-246
-468
-320
-102
322
728
874
1290
814
387
-51
-395
-239
-238
-192
-266
-243
-127
-60
37
109
-140
-349
-544
-578
-216
41
89
-82
-157
-246
-367
-421
-324
-134
-82
-17
91
326
437
332
16
-280
-516
-884
-1264
-1657
-1800
-1994
-2009
-1930
-1902
-1792
-2092
-2142
-2557
-2639
-3101
-2476
908
4280
6934
6283
5676
3682
1708
2535
2470
2077
-596
-2251
-3983
-4816
-3131
-1130
-20
-657
-1151
-1048
542
1838
2926
2531
1293
395
83
995
1234
1485
263
-1563
-2667
-2343
-1037
-507
-438
-923
-1022
-86
1810
3313
3803
2971
1524
-27
-798
-463
-243
-74
-535
-864
-721
-166
347
179
-485
-1519
-2260
-2040
-858
439
1228
1130
667
202
28
113
131
186
3
-173
-74
433
1011
955
297
-554
-974
-953
-459
314
663
1061
681
620
448
603
841
42
-87
-574
-286
-127
63
317
111
14
-345
-138
213
543
436
170
-32
-105
-21
-20
-83
-173
-226
-351
-204
86
486
520
284
91
13
56
55
91
37
-60
-512
-879
-1231
-1446
-1669
-1960
-1914
-1806
-1593
-1690
-1800
-2007
-2194
-2613
-2884
-3029
-1338
2469
5420
6517
5081
3698
964
-124
1160
1982
1880
-126
-1377
-3263
-3750
-2445
-939
-370
-1112
-1294
-546
1054
2349
3048
2298
745
-401
-557
-22
327
611
-157
-1429
-1949
-1364
-341
-37
-52
-334
-383
579
1983
3028
2915
1848
446
-950
-1168
-496
332
700
272
-184
-394
-150
13
-281
-740
-1089
-955
-239
788
1558
1506
653
-374
-959
-826
-372
201
747
973
945
640
428
219
-191
-657
-1046
-704
-124
868
1146
1147
930
206
-12
-551
174
263
390
393
115
321
-103
-200
-743
-805
-863
-618
-40
668
1275
1146
733
48
-237
-306
-348
-472
-423
-389
-374
-323
-184
4
-217
-458
-661
-466
-23
368
497
375
-15
-557
-1036
-1371
-1492
-1773
-2091
-2436
-2695
-2735
-2734
-2785
-2714
-2826
-2775
-2888
-406
3423
6073
6439
4364
2874
105
500
2488
3704
3316
701
-1117
-3871
-4273
-2725
-915
-171
-879
-920
-315
1076
2100
2296
1142
-453
-1076
-537
775
1681
1966
700
-1155
-1991
-1451
-113
471
646
177
-4
886
1910
2554
1725
456
-930
-1875
-1401
-248
1044
1276
667
-1
-209
85
361
367
205
-102
-221
157
589
884
355
-633
-1453
-1660
-1013
-340
384
771
711
425
159
341
685
838
673
419
461
740
620
108
-459
-788
-758
-537
49
649
893
855
471
200
123
-14
-176
-199
91
578
886
1146
1127
660
-44
-870
-1131
-997
-687
-378
-154
209
384
430
308
208
45
-296
-409
-363
-59
113
143
154
36
-191
-619
-1052
-1450
-1926
-2473
-2647
-2620
-2371
-2222
-2289
-2231
-2378
-2271
-2593
-2745
-2891
-721
3139
5682
6147
4010
2507
-51
525
3292
4600
4125
882
-1358
-4454
-5060
-2772
-428
770
-270
-540
-663
-101
510
517
-213
-1270
-816
307
1949
2538
2336
633
-1466
-1902
-1159
683
1240
1219
401
-309
370
954
1407
678
-165
-952
-1528
-790
421
1439
1365
628
41
262
932
1427
1290
705
212
-246
-62
300
638
371
-556
-1244
-1517
-1006
-436
-47
135
109
129
171
459
787
834
460
163
247
816
973
620
327
-92
-242
-469
-331
-66
-84
7
-360
-519
-322
-250
-123
-144
158
576
768
1047
923
442
-229
-958
-1183
-961
-466
-63
-27
-149
-374
-608
-737
-696
-443
14
412
707
800
703
426
-166
-728
-1248
-1467
-1598
-1807
-1934
-2111
-2252
-2481
-2755
-2608
-2431
-2128
-2044
-2065
-1964
-1769
1313
4345
5811
4547
2334
979
-621
2137
4773
5582
3239
-189
-2224
-4706
-3198
-465
1754
1311
-668
-1607
-2224
-1229
-511
103
-518
-655
-168
462
1294
901
509
-1126
-1382
-345
1444
2884
2368
1272
-573
-777
471
1898
2199
1247
142
-1231
-1907
-1573
-346
442
610
379
264
628
799
791
268
77
214
764
1499
1803
1370
7
-1307
-2112
-1809
-951
-44
500
350
-46
-695
-851
-639
-145
344
634
1103
1591
1804
1451
589
-273
-718
-549
273
855
1112
484
-749
-1758
-2176
-1538
-649
286
863
857
619
258
112
62
-75
-187
-114
76
261
148
-273
-716
-1009
-898
-597
-104
248
107
-275
-586
-436
-25
363
544
260
-344
-1089
-1665
-1835
-1954
-1921
-2106
-2203
-2370
-2616
-2696
-2827
-2784
-2547
-2206
-1086
2102
4535
4694
2283
684
212
741
4648
7005
6414
2164
-1424
-3146
-3958
-1069
2083
3547
1498
-1151
-2608
-2933
-1744
-442
359
-378
-457
-585
-482
-459
-537
-392
-872
66
1343
2667
2508
1276
103
-598
727
2686
4216
3558
1493
-785
-2482
-2516
-1453
15
551
249
-610
-1226
-1212
-814
-292
8
424
688
1041
1292
1240
694
-42
-231
87
651
911
724
22
-851
-1367
-1140
-382
419
854
653
84
-401
-127
205
691
814
549
224
-119
384
497
603
237
-599
-954
-1193
-684
-161
226
460
163
-17
-40
55
157
108
-17
-65
-116
-122
-184
-503
-734
-829
-624
-168
194
321
124
-285
-565
-460
-124
291
443
251
-171
-857
-1211
-1439
-1609
-1718
-2049
-2296
-2559
-2821
-2993
-3075
-3023
-2699
-2682
-939
2304
4161
3242
456
-91
-56
2184
6309
7823
5301
119
-2075
-2715
-1352
2363
4899
3767
-550
-3163
-3877
-2744
-737
1002
724
-1224
-2006
-2287
-2068
-1853
-963
-394
-431
311
1181
1588
832
347
485
1502
3418
4677
4237
1951
-23
-847
-597
508
1520
1452
-5
-1776
-2677
-2418
-1378
-487
-187
-408
-939
-1325
-1196
-448
279
596
590
568
553
464
382
343
487
723
939
937
750
498
201
-4
47
216
312
232
-223
-619
-944
-951
-603
-108
409
186
-401
-1057
-1306
-886
-56
834
1236
1074
490
97
68
440
822
847
733
294
-96
-467
-678
-602
-560
-329
-208
-127
-201
-467
-676
-732
-439
-68
319
358
119
-247
-579
-640
-728
-689
-861
-1103
-1418
-1939
-2227
-2479
-2501
-2498
-2567
-2285
-2517
-1156
1420
2755
1668
-540
-463
1
2298
5776
6548
3471
-729
-1416
-691
1046
3948
5424
3141
-1172
-2861
-2120
-409
1191
1824
205
-2506
-3452
-3049
-2325
-1720
-921
-855
-1669
-1631
-914
-272
-197
191
1131
1997
3109
3499
2823
1373
800
1505
2301
2768
2427
1389
-125
-1077
-823
-10
653
417
-378
-1370
-2017
-2059
-1597
-896
-759
-1064
-1568
-1672
-1385
-821
-147
392
758
823
794
741
994
1448
1882
2161
2300
2189
1691
1030
482
201
123
154
121
-92
-448
-1061
-1638
-1867
-1643
-1140
-957
-873
-891
-842
-668
-318
292
706
749
533
407
446
611
679
658
519
346
308
268
293
300
269
83
-201
-363
-454
-588
-709
-743
-832
-1020
-1197
-1442
-1743
-2113
-2171
-2243
-2225
-2216
-2223
-2213
-2356
-2059
-2015
-195
2027
2669
788
-1003
-237
683
3181
5554
5444
1653
-1773
-1086
438
2350
3987
4306
1404
-2365
-2509
-519
1591
2449
2003
-144
-2918
-3325
-2261
-1193
-690
-590
-1114
-2442
-2562
-1681
-706
-235
265
984
1169
1595
1734
1644
1170
1578
2626
3056
2791
1844
1081
326
363
1056
1581
1321
192
-753
-1304
-1214
-847
-531
-589
-1130
-1749
-2191
-2128
-1723
-1150
-802
-698
-748
-791
-717
-387
210
870
1260
1429
1525
1904
2295
2167
1893
1501
1339
1089
1202
1306
918
223
-611
-1050
-1269
-1135
-1121
-1349
-1691
-1953
-1812
-1360
-725
-431
-633
-919
-904
-499
-41
285
376
211
161
293
624
860
1019
957
716
634
647
649
411
181
-26
-338
-671
-1016
-1377
-1850
-2215
-2553
-2719
-2772
-2890
-3075
-3469
-3257
-3115
-1655
636
1673
361
-1483
-757
678
3004
5290
5819
2991
-315
106
1947
3718
4519
4628
2340
-1298
-1992
-139
2217
2735
2056
84
-2537
-3192
-2139
-659
-580
-991
-1875
-3304
-3654
-2830
-1150
-569
-401
-269
-430
-76
550
1604
1824
2073
2561
2801
2759
2361
2310
2040
1986
2088
2107
1756
743
-62
-446
-275
-94
-270
-782
-1542
-2100
-2266
-1976
-1647
-1583
-1794
-2101
-2131
-1810
-1217
-843
-618
-421
-160
-52
378
1290
2026
2099
1650
1601
1584
1877
2138
2210
1595
788
458
379
469
323
11
-779
-1587
-1894
-1740
-1393
-1123
-957
-1147
-1560
-1706
-1508
-1133
-768
-492
-394
-489
-364
-124
184
376
671
995
1063
1077
990
1017
890
826
744
531
230
-206
-615
-1177
-1617
-1915
-2056
-2311
-2670
-3163
-3490
-3858
-3293
-1409
-96
-716
-2321
-1936
-601
1097
2975
3950
2465
-94
186
2242
3990
4585
4879
3719
737
-592
760
3050
3445
2646
1282
-679
-1734
-1280
12
136
-572
-1495
-2697
-3406
-3058
-1701
-1095
-1337
-1576
-1774
-1617
-1139
-72
555
735
1079
1365
1505
1445
1910
2392
2583
2675
2718
2600
1910
1319
1127
1258
1388
1175
633
-272
-976
-1197
-1056
-894
-986
-1299
-1852
-2252
-2149
-1720
-1311
-1291
-1305
-1169
-1123
-974
-648
-76
274
643
1148
1370
1261
1072
1252
1427
1571
1621
1521
1265
898
816
710
531
233
-227
-731
-1041
-879
-669
-685
-896
-1217
-1433
-1418
-1056
-722
-672
-795
-966
-1009
-894
-408
171
441
387
173
124
259
509
713
799
770
620
282
-187
-510
-629
-733
-1017
-1334
-1696
-1983
-2475
-2356
-1321
-706
-1540
-2749
-2165
-877
404
1597
2073
652
-1347
-810
1387
3192
3829
4041
3062
784
-81
1175
3023
3347
2678
1439
-229
-895
-206
907
819
103
-749
-1870
-2493
-2113
-1067
-926
-1404
-1709
-1901
-1851
-1551
-790
-457
-455
-330
-47
279
486
968
1369
1662
1897
2064
2099
1777
1480
1334
1384
1472
1387
1089
506
-25
-291
-242
-161
-277
-568
-971
-1270
-1261
-963
-691
-705
-860
-1045
-1154
-970
-472
-117
-310
-566
-524
-69
483
1005
1077
611
157
121
568
1099
1517
1485
964
414
283
572
806
777
466
-82
-552
-670
-441
-306
-365
-516
-706
-845
-871
-723
-715
-859
-980
-876
-639
-453
-341
-448
-642
-750
-623
-376
-243
-224
-413
-658
-805
-825
-725
-880
-1049
-1336
-1146
-267
330
-275
-1674
-1900
-1373
-480
812
1789
1012
-1073
-1582
-458
973
1981
2842
2605
821
-256
472
2064
2783
2613
1699
214
-581
-222
662
992
729
34
-1020
-1519
-1238
-589
-497
-880
-1154
-1338
-1155
-885
-638
-804
-966
-697
-327
46
175
304
378
495
854
1373
1908
1949
1608
1263
1193
1401
1646
1858
1639
998
288
-33
53
173
164
-149
-656
-1100
-1269
-997
-552
-307
-494
-898
-1018
-753
-192
134
7
-322
-450
-274
5
361
598
553
265
94
285
601
782
744
593
465
413
472
529
426
256
-12
-233
-325
-299
-287
-462
-656
-707
-593
-476
-369
-300
-383
-539
-626
-552
-420
-346
-294
-302
-328
-430
-558
-666
-763
-781
-763
-760
-881
-1068
-1192
-1308
-1383
-889
-89
129
-641
-1214
-936
-366
347
1169
1404
308
-729
-431
521
1251
1952
2529
1917
562
112
883
1761
2120
2136
1556
589
51
121
329
267
237
-54
-671
-1052
-888
-625
-813
-1000
-986
-868
-733
-573
-535
-783
-836
-530
-75
258
413
439
113
-156
20
691
1313
1418
1151
735
530
567
872
1215
1260
999
580
294
99
62
147
167
9
-319
-549
-674
-647
-503
-383
-452
-636
-634
-433
-309
-335
-341
-280
-207
-128
31
124
73
-94
-180
-76
168
419
476
355
181
99
100
139
182
200
168
74
2
-47
-95
-169
-260
-259
-220
-237
-339
-433
-398
-332
-263
-261
-313
-438
-623
-677
-558
-381
-365
-509
-709
-862
-970
-1028
-989
-980
-1026
-1154
-1202
-908
-459
-236
-508
-749
-718
-566
-120
604
1075
725
172
37
197
450
1060
1812
1864
1357
954
962
1022
1121
1365
1389
1196
963
812
480
102
-29
-63
-200
-396
-399
-410
-589
-855
-972
-818
-585
-371
-269
-277
-330
-369
-226
59
421
706
744
567
401
500
763
955
973
862
655
454
442
541
584
487
368
312
266
252
256
240
151
50
-16
-53
-72
-100
-115
-156
-184
-238
-291
-346
-383
-385
-365
-314
-226
-132
-88
-90
-170
-277
-318
-194
1
112
80
-15
-66
-126
-129
-64
-12
-10
-22
2
-2
-28
-58
-93
-86
-28
18
-67
-201
-258
-228
-186
-107
-47
-174
-423
-612
-581
-483
-409
-388
-485
-720
-1008
-1104
-1020
-917
-924
-1022
-1111
-1208
-1205
-953
-517
-219
-339
-568
-660
-501
-141
368
774
702
429
284
378
526
833
1231
1340
1140
965
999
1071
1107
1127
1025
799
663
681
662
496
357
214
-44
-276
-240
-94
-192
-424
-524
-410
-286
-231
-202
-230
-269
-235
-62
141
265
324
323
347
406
512
579
502
401
345
327
272
204
178
144
72
-18
-15
36
46
48
84
169
205
269
304
277
217
180
196
212
295
354
252
-16
-252
-291
-197
-81
20
10
-161
-371
-466
-411
-345
-332
-321
-331
-351
-374
-356
-319
-289
-251
-224
-184
-128
-45
1
18
74
146
200
181
101
11
36
162
246
218
63
-54
-189
-275
-250
-186
-184
-371
-541
-621
-599
-618
-703
-773
-879
-983
-1068
-1046
-966
-925
-938
-993
-959
-820
-617
-458
-314
-211
-237
-262
-131
215
437
471
495
575
649
697
916
1157
1255
1187
1114
1106
1031
952
885
840
781
726
646
543
459
336
191
50
16
32
-16
-113
-201
-211
-192
-151
-83
-50
-102
-190
-196
-127
12
173
283
274
159
86
99
146
173
153
61
-36
-69
-79
-119
-192
-239
-291
-308
-192
54
237
239
165
113
120
185
351
519
592
489
320
201
160
185
137
55
-40
-107
-162
-195
-186
-224
-356
-511
-569
-536
-466
-405
-386
-423
-522
-568
-500
-357
-206
-90
-12
30
55
105
162
204
241
282
309
345
397
400
343
270
259
244
181
82
-28
-113
-160
-164
-205
-316
-453
-513
-542
-606
-676
-701
-666
-673
-717
-764
-770
-758
-787
-820
-803
-768
-703
-566
-388
-238
-148
-139
-214
-220
-40
254
432
497
530
465
367
411
651
827
845
841
831
751
664
706
768
745
723
747
693
537
418
373
313
254
243
204
73
-89
-155
-177
-155
-123
-96
-130
-196
-200
-170
-161
-216
-239
-239
-205
-145
-49
2
-77
-173
-197
-127
-11
116
210
225
211
221
291
389
448
468
469
455
448
445
448
413
331
257
183
122
58
37
-2
-102
-205
-269
-329
-402
-441
-422
-391
-388
-397
-403
-403
-382
-317
-230
-172
-125
-77
-39
-16
10
68
120
157
201
205
188
189
217
278
352
379
313
201
126
127
145
129
95
33
-63
-160
-217
-229
-211
-244
-336
-412
-423
-350
-341
-371
-424
-507
-547
-540
-455
-351
-301
-342
-411
-455
-450
-388
-339
-288
-263
-279
-282
-277
-196
-120
-72
-37
-24
8
5
-32
-76
-43
82
185
242
251
258
237
239
348
476
552
488
372
287
306
381
418
397
297
165
52
35
73
82
5
-142
-240
-248
-210
-197
-229
-295
-382
-397
-354
-262
-187
-154
-134
-101
-14
99
215
301
361
393
428
490
537
570
590
605
567
474
385
316
253
213
175
113
18
-110
-195
-238
-247
-253
-266
-304
-374
-394
-381
-348
-295
-233
-191
-203
-201
-154
-99
-65
-33
21
68
83
100
147
169
204
240
252
250
235
229
269
276
288
267
181
150
106
104
111
46
-23
-132
-231
-228
-217
-169
-194
-260
-298
-368
-374
-324
-252
-207
-208
-217
-192
-199
-182
-83
4
60
21
8
5
-13
15
44
68
34
-12
-86
-181
-217
-197
-195
-252
-283
-305
-376
-404
-438
-419
-391
-353
-302
-314
-302
-278
-229
-192
-147
-55
15
52
56
99
159
168
151
151
167
162
137
122
103
70
50
24
2
-17
-46
-101
-127
-80
11
54
27
26
67
110
156
225
293
333
331
343
398
448
414
358
321
349
366
329
305
252
209
138
82
99
89
50
-20
-99
-122
-110
-44
-27
-16
-11
-55
-82
-70
11
65
75
70
57
82
132
157
179
149
170
130
143
255
299
282
215
121
92
124
131
134
58
3
-39
-119
-74
-138
-146
-174
-234
-182
-179
-144
-121
-91
-98
-142
-86
-123
-80
-1
1
19
6
42
5
38
47
72
114
115
185
112
63
15
-71
-25
-8
-21
-80
-162
-158
-246
-276
-250
-252
-219
-219
-201
-219
-230
-190
-177
-129
-152
-111
-82
-84
-24
13
55
25
11
-34
-36
-74
-107
-65
-72
-98
-110
-135
-230
-288
-305
-288
-248
-185
-150
-180
-209
-230
-215
-144
-51
40
46
35
40
110
200
276
367
327
339
302
328
343
346
366
348
308
290
243
197
135
110
143
53
99
84
31
-52
-53
5
-82
11
20
-83
-68
-90
2
5
86
123
36
40
26
76
118
191
183
206
128
134
198
110
191
190
156
106
95
110
135
89
33
16
-78
-24
-45
-29
-35
-71
-13
-102
-88
-54
-56
-88
-65
12
-75
-2
-37
-66
-6
-3
59
-34
44
49
-55
-20
-31
12
-48
-33
-55
-169
-162
-181
-162
-256
-199
-171
-126
-140
-151
-120
-151
-49
-21
96
123
133
105
100
205
213
272
238
239
203
126
161
194
137
122
81
21
-49
-98
-93
-175
-213
-241
-304
-306
-277
-313
-327
-392
-329
-298
-261
-208
-242
-203
-277
-176
-157
13
-30
-20
-2
10
28
27
139
114
69
81
90
67
109
23
71
24
49
22
-35
23
-65
-52
0
-9
-28
-17
-32
-54
-69
-8
-13
-37
-33
-37
-66
-48
0
54
-15
10
-16
-31
-13
-36
39
-4
25
73
84
53
-22
-24
-62
-5
53
25
21
16
27
-96
-8
63
130
61
94
89
-10
92
-45
115
164
90
184
1
-3
-49
-30
68
36
87
-51
-129
-131
-117
-112
-93
-83
-145
-190
-217
-54
-74
-58
-34
-28
-69
57
211
162
137
170
231
217
321
456
468
476
283
270
297
264
348
441
290
221
278
67
33
27
32
-4
-17
-1
-121
-271
-175
-254
-180
-134
-114
-55
-221
-235
-277
-161
-119
-78
7
-35
-94
-89
-176
-63
-73
60
119
-47
60
-81
21
-65
-10
98
-38
17
-33
-3
-42
-146
22
-46
20
7
-9
-36
-129
-105
-101
-23
1
-32
-35
-18
-151
-89
-25
-6
-6
-48
5
-90
-72
-23
21
31
-14
20
-28
11
50
0
1
-69
-53
16
-34
-33
2
-49
-46
28
62
64
-12
72
69
27
117
61
116
43
21
68
-11
71
76
84
-12
-120
-143
-153
-57
-115
-55
-229
-326
-257
-267
-166
-165
-124
-285
-221
-100
-104
-29
-10
103
27
59
234
161
229
248
254
255
233
308
255
354
348
208
194
126
129
65
22
23
-75
-46
-106
-113
-207
-268
-186
-140
-53
-232
-170
-232
-269
-144
-10
52
-10
94
-49
2
29
37
196
100
112
116
153
73
50
80
68
114
90
-8
94
-34
-44
-19
-41
42
-130
60
48
-89
-64
-48
-46
-30
36
48
57
-73
60
81
149
14
166
124
-12
137
53
47
-13
53
92
86
87
103
7
-116
-73
-106
-83
-68
-24
10
-127
-104
-29
7
-40
22
12
-4
45
19
109
121
69
97
123
120
135
152
138
22
164
84
69
43
58
56
-106
25
-37
-133
-103
-89
-143
-255
-182
-164
-247
-138
-93
-81
-101
-23
-24
-105
78
88
145
177
183
200
257
264
234
310
244
226
171
180
150
127
128
56
-2
-50
-106
-148
-145
-183
-262
-231
-304
-315
-290
-379
-278
-318
-291
-236
-278
-192
-177
-163
-123
-117
-66
-28
22
-1
95
54
81
183
154
252
106
126
134
101
155
191
202
88
85
61
82
64
9
64
24
9
15
44
42
-2
72
30
33
10
63
82
36
84
109
123
51
113
63
39
139
113
118
38
-35
-1
17
36
-19
-33
-42
-84
-73
-95
-79
-135
-133
-174
-125
-129
-173
-57
-78
-85
-66
-97
13
-6
-22
54
-39
-34
-31
45
82
5
-13
-34
-18
-49
-91
17
-70
-171
-57
-91
-98
-104
-23
-35
-163
-97
-43
23
-9
29
-12
20
-69
60
195
163
255
114
33
2
103
91
228
184
52
46
-10
-102
-111
-31
-68
-112
-94
-216
-355
-304
-328
-264
-196
-230
-277
-337
-375
-425
-291
-197
-199
-164
-157
-115
-83
-237
-72
12
-96
212
131
187
98
37
240
3
230
272
234
322
98
60
103
185
253
214
253
222
101
111
178
166
194
176
216
200
66
145
93
256
231
239
248
140
247
111
186
182
131
166
11
187
148
0
59
-49
-72
-122
-6
-34
-44
-37
-129
-167
-211
-129
-143
-118
-3
-190
-121
-103
-162
-65
-37
10
-84
-29
-85
-165
-85
95
117
-24
1
-90
-82
-53
-60
111
-31
-29
-30
-16
-9
2
6
107
7
24
65
76
139
24
92
117
109
163
116
167
103
25
101
100
147
70
53
-39
-63
-1
27
125
-22
-111
-168
-277
-222
-136
-136
-124
-111
-173
-233
-287
-228
-162
-79
-99
-157
-232
-274
-193
-182
-70
-98
-125
-140
-136
-116
-29
-103
-2
-18
-76
-40
-32
28
-56
99
132
98
106
40
15
23
98
275
5
115
157
93
183
102
258
32
181
258
254
337
247
225
183
176
128
257
254
152
148
141
3
41
134
38
25
-9
-20
-117
-85
15
-84
-138
-107
-168
-133
-104
-142
-6
-143
-30
-73
-92
-25
-107
-44
-88
-33
-61
-22
41
-104
-95
-142
-140
-85
-52
-101
-75
-101
-212
-111
-205
-29
-184
-115
-33
-193
1
-33
-123
-23
20
34
28
54
14
-72
51
185
119
146
155
45
48
-35
50
66
104
88
69
81
-106
-99
-19
-93
18
13
-62
-21
-152
-1
-206
-105
-16
-96
-55
-117
-100
-47
-231
69
71
-134
-34
16
-107
-122
19
49
6
-32
97
-43
17
67
44
80
-9
25
68
31
96
82
73
29
102
86
32
132
59
165
192
146
216
130
114
177
196
251
153
197
281
158
184
151
-11
136
58
45
156
-18
-58
-71
-145
-149
-215
-153
-41
-180
-67
-201
-289
-222
-191
-70
-93
-89
-109
-166
-155
-97
25
46
22
-50
16
-36
-139
-70
107
14
-25
49
14
-100
-160
7
-83
-65
-43
5
11
-36
-107
-20
-33
-50
28
-42
24
-14
126
-40
104
113
35
64
20
236
10
71
150
112
1
61
140
101
-61
8
91
-18
-12
121
114
-117
-2
-115
-41
-73
20
50
-42
-17
-123
38
-129
32
-63
-60
-26
-166
124
-24
22
67
-1
-93
-71
19
79
-3
41
125
-3
25
27
29
-82
50
-13
63
29
2
28
-46
102
30
64
86
32
-25
41
67
141
32
61
58
27
83
147
138
85
80
23
52
-68
14
-19
90
52
-22
31
-156
-107
-95
-112
-157
-74
-128
-188
-120
-134
-201
-158
-103
-124
-102
-80
-22
-32
79
-22
16
-57
-62
34
-21
95
22
30
21
-45
138
-8
7
77
-79
111
-29
31
36
2
46
15
114
14
10
-3
48
9
71
82
-26
-73
-106
-71
40
126
68
116
-10
-45
-94
-83
11
82
83
17
105
-43
-54
-104
-7
-39
-69
78
-49
-121
-92
-99
-124
-119
-123
-91
-60
-142
-138
-101
-27
-75
-93
-8
-55
-151
-102
-74
-18
15
64
104
1
-77
-58
10
112
111
16
30
-27
-43
27
33
121
47
97
126
33
96
47
-24
111
-32
-40
85
-12
18
-53
122
43
-10
-3
28
-21
-69
-8
-6
-3
-98
77
-57
-187
-163
-51
-113
-159
-49
-126
-85
-155
-154
-115
-183
-123
-73
19
-18
-103
19
-68
-71
81
40
47
-28
-14
43
84
100
36
191
-121
-7
95
67
85
-6
132
46
-35
135
110
45
139
31
139
4
59
141
100
133
93
80
-6
47
155
131
124
110
27
33
-4
67
112
16
-41
13
-2
-3
7
-18
-6
43
33
50
-66
-70
-72
-147
-56
-22
-68
-87
-105
-70
-22
-49
61
34
-37
-75
-98
12
-54
-23
81
94
46
106
-18
33
31
49
192
121
208
51
128
19
97
205
216
204
89
160
-28
-14
165
85
111
66
93
69
-30
119
21
98
28
21
79
1
48
-66
-54
-95
-70
-70
-109
-104
-134
-124
-72
-66
-29
-4
-83
-117
-128
-56
-58
-112
-51
-63
-123
-20
14
-5
-30
0
62
-16
-26
-43
-11
-41
81
76
50
102
11
62
5
62
-8
-42
33
-19
-1
-27
16
48
67
55
29
28
0
50
46
66
-12
29
3
-98
110
-24
38
31
-10
10
-77
-12
5
-44
-46
-86
-86
-86
-63
-56
-44
-67
-93
-67
-117
-98
-94
-81
-84
-48
-55
-123
-144
-86
-13
-33
10
-60
-45
-64
-12
61
36
76
26
42
33
16
45
152
145
190
108
92
89
-38
6
-2
93
97
91
9
34
-9
-53
26
86
60
-7
34
-27
-31
-102
-36
-17
-28
-20
-65
6
-74
-115
-83
-60
-83
-70
-110
-67
-108
-74
-2
23
26
-116
-6
-126
-61
-76
-37
-19
-19
36
-57
19
-21
46
7
77
65
92
61
-3
112
12
30
73
54
75
47
42
37
24
61
59
48
69
8
-3
54
70
92
84
86
27
30
78
-27
99
155
93
61
27
39
-23
-9
52
24
-81
-16
-20
-29
-17
-25
-21
-103
-68
-92
-57
-2
-31
-54
-48
-72
-60
-30
-22
-42
-35
-88
-9
-41
22
31
-74
7
-77
39
43
84
65
67
36
2
65
-24
60
49
90
66
53
74
-36
60
3
53
36
20
51
17
18
12
49
52
50
-5
37
-27
-17
46
8
26
-28
-10
-20
-28
-12
34
4
13
-60
-8
-76
-66
-39
-97
-95
-98
-105
-98
-121
-112
-149
-159
-132
-137
-130
-99
-136
-101
-88
-120
-111
-122
-37
-75
-89
-14
-58
-42
-15
-22
71
-10
24
77
66
69
76
102
90
72
80
149
18
130
56
134
119
74
155
-17
139
36
108
34
78
99
20
115
42
108
2
35
35
24
-2
13
16
-10
-6
-36
27
-9
-17
-31
0
-50
-24
2
2
-27
-54
18
-123
-14
-34
-17
-67
-4
-15
-100
7
-47
-26
-25
-28
21
-1
-24
46
44
47
22
90
20
51
34
44
95
-10
98
-45
66
13
2
105
33
91
-44
6
-33
-89
4
-30
11
-43
-72
-79
-60
-105
-45
-87
-124
-70
-144
-101
-79
-143
-25
-145
-59
-71
-102
-16
-91
31
-80
-45
15
-78
7
-24
-63
-12
-45
4
-70
18
-22
-47
6
-21
0
-89
3
-40
-40
-51
0
16
-31
-6
32
-15
-15
41
41
2
30
44
71
40
50
31
22
57
-4
87
79
40
101
30
67
30
64
92
37
91
51
32
28
34
8
14
12
-1
-17
-25
-16
-50
-50
-44
-51
-45
-51
-73
-48
-43
-22
-41
-27
-34
-71
-36
-77
-42
-80
-68
-49
-70
-33
-34
-27
-57
-7
9
23
54
27
15
-2
-18
-9
-8
31
14
8
23
-8
15
68
41
46
66
14
64
24
66
40
72
73
45
52
17
67
-1
66
39
47
-51
-17
-21
-57
-27
-11
0
-74
-76
-82
-69
-57
-44
-30
-33
-55
-52
-34
-12
-52
-2
-28
-70
-39
-69
-50
-69
-45
-44
-20
-29
-33
26
-16
12
41
54
70
63
52
87
65
92
88
124
92
98
81
57
90
85
75
64
86
33
67
90
74
79
96
112
41
50
92
13
31
81
16
33
44
-3
-1
-37
18
-17
-4
4
7
-69
-58
-67
-123
-76
-65
-43
-88
-89
-63
-126
-102
-65
-94
-38
-34
-53
-19
-61
19
18
87
70
33
48
28
21
68
91
92
75
44
44
34
75
99
125
107
52
20
19
50
69
83
80
56
13
19
40
70
89
65
53
9
11
30
21
24
41
-6
-2
-30
-53
-43
-54
-42
-52
-41
-50
-69
-74
-61
-59
-48
-26
-22
-52
-44
-64
-77
-57
-70
-82
-67
-86
-80
-87
-71
-48
-61
-26
-24
-33
14
-10
26
27
32
68
38
65
45
25
34
30
18
48
21
47
32
0
32
-9
33
-6
17
4
-13
-10
-52
-26
-23
-18
-44
-20
2
2
-22
20
-30
-55
-36
-61
-24
-66
-37
-48
-99
-47
-93
-53
-37
-53
-34
-59
-47
-32
-18
-14
-14
-18
-44
-19
-50
-32
-35
-38
-21
-64
3
-12
-15
29
-17
34
5
17
37
19
36
20
39
43
31
17
81
-7
48
15
56
23
28
64
5
49
49
82
73
98
38
76
-4
50
49
41
66
15
24
-60
-41
-46
22
1
25
39
18
-10
6
54
38
65
68
98
33
56
28
-3
13
-47
7
-32
-20
-35
-47
-47
-12
-3
-2
20
39
40
11
59
55
75
51
69
83
27
33
29
31
-30
7
-7
-28
9
2
-8
-34
5
-13
24
24
33
55
20
28
22
28
38
31
43
46
17
43
9
8
6
-6
1
-7
-29
-15
-25
-53
-35
-49
-28
-20
16
13
6
16
-31
4
-31
3
-12
-2
-17
-30
-50
-48
-19
-42
-7
-44
-25
-49
-51
-41
-44
-6
-31
-15
-9
-14
-7
-10
-5
-37
-18
-39
-43
-26
-12
-2
-19
-3
-41
-11
-2
20
22
26
15
-18
-21
-25
4
33
-1
29
6
-25
-34
-68
13
-37
-11
-15
-23
-49
-54
5
-13
32
-11
27
-11
-22
9
8
27
16
20
14
-7
-6
-8
20
17
41
39
19
38
14
29
20
68
63
69
91
50
75
34
70
50
62
57
31
56
23
61
49
67
29
39
26
35
29
44
51
16
25
12
12
-6
32
33
24
10
5
-17
-14
-4
-13
-35
-13
-77
-25
-48
-53
-39
-68
-20
-87
-48
-37
-77
-26
-40
-1
-28
-18
-15
0
-41
-1
17
-41
32
-27
-2
-42
7
-5
-16
1
5
-49
-3
-19
-5
46
-25
69
-70
42
12
18
61
12
49
-18
-10
12
-13
-18
1
9
4
-31
27
-27
5
-30
-6
3
-45
19
-34
1
-29
-22
-10
-9
-26
-28
-25
-45
-50
-41
16
-57
12
-42
-11
-2
-41
54
-15
-13
22
-16
-3
-16
-21
25
-50
30
-6
26
5
19
30
-1
23
9
79
-14
78
37
42
20
16
23
5
39
-24
71
-7
37
-2
23
36
-13
79
11
45
28
9
42
16
8
28
-20
34
-10
14
20
-12
36
-39
11
-38
-32
-9
-14
0
-7
-18
-23
-31
-40
2
-33
-3
-54
-34
-39
-50
-1
-38
7
-23
-33
-6
-45
-9
-7
-43
-12
-48
-46
-17
-52
5
-30
-9
-2
-22
26
-14
1
-1
5
6
16
19
6
-8
-16
-15
-11
-11
1
-6
-12
-6
-28
6
-13
8
27
16
24
27
6
5
-1
-31
-3
-45
-26
-12
-42
-13
-33
-11
-21
-12
2
-13
-18
-16
-41
-30
-24
-30
-10
-11
-4
-27
-32
-29
-41
-50
-24
-30
-25
-30
-9
-7
-18
27
-4
37
-7
27
-3
7
9
3
42
-1
29
-2
27
2
28
15
23
-9
25
-14
4
22
-4
65
-37
80
-21
26
44
-26
73
-43
42
-32
-6
-1
-50
15
-58
13
-39
-6
26
-27
38
-26
8
14
-28
54
-7
25
26
1
41
-25
6
16
-44
-3
-14
-27
32
-32
51
21
1
70
5
77
29
62
63
20
76
15
79
43
48
51
27
41
-7
26
-1
-18
1
-2
5
8
4
19
6
10
8
17
11
0
-2
-7
-17
-31
0
-44
-33
-56
-68
-65
-89
-48
-75
-46
-49
-45
-36
-31
-8
-19
-3
-13
-12
-28
-29
-38
-45
-51
-49
-46
-68
-34
-65
-49
-34
-60
-15
-45
-24
-20
-26
-6
-1
6
-2
2
-2
-16
-14
-12
-36
-15
-50
-33
-50
-38
-17
-45
4
-38
-16
-9
-35
-5
-20
-16
-1
-33
-3
-8
-15
17
-16
6
-27
-27
-11
-40
-26
-15
-23
-15
12
-4
23
32
17
44
25
47
22
35
51
19
37
43
48
18
36
37
16
27
27
30
21
22
46
27
51
55
50
72
38
56
51
38
48
32
38
16
21
28
13
23
26
21
10
25
29
-4
24
19
7
15
6
27
2
4
30
-2
21
8
