16
17
26
37
30
35
41
43
48
49
46
35
22
15
14
19
19
18
17
3
10
0
-12
-9
-11
-1
-5
5
1
4
10
12
17
3
15
15
27
21
27
28
26
20
13
23
25
57
22
154
236
73
-15
32
32
-32
-9
86
-43
-193
-150
-87
-133
-91
-16
34
-120
-33
71
-186
-102
-43
-86
-32
-12
42
-98
-123
55
-127
44
52
46
125
-71
86
-59
-7
66
-21
3
-47
42
-107
-40
-117
-73
-62
-1
81
-193
168
-9
-145
60
42
22
-1
56
-24
69
-95
53
31
-22
179
8
101
45
180
194
55
153
10
26
-80
104
-64
-163
-80
-441
-64
-295
-202
-10
-167
-105
-193
-140
-24
-176
-14
125
-50
85
-13
-25
-35
92
58
201
156
144
115
-163
293
157
-154
327
234
35
3
-75
226
-285
-78
180
-193
-77
-220
-1
-223
-115
16
-217
-150
-28
37
-212
70
83
-199
81
40
-20
41
18
232
-86
-2
136
-203
154
133
-29
219
54
-78
67
-80
-44
98
49
160
8
-90
-13
-102
28
130
-24
209
-64
-40
111
-40
36
-95
121
46
8
45
56
-153
-32
15
-71
-91
-3
170
-102
-120
87
-96
-194
111
-72
39
115
-81
-108
-16
-77
45
7
168
152
-184
-26
-61
119
-20
154
234
-109
-11
-4
23
-23
52
167
7
-67
82
-103
-141
104
69
15
-49
47
-31
-51
-83
27
-8
-134
209
-102
22
139
-127
34
84
-4
99
173
82
-8
5
103
-92
7
235
-14
13
6
-68
14
-114
100
-36
46
105
-10
111
-111
-103
-180
-131
-61
-2
78
-46
-15
-115
-134
-24
128
202
145
145
64
-87
156
102
34
148
143
36
-137
71
13
-135
81
24
-13
-33
-24
-156
-50
32
-25
26
43
-88
-150
-43
-44
11
-36
191
-71
-104
43
-44
194
-30
267
189
8
110
-90
171
-67
95
114
-49
-59
-222
-41
-64
-21
-16
-51
-58
-137
-56
6
-18
58
6
26
-45
9
40
-91
71
1
122
-38
62
93
-53
154
107
87
58
98
-87
-36
-49
48
-16
-141
13
-143
-149
-131
-141
-62
-49
1
7
44
-92
-25
40
-55
62
-20
122
-131
-181
43
-158
1
115
47
37
9
-141
-49
-33
90
206
75
209
-91
-133
71
-104
134
152
-23
-110
-174
-134
-66
86
128
60
-54
-113
-182
-39
123
112
83
29
-173
-190
-131
-5
120
-60
67
-47
-122
-68
-104
-43
107
97
-15
58
-19
-32
-134
44
74
-52
50
98
-5
-53
21
-51
-40
63
22
-42
3
42
82
-38
17
72
12
18
124
124
16
-14
48
-13
-55
56
-9
66
-23
16
16
-58
-4
-62
-77
-35
-38
54
115
12
46
-114
-128
26
140
98
168
115
-101
-35
-1
152
70
126
224
-70
-80
-42
-65
-61
45
152
37
-51
-163
-207
-200
-59
123
69
-32
-110
-197
-204
-99
47
86
5
-22
-136
-139
-131
4
130
53
96
-27
-130
-75
45
138
145
134
-28
-152
-56
14
99
164
74
-89
-208
-234
-102
-30
-28
10
-121
-169
-220
-165
-25
-60
-31
-25
-36
-72
-122
-27
22
38
3
74
47
-72
64
47
15
34
44
39
1
85
95
-13
-56
-20
-16
-43
-39
12
-40
-67
-5
114
44
-33
40
7
42
88
145
187
107
94
72
96
151
228
242
226
224
62
64
49
148
272
212
262
138
-1
-13
-4
133
133
114
125
33
12
3
-6
-3
14
14
100
103
107
71
61
88
75
153
91
106
79
106
107
56
56
-51
-128
-62
-40
-20
-44
-166
-203
-322
-281
-190
-147
-138
-275
-260
-365
-398
-326
-328
-228
-289
-252
-324
-329
-302
-318
-199
-119
-142
-201
-141
-223
-192
-170
-112
-97
-92
-92
-174
-105
-111
-130
-90
-85
-102
-95
-59
-54
-67
-65
-35
10
5
94
91
87
195
197
286
294
311
393
390
452
497
512
629
607
567
577
583
589
635
668
671
605
528
505
502
513
446
416
324
252
196
226
266
207
159
83
3
8
36
74
57
12
-35
-124
-55
-35
-17
1
-51
16
-60
-112
-80
-110
-132
-134
-107
-128
-195
-255
-358
-380
-402
-473
-473
-461
-512
-624
-656
-714
-793
-834
-695
-618
-648
-706
-784
-787
-872
-772
-644
-717
-685
-701
-693
-755
-751
-630
-773
-755
-742
-703
-618
-680
-667
-761
-851
-775
-791
-640
-231
-62
-64
-469
-229
94
21
515
917
1021
491
342
893
836
1065
1445
1532
1373
1030
1182
1188
1255
1405
1257
1109
1070
887
658
653
743
640
367
427
373
152
95
156
338
266
177
173
119
269
400
577
633
460
525
494
717
870
897
921
755
724
642
695
724
572
451
331
291
124
-18
-106
-147
-240
-344
-378
-493
-583
-710
-711
-659
-650
-641
-717
-807
-739
-667
-580
-606
-612
-604
-702
-631
-495
-475
-552
-606
-602
-568
-651
-617
-637
-742
-795
-833
-765
-919
-1032
-1120
-1174
-1148
-1222
-1194
-1343
-1437
-1429
-1440
-1275
-1511
-1318
-837
-538
-452
-798
-324
-289
-278
496
1098
1360
535
670
1027
1031
1575
1932
2205
1548
1266
1493
1473
1804
1637
1441
1112
878
839
498
602
460
26
-251
-209
-126
-454
-595
-555
-496
-458
-385
-306
-351
-134
120
449
622
636
740
734
1081
1411
1650
1752
1592
1593
1438
1561
1704
1600
1448
1222
1063
803
584
484
319
125
-78
-236
-469
-699
-852
-922
-884
-894
-926
-1024
-1103
-1062
-959
-824
-728
-674
-686
-636
-527
-388
-249
-225
-245
-234
-177
-176
-154
-90
-210
-353
-418
-420
-479
-637
-683
-796
-955
-1032
-1138
-1237
-1345
-1385
-1398
-1489
-1507
-1554
-1562
-1598
-1478
-1398
-1475
-1483
-1655
-1009
-466
-221
-494
-559
-156
-263
226
1079
1507
908
256
875
1179
1276
1737
2060
1793
952
1190
1568
1636
1529
1332
1106
720
640
591
348
288
60
-319
-485
-361
-439
-755
-698
-522
-523
-631
-442
-331
-247
96
470
749
665
760
937
1217
1550
1770
1990
1920
1817
1854
1892
2079
2030
1869
1730
1526
1375
1014
851
697
462
192
-62
-267
-574
-804
-946
-974
-964
-1095
-1256
-1382
-1369
-1302
-1135
-1027
-971
-943
-976
-926
-698
-460
-386
-387
-378
-354
-342
-254
-148
-136
-344
-390
-501
-588
-557
-634
-700
-897
-1044
-1115
-1244
-1297
-1333
-1385
-1454
-1539
-1598
-1614
-1690
-1742
-1689
-1602
-1565
-1515
-1506
-1631
-1280
-703
-234
-628
-660
-329
-231
-6
608
1447
984
303
463
1035
1250
1566
2044
1977
1310
985
1333
1680
1719
1587
1370
1060
848
674
638
652
524
165
-81
-22
-70
-384
-543
-248
-19
-54
-80
-94
-30
105
431
829
907
937
910
1174
1482
1768
1930
1839
1818
1780
1912
2121
2149
1834
1466
1345
1352
1234
1016
780
485
77
-171
-203
-243
-508
-859
-984
-960
-959
-1080
-1112
-1142
-1108
-1051
-954
-919
-888
-888
-859
-632
-478
-367
-528
-538
-441
-350
-284
-280
-362
-395
-451
-606
-389
-410
-604
-775
-885
-895
-1069
-943
-849
-1167
-1249
-1112
-1205
-1247
-1216
-1026
-1076
-1265
-1114
-972
-1040
-1129
-920
-765
-788
-807
-822
-796
-785
-432
-59
-107
-232
-336
-218
-94
165
537
702
417
268
346
569
878
962
1068
1037
839
773
856
1068
1087
857
833
843
746
583
490
555
500
359
377
478
368
133
39
106
265
312
271
296
361
412
389
461
611
745
722
747
981
1026
966
869
908
1026
1049
1032
1023
924
752
611
585
696
604
457
441
294
157
-3
-1
157
-179
-287
-84
-285
-316
-557
-430
-268
-511
-308
-374
-421
-476
-383
-488
-367
-196
-342
-355
-545
-298
-411
-527
-368
-288
-478
-570
-461
-542
-512
-656
-394
-555
-669
-488
-672
-653
-674
-537
-560
-731
-525
-523
-857
-606
-474
-566
-576
-753
-430
-550
-725
-446
-461
-458
-470
-490
-478
-379
-341
-260
-313
-310
-249
-262
-128
-75
7
-14
51
18
14
156
286
405
316
273
340
341
324
469
641
647
581
578
549
551
615
642
703
631
577
621
508
449
502
502
478
432
427
420
312
309
296
288
354
389
371
322
327
334
387
418
387
426
506
576
549
534
538
458
501
622
557
445
367
313
273
196
217
168
157
-93
-175
6
-121
-193
-270
-268
-334
-344
-473
-466
-340
-661
-628
-481
-402
-571
-759
-475
-623
-565
-400
-514
-452
-621
-450
-510
-497
-185
-466
-601
-545
-352
-461
-671
-346
-419
-747
-488
-281
-507
-566
-451
-396
-545
-371
-92
-482
-410
-268
-215
-273
-280
-11
-218
-265
-150
33
-107
-85
-106
-306
-29
-52
27
-100
-198
120
-13
-45
151
244
160
5
216
500
428
218
254
308
375
505
604
679
566
420
528
641
748
739
630
644
568
552
582
612
466
332
350
419
448
301
240
85
80
167
219
300
215
106
47
109
206
303
229
267
256
167
240
262
385
383
367
356
260
216
183
297
312
228
225
-25
-89
-137
-152
-18
-111
-176
-255
-354
-487
-535
-360
-305
-509
-435
-414
-583
-687
-561
-473
-441
-315
-551
-467
-358
-509
-548
-448
-138
-480
-546
-116
-576
-403
-350
-272
-290
-675
-255
-390
-268
-174
-294
-352
-256
-508
-459
78
-46
-273
-278
-18
-129
-359
-106
261
0
-160
37
162
-135
-209
65
216
-29
-217
169
-50
-290
-173
20
41
-57
99
124
-152
-75
162
257
320
329
367
207
81
231
426
585
732
567
431
425
448
595
733
775
728
615
494
509
482
517
606
495
431
441
328
251
133
178
299
234
255
231
138
74
37
85
202
258
189
156
128
160
161
148
254
233
99
62
196
141
-72
63
125
-27
-154
-41
28
-268
-166
-59
-154
-342
-459
-279
-365
-339
-230
-241
-392
-605
-461
-321
-296
-191
-85
-378
-366
-357
-448
-149
-57
44
-331
-294
-122
-279
-236
-273
-186
-62
-172
-299
-163
-294
-180
-312
-298
-150
-285
-124
-294
-303
-33
-182
-317
-326
-375
-161
-174
35
-99
-130
-182
-470
-225
-222
-14
-90
-164
-229
-347
-467
-429
-268
-365
-264
-197
-47
-228
-412
-389
-279
-51
58
199
183
47
-28
18
241
473
605
683
512
412
598
754
865
848
833
840
769
665
592
707
652
552
424
395
344
188
38
-13
96
18
-66
-217
-218
-250
-260
-180
-136
-39
-232
-236
-153
-45
69
63
164
176
191
269
317
296
333
337
388
481
470
365
211
151
284
307
262
180
84
-108
-246
-119
5
-45
-268
-266
-116
-352
-472
-273
-214
-253
-548
-272
-77
-327
-196
-367
-178
-290
-331
-40
-201
-159
-238
-347
-235
-171
-149
-136
-68
-149
-274
-274
-138
-222
-435
-162
-283
-379
-311
-277
-428
-581
-390
-379
-439
-399
-169
-357
-468
-446
-407
-358
-384
-334
-386
-273
-424
-476
-418
-229
-21
-72
-104
-199
-86
61
184
406
446
355
282
295
487
693
759
764
618
517
535
690
792
732
603
458
445
339
367
367
306
227
107
85
11
-81
-127
-130
-109
-63
-54
-151
-182
-171
-105
49
163
151
124
192
337
375
349
512
665
556
514
649
714
687
602
701
735
588
505
452
496
375
288
374
249
77
13
-31
-15
-133
-64
-202
-428
-380
-427
-428
-380
-256
-309
-455
-477
-324
-292
-373
-308
-269
-223
-142
-317
-267
-180
-270
-283
-174
5
-207
-269
-183
-221
-238
-161
-203
-324
-330
-332
-325
-436
-366
-422
-600
-412
-440
-511
-421
-410
-435
-587
-386
-281
-505
-530
-369
-270
-389
-445
-349
-486
-507
-180
84
57
-295
-298
-142
-83
214
471
382
53
-65
112
452
691
722
623
476
371
481
758
894
786
516
465
528
466
466
521
443
254
137
176
162
12
-68
-57
-29
-39
-177
-220
-247
-243
-112
-3
14
-72
-170
-74
184
333
356
269
317
464
488
647
738
707
624
558
718
714
627
597
542
534
360
261
244
149
104
9
17
-112
-351
-396
-412
-360
-425
-536
-565
-643
-658
-629
-600
-542
-541
-594
-484
-437
-412
-403
-368
-281
-380
-215
19
-12
-237
-196
-22
-106
-150
-56
49
-139
-217
-111
-182
-279
-362
-407
-338
-382
-411
-501
-577
-614
-709
-593
-667
-708
-719
-767
-693
-835
-809
-854
-841
-500
-303
-212
-495
-681
-482
-97
304
446
466
291
11
59
693
1167
1096
887
794
808
774
1033
1419
1335
1007
805
787
830
815
841
746
519
281
152
155
116
56
-42
-114
-205
-365
-420
-344
-227
-170
-144
-116
-172
-142
54
289
433
446
448
510
660
813
896
944
938
867
917
1026
1124
1019
808
749
711
706
569
436
313
126
15
-115
-153
-264
-446
-589
-691
-652
-690
-789
-864
-891
-895
-876
-864
-828
-762
-698
-682
-669
-584
-492
-446
-416
-305
-242
-237
-214
-92
-137
-210
-96
-73
-163
-227
-188
-266
-400
-401
-376
-462
-523
-531
-643
-769
-852
-865
-889
-906
-902
-1008
-1168
-1248
-1237
-1173
-928
-456
-403
-868
-1155
-707
-85
83
295
382
192
-208
-23
873
1250
1199
985
972
949
862
1290
1602
1626
1257
929
928
840
929
922
890
668
263
70
3
115
71
-64
-211
-330
-408
-500
-393
-357
-269
-194
-305
-397
-419
-71
157
224
277
305
424
395
690
937
1017
1053
895
950
948
1218
1371
1203
1027
822
866
845
854
836
668
382
117
141
152
82
-159
-357
-483
-637
-637
-677
-696
-864
-1061
-1063
-1017
-903
-913
-971
-979
-978
-844
-748
-667
-612
-570
-480
-406
-227
-144
-141
-155
-184
-16
38
2
-101
-214
-150
-213
-262
-359
-474
-537
-738
-711
-701
-808
-980
-1202
-1167
-1248
-1350
-1340
-1218
-917
-815
-1003
-1294
-1241
-641
-121
21
100
5
-102
-106
456
1247
1384
1259
1105
1149
1246
1474
1924
1991
1725
1410
1226
1169
1247
1350
1260
887
548
343
201
229
252
89
-244
-449
-435
-444
-512
-539
-501
-389
-386
-519
-544
-406
-111
20
79
271
349
445
452
680
989
1104
1139
996
1155
1229
1268
1350
1273
1290
1088
1080
1083
981
911
746
656
487
388
282
142
-48
-223
-278
-442
-600
-764
-827
-895
-1008
-1025
-1064
-1091
-1159
-1195
-1126
-1057
-973
-947
-940
-878
-783
-655
-554
-389
-276
-316
-305
-217
-48
53
-18
-62
-76
-66
-87
-154
-184
-286
-444
-556
-630
-682
-814
-1002
-1129
-1220
-1309
-1472
-1533
-1382
-1092
-967
-1249
-1486
-1409
-890
-407
-271
-125
-228
-355
-293
272
995
1095
1070
1010
1050
1172
1387
1807
1887
1724
1445
1213
1229
1395
1430
1206
875
579
356
231
244
247
-47
-384
-539
-512
-503
-660
-654
-589
-495
-511
-608
-556
-424
-164
-7
51
147
262
430
602
796
932
973
1055
1187
1268
1336
1502
1504
1356
1278
1353
1453
1287
1183
1100
971
815
669
696
543
292
75
-41
-76
-265
-415
-586
-732
-841
-930
-938
-1030
-1144
-1268
-1314
-1268
-1190
-1133
-1183
-1185
-1096
-939
-858
-804
-676
-566
-460
-448
-344
-192
-126
-138
-175
-129
-112
-170
-230
-216
-229
-322
-461
-556
-580
-654
-763
-904
-1072
-1143
-1287
-1372
-1306
-1132
-808
-1008
-1356
-1548
-1143
-399
-286
-187
-229
-262
-292
-24
882
1219
1100
935
1034
1223
1259
1678
1947
1821
1469
1280
1358
1402
1537
1419
1115
725
486
442
370
447
300
-27
-304
-360
-254
-326
-358
-358
-334
-302
-387
-420
-372
-127
92
68
60
139
285
386
538
898
916
809
675
914
1346
1259
1255
1098
1087
1081
1023
1237
1012
913
756
646
656
483
475
323
174
6
-131
-186
-352
-507
-663
-739
-856
-935
-1024
-1146
-1198
-1300
-1279
-1235
-1173
-1143
-1227
-1203
-1144
-1006
-869
-854
-794
-750
-582
-448
-433
-393
-365
-256
-194
-151
-167
-211
-204
-229
-261
-343
-317
-396
-527
-625
-716
-778
-969
-1035
-1144
-1134
-1016
-801
-626
-929
-1189
-1179
-557
-86
-90
25
-120
-109
-137
422
1222
1151
1060
918
1064
1135
1272
1833
1776
1450
1160
1162
1284
1268
1346
1154
771
483
392
412
402
344
86
-178
-339
-318
-299
-359
-289
-333
-322
-369
-445
-410
-303
12
73
-11
67
168
310
344
475
704
668
695
830
849
918
857
1118
1134
872
1013
899
857
731
821
991
594
495
399
368
367
239
287
76
-150
-297
-340
-276
-378
-556
-770
-892
-930
-942
-1009
-1044
-1037
-1147
-1184
-1170
-1041
-967
-1010
-961
-929
-740
-622
-642
-587
-568
-391
-346
-340
-226
-192
-124
-233
-217
-151
-184
-126
-196
-257
-392
-442
-372
-466
-612
-790
-886
-954
-901
-772
-598
-627
-906
-1003
-958
-402
-108
-162
-87
-192
-109
-169
314
946
896
803
701
866
958
1162
1574
1524
1226
1009
1039
1042
1119
1183
985
588
313
397
340
270
246
51
-253
-496
-393
-282
-325
-351
-419
-416
-467
-469
-372
-235
34
60
-53
-69
74
297
391
482
572
605
581
708
772
917
947
783
779
722
900
790
702
843
679
623
412
491
591
456
463
232
122
8
-27
24
-92
-195
-355
-442
-498
-509
-600
-707
-781
-827
-832
-916
-902
-900
-920
-893
-867
-746
-721
-715
-635
-552
-430
-431
-409
-327
-263
-216
-257
-188
-102
-52
-94
-160
-175
-193
-124
-224
-300
-393
-495
-505
-612
-564
-767
-903
-795
-704
-503
-713
-851
-910
-659
-186
-211
-199
-205
-124
-129
-10
592
744
605
552
715
813
799
1175
1364
1148
858
892
1018
966
1048
942
649
359
362
458
286
220
87
-106
-265
-265
-165
-251
-263
-258
-319
-337
-267
-180
-166
-55
49
20
-1
123
293
346
381
464
433
496
551
664
714
644
667
550
607
628
609
631
455
430
390
406
394
306
352
267
111
56
148
177
52
-101
-169
-179
-239
-246
-325
-392
-482
-588
-562
-541
-536
-602
-664
-628
-582
-550
-546
-543
-515
-499
-437
-372
-340
-296
-283
-213
-136
-63
0
-6
18
63
90
46
-2
-24
-38
-83
-160
-186
-284
-368
-460
-562
-562
-673
-656
-675
-715
-600
-656
-681
-885
-746
-308
-329
-348
-358
-218
-221
-235
232
388
360
350
437
545
536
803
903
790
678
672
688
636
743
681
514
325
319
337
238
267
154
30
-109
-132
-79
-144
-128
-166
-186
-159
-151
-108
-97
39
127
75
45
127
296
335
326
309
344
410
414
419
451
589
493
366
363
435
481
351
413
406
286
281
285
385
314
284
322
237
242
258
260
213
163
158
123
35
-23
-63
-171
-171
-209
-232
-282
-359
-365
-431
-430
-401
-386
-389
-429
-435
-424
-385
-332
-342
-340
-298
-242
-200
-193
-158
-146
-134
-101
-88
-75
-143
-166
-211
-233
-242
-325
-347
-449
-516
-614
-719
-692
-710
-730
-847
-834
-646
-672
-839
-881
-533
-357
-562
-505
-314
-266
-370
-127
229
156
160
317
467
430
517
773
714
615
646
684
616
638
725
575
409
429
456
324
262
295
144
-32
-13
68
10
-36
-2
-82
-134
-23
54
16
0
133
131
80
161
234
250
204
257
281
293
346
305
308
373
381
259
236
400
464
287
237
362
355
330
351
485
382
281
413
454
460
350
380
361
270
298
257
235
133
72
17
-62
-87
-149
-236
-314
-353
-406
-447
-476
-501
-540
-596
-580
-538
-516
-508
-549
-543
-470
-355
-267
-278
-280
-264
-209
-143
-80
4
-21
-119
-189
-145
-62
-98
-185
-294
-359
-418
-488
-558
-630
-620
-646
-722
-691
-541
-618
-928
-908
-458
-306
-569
-573
-366
-377
-514
-186
205
127
75
193
306
312
500
763
644
505
631
694
649
746
849
673
426
490
592
490
420
414
281
99
102
184
150
87
67
-35
-71
60
101
-5
-37
93
65
-41
-2
126
145
53
76
116
129
125
115
85
158
158
65
84
191
318
145
154
275
291
335
227
319
319
324
435
339
376
331
325
375
302
352
260
166
140
86
77
18
-44
-106
-207
-253
-271
-305
-333
-390
-458
-491
-509
-512
-468
-452
-422
-460
-452
-361
-296
-200
-206
-164
-111
-50
9
-3
67
69
70
87
59
64
-11
-47
-82
-167
-232
-314
-363
-508
-594
-607
-628
-645
-757
-682
-627
-700
-824
-776
-439
-488
-581
-421
-321
-321
-358
28
215
123
261
374
432
430
668
844
727
761
840
802
734
863
907
678
563
619
605
429
380
360
191
104
77
68
8
-17
-50
-184
-141
-60
-119
-214
-142
20
-68
-190
-139
-33
9
-35
-49
-58
13
67
48
-2
59
164
95
55
75
247
211
123
189
279
293
118
223
337
284
225
197
287
216
205
215
183
215
151
96
28
9
16
-65
-120
-148
-173
-252
-303
-294
-285
-316
-384
-391
-374
-347
-325
-322
-275
-252
-242
-213
-140
-19
-17
-38
-29
74
171
138
124
124
166
150
104
96
50
24
-84
-142
-198
-280
-346
-478
-519
-610
-671
-697
-751
-739
-812
-701
-677
-775
-796
-670
-437
-536
-503
-353
-337
-321
-223
94
125
98
267
318
361
461
660
682
583
655
689
649
689
756
663
516
472
474
396
357
355
223
103
101
98
58
31
-2
-70
-103
0
-8
-88
-54
32
57
-26
16
90
116
154
156
156
156
212
221
165
170
222
197
163
203
212
158
87
123
134
160
179
110
92
50
83
100
114
178
108
50
17
54
115
100
83
29
-32
-42
-23
-8
-30
-92
-145
-174
-142
-107
-143
-187
-203
-196
-166
-151
-121
-104
-117
-99
-43
5
59
76
49
53
129
208
183
135
136
168
151
114
93
63
-11
-106
-158
-220
-288
-395
-484
-540
-603
-641
-701
-752
-774
-811
-820
-675
-598
-726
-853
-672
-398
-455
-447
-287
-200
-274
-204
160
221
197
293
364
391
447
676
688
591
628
637
582
557
653
571
359
319
358
295
177
174
123
2
-29
-4
-12
-65
-41
-65
-109
-42
-3
-36
-56
71
145
72
81
158
189
144
157
202
193
182
174
133
134
155
111
63
46
166
82
-67
-52
48
136
-36
-19
51
-21
30
57
206
167
84
133
103
210
244
229
215
154
149
135
221
272
199
81
40
78
122
133
78
16
-45
-53
5
54
77
-6
-91
-55
25
103
50
-5
-33
-33
26
47
61
13
-56
-92
-105
-88
-125
-204
-301
-377
-417
-457
-492
-558
-623
-695
-748
-738
-740
-735
-781
-776
-790
-715
-539
-532
-614
-676
-445
-286
-334
-224
-130
-125
-210
-48
258
227
200
280
304
302
393
607
562
423
454
485
462
492
595
501
342
334
393
357
302
353
287
181
184
261
295
256
262
190
132
219
296
249
161
210
241
153
144
192
186
99
30
16
-28
-47
-64
-132
-207
-195
-185
-240
-166
-111
-179
-287
-210
1
-37
-56
-26
-45
-2
45
253
263
207
240
203
277
329
383
345
241
266
266
288
293
288
224
134
107
120
153
99
18
-81
-116
-75
-67
-65
-128
-179
-217
-217
-139
-123
-155
-225
-233
-171
-143
-108
-124
-163
-190
-204
-175
-159
-160
-225
-292
-285
-280
-277
-332
-374
-432
-453
-457
-471
-461
-512
-537
-565
-550
-537
-520
-428
-421
-496
-540
-396
-279
-316
-282
-209
-186
-252
-151
47
36
20
99
181
164
210
361
373
335
384
443
432
465
531
460
379
412
461
408
380
435
383
271
283
346
318
267
250
210
179
203
200
120
54
72
33
-46
-67
-72
-126
-205
-230
-255
-269
-250
-257
-287
-297
-249
-211
-190
-73
-7
-44
-91
-23
161
212
236
249
214
290
368
482
523
495
518
470
510
584
598
563
456
395
350
347
363
291
164
44
-8
-17
-27
-88
-178
-289
-361
-354
-329
-313
-369
-438
-465
-426
-321
-285
-313
-359
-359
-282
-216
-160
-161
-194
-195
-169
-131
-97
-91
-126
-151
-161
-158
-174
-202
-226
-288
-338
-360
-349
-364
-432
-505
-532
-525
-551
-584
-598
-559
-524
-537
-562
-557
-460
-378
-340
-274
-215
-181
-169
-44
97
150
211
278
350
378
457
573
597
618
630
630
638
677
720
672
609
602
590
558
543
532
456
367
330
324
287
198
128
73
75
68
-5
-92
-140
-107
-116
-154
-154
-135
-132
-144
-118
-73
-34
-12
-19
-12
31
57
97
164
207
151
101
206
347
363
305
305
303
275
345
413
402
311
264
267
252
280
262
187
87
34
32
10
-11
-79
-181
-244
-237
-227
-240
-274
-333
-379
-381
-336
-302
-312
-342
-377
-380
-324
-235
-197
-250
-282
-243
-166
-98
-92
-107
-116
-95
-53
-31
-14
-22
-63
-132
-141
-119
-138
-196
-267
-329
-363
-351
-340
-361
-413
-473
-492
-460
-425
-427
-458
-482
-466
-455
-408
-351
-324
-340
-341
-246
-145
-77
-34
9
51
111
208
292
321
363
406
417
438
494
541
517
504
510
504
496
501
496
444
409
383
341
314
316
282
215
173
162
145
118
108
72
17
-1
33
33
3
-9
-13
-22
-22
13
35
40
43
46
79
108
108
117
152
170
125
119
195
258
231
187
180
179
196
231
259
235
191
184
195
186
176
169
125
81
62
52
29
-16
-59
-112
-145
-144
-152
-191
-235
-266
-298
-316
-313
-299
-309
-337
-365
-364
-333
-313
-319
-338
-347
-308
-247
-222
-210
-218
-227
-215
-189
-143
-125
-154
-171
-166
-149
-144
-135
-132
-148
-142
-154
-165
-169
-173
-176
-194
-191
-186
-198
-207
-212
-205
-196
-168
-135
-129
-120
-98
-53
-15
27
54
64
76
108
198
247
255
259
279
312
336
382
426
431
417
407
433
467
498
508
486
469
452
451
435
433
413
354
322
296
279
247
207
175
133
105
92
91
65
46
24
0
-2
-24
-37
-56
-75
-79
-102
-97
-112
-132
-115
-129
-130
-129
-97
-75
-107
-80
-54
-42
-13
-14
3
3
9
15
17
29
11
3
-5
3
14
-4
-8
-19
-46
-81
-108
-112
-131
-168
-218
-245
-260
-272
-296
-327
-344
-360
-372
-370
-353
-363
-385
-373
-349
-333
-319
-302
-273
-252
-226
-191
-162
-129
-95
-68
-33
4
31
47
59
65
70
84
81
80
81
81
67
41
46
45
23
21
17
-9
-38
-29
4
-12
-34
-22
-8
-4
4
41
73
95
134
169
175
202
260
284
286
299
328
342
335
366
380
359
351
358
359
335
339
351
340
324
306
280
259
260
239
208
190
151
112
79
62
48
1
-42
-60
-79
-110
-134
-146
-165
-197
-204
-215
-219
-218
-226
-228
-238
-227
-223
-219
-209
-182
-169
-155
-135
-132
-131
-144
-126
-94
-85
-91
-90
-86
-91
-91
-93
-110
-127
-132
-156
-174
-181
-197
-230
-271
-278
-310
-329
-330
-334
-354
-384
-363
-372
-360
-326
-310
-314
-323
-279
-256
-246
-207
-175
-183
-171
-113
-89
-86
-73
-59
-61
-46
2
16
2
44
78
70
92
118
128
111
137
172
161
190
209
209
231
238
258
251
268
281
257
276
297
306
288
291
315
295
318
362
374
360
351
373
359
352
381
377
351
346
336
327
328
326
312
282
280
280
250
235
224
206
181
162
145
116
84
49
14
-18
-47
-80
-113
-143
-148
-160
-190
-199
-205
-220
-247
-261
-236
-239
-242
-244
-247
-248
-266
-258
-253
-258
-253
-257
-250
-231
-213
-196
-217
-219
-191
-185
-199
-205
-192
-194
-215
-188
-183
-220
-215
-183
-189
-218
-203
-185
-226
-234
-190
-199
-240
-222
-174
-191
-235
-200
-179
-213
-194
-156
-148
-157
-134
-82
-91
-97
-69
-50
-39
-24
23
32
21
36
50
72
58
83
132
133
126
144
167
165
177
223
229
203
223
254
262
257
277
289
271
278
307
291
283
287
279
260
236
245
221
191
216
214
191
171
176
177
160
165
160
134
118
118
122
104
101
102
80
73
60
50
44
46
53
26
13
24
20
21
14
9
6
-20
-30
-39
-55
-73
-92
-103
-136
-152
-154
-166
-185
-195
-209
-220
-225
-211
-224
-243
-247
-259
-250
-270
-254
-243
-257
-244
-257
-257
-243
-220
-193
-201
-188
-157
-170
-169
-121
-55
-10
-15
-9
-23
-10
43
74
132
117
62
19
31
95
81
68
59
16
-3
-7
-11
-33
-77
-83
-77
-88
-95
-104
-86
-77
-68
-33
-7
-23
-10
35
49
69
101
134
142
141
181
209
216
231
226
213
210
221
236
218
174
147
134
133
133
123
93
49
40
54
45
26
10
9
-4
6
27
16
12
5
9
11
11
12
14
34
26
14
20
14
0
10
10
-15
-21
1
7
-14
-25
-16
-20
-31
-3
-18
-56
-49
-31
-30
-35
-26
-49
-79
-64
-51
-63
-77
-64
-71
-86
-59
-66
-81
-84
-80
-85
-107
-74
-69
-92
-89
-79
-79
-101
-75
-37
-57
-72
-63
-46
-55
-57
-24
-39
-49
-25
18
24
-9
14
18
4
14
39
63
50
59
78
86
86
92
121
122
121
128
147
160
142
148
154
166
171
162
178
150
145
141
126
134
106
99
94
82
94
87
74
48
35
53
64
73
65
48
37
36
56
64
51
46
55
48
50
69
69
46
35
47
48
49
46
26
28
22
20
7
-1
8
-29
-36
-46
-65
-66
-64
-65
-103
-128
-124
-135
-150
-151
-140
-155
-165
-148
-156
-169
-156
-142
-136
-131
-117
-111
-108
-98
-88
-95
-93
-73
-76
-70
-62
-44
-55
-70
-42
-61
-67
-53
-50
-53
-64
-40
-41
-52
-29
-19
-44
-47
-27
-39
-59
-39
-32
-49
-64
-60
-60
-66
-49
-46
-69
-53
-33
-41
-25
-4
-10
-10
4
20
24
40
72
55
46
69
69
74
83
104
104
87
113
118
116
129
139
146
144
159
152
148
157
165
171
161
153
143
132
127
118
116
99
47
35
61
58
25
26
33
7
-8
4
3
-33
-18
21
-4
-14
17
20
3
4
53
41
11
51
67
67
62
74
78
65
70
69
55
53
52
32
7
-8
-27
-62
-83
-98
-108
-137
-161
-178
-207
-217
-224
-227
-230
-240
-249
-252
-234
-215
-208
-203
-188
-171
-151
-138
-127
-101
-72
-57
-45
-25
-9
-3
2
17
41
48
41
27
20
31
35
17
10
8
-12
-28
-30
-33
-42
-52
-71
-96
-109
-95
-96
-114
-102
-96
-100
-105
-91
-60
-53
-40
-15
-6
0
6
35
56
51
61
81
92
89
101
118
123
154
177
181
183
206
225
214
226
244
243
222
214
215
213
215
202
182
163
166
154
113
97
107
109
91
78
80
76
54
55
62
56
47
52
65
58
49
46
39
27
37
52
51
52
54
54
39
34
51
30
0
5
13
-4
-21
-24
-47
-73
-79
-91
-118
-127
-131
-149
-158
-160
-158
-185
-205
-189
-168
-172
-165
-145
-140
-139
-131
-101
-78
-92
-77
-47
-59
-49
-8
12
-9
-17
10
-5
-14
25
26
-6
-17
2
-7
-32
-23
-33
-69
-82
-69
-82
-114
-123
-128
-146
-153
-137
-123
-146
-166
-155
-150
-158
-154
-135
-136
-148
-132
-100
-92
-87
-67
-63
-54
-22
4
18
11
13
42
66
81
91
88
87
78
109
142
133
133
155
165
147
165
190
198
192
198
215
195
187
203
187
162
175
178
161
161
161
162
150
147
155
154
139
119
116
107
107
101
79
58
40
37
25
26
47
34
-3
-19
-20
-18
-16
-16
-17
-41
-61
-40
-45
-72
-77
-60
-69
-96
-94
-96
-104
-96
-76
-78
-94
-90
-84
-87
-82
-57
-43
-62
-62
-37
-22
-20
-22
-15
3
12
24
32
39
41
33
47
56
46
39
47
33
13
2
-13
-40
-70
-67
-80
-123
-124
-117
-146
-174
-180
-166
-182
-193
-184
-198
-220
-223
-220
-233
-238
-219
-221
-231
-200
-172
-173
-181
-159
-146
-149
-133
-116
-115
-114
-93
-79
-86
-78
-56
-57
-45
-7
7
9
21
49
63
53
75
110
114
114
139
167
174
197
224
216
213
236
258
247
245
272
260
228
234
249
236
215
226
232
208
196
186
169
141
127
110
78
60
48
39
11
2
-2
-16
-28
-35
-31
-35
-37
-41
-43
-53
-58
-57
-58
-58
-47
-64
-61
-44
-41
-41
-43
-30
-33
-38
-24
-27
-28
-26
-37
-37
-36
-36
-33
-39
-35
-34
-39
-45
-44
-36
-44
-58
-48
-31
-32
-37
-26
-19
-20
-8
-8
-18
-18
-15
-15
-32
-30
-10
-12
-18
-14
-14
-14
-30
-19
-6
-27
-28
-30
-38
-51
-50
-43
-56
-67
-62
-65
-78
-70
-65
-76
-88
-80
-78
-80
-72
-63
-63
-74
-57
-51
-53
-41
-34
-33
-30
-21
7
20
28
46
58
73
90
107
125
136
143
157
169
177
176
179
179
170
154
154
159
139
135
128
120
118
108
99
87
85
77
64
48
34
14
-1
-24
-42
-54
-64
-69
-72
-73
-78
-76
-73
-67
-64
-68
-64
-65
-64
-66
-64
-61
-55
-53
-56
-62
-69
-58
-50
-43
-40
-44
-43
-37
-31
-23
-26
-32
-32
-36
-37
-40
-42
-44
-51
-54
-56
-57
-47
-38
-33
-32
-28
-33
-31
-20
-15
-12
-9
-8
-5
2
2
-3
-8
-2
1
-1
5
1
4
3
5
14
11
7
6
6
3
8
4
-2
-3
-7
-11
-15
-12
-10
-9
-11
0
5
3
8
14
16
23
32
38
43
46
54
50
45
47
48
52
57
69
73
74
87
102
117
125
134
148
149
153
149
150
143
130
121
108
99
97
79
67
59
50
40
26
21
14
6
3
-12
-25
-34
-49
-61
-79
-79
-80
-93
-98
-101
-103
-107
-114
-106
-102
-103
-101
-100
-99
-93
-83
-78
-77
-84
-88
-91
-87
-85
-89
-88
-87
-82
-80
-74
-71
-74
-69
-73
-75
-72
-65
-58
-53
-47
-41
-40
-39
-32
-30
-29
-20
-6
-5
-2
9
15
23
34
42
41
42
45
56
55
56
64
62
55
49
48
51
50
46
49
40
39
36
24
21
23
23
19
17
15
15
14
11
9
13
15
10
1
4
9
19
25
19
25
36
37
43
49
52
47
47
56
60
57
61
63
66
74
83
91
96
104
106
108
105
103
100
96
91
84
82
67
53
46
42
38
36
31
21
18
6
-7
-21
-37
-51
-62
-69
-77
-88
-101
-111
-123
-129
-135
-139
-140
-140
-143
-142
-142
-142
-145
-145
-137
-130
-121
-119
-119
-111
-116
-114
-109
-101
-93
-89
-88
-88
-76
-64
-55
-49
-41
-33
-25
-13
-2
-2
0
5
7
12
25
33
40
45
54
56
54
65
77
87
90
88
86
84
81
78
76
72
73
71
61
51
45
38
37
37
31
22
11
6
5
5
6
5
6
9
7
4
2
1
-1
-3
-5
-7
-8
0
8
8
5
14
20
26
38
46
51
55
56
49
41
38
40
41
44
43
43
41
42
46
49
54
59
66
69
68
64
59
58
59
52
42
30
21
15
15
10
0
-9
-11
-13
-19
-22
-26
-28
-32
-39
-52
-58
-60
-64
-70
-74
-80
-83
-82
-80
-79
-78
-72
-72
-68
-63
-58
-54
-48
-44
-37
-34
-37
-37
-32
-32
-34
-34
-38
-38
-27
-18
-15
-10
-7
-2
1
8
14
15
13
7
4
6
7
1
1
7
12
17
22
21
23
22
22
23
25
31
32
32
30
30
26
16
7
4
5
0
-8
-13
-21
-26
-25
-21
-17
-14
-5
2
-2
-5
-5
-5
-4
-5
-6
-7
-9
-10
-14
-13
-14
-10
-6
1
10
10
11
16
19
21
26
25
20
21
22
20
13
10
11
16
21
24
32
37
35
33
35
38
40
40
39
34
28
19
11
7
5
4
2
-2
-8
-11
-13
-17
-14
-14
-20
-24
-28
-27
-28
-33
-36
-40
-44
-45
-43
-44
-44
-42
-42
-40
-36
-26
-14
-6
3
7
10
14
16
20
24
27
27
26
29
32
30
33
33
35
37
40
44
44
45
45
