-22
19
20
64
461
67
-81
54
-14
-78
-44
331
51
-168
12
-90
-150
-77
121
105
-6
37
21
-125
-121
-41
-63
-24
-1
56
-62
-57
-113
-90
-90
-33
6
-17
31
-63
19
20
5
23
117
36
66
-19
-127
-162
-124
-77
-28
117
-35
-66
-58
-133
-325
0
-16
-86
91
-75
-222
-428
-212
-67
-89
309
153
-56
-45
-377
-129
-206
144
178
212
221
-5
82
112
-6
-8
204
130
306
41
156
-152
-278
-30
-143
86
174
224
20
-29
162
-41
-75
122
-21
42
213
192
-135
-28
-261
-340
-198
-74
123
149
229
-205
-30
-235
-119
-88
89
203
7
191
-115
-146
-149
-6
25
180
122
122
58
21
20
-139
91
-64
37
223
134
4
-193
-292
-307
-160
25
-30
63
-179
-451
-53
-107
-75
93
273
45
-158
112
-145
-258
27
23
-1
138
-187
-96
-289
-95
-103
1
58
-117
90
-274
21
-181
61
-155
0
176
-190
215
-92
-107
-162
-21
63
156
233
173
85
-61
21
-32
241
-24
-13
-21
-206
-73
-383
37
-4
-169
-20
77
1
-313
34
49
-67
-30
88
-87
-134
-3
28
-29
102
107
-79
248
126
138
232
143
67
72
125
279
107
168
151
29
145
-138
127
139
-18
105
94
33
-74
-236
81
124
-52
219
198
105
-131
13
107
-35
153
262
241
223
116
4
120
125
73
346
377
230
107
1
103
137
99
209
250
92
-25
26
190
-143
-115
12
-81
-12
20
-2
-182
-141
-212
-51
101
8
39
-47
-153
-262
-152
-45
-121
0
-227
-294
-201
-266
-192
-63
-58
-288
-344
-385
-330
-491
-131
-151
-308
-291
-666
-507
-447
-297
-119
-54
-229
-446
-455
-372
-217
-65
103
127
-40
-162
-123
24
186
328
526
528
335
222
335
433
600
751
790
771
651
565
581
653
699
761
818
793
582
474
368
352
339
422
602
515
329
132
-35
-177
-54
104
150
216
-56
-292
-281
-342
-213
82
198
150
-8
-71
-226
-164
-1
131
216
198
19
-300
-178
-299
-316
-130
-87
-201
-288
-331
-414
-609
-611
-612
-599
-521
-600
-655
-872
-968
-1077
-971
-826
-767
-833
-932
-999
-1179
-1181
-1070
-1055
-1013
-1094
-1171
-1243
-1465
-1339
-946
-449
-335
-353
-315
-371
-377
116
881
1181
997
937
864
645
959
1552
1998
1858
1776
1673
1407
1328
1307
1407
1380
1353
1117
779
530
41
-295
-217
-38
-76
-285
-490
-871
-1163
-1029
-643
-325
-292
-181
-121
22
127
245
621
902
1103
1360
1710
1642
1423
1331
1360
1593
1721
1743
1573
1144
652
404
467
468
259
44
-296
-670
-997
-1109
-1090
-1102
-1150
-1149
-1154
-1316
-1393
-1378
-1116
-868
-711
-572
-586
-629
-612
-338
36
330
185
138
-39
-189
-6
134
374
138
-135
-466
-713
-791
-900
-770
-807
-963
-1190
-1317
-1646
-1788
-1798
-1760
-1627
-1797
-1963
-2434
-2083
-1265
-617
-573
-541
-206
-896
-748
732
1725
1512
1067
1552
906
501
1550
2509
2644
2006
2144
1855
1297
1225
1321
1528
1309
1180
861
450
15
-753
-847
-470
-359
-730
-1082
-1234
-1916
-1982
-1340
-828
-831
-933
-642
-501
-362
-286
140
488
500
742
1284
1609
1336
1284
1615
1897
1965
2095
2261
1971
1556
1517
1700
1653
1263
1024
822
566
269
189
147
-167
-448
-544
-445
-527
-727
-732
-678
-609
-578
-516
-419
-506
-609
-483
-220
-140
-246
-270
-199
-184
-178
24
199
25
-106
55
68
-150
-322
-164
-353
-370
-331
-634
-814
-1156
-1107
-1082
-913
-919
-1231
-1324
-1456
-1447
-1337
-1217
-1271
-1462
-1628
-1895
-1987
-2173
-1593
-601
-20
-621
-940
-637
-1372
-835
920
2316
1435
489
696
52
-95
1271
2961
2955
1724
1521
1017
464
639
1311
1945
1520
1153
405
-136
-552
-1014
-620
-76
88
-619
-1246
-1500
-1980
-1814
-966
-163
-258
-666
-505
-322
-268
-73
562
1034
1059
1184
1458
1653
1332
1187
1579
2094
2156
2010
1898
1433
863
620
1259
1777
1458
792
350
35
-532
-261
462
402
-174
-724
-660
-910
-1026
-538
-162
-35
-456
-546
-619
-765
-691
-356
239
280
-114
-447
-516
-565
-415
104
358
45
-350
-494
-514
-401
-122
-65
-143
-270
-698
-667
-572
-576
-660
-651
-547
-798
-935
-913
-896
-980
-950
-870
-787
-893
-1014
-1118
-1107
-1122
-1240
-1226
-1401
-1444
-1628
-1796
-1333
-665
-237
-712
-814
-451
-815
-567
693
1778
1157
278
652
586
254
1072
2419
2517
1456
1327
1427
986
835
1465
2085
1600
1208
922
548
150
-112
164
363
317
-125
-516
-678
-930
-1002
-583
-81
-150
-329
-70
192
73
10
431
843
955
1119
1397
1363
961
773
1014
1406
1547
1540
1395
1053
633
423
578
835
854
592
274
3
-323
-568
-382
-81
14
-249
-464
-583
-862
-898
-488
-43
-75
-353
-472
-555
-703
-568
-158
7
-120
-364
-428
-493
-572
-451
-347
-166
-398
-481
-603
-734
-729
-754
-398
-334
-423
-704
-764
-734
-655
-432
-295
-199
-442
-517
-418
-366
-403
-221
-359
-356
-46
-176
-292
-383
-324
-472
-532
-115
-42
-437
-691
-585
-685
-691
-538
-408
-606
-754
-340
-127
-188
-307
-277
-323
-353
30
525
471
82
-57
10
62
228
694
1067
786
429
488
571
614
721
1025
1181
884
600
612
563
417
456
667
682
371
121
167
156
94
245
448
492
315
321
483
400
272
437
695
664
659
792
780
639
467
561
772
776
706
595
494
289
122
224
293
161
14
-111
-268
-386
-380
-277
-239
-178
-169
-262
-380
-438
-356
-160
68
212
176
-73
-234
-262
-95
191
374
347
166
-132
-365
-259
-134
-34
-12
-68
-243
-468
-691
-701
-584
-462
-455
-670
-683
-812
-991
-778
-420
-341
-465
-358
-367
-603
-363
27
-34
-201
-17
64
-159
-154
37
96
-89
-79
-137
-324
-333
-501
-454
-459
-441
-594
-897
-928
-1240
-1326
-1222
-828
-408
-369
-668
-1132
-1095
-857
-444
342
980
666
-244
-454
8
454
986
1721
2041
1250
445
646
1095
1316
1516
1882
1633
860
492
559
749
626
693
811
574
-17
-481
-315
-241
-167
68
167
-60
-592
-581
-193
-33
5
105
248
18
-93
149
361
388
316
423
459
361
233
215
293
226
239
271
192
-78
-312
-290
-180
-98
-142
-126
-180
-271
-277
-198
-73
-79
51
182
188
121
-50
-76
17
242
441
470
365
24
-160
-98
113
354
356
175
-225
-351
-327
-215
4
-103
-111
-332
-429
-513
-463
-117
-376
-159
-153
-181
-114
-272
-50
-17
16
-64
-46
-14
-110
-104
-174
-182
-455
-482
-406
-594
-676
-882
-1003
-1301
-1572
-1445
-1401
-1357
-1124
-695
-666
-1357
-1629
-1124
-613
-166
565
1029
194
-954
-751
441
1307
1782
2316
1867
586
38
802
2005
2346
2111
1760
890
20
49
860
1358
985
357
-174
-703
-1027
-783
-240
-68
-419
-775
-975
-1163
-1080
-442
229
223
-137
-317
-325
-262
128
760
1076
863
548
502
556
677
906
1073
965
695
439
286
221
179
155
67
-18
-155
-363
-560
-499
-219
-46
-14
-191
-288
-411
-295
199
536
558
181
-21
-85
6
414
765
814
427
61
-11
21
199
379
448
226
-140
-298
-337
-228
-245
-192
-276
-478
-576
-684
-600
-485
-401
-416
-432
-553
-450
-450
-263
-207
-347
-397
-409
-345
-468
-350
-441
-686
-876
-852
-939
-1165
-1217
-1340
-1411
-1266
-603
-76
-411
-1394
-1486
-764
-159
527
1323
1353
-335
-1206
-26
1465
2154
2456
2582
1302
-203
286
2058
2895
2393
1815
1013
-123
-408
537
1560
1193
77
-715
-1204
-1396
-1169
-468
-270
-865
-1450
-1584
-1451
-1275
-778
-124
-7
-456
-757
-449
-17
316
870
1267
1152
685
531
864
1236
1498
1613
1522
1100
622
510
647
798
767
542
151
-282
-519
-485
-251
-50
24
-176
-563
-750
-604
-333
-20
315
277
-137
-519
-393
5
296
589
715
418
-79
-168
168
538
700
676
388
-90
-338
-167
106
201
48
-258
-643
-959
-879
-638
-503
-534
-727
-957
-1078
-1083
-914
-781
-684
-752
-936
-1072
-1132
-1001
-829
-819
-893
-1096
-1391
-1461
-1386
-1171
-1238
-699
153
93
-1172
-1558
-462
234
530
1270
1849
184
-1540
-477
1674
2332
2061
2218
1402
-521
-451
1693
3079
2285
1136
539
-458
-772
266
1656
1357
-200
-1295
-1664
-1358
-718
-24
-19
-973
-1701
-1749
-1243
-649
-32
491
152
-535
-726
-53
778
1265
1570
1532
1156
791
1000
1599
2054
2209
1951
1461
1012
908
1099
1240
1271
1024
476
-173
-447
-247
-103
-98
-272
-504
-783
-950
-796
-546
-369
-532
-521
-481
-522
-438
-316
-41
-35
-42
28
37
-11
33
333
557
523
332
102
-46
-58
157
418
315
4
-392
-624
-664
-513
-349
-421
-640
-953
-1129
-1062
-854
-667
-704
-815
-898
-1073
-1099
-1020
-884
-920
-1064
-1123
-1273
-1468
-1586
-1458
-1395
-1065
-99
471
-550
-2050
-1463
61
708
1254
1967
1225
-1405
-1586
1048
2934
2667
2172
1894
65
-853
1193
3625
3413
1581
529
-226
-798
244
1920
2168
290
-1398
-1961
-1727
-682
312
455
-816
-2036
-2161
-1523
-630
100
556
253
-628
-1061
-494
781
1568
1730
1457
959
671
865
1750
2459
2576
2139
1503
1099
1015
1350
1655
1677
1330
614
-73
-382
-193
88
108
-187
-822
-1376
-1456
-894
-412
-441
-776
-1084
-1173
-1104
-645
-163
-90
-384
-612
-442
-168
83
275
341
281
182
305
495
604
566
428
347
304
315
293
163
-4
-217
-376
-423
-333
-329
-539
-831
-974
-901
-879
-916
-949
-951
-1104
-1256
-1294
-1202
-1218
-1308
-1365
-1605
-1802
-1790
-1669
-1571
-560
409
6
-2025
-2192
-399
648
1041
1622
1658
-1010
-2329
81
2895
2983
1948
1609
293
-1193
390
3300
3919
1816
107
-541
-970
69
1673
2252
489
-1546
-2361
-2037
-697
417
340
-1041
-2439
-2493
-1691
-611
114
217
-151
-898
-1083
-593
657
1587
1650
1239
744
679
990
1784
2511
2581
2104
1401
1074
1259
1712
2014
1776
1307
612
54
-118
195
518
278
-302
-927
-1291
-1330
-774
-271
-272
-822
-1234
-1289
-1070
-449
-86
38
-336
-669
-605
-324
269
610
675
475
242
310
423
735
938
902
623
314
324
324
381
308
112
-146
-425
-427
-318
-333
-538
-821
-925
-967
-955
-933
-1005
-1131
-1328
-1326
-1265
-1295
-1423
-1489
-1564
-1688
-1744
-1594
-1643
-1325
-151
479
-617
-2282
-1299
502
1016
1270
1670
909
-1634
-1227
1808
3388
2532
1551
1224
-295
-479
1940
3793
2847
686
-199
-582
-425
1109
2087
1305
-855
-2029
-2025
-1224
214
597
-437
-2163
-2546
-1688
-706
7
71
-273
-818
-1069
-679
169
1233
1465
1000
539
551
1039
1488
2126
2318
2009
1376
1071
1338
1683
1857
1678
1334
852
399
177
294
591
490
18
-534
-935
-981
-848
-294
-106
-473
-1173
-1365
-940
-615
-247
-198
-379
-830
-985
-478
68
299
169
6
-7
12
312
616
813
678
327
196
257
532
614
526
210
-217
-431
-379
-84
-6
-349
-849
-1118
-960
-752
-754
-914
-1161
-1311
-1416
-1322
-1301
-1386
-1517
-1627
-1673
-1937
-1956
-1928
-1643
-399
403
-385
-2414
-1903
250
1030
1344
1704
1342
-1333
-1556
1592
3657
2958
1782
1542
146
-545
1826
4061
3416
1041
-177
-523
-484
1187
2224
1414
-885
-2188
-2146
-1440
49
463
-755
-2523
-2899
-1917
-974
-274
-263
-748
-1112
-1191
-716
-96
892
1263
759
318
395
1029
1420
1939
2170
1879
1374
1154
1565
1895
1955
1672
1238
949
653
482
447
603
503
-34
-533
-863
-816
-682
-316
-122
-552
-1211
-1390
-733
-340
-341
-448
-629
-754
-859
-388
37
24
-168
-226
0
125
344
533
633
585
453
435
511
643
696
550
307
87
-3
28
90
80
-188
-552
-728
-622
-507
-643
-899
-1132
-1160
-1110
-1076
-1307
-1501
-1640
-1657
-1620
-1598
-1536
-1753
-1884
-2051
-1095
180
199
-1548
-2273
-455
723
740
1118
1571
81
-1673
195
2872
2978
1829
1451
1157
-129
860
3066
3527
1886
303
-2
-201
765
1898
1571
7
-1458
-1733
-1419
-224
692
-329
-2063
-2708
-1649
-806
-526
-378
-674
-1043
-1265
-738
-72
578
956
638
248
273
924
1600
1892
1920
1659
1437
1396
1636
1907
1916
1675
1332
1192
1048
866
725
800
729
328
-143
-367
-405
-386
-352
-325
-382
-719
-936
-899
-559
-544
-587
-453
-421
-590
-823
-452
-91
-48
-47
-22
-9
-190
55
538
643
446
138
162
246
448
629
443
135
-216
-235
-89
109
142
-331
-752
-884
-676
-531
-625
-777
-1029
-1208
-1230
-1159
-1152
-1328
-1519
-1685
-1682
-1611
-1630
-1716
-2036
-1614
-227
299
-1177
-2601
-1135
485
375
562
1296
605
-1833
-877
2110
2919
1729
1226
1354
-12
165
2495
3730
2427
586
80
-25
649
2058
2024
661
-990
-1445
-1237
-222
984
173
-1657
-2612
-1639
-739
-528
-348
-603
-1067
-1343
-860
-258
171
689
544
40
-127
473
1349
1574
1591
1294
1178
1234
1488
1763
1640
1505
1280
1146
985
884
814
700
669
492
104
-307
-437
-228
-138
-98
-269
-528
-854
-724
-399
-415
-520
-571
-464
-754
-761
-486
-296
-376
-428
-236
-250
-249
-9
221
206
28
80
255
371
455
317
214
106
179
177
118
148
10
-204
-411
-260
-163
-382
-596
-682
-642
-686
-803
-888
-1104
-1074
-1176
-1330
-1448
-1477
-1560
-1864
-1873
-1735
-634
26
-670
-2329
-1875
99
487
374
762
899
-1102
-1416
1251
2859
1977
999
1243
584
71
1910
3454
2748
879
258
394
638
1827
2021
1009
-574
-1082
-917
-417
626
348
-1164
-2343
-1791
-799
-583
-501
-698
-1142
-1320
-926
-357
-134
368
459
-16
-327
185
1137
1414
1373
1128
992
1091
1443
1800
1678
1422
1285
1229
1157
1030
973
836
747
629
310
4
-145
-52
-101
-255
-237
-290
-489
-738
-601
-484
-645
-553
-420
-524
-951
-949
-495
-303
-331
-403
-428
-469
-353
47
265
219
64
-11
114
309
484
429
349
226
36
-32
210
458
264
-201
-362
-247
-117
-127
-229
-427
-676
-803
-794
-782
-872
-1027
-1266
-1379
-1486
-1487
-1642
-1713
-1907
-1529
-294
-22
-1332
-2632
-1119
405
266
509
1075
343
-1805
-575
2266
2751
1593
1095
1136
46
657
2882
3483
2020
429
167
274
1162
2290
1647
188
-1027
-1134
-897
27
866
-316
-1981
-2394
-1339
-641
-491
-431
-1003
-1545
-1322
-583
-157
68
435
145
-347
-93
808
1514
1446
1248
961
1030
1493
1869
1826
1478
1432
1389
1274
1169
1147
1037
815
658
467
166
37
-33
-36
-223
-298
-236
-498
-750
-877
-518
-597
-719
-568
-720
-962
-1186
-641
-297
-418
-555
-632
-484
-381
-1
218
96
-53
-81
165
375
486
391
206
214
141
159
261
380
206
-221
-377
-264
-80
-77
-321
-619
-837
-734
-684
-761
-958
-1176
-1352
-1471
-1322
-1445
-1635
-1854
-1826
-1933
-1650
-434
-178
-1449
-2757
-1199
427
302
489
864
204
-1765
-408
2321
2708
1568
954
963
115
938
2956
3265
1868
445
166
363
1356
2419
1501
41
-933
-969
-696
212
974
-359
-2012
-2319
-1229
-509
-359
-438
-1080
-1559
-1256
-505
-21
214
411
-1
-417
94
1061
1707
1533
1208
931
1229
1832
2081
1891
1611
1629
1483
1331
1403
1495
1224
815
639
507
279
143
90
-1
-270
-442
-433
-475
-615
-707
-663
-745
-856
-772
-726
-776
-799
-667
-603
-697
-631
-387
-144
-101
-99
-103
-53
122
358
508
437
252
170
263
416
431
292
191
107
41
-78
-161
-102
-146
-280
-541
-657
-677
-737
-767
-901
-935
-1142
-1250
-1416
-1389
-1498
-1656
-1623
-1692
-1702
-2227
-1409
-163
-190
-2063
-2695
-467
462
191
447
989
-463
-1942
330
2595
2305
1147
928
639
-136
1442
3196
2889
1248
111
64
447
1970
2388
899
-582
-1094
-834
-375
746
751
-1193
-2494
-2059
-758
-316
-298
-716
-1702
-1806
-987
-35
166
245
54
-606
-414
748
1742
1619
943
790
995
1647
2052
1954
1630
1371
1382
1321
1626
1745
1349
804
643
761
564
376
274
76
-192
-407
-307
-302
-468
-783
-840
-705
-649
-776
-850
-769
-743
-612
-553
-486
-573
-401
-128
-19
5
26
112
192
415
644
604
416
355
449
577
621
575
323
188
206
177
81
49
56
-284
-554
-545
-383
-559
-863
-931
-974
-1178
-1295
-1154
-1183
-1580
-1797
-1647
-1433
-1611
-1884
-1922
-1862
-729
-204
-979
-2548
-1748
84
50
220
792
544
-1604
-1315
1568
2609
1696
1045
897
27
226
2519
3374
2164
550
-111
144
1044
2399
1710
179
-932
-1080
-676
293
1187
-62
-1956
-2374
-1340
-399
-88
-268
-1245
-2011
-1336
-123
404
96
-105
-371
-316
520
1368
1578
1102
848
923
1431
1990
2059
1728
1414
1323
1358
1520
1639
1381
898
595
549
529
452
377
87
-257
-498
-425
-363
-437
-496
-715
-895
-1061
-892
-628
-573
-521
-797
-777
-643
-365
-33
-49
-50
-211
-109
170
445
726
626
316
127
341
763
806
611
322
196
118
204
511
551
178
-364
-476
-190
25
-117
-451
-777
-986
-992
-724
-659
-940
-1372
-1477
-1348
-1231
-1189
-1338
-1558
-1868
-1809
-1610
-507
158
-673
-2491
-2079
83
601
458
690
476
-1495
-1493
1398
2873
1800
765
605
56
248
2384
3330
2033
400
-192
101
1009
2352
1780
32
-1031
-865
-386
291
883
-119
-1824
-2179
-1217
-396
-183
-401
-1203
-1842
-1182
-182
153
-109
-112
-260
-337
342
1125
1292
907
706
744
1073
1701
1908
1429
959
958
1183
1224
1305
1124
606
146
155
474
441
211
-246
-582
-672
-545
-399
-481
-503
-751
-1004
-1046
-717
-391
-477
-465
-545
-620
-536
-220
151
145
50
-11
31
275
501
645
607
474
339
273
494
785
799
440
173
132
279
450
400
53
-317
-369
-165
-51
-165
-429
-759
-903
-810
-591
-508
-697
-1009
-1229
-1262
-1132
-911
-944
-1265
-1757
-1798
-1650
-1094
45
113
-1256
-2708
-1179
567
523
542
755
-14
-1960
-571
2196
2555
1371
760
566
-268
742
2938
3082
1467
119
-70
324
1462
2453
1366
-142
-838
-674
-251
585
992
-460
-1883
-1848
-794
-122
-11
-395
-1357
-1629
-692
176
264
-13
-75
-349
-275
548
1205
1263
720
489
590
1164
1681
1555
1098
717
710
896
1200
1239
766
172
-29
208
444
344
31
-426
-637
-583
-465
-313
-500
-695
-813
-726
-597
-629
-365
-429
-437
-365
-344
-206
-208
57
39
-54
33
122
251
253
452
487
260
127
210
455
421
303
165
34
10
24
142
74
-61
-182
-356
-395
-349
-209
-390
-638
-709
-617
-520
-573
-636
-805
-999
-966
-872
-767
-1014
-1259
-1362
-1406
-1314
-1207
-159
22
-1027
-2366
-1266
627
488
260
379
111
-1456
-765
1686
2225
1187
514
423
-4
639
2471
2660
1339
242
-21
441
1426
2446
1333
-214
-670
-302
28
475
1022
-11
-1523
-1771
-677
290
253
-389
-1158
-1283
-497
197
366
77
-92
-351
-223
602
1136
989
356
300
683
1116
1324
1162
879
549
523
844
1078
967
394
-15
-45
247
478
269
-136
-546
-545
-370
-160
-104
-404
-751
-735
-285
-72
-342
-471
-376
-237
-185
43
190
-119
-362
-282
77
287
306
172
-64
-59
175
380
442
304
13
-204
-46
256
263
22
-157
-240
-313
-248
-43
5
-222
-488
-541
-379
-275
-270
-462
-630
-698
-658
-622
-675
-748
-847
-956
-1034
-1107
-1181
-1225
-1326
-1364
-1536
-827
-197
-659
-1999
-1799
-134
23
-190
136
222
-1211
-1486
730
1878
1138
443
418
98
176
1831
2613
1718
605
96
364
1119
2260
1815
419
-233
-239
-1
584
1389
661
-1009
-1363
-454
368
406
131
-517
-1070
-610
169
476
221
99
-72
-187
234
770
928
749
548
391
491
998
1220
886
587
632
656
570
656
627
338
106
184
248
137
28
-56
-146
-166
-97
-120
-206
-187
-108
-53
-114
-198
-191
-157
23
105
63
-46
-189
-193
-79
167
273
131
-97
-170
-33
141
252
151
-141
-316
-222
92
234
45
-252
-332
-161
-27
-6
-40
-131
-280
-376
-245
-58
-34
-261
-438
-421
-261
-195
-300
-486
-655
-769
-755
-720
-811
-997
-1188
-1291
-1350
-1366
-1423
-737
-395
-910
-2076
-1637
-267
-298
-377
-94
-45
-1386
-1292
662
1419
817
375
450
108
306
1733
2166
1436
724
411
522
1120
2119
1622
537
71
59
216
702
1306
518
-755
-924
-227
223
236
53
-537
-937
-495
49
76
-118
-37
-189
-433
-98
530
745
390
72
72
430
789
846
616
427
337
336
519
701
587
288
156
259
284
265
278
248
100
-60
-17
110
132
27
7
29
56
-95
23
45
44
20
-49
-2
-222
-90
-31
-33
-37
-111
-97
-223
-117
22
-64
-96
-128
-90
-116
-58
39
-96
-77
-37
68
61
30
79
-72
-43
62
167
74
-148
-176
-111
21
-27
-168
-263
-403
-494
-623
-542
-527
-724
-985
-1106
-1119
-1210
-1265
-1254
-1344
-1521
-1026
-673
-999
-1888
-1513
-524
-517
-476
-162
-177
-1198
-1051
495
1157
790
476
383
119
430
1708
2146
1586
977
587
712
1342
2230
1806
823
396
354
551
932
1289
574
-473
-661
-224
199
335
128
-494
-939
-562
-55
119
-11
-261
-542
-525
30
355
258
48
-76
-102
158
608
662
295
79
159
374
591
709
497
133
55
202
403
516
443
76
-196
-58
196
306
242
16
-303
-266
29
121
-41
-104
-141
-422
-386
-107
-95
-414
-478
-294
-333
-362
-209
-175
-322
-302
-119
-9
-43
-100
-128
-11
194
281
124
86
193
212
216
278
383
287
152
140
216
229
178
138
78
-3
-46
-32
-82
-202
-348
-384
-428
-528
-664
-767
-805
-932
-956
-1042
-1146
-1288
-1330
-1314
-1226
-759
-646
-1155
-1765
-1235
-492
-434
-189
105
-243
-1089
-489
945
1310
945
773
607
327
850
2011
2240
1598
1012
766
1067
1687
2165
1571
813
464
374
551
946
1130
304
-547
-603
-201
60
19
-241
-731
-1004
-690
-334
-287
-495
-562
-583
-580
-365
-149
-10
-97
-188
-119
130
371
351
245
170
230
373
479
535
428
243
152
321
539
492
269
61
40
98
165
228
145
18
-157
-218
-208
-67
4
-238
-397
-428
-370
-422
-372
-230
-331
-537
-542
-338
-245
-261
-178
-157
-252
-252
-99
83
99
112
-12
-70
53
214
219
109
146
97
3
25
199
249
74
-67
-99
-68
19
-3
-165
-338
-338
-337
-448
-500
-555
-710
-861
-813
-721
-819
-1005
-1035
-1035
-1066
-1102
-1031
-1107
-1067
-638
-494
-849
-1201
-611
-191
-215
129
402
63
-542
233
1195
1233
1067
1113
975
648
1251
2116
2016
1502
1185
1012
1069
1596
1993
1323
691
489
483
582
881
917
57
-445
-273
16
-43
-177
-277
-639
-741
-478
-251
-316
-442
-413
-462
-372
-125
-5
-10
-90
-14
63
229
350
303
262
284
410
428
404
381
311
267
267
317
262
153
112
70
23
-72
-17
-61
-127
-228
-211
-164
-260
-267
-306
-285
-348
-356
-296
-282
-307
-333
-303
-245
-239
-242
-243
-173
-152
-169
-87
-10
8
-106
-58
108
168
120
89
187
198
171
180
207
202
145
122
126
147
138
61
10
-59
-169
-194
-154
-155
-316
-452
-457
-511
-549
-556
-516
-639
-777
-812
-733
-681
-726
-782
-864
-863
-949
-609
-218
-229
-789
-893
-205
35
70
341
527
-36
-389
509
1227
1095
887
851
707
613
1265
1693
1456
1081
767
652
845
1379
1325
673
371
315
247
310
595
446
-295
-563
-419
-246
-242
-297
-544
-890
-778
-497
-364
-438
-524
-578
-554
-288
-28
-42
-133
-160
-60
83
288
406
343
285
235
287
403
496
457
321
240
200
238
319
305
145
6
39
80
98
19
-94
-194
-155
-69
-154
-219
-254
-262
-354
-324
-207
-240
-330
-356
-322
-354
-295
-182
-225
-339
-300
-174
-121
-107
-55
-83
-139
-74
23
69
72
96
28
-4
66
109
43
8
99
131
54
-24
-52
-100
-109
-37
-14
-127
-290
-369
-320
-255
-295
-378
-431
-476
-541
-562
-465
-372
-490
-628
-634
-542
-521
-533
-476
-476
-278
-209
-264
-472
-254
130
125
269
428
386
-35
196
867
1001
827
826
857
620
710
1232
1365
1028
764
637
639
798
1063
830
418
189
47
82
266
359
-113
-622
-643
-440
-343
-314
-405
-748
-951
-638
-328
-306
-427
-487
-539
-456
-104
107
32
-134
-169
-75
178
448
436
205
91
180
338
475
540
374
116
66
209
366
382
277
36
-137
-39
124
200
120
-46
-223
-251
-88
-5
-42
-148
-222
-269
-226
-109
-89
-161
-229
-242
-243
-178
-83
-100
-196
-214
-144
-64
-4
25
-17
-43
27
142
253
299
239
116
135
278
362
331
276
211
146
149
212
254
170
26
-74
-78
-40
-48
-147
-261
-346
-382
-349
-278
-306
-421
-507
-469
-398
-375
-353
-355
-403
-472
-400
-308
-122
-31
-78
-214
-203
94
234
313
374
361
162
115
469
699
640
556
496
391
386
662
815
607
327
191
265
372
451
301
-20
-164
-217
-164
-97
-92
-283
-584
-636
-516
-360
-355
-457
-607
-660
-469
-271
-213
-262
-281
-194
-89
40
128
167
161
124
162
259
357
341
280
259
288
271
265
273
208
132
123
203
185
74
-29
-39
-23
20
22
-33
-134
-201
-158
-57
32
-46
-185
-256
-168
-59
-23
-77
-155
-218
-183
-82
-25
-8
-77
-158
-172
-29
109
75
-25
-47
3
64
162
232
184
108
93
159
248
285
226
141
142
173
178
154
124
73
1
12
64
29
-62
-116
-107
-140
-195
-196
-207
-266
-288
-212
-187
-240
-263
-259
-254
-248
-214
-212
-252
-271
-254
-241
-145
-47
-117
-264
-233
-22
37
28
110
83
-106
-130
201
353
207
123
110
63
72
306
401
218
58
3
34
126
223
130
-116
-172
-166
-181
-121
-49
-156
-404
-391
-266
-213
-199
-195
-265
-370
-267
-96
-26
-60
-143
-173
-106
56
133
44
15
41
72
104
179
226
131
60
57
154
265
255
175
48
84
144
201
281
206
48
-57
85
192
166
87
-7
-56
-62
30
53
-9
-56
-104
-105
-52
-10
-58
-150
-121
-79
-48
-39
2
-1
-34
44
120
168
162
195
214
225
315
364
352
322
338
364
379
444
429
346
280
299
322
298
297
245
152
92
86
86
28
-59
-129
-182
-187
-185
-228
-315
-330
-340
-361
-370
-356
-349
-396
-380
-331
-307
-348
-353
-343
-337
-295
-227
-140
-130
-177
-233
-162
-26
8
-15
1
-1
-34
58
155
127
76
91
61
44
134
197
125
41
48
7
17
91
77
-69
-136
-66
-70
-113
-116
-149
-245
-297
-226
-175
-181
-235
-270
-235
-156
-58
-50
-81
-92
-91
-11
84
133
115
86
124
168
252
314
326
253
227
267
326
385
354
275
178
199
269
324
262
140
60
30
92
121
107
22
-68
-112
-103
-53
-50
-132
-207
-193
-133
-99
-86
-90
-130
-152
-109
5
60
51
52
59
137
217
253
232
216
263
305
346
361
353
284
246
277
279
218
111
40
-14
-44
-36
-29
-106
-239
-339
-349
-316
-308
-365
-442
-483
-469
-459
-452
-421
-418
-424
-409
-320
-247
-224
-227
-207
-175
-141
-64
-31
-52
-44
29
65
44
29
44
50
54
85
90
84
57
33
22
35
41
-19
-53
-55
-29
-4
25
13
-57
-65
-32
-12
-38
-18
6
-24
-34
-2
23
9
10
45
55
62
103
108
85
76
114
154
157
164
163
181
187
195
207
223
228
188
176
211
241
228
208
205
195
171
162
159
132
86
67
44
25
-14
-71
-96
-123
-146
-157
-137
-135
-175
-206
-189
-154
-161
-160
-139
-118
-112
-84
-47
-4
38
33
26
50
134
173
176
193
200
199
198
247
247
199
158
142
143
109
76
32
-15
-69
-131
-161
-166
-171
-232
-285
-330
-362
-358
-334
-294
-298
-325
-325
-285
-225
-183
-157
-163
-133
-87
-74
-36
16
69
61
77
126
142
151
199
252
224
194
213
233
202
167
160
163
141
111
84
70
48
2
-33
-42
-26
-48
-72
-91
-103
-129
-145
-108
-97
-110
-94
-65
-75
-85
-49
-1
-14
-44
-20
20
52
51
63
99
106
110
125
181
228
210
213
227
258
261
253
265
251
228
213
223
254
259
240
214
197
176
128
115
126
101
39
-8
-22
-61
-113
-123
-136
-178
-236
-264
-244
-242
-228
-244
-274
-271
-254
-224
-229
-215
-199
-198
-167
-120
-86
-87
-83
-68
-65
-23
10
10
-26
-52
-40
-44
-37
-61
-110
-156
-145
-124
-151
-176
-200
-224
-265
-281
-261
-250
-248
-258
-285
-290
-253
-194
-184
-175
-149
-121
-88
-49
19
66
90
111
117
134
187
269
310
305
295
304
318
348
396
391
339
275
260
274
290
282
227
144
95
78
92
102
88
39
-34
-72
-68
-19
-16
-72
-116
-121
-106
-102
-79
-67
-82
-102
-79
-19
-1
-5
-18
-3
39
63
91
111
98
59
60
116
151
143
120
108
125
138
152
162
167
156
131
138
168
194
186
156
149
131
125
125
112
79
50
42
23
19
11
-12
-33
-69
-88
-99
-117
-122
-133
-146
-178
-200
-196
-192
-188
-194
-188
-186
-171
-151
-140
-141
-138
-128
-143
-148
-152
-145
-149
-148
-140
-145
-149
-163
-173
-166
-158
-151
-159
-169
-171
-171
-178
-191
-191
-192
-169
-156
-137
-117
-106
-81
-74
-33
5
47
67
69
91
123
155
158
168
171
180
184
212
252
242
208
168
198
235
234
208
173
148
117
128
128
104
48
-5
-18
-30
-35
-46
-47
-74
-112
-119
-106
-87
-109
-141
-140
-114
-101
-99
-84
-87
-90
-70
-31
0
-11
-27
-17
20
66
93
92
81
79
87
113
146
149
130
124
150
180
204
219
223
222
206
201
219
259
264
227
189
185
199
187
187
173
137
94
83
99
96
75
33
4
-13
-16
-5
-24
-52
-84
-94
-95
-102
-102
-103
-97
-97
-96
-104
-102
-98
-107
-103
-100
-83
-93
-117
-131
-132
-132
-124
-121
-151
-182
-196
-163
-144
-141
-146
-173
-189
-178
-146
-115
-98
-95
-109
-111
-84
-47
-26
-32
-40
-54
-51
-27
12
36
49
44
25
42
68
70
44
39
49
70
81
81
69
53
53
51
38
22
6
-15
-44
-51
-40
-55
-76
-94
-106
-128
-159
-165
-164
-158
-149
-140
-143
-145
-151
-151
-156
-153
-138
-130
-119
-105
-80
-71
-40
-15
11
36
60
90
105
116
136
176
204
209
198
204
216
223
229
237
249
246
240
242
262
273
264
251
243
243
233
208
202
190
165
152
143
134
113
86
47
7
-7
-9
-8
-19
-46
-71
-102
-136
-132
-132
-146
-168
-172
-159
-155
-156
-168
-171
-180
-172
-145
-122
-110
-100
-100
-101
-98
-90
-79
-68
-64
-56
-42
-27
-12
-13
5
36
43
36
43
52
46
32
38
60
60
53
50
66
72
50
46
65
75
61
57
82
106
122
135
153
143
109
78
70
65
55
32
7
-10
-7
-6
-27
-34
-53
-90
-109
-98
-103
-141
-169
-180
-185
-199
-197
-187
-202
-226
-244
-232
-228
-233
-241
-240
-226
-201
-175
-157
-129
-116
-92
-64
-29
-5
-7
2
18
46
66
81
95
98
108
130
167
200
215
227
238
239
241
232
220
227
243
244
223
203
182
166
154
135
107
71
35
16
4
-6
-13
-25
-55
-88
-100
-109
-123
-140
-163
-184
-193
-188
-174
-166
-167
-160
-145
-118
-96
-95
-95
-95
-93
-82
-61
-55
-53
-62
-61
-36
-24
-19
-12
-3
-2
-1
5
24
40
41
42
50
71
89
85
81
80
84
89
90
94
99
104
122
146
157
156
146
142
139
139
136
121
105
96
100
108
120
119
106
91
89
93
85
72
52
30
-3
-7
-5
-20
-47
-74
-89
-105
-101
-95
-110
-151
-184
-182
-170
-151
-141
-149
-178
-190
-171
-141
-124
-130
-151
-173
-173
-164
-146
-117
-105
-88
-74
-46
-2
17
28
57
85
95
110
115
126
127
121
128
136
138
125
106
104
117
113
96
73
68
70
61
64
64
46
2
-14
-13
-24
-56
-89
-113
-147
-158
-157
-145
-134
-146
-166
-165
-156
-135
-126
-139
-147
-152
-137
-104
-68
-65
-76
-76
-61
-34
-11
-3
-16
-22
-8
26
48
58
62
56
59
70
94
108
112
103
93
92
99
113
106
91
81
75
75
80
84
82
83
86
85
76
68
71
73
71
69
72
78
73
83
91
90
88
85
81
90
94
81
74
67
69
75
71
61
47
31
22
33
36
18
6
4
3
7
0
-14
-39
-50
-51
-48
-53
-64
-76
-98
-102
-88
-76
-71
-75
-79
-76
-66
-55
-40
-36
-40
-48
-55
-40
-21
-9
0
2
12
19
34
41
38
38
27
22
18
14
4
-3
-20
-34
-35
-37
-38
-46
-60
-74
-85
-85
-82
-83
-86
-85
-87
-95
-110
-114
-120
-138
-156
-159
-153
-144
-134
-119
-94
-80
-68
-65
-65
-55
-56
-48
-36
-18
-10
-6
8
18
36
51
61
60
43
29
39
54
59
66
57
48
52
51
60
59
46
27
24
38
46
48
40
32
21
12
18
24
16
7
12
16
16
20
25
21
15
7
18
35
44
48
43
47
52
52
45
32
25
23
30
39
41
25
21
28
42
53
43
35
29
30
37
42
55
53
45
48
57
42
25
23
22
16
9
17
22
24
19
26
45
56
66
77
87
92
85
67
66
72
62
45
32
19
2
-7
-3
1
-11
-28
-35
-33
-19
4
9
-10
-29
-35
-34
-29
-34
-55
-83
-104
-106
-98
-93
-94
-98
-109
-105
-85
-66
-57
-61
-67
-72
-68
-56
-49
-51
-59
-67
-65
-52
-49
-50
-61
-59
-51
-51
-47
-40
-30
-33
-15
-1
13
20
21
23
18
20
17
20
16
14
10
10
24
21
17
5
2
-6
-8
-2
5
7
1
0
-6
-13
-16
-5
-2
-11
-20
-18
-10
-3
-11
-21
-29
-37
-37
-27
-12
-9
-8
-3
6
12
24
38
35
34
37
53
69
84
90
90
92
88
92
90
93
79
73
70
72
80
71
67
66
61
49
48
50
42
32
25
23
18
13
4
0
-10
-20
-27
-29
-34
-36
-37
-34
-28
-27
-17
-18
-14
-14
-6
2
-2
-6
