17
15
18
17
8
8
1
-10
-28
-29
-36
-49
-50
-66
-85
-101
-98
-110
-110
-119
-104
-111
-113
-105
-111
-112
-110
-94
-85
-77
-78
-74
-80
-85
-89
-106
-100
-100
-93
-83
-87
-72
-60
-54
-33
-27
-9
-1
0
6
-1
-8
-24
-27
-35
-45
-47
-63
-64
-51
-73
-57
-49
-42
-18
-21
3
4
12
21
11
2
0
-1
-1
-1
-11
-10
-12
2
15
20
32
46
53
58
76
86
83
104
107
117
143
159
208
217
271
285
211
150
50
75
25
14
67
-45
-34
-53
-113
-7
11
25
26
9
33
-56
-15
-61
-72
-116
-52
25
3
148
46
127
72
83
160
78
165
145
169
91
84
171
20
26
140
1
89
64
-89
70
57
80
132
90
-8
-186
-97
-166
-91
-141
-232
-312
-432
-387
-453
-34
-173
93
176
-115
207
170
168
-207
-5
15
-231
68
128
-98
-255
-84
-279
60
279
277
541
326
142
-63
-128
-139
-149
-5
-111
-61
-127
-312
-275
-339
-308
-152
-95
-39
-34
-116
-185
-249
-292
-206
-98
28
47
190
97
16
-87
-148
-59
-103
219
118
178
207
52
31
-43
-7
-77
127
-48
62
-12
-137
-43
-257
-116
-232
4
-48
-8
176
-96
-97
-70
-142
-103
-18
63
117
20
92
-15
11
6
30
215
140
202
175
140
120
-40
36
74
-64
9
100
23
-95
-57
-66
-82
-75
6
97
-173
65
104
63
168
131
17
-46
112
133
175
168
137
-30
-175
20
112
35
186
46
8
-80
-175
166
75
118
141
-93
-14
-139
-90
112
82
152
2
-52
-178
-167
25
55
174
100
-6
-92
-17
120
198
134
214
82
61
104
61
303
-85
-72
43
-175
75
18
149
68
-191
29
-168
-105
125
-53
122
-6
-180
-64
-179
-160
-109
-110
-5
-146
-132
-65
-88
-130
-150
8
4
-1
25
-41
-68
-130
-131
-13
-2
-86
24
-23
1
-149
-67
14
-189
26
-34
36
17
-132
82
-175
-174
47
-40
101
-17
-85
79
-125
-50
54
78
85
62
93
77
-54
-24
70
11
111
112
174
92
-20
-58
5
-40
21
146
39
91
-64
-119
-63
-117
15
8
105
41
-79
3
-72
-140
-68
58
72
151
84
42
31
-50
8
89
175
107
126
79
30
28
18
20
17
32
-89
-20
53
4
-10
-50
-13
-60
-2
69
132
55
84
77
24
87
20
140
100
125
187
128
68
-13
-95
-2
58
53
164
71
-28
-176
-72
-47
-63
36
-53
-24
-149
-154
-109
-180
-153
-190
-102
-42
-156
-85
-81
-147
-65
-31
42
-31
-104
-72
-164
-127
-90
-138
-69
-223
-267
-174
-265
-129
-100
-191
-155
-229
-177
-199
-250
-180
-240
-150
-169
-68
-64
-132
-39
-71
40
110
191
204
176
122
85
184
253
336
357
418
344
296
321
340
401
409
517
509
508
445
382
374
353
471
545
584
442
376
287
260
350
369
390
334
226
173
147
149
145
80
94
45
22
51
17
-11
-87
-126
-131
-149
-83
-134
-187
-202
-211
-253
-261
-263
-339
-316
-405
-318
-430
-465
-456
-603
-534
-596
-621
-705
-687
-617
-685
-676
-779
-899
-838
-907
-766
-756
-883
-887
-1063
-1023
-1053
-1011
-938
-1099
-1089
-1192
-1238
-976
-629
-165
-163
16
8
5
209
515
1274
1245
1358
1222
1202
1129
1112
1690
1670
1843
1644
1466
1296
911
863
685
869
703
529
428
5
-342
-637
-475
-330
-250
-114
-200
-367
-521
-350
102
418
639
844
1035
1088
1051
1253
1304
1411
1533
1679
1857
1589
1354
1047
910
885
864
868
496
109
-343
-540
-611
-743
-767
-980
-1103
-1267
-1294
-1250
-1232
-1194
-1089
-835
-730
-594
-525
-531
-512
-303
-37
118
100
-94
-187
-248
-128
-93
-99
-305
-578
-656
-819
-779
-872
-1025
-1211
-1346
-1268
-1413
-1505
-1574
-1729
-1689
-1662
-1563
-1570
-1755
-1865
-1722
-861
-132
-35
-130
-123
-154
-210
801
1916
1996
1325
1145
1250
830
1145
1935
2202
1680
1298
1489
1210
775
679
689
693
545
555
367
-155
-742
-1066
-758
-469
-371
-515
-756
-1009
-1272
-974
-397
-160
-137
-59
232
420
486
595
726
936
1135
1458
1807
1779
1439
1206
1315
1542
1711
1652
1401
1047
644
473
489
412
130
-141
-298
-403
-543
-577
-660
-765
-794
-688
-410
-535
-567
-464
-467
-494
-297
-83
-244
-219
-176
-231
-13
117
-75
-65
-71
16
-192
-211
-15
-236
-276
-152
-290
-342
-225
-599
-537
-525
-129
-333
-844
-431
-476
-619
-529
-69
-78
-419
-500
-142
-206
-285
-152
-287
-178
-239
-267
-288
-398
-407
-401
-495
-311
-260
-391
-428
-327
-284
-346
-254
-217
-134
-173
-20
85
-136
23
45
-53
76
199
407
209
95
236
304
261
208
308
228
218
152
224
272
215
193
60
187
324
325
295
229
242
266
354
448
391
444
481
371
381
477
542
502
470
478
500
479
447
440
420
384
329
327
328
283
184
190
164
67
57
38
68
98
50
76
-1
-101
-44
49
92
77
147
114
7
9
89
39
79
62
90
-2
-41
78
-14
3
-66
113
-179
-187
-46
-355
-129
-293
-135
-462
-555
-264
-456
-209
-622
-399
-410
-575
-550
-446
-136
-511
-332
-474
-433
-448
-403
-185
-512
-331
-345
-350
-419
-443
-295
-399
-266
-132
-181
-320
-282
-174
-288
-277
27
-55
-298
-252
-146
-131
-278
-86
-154
-333
-239
-154
95
-86
26
37
-20
14
-24
278
349
352
58
158
340
282
297
310
546
505
412
502
585
485
366
377
535
548
524
488
369
271
177
266
403
342
281
163
203
197
103
215
185
342
190
149
250
246
32
30
261
287
122
58
276
84
38
158
320
287
109
113
98
81
143
153
29
-43
-55
-278
-253
-164
-160
-128
-253
-120
-221
-331
-393
-287
-285
-298
-163
-320
-199
-530
-416
-388
-344
-38
-344
-155
-328
-282
-242
-201
-201
-229
130
-94
-364
-192
218
-475
-281
188
45
-113
-136
197
-416
-27
-1
88
-25
4
174
-402
107
-2
15
-200
-87
19
-370
-300
-83
-168
-388
-207
-284
-281
-493
-303
-495
-503
-402
-449
-230
-288
-69
-287
-323
-263
-111
157
232
406
146
-67
196
435
503
555
791
695
395
508
740
808
693
736
723
539
425
380
403
339
227
228
158
25
-89
-186
-163
-102
-30
-66
-84
-271
-374
-202
15
36
-83
-49
-74
-115
-34
112
168
117
92
144
245
389
327
200
188
243
374
348
456
373
298
255
177
255
257
209
170
236
133
-3
-64
-35
-129
-59
-78
-96
-157
-338
-315
-438
-267
-134
-350
-334
-232
-491
-335
-312
-388
-67
-343
-256
-231
-189
-35
-208
-213
-167
46
-19
-13
-78
104
-167
-333
204
-162
-126
-68
-131
-182
-341
-279
-365
-363
-184
-321
-494
-395
-639
-716
-817
-684
-575
-753
-966
-803
-249
-287
-356
-761
-589
-261
-200
210
485
326
-355
-298
265
726
828
987
1019
507
520
823
1108
1181
957
1022
852
578
623
678
635
409
438
365
113
-105
-218
-112
-91
-175
-258
-257
-423
-547
-311
-54
32
-202
-334
-196
-166
88
329
382
219
120
227
289
506
674
644
404
320
372
504
562
561
536
345
238
127
211
331
421
416
159
-100
-181
-22
188
209
126
-58
-295
-405
-240
60
51
-145
-325
-290
-253
-312
-277
-232
-268
-365
-405
-214
-153
-389
-417
-291
-305
-434
-273
-112
-243
-330
-423
-365
-334
-306
-231
-413
-404
-351
-395
-481
-590
-466
-620
-689
-525
-611
-780
-1091
-1031
-983
-1073
-1283
-1108
-340
-175
-593
-1269
-958
-422
-167
311
564
392
-552
-559
379
1079
1115
910
1086
707
532
1064
1488
1546
1127
1118
1036
710
669
792
978
640
378
167
-70
-224
-203
41
-83
-452
-623
-634
-653
-681
-394
-5
-172
-561
-609
-318
-6
288
475
405
193
199
407
700
915
935
850
649
569
680
928
1160
1086
769
422
389
590
732
870
659
280
-68
-35
353
447
360
101
-77
-209
-243
-63
-11
-64
-237
-346
-381
-380
-284
-253
-268
-316
-328
-279
-325
-237
-146
-159
-201
-257
-160
-120
-74
-125
-157
-122
-214
-189
-252
-306
-242
-326
-369
-438
-542
-527
-663
-669
-660
-869
-891
-972
-1088
-1191
-1406
-1513
-1654
-1608
-1018
-366
-214
-1108
-1852
-1157
-75
509
712
749
177
-762
-241
1220
1975
1576
1246
1252
773
858
1524
2139
1805
1066
930
761
609
691
916
725
55
-338
-462
-443
-521
-398
-418
-870
-1195
-1160
-836
-867
-854
-523
-286
-459
-674
-539
-113
363
676
691
402
324
616
1066
1317
1337
1274
1039
829
1013
1396
1454
1266
1065
807
501
427
807
1012
708
274
-52
-187
-133
178
355
89
-332
-532
-418
-323
-244
-172
-332
-579
-688
-496
-349
-417
-456
-510
-549
-621
-493
-358
-363
-366
-416
-394
-402
-284
-130
-143
-240
-274
-183
-146
-208
-264
-256
-286
-359
-538
-528
-442
-496
-654
-808
-928
-1033
-980
-983
-1117
-1370
-1636
-1733
-1804
-1490
-568
-267
-955
-2101
-1694
-395
88
319
432
314
-729
-838
717
1779
1612
1112
1270
1056
583
1382
2241
2278
1358
986
1042
728
1052
1336
1226
393
-173
-156
-267
-166
-14
-96
-728
-1194
-911
-694
-684
-716
-460
-262
-460
-540
-486
-151
306
694
670
334
321
720
1151
1342
1402
1393
1119
959
1197
1541
1618
1292
1115
1016
1017
992
816
736
659
727
427
124
53
-46
-18
-193
-126
-222
-458
-562
-637
-523
-612
-611
-649
-727
-781
-879
-837
-757
-609
-583
-661
-730
-678
-500
-389
-374
-401
-427
-428
-312
-183
-109
-185
-300
-282
-190
-139
-221
-302
-408
-350
-345
-497
-688
-832
-771
-827
-1001
-1142
-1235
-1380
-1631
-1731
-1743
-1698
-1279
-564
-539
-1558
-2174
-1063
155
343
254
270
69
-727
101
1716
2089
1359
1074
1692
1353
1241
2165
2713
2114
1253
1518
1525
1188
1487
1617
1080
159
149
257
16
34
49
-386
-1039
-944
-511
-588
-799
-771
-538
-421
-460
-398
-393
-134
306
590
413
256
557
991
1157
1218
1290
1210
1055
1136
1492
1576
1303
1080
1038
965
961
976
864
558
444
516
328
104
17
22
-167
-341
-273
-297
-455
-651
-654
-686
-783
-736
-736
-827
-985
-1022
-955
-858
-753
-740
-842
-902
-782
-613
-520
-508
-470
-458
-483
-416
-254
-158
-166
-216
-231
-192
-136
-197
-333
-342
-217
-209
-459
-719
-876
-827
-776
-859
-1056
-1363
-1534
-1731
-1687
-1523
-1149
-504
-713
-1552
-2214
-1062
228
207
84
38
80
-689
-30
1509
1760
1203
950
1482
1209
989
1913
2276
1800
1134
1194
1125
810
1254
1187
567
-38
-41
-103
-416
-202
-131
-745
-1261
-1039
-581
-763
-968
-837
-658
-524
-421
-328
-385
-93
369
533
344
396
732
977
1039
1174
1322
1236
1109
1165
1409
1440
1273
1018
915
877
904
947
759
617
380
370
233
227
355
187
22
-281
-179
-128
-104
-143
-296
-358
-513
-399
-313
-337
-464
-653
-657
-581
-383
-343
-502
-592
-614
-513
-420
-293
-247
-344
-470
-429
-262
-127
-89
-154
-223
-262
-216
-144
-116
-265
-414
-412
-281
-331
-588
-795
-812
-811
-868
-946
-1145
-1453
-1743
-1581
-1420
-993
-490
-752
-1742
-2250
-748
333
-34
-241
-21
-44
-954
-8
1617
1554
852
826
1465
973
984
2067
2245
1533
958
1176
1153
1056
1532
1182
443
134
328
163
-212
116
49
-723
-1092
-705
-397
-737
-865
-684
-633
-491
-407
-410
-434
38
428
288
99
363
825
972
991
1052
1134
1149
1189
1273
1339
1314
1217
1019
944
920
917
913
748
586
439
578
405
198
225
202
20
-239
1
-46
-305
-494
-430
-370
-489
-449
-485
-634
-769
-709
-609
-561
-523
-634
-794
-753
-505
-413
-486
-471
-417
-427
-463
-284
-156
-148
-227
-226
-189
-130
-29
-83
-218
-304
-198
-220
-283
-455
-585
-725
-766
-810
-968
-1090
-1241
-1449
-1553
-1511
-1348
-749
-600
-1141
-2104
-1500
-34
131
-252
-238
135
-431
-484
986
1680
1171
789
1276
1396
987
1703
2244
1904
1322
1250
1293
1113
1469
1485
705
226
384
379
-54
-61
148
-436
-973
-790
-454
-591
-857
-774
-737
-654
-421
-456
-585
-364
180
254
-15
81
471
762
767
785
874
939
965
983
1061
1158
1086
878
745
811
800
699
617
594
457
411
383
243
124
182
275
-48
-136
-26
-71
-248
-394
-242
-382
-521
-504
-534
-583
-743
-662
-640
-641
-644
-767
-783
-718
-574
-589
-648
-545
-487
-504
-494
-343
-257
-279
-253
-163
-104
-64
-2
22
-22
-68
-10
-64
-78
-209
-327
-443
-503
-608
-819
-904
-1006
-1181
-1360
-1349
-1277
-666
-484
-1025
-1962
-1528
-47
-21
-380
-279
22
-572
-809
795
1474
912
588
992
1170
688
1515
2125
1724
1142
1024
1188
1055
1485
1540
696
251
426
471
78
148
352
-317
-834
-596
-178
-335
-626
-586
-580
-429
-195
-239
-428
-252
270
302
51
160
598
827
716
681
790
943
984
956
937
996
969
785
693
781
751
556
484
617
620
505
325
281
235
335
392
173
117
8
-1
-102
-128
-40
-202
-273
-360
-363
-406
-500
-455
-527
-544
-657
-745
-721
-674
-630
-735
-772
-727
-697
-698
-663
-593
-545
-569
-530
-443
-367
-319
-287
-240
-240
-203
-200
-269
-334
-281
-270
-425
-582
-602
-690
-841
-952
-1026
-1150
-1397
-1296
-1315
-1015
-482
-793
-1655
-1941
-449
198
-496
-472
-144
-279
-1016
148
1506
981
375
606
1171
869
1094
1956
1671
1134
1017
1193
1146
1271
1599
900
304
506
684
274
133
510
182
-667
-639
-62
3
-386
-488
-443
-430
-191
-91
-299
-328
130
247
28
87
535
681
461
474
633
773
845
876
804
660
704
718
685
666
593
435
354
555
518
456
374
299
199
155
443
317
260
272
101
-64
-208
145
159
-22
-151
-375
-352
-369
-224
-346
-537
-516
-618
-589
-552
-481
-582
-765
-668
-623
-568
-483
-440
-485
-581
-481
-323
-164
-100
-161
-288
-237
14
106
-43
-192
-185
-159
-195
-170
-296
-479
-606
-700
-782
-930
-933
-1012
-1238
-1195
-528
-439
-1283
-2024
-1030
114
-416
-753
-378
-80
-840
-621
901
1017
364
382
948
883
615
1561
1813
1327
1052
1067
1115
1130
1678
1364
491
401
675
545
278
538
429
-484
-782
-197
147
-253
-622
-639
-525
-375
-250
-414
-549
-202
70
-90
-264
0
350
360
248
254
394
699
795
679
462
542
727
674
592
558
554
416
328
432
496
421
357
301
288
255
320
448
326
149
23
-18
31
55
85
-114
-314
-284
-167
-182
-377
-390
-406
-483
-520
-438
-341
-493
-638
-616
-464
-333
-342
-397
-418
-382
-299
-206
-33
46
-31
-179
-98
171
285
237
45
62
65
65
73
50
-39
-332
-502
-489
-537
-663
-822
-983
-1077
-1313
-787
-251
-695
-1744
-1812
-327
-158
-709
-421
-146
-616
-1251
221
1255
494
155
523
888
444
971
1814
1387
944
895
996
985
1341
1595
718
230
540
617
286
279
486
-131
-761
-428
-51
-258
-566
-612
-738
-789
-422
-273
-534
-615
-308
-298
-403
-189
157
191
-7
53
227
498
606
440
269
389
639
584
462
523
538
371
241
396
537
514
357
282
238
314
393
404
360
186
72
-51
95
227
111
-104
-284
-228
-200
-195
-234
-357
-412
-505
-522
-466
-384
-411
-546
-536
-470
-422
-399
-343
-246
-278
-337
-224
-44
84
6
-109
-50
124
234
159
108
92
46
-40
27
94
-30
-314
-439
-421
-448
-634
-844
-936
-1035
-1146
-1293
-713
-342
-907
-1974
-1679
-145
-146
-777
-645
-193
-644
-1131
305
1106
514
144
476
832
529
1174
1723
1274
929
894
1049
1062
1483
1502
557
290
650
744
387
431
534
-186
-595
-187
147
-143
-474
-513
-581
-503
-171
-140
-412
-424
-174
-176
-116
212
416
212
56
256
538
738
684
566
495
626
688
633
688
695
597
395
378
499
453
446
419
371
347
199
243
230
276
197
-2
75
-21
-97
-211
-164
-118
-291
-315
-336
-314
-316
-371
-404
-478
-380
-357
-396
-387
-380
-383
-428
-278
-191
-246
-304
-252
-145
-74
-21
-42
-75
-25
69
82
136
234
170
-65
-173
-22
50
-69
-249
-412
-510
-627
-613
-669
-854
-1090
-1308
-1247
-1275
-873
-622
-1103
-1862
-1822
-489
-286
-848
-767
-458
-645
-1117
47
952
421
13
325
808
587
978
1584
1282
906
927
1160
1188
1391
1480
797
445
761
910
604
487
522
50
-384
-64
295
29
-426
-582
-507
-300
18
-67
-506
-580
-111
147
78
62
183
242
261
439
546
613
685
668
529
481
683
770
638
557
529
406
217
292
481
391
150
64
194
199
82
43
30
0
-84
-69
-119
-226
-226
-208
-166
-229
-248
-229
-295
-287
-273
-232
-250
-319
-284
-267
-246
-275
-303
-257
-238
-229
-265
-254
-224
-240
-176
-57
11
-75
-163
-64
62
128
93
53
-17
-72
-54
-28
-84
-212
-347
-415
-484
-583
-738
-883
-945
-1068
-1198
-1281
-708
-479
-1136
-1941
-1493
-159
-351
-904
-712
-401
-742
-976
318
810
209
15
412
779
532
1027
1404
1092
918
860
944
1051
1402
1305
479
369
729
710
370
307
320
-176
-432
-121
29
-211
-478
-586
-540
-322
-40
-164
-462
-379
-45
89
124
213
331
339
367
476
578
808
842
668
508
661
857
790
694
615
485
303
332
477
426
273
175
64
11
147
241
56
-197
-121
-52
-167
-75
-12
-174
-337
-257
-4
-61
-152
-132
-140
-143
-156
-48
-38
-63
-166
-252
-141
-19
-50
-205
-177
-52
-142
-198
-70
73
15
-169
-182
-20
139
116
-23
-127
-95
-24
-9
-71
-151
-285
-332
-344
-335
-527
-731
-786
-829
-934
-1120
-1161
-1213
-639
-520
-1115
-1917
-1467
-95
-459
-917
-693
-372
-869
-1091
475
822
58
-105
420
735
335
1024
1431
965
730
792
950
898
1268
1202
452
364
672
548
197
351
374
-318
-608
-81
129
-259
-550
-586
-531
-339
33
-102
-518
-426
11
146
125
242
305
207
245
481
566
690
701
558
343
441
688
661
508
416
298
122
135
283
278
2
-63
-24
-102
-37
-29
32
-219
-240
10
-113
-2
-97
-51
-74
-101
143
67
110
64
56
101
62
181
132
133
102
-3
49
73
153
87
-31
-50
-77
-16
50
69
68
-15
-52
13
119
107
-22
-44
-31
-100
-132
-37
-65
-194
-358
-324
-314
-399
-558
-674
-685
-821
-950
-1028
-1105
-1016
-486
-611
-1274
-1897
-856
46
-608
-764
-540
-330
-1059
-520
858
524
-106
2
647
539
432
1257
1166
688
600
828
921
936
1265
765
142
368
679
402
86
258
137
-461
-434
25
103
-253
-549
-568
-393
23
167
-235
-539
-204
192
231
235
365
368
239
264
515
723
757
511
315
350
524
571
456
385
213
8
-66
112
237
85
-211
-219
-134
-44
-55
-158
-127
-262
-61
17
38
54
-174
-7
7
192
237
114
183
35
164
152
219
274
128
127
-16
67
127
106
128
-5
-56
-110
-36
84
23
-17
-32
-79
-87
-10
95
40
-85
-88
-62
-46
-37
-73
-190
-212
-221
-199
-342
-443
-506
-619
-662
-861
-849
-961
-973
-1101
-811
-402
-844
-1540
-1467
-227
-234
-831
-560
-313
-648
-1114
204
868
123
-167
218
662
331
815
1294
829
587
614
823
793
1118
1147
343
229
588
668
286
367
544
-48
-429
15
460
185
-250
-324
-204
26
326
181
-202
-207
194
326
260
323
347
210
202
443
560
533
427
353
251
284
416
395
243
69
-19
-73
-39
87
8
-186
-285
-107
-19
-143
-99
-72
-96
-239
31
208
1
-63
-35
130
86
201
288
98
-27
-40
164
156
116
78
-89
-122
-107
-2
-57
-110
-159
-343
-368
-216
-70
-223
-377
-329
-192
-160
-200
-140
-126
-132
-166
-126
-85
-88
-95
-158
-192
-218
-208
-204
-265
-353
-514
-576
-604
-604
-698
-834
-929
-994
-1089
-1014
-499
-552
-1158
-1637
-883
-171
-552
-611
-433
-420
-910
-406
618
425
4
84
449
441
560
1137
969
613
676
856
894
940
1179
791
374
601
808
634
490
577
373
-43
122
417
365
84
-63
-95
-40
288
378
59
-200
25
287
246
188
271
295
162
76
225
398
412
204
68
67
163
186
115
62
-41
-90
-179
-108
13
-46
-95
-104
-41
-80
-83
116
126
90
25
100
206
178
259
224
191
180
170
212
142
139
146
37
6
-37
-15
-97
-177
-149
-236
-289
-296
-248
-282
-384
-379
-336
-278
-241
-232
-207
-206
-140
-113
-93
-11
47
-13
-127
-94
56
87
-37
-160
-155
-138
-218
-321
-339
-373
-538
-690
-718
-711
-869
-1040
-1055
-1060
-1127
-925
-753
-986
-1460
-1229
-587
-581
-668
-511
-427
-764
-625
234
498
186
78
306
453
594
1077
1156
840
785
955
1047
1130
1344
1174
741
775
986
936
786
821
716
317
269
504
615
469
249
60
-25
252
506
313
-57
-91
126
239
248
214
107
13
62
165
213
251
166
20
-39
68
186
127
57
-34
-75
-58
44
144
124
109
-1
0
108
243
297
187
222
160
168
241
267
258
94
114
119
131
99
-21
-67
-139
-161
-196
-253
-300
-376
-442
-494
-447
-398
-450
-507
-520
-454
-416
-392
-371
-326
-317
-298
-208
-116
-76
-81
-77
-41
9
2
10
42
67
-48
-192
-179
-130
-176
-312
-387
-450
-593
-651
-702
-747
-836
-965
-1037
-1139
-1060
-1120
-1047
-768
-804
-1107
-1375
-757
-370
-537
-431
-303
-301
-642
-69
629
486
296
351
680
690
887
1227
1061
970
988
1071
1119
1281
1367
920
743
957
1027
823
747
766
466
225
408
559
367
117
36
13
49
220
203
-56
-234
-132
34
104
66
-68
-155
-141
-44
43
109
84
-45
-98
-37
82
119
102
50
17
61
45
90
190
281
167
-3
118
254
320
245
240
191
124
218
208
224
142
123
42
13
123
14
-116
-167
-87
-130
-260
-209
-215
-277
-347
-310
-245
-281
-260
-318
-314
-233
-185
-195
-211
-107
-86
-154
-92
48
74
-11
-9
93
91
54
52
34
6
-32
-39
-133
-193
-234
-330
-397
-449
-466
-635
-704
-735
-799
-895
-947
-906
-1028
-1107
-1132
-997
-780
-744
-890
-1077
-771
-478
-399
-275
-191
-165
-384
-81
412
569
524
475
630
667
868
1163
1156
1043
952
1003
1073
1167
1231
1003
856
822
827
775
751
709
446
225
231
343
303
121
-69
-171
-110
14
-38
-202
-308
-277
-258
-170
-100
-141
-255
-271
-170
-108
-32
-13
-56
-132
-97
6
78
88
39
-18
-17
30
136
191
171
95
44
131
209
215
223
216
110
69
147
228
178
51
17
11
42
90
54
-70
-172
-131
-78
-120
-155
-192
-274
-323
-269
-211
-252
-279
-274
-292
-302
-245
-135
-132
-169
-159
-95
-35
22
27
4
14
28
37
36
91
102
9
-71
-53
-18
-49
-133
-210
-263
-303
-334
-391
-489
-565
-610
-626
-653
-696
-740
-848
-847
-806
-718
-577
-565
-601
-717
-538
-311
-187
-11
-23
-31
-95
200
546
558
601
663
740
765
920
1175
1128
1036
986
987
1048
1098
1145
919
777
767
724
641
575
502
299
156
149
91
-27
-78
-143
-271
-348
-290
-266
-336
-401
-412
-432
-396
-324
-295
-312
-284
-233
-234
-157
-60
-65
-140
-115
8
26
-7
22
51
44
30
69
120
128
122
154
171
142
124
149
216
202
166
118
83
140
153
111
28
27
47
-7
-43
-52
-62
-149
-200
-177
-178
-202
-231
-230
-243
-258
-221
-196
-163
-164
-160
-146
-126
-68
-25
14
33
38
31
67
161
192
161
136
154
165
127
102
86
69
38
-11
-54
-83
-132
-179
-229
-277
-317
-351
-402
-446
-496
-512
-545
-558
-523
-535
-453
-421
-368
-435
-409
-232
-163
-43
4
83
76
105
345
443
499
535
579
646
637
790
825
797
804
754
739
709
789
708
506
470
461
403
279
206
126
-26
-76
-125
-189
-274
-341
-414
-490
-453
-419
-459
-515
-503
-459
-468
-410
-359
-364
-356
-303
-206
-172
-115
-89
-72
-37
17
63
93
129
134
110
125
207
268
275
187
165
184
255
289
242
212
127
139
197
212
179
81
58
45
39
27
-14
-19
-78
-144
-182
-161
-133
-192
-234
-260
-255
-261
-253
-225
-250
-261
-253
-178
-120
-112
-117
-122
-58
14
76
83
59
77
132
200
225
197
160
145
179
190
161
112
69
26
-21
-59
-82
-105
-165
-258
-310
-310
-311
-350
-400
-454
-485
-462
-407
-262
-243
-323
-435
-287
-90
-30
76
106
68
-43
146
469
530
478
424
451
508
642
797
684
589
563
545
542
586
623
410
229
249
264
184
89
21
-142
-264
-221
-214
-287
-376
-421
-525
-521
-415
-368
-474
-543
-466
-439
-401
-312
-250
-310
-322
-222
-109
-70
-35
-39
-32
34
123
131
110
163
162
161
158
207
187
178
185
141
126
177
212
171
120
104
85
71
106
110
52
-13
-42
-51
-42
-36
-69
-164
-204
-190
-189
-186
-209
-243
-288
-272
-220
-208
-195
-207
-187
-167
-106
-46
-41
-10
36
93
107
142
201
232
229
233
276
340
339
302
247
237
261
231
185
128
82
38
23
13
-28
-98
-154
-195
-216
-243
-266
-292
-324
-350
-342
-337
-321
-334
-302
-182
-175
-233
-289
-101
-22
-63
39
121
104
-27
176
364
305
259
317
367
307
375
513
421
338
346
313
262
277
325
123
29
75
40
-68
-89
-37
-201
-320
-270
-239
-286
-334
-329
-382
-391
-275
-234
-286
-305
-235
-184
-144
-48
-33
-98
-69
39
80
87
150
158
104
99
217
282
245
206
214
193
179
234
261
209
117
164
182
144
130
126
128
63
52
43
12
21
-15
-46
-90
-97
-76
-120
-132
-182
-210
-214
-191
-131
-185
-214
-221
-165
-114
-113
-77
-84
-58
-36
8
67
90
113
111
139
182
225
225
206
246
254
229
213
231
234
195
148
110
82
59
31
17
-20
-71
-95
-120
-130
-162
-198
-233
-247
-231
-256
-263
-294
-302
-278
-260
-240
-212
-160
-156
-166
-116
-14
-20
-35
29
104
82
51
175
225
169
162
232
247
212
249
272
201
173
195
195
145
119
104
30
31
44
-21
-98
-97
-79
-161
-193
-134
-127
-201
-244
-212
-186
-171
-153
-164
-186
-146
-76
-62
-64
-51
-30
-23
14
61
73
55
92
111
122
145
165
220
180
202
163
240
296
254
252
186
246
203
221
245
197
142
69
94
123
62
31
-54
-79
-85
-127
-110
-185
-178
-249
-232
-207
-226
-225
-300
-274
-257
-214
-171
-149
-110
-129
-102
-33
38
89
61
73
113
190
249
252
264
244
238
235
258
273
201
133
80
85
79
39
-27
-107
-146
-158
-155
-202
-266
-307
-307
-289
-298
-323
-354
-370
-357
-328
-293
-285
-275
-259
-232
-190
-163
-123
-110
-85
-42
4
32
33
68
111
141
154
160
173
202
251
257
244
245
256
262
255
264
256
231
213
195
189
183
175
134
79
50
45
34
-16
-57
-84
-88
-93
-119
-132
-153
-156
-140
-135
-129
-145
-144
-117
-94
-84
-73
-45
-28
-33
-29
13
42
49
36
46
59
63
70
71
69
55
32
2
-5
-3
-24
-79
-120
-141
-150
-168
-172
-195
-242
-270
-269
-263
-263
-259
-257
-248
-230
-202
-186
-155
-124
-106
-91
-68
-10
35
55
68
99
147
175
206
233
253
256
256
280
310
326
300
275
251
232
218
199
164
111
61
32
17
13
-4
-38
-75
-89
-87
-79
-70
-74
-93
-87
-56
-53
-49
-37
-9
-1
17
62
88
97
111
137
156
164
178
194
207
212
216
207
194
190
183
163
148
134
96
72
52
38
8
-13
-46
-82
-101
-107
-120
-157
-179
-196
-203
-209
-207
-211
-229
-231
-226
-230
-230
-216
-194
-190
-177
-157
-128
-98
-84
-75
-66
-24
8
12
21
54
78
78
95
111
114
95
101
117
116
125
113
111
102
96
106
96
85
34
-5
-4
8
-15
-51
-61
-62
-86
-94
-76
-76
-84
-97
-92
-87
-63
-38
-29
-24
-15
2
18
46
53
61
79
93
116
113
125
132
141
146
139
131
121
119
107
91
78
66
34
-4
-15
-17
-42
-78
-101
-124
-146
-157
-160
-153
-153
-160
-179
-177
-136
-121
-118
-107
-91
-94
-87
-42
-5
5
17
71
96
93
110
152
187
189
181
175
184
196
198
191
192
176
135
112
113
120
87
43
19
6
-15
-43
-52
-71
-100
-127
-136
-144
-161
-187
-222
-232
-233
-227
-240
-240
-234
-252
-248
-227
-205
-214
-212
-204
-176
-127
-102
-92
-93
-60
-34
-22
15
53
74
79
83
106
137
157
163
158
170
181
170
177
194
191
169
157
154
140
116
99
79
61
50
39
13
-5
-10
-25
-31
-31
-43
-54
-58
-59
-58
-59
-46
-32
-38
-42
-36
-24
-18
13
27
10
3
16
37
29
22
15
3
-4
0
-7
-32
-44
-42
-54
-77
-79
-97
-117
-117
-111
-122
-145
-137
-131
-112
-95
-85
-105
-103
-60
-49
-40
-25
2
7
20
55
91
109
103
113
117
130
151
163
174
182
175
162
168
174
160
127
115
103
83
79
73
50
24
8
-3
-12
-28
-57
-93
-110
-113
-118
-140
-160
-186
-191
-181
-152
-143
-167
-191
-209
-200
-178
-152
-153
-156
-154
-136
-97
-64
-28
-25
-15
7
16
37
70
129
180
201
188
184
190
208
254
305
333
298
238
202
218
256
280
284
264
217
159
146
159
161
135
93
51
8
-12
-9
-8
-25
-65
-98
-104
-95
-87
-81
-80
-88
-105
-117
-92
-59
-65
-71
-69
-69
-69
-55
-46
-41
-46
-64
-74
-80
-80
-81
-90
-85
-84
-112
-116
-101
-103
-120
-119
-106
-105
-104
-103
-91
-84
-77
-69
-59
-37
-11
9
14
33
43
41
61
94
122
130
132
137
155
148
154
165
157
147
140
138
121
105
100
95
83
64
50
25
13
-9
-27
-34
-47
-60
-89
-102
-124
-140
-140
-151
-156
-169
-187
-188
-183
-181
-178
-179
-173
-170
-164
-143
-122
-117
-108
-86
-60
-38
-24
-6
19
36
47
68
95
126
142
155
181
201
205
213
236
249
242
232
230
227
212
195
182
180
169
143
117
110
101
82
59
47
37
13
-12
-24
-33
-48
-66
-88
-102
-103
-103
-106
-120
-124
-125
-124
-129
-124
-113
-122
-123
-119
-111
-122
-130
-124
-114
-115
-121
-115
-108
-100
-91
-77
-79
-77
-66
-65
-59
-46
-35
-30
-22
-16
-5
10
15
27
32
47
64
68
68
83
87
92
106
121
125
106
106
122
137
127
107
101
102
106
104
90
82
78
60
39
36
36
18
-3
-14
-25
-37
-43
-45
-55
-76
-98
-115
-118
-114
-124
-147
-159
-166
-171
-180
-193
-206
-207
-205
-192
-174
-165
-158
-145
-122
-92
-67
-42
-24
-12
15
41
69
93
105
117
138
169
187
197
214
232
233
237
254
265
266
257
251
249
239
226
212
198
175
147
119
105
84
59
45
15
-9
-26
-39
-63
-85
-98
-109
-116
-134
-158
-176
-174
-160
-154
-159
-167
-172
-162
-145
-139
-137
-132
-120
-112
-101
-85
-73
-62
-56
-56
-44
-30
-25
-16
-16
-14
-12
-14
3
9
2
0
15
35
40
47
46
36
35
38
48
45
37
38
50
58
57
54
63
78
76
64
56
69
70
59
55
54
51
38
30
29
29
15
-1
-9
-17
-27
-46
-60
-62
-53
-75
-96
-100
-104
-112
-124
-134
-147
-151
-150
-150
-138
-136
-138
-129
-116
-103
-97
-83
-74
-68
-61
-50
-33
-25
-14
-5
13
37
50
71
89
103
119
134
146
156
168
169
172
180
188
186
172
169
171
166
147
133
119
102
94
76
61
46
24
6
-13
-28
-48
-70
-89
-106
-128
-148
-153
-157
-173
-177
-170
-170
-168
-170
-172
-171
-156
-138
-127
-119
-115
-104
-86
-63
-46
-23
-9
2
12
30
49
57
65
67
74
83
87
96
111
119
118
120
123
111
99
103
109
111
107
96
96
94
101
102
93
81
71
74
70
61
52
41
35
29
26
26
29
19
13
6
-5
-5
-12
-13
-23
-33
-45
-51
-48
-49
-56
-71
-78
-78
-79
-85
-96
-100
-97
-99
-106
-109
-108
-106
-110
-106
-94
-93
-93
-88
-80
-66
-62
-54
-29
-16
-10
-1
19
46
54
65
78
91
101
111
127
140
143
143
154
166
174
177
181
183
170
162
152
154
154
139
117
89
78
66
50
38
27
20
2
-15
-33
-50
-52
-52
-58
-63
-76
-92
-95
-86
-84
-95
-101
-107
-113
-116
-112
-92
-79
-71
-73
-68
-51
-41
-27
-9
4
4
9
22
29
32
43
51
54
56
63
76
81
75
75
80
86
88
82
78
82
68
56
58
63
56
41
39
38
29
13
7
14
17
13
7
1
-9
-14
-20
-25
-25
-27
-33
-40
-39
-39
-41
-43
-42
-40
-51
-60
-66
-63
-67
-78
-90
-95
-97
-112
-118
-114
-110
-118
-124
-114
-108
-112
-116
-110
-105
-102
-105
-96
-85
-80
-74
-70
-60
-57
-49
-36
-21
-11
-6
-1
6
9
18
32
38
38
42
45
47
57
57
60
60
49
48
50
41
34
38
35
25
15
9
-4
-10
-15
-15
-14
-22
-37
-44
-45
-49
-51
-49
-54
-61
-68
-69
-60
-55
-47
-49
-48
-44
-32
-22
-19
-13
-7
2
9
18
27
37
36
40
57
67
70
71
72
75
79
82
77
77
77
73
67
68
63
52
46
39
38
33
32
28
21
16
8
9
14
11
6
5
-4
-1
3
-2
-4
0
-2
-5
-10
-9
-8
-1
3
3
3
4
2
2
9
21
26
17
19
21
25
26
27
28
17
12
14
23
28
30
28
28
38
46
53
60
63
64
63
66
71
74
76
76
76
67
62
62
57
55
57
62
61
60
58
49
46
55
60
61
51
42
37
30
25
22
17
2
-15
-23
-29
-31
-33
-37
-43
-54
-57
-61
-63
-66
-72
-78
-86
-88
-88
-87
-84
-85
-84
-84
-81
-73
-64
-53
-42
-42
-45
-38
-22
-8
2
10
10
13
17
20
34
43
46
46
48
47
47
50
55
57
54
45
42
40
38
35
29
28
19
12
9
2
-4
-6
-10
-14
-17
-26
-33
-35
-41
-44
-49
-56
-60
-59
-61
-64
-66
-69
-76
-78
-76
-78
-77
-77
-82
-80
-76
-67
-62
-58
-52
-44
-35
-29
-18
-10
-5
0
7
8
9
15
19
20
26
31
31
34
34
35
35
39
41
37
35
30
25
24
19
19
14
6
3
-1
-7
-14
-16
-21
-26
-26
-31
-33
-39
-45
-46
-46
-44
-43
-44
-50
-56
-58
-55
-55
-56
-58
-58
-59
-64
-64
-61
-56
-53
-51
-46
-43
-40
-37
-32
-30
-27
-19
-13
-6
-1
3
11
15
20
27
34
39
43
45
47
47
49
54
57
63
61
60
60
61
67
74
77
72
70
67
63
62
62
61
57
54
50
42
37
33
28
21
14
9
-1
-12
-23
-29
-32
-38
-45
-54
-59
-60
-65
-73
-72
-71
-73
-71
-68
-68
-67
-64
-57
-48
-38
-26
-17
-9
-1
7
18
26
36
48
55
62
71
75
79
85
93
96
101
103
100
95
93
90
88
85
78
70
62
54
48
47
42
37
30
23
18
15
13
7
5
1
-3
-1
-5
-9
-14
-18
-17
-19
-21
-20
-17
-21
-23
-23
-23
-21
-19
-15
-16
-20
-20
-19
-17
-13
-12
-13
-14
-16
-15
-14
-12
-10
-7
-6
-6
-7
-6
-4
0
4
5
6
6
7
10
15
17
19
21
22
23
27
31
31
30
31
32
34
33
31
31
30
27
27
26
24
20
16
11
2
-3
-8
-13
-18
-25
-31
-40
-46
-54
-59
-64
-68
-71
-76
-82
-84
-84
-83
-80
-79
-81
-81
-79
-75
-68
-59
-51
-45
-41
-35
-27
-20
-12
-5
2
8
11
15
19
25
31
32
32
34
35
36
37
36
34
31
29
30
30
29
23
18
16
14
14
16
17
13
9
3
1
-2
-3
-4
-5
-7
-12
-16
-17
-17
-17
-16
-15
-17
-20
-24
-27
-30
-30
-29
-31
-33
-37
-40
-40
-39
-38
-37
-36
-37
-35
-32
-29
-29
-29
-26
-21
-15
-9
-2
1
4
6
10
16
22
27
29
29
31
33
37
41
45
48
50
49
49
51
53
54
56
54
52
49
46
43
38
35
33
29
25
19
15
13
9
4
-2
-9
-12
-16
-20
-23
-28
-32
-36
-37
-37
-37
-38
-39
-40
-40
-39
-36
-32
-30
-27
-26
-22
-18
-13
-6
-2
0
3
7
12
17
21
24
25
27
27
30
33
35
36
37
36
36
36
34
33
