-92
-14
16
-108
-61
51
-121
-1
39
-5
-82
12
60
-105
26
20
-53
-100
29
-92
-64
-77
-13
-51
-46
-8
-106
3
-42
-8
-102
44
-87
-66
46
-111
-62
-72
29
-113
-30
21
-112
-83
27
-73
-68
18
3
-40
-9
29
-23
-41
-22
19
2
-153
12
-34
-92
29
15
-3
-11
157
-99
96
79
-31
84
111
122
-54
142
70
38
-9
56
117
-52
90
42
146
-59
142
140
-17
155
14
167
2
122
-18
99
39
-66
99
97
-89
18
199
34
23
128
302
-119
195
125
119
-14
105
225
-40
121
-34
159
-113
-30
119
-101
-17
-12
96
-91
-45
77
-56
-50
7
17
-88
-13
-69
51
-127
-101
51
-66
-107
-56
121
-205
-14
102
-41
-199
65
42
-216
-54
58
-116
-139
106
-75
-133
-128
67
-116
-145
26
18
-223
24
57
-258
-36
32
-157
-152
197
-137
-155
114
117
-314
93
123
-194
-58
185
-10
-212
217
30
-136
33
223
-218
96
198
-78
-11
156
69
-174
266
13
-158
115
174
-183
13
246
-201
-56
257
-164
-106
235
-37
-89
247
-12
-201
206
-18
-184
134
76
-245
153
80
-168
93
86
-96
76
141
-166
78
113
-164
27
223
-242
76
253
-221
62
125
-136
-79
173
-152
-208
303
-284
28
183
-36
-73
260
17
-208
343
-178
-69
149
-67
-195
219
-132
-102
169
-149
-148
162
-4
-156
98
25
-187
21
264
-291
224
-78
39
98
-62
68
21
-67
-149
195
-232
-29
80
-5
-142
203
-57
77
7
76
24
-19
91
-53
133
-154
253
-138
91
59
72
56
-191
243
-122
-210
141
-2
-115
-156
315
-124
-233
329
-26
-139
-16
213
-205
-98
108
17
-168
45
-7
44
-152
-7
185
-353
264
-164
123
-216
16
82
-142
25
-108
150
-305
184
-72
34
-139
9
199
-332
170
-68
90
-238
169
150
-296
121
145
-73
-200
253
-50
-170
67
168
-144
-168
272
-11
-272
165
101
-198
43
-1
110
-404
230
-47
-258
74
-53
-20
-391
438
-369
-11
87
-71
21
-263
430
-430
83
147
-82
-121
83
210
-364
180
94
-79
-105
98
80
-192
56
111
-132
26
64
86
-61
-8
293
-229
140
93
-45
143
-153
336
-163
-123
504
-326
75
225
-23
-110
165
219
-262
5
444
-354
73
218
36
-164
130
161
-161
-91
114
148
-396
234
42
-340
122
160
-201
-8
273
-121
-176
352
-29
-202
228
259
-323
108
338
-324
-97
487
-373
-53
222
-195
34
-53
138
-172
-10
203
-174
29
211
-258
104
22
75
-152
-14
244
-205
-225
369
-228
-212
222
45
-193
-179
448
-301
-111
245
77
-482
379
-117
-80
-76
92
-42
-338
465
-344
-32
87
-29
-214
142
-39
-30
-153
287
-255
-187
378
-316
-38
147
39
-382
323
-55
-138
-12
102
28
-334
341
-115
-118
141
-59
59
3
40
-163
134
2
-188
126
-144
59
-167
-13
45
-204
58
27
-66
31
-44
61
9
-113
197
-194
-17
197
-106
-131
255
-89
-96
51
147
-99
-157
352
-66
-308
456
-169
-191
352
-330
157
-11
-46
61
117
-11
-106
260
-2
-40
58
289
-228
302
-164
217
-34
19
19
72
117
-341
418
-137
-43
74
147
-107
124
22
100
187
-250
402
-241
234
-137
151
28
-198
344
-324
206
40
-30
-35
297
-199
104
10
206
-175
71
294
-476
456
-312
84
87
-326
260
-353
313
-428
-10
238
-536
304
-281
60
-127
3
61
-52
-103
99
-194
69
-47
-105
118
-325
399
-512
249
75
-334
116
-39
24
-327
58
245
-521
56
247
-460
181
-181
15
-13
-288
204
-216
187
-378
294
85
-530
614
-248
-55
79
215
-224
26
425
-743
646
-288
-102
292
-148
-56
10
222
-363
77
217
-446
205
43
-204
146
-147
166
-244
175
-196
133
66
-306
537
-463
297
-29
45
297
-407
651
-344
237
67
-160
410
-418
354
-124
88
0
-197
530
-511
291
81
-108
189
-293
684
-616
298
386
-494
649
-448
421
-123
31
252
-146
195
-98
256
-77
108
-16
127
-132
101
50
-131
-66
325
-529
198
287
-466
240
-139
309
-684
483
89
-505
495
-228
199
-151
126
27
-16
-168
249
-58
-26
-200
306
-162
-322
565
-436
362
-432
542
-267
-78
228
-136
33
-186
206
-146
117
-162
143
77
-153
-40
243
-106
-310
372
-120
-302
205
107
-404
215
-25
-183
122
-128
161
-273
258
-114
-70
-26
201
-299
18
198
-341
176
-262
270
-277
-46
203
-246
163
-94
40
147
-97
-36
153
112
-351
313
-8
90
-292
290
165
-533
368
28
-195
49
88
-70
79
-66
125
-61
94
-102
72
169
-243
69
248
-399
167
64
-60
-128
221
-140
-108
155
-295
431
-553
483
-295
150
66
-286
631
-480
171
188
4
-183
179
201
-305
128
208
-191
112
-6
95
63
-192
282
-259
253
-341
227
0
-321
245
-205
47
-181
129
-133
-93
67
-243
216
-247
237
-180
57
79
-266
240
-253
165
-221
175
-302
234
-201
-10
133
-164
93
-148
93
-229
199
-208
156
-145
239
-331
377
-25
-223
390
-212
194
-241
410
-361
206
-108
133
-182
133
14
-128
222
-165
154
-84
-6
137
-62
-24
55
43
-34
-181
387
-421
44
34
-131
44
-211
205
-163
-4
-50
-5
-90
-4
-67
10
72
-222
94
29
-116
39
2
-84
106
-81
-36
55
130
-265
219
127
-260
266
-119
113
-144
205
-313
359
-170
-124
353
-150
-33
22
292
-178
-60
469
-300
92
104
-67
297
-465
585
-274
201
-34
-84
417
-525
402
-314
524
-714
488
60
-333
288
-168
308
-401
362
-136
95
-189
270
-393
335
-347
178
4
-218
220
-343
290
-437
355
-464
461
-410
335
-205
66
42
-246
335
-234
183
-298
341
-432
194
-7
-81
61
-73
162
-116
130
12
27
178
-10
-35
204
-33
38
9
239
-86
37
202
-76
130
-188
258
-253
150
-186
182
-1
-270
240
-117
-53
-243
317
-409
213
-296
256
-208
-115
180
-193
82
-197
210
-112
-84
33
33
-239
164
-153
204
-255
136
30
-189
152
-252
335
-343
153
99
-179
27
25
89
-222
291
-268
289
-390
278
-178
-122
224
-372
464
-548
495
-451
310
-139
-268
548
-735
536
-363
140
-44
-244
397
-423
85
183
-470
313
-290
143
-321
221
-200
4
99
-193
373
-607
647
-491
347
-171
274
-247
197
-89
231
-282
330
-11
-70
32
262
-152
-227
677
-638
505
-352
557
-367
28
491
-526
347
-73
-70
260
-363
406
-267
185
-32
67
112
-32
-12
163
-150
123
-223
320
-230
52
63
-18
68
-130
260
-24
-175
303
-22
-259
459
-390
368
-297
275
-71
-117
155
33
-170
126
30
-154
2
233
-306
300
-80
176
-134
211
-13
-184
208
19
-199
30
212
-388
328
-273
201
-108
-177
366
-365
238
-122
99
-13
48
-93
169
-80
-42
93
-127
102
-181
113
-76
152
-203
199
-59
150
-214
247
42
-348
313
-141
62
-142
67
183
-299
328
-62
-21
127
-100
142
-104
52
-30
-64
194
-239
93
-11
42
-236
289
-230
157
-248
264
-48
-76
87
-64
165
-158
-6
283
-339
146
-35
106
-273
219
40
-269
384
-362
170
-65
-51
133
-334
348
-355
106
-38
-74
-28
-161
217
-449
274
-125
-235
341
-482
555
-654
587
-312
88
132
-168
175
-139
100
-133
184
-130
102
-51
144
-112
38
10
-19
21
-258
343
-457
210
-163
14
-38
-213
211
-258
1
118
-213
42
-117
187
-366
137
69
-318
298
-132
10
-24
-102
226
-245
-1
269
-401
273
-106
108
-31
-120
257
-202
-99
126
-119
-12
-71
120
-272
141
-83
28
-30
53
-42
-9
85
92
-101
152
194
-334
366
-76
-99
173
-92
224
-300
353
-265
156
-85
124
-99
20
90
-113
28
161
-364
381
-196
-103
415
-442
490
-282
282
-216
291
33
-168
487
-186
89
146
-3
-9
-35
258
-259
49
348
-506
433
-141
42
134
-16
91
-119
308
-399
457
-183
-53
107
97
-161
154
-12
73
-359
490
-387
-53
367
-517
621
-601
778
-691
386
80
-309
407
-383
497
-624
559
-252
-162
142
16
-226
9
150
-225
-22
142
-187
16
80
-263
327
-427
463
-450
292
69
-454
671
-578
321
-107
-198
299
-588
403
-393
135
-196
-185
344
-693
260
30
-458
234
-68
13
-245
405
-198
-167
470
-347
282
24
76
-114
258
-82
-178
320
-372
374
-373
362
-291
106
-63
38
61
-163
101
-5
-53
120
30
-94
218
-309
383
-390
283
-56
-184
257
-138
48
-5
184
-60
60
30
64
53
46
-17
329
-134
13
258
127
-188
179
436
-568
379
-90
193
-343
320
-20
-184
127
-6
21
-99
248
-143
26
203
-236
161
45
-184
373
-396
429
-308
180
-30
-119
191
-235
48
38
-173
42
-130
61
-251
-75
249
-517
329
-156
-117
24
-65
155
-554
631
-482
-49
280
-384
135
-155
51
-167
-81
-132
-137
-82
-139
-93
-210
189
-527
199
-40
-397
105
0
-300
-6
53
-132
-267
369
-301
-201
340
-324
65
-41
94
-325
267
-92
-237
327
-234
102
-65
234
-269
249
-47
101
126
-174
301
-146
134
-156
272
70
-222
286
133
-296
52
186
-33
-303
400
78
-283
383
-44
301
-272
539
-162
165
337
-153
517
-160
192
159
-82
211
-17
63
189
-165
277
-229
208
-59
104
-102
130
98
-174
209
211
-298
348
-170
57
70
-136
420
-632
628
-500
39
132
-257
189
-329
348
-529
242
-92
-134
57
2
-86
-143
250
-264
-10
92
-2
-291
379
-272
-178
161
-242
1
-190
199
-428
236
-215
-90
-77
-15
-131
31
13
-140
21
110
-63
-303
688
-638
245
229
-378
399
-411
419
-323
41
194
-480
631
-560
317
36
-96
190
-238
647
-656
379
192
-268
213
123
195
-182
212
261
-361
378
154
-338
517
-341
272
-273
372
-313
6
370
-467
491
-372
491
-284
163
211
-196
452
-356
337
144
-328
311
-14
-4
-208
168
13
-372
326
-191
-39
16
159
-177
72
57
-76
44
57
-3
35
65
-151
296
-298
166
-142
156
-235
196
-3
-267
295
-239
-105
228
-335
238
-278
168
16
-344
388
-330
265
-343
245
79
-429
403
-45
-368
249
-133
40
-375
474
-426
5
108
-220
134
-267
246
-245
143
-186
229
-298
266
-145
68
6
-101
259
-210
85
6
86
-349
412
-285
150
-106
82
-138
-106
340
-762
808
-491
30
71
48
-96
-188
576
-472
205
-92
298
-548
596
-373
30
97
-179
33
-57
181
-466
562
-405
133
44
159
-270
339
-125
41
121
-161
452
-512
469
-241
34
178
-320
395
-234
-49
228
-244
192
-101
180
9
-122
236
-74
-155
226
-70
80
-159
216
-67
-142
-10
130
-17
-128
177
159
-211
-93
310
-305
-110
282
-178
-299
380
-253
-96
104
-22
16
-144
400
-427
278
46
-269
331
-352
492
-687
408
-47
-461
362
-479
351
-365
-88
495
-736
454
-123
-55
115
-108
379
-309
56
178
-149
-94
120
50
-353
332
-409
148
-19
-323
363
-313
162
-368
411
-434
167
114
-346
519
-641
504
-263
-8
191
-252
313
-302
288
65
-386
565
-178
-278
716
-682
547
-320
283
-132
-137
576
-654
739
-248
143
331
-435
758
-530
309
218
-378
491
-521
547
-439
87
303
-394
227
-54
156
-187
25
262
-416
306
172
-648
871
-573
252
9
-95
407
-942
1167
-853
183
78
-13
-148
-247
569
-768
461
-247
137
-117
-45
127
16
-201
101
69
-245
249
-500
722
-871
840
-365
-134
515
-497
201
-167
423
-687
451
167
-629
541
-324
47
-216
440
137
-744
1405
-865
92
480
-415
308
-493
767
-817
184
302
-743
494
-669
622
-483
-167
823
-1011
615
-408
329
-159
-279
838
-885
506
-142
94
-572
843
-640
-21
521
-548
249
-294
311
-237
-91
92
39
-320
300
-457
573
-644
419
-121
-39
-26
-37
271
-437
375
-347
258
-120
-184
236
90
-439
54
533
-854
382
100
-271
266
-416
605
-592
289
184
-495
639
-49
-548
1075
-844
262
32
-62
164
-610
941
-1040
813
-551
218
228
-675
640
-276
271
-486
461
-141
-305
49
615
-854
366
230
-250
41
50
96
-187
-90
365
-287
181
90
-265
426
-410
277
191
-161
65
148
45
-152
247
383
-396
321
152
26
-309
626
-432
140
104
-290
458
-576
760
-891
636
-23
-530
778
-321
188
-79
269
324
-815
1274
-722
118
524
-772
1001
-1284
1090
-394
-486
1012
-1189
1112
-851
134
586
-974
700
-350
146
-228
228
127
-314
238
398
-882
645
-105
-332
222
-162
273
-804
780
-565
-145
441
-421
225
15
-199
114
-33
-77
8
130
-30
-143
257
-136
-251
395
-597
424
-420
85
61
-323
348
-512
413
-385
385
-236
237
-24
-163
301
-372
307
-240
-45
426
-437
53
574
-661
-20
345
12
-800
655
414
-1414
1039
-239
-209
28
260
244
-892
1192
-836
159
453
-562
406
-41
105
-283
119
436
-830
471
396
-876
591
-351
218
-299
-36
413
-806
450
-253
-76
163
-309
429
-250
47
1
123
-131
-48
179
-187
-40
-41
-37
99
-195
279
0
-139
530
-439
420
-57
-6
166
80
-3
161
107
-76
363
-38
92
191
-77
373
-251
241
123
-357
520
-564
367
-223
-29
57
-208
302
-466
422
-12
-216
349
-103
-108
304
-134
346
-176
27
213
-314
45
-32
313
-278
214
86
-166
-75
-115
95
1
-151
156
-128
-343
180
-599
342
-259
-53
164
-249
-30
-54
-309
158
-165
-147
336
-504
312
-330
100
-102
-99
128
-86
273
-462
632
-719
423
-208
44
185
-26
82
-19
152
-397
436
-496
305
-309
248
-245
-250
352
-579
336
-414
467
-288
-21
314
-84
-51
66
161
-350
394
-416
340
-80
-182
227
-348
293
-226
74
216
-283
354
-269
-190
253
-34
-137
375
12
-187
52
250
-434
391
251
-290
397
-111
248
-496
600
99
-370
650
193
-416
95
582
-403
87
568
90
-255
297
415
-194
-20
670
-154
73
53
533
-28
-92
580
-104
-90
360
-59
448
-507
239
336
-673
635
-386
164
-280
-150
441
-749
82
-80
-319
-153
-45
-104
-455
-14
-426
-363
-112
-315
-189
-360
-53
-566
-283
-115
-653
-130
-191
-461
-461
-155
-432
-673
-267
-162
-591
-289
-217
-344
-541
-62
-161
-261
258
31
199
183
327
405
351
707
632
733
878
723
787
679
952
800
852
983
593
866
565
599
331
324
642
-59
383
259
-34
-142
-148
-82
-186
-282
180
-358
-350
-207
-540
88
-502
91
-177
75
-351
-248
441
-545
-154
320
10
-427
210
-34
-890
-76
-296
-737
-232
-304
-638
-833
-694
-1111
-1159
-863
-1056
-840
-1142
-1348
-1556
-1412
-1423
-1171
-942
-1020
-938
-411
-608
-730
-406
-273
-149
600
764
844
761
285
670
1132
1300
1670
2120
1459
975
1222
1194
1083
1279
1366
1102
733
488
318
77
-141
-154
-43
-67
-350
-554
-664
-1027
-872
-540
-296
-76
-105
-60
-370
-42
280
490
1078
1066
1251
1211
1116
1264
1327
1734
1648
1802
1678
1244
1126
858
859
812
848
543
215
-58
-392
-645
-521
-776
-827
-845
-1219
-1324
-1354
-1611
-1510
-1030
-1400
-985
-1066
-1212
-1464
-1043
-522
-1009
-471
-404
-1017
-1192
-653
-1101
-898
-713
-921
-1254
-1422
-1595
-1905
-1604
-1409
-1584
-1039
-342
-550
-907
-1550
-756
-417
431
1563
1496
954
-556
189
1256
1926
2994
2971
2782
1277
904
1732
2245
2486
2089
2150
1310
361
204
163
44
-211
100
-49
-759
-1325
-1767
-1992
-1571
-982
-615
-796
-1170
-1538
-1657
-1256
-495
225
399
439
465
694
814
1082
1622
2099
2336
2360
2485
2025
1575
1640
2031
2403
2226
1971
1241
720
521
556
765
666
216
-278
-698
-989
-1084
-984
-946
-1102
-1092
-1383
-1521
-1596
-1624
-1237
-894
-643
-724
-837
-860
-917
-635
-218
-39
-38
-254
-443
-527
-704
-676
-406
-504
-902
-1152
-1574
-2186
-2060
-1992
-1973
-2015
-2127
-1360
-944
-919
-1965
-2128
-895
-555
945
1719
1412
-121
-1077
944
2094
3315
3620
3269
2165
396
1495
2899
3472
2864
2221
1600
277
94
460
620
207
-442
-608
-1381
-2093
-2402
-2307
-1989
-1754
-1379
-1728
-2326
-2391
-2081
-1556
-875
23
-33
-359
-201
410
1130
1635
2269
2307
2392
2223
2341
2728
2850
2891
2867
2774
2384
1997
1565
1568
1539
1435
1089
512
-52
-343
-494
-432
-351
-787
-1221
-1572
-1658
-1435
-1323
-1274
-1408
-1493
-1575
-1297
-936
-830
-644
-585
-468
-478
-450
-311
-108
7
93
8
-319
-492
-609
-441
-650
-770
-1305
-1793
-2039
-2328
-2182
-2366
-2298
-2546
-1416
-781
-1310
-2705
-2384
-759
-203
1469
1902
1305
-1104
-1072
1677
3282
4226
3653
3095
1293
212
2339
4198
4187
2750
1583
639
-242
356
1204
1062
94
-1149
-1649
-2433
-2560
-2057
-1937
-1908
-2134
-2284
-2987
-3047
-2281
-1452
-1106
-904
-615
-994
-1038
-284
937
1718
1769
1920
1858
2242
2350
2767
3239
3470
3452
2698
2846
2486
2137
1920
2222
2460
1574
862
205
60
139
140
162
-338
-1128
-1713
-1472
-1056
-921
-1097
-1605
-1905
-1902
-1452
-893
-529
-640
-922
-931
-790
-484
-26
264
366
250
-78
-177
-227
32
181
-97
-303
-1021
-1432
-1677
-1627
-1671
-2047
-2207
-2716
-2984
-2711
-1084
-650
-1361
-3100
-2524
-997
-123
1593
1477
735
-1966
-1057
1971
3389
4108
2973
2422
531
456
2832
4436
4102
2190
846
103
-123
749
1573
861
-460
-1807
-2335
-2587
-2029
-1435
-1774
-2352
-2780
-3042
-3224
-2577
-1460
-966
-1509
-1537
-1346
-1012
-361
638
1664
1577
1301
1447
2171
3037
3434
3598
3512
3162
3148
3215
3524
3554
3057
2421
2018
2267
1889
1223
1114
965
529
-136
-386
-565
-847
-1044
-1101
-1154
-1559
-2002
-2072
-1729
-1510
-1306
-1417
-1501
-1559
-1450
-1041
-462
-163
-282
-488
-337
-8
191
400
252
43
-191
-144
-239
-280
-634
-993
-1320
-1601
-1796
-2128
-2536
-2764
-2619
-2765
-1584
-1332
-1639
-3235
-3310
-1067
-390
1076
587
86
-1677
-1814
1613
3154
3759
2382
1578
724
461
2833
4661
4248
2248
555
138
547
1710
2675
1590
-195
-1761
-1898
-1516
-822
-23
-863
-2200
-2989
-2806
-2290
-1504
-749
-657
-1572
-2281
-1762
-908
173
701
1049
948
409
626
1350
2549
3250
3019
2630
2210
2341
2493
2874
3561
3235
2275
1448
1425
1705
1565
1662
1403
667
-263
-712
-132
170
5
-574
-1241
-1627
-1842
-1366
-982
-988
-1380
-1852
-1927
-1668
-1166
-697
-525
-682
-864
-877
-526
-204
215
402
298
96
-129
-155
83
319
204
-44
-530
-1123
-1364
-1296
-1160
-1323
-1953
-2351
-2693
-2700
-1451
-646
-867
-2717
-3349
-1737
-686
820
947
359
-1608
-2353
532
2491
3533
2619
1463
407
-88
2134
4162
4295
2681
795
-3
377
1707
2968
2082
273
-1211
-1670
-1113
-250
625
-284
-1999
-2784
-2559
-1726
-1086
-579
-771
-1968
-2537
-1797
-688
204
306
289
27
-275
318
1031
2105
2281
1916
1682
1587
2067
2231
2913
3095
2834
2205
1464
1730
2093
2357
2067
1671
1159
425
220
512
954
750
22
-752
-1130
-1159
-890
-608
-709
-1223
-1837
-2023
-1662
-1194
-1035
-1177
-1428
-1507
-1471
-1043
-616
-439
-472
-563
-425
-204
-47
-87
-105
-199
-171
-208
-232
-362
-606
-847
-1114
-1206
-1346
-1630
-1933
-1987
-1982
-1315
-1111
-1550
-2712
-2808
-1634
-1015
30
-109
-786
-2228
-2225
54
1552
2064
1372
613
-338
-228
1855
3695
3506
2031
647
285
922
2211
3304
2490
802
-698
-766
232
1242
1701
465
-1216
-2039
-1552
-496
317
523
-416
-1842
-2253
-1211
77
826
449
-251
-893
-936
-93
988
1698
1274
396
26
423
1321
1953
2141
1802
1150
799
1121
2055
2407
1975
1436
1113
1120
1184
1428
1590
1360
788
323
335
386
264
11
-211
-509
-971
-1208
-1182
-1208
-1335
-1666
-1697
-1661
-1563
-1438
-1295
-1302
-1035
-472
-368
-228
-136
-265
-388
113
793
650
128
46
13
-133
-112
230
138
-413
-787
-805
-952
-1206
-1227
-1313
-1792
-1957
-1955
-1745
-1456
-1607
-1816
-2109
-1875
-1497
-898
-473
-408
-695
-865
-318
433
1142
1303
1329
1067
815
1193
1948
2373
2072
1643
1164
1132
1418
1692
1627
1117
564
90
11
347
697
371
-342
-827
-914
-737
-436
-156
-308
-899
-1371
-1099
-600
-161
-16
-91
-294
-557
-286
242
739
923
711
434
449
789
1171
1366
1376
1217
834
845
1130
1540
1428
1150
1017
837
800
678
838
822
541
170
-61
-65
-75
-132
-236
-298
-434
-602
-717
-630
-562
-454
-305
-98
-24
-168
-310
-305
0
199
183
39
-91
-184
-226
-141
38
23
-242
-340
-288
-288
-434
-547
-647
-894
-984
-828
-708
-905
-1052
-1143
-1159
-1068
-1025
-904
-914
-940
-910
-863
-771
-764
-724
-660
-635
-526
-478
-433
-405
-432
-406
-402
-215
-85
-90
-213
-273
-210
-171
46
159
200
109
-46
34
298
498
476
470
370
343
380
539
817
795
537
347
368
512
623
712
628
409
256
207
521
694
665
495
259
279
290
541
684
653
475
240
288
368
513
543
499
406
195
191
370
526
636
454
310
306
296
451
570
607
527
305
330
448
548
564
418
389
175
68
123
249
237
-56
-170
-298
-319
-252
-253
-281
-339
-545
-683
-669
-596
-534
-573
-567
-601
-637
-653
-540
-289
-125
-173
-281
-419
-456
-317
-106
80
2
-243
-479
-576
-430
-228
-111
-188
-418
-599
-715
-593
-529
-500
-570
-709
-794
-810
-705
-573
-491
-519
-586
-576
-498
-408
-312
-252
-204
-139
-86
-22
96
181
195
215
343
385
418
438
483
573
516
488
418
374
340
328
394
333
206
134
82
89
168
125
79
73
10
-33
23
166
191
139
108
160
274
392
552
625
635
672
719
847
977
1007
955
934
894
904
894
882
859
673
515
377
396
371
233
112
2
-129
-315
-352
-317
-323
-459
-592
-588
-554
-506
-427
-342
-357
-415
-412
-324
-178
-96
-28
-79
-107
-173
-187
-59
-9
-51
-177
-300
-431
-420
-373
-368
-429
-555
-671
-771
-744
-702
-648
-675
-814
-820
-734
-586
-578
-541
-494
-432
-330
-253
-66
65
128
121
200
345
490
587
651
657
663
678
685
738
717
714
636
554
542
422
349
264
180
113
-9
-55
-107
-240
-354
-398
-356
-364
-470
-502
-510
-506
-522
-427
-305
-287
-349
-391
-240
-46
49
136
232
242
182
231
475
643
601
545
551
618
636
636
695
691
560
462
491
556
544
450
391
385
356
325
301
259
235
168
176
188
163
85
105
114
70
81
56
57
13
58
56
9
-84
-168
-196
-191
-167
-272
-381
-491
-515
-516
-551
-573
-615
-710
-754
-696
-645
-662
-645
-647
-639
-555
-508
-434
-440
-452
-413
-293
-187
-172
-150
-145
-60
-8
116
199
159
164
152
236
270
291
312
255
196
154
172
172
151
93
85
50
14
35
13
-8
-47
-28
3
20
-7
6
-47
-45
-16
-85
-71
-94
-55
-47
-23
40
-41
-57
-24
48
117
108
115
76
99
115
153
205
183
128
107
117
158
219
225
230
172
184
164
178
216
219
281
208
201
156
148
227
247
250
214
194
174
239
284
328
308
202
214
163
192
160
70
42
-24
-11
-102
-182
-256
-346
-359
-360
-367
-404
-498
-568
-554
-477
-414
-428
-487
-571
-567
-423
-322
-262
-283
-314
-278
-181
-76
-10
26
-8
-62
-17
82
189
193
150
131
114
136
142
170
116
74
36
10
-2
-37
-93
-92
-14
-21
-48
-76
-64
-57
-16
31
57
6
-68
-38
50
133
143
78
27
18
46
84
150
125
32
-42
-5
72
78
17
-16
-43
-88
-70
24
30
-18
-58
-66
28
27
58
84
118
111
68
123
148
187
256
269
286
317
304
347
385
457
449
391
373
340
353
378
386
380
290
208
171
137
97
59
14
-72
-160
-214
-221
-200
-221
-286
-363
-429
-435
-398
-347
-349
-396
-374
-357
-299
-235
-122
-64
-104
-131
-102
-2
40
83
80
31
-57
-84
0
61
39
-12
-67
-156
-172
-156
-125
-140
-194
-257
-282
-269
-251
-244
-248
-181
-243
-241
-200
-118
-73
-91
-4
48
82
69
102
195
226
248
235
276
321
292
303
325
335
268
195
205
204
162
112
70
33
-18
-39
-44
-35
-96
-136
-158
-203
-182
-153
-122
-142
-116
-103
-112
-64
-33
26
61
58
68
69
107
191
258
276
294
320
298
283
321
368
356
318
263
218
190
212
212
166
109
8
-33
-49
-50
-71
-139
-187
-239
-275
-254
-276
-295
-298
-307
-329
-336
-288
-242
-200
-194
-212
-193
-176
-139
-74
-10
7
-37
-60
-76
-20
48
66
86
87
47
46
91
112
118
97
73
64
27
20
45
79
72
56
39
22
16
9
35
48
11
-39
-49
-18
27
28
24
23
14
-10
-17
45
43
-13
-58
-80
-40
-46
-50
-77
-117
-146
-193
-167
-163
-191
-254
-296
-276
-269
-243
-193
-190
-196
-199
-149
-119
-100
-39
-24
-4
32
78
102
133
197
229
279
284
281
287
283
320
343
336
295
291
283
294
327
321
294
239
226
248
232
207
177
122
87
47
30
12
-34
-69
-96
-111
-135
-180
-242
-253
-229
-259
-297
-299
-293
-267
-268
-204
-213
-243
-231
-224
-162
-161
-188
-187
-218
-194
-152
-116
-75
-95
-105
-73
-38
-1
8
19
15
18
40
98
108
83
74
79
131
154
131
116
69
80
106
122
114
82
39
4
-5
40
40
5
-47
-94
-80
-86
-105
-122
-132
-159
-190
-171
-121
-141
-179
-175
-160
-148
-147
-118
-89
-49
-3
13
24
37
77
145
188
209
236
246
269
284
315
324
320
302
296
317
348
332
292
275
254
249
278
301
279
271
268
257
230
216
210
161
106
78
45
5
-13
-23
-37
-69
-113
-115
-120
-148
-145
-159
-174
-195
-212
-234
-242
-248
-266
-260
-267
-281
-290
-293
-277
-241
-269
-289
-273
-261
-256
-222
-205
-184
-188
-206
-157
-107
-73
-51
-35
-24
19
65
107
107
122
108
126
172
186
207
162
109
36
12
41
43
21
-32
-92
-105
-136
-126
-131
-153
-176
-229
-211
-211
-202
-213
-220
-215
-213
-199
-172
-135
-126
-130
-120
-77
-19
27
58
99
111
121
145
179
224
229
237
242
268
293
301
299
292
320
309
299
301
277
263
236
223
203
190
170
147
115
120
117
118
129
117
105
82
63
49
60
66
69
51
39
40
38
33
36
19
11
16
14
-8
-35
-44
-47
-55
-88
-104
-122
-160
-190
-190
-192
-226
-270
-300
-303
-292
-307
-317
-270
-259
-251
-227
-235
-218
-236
-208
-154
-129
-130
-137
-131
-103
-45
-10
14
5
-5
11
60
95
98
94
51
-5
-22
8
42
43
6
-36
-47
-35
-23
-7
-10
-24
-48
-43
-7
10
7
-11
-16
-11
47
88
82
102
125
161
191
240
257
251
235
256
310
317
322
285
275
264
279
290
266
249
192
144
135
144
142
112
58
17
-4
-8
-14
2
-16
-56
-60
-70
-72
-82
-79
-70
-70
-65
-81
-83
-88
-75
-51
-48
-55
-100
-108
-114
-121
-108
-113
-140
-175
-191
-188
-212
-227
-238
-238
-250
-265
-264
-271
-272
-254
-228
-231
-233
-216
-194
-162
-100
-72
-55
-52
-32
11
50
100
106
110
136
178
198
186
229
254
228
221
223
234
222
204
206
195
161
125
112
129
117
98
78
51
52
42
66
106
109
91
93
123
150
185
202
194
186
184
215
245
254
252
253
241
237
250
250
243
198
163
147
149
124
71
55
4
-34
-54
-67
-88
-116
-144
-170
-177
-188
-183
-175
-158
-153
-162
-147
-152
-142
-119
-96
-99
-123
-121
-113
-93
-77
-84
-81
-91
-112
-119
-101
-97
-141
-152
-180
-213
-218
-231
-247
-276
-313
-342
-334
-313
-323
-319
-328
-333
-318
-291
-259
-241
-220
-202
-162
-115
-89
-56
-16
23
49
100
131
141
158
177
209
212
226
221
228
256
265
269
253
238
232
230
233
222
195
163
151
151
146
141
129
118
108
96
98
99
100
96
95
104
104
122
132
120
113
125
142
136
125
121
120
109
98
95
88
64
43
37
28
23
25
9
-13
-17
-35
-40
-58
-92
-105
-108
-125
-139
-138
-140
-140
-132
-143
-146
-138
-127
-100
-99
-94
-109
-116
-105
-79
-68
-60
-46
-43
-67
-83
-53
-50
-73
-71
-81
-98
-130
-136
-127
-133
-130
-161
-155
-158
-157
-165
-180
-171
-193
-197
-184
-154
-137
-127
-114
-112
-112
-77
-63
-33
-13
-8
2
19
71
80
84
83
62
55
81
107
113
78
59
51
67
81
83
87
55
50
64
96
125
122
95
69
69
74
79
85
84
69
65
84
104
107
123
144
144
142
155
175
178
178
183
188
193
169
156
145
130
131
140
130
87
82
62
30
0
-7
-8
-40
-56
-76
-71
-88
-91
-110
-122
-110
-111
-89
-89
-73
-78
-66
-66
-78
-66
-58
-30
-31
-29
-23
-14
-29
-42
-80
-100
-131
-167
-172
-243
-249
-300
-332
-333
-332
-335
-334
-319
-333
-309
-291
-234
-180
-133
-59
-14
26
44
69
94
142
172
211
240
223
236
264
288
309
310
302
287
251
244
203
202
178
133
109
113
127
88
119
66
59
70
87
93
113
84
49
125
58
131
155
84
142
140
142
62
191
38
-2
142
-26
29
-40
61
-80
-157
1
-142
-256
-42
-204
-279
-137
-158
-156
-203
-156
-194
-248
-180
-226
-184
-248
-356
-82
-371
-206
-200
-191
-303
-204
-55
-381
-77
-194
-116
-253
-184
-170
-131
-161
-152
-7
-212
-150
-109
-95
-205
-111
45
-81
-160
201
-124
-113
200
1
13
42
178
-19
101
303
-64
208
-74
122
87
1
139
169
194
-78
195
130
-49
226
218
113
35
182
202
-47
343
23
373
171
193
140
97
149
-36
241
252
-190
498
130
-68
257
-177
489
-331
525
181
-183
521
-261
397
-110
323
206
-104
292
55
-57
-5
227
-132
139
-127
195
-59
-212
217
-385
86
-61
-165
71
-147
-283
-98
-177
-264
47
-296
-84
-365
-101
-425
80
-408
-106
56
-638
252
-329
7
-243
-96
74
-345
-184
295
-610
68
-173
-296
-46
-306
176
-206
-5
-159
7
-156
-185
295
51
-132
230
172
-202
178
153
212
-10
253
322
-63
321
-48
194
137
67
247
230
245
165
149
212
125
200
326
16
321
-44
128
183
-25
521
-289
387
153
-154
161
-65
359
-521
689
-177
20
237
-25
319
-532
498
-306
-83
311
-252
233
-153
-126
-73
-135
12
-289
223
-303
-133
102
-359
86
-77
-45
-22
-81
114
-323
145
-182
-38
-139
29
215
-419
390
-371
58
-69
-348
365
-472
50
-145
-124
-44
-131
16
156
-433
156
7
-367
-58
-12
-219
-131
69
-430
295
-533
183
-146
-129
-7
-237
242
-188
65
42
64
-178
71
-6
0
-51
-59
189
-110
-317
418
-236
-139
340
-158
-102
-133
114
-31
34
241
140
-155
234
27
-180
578
-350
409
53
-133
393
-60
272
140
315
18
30
466
-40
140
499
43
35
223
180
-39
274
558
-442
726
-233
-74
474
-506
671
-389
176
82
-367
490
-377
192
91
-338
295
-269
145
-160
3
-85
-232
93
-231
-72
-53
-219
-229
-253
-89
-92
-266
42
-218
-316
-92
-309
-156
-84
-178
-289
-138
-133
-221
-247
227
-546
24
-243
-79
-222
-181
230
-648
408
-432
57
-197
129
-328
60
31
-245
187
-339
386
-537
153
-138
199
-458
381
-167
-208
260
-422
522
-562
358
-77
27
-200
251
-155
-49
335
38
292
-122
518
-360
317
169
65
231
417
88
-87
803
-460
571
23
555
12
115
688
-352
540
38
335
140
175
372
-62
546
-213
219
303
-168
414
-87
342
-222
240
-89
277
-18
13
63
-71
93
-333
402
-309
219
-262
187
-342
32
-55
-249
330
-853
424
-449
-175
-103
-258
-94
-301
-172
-249
-164
-337
20
-324
-42
-334
13
-352
159
-343
-3
-41
-141
134
-453
639
-617
225
-5
-29
-120
-106
364
-294
36
92
102
-313
259
-71
74
-136
190
-157
-14
-5
-47
353
-558
655
-436
13
170
-123
348
-349
546
-169
41
233
54
102
30
389
-135
317
226
-7
281
48
116
143
102
10
271
-108
145
114
11
117
-92
315
-228
-27
318
-300
122
151
9
57
-155
90
-111
-55
118
-85
175
-178
-79
108
-18
-43
144
154
-66
117
11
58
-79
-18
111
-22
-112
96
-6
-86
-60
-24
70
-218
-125
127
-200
-314
196
-225
-202
-91
39
-237
-64
-67
56
-430
246
-157
-216
180
-205
20
-180
315
-381
191
79
-282
63
44
-218
49
-155
210
-218
24
175
-593
486
-564
254
-26
-339
311
-527
256
-359
106
-49
-206
29
-147
-85
-20
-69
20
28
-250
99
-49
-90
74
50
-108
157
-238
270
-45
-54
298
-122
324
-331
450
-220
138
227
-269
556
-464
560
-155
78
234
-204
382
-144
6
417
-260
316
216
-292
546
-347
542
-241
115
445
-601
670
-190
123
186
96
107
-91
283
-236
212
112
-48
63
65
-44
-6
107
-88
63
21
-50
-62
83
37
-141
194
-133
-101
65
16
-54
22
-23
119
-123
-54
277
-569
597
-443
135
-22
-247
342
-570
463
-265
-21
-34
-176
66
-273
-82
141
-302
-93
186
-374
73
-10
-295
55
-211
77
-284
55
98
-347
227
-50
-126
-45
-6
64
-102
14
32
-62
82
93
-75
216
-163
86
44
-59
283
-182
294
79
-203
379
-250
356
-213
399
19
-159
385
-93
107
173
59
63
77
144
70
9
257
117
-139
570
-270
122
45
50
7
17
144
57
-274
199
-216
-113
41
-239
314
-537
255
-356
18
-266
16
-116
-223
82
-279
0
-235
32
-218
69
-197
76
-220
108
-221
117
-35
-125
185
-154
-26
-56
83
-287
270
-222
-163
300
-448
284
-341
265
-183
-244
306
-160
-207
361
-402
269
-199
-78
165
-332
306
-312
248
-77
-173
225
-134
48
-35
112
11
-97
344
-313
276
-66
-46
194
-294
386
-282
125
14
-205
154
-123
-246
296
-287
-85
111
-29
-190
15
148
-191
54
-13
335
-441
415
58
-199
327
-167
332
-172
303
-52
156
21
166
36
31
226
-180
202
-22
61
90
-122
85
74
-248
204
0
-132
19
-125
9
-211
-2
27
-266
183
-134
-104
38
82
-250
226
26
-60
-8
145
-29
-123
295
-155
179
-62
-57
230
-256
181
66
-220
269
-337
364
-243
-18
220
-402
257
-154
-31
23
47
-125
50
45
-220
152
-27
-100
86
40
35
83
-25
232
-280
326
7
-248
642
-451
257
169
-278
327
-181
312
-157
207
73
-152
323
-46
-96
285
-210
169
-167
201
-66
-263
540
-574
484
-200
56
38
-198
162
-270
215
-97
-98
175
-127
-153
42
-1
-204
-18
238
-518
304
-77
-336
311
-348
172
-175
15
-74
-51
-30
-103
-27
-65
161
-379
316
-191
-161
-47
171
-364
161
149
-283
293
-180
210
-182
210
-24
88
80
45
47
94
89
-85
388
-110
40
233
-92
50
75
66
-193
338
-223
92
120
-95
47
9
26
12
-68
90
139
-488
591
-562
304
-160
5
107
-184
164
-325
448
-495
375
-18
-219
242
-195
12
119
-200
248
-254
193
-104
65
105
-102
5
-17
90
-209
243
-92
40
43
-93
118
-40
-64
142
-178
113
-106
7
100
-323
332
-497
258
-208
40
-49
-93
143
-281
150
-42
-49
-32
42
-74
37
-37
-36
146
-238
269
-169
-37
193
-281
265
-268
224
-171
54
66
-125
109
-134
156
-11
-87
235
-77
-45
254
-182
286
-294
358
-92
-139
412
-292
322
-197
395
-325
258
152
-312
345
-104
-22
45
-13
230
-275
245
133
-261
276
-217
258
-323
157
35
-238
185
-120
73
-83
-62
120
-187
30
137
-310
374
-305
150
-1
-262
314
-380
349
-283
239
-155
110
58
-144
309
-349
227
-60
-161
332
-342
421
-209
111
82
-212
260
-120
-46
292
-337
246
-111
18
80
-166
310
-441
266
-164
-169
217
-195
172
-288
233
-122
-237
373
-321
117
-127
140
-157
-10
108
24
-149
56
101
-235
269
-230
337
-338
226
-43
-61
10
-2
98
-128
3
230
-256
136
108
-129
208
-274
312
-437
297
-131
-105
233
-224
250
-356
274
-111
-164
177
-120
6
-166
41
132
-371
323
-102
-138
121
-184
265
-204
133
52
-296
459
-463
433
-258
143
67
-410
490
-461
320
-146
126
20
-111
57
145
-182
56
134
-200
130
-57
232
-246
327
-240
185
-48
-16
50
7
182
-308
321
-96
-66
259
-165
149
9
-187
278
-236
159
-71
227
-83
-175
395
-510
351
-271
112
20
-88
51
-11
7
-124
-65
30
-40
-193
215
-104
-28
0
86
-137
-165
273
-285
86
147
-214
240
-19
-103
149
-11
-8
4
4
-11
-120
40
115
-200
11
157
-265
41
49
-135
57
-180
197
-196
-11
112
-161
24
-97
89
-247
267
-285
234
-125
-29
167
-243
233
-189
179
-221
316
-192
57
214
-262
174
-42
96
-35
115
103
-50
-113
407
-212
150
47
263
-209
139
257
-201
283
-60
47
197
-169
40
262
-217
192
-155
177
-168
72
-88
194
-158
-12
173
-128
-74
49
11
-85
-112
25
-28
-317
180
-287
281
-525
328
-99
-375
312
-343
49
-168
3
-247
-5
-49
-220
-22
-18
-83
-83
73
-56
42
-156
401
-331
127
223
-256
355
-380
554
-162
-134
407
-144
54
-21
248
-33
-103
209
56
21
-55
297
6
-290
423
-133
-99
157
-29
176
-319
288
55
-321
283
65
-276
197
98
-43
-186
404
-299
19
-6
40
-80
-299
515
-447
117
45
6
-145
89
142
-46
15
27
157
-99
56
65
167
-347
262
-37
-96
79
-89
271
-477
289
-27
-179
238
-144
60
-138
43
-89
-26
-28
128
-108
-131
368
-508
406
-320
293
-259
11
188
-448
356
-381
301
-379
151
-61
-98
-82
-9
-156
-38
-189
-56
-16
-259
93
-314
224
-457
156
-36
-359
323
-311
37
-106
27
-27
-140
104
-91
-32
-79
137
45
-157
60
216
-331
201
243
-123
46
130
158
-149
354
-47
255
123
-6
228
60
24
203
27
182
126
-50
189
54
-122
178
138
-34
172
-11
47
46
-115
243
-214
174
30
-348
339
-184
-351
406
-244
-44
-36
86
-119
-119
116
-109
-76
9
-82
-125
155
-551
236
-113
-149
-247
292
-207
-273
296
-250
151
-397
330
-188
-160
280
-253
230
-208
-6
-30
-49
-8
-94
135
10
-47
-115
317
-227
-69
259
107
-112
91
236
-178
131
71
68
36
-27
192
-11
17
72
96
153
-180
276
-54
133
-51
201
-24
56
-21
75
133
-214
283
-135
188
-224
249
-150
51
-28
27
18
-62
194
-153
276
-313
238
62
-252
376
-338
291
-157
-29
232
-338
263
-233
11
80
-167
88
23
55
-315
402
-192
-137
260
-30
-115
10
167
-67
-241
339
-98
-256
278
-196
162
-264
161
70
-122
19
4
97
-225
136
-33
23
-6
-36
86
-77
-13
-128
253
-325
96
141
-257
134
-108
87
-126
83
-37
96
-142
44
90
-248
233
-129
41
-97
116
-188
54
-164
218
-256
-86
183
-200
16
-47
113
-263
58
-21
89
-282
257
-33
-157
105
-119
156
-250
131
-39
-10
43
-33
166
-8
-28
160
93
-149
237
-89
100
-142
267
-188
130
137
-96
140
-40
145
-171
395
-179
65
370
-251
234
-69
411
-422
403
56
-28
71
-83
518
-717
475
-18
-225
267
-237
315
-129
-98
186
-34
-142
-22
205
-232
-40
137
-261
138
-158
-52
153
-302
254
-292
278
-90
-382
582
-560
-66
165
-248
-24
-116
51
-164
-93
171
-255
-68
245
-501
97
35
-341
95
-92
-191
-57
-107
14
-387
229
-170
-232
227
-329
181
-167
20
-117
-17
60
-208
275
-202
48
92
-194
74
36
-111
-17
123
-58
141
-162
323
-99
-194
469
-360
317
-63
-17
323
-375
421
-177
144
118
4
43
125
56
188
26
191
219
-161
355
-72
194
168
-46
107
192
-118
63
132
61
2
58
166
-23
3
340
-207
164
27
-21
43
-112
217
-145
110
-37
-29
117
-130
40
29
57
-103
-48
66
-79
-54
32
-173
222
-277
-74
311
-288
-29
83
-93
-118
-118
93
-156
-142
98
-90
-141
49
35
-243
134
-8
-165
-21
-39
-38
-120
1
5
-26
-134
113
-90
-88
145
-163
27
4
8
-48
-85
112
-41
-217
221
-11
-196
54
203
-156
-168
249
93
-421
246
70
-3
-300
340
181
-505
473
-151
101
20
-254
487
-378
-57
311
-203
-34
7
134
-150
3
96
100
-285
294
1
-181
319
-201
32
166
-166
22
47
76
-124
-131
374
-298
10
101
89
-101
37
53
79
-117
-52
144
-69
-201
73
163
-309
124
3
20
-126
136
50
-101
92
-19
45
-96
-46
65
-31
-97
-85
169
-118
-74
99
28
-84
-101
160
-84
0
-50
27
-8
-20
-25
52
-116
60
-154
47
58
-233
256
-239
56
95
-280
205
-119
-12
-2
57
10
-174
141
-25
-111
-41
233
-178
-116
296
-71
-162
193
96
-203
99
80
-117
77
-97
73
4
-79
80
-48
97
-65
24
-6
44
-16
78
7
93
-8
4
16
47
-16
7
149
-136
61
10
35
-85
44
43
12
-113
143
67
-264
276
-65
-30
12
15
108
-204
85
184
-163
-86
155
-28
-228
52
182
-265
-55
205
-126
-182
201
166
-359
233
110
-160
72
90
118
-202
194
111
-149
220
130
-146
95
180
-3
-136
309
48
-213
177
4
55
-201
167
125
-315
227
-68
-47
-55
103
143
-304
307
8
-325
218
27
-148
-126
246
-104
-301
311
54
-324
100
296
-280
-109
399
-93
-251
168
173
-328
-164
355
-123
-248
243
187
-233
35
345
-64
-188
295
33
-312
157
187
-198
-102
424
-195
-207
394
-75
-89
-44
324
-123
-268
438
-72
-303
257
10
-158
-37
110
-40
-103
-64
8
-117
-159
104
-161
77
-222
26
141
-345
57
186
-264
-92
114
-51
-142
-133
272
-171
-216
238
-103
-31
-40
82
90
-199
-8
221
-143
-136
270
-35
-11
-51
209
24
-367
325
-81
-171
-47
130
-12
-180
51
164
-100
-176
241
-42
-59
-160
212
-104
-202
71
67
-60
-300
300
-119
-172
126
-74
49
-245
27
28
-252
62
-151
21
-43
-243
61
89
-242
-15
141
-159
-83
20
5
-86
-24
-67
61
-30
-79
-4
79
-50
-81
128
-45
24
-55
23
162
-125
20
173
85
-194
138
232
-224
83
97
147
-161
167
187
-130
143
-21
103
28
-25
-14
111
-4
-82
144
61
23
-106
180
57
-158
134
85
-22
-131
121
4
-139
3
31
53
-190
145
0
-63
-4
-33
49
-108
-50
-28
3
-92
-29
-3
96
-109
33
112
-83
8
-22
71
-21
-74
118
-43
35
-24
-20
94
-104
102
45
21
44
-1
202
-158
144
89
-67
81
25
83
48
17
168
-1
50
55
19
117
-151
222
14
-57
167
1
16
-38
186
-143
49
104
-57
84
-53
184
-141
107
42
-97
166
-145
112
-16
-32
79
-121
127
-112
14
30
-114
58
-136
110
-127
-72
191
-264
172
-124
36
87
-189
291
-108
118
-54
194
-8
-184
275
-129
-38
33
50
-43
-40
158
-104
31
24
-28
71
-117
82
29
-143
98
7
56
-60
119
-16
-41
47
-74
108
-80
-26
12
-22
-97
13
-68
56
-130
-61
191
-222
-42
110
-53
-140
41
0
-84
-24
8
-39
42
-96
73
-12
-67
-1
-87
92
-108
23
60
11
-39
-12
50
-73
-82
145
-53
-104
43
57
-153
58
123
-58
32
-57
95
-92
-46
23
7
-52
-30
3
-73
43
-42
-79
59
32
-107
57
75
-56
-47
38
86
-158
117
92
-60
-12
2
19
-159
31
49
-128
-32
90
-222
0
12
-91
-16
-26
23
-94
-12
29
-39
-73
86
-80
3
81
2
59
-28
138
-46
7
27
29
-76
43
-17
-149
113
-49
33
-46
30
-99
-55
-13
41
-19
35
55
-69
66
-41
57
47
-5
0
66
5
-5
140
43
48
-5
90
-8
6
73
-10
33
15
-36
-66
139
-100
-19
67
-10
-97
-31
93
-76
3
23
6
-97
-49
18
-1
-26
71
58
-10
97
40
53
58
37
104
37
108
111
30
67
-3
27
-2
-12
107
19
-26
85
-33
-103
14
-4
-46
-46
36
12
-83
20
-5
-3
-8
-23
39
81
-38
62
82
-26
-40
-1
104
-106
62
94
-65
-10
14
-44
-4
-5
-11
-37
-22
-20
-94
-15
45
-112
16
-5
-69
-35
-36
-1
-30
-24
57
34
-6
57
-25
-19
-37
-33
29
13
10
20
-8
-30
-55
20
2
-19
37
1
-1
-57
29
-86
15
9
-64
26
-47
-36
-19
-54
23
78
-52
89
15
-54
-5
-1
97
-31
90
82
11
80
20
76
42
26
64
44
65
39
92
-19
57
41
-37
30
14
35
-60
85
29
-72
62
40
-20
61
93
19
83
68
-12
-39
39
-64
-22
112
30
11
45
71
-95
-36
80
-46
18
64
36
-33
11
8
-43
-42
17
1
-26
65
33
-55
11
-9
-94
-19
32
-14
-79
49
-41
-59
-56
-23
-86
-74
-74
-62
-9
-147
29
-49
-86
-60
29
-142
-61
15
-110
-82
-28
-29
-143
-1
-16
-107
-8
-62
-81
-26
-8
-28
-9
8
-35
-21
6
-45
-12
-6
-20
3
-22
6
-31
-29
-65
16
-9
-69
96
-32
-27
61
-4
48
-24
22
94
-2
21
46
-18
-27
-66
26
-8
-42
82
53
-38
60
18
-54
14
43
26
0
61
52
-1
72
120
23
43
63
-6
28
67
64
42
94
64
38
92
26
43
26
65
27
26
98
21
11
33
32
-14
36
67
8
40
67
41
14
50
1
-11
-17
13
-29
-8
77
-21
-8
46
-20
-39
-4
-21
2
4
26
-2
-1
28
-58
-19
3
-52
-39
-2
-17
-49
-58
-59
-57
-77
-36
3
-16
19
-8
-41
-16
-51
-20
-7
9
8
4
1
-24
-15
-34
-4
-14
-6
-17
-51
8
-22
-11
-7
-24
-41
-74
-40
-61
-23
-23
11
13
-1
16
-2
-37
-12
10
29
59
63
35
15
-6
-7
0
-11
9
0
-3
-11
-14
-8
22
41
18
33
24
-32
18
37
-5
29
37
-12
-29
-4
-6
-12
6
15
16
9
18
4
-12
11
9
43
31
51
43
6
27
30
34
27
45
57
5
25
38
0
-19
16
-8
-14
23
-18
-12
-36
-64
-49
-34
-41
-26
-3
-16
-34
-3
-11
6
11
3
24
-20
6
8
-6
-1
14
-35
-40
-11
-57
-60
-20
-22
-41
-9
3
-3
28
14
11
30
-33
6
11
-42
16
-8
0
10
-3
0
-17
-10
-22
-20
6
15
10
21
3
19
2
18
35
15
31
22
4
17
39
5
2
20
-1
-2
8
8
-21
5
-32
-71
-29
-45
-16
-3
-7
5
-8
-16
12
-26
-40
