135
122
77
126
60
99
74
72
85
40
16
27
-8
-31
-18
-67
-12
-76
-13
-35
8
9
9
54
36
85
74
112
82
122
69
68
65
3
16
-26
21
-50
32
20
49
84
85
171
116
200
93
109
43
5
33
-73
4
-64
-31
-70
-58
-36
-44
12
17
58
39
118
48
114
72
66
52
16
27
-68
-21
-114
-75
-120
-70
-99
-87
-79
-100
-66
-87
-22
-40
17
8
48
27
31
-15
-36
-29
-89
-32
-90
-62
-121
-70
-90
-45
-4
14
59
28
98
52
114
52
66
19
-13
-53
-81
-81
-80
-34
-23
-9
-7
14
8
22
-9
33
11
10
-12
-26
-12
-77
-27
-79
-76
-58
-103
-59
-8
-35
-58
-79
-105
-150
-82
-100
-88
-52
-117
-54
-134
-9
-121
20
-33
-79
-38
-168
-57
-195
-75
-162
-47
-86
-49
-41
-58
-19
-74
17
-82
63
-37
108
50
113
114
58
149
-10
146
-40
151
-62
70
-89
-28
-96
-103
-55
-163
-2
-168
58
-128
63
-71
55
19
37
78
3
95
-37
2
-64
-60
-55
-129
-69
-131
-82
-110
-83
-84
-83
-36
-58
-9
-46
40
-16
23
-2
-17
-7
-17
-23
-54
-35
-33
-6
29
53
63
49
78
26
80
27
71
94
26
89
-11
64
-2
0
8
-64
1
-54
36
-4
85
111
130
199
128
235
151
231
154
154
138
94
88
39
40
3
30
7
11
22
17
18
7
17
-14
11
17
38
32
33
61
20
17
-21
27
-36
-12
-56
-41
-44
-28
-21
-67
-1
-60
27
-61
34
-28
44
-10
27
8
-33
1
-86
-43
-114
-40
-102
-12
-36
-15
-3
-31
54
-37
97
0
105
62
63
127
12
169
-25
163
10
146
62
87
89
0
67
-58
36
-59
18
18
33
59
61
66
53
-8
19
-45
-63
-29
-59
-36
-45
-91
-97
-142
-158
-170
-151
-141
-107
-125
-93
-130
-65
-147
-119
-159
-156
-125
-148
-79
-120
-27
-122
-59
-84
-69
-43
-61
18
-26
50
-12
32
3
-36
6
-105
11
-95
51
6
48
18
45
100
5
143
46
90
75
97
68
191
77
77
50
62
-12
8
32
-8
-21
-36
-18
-61
-53
-46
-55
-46
-37
-27
13
-38
65
-73
18
-67
-38
-22
-57
26
-44
52
-8
22
14
18
35
35
5
-1
-34
-40
-81
-81
-155
-99
-123
-132
-47
-130
-6
-139
10
-96
3
5
-27
101
-36
118
-3
122
-6
48
23
-17
65
-16
82
3
88
8
68
46
19
66
-18
74
7
70
41
77
35
42
10
-19
-31
-40
-12
-33
37
-25
39
-32
60
-29
36
17
21
63
21
94
12
57
9
35
-1
-8
-6
-45
6
5
25
21
36
27
40
13
63
8
60
34
28
30
13
40
-13
50
13
27
23
6
22
4
12
3
8
-14
-24
17
3
52
74
114
104
137
133
109
100
95
67
62
79
59
74
61
16
18
-23
-23
14
12
86
41
63
60
15
29
-11
45
-21
55
32
-1
28
-29
4
-41
-32
3
-52
64
-34
8
31
-73
71
-114
71
-87
29
-48
-52
-23
-136
-32
-187
-53
-183
-5
-82
21
-14
37
26
58
47
32
83
-12
91
-45
20
-61
-46
-78
-138
-62
-107
-49
-65
-23
-35
-19
-17
-12
-2
15
55
7
47
5
10
-18
-9
-73
-31
-86
-68
-70
-88
-50
-72
-16
-49
-25
-44
39
-41
11
-26
-33
-52
-128
-60
-194
-79
-160
-115
-119
-70
-34
-67
33
-29
102
-4
137
-12
101
32
-4
64
-88
17
-123
-80
-123
-129
-75
-116
-52
-45
-35
-21
-18
27
31
68
60
120
63
97
36
60
17
30
-25
-28
-44
-64
-53
-117
-76
-62
-30
-19
-24
36
36
19
80
64
38
74
14
64
-5
28
30
-49
38
-28
55
20
51
64
42
49
76
52
80
51
84
13
-2
45
-50
-3
-15
9
1
-45
52
-61
37
-12
44
82
2
183
29
181
52
172
66
152
-3
102
16
34
48
-19
94
-68
151
-115
148
-16
108
88
121
166
104
185
52
107
18
79
-54
56
-41
43
-20
65
-15
21
37
-32
127
-61
190
2
138
58
87
77
-37
56
-129
-3
-157
-46
-155
-33
-207
-24
-153
-79
-55
-131
95
-132
204
-19
170
36
58
42
-134
-26
-246
-185
-231
-242
-174
-300
-173
-237
-181
-96
-134
44
7
64
104
69
141
29
35
35
-52
-37
-58
-91
-112
-89
-99
-133
-53
-106
-1
-42
37
15
26
107
-24
108
39
32
81
16
80
30
28
90
-52
132
-57
123
-32
68
-13
0
122
-6
216
18
190
95
78
108
53
125
44
102
77
63
107
68
74
126
17
82
15
10
-16
16
-9
-17
38
-41
74
-71
107
-54
29
44
-34
122
-69
131
-96
63
-99
-31
-97
-102
-54
-153
-52
-61
-30
-54
103
-55
169
-20
152
92
-3
186
-117
161
-99
34
5
-127
63
-202
63
-222
44
-169
-50
-57
-137
-19
-133
23
-82
88
-36
96
-93
124
-172
64
-229
-16
-106
-113
20
-163
107
-272
104
-286
-7
-220
-85
-101
-221
75
-275
111
-179
-28
-6
-165
44
-165
112
-163
154
-52
46
77
-57
76
-177
35
-191
-59
-32
-152
122
-113
119
29
-6
153
-1
152
56
148
133
49
191
27
142
92
118
166
15
202
-22
143
13
94
129
44
207
19
231
59
161
137
86
132
86
119
18
138
-4
103
-9
81
33
-40
127
-115
191
-124
176
-32
110
115
-11
235
-94
227
-142
186
-61
71
62
-42
53
-48
44
-29
18
-64
11
-126
-69
-122
-45
-135
-41
-86
43
-115
67
-104
-71
-31
-225
-13
-303
-53
-263
-95
-228
-111
-170
-108
-132
-27
-74
-27
51
-116
169
-140
179
-80
79
2
-36
-28
-113
-35
-162
-41
-119
-41
-5
16
47
80
68
104
75
78
138
-71
163
-126
74
-63
-124
126
-324
156
-270
51
-102
-59
128
-135
239
-97
207
-4
127
25
86
49
-10
52
-63
-26
-29
-63
11
0
-58
79
-69
82
-16
39
35
-29
49
-95
24
-104
-59
-128
-100
-96
-123
-60
-66
-7
11
62
108
150
109
208
90
238
61
127
43
24
15
-46
-39
-63
-88
-5
-40
13
29
10
182
-30
326
-64
249
-34
104
56
43
142
-49
153
-47
50
-22
57
-17
72
13
104
75
140
65
53
23
-27
5
-73
-12
-171
-31
-165
-99
-121
-110
-85
-143
-30
-132
5
-48
37
54
19
104
-48
76
-113
-16
-101
-116
-124
-144
-157
-201
-152
-190
-91
-160
-32
-109
-33
1
-48
10
0
-21
-4
-22
-34
-2
-4
10
-25
-32
-48
-23
-28
64
-41
138
-28
83
87
54
152
-12
202
-17
120
42
-42
110
-57
109
30
90
138
21
144
1
112
26
62
62
48
89
14
87
-83
56
-121
-73
-138
-80
-139
-82
-74
-53
-21
-63
47
-162
77
-170
53
-148
51
-58
-60
28
-119
66
-178
39
-263
-9
-237
-98
-157
-92
-88
-111
-53
-93
-21
-86
92
-41
169
19
121
54
84
77
97
49
79
58
49
59
63
139
83
205
52
214
87
160
183
96
237
87
222
113
137
155
65
123
62
134
95
135
108
150
83
126
74
80
105
40
163
30
101
-4
26
-32
-76
-36
-114
-91
-107
-36
-70
27
-51
5
-35
-13
-11
-16
-17
-2
2
-17
51
-99
-28
-130
-133
-142
-116
-86
-144
-103
-174
-91
-157
-79
-179
-129
-122
-163
-38
-130
51
-95
83
-8
72
88
71
117
26
75
-24
-20
-131
21
-150
25
-107
-7
-97
-52
-19
-10
80
8
126
-62
125
-66
76
-59
25
-23
-50
-53
-57
-35
-131
6
-152
-15
-138
-29
-65
-5
37
2
9
-45
-5
-115
-34
-86
-28
-97
-21
-56
-8
-15
-21
-46
-25
17
-8
111
-5
78
-30
42
-11
45
-14
34
5
-28
39
-7
22
-21
73
-29
16
-33
5
-56
-4
-8
1
20
24
60
13
45
-5
46
14
34
13
26
21
-16
-2
44
21
42
56
17
38
27
59
52
6
42
-71
-50
-94
-106
-115
-139
-134
-143
-107
-101
5
-33
61
11
69
45
74
105
60
79
-4
-25
-65
-128
-117
-89
-76
-74
-22
-46
-32
-14
20
46
85
110
130
150
173
186
125
163
60
102
20
60
7
-50
-55
-82
-100
-101
-29
-76
20
-1
35
19
54
55
4
31
-5
-27
-59
-33
-60
-82
-74
-59
-87
-80
-64
-118
-99
-157
-152
-272
-286
-360
-400
-420
-467
-482
-493
-507
-481
-494
-508
-476
-539
-529
-574
-500
-525
-410
-312
-189
-82
116
271
432
609
772
907
982
1111
1148
1155
1116
1131
989
921
818
684
552
493
393
276
244
150
128
39
27
-59
-136
-184
-253
-291
-367
-300
-329
-279
-196
-136
-37
63
195
294
395
486
557
585
624
607
601
530
451
392
237
186
60
-14
-168
-201
-273
-381
-325
-405
-407
-482
-442
-447
-484
-403
-462
-457
-468
-479
-492
-510
-497
-490
-493
-477
-472
-483
-500
-521
-552
-657
-727
-818
-933
-1077
-1164
-1252
-1286
-1293
-1282
-1227
-1090
-895
-694
-388
-40
279
564
990
1318
1509
1725
1901
1885
1776
1762
1583
1345
1151
955
719
490
432
251
122
18
-57
-206
-337
-377
-572
-723
-846
-939
-1121
-1178
-1142
-1155
-1041
-852
-597
-375
6
346
638
952
1269
1498
1590
1726
1718
1638
1507
1360
1175
981
833
690
567
457
378
255
168
34
-35
-217
-326
-449
-603
-695
-788
-804
-872
-796
-772
-592
-440
-218
0
184
409
527
697
744
820
739
618
475
274
48
-193
-351
-555
-645
-796
-860
-922
-926
-910
-912
-881
-921
-908
-1021
-1083
-1194
-1331
-1502
-1664
-1822
-2002
-2196
-2306
-2352
-2277
-1950
-1581
-1230
-722
64
617
1287
2175
2792
2979
3250
3529
3300
3045
2804
2372
1641
1187
819
345
4
-158
-418
-678
-529
-478
-588
-645
-599
-898
-1148
-1206
-1413
-1722
-1902
-1906
-2057
-1928
-1603
-1291
-944
-294
415
950
1659
2348
2740
2967
3272
3317
3098
2879
2521
1988
1470
1078
570
118
-187
-449
-709
-807
-792
-832
-880
-819
-767
-784
-712
-714
-690
-674
-555
-423
-203
31
305
631
937
1313
1601
1820
1903
1987
1865
1722
1463
1101
701
233
-194
-612
-882
-1184
-1377
-1514
-1480
-1398
-1309
-1141
-1006
-831
-776
-626
-576
-531
-565
-618
-664
-720
-687
-725
-683
-673
-568
-525
-427
-401
-446
-602
-831
-1143
-1561
-1915
-2201
-2247
-2276
-2241
-2070
-1545
-993
-303
681
1584
2135
2623
3194
3365
3389
3336
3125
2518
1982
1592
1084
571
196
-126
-532
-631
-634
-756
-915
-990
-1220
-1533
-1667
-1845
-2158
-2462
-2581
-2638
-2530
-2169
-1738
-1170
-415
504
1314
2136
2940
3544
3916
4209
4377
4205
3854
3339
2723
2048
1449
848
266
-200
-590
-918
-1083
-1153
-1242
-1359
-1381
-1378
-1417
-1461
-1467
-1524
-1531
-1426
-1231
-920
-561
-46
358
1011
1542
2091
2414
2692
2803
2725
2582
2170
1754
1066
531
-193
-666
-1188
-1540
-1856
-2003
-1951
-1902
-1662
-1511
-1210
-1125
-896
-802
-725
-734
-836
-893
-1026
-969
-1012
-899
-834
-678
-549
-400
-265
-220
-193
-364
-535
-939
-1374
-1969
-2485
-2943
-3020
-2924
-2955
-2749
-2121
-1309
-629
608
1799
2535
3005
3743
4075
3976
3879
3613
2933
2079
1656
1082
469
-68
-384
-810
-1033
-911
-948
-1088
-1178
-1224
-1523
-1651
-1730
-2001
-2310
-2470
-2442
-2376
-2061
-1643
-1090
-402
524
1478
2352
3216
3903
4343
4572
4749
4602
4174
3548
2835
2040
1257
525
-171
-771
-1231
-1501
-1701
-1758
-1747
-1708
-1720
-1620
-1477
-1402
-1344
-1296
-1223
-1137
-808
-490
-95
421
1037
1636
2288
2953
3367
3691
3794
3755
3424
2979
2263
1455
474
-465
-1278
-2023
-2558
-2953
-3106
-3125
-2823
-2538
-2135
-1740
-1355
-1058
-841
-707
-723
-773
-973
-1085
-1192
-1219
-1216
-1104
-900
-623
-249
10
311
486
537
420
185
-232
-846
-1571
-2277
-2944
-3290
-3250
-3192
-3077
-2404
-1330
-476
757
2283
3390
3854
4607
5133
5008
4624
4249
3512
2297
1549
869
147
-614
-891
-1232
-1490
-1326
-1108
-1114
-1195
-1088
-1320
-1557
-1746
-1959
-2412
-2792
-2863
-2810
-2546
-2093
-1407
-583
492
1709
2834
3897
4823
5456
5682
5730
5556
5011
4088
3067
2052
966
-72
-945
-1630
-2158
-2423
-2501
-2396
-2170
-1918
-1717
-1489
-1230
-1071
-1071
-1132
-1158
-1171
-1170
-1016
-633
-195
354
1019
1828
2595
3260
3760
4091
4231
4039
3578
2808
1903
815
-320
-1407
-2276
-2983
-3506
-3745
-3713
-3379
-2942
-2353
-1730
-1082
-571
-199
29
87
-20
-277
-566
-846
-1058
-1254
-1288
-1206
-992
-687
-352
14
320
550
554
439
115
-376
-1057
-1827
-2630
-3402
-3986
-4124
-3906
-3714
-3235
-2108
-780
372
1960
3522
4433
4977
5697
5900
5454
4891
4253
3122
1783
941
187
-728
-1447
-1652
-1897
-2030
-1771
-1495
-1566
-1568
-1516
-1711
-1970
-2113
-2365
-2813
-3068
-2977
-2743
-2392
-1741
-846
197
1402
2698
3809
4764
5520
5945
6038
5936
5495
4646
3519
2382
1264
151
-863
-1664
-2233
-2602
-2686
-2563
-2318
-2007
-1713
-1453
-1195
-934
-905
-960
-1046
-1032
-1074
-1027
-737
-375
192
741
1657
2416
3204
3712
4187
4305
4205
3862
3117
2197
1018
-40
-1339
-2306
-3237
-3756
-4239
-4226
-3935
-3485
-2871
-2208
-1362
-802
-169
155
405
311
141
-159
-498
-773
-1069
-1169
-1263
-1052
-837
-461
-76
318
663
830
915
723
364
-309
-1012
-1803
-2656
-3490
-4166
-4500
-4362
-3851
-3337
-2437
-929
505
1871
3553
5097
5712
6061
6486
6300
5453
4572
3713
2230
820
-93
-758
-1689
-2152
-2222
-2326
-2278
-1838
-1433
-1490
-1411
-1369
-1560
-1938
-2098
-2416
-2881
-3092
-2857
-2474
-2036
-1191
-135
1033
2316
3640
4820
5729
6351
6590
6530
6140
5415
4319
3015
1746
514
-669
-1692
-2344
-2829
-3080
-3055
-2777
-2359
-1971
-1634
-1312
-1000
-838
-830
-914
-1005
-1098
-1049
-891
-618
-113
527
1202
2047
3020
3790
4245
4571
4643
4352
3712
2828
1708
354
-1026
-2250
-3312
-4173
-4686
-4892
-4805
-4347
-3631
-2839
-2025
-1181
-456
56
363
499
406
44
-349
-705
-999
-1249
-1323
-1223
-924
-494
5
542
1056
1435
1607
1533
1230
747
-55
-1032
-2043
-2990
-3964
-4759
-5249
-5175
-4576
-3868
-3010
-1537
240
1660
3199
4860
5898
6106
6292
6236
5471
4341
3352
2130
610
-430
-989
-1608
-2138
-2049
-1866
-1801
-1433
-865
-760
-884
-879
-1065
-1621
-2125
-2475
-3003
-3440
-3409
-3007
-2516
-1725
-553
788
2192
3635
4995
5985
6702
7128
7122
6684
5936
4900
3528
2079
751
-419
-1515
-2362
-2859
-3062
-3053
-2820
-2427
-2019
-1635
-1363
-1156
-1058
-1069
-1239
-1506
-1675
-1689
-1571
-1358
-851
-185
608
1537
2608
3501
4193
4718
4883
4742
4237
3465
2264
936
-470
-1765
-3005
-3963
-4550
-4867
-4830
-4417
-3679
-2883
-2007
-1156
-392
176
556
696
605
291
-84
-498
-883
-1138
-1259
-1229
-1029
-610
-73
500
1056
1509
1727
1744
1565
1077
315
-604
-1619
-2722
-3770
-4580
-5257
-5445
-4924
-4093
-3368
-2214
-324
1253
2651
4305
5739
6052
6078
6309
5834
4635
3526
2665
1132
-225
-735
-1104
-1811
-1996
-1561
-1411
-1284
-721
-330
-557
-755
-788
-1227
-1891
-2303
-2689
-3258
-3461
-3019
-2469
-1811
-772
659
2064
3485
4923
6071
6785
7159
7202
6772
5959
4860
3479
1882
433
-799
-1923
-2884
-3420
-3602
-3549
-3300
-2864
-2358
-1910
-1549
-1297
-1108
-1075
-1229
-1496
-1723
-1832
-1745
-1486
-1051
-419
394
1413
2428
3445
4328
4901
5139
5073
4694
3841
2666
1279
-134
-1611
-2918
-3916
-4641
-5045
-5092
-4691
-4001
-3096
-2125
-1144
-277
437
902
1082
994
716
322
-182
-615
-934
-1114
-1179
-1010
-612
-76
475
965
1433
1685
1732
1500
1050
322
-643
-1719
-2792
-3808
-4726
-5351
-5799
-5484
-4623
-3663
-2786
-1183
810
2195
3615
5169
6211
6065
6072
6022
5160
3837
2861
1843
263
-600
-868
-1299
-1860
-1584
-1172
-1160
-884
-341
-321
-814
-1012
-1279
-1940
-2625
-2948
-3365
-3718
-3495
-2813
-2072
-1150
223
1705
3182
4598
5891
6691
7113
7193
6858
6102
5022
3780
2248
734
-578
-1579
-2502
-3094
-3314
-3249
-2969
-2570
-2019
-1587
-1206
-1018
-877
-933
-1132
-1415
-1730
-1933
-2023
-1765
-1368
-748
68
1104
2242
3268
4257
4966
5271
5178
4825
4053
2853
1425
-33
-1507
-2948
-4022
-4752
-5154
-5210
-4799
-4072
-3161
-2143
-1150
-267
398
915
1118
1043
752
359
-138
-693
-1051
-1237
-1275
-1161
-787
-217
363
920
1401
1733
1800
1639
1210
487
-435
-1476
-2563
-3649
-4599
-5214
-5668
-5555
-4694
-3672
-2745
-1444
687
2186
3460
4947
6156
6196
5929
6087
5334
4047
2843
2088
549
-509
-711
-956
-1491
-1491
-851
-821
-696
-315
-75
-668
-1049
-1340
-1934
-2761
-3238
-3528
-3908
-3765
-3150
-2273
-1409
-47
1437
2991
4316
5600
6454
6833
6866
6514
5814
4623
3371
1883
488
-829
-1779
-2578
-3123
-3270
-3129
-2719
-2334
-1798
-1385
-1034
-931
-886
-984
-1257
-1631
-1969
-2055
-2162
-1830
-1361
-615
115
1287
2534
3544
4540
5199
5608
5326
5002
4099
2975
1400
-30
-1457
-2929
-3939
-4728
-4985
-5123
-4605
-3949
-2991
-2129
-1087
-242
348
787
875
826
349
-8
-534
-963
-1376
-1453
-1391
-1177
-758
-144
528
1061
1621
1930
2015
1774
1329
555
-450
-1550
-2664
-3754
-4628
-5271
-5592
-5637
-4845
-3666
-2549
-1499
285
2228
3283
4581
5733
6306
5653
5625
5324
4179
2848
2076
1205
-275
-538
-597
-806
-1310
-658
-376
-483
-379
-90
-453
-1272
-1550
-2098
-2820
-3599
-3681
-4043
-3961
-3445
-2396
-1423
-210
1310
2808
4216
5309
6270
6573
6676
6215
5593
4478
3225
1848
502
-681
-1629
-2226
-2700
-2815
-2720
-2308
-1934
-1509
-1153
-876
-797
-900
-1065
-1360
-1752
-2199
-2402
-2434
-2161
-1638
-859
51
1092
2362
3506
4510
5199
5625
5488
4989
4176
3060
1602
6
-1385
-2748
-3813
-4573
-4799
-4795
-4421
-3738
-2769
-1810
-922
-99
456
804
849
767
370
-89
-546
-920
-1252
-1346
-1172
-868
-433
163
880
1406
1803
2028
2033
1697
1124
362
-669
-1778
-2868
-3825
-4701
-5273
-5471
-5484
-5021
-3850
-2419
-1323
-149
1672
3198
4038
5019
5944
5873
5146
5010
4543
3355
2240
1687
788
-157
-190
-139
-435
-648
-203
-185
-481
-538
-600
-1348
-2206
-2653
-3175
-3894
-4327
-4265
-4171
-3724
-2773
-1477
-241
1135
2605
4067
5217
6089
6567
6612
6305
5648
4795
3617
2365
1102
4
-957
-1580
-1969
-2167
-2186
-1972
-1612
-1341
-1178
-1091
-1071
-1268
-1595
-1909
-2182
-2546
-2801
-2761
-2467
-2006
-1177
-93
1066
2129
3371
4472
5191
5608
5723
5326
4378
3373
2106
619
-1016
-2277
-3464
-4340
-4791
-4773
-4488
-4022
-3173
-2259
-1349
-615
60
392
511
441
255
-162
-583
-877
-1104
-1223
-1087
-662
-199
299
914
1517
1905
2058
1990
1657
1073
325
-620
-1599
-2632
-3536
-4345
-4827
-5016
-5024
-4767
-4311
-3262
-1876
-678
280
1440
2978
3679
4242
4972
5367
4724
4187
4275
3588
2638
1946
1789
892
532
594
560
92
-108
-70
-590
-1021
-1415
-1938
-2986
-3501
-3877
-4222
-4593
-4290
-3828
-3289
-2344
-950
437
1561
2779
3961
5051
5615
5927
5759
5464
4763
3935
2976
2036
1051
124
-561
-1002
-1208
-1399
-1435
-1392
-1173
-1096
-1131
-1264
-1419
-1767
-2218
-2574
-2720
-2891
-2989
-2793
-2285
-1622
-864
146
1338
2496
3379
4206
4873
5242
5120
4745
4107
3105
1944
683
-521
-1682
-2636
-3390
-3790
-3875
-3650
-3264
-2760
-2110
-1442
-802
-416
-125
24
28
-169
-348
-486
-587
-674
-608
-279
108
545
975
1458
1779
1980
2035
1899
1418
795
89
-750
-1601
-2442
-3132
-3869
-4229
-4416
-4368
-4350
-3937
-3481
-2525
-1350
-459
344
1119
2480
2769
3542
4090
4512
3797
3700
3848
3208
2588
2168
2157
1049
1000
826
744
-75
-253
-586
-1152
-1678
-2157
-2742
-3620
-3856
-4271
-4270
-4327
-3711
-3308
-2476
-1399
-49
1060
2134
3161
4137
4973
5275
5371
5084
4812
4053
3335
2572
1901
1015
363
-83
-292
-513
-668
-749
-833
-896
-1088
-1303
-1647
-1983
-2470
-2834
-3071
-3053
-3076
-2886
-2409
-1640
-830
127
1116
2190
3090
3721
4244
4551
4594
4052
3551
2829
1919
803
-100
-960
-1714
-2264
-2646
-2749
-2762
-2492
-2268
-1951
-1620
-1304
-1159
-1076
-958
-877
-960
-1017
-841
-704
-549
-272
183
641
1036
1407
1713
1903
1926
1726
1378
991
393
-294
-965
-1567
-2089
-2633
-2961
-3204
-3265
-3278
-3263
-3082
-2906
-2665
-2640
-2117
-1204
-605
-306
260
1612
2089
2612
3559
4384
4099
3886
4432
4058
3343
2755
2593
1494
849
604
215
-564
-1042
-1154
-1742
-2085
-2325
-2531
-3187
-3331
-3373
-3329
-3359
-2909
-2352
-1830
-1042
-26
1056
1903
2682
3399
4201
4541
4652
4492
4373
3844
3177
2600
2067
1411
752
381
88
-103
-329
-496
-768
-955
-1152
-1501
-1961
-2295
-2634
-3059
-3244
-3085
-2872
-2675
-2112
-1256
-488
304
1261
2116
2720
3252
3674
3749
3601
3370
2894
2297
1743
1117
376
-227
-619
-1102
-1529
-1715
-1724
-1841
-1937
-1860
-1721
-1703
-1680
-1513
-1319
-1154
-975
-716
-432
-93
192
500
828
1107
1238
1334
1400
1337
1125
871
601
247
-120
-526
-888
-1244
-1541
-1778
-2075
-2225
-2485
-2738
-3000
-3050
-3109
-3272
-3230
-3117
-2209
-1494
-711
-144
1129
2282
2756
3892
4710
5008
4248
4529
4256
3390
2494
2081
1408
307
222
10
-223
-855
-833
-1178
-1563
-1881
-2148
-2817
-3385
-3569
-3856
-3848
-3555
-2900
-2499
-1619
-446
806
1768
2661
3420
4109
4516
4589
4462
4198
3771
3042
2572
2265
1877
1209
814
693
522
121
-204
-528
-1043
-1651
-2167
-2628
-3096
-3533
-3819
-3813
-3463
-2950
-2492
-1834
-997
-153
478
1156
1722
2084
2060
2359
2662
2601
2425
2238
2393
2078
2130
1882
1470
875
368
-210
-929
-1441
-2166
-2579
-3009
-2837
-2707
-2381
-1974
-1422
-817
-279
280
634
815
762
831
641
614
429
326
270
391
595
713
854
892
815
678
514
87
-457
-1098
-1622
-2157
-2733
-3013
-3277
-3394
-3516
-3310
-3068
-2845
-2574
-2174
-1054
-313
329
605
1865
2550
2856
3729
4306
4255
3488
3981
3540
2859
2206
2068
1275
452
568
295
-177
-908
-945
-1629
-2130
-2543
-2844
-3600
-3920
-3840
-3837
-3545
-2965
-2195
-1731
-668
472
1483
2145
2897
3444
3820
4082
4208
4071
3736
3464
3096
2786
2428
2073
1517
1063
701
296
-295
-819
-1389
-1968
-2475
-2847
-3186
-3481
-3579
-3552
-3350
-2956
-2431
-1973
-1392
-744
-129
397
976
1469
1840
2181
2613
2935
3105
3202
3191
3112
2845
2560
2007
1431
706
-55
-776
-1374
-1866
-2365
-2575
-2586
-2377
-2164
-1823
-1443
-1089
-812
-585
-419
-340
-297
-286
-193
-4
297
517
847
1188
1549
1737
1774
1688
1402
963
415
-130
-704
-1265
-1758
-2081
-2287
-2366
-2440
-2396
-2347
-2357
-2456
-2489
-2589
-2658
-2818
-2176
-1308
-777
-248
680
2191
2562
3589
4483
4757
3962
3761
3821
2622
1972
1510
1213
33
124
414
111
-419
-564
-740
-1690
-2129
-2552
-3191
-4133
-4184
-4128
-3837
-3334
-2237
-1419
-545
672
1794
2616
2938
3339
3401
3505
3390
3373
3147
3037
2913
2832
2803
2673
2410
1809
1306
667
-7
-892
-1723
-2506
-3117
-3560
-3759
-3734
-3541
-3300
-3006
-2470
-1923
-1384
-1001
-579
-181
239
658
1138
1573
2029
2491
2906
3415
3754
3815
3555
3258
2865
2155
1424
675
-141
-914
-1460
-1769
-2014
-2168
-2191
-2095
-2005
-1866
-1706
-1642
-1621
-1515
-1275
-1064
-733
-263
197
636
1157
1656
2004
2172
2171
2027
1710
1287
763
232
-296
-648
-906
-1091
-1217
-1240
-1353
-1527
-1652
-1837
-2150
-2659
-3080
-3374
-3667
-3820
-3850
-3395
-2225
-1262
-296
490
2023
2883
3117
4057
4499
4066
2970
3219
2781
1816
1476
1579
1180
357
786
756
257
-564
-970
-1784
-2709
-3112
-3513
-3994
-4185
-3736
-3335
-2568
-1631
-609
-178
524
1291
1864
2061
2193
2509
2721
3079
3394
3861
4036
4141
3979
3895
3561
2845
1819
770
-35
-984
-1730
-2339
-2657
-3015
-3119
-2956
-2705
-2552
-2494
-2425
-2393
-2177
-1966
-1691
-1424
-876
-294
397
1236
2095
2668
3001
3494
3697
3772
3494
3304
2805
2232
1851
1374
969
341
-127
-700
-1196
-1703
-2196
-2653
-3083
-3227
-3276
-3046
-2705
-2225
-1704
-1109
-419
153
549
887
1113
1200
1250
1247
1275
1142
1134
1106
1116
1068
906
711
426
153
-186
-564
-967
-1327
-1729
-2040
-2228
-2436
-2661
-2872
-2983
-3086
-3169
-3193
-3086
-3030
-2515
-1441
-485
242
913
2339
2967
3346
4164
4473
3748
2839
3004
2322
1386
1131
1210
593
59
561
581
57
-621
-875
-1599
-2428
-2789
-3081
-3430
-3557
-3155
-2643
-1935
-1076
-215
223
843
1444
1933
2147
2256
2536
2786
3089
3285
3607
3705
3558
3207
2964
2403
1577
714
-84
-751
-1389
-1673
-1901
-1986
-2080
-2011
-1940
-1937
-1964
-2093
-2308
-2392
-2201
-2005
-1686
-1129
-315
384
1229
2148
2916
3283
3542
3792
3654
3518
3119
2753
2156
1712
1446
847
448
-62
-664
-1349
-1795
-2149
-2641
-2998
-3094
-2892
-2693
-2264
-1750
-1223
-830
-491
-56
213
353
422
455
552
730
883
1153
1356
1577
1645
1646
1633
1309
873
307
-193
-687
-1215
-1701
-2023
-2303
-2493
-2635
-2751
-2767
-2945
-3000
-3117
-3088
-3027
-3050
-2806
-2538
-1701
-572
367
969
1549
2619
2825
3043
3607
3623
2707
2115
2495
1972
1476
1667
1875
1242
912
1325
937
100
-644
-1181
-2105
-2720
-2777
-2870
-2901
-2571
-1967
-1436
-713
128
551
577
886
1187
1329
1337
1572
1911
2177
2560
2947
3314
3347
3150
2738
2336
1832
1208
499
-158
-563
-947
-1189
-1296
-1370
-1654
-1941
-2101
-2305
-2531
-2695
-2711
-2591
-2184
-1572
-869
-92
664
1272
1816
2305
2543
2487
2277
2254
2090
1852
1718
1658
1516
1185
1098
974
573
39
-510
-1105
-1655
-2052
-2336
-2425
-2378
-2200
-1916
-1507
-1052
-789
-585
-350
-145
12
139
391
689
944
1279
1631
1918
2032
2015
1853
1534
1147
646
77
-392
-720
-1090
-1372
-1460
-1509
-1662
-1876
-1981
-2169
-2470
-2751
-2957
-3086
-3243
-3273
-3076
-2837
-2505
-2144
-1344
-314
426
908
1473
2278
2460
2750
3393
3340
2604
2373
2589
1890
1408
1679
1429
612
484
752
229
-272
-335
-693
-1375
-1539
-1405
-1593
-1721
-1520
-1437
-1437
-1094
-772
-685
-517
-134
16
264
918
1434
1779
2318
2897
3078
3107
3259
3086
2580
2129
1627
1052
524
200
-101
-454
-609
-781
-975
-1136
-1271
-1485
-1758
-1907
-1988
-2036
-1886
-1562
-1298
-961
-429
48
346
656
1015
1137
1195
1362
1449
1572
1587
1729
1712
1610
1491
1226
1021
510
-17
-530
-1052
-1459
-1710
-1835
-1886
-1761
-1586
-1385
-1126
-808
-624
-491
-303
-243
-116
145
355
506
711
930
1046
1062
1156
1189
1016
774
577
461
208
15
-36
-182
-383
-548
-740
-1027
-1378
-1709
-2059
-2430
-2635
-2805
-2874
-2780
-2674
-2484
-2266
-1997
-1731
-1551
-1001
-272
322
779
1182
1598
1779
2200
2610
2531
2317
2186
1895
1546
1585
1656
1515
1499
1461
1169
938
782
308
-344
-853
-1415
-1888
-2100
-2206
-2226
-2065
-1724
-1499
-1207
-822
-591
-338
-4
343
596
824
1181
1557
1908
2214
2350
2411
2309
2090
1932
1728
1462
1121
885
694
444
266
58
-228
-539
-841
-1163
-1485
-1734
-1906
-2013
-1937
-1699
-1404
-1094
-745
-386
-114
110
297
406
420
461
568
697
918
1128
1321
1445
1438
1425
1266
1058
754
409
77
-276
-521
-710
-835
-855
-796
-714
-632
-612
-654
-722
-751
-698
-633
-568
-438
-272
-81
134
362
573
677
705
705
650
568
417
322
232
104
34
-18
-111
-302
-527
-702
-898
-1146
-1319
-1498
-1635
-1763
-1756
-1732
-1731
-1640
-1590
-1498
-1437
-1280
-1221
-1065
-753
-368
157
586
1063
1316
1462
1610
1638
1624
1528
1492
1457
1397
1409
1443
1482
1500
1496
1462
1308
1012
594
104
-359
-742
-976
-1065
-1018
-923
-838
-736
-633
-535
-516
-451
-280
-92
116
282
491
656
768
911
983
1017
961
843
698
529
421
350
381
442
475
535
568
521
368
169
-43
-246
-400
-536
-666
-709
-666
-598
-509
-383
-267
-269
-264
-207
-233
-267
-264
-244
-272
-293
-212
-175
-173
-227
-295
-352
-395
-417
-446
-454
-447
-397
-346
-220
-56
44
119
206
298
311
273
250
164
79
54
53
74
63
107
143
167
221
231
192
138
86
28
-20
-33
-39
-66
-96
-119
-115
-125
-180
-212
-215
-242
-270
-243
-184
-114
-48
27
144
213
260
297
310
287
240
204
148
93
59
60
78
115
170
192
200
223
253
245
179
129
85
11
-72
-117
-115
-150
-182
-156
-89
-56
-45
20
40
20
45
84
87
77
86
92
67
56
23
-64
-141
-186
-233
-252
-192
-139
-103
-27
93
189
224
241
238
176
91
19
-30
-82
-128
-116
-78
-43
-15
-2
21
7
-47
-101
-156
-213
-278
-294
-314
-314
-285
-267
-247
-221
-193
-192
-187
-185
-176
-145
-76
-3
58
121
172
210
234
231
212
171
136
126
100
67
93
135
125
110
103
52
-30
-91
-118
-154
-215
-246
-251
-287
-302
-266
-236
-213
-185
-150
-133
-106
-73
-45
-28
-26
29
28
23
0
-21
-3
-47
-12
23
-11
-33
-16
58
129
168
206
257
258
281
325
328
327
313
348
359
373
400
379
348
314
312
303
269
240
230
170
114
71
34
-54
-144
-157
-184
-156
-104
-38
18
3
-2
9
-6
-11
9
13
28
35
-5
-37
-36
-51
-57
-55
-44
-72
-123
-153
-195
-235
-254
-224
-193
-167
-173
-208
-274
-322
-361
-406
-441
-448
-434
-469
-474
-423
-334
-247
-124
14
88
135
138
134
120
104
118
127
193
239
253
285
285
285
277
275
297
331
337
326
278
287
304
297
283
267
209
128
46
-33
-108
-243
-295
-313
-306
-300
-255
-181
-124
-60
23
88
96
125
99
62
3
-18
-43
-91
-87
-118
-158
-201
-222
-240
-271
-266
-264
-280
-299
-330
-346
-376
-414
-445
-437
-448
-461
-483
-507
-522
-578
-584
-627
-635
-759
-721
-448
-130
273
546
901
1072
1138
1315
1433
1418
1339
1240
1199
997
896
931
968
1044
1140
1220
1043
712
302
-47
-407
-652
-841
-958
-1092
-1242
-1249
-1186
-1166
-1177
-1118
-1125
-1167
-1206
-1053
-927
-725
-381
21
362
559
751
894
974
1033
1120
1157
1193
1148
1170
1193
1168
1125
1030
883
599
286
-36
-328
-590
-727
-749
-750
-713
-663
-620
-608
-583
-540
-511
-519
-518
-478
-382
-264
-118
63
195
257
329
402
407
395
367
379
354
357
380
379
367
333
248
190
54
-107
-273
-425
-523
-620
-649
-661
-652
-615
-524
-423
-316
-229
-144
-93
-38
5
-1
-29
-46
2
37
73
98
123
102
91
109
123
113
79
55
44
29
34
36
6
-50
-150
-246
-369
-485
-617
-673
-669
-601
-511
-377
-218
-111
3
164
311
425
524
590
602
576
577
577
584
661
698
675
627
534
376
190
58
-73
-226
-334
-413
-507
-562
-591
-635
-697
-741
-803
-871
-851
-784
-696
-551
-369
-190
1
197
362
486
594
687
726
757
776
760
772
812
837
836
818
758
618
456
273
88
-97
-277
-395
-485
-539
-577
-574
-556
-540
-494
-453
-392
-373
-321
-266
-183
-51
51
193
297
424
488
530
556
481
393
327
262
198
126
119
102
59
39
11
-30
-89
-136
-193
-239
-303
-340
-383
-405
-384
-369
-325
-287
-227
-146
-79
10
93
164
225
251
273
273
254
231
178
119
54
-48
-164
-300
-402
-500
-611
-688
-745
-754
-684
-540
-352
-197
-92
-4
41
116
197
240
231
181
128
104
145
278
450
611
716
773
792
708
604
466
315
116
-82
-254
-449
-586
-673
-715
-767
-818
-871
-925
-940
-871
-753
-596
-387
-159
58
261
458
605
696
732
732
692
645
603
569
569
603
640
662
647
587
465
318
174
5
-175
-357
-514
-625
-698
-722
-719
-707
-694
-700
-687
-643
-580
-502
-402
-266
-124
16
175
317
419
468
467
449
386
293
187
121
73
34
17
16
10
-8
-32
-54
-72
-94
-120
-150
-131
-110
-96
-64
2
55
94
148
207
240
283
350
416
479
539
596
639
673
708
703
678
654
598
534
460
383
300
199
100
14
-64
-141
-217
-262
-318
-352
-347
-314
-273
-244
-198
-157
-126
-89
-25
26
59
70
65
61
73
143
221
283
317
350
357
354
351
347
297
247
174
120
38
-41
-121
-198
-276
-378
-470
-591
-673
-758
-815
-830
-793
-734
-671
-569
-459
-376
-300
-238
-165
-130
-104
-76
-96
-127
-153
-146
-132
-99
-42
2
25
44
45
21
-32
-67
-87
-123
-124
-104
-106
-120
-114
-93
-91
-104
-90
-74
-77
-56
22
101
190
295
410
493
536
560
543
493
399
319
221
133
60
-21
-90
-146
-175
-179
-190
-200
-187
-179
-176
-187
-177
-165
-140
-103
-72
-43
-17
-1
30
58
84
105
115
155
200
256
320
395
460
501
512
520
489
441
375
296
192
81
-28
-129
-207
-286
-323
-354
-374
-359
-320
-272
-208
-126
-65
-13
36
90
126
148
187
221
230
253
290
317
336
342
357
361
345
339
320
271
210
149
77
-12
-108
-204
-274
-362
-417
-454
-501
-530
-544
-543
-544
-530
-478
-422
-385
-345
-283
-223
-174
-119
-82
-73
-71
-75
-74
-74
-69
-59
-50
-34
-16
-8
6
20
34
32
42
72
90
95
98
99
75
34
17
5
-20
-50
-67
-70
-87
-91
-82
-64
-59
-31
14
45
77
95
104
90
69
57
32
12
13
10
4
4
10
25
44
96
138
185
223
266
287
288
304
296
299
275
260
241
225
213
205
202
203
220
219
203
181
164
139
117
88
71
35
-25
-87
-143
-222
-306
-374
-422
-472
-507
-497
-480
-451
-424
-389
-357
-310
-244
-156
-55
55
168
256
318
343
361
343
318
304
272
243
215
192
157
124
86
59
22
-6
-13
-40
-63
-103
-143
-182
-224
-255
-283
-308
-317
-294
-266
-215
-149
-89
-27
10
50
100
143
184
228
249
250
241
216
166
110
51
-21
-75
-124
-170
-201
-209
-193
-178
-160
-119
-90
-51
-22
16
51
87
110
116
124
99
81
58
45
34
38
57
81
95
115
130
117
102
90
87
86
90
97
101
87
67
32
-6
-44
-97
-133
-155
-156
-141
-108
-59
-6
61
140
215
285
336
356
363
347
320
291
236
188
137
80
18
-46
-110
-164
-216
-251
-277
-307
-350
-402
-436
-471
-507
-527
-525
-519
-508
-507
-500
-495
-486
-478
-447
-400
-343
-272
-182
-77
20
122
220
301
367
420
453
461
446
425
388
322
249
170
75
-8
-79
-116
-127
-133
-116
-90
-53
-21
-11
-3
-2
2
4
18
38
41
51
43
28
10
-9
-13
-27
-27
-13
-4
4
17
44
60
65
82
86
86
68
43
13
-24
-60
-83
-87
-90
-85
-90
-78
-51
-20
28
79
129
169
209
245
286
315
345
368
360
347
322
285
257
242
244
250
247
245
235
200
163
143
110
74
56
45
45
39
28
11
-8
-9
-7
4
19
28
24
11
0
-12
-12
-8
-1
4
20
41
47
48
35
1
-54
-116
-150
-187
-224
-253
-293
-321
-356
-389
-406
-430
-446
-452
-448
-422
-372
-328
-277
-225
-173
-105
-40
36
108
171
227
254
257
243
219
174
143
120
97
94
72
47
26
-4
-32
-51
-51
-40
-20
7
36
64
75
73
66
61
51
41
30
19
18
21
26
18
9
7
7
17
34
62
86
101
109
86
56
16
-27
-70
-125
-154
-159
-165
-149
-133
-125
-127
-125
-109
-83
-37
18
76
125
175
202
204
193
166
136
113
112
126
139
152
150
129
110
89
69
68
82
98
119
138
158
164
159
148
116
88
68
57
52
45
45
28
1
-20
-35
-43
-36
-21
-18
-11
-3
-7
-23
-55
-88
-124
-152
-162
-174
-184
-191
-217
-253
-286
-317
-334
-338
-334
-327
-316
-305
-278
-252
-228
-209
-186
-143
-94
-50
-3
33
39
29
10
-3
-19
-20
-12
-2
27
49
61
62
58
46
28
14
14
25
25
27
25
15
-1
-19
-30
-23
-13
0
20
34
46
39
28
7
-20
-34
-42
-39
-21
-4
6
7
-8
-28
-55
-77
-97
-112
-121
-116
-116
-115
-107
-97
-86
-73
-48
-14
17
52
73
83
81
71
75
83
113
164
228
289
350
401
421
421
394
366
337
317
321
333
350
353
338
311
270
222
172
130
104
90
81
74
62
30
-20
-91
-156
-216
-263
-291
-296
-295
-294
-285
-279
-270
-252
-225
-204
-175
-142
-107
-85
-79
-67
-86
-113
-142
-161
-175
-181
-184
-192
-204
-222
-227
-236
-226
-199
-164
-123
-80
-33
-2
14
14
-1
-22
-37
-48
-47
-49
-38
-31
-21
-7
18
48
75
121
144
167
187
192
195
191
178
155
138
122
109
90
84
76
58
63
72
83
90
98
110
111
123
137
145
144
143
134
110
90
60
33
-6
-49
-80
-110
-119
-121
-115
-114
-112
-112
-117
-118
-110
-100
-88
-62
-42
-19
-4
9
21
23
34
32
36
43
64
80
97
113
116
119
112
123
137
160
193
219
221
206
185
142
92
42
-2
-36
-49
-57
-68
-85
-109
-134
-162
-179
-180
-169
-144
-112
-78
-54
-36
-33
-46
-44
-51
-53
-37
-22
-13
-16
-29
-47
-77
-100
-111
-100
-81
-54
-22
-2
7
3
-7
-25
-38
-46
-48
-52
-49
-52
-63
-80
-107
-130
-139
-123
-87
-29
27
76
102
107
103
85
63
46
39
41
48
60
69
64
51
32
19
14
29
54
81
113
131
138
133
118
93
75
71
68
70
82
84
80
60
30
-10
-48
-73
-91
-97
-91
-75
-58
-48
-47
-39
-36
-33
-31
-17
-2
13
20
17
17
6
-7
-6
9
14
23
35
54
61
65
69
67
67
65
84
104
130
147
152
148
132
105
69
40
9
-14
-34
-36
-35
-37
-36
-41
-49
-56
-56
-56
-54
-51
-42
-49
-60
-75
-89
-102
-119
-129
-136
-128
-120
-105
-87
-71
-59
-49
-43
-35
-17
-2
15
24
19
7
-8
-33
-59
-86
-110
-130
-135
-127
-115
-93
-68
-44
-29
-7
19
42
61
78
86
88
87
76
67
49
32
8
-7
-17
-25
-27
-24
-9
-6
0
12
22
26
33
38
35
34
34
38
43
48
46
42
36
21
3
-12
-27
-44
-54
-52
-41
-28
-8
18
36
44
60
74
87
88
86
76
55
38
18
8
-3
-4
-10
-14
-13
-11
-10
-10
-5
-7
-3
8
22
33
47
54
51
42
34
25
11
4
-11
-24
-35
-40
-41
-43
-36
-25
-12
9
43
80
110
132
145
138
120
91
52
11
-28
-65
-95
-108
-115
-120
-120
-119
-118
-111
-94
-70
-47
-25
-5
5
5
0
-8
-19
-33
-40
-48
-49
-55
-64
-77
-90
-97
-101
-86
-59
-25
7
37
61
74
80
89
93
90
87
77
60
36
9
-23
-49
-67
-71
-64
-43
-12
16
34
45
50
44
35
31
30
33
47
54
61
63
55
38
16
0
-15
-23
-24
-20
-20
-22
-24
-25
-26
-23
-12
0
14
29
38
35
19
-9
-43
-73
-91
-97
-88
-71
-54
-42
-32
-29
-27
-24
-8
15
39
68
92
104
95
73
42
10
-16
-30
-34
-29
-20
-19
-23
-29
-34
-33
-20
7
42
82
123
151
161
156
137
112
85
67
57
46
34
19
-6
-35
-63
-88
-107
-110
-101
-82
-60
-40
-26
-27
-38
-59
-75
-86
-89
-87
-81
-73
-74
-79
-88
-96
-106
-107
-97
-75
-52
-23
1
15
19
16
17
16
23
34
51
63
72
67
57
38
19
1
-7
2
12
31
49
67
74
78
83
92
107
125
145
158
164
158
144
115
84
49
18
-9
-29
-43
-53
-60
-67
-72
-71
-62
-43
-21
4
26
39
38
25
5
-24
-56
-86
-109
-118
-122
-121
-118
-112
-108
-102
-93
-75
-51
-22
13
48
79
102
117
116
105
84
58
28
-2
-26
-53
-75
-93
-104
-103
-89
-61
-21
29
82
127
160
178
179
162
133
98
65
35
11
-12
-35
-55
-75
-92
-103
-101
-89
-70
-47
-23
1
14
17
9
-5
-23
-42
-60
-76
-94
-112
-135
-158
-178
-190
-192
-177
-147
-103
-49
7
58
100
129
145
149
143
135
123
104
81
47
9
-32
-68
-95
-102
-90
-57
-10
49
105
155
186
204
209
202
192
181
169
151
130
96
55
11
-32
-71
-94
-104
-99
-84
-64
-46
-33
-23
-21
-18
-13
-5
2
2
-9
-33
-71
-117
-164
-201
-223
-227
-207
-171
-124
-72
-23
17
52
80
106
131
150
164
166
151
120
76
25
-25
-69
-95
-102
-93
-70
-40
-8
21
46
68
89
114
141
165
177
174
156
121
73
24
-21
-54
-75
-85
-86
-87
-87
-88
-88
-84
-71
-50
-21
10
34
46
39
15
-24
-70
-118
-160
-191
-209
-214
-210
-200
-186
-166
-138
-103
-61
-11
40
84
114
129
132
121
101
81
61
46
32
20
8
-3
-15
-24
-26
-15
9
45
88
130
163
185
191
187
174
157
138
117
102
86
69
48
22
-1
-23
-36
-36
-26
-8
10
21
29
27
19
8
-5
-17
-27
-39
-57
-80
-111
-145
-180
-209
-225
-225
-204
-171
-132
-88
-47
-12
15
36
54
68
80
87
88
82
70
48
22
-1
-23
-34
-38
-34
-25
-9
7
23
43
65
88
112
132
148
153
150
137
113
83
50
17
-14
-36
-51
-58
-57
-54
-50
-43
-35
-21
-8
5
16
27
33
33
25
10
-15
-44
-72
-103
-127
-151
-168
-180
-181
-173
-153
-126
-88
-49
-12
24
49
69
80
82
74
59
39
17
2
-13
-26
-38
-47
-53
-47
-33
-11
16
44
76
103
129
149
157
155
146
127
104
75
44
14
-19
-48
-77
-96
-110
-113
-104
-86
-58
-26
11
44
72
91
99
97
88
71
50
25
-7
-41
-76
-107
-132
-145
-150
-146
-131
-107
-77
-42
-8
22
47
65
78
84
84
80
71
58
42
24
1
-22
-40
-46
-41
-24
-2
25
51
80
105
126
135
135
128
118
103
81
53
17
-18
-52
-78
-99
-115
-124
-121
-105
-83
-54
-28
-5
16
37
54
67
75
72
63
43
16
-19
-56
-88
-115
-133
-142
-145
-140
-122
-101
-74
-47
-21
3
30
54
72
84
83
78
67
53
35
17
0
-11
-15
-13
-8
-1
9
21
39
60
78
92
103
108
104
97
80
56
30
5
-16
-34
-51
-66
-78
-85
-87
-83
-76
-63
-49
-31
-10
6
20
24
22
14
4
-6
-15
-26
-38
-52
-63
-71
-74
-70
-64
-50
-31
-8
13
31
39
44
43
42
41
38
35
31
29
26
23
17
10
6
6
11
17
22
26
30
35
39
36
32
29
32
36
40
34
20
1
-13
-25
-38
-48
-58
-57
-51
-39
-31
-30
-33
-35
-32
-26
-23
-24
-24
-21
-15
-8
-8
-10
-9
-2
12
25
34
35
33
31
27
20
8
-3
-9
-5
1
10
13
13
12
13
19
25
30
35
38
40
40
35
24
8
-7
-24
-35
-44
-48
-48
-48
-47
-44
-38
-32
-25
-17
-11
-2
3
6
3
-3
-16
-28
-36
-41
-45
-50
-54
-56
-57
-55
-55
-48
-36
-17
7
33
57
76
90
98
100
95
84
68
52
35
18
3
-10
-18
-18
-13
-4
8
27
48
67
80
81
76
68
59
48
32
10
-14
-31
-45
-56
-74
-93
-108
-107
-91
-70
-50
-37
-22
-1
23
43
48
42
31
24
20
9
-12
-42
-71
-87
-91
-88
-83
-79
-70
-46
-17
15
38
52
65
82
98
109
106
94
76
57
40
24
6
-13
-26
-30
-20
-7
5
15
23
34
47
56
56
50
38
26
16
5
-9
-31
-50
-62
-66
-67
-68
-73
-77
-72
-60
-45
-34
-27
-21
-6
12
30
39
38
28
23
20
17
9
-6
-20
-29
-30
-26
-23
-24
-26
-20
-8
6
21
30
32
34
36
43
50
53
52
50
47
46
47
45
39
29
17
7
2
0
-1
-7
-16
-23
-26
-23
-17
-12
-11
-14
-18
-18
-18
-22
-31
-44
-58
-67
-66
-63
-61
-63
-65
-61
-50
-32
-13
5
15
26
38
51
58
59
50
35
23
13
3
-8
-23
-39
-52
-57
-54
-46
-34
-22
-5
13
33
54
72
85
94
97
97
94
89
81
67
44
18
-7
-29
-44
-52
-56
-59
-59
-50
-36
-21
-8
-4
-5
-8
-7
-6
-6
-14
-27
-43
-52
-56
-55
-53
-53
-47
-40
-26
-10
3
8
10
7
11
17
23
24
20
14
6
1
1
-1
-6
-10
-10
-4
7
20
30
39
46
56
67
78
87
89
86
78
71
61
48
34
20
5
-4
-11
-18
-21
-27
-32
-34
-34
-32
-27
-23
-20
-17
-15
-15
-17
-19
-23
-25
-27
-27
-27
-27
-30
-34
-39
-47
-53
-61
-64
-64
-59
-54
-47
-39
-29
-16
1
17
34
46
54
60
63
62
55
45
34
26
24
24
24
22
18
14
13
15
16
17
16
14
14
16
16
14
9
4
-1
-5
-7
-6
-9
-14
-21
-28
-31
-29
-24
-22
-18
-15
-8
2
10
13
5
-6
-18
-25
-31
-38
-48
-61
-70
-72
-67
-58
-47
-34
-17
4
27
51
69
79
85
84
82
78
73
62
48
34
21
11
3
-5
-15
-22
-24
-19
-12
-3
2
6
11
17
21
26
28
29
26
21
14
3
-12
-26
-40
-50
-58
-58
-55
-50
-39
-27
-14
-3
7
14
20
22
20
15
5
-8
-20
-31
-40
-47
-52
-52
-50
-44
-33
-20
-8
2
12
24
37
49
58
61
58
54
51
46
37
23
5
-9
-15
-18
-21
-25
-29
-28
-22
-10
1
9
16
23
31
40
44
40
26
9
-5
-16
-27
-39
-48
-52
-51
-43
-32
-23
-15
-5
6
18
23
24
18
11
3
-5
-12
-21
-32
-39
-43
-40
-38
-36
-35
-33
-28
-19
-9
-2
5
13
22
31
41
44
41
39
34
32
27
21
13
2
-4
-4
-2
0
1
5
11
20
29
35
36
31
25
15
7
-2
-11
-17
-19
-19
-16
-13
-11
-5
2
8
12
16
19
21
18
10
-2
-15
-24
-30
-34
-39
-40
-41
-35
-26
-18
-15
-17
-19
-15
-7
3
12
15
16
16
21
24
24
17
8
4
3
6
3
0
-8
-10
-5
6
18
24
29
33
40
41
40
31
15
1
-11
-17
-20
-22
-25
-27
-25
-18
-7
5
16
25
33
38
38
34
24
12
-1
-9
-15
-20
-25
-27
-27
-25
-24
-24
-23
-20
-12
-2
6
10
11
12
12
13
12
