-72
-67
-73
-69
-72
-68
-61
-67
-58
-60
-49
-51
-43
-36
-39
-27
-25
-7
-10
0
6
14
27
34
51
51
62
70
83
94
99
110
117
130
135
146
151
155
157
167
172
171
171
167
166
159
157
151
142
132
121
116
101
88
71
58
45
32
22
8
-4
-16
-29
-37
-47
-54
-64
-68
-73
-82
-88
-94
-96
-104
-107
-110
-117
-126
-131
-132
-143
-151
-160
-167
-177
-186
-190
-202
-210
-224
-223
-230
-238
-244
-248
-248
-255
-249
-251
-252
-253
-249
-237
-237
-227
-228
-215
-211
-203
-189
-182
-171
-166
-142
-132
-114
-97
-78
-57
-37
-3
19
54
79
117
154
194
237
270
312
337
377
408
445
469
487
510
514
528
523
526
515
501
481
451
431
393
360
316
281
240
198
163
121
85
53
28
11
-4
-13
-17
-26
-19
-17
-6
3
10
20
30
44
48
51
53
49
44
39
21
1
-28
-50
-82
-116
-150
-187
-218
-258
-278
-307
-341
-370
-389
-398
-423
-429
-440
-444
-440
-434
-416
-416
-407
-404
-401
-387
-372
-366
-354
-327
-319
-312
-311
-310
-312
-304
-282
-268
-255
-235
-175
-123
-73
-37
11
55
80
178
260
309
331
397
457
464
519
536
564
542
573
597
581
565
487
470
382
337
286
228
172
88
65
12
-10
-83
-116
-130
-178
-182
-149
-122
-142
-117
-61
-44
-33
1
43
70
86
182
251
279
276
321
347
328
371
386
382
343
352
339
314
265
199
187
119
92
74
61
0
-74
-84
-150
-175
-204
-206
-223
-241
-232
-205
-170
-202
-162
-137
-131
-100
-32
-8
-9
22
37
66
62
59
72
60
30
11
-2
-46
-95
-129
-176
-216
-283
-319
-342
-405
-422
-457
-485
-558
-588
-593
-626
-617
-627
-614
-624
-633
-608
-600
-597
-582
-543
-447
-351
-280
-231
-126
-111
-80
87
190
225
244
418
424
430
535
589
587
534
660
674
635
600
576
542
397
398
340
280
181
85
58
-7
-46
-152
-149
-204
-259
-249
-182
-165
-212
-134
-71
-59
-48
50
91
100
152
262
301
300
349
365
366
349
385
411
407
401
406
442
383
345
375
351
309
296
317
287
222
198
167
109
42
30
27
-16
-61
-49
-44
-102
-108
-126
-137
-162
-165
-133
-128
-142
-144
-100
-115
-147
-106
-88
-117
-99
-44
-23
-60
-34
-35
-81
-104
-119
-101
-125
-184
-158
-187
-220
-252
-303
-296
-332
-386
-336
-326
-377
-371
-351
-370
-397
-386
-422
-397
-401
-428
-366
-400
-424
-377
-395
-401
-388
-364
-352
-351
-279
-192
-183
-171
-103
-87
-78
19
120
125
136
237
265
283
340
405
434
444
531
593
600
582
596
573
534
552
524
473
456
425
393
388
351
291
258
230
199
193
217
194
139
164
164
136
120
143
127
93
142
181
186
174
193
199
193
187
189
183
178
176
169
163
135
91
75
71
63
49
32
10
-28
-59
-79
-106
-136
-145
-175
-184
-195
-190
-215
-242
-241
-261
-288
-274
-284
-276
-255
-290
-190
-276
-250
-215
-263
-224
-231
-222
-172
-202
-233
-136
-232
-240
-161
-212
-193
-200
-178
-182
-188
-187
-124
-143
-155
-104
-98
-135
-100
-93
-118
-98
-85
-101
-39
-69
-114
9
-106
-52
-34
-54
-52
-84
-74
-94
-117
-163
-99
-149
-189
-143
-164
-176
-129
-125
-134
-93
-90
-69
-75
-14
8
24
81
132
145
168
227
274
292
328
392
408
410
436
443
422
420
396
395
361
324
302
282
236
196
183
144
137
106
98
96
50
50
41
21
-3
-17
13
-13
-31
-11
-15
-3
-23
1
11
-8
19
25
64
51
63
85
74
72
75
90
82
61
62
56
25
25
27
9
-1
-11
7
-1
-30
-39
-15
-81
-72
-66
-170
-99
-188
-234
-120
-268
-249
-176
-330
-165
-232
-284
-52
-308
-210
-43
-304
-122
-62
-267
-70
-159
-167
-47
-156
-50
-41
-93
-44
10
-95
18
12
-37
42
-20
-6
-74
-47
-50
-103
-58
-139
-83
-158
-180
-130
-221
-191
-226
-231
-229
-228
-253
-233
-272
-243
-234
-268
-193
-197
-141
-145
-122
-62
-67
-64
2
69
42
139
205
238
271
322
383
408
437
474
518
493
494
507
452
450
393
377
346
295
272
232
193
126
106
61
44
-2
-18
-16
-55
-79
-83
-70
-107
-119
-95
-102
-128
-107
-76
-95
-63
-39
-17
-9
-4
-6
21
56
63
98
81
112
83
82
111
95
92
105
111
114
95
114
98
59
85
87
67
74
43
47
3
-20
-13
-65
-11
-135
-9
-101
-127
-41
-181
-20
-157
-44
-42
-99
-43
-58
-63
-96
17
-56
-125
26
-124
-77
-86
-71
-29
-186
-27
-31
-207
-9
-53
-157
-48
-148
-39
-148
-152
-65
-148
-184
-148
-143
-244
-153
-205
-217
-193
-268
-222
-304
-333
-261
-318
-347
-255
-342
-321
-250
-270
-214
-183
-146
-120
-110
-15
2
17
66
99
148
172
216
240
287
297
321
380
372
371
385
372
369
329
328
319
245
238
198
170
128
87
56
33
15
-38
-9
-40
-100
-71
-73
-69
-67
-56
-31
-2
-15
23
73
66
73
114
139
147
152
191
202
180
207
250
218
239
263
243
256
264
246
246
241
217
176
210
172
168
176
114
154
79
115
-11
43
-3
-78
-13
-96
-63
-112
-156
-99
-194
-188
-167
-203
-158
-239
-117
-251
-132
-250
-225
-73
-323
-22
-222
-186
-51
-262
-56
-184
-144
-73
-206
-29
-159
-103
-33
-198
-44
-147
-138
-107
-193
-131
-189
-181
-209
-212
-295
-186
-276
-341
-237
-299
-338
-293
-339
-337
-364
-355
-316
-326
-264
-234
-199
-249
-145
-168
-178
-55
-26
-3
16
114
128
153
196
256
288
281
362
406
411
399
412
423
356
356
370
300
322
233
223
196
104
109
69
73
11
3
-3
-12
-33
-22
24
16
-30
4
66
25
45
99
142
68
132
179
159
179
229
218
257
266
226
302
225
185
249
200
155
245
163
173
195
146
136
128
120
69
116
124
4
24
84
-133
-8
-159
-101
-36
-304
90
-208
-170
-66
-242
-171
-198
-19
-327
-32
-76
-267
-116
-225
-110
-257
-175
-66
-113
-220
-35
-14
-263
-22
31
-186
-104
133
-168
-198
13
-87
-271
-142
-19
-216
-257
-67
-139
-335
-150
-83
-332
-293
-92
-241
-339
-196
-120
-341
-208
-260
-183
-207
-246
-124
-219
-87
-124
-41
-59
-21
-20
-46
72
82
149
118
220
201
205
269
268
312
336
357
406
412
382
379
348
360
294
313
301
260
217
195
207
108
101
90
26
5
8
21
-5
19
5
7
85
-40
39
66
64
58
41
114
26
-57
87
33
-11
95
43
87
83
69
126
22
85
141
76
104
186
123
56
118
87
58
129
43
88
176
-6
50
20
90
-206
27
56
-151
-86
26
-37
-347
-6
-50
-390
-118
-38
-382
-34
-262
-144
-292
8
-417
-99
16
-392
138
-341
126
-250
-63
-47
-223
150
-232
-23
-88
10
-123
-83
-27
95
-223
41
81
-266
108
-98
-35
-108
-57
-47
-258
-9
-174
-185
-134
-265
-98
-236
-341
-154
-259
-368
-152
-265
-292
-158
-277
-134
-214
-106
-211
-152
-16
-126
-6
-45
112
-22
139
129
120
239
212
305
213
355
286
272
270
264
258
188
220
181
190
98
93
92
32
-21
3
2
-32
15
-79
6
18
-137
39
-25
39
-20
-29
134
-77
89
1
1
167
-88
140
225
-13
209
122
100
202
66
201
223
146
261
181
186
255
58
205
151
142
145
177
157
89
84
36
131
-139
120
-56
58
-170
-24
11
-312
-79
-78
-137
-325
24
-116
-471
159
-199
-428
83
-238
-257
-155
31
-269
-224
181
-430
20
1
-260
210
-37
-324
377
-148
-287
292
-124
-135
135
-28
-67
4
-191
89
-345
-43
40
-365
-51
43
-302
-286
39
-231
-403
-77
13
-420
-276
114
-432
-286
-47
-205
-187
-11
-126
58
-95
-59
153
6
18
305
152
54
393
188
179
323
296
304
336
416
404
313
371
313
265
251
293
226
220
230
102
97
56
44
-87
3
48
-151
57
-57
-102
14
-146
13
-50
-28
-47
83
38
-41
152
2
93
68
170
153
112
263
125
264
144
180
224
114
275
193
255
151
133
212
47
46
125
179
-45
140
122
-82
-48
-66
-69
-142
-150
86
-327
-110
-74
-380
-172
-207
-204
-219
-5
-396
-86
68
-648
73
-5
-329
94
-285
305
-307
-236
252
-202
-137
139
-52
-82
80
-77
-179
23
93
-344
177
-26
-43
-261
-10
-84
-304
3
-199
-67
-223
-84
-244
-215
-180
-337
-66
-387
-76
-250
-312
-153
-328
-235
-249
-239
-147
-203
-112
-42
-149
-98
-30
-65
-36
118
110
134
142
165
228
179
223
339
284
381
338
405
381
237
344
264
282
262
237
261
127
120
16
89
-46
14
-74
-15
18
-95
-93
-17
-39
-135
-20
-28
100
-144
39
256
-165
67
236
-58
73
240
117
214
93
264
197
40
279
292
137
195
361
146
216
189
148
159
119
230
106
209
165
7
46
116
-52
-16
57
33
-83
-212
69
-344
-129
-319
10
-108
-533
332
-589
-124
-134
-485
66
-188
-391
36
-43
-462
99
-82
-389
315
-299
-166
346
-432
164
-186
-155
222
-417
251
-33
-289
-14
-164
-172
-195
-92
-97
-202
-200
-201
-209
-299
-294
-242
-283
-100
-661
-116
-253
-624
-238
-341
-271
-289
-213
-78
-84
-229
-136
144
-162
114
330
140
259
165
316
343
233
588
477
525
510
599
516
415
512
442
499
408
394
363
216
132
73
64
95
-91
50
-41
-103
-98
-197
-121
-161
-168
-74
-27
-101
-134
56
-42
-49
115
134
64
82
192
178
171
140
235
249
170
282
319
247
278
286
293
276
236
275
240
157
211
193
85
83
132
-30
-32
8
-67
-116
-138
-27
-183
-371
-65
-278
-367
-100
-395
-165
-288
-398
-218
-264
-291
-270
-137
-259
19
-229
-251
192
-225
-205
97
74
-70
-202
156
116
-311
-100
392
-318
-157
69
-120
-175
-439
-13
-164
-443
-222
-234
-428
-391
-486
-436
-434
-578
-527
-524
-505
-586
-624
-513
-483
-368
-317
-152
-365
-298
-160
-187
77
171
294
99
166
414
400
444
573
848
701
690
795
766
662
582
777
746
613
534
408
338
112
53
161
41
-57
-214
-197
-314
-411
-404
-305
-306
-313
-258
-193
-282
-318
-235
-79
1
-44
97
161
119
102
242
366
314
430
527
559
505
377
600
610
498
613
606
582
416
447
478
376
363
299
358
276
126
91
104
51
-100
8
-40
-234
-204
-330
-385
-303
-459
-488
-276
-450
-605
-332
-425
-485
-378
-249
-165
-393
-366
-170
-260
-284
8
-134
-235
-79
-165
-178
6
-76
-145
1
-185
-191
-162
-341
-125
-186
-341
-233
-355
-643
-272
-449
-566
-478
-634
-634
-886
-688
-570
-716
-736
-639
-659
-616
-335
-163
-350
-387
-48
-137
-93
383
398
199
173
536
658
585
793
1029
1062
859
981
1141
938
910
1046
1074
969
783
626
614
433
277
326
316
135
-126
-170
-172
-274
-337
-311
-264
-364
-435
-412
-356
-413
-396
-219
-113
-192
-169
-111
-59
-19
88
234
219
257
216
257
296
309
342
455
525
459
360
344
443
352
433
469
427
312
97
226
176
124
88
52
86
-160
-212
-199
-240
-295
-356
-272
-374
-496
-529
-503
-385
-541
-525
-458
-446
-525
-544
-321
-409
-419
-309
-255
-145
-219
-155
-86
-74
-86
-8
125
-61
-20
-113
25
-88
-190
-14
-195
-239
-298
-214
-361
-369
-343
-455
-484
-593
-688
-720
-719
-718
-821
-886
-809
-966
-758
-326
-312
-540
-688
-338
-292
-129
256
495
242
-127
208
668
830
779
1011
1167
918
835
1137
1309
1212
1146
1251
1157
917
660
738
766
611
419
320
201
-173
-288
-121
-45
-203
-380
-429
-470
-552
-451
-335
-318
-371
-419
-329
-222
-246
-182
21
67
28
52
114
179
226
391
499
482
378
340
514
584
592
678
657
576
451
439
581
607
513
485
364
320
177
181
334
223
150
-65
-88
-84
-208
-111
-141
-219
-385
-487
-384
-468
-504
-449
-428
-475
-571
-475
-446
-420
-356
-364
-262
-320
-314
-188
-65
-21
-138
-72
8
-173
-54
100
95
-37
-204
-152
-155
-273
-144
-194
-290
-444
-641
-564
-613
-585
-644
-755
-845
-1039
-1124
-1106
-897
-1011
-1045
-704
-597
-825
-949
-680
-336
-251
-63
197
191
-186
-147
604
958
922
854
1004
1010
833
1190
1555
1606
1288
1071
1222
1100
1007
1068
1087
890
394
327
322
208
36
-27
67
-182
-451
-491
-332
-300
-363
-358
-425
-567
-607
-410
-142
-148
-257
-291
-255
-169
-89
80
232
137
49
102
191
231
236
390
375
509
368
407
394
439
680
489
693
586
368
405
368
673
434
329
339
110
177
-4
188
184
-52
-76
-239
-114
-321
-319
-172
-417
-516
-607
-526
-501
-530
-470
-515
-495
-516
-458
-239
-206
-237
-210
-137
-105
-111
64
43
161
54
-29
101
16
19
54
94
-86
-174
-184
-193
-328
-367
-452
-599
-667
-757
-805
-949
-988
-1046
-1123
-1187
-1236
-1165
-873
-654
-725
-1001
-1046
-566
-280
-144
85
136
-201
-271
407
1013
964
795
860
980
1006
1190
1588
1658
1341
1042
1118
1249
1210
1152
1076
887
522
273
388
406
217
15
-70
-99
-323
-362
-256
-168
-281
-473
-479
-493
-465
-345
-225
-232
-389
-454
-329
-123
-48
-2
13
-50
-51
85
189
333
267
258
200
301
507
435
656
434
627
354
538
828
605
682
428
550
458
357
637
410
342
136
69
276
-37
32
-106
-150
-270
-473
-266
-448
-437
-596
-601
-596
-748
-656
-594
-542
-625
-618
-467
-419
-392
-334
-264
-181
-274
-99
-28
39
5
-63
32
-12
8
1
53
-64
-159
-244
-182
-163
-293
-357
-465
-573
-765
-805
-722
-947
-1047
-1096
-1224
-1219
-1224
-996
-653
-700
-973
-1127
-728
-312
-182
-19
39
-108
-384
104
987
1133
804
662
929
1093
1294
1687
1828
1542
1156
1193
1517
1655
1469
1220
1042
764
550
654
772
536
131
-50
-51
-97
-158
-184
-205
-317
-529
-583
-515
-447
-420
-398
-415
-503
-534
-392
-206
-64
-87
-204
-212
-125
75
222
269
195
92
97
269
450
624
602
363
238
417
739
743
736
587
449
316
420
773
668
347
118
126
206
155
153
96
-142
-337
-454
-310
-328
-459
-558
-661
-728
-869
-702
-556
-608
-741
-775
-675
-553
-443
-371
-341
-386
-326
-211
-57
1
-25
-29
10
78
84
122
135
88
97
36
-18
-79
-154
-148
-304
-351
-584
-619
-649
-849
-853
-1041
-1146
-1227
-1254
-1073
-917
-800
-963
-1210
-948
-633
-307
-234
-129
-106
-346
-87
517
1063
945
640
760
1027
1300
1526
1754
1677
1243
1149
1411
1726
1664
1342
1164
912
747
747
887
757
332
13
-70
-1
4
-114
-242
-369
-498
-574
-548
-442
-438
-496
-566
-581
-567
-482
-396
-265
-232
-279
-300
-191
-33
74
146
113
101
101
268
388
478
519
549
463
424
597
764
724
681
629
558
486
510
661
592
374
137
154
214
129
70
-16
-218
-375
-451
-412
-398
-594
-701
-803
-823
-859
-793
-681
-744
-826
-879
-726
-556
-475
-420
-403
-381
-349
-207
-54
-13
-49
-46
-10
36
50
72
44
9
-29
-95
-145
-213
-265
-366
-436
-583
-662
-760
-872
-947
-1035
-1120
-1256
-1279
-1228
-1126
-941
-845
-964
-1144
-929
-409
-197
-168
-12
-4
-146
105
826
1204
989
779
1015
1332
1508
1674
1832
1738
1383
1308
1592
1856
1655
1293
1069
900
785
811
862
648
184
-96
-35
132
56
-191
-291
-414
-455
-453
-385
-353
-477
-560
-552
-476
-437
-397
-333
-245
-221
-249
-220
-112
11
64
104
82
103
125
264
352
526
601
406
383
325
683
707
661
705
446
384
332
593
723
367
206
44
152
231
102
170
-177
-326
-402
-356
-201
-441
-512
-693
-762
-760
-741
-583
-621
-738
-804
-753
-530
-386
-319
-339
-386
-297
-172
12
33
2
-55
-26
77
111
154
55
-6
-21
-37
-48
-182
-245
-348
-435
-472
-666
-722
-898
-969
-978
-1122
-1179
-1331
-1248
-1066
-866
-813
-1094
-1143
-853
-457
-268
-198
-56
-183
-219
225
880
1091
783
726
1023
1286
1452
1658
1796
1565
1229
1245
1551
1699
1444
1150
954
738
560
645
748
488
17
-220
-136
-50
-115
-254
-378
-530
-640
-572
-417
-386
-504
-617
-558
-464
-385
-324
-219
-202
-193
-165
-42
72
134
153
210
231
232
273
345
467
391
669
583
566
413
536
870
662
779
634
526
483
368
770
624
323
106
3
348
86
92
21
-230
-299
-483
-212
-285
-513
-618
-712
-681
-754
-697
-554
-636
-766
-808
-665
-432
-442
-406
-440
-414
-358
-232
-59
-88
-125
-214
-148
-98
-71
-92
-146
-161
-244
-312
-325
-335
-446
-564
-631
-689
-832
-944
-1035
-1074
-1193
-1307
-1331
-1281
-1101
-918
-835
-1024
-1129
-876
-371
-123
-93
-18
-84
-137
218
957
1266
965
788
1085
1430
1608
1767
1909
1678
1325
1365
1654
1787
1534
1227
979
736
615
639
672
448
2
-274
-235
-137
-196
-342
-408
-562
-690
-642
-483
-409
-510
-599
-606
-498
-387
-280
-205
-162
-178
-128
-40
124
182
219
204
235
263
264
337
338
511
472
659
474
448
449
632
780
596
605
447
308
321
449
641
328
-2
3
47
211
30
27
-79
-334
-344
-331
-129
-325
-455
-464
-475
-520
-552
-392
-328
-407
-496
-385
-224
-112
-131
-65
-72
-59
-3
96
183
80
52
-21
6
-29
-68
-118
-210
-245
-393
-403
-525
-542
-625
-735
-793
-996
-1043
-1148
-1171
-1204
-1397
-1398
-1303
-1010
-751
-914
-1094
-1116
-607
-189
-18
130
34
-158
-14
659
1314
1190
863
895
1165
1445
1604
1875
1752
1304
1102
1328
1637
1519
1191
920
678
492
417
466
390
40
-268
-369
-296
-330
-418
-416
-427
-508
-639
-630
-472
-341
-341
-409
-420
-339
-283
-90
90
151
59
5
176
355
439
412
381
400
389
429
483
530
492
569
570
476
353
417
652
537
526
389
268
144
162
482
401
58
-224
-215
39
-41
-88
-121
-344
-447
-486
-215
-205
-382
-433
-432
-373
-446
-395
-246
-211
-322
-362
-233
-114
-139
-99
-66
-73
-116
-120
-27
-24
-45
-169
-196
-265
-333
-324
-374
-410
-601
-718
-750
-779
-796
-962
-1070
-1145
-1231
-1238
-1326
-1342
-1448
-1396
-1114
-818
-728
-1054
-1124
-747
-210
18
195
244
15
-65
494
1308
1505
1175
942
1164
1421
1684
1948
2001
1606
1170
1159
1438
1589
1347
973
614
369
246
269
296
61
-349
-591
-542
-441
-523
-625
-632
-622
-642
-700
-651
-513
-387
-327
-335
-321
-302
-214
4
225
289
158
92
214
405
524
508
459
366
307
360
498
521
431
462
394
327
178
291
465
359
293
88
36
-76
-43
207
153
-75
-356
-332
-130
-150
-127
-192
-327
-439
-437
-200
-151
-239
-331
-289
-224
-224
-154
-60
-7
-51
-73
11
73
73
102
172
212
96
47
18
56
94
-24
-122
-276
-362
-396
-405
-393
-575
-782
-894
-902
-890
-1013
-1159
-1299
-1363
-1334
-1352
-1384
-1418
-1249
-946
-663
-748
-894
-826
-386
45
324
579
444
187
276
1017
1641
1608
1363
1290
1384
1507
1782
2074
1950
1463
1111
1161
1357
1301
1072
840
508
172
12
83
53
-173
-422
-528
-570
-628
-671
-594
-496
-486
-564
-580
-468
-321
-123
26
81
5
-10
131
393
593
638
535
475
464
544
644
691
632
480
375
359
397
339
408
336
354
129
40
60
61
143
16
10
-149
-382
-308
-218
-95
-229
-370
-298
-415
-331
-281
-173
-160
-345
-289
-278
-168
-156
-121
20
-58
-116
-120
-27
52
66
103
115
42
-6
26
137
177
72
-37
-159
-187
-214
-199
-263
-404
-560
-642
-638
-709
-759
-872
-899
-1004
-1114
-1157
-1253
-1295
-1335
-1330
-1318
-1419
-1442
-1262
-970
-556
-633
-774
-794
-491
53
306
657
660
414
342
710
1499
1717
1580
1497
1407
1508
1631
1895
2006
1665
1329
1088
1138
1185
1014
818
527
237
-59
-202
-184
-288
-440
-555
-608
-665
-789
-776
-614
-407
-349
-474
-480
-384
-196
-39
156
242
182
147
276
561
706
726
598
572
579
579
614
617
558
428
316
297
297
214
258
48
35
-82
-127
-47
-155
-88
-255
-360
-387
-456
-309
-344
-396
-381
-478
-362
-420
-345
-233
-313
-222
-261
-184
-144
-134
-6
37
50
44
0
58
121
177
241
179
137
51
86
150
147
118
17
-100
-187
-199
-233
-323
-458
-544
-592
-659
-700
-801
-802
-902
-1014
-1082
-1151
-1153
-1319
-1355
-1300
-1361
-1407
-1489
-1271
-964
-656
-529
-698
-682
-485
-77
292
673
832
558
369
662
1278
1591
1606
1577
1582
1486
1457
1682
1904
1769
1408
1193
1123
1003
772
692
601
369
11
-226
-344
-505
-622
-629
-501
-551
-747
-865
-740
-479
-345
-298
-251
-249
-232
-121
140
382
397
383
401
541
666
709
761
751
749
666
633
605
571
507
495
429
397
293
130
103
-22
75
-83
-95
-139
-254
-279
-382
-332
-395
-417
-381
-402
-391
-418
-416
-303
-325
-236
-234
-199
-179
-182
-93
-35
35
61
102
76
85
86
141
188
193
158
85
32
-20
8
-2
-26
-111
-198
-281
-300
-334
-360
-443
-529
-602
-676
-682
-740
-781
-876
-962
-948
-988
-1058
-1146
-1187
-1160
-1240
-1244
-1261
-1224
-1153
-945
-544
-423
-508
-638
-360
32
278
523
712
707
489
593
1115
1531
1500
1386
1516
1633
1502
1431
1578
1638
1413
1156
1111
1053
756
456
392
433
239
-90
-331
-441
-551
-590
-490
-384
-445
-631
-638
-463
-321
-304
-281
-155
-34
5
50
124
232
292
354
474
550
514
420
409
468
493
429
358
341
352
292
256
281
225
195
43
80
103
3
-6
-141
-44
-127
-209
-230
-302
-216
-304
-276
-199
-300
-305
-392
-315
-253
-306
-278
-316
-261
-232
-232
-179
-199
-204
-169
-142
-65
-51
-21
36
33
38
-1
9
-1
-21
18
29
-4
-96
-103
-101
-162
-191
-201
-216
-298
-367
-338
-384
-567
-537
-411
-502
-530
-629
-653
-716
-897
-740
-762
-782
-739
-772
-628
-567
-511
-451
-461
-331
-275
-200
-64
29
135
227
318
433
586
680
738
831
947
1051
1101
1089
1104
1094
1062
1033
971
899
846
773
656
551
431
325
236
165
128
69
23
0
-19
-11
-38
-71
-106
-115
-92
-84
-83
-125
-137
-124
-101
-116
-176
-174
-145
-127
-163
-201
-220
-224
-197
-171
-167
-202
-210
-171
-93
-49
-20
-6
-13
22
68
141
158
122
120
134
159
158
147
123
96
108
140
134
123
73
-45
-43
-11
-29
-123
-76
-57
-160
-130
-148
-135
-98
-146
-65
-64
-137
2
-24
67
39
45
123
126
197
115
195
199
230
268
217
252
261
307
185
42
192
104
144
17
-96
-19
-213
-219
-307
-315
-432
-546
-480
-551
-611
-747
-761
-695
-711
-738
-789
-847
-788
-697
-675
-676
-605
-466
-323
-223
-208
-124
-10
136
246
297
419
558
675
687
717
835
931
983
963
950
1012
1016
989
904
788
684
623
600
495
369
215
109
10
-123
-280
-392
-455
-507
-529
-576
-622
-693
-706
-646
-583
-571
-570
-520
-446
-329
-244
-147
-107
-73
21
123
247
284
284
281
351
491
581
544
460
429
429
421
402
385
319
245
237
242
204
59
-58
-99
-82
-61
-77
-134
-225
-291
-346
-307
-292
-316
-294
-247
-195
-256
-247
-273
-217
-57
3
32
-32
22
89
134
239
275
253
331
228
326
294
256
305
244
322
196
152
63
47
28
-86
-128
-326
-282
-439
-548
-526
-678
-666
-734
-745
-779
-791
-758
-863
-894
-916
-823
-787
-802
-726
-702
-574
-453
-350
-216
-94
54
225
316
444
519
630
763
832
914
957
1055
1023
1039
1046
1088
1140
1022
985
818
703
616
471
364
185
43
-80
-196
-391
-571
-693
-755
-804
-899
-961
-944
-880
-842
-814
-772
-684
-558
-432
-302
-187
-84
41
198
342
446
522
608
679
730
755
794
816
817
810
833
861
859
783
668
580
494
461
425
349
259
137
84
46
-43
-148
-262
-275
-276
-299
-294
-303
-323
-311
-320
-282
-292
-274
-209
-180
-124
-125
-89
-39
4
45
98
170
228
248
257
264
277
256
250
229
196
176
116
39
-82
-147
-227
-278
-352
-452
-520
-620
-691
-770
-843
-894
-975
-1053
-1088
-1127
-1165
-1174
-1223
-1268
-1270
-1217
-1176
-1123
-963
-669
-317
-116
-36
16
188
429
636
821
960
1073
1173
1329
1457
1489
1450
1457
1535
1555
1482
1324
1171
1008
784
581
393
198
-40
-300
-512
-710
-874
-1037
-1151
-1229
-1336
-1363
-1320
-1247
-1185
-1104
-940
-725
-545
-416
-270
-87
139
334
510
677
836
1014
1153
1265
1313
1331
1351
1324
1303
1201
1131
1070
995
930
798
661
457
276
153
31
-72
-211
-276
-342
-430
-497
-564
-584
-615
-621
-577
-522
-505
-485
-448
-363
-312
-268
-180
-119
-40
37
94
142
145
158
206
223
226
197
196
171
114
72
15
-52
-146
-249
-330
-394
-466
-548
-642
-700
-757
-790
-851
-938
-1016
-1051
-1049
-1078
-1126
-1205
-1282
-1315
-1327
-1328
-1321
-1325
-1191
-887
-447
-102
26
83
262
523
754
914
1084
1240
1322
1430
1578
1735
1715
1621
1622
1685
1671
1493
1274
1076
846
599
375
155
-88
-365
-583
-757
-942
-1114
-1230
-1316
-1376
-1388
-1258
-1105
-1007
-907
-710
-406
-181
-34
128
351
585
797
992
1178
1298
1398
1477
1534
1552
1472
1387
1290
1153
1006
847
677
441
219
53
-112
-336
-533
-650
-779
-891
-1036
-1011
-982
-989
-946
-901
-732
-697
-581
-405
-263
-134
-71
101
276
391
469
554
620
662
651
692
671
579
522
450
415
270
158
69
-59
-196
-352
-433
-536
-664
-720
-742
-743
-790
-813
-812
-808
-812
-824
-792
-804
-784
-739
-664
-623
-649
-642
-652
-683
-766
-814
-863
-882
-904
-897
-849
-729
-388
-109
75
76
228
461
581
708
819
1031
982
950
1112
1371
1449
1275
1275
1407
1442
1211
1041
934
729
366
100
22
-158
-384
-659
-757
-842
-986
-1074
-1166
-1162
-1158
-1018
-845
-663
-450
-194
127
358
599
789
971
1082
1220
1415
1539
1593
1622
1740
1767
1736
1623
1471
1274
994
776
544
290
-25
-273
-423
-599
-828
-934
-1041
-1117
-1234
-1269
-1165
-1213
-1058
-930
-687
-524
-444
-217
-110
34
126
310
462
508
586
755
851
815
791
771
767
586
456
349
190
35
-132
-180
-304
-457
-596
-688
-764
-879
-939
-972
-968
-980
-875
-780
-703
-644
-573
-445
-436
-402
-428
-411
-390
-376
-327
-344
-358
-406
-435
-529
-667
-810
-942
-1036
-1139
-1160
-1152
-969
-634
-303
-148
-115
159
411
531
625
886
1092
999
1043
1354
1629
1506
1355
1524
1703
1515
1187
1116
1006
646
211
92
-24
-376
-707
-823
-810
-995
-1162
-1242
-1244
-1262
-1230
-1055
-864
-627
-377
-80
226
616
946
1147
1257
1407
1630
1691
1666
1703
1824
1803
1650
1583
1553
1337
969
685
459
109
-349
-631
-768
-957
-1203
-1357
-1305
-1347
-1410
-1401
-1342
-1246
-1230
-1049
-816
-622
-417
-200
73
303
467
612
693
748
835
862
887
851
836
840
753
659
535
378
190
-17
-161
-298
-514
-658
-706
-734
-793
-838
-791
-777
-770
-718
-627
-531
-498
-404
-279
-163
-63
-1
78
64
52
26
-12
-71
-200
-270
-411
-506
-634
-757
-879
-1055
-1158
-1284
-1375
-1438
-1416
-1246
-909
-584
-340
-159
209
546
690
896
1124
1339
1271
1317
1581
1715
1590
1486
1656
1788
1595
1337
1231
1011
598
148
-54
-307
-703
-1003
-1106
-1138
-1267
-1335
-1329
-1305
-1270
-1155
-1024
-862
-630
-339
-18
332
795
1176
1363
1510
1722
1899
1830
1687
1658
1632
1509
1357
1315
1250
1013
731
518
267
-146
-596
-908
-1151
-1418
-1576
-1629
-1547
-1507
-1406
-1221
-1106
-955
-897
-727
-539
-384
-150
69
334
586
778
962
1047
1091
1132
1078
1027
895
758
619
447
370
241
72
-110
-269
-360
-526
-704
-823
-916
-985
-1020
-976
-907
-848
-747
-575
-398
-268
-187
-98
-24
20
102
128
131
95
54
62
-16
-77
-198
-371
-523
-738
-877
-1112
-1324
-1440
-1575
-1619
-1734
-1719
-1671
-1479
-986
-686
-430
-224
298
678
780
1112
1468
1643
1408
1514
1875
1914
1590
1580
1859
1871
1547
1348
1401
997
465
3
-168
-565
-1059
-1276
-1380
-1441
-1556
-1458
-1425
-1382
-1267
-1073
-948
-775
-449
-170
90
491
1060
1405
1539
1808
2140
2202
2022
1917
1973
1787
1428
1256
1233
1049
674
469
357
46
-443
-814
-1054
-1341
-1636
-1800
-1830
-1776
-1643
-1486
-1258
-1029
-765
-568
-418
-121
88
248
357
557
836
899
947
1051
1171
1157
1015
957
915
686
452
274
135
-80
-371
-451
-566
-671
-776
-838
-830
-882
-880
-801
-720
-645
-565
-449
-245
-86
89
224
348
473
535
590
584
552
468
307
158
70
-96
-253
-434
-588
-726
-977
-1145
-1329
-1497
-1655
-1833
-1855
-1890
-1891
-1496
-1101
-728
-478
-104
552
692
979
1384
1689
1648
1398
1704
1852
1602
1399
1536
1749
1580
1313
1399
1212
739
242
-104
-368
-981
-1359
-1564
-1682
-1743
-1699
-1532
-1435
-1288
-1027
-840
-715
-428
-181
9
225
748
1245
1444
1669
2078
2361
2287
2153
2153
2044
1635
1320
1174
985
596
268
153
-43
-350
-684
-892
-1114
-1412
-1609
-1735
-1729
-1706
-1579
-1378
-1131
-748
-498
-218
76
356
589
640
827
963
993
992
969
1092
1046
959
922
846
714
455
248
74
-213
-513
-772
-947
-1052
-1160
-1175
-1165
-1112
-1047
-977
-830
-683
-559
-468
-308
-97
99
238
385
570
699
763
778
804
764
641
483
355
174
-67
-305
-520
-698
-939
-1139
-1307
-1426
-1595
-1737
-1842
-1909
-1890
-1939
-1586
-1189
-853
-573
-182
538
800
1116
1508
1864
1887
1644
1813
1873
1624
1315
1324
1442
1333
1105
1125
1036
716
327
-28
-291
-792
-1173
-1491
-1700
-1775
-1745
-1600
-1467
-1216
-910
-679
-479
-125
162
289
447
837
1212
1317
1451
1797
2016
1973
1878
1882
1806
1446
1131
892
632
240
-140
-342
-536
-769
-1002
-1177
-1282
-1380
-1457
-1546
-1507
-1390
-1299
-1111
-932
-508
-274
-22
324
595
912
922
1125
1230
1227
1174
1073
1068
934
747
613
479
302
91
-146
-294
-519
-716
-923
-1079
-1159
-1266
-1309
-1316
-1206
-1074
-953
-779
-556
-329
-120
75
312
504
630
740
858
931
950
936
902
864
749
653
497
348
135
-127
-361
-634
-881
-1152
-1349
-1512
-1701
-1808
-1910
-1921
-1923
-1927
-1819
-1657
-1141
-835
-474
-115
406
946
1056
1535
1838
2032
1792
1732
1971
1770
1439
1217
1375
1314
1016
867
909
699
329
-15
-204
-507
-998
-1280
-1504
-1587
-1702
-1641
-1496
-1328
-1066
-789
-466
-157
177
411
605
886
1180
1322
1376
1496
1658
1634
1557
1491
1447
1246
968
764
531
302
-68
-311
-484
-643
-871
-1069
-1112
-1172
-1228
-1278
-1079
-939
-808
-699
-472
-160
-47
165
353
603
688
711
831
924
925
869
860
811
694
516
403
239
49
-180
-358
-531
-693
-829
-957
-1016
-1053
-1058
-1077
-1022
-918
-784
-677
-526
-329
-120
50
223
408
558
682
772
878
916
933
891
866
776
623
475
276
102
-106
-333
-571
-764
-929
-1079
-1238
-1346
-1448
-1568
-1633
-1650
-1649
-1701
-1705
-1621
-1514
-1253
-770
-388
-5
337
919
1358
1518
1871
2066
2160
1883
1838
1903
1615
1279
1115
1210
1074
814
738
767
542
236
-6
-188
-546
-974
-1193
-1386
-1535
-1654
-1578
-1434
-1243
-945
-620
-330
-13
343
557
721
910
1122
1182
1108
1179
1254
1185
1065
1015
1061
909
697
586
479
286
-26
-199
-334
-535
-777
-922
-965
-972
-978
-919
-752
-631
-457
-330
-177
-25
73
158
221
326
420
407
421
514
574
584
509
541
522
382
232
97
-4
-224
-428
-542
-629
-772
-873
-873
-815
-787
-744
-615
-464
-332
-232
-90
35
129
176
264
347
423
486
525
582
601
617
576
502
390
256
70
-129
-313
-507
-700
-874
-962
-1070
-1161
-1247
-1282
-1297
-1342
-1391
-1435
-1463
-1460
-1418
-1349
-1207
-972
-580
-217
148
521
944
1288
1477
1691
1843
1828
1617
1500
1443
1237
933
787
759
662
523
468
480
317
105
-76
-225
-493
-807
-1030
-1200
-1333
-1416
-1361
-1267
-1109
-856
-524
-226
82
406
657
854
1022
1173
1187
1121
1086
1117
1049
964
929
923
856
750
726
633
470
263
115
-33
-260
-487
-655
-758
-808
-841
-730
-639
-531
-370
-232
-5
53
147
194
207
260
234
253
219
211
245
278
317
345
336
338
285
224
134
-31
-191
-360
-458
-570
-666
-697
-666
-585
-497
-385
-239
-90
14
119
195
241
261
272
280
281
301
329
342
371
412
450
437
373
306
165
-2
-192
-380
-566
-729
-858
-957
-1025
-1084
-1084
-1080
-1071
-1061
-1065
-1044
-1059
-1046
-1009
-979
-892
-808
-622
-366
-52
212
478
811
1108
1300
1390
1594
1633
1523
1343
1279
1213
914
732
679
667
531
428
460
456
313
177
83
-93
-339
-614
-754
-916
-1082
-1142
-1087
-981
-872
-657
-405
-131
131
359
513
644
782
832
786
716
714
674
582
572
625
650
595
578
638
593
466
305
202
40
-211
-409
-550
-581
-721
-751
-651
-553
-450
-417
-229
-100
-54
-27
-4
64
35
-37
-28
3
44
72
148
299
362
377
387
408
361
236
108
-12
-153
-285
-358
-378
-369
-361
-287
-172
-44
29
68
112
155
133
82
51
5
0
-52
-33
-6
17
44
67
126
124
85
9
-61
-155
-284
-441
-578
-725
-852
-942
-1009
-1011
-1043
-1027
-977
-926
-860
-843
-781
-729
-685
-666
-641
-576
-516
-371
-156
44
194
434
707
944
1076
1243
1423
1408
1351
1304
1263
1081
841
737
669
529
373
332
312
215
113
67
-28
-187
-368
-528
-685
-869
-971
-1013
-1041
-983
-816
-606
-406
-177
104
319
473
622
753
773
755
762
756
692
613
621
614
599
571
583
581
482
406
316
216
46
-146
-282
-402
-514
-612
-662
-646
-601
-550
-455
-370
-261
-179
-107
-38
2
47
57
80
114
124
125
158
212
256
258
274
278
248
208
155
109
27
-51
-102
-126
-153
-187
-180
-160
-98
-58
-13
25
40
46
40
39
18
3
-3
8
23
33
28
41
48
61
33
-23
-74
-165
-256
-374
-474
-572
-685
-776
-845
-874
-890
-880
-820
-753
-662
-600
-516
-436
-389
-358
-342
-306
-310
-238
-130
27
175
351
595
798
1005
1171
1339
1383
1350
1300
1185
1022
773
590
432
273
135
56
24
-35
-85
-119
-166
-254
-370
-486
-596
-747
-846
-900
-929
-886
-808
-644
-469
-250
-5
203
411
583
722
799
822
835
791
709
621
546
481
404
344
304
276
222
177
147
98
17
-101
-171
-259
-353
-449
-507
-528
-554
-533
-466
-372
-281
-191
-88
22
102
157
205
238
238
227
209
208
205
191
195
203
206
200
203
190
174
135
75
27
-38
-98
-146
-194
-215
-229
-232
-192
-150
-109
-67
-19
14
26
31
38
36
11
-7
-28
-30
-52
-66
-98
-134
-166
-212
-260
-322
-382
-468
-522
-578
-604
-627
-633
-614
-585
-523
-480
-415
-369
-329
-295
-277
-256
-226
-200
-126
-21
78
195
326
517
665
776
909
1011
1039
999
960
917
769
578
465
364
224
69
-15
-54
-127
-185
-192
-200
-272
-340
-366
-394
-475
-535
-547
-556
-558
-507
-396
-274
-157
10
170
317
461
574
670
671
679
648
561
472
374
310
192
115
72
49
17
-3
52
31
0
-35
-41
-74
-173
-223
-255
-285
-340
-341
-289
-249
-216
-128
-14
67
122
184
247
254
221
196
176
130
89
62
53
50
53
60
55
46
31
13
-11
-29
-46
-70
-100
-110
-120
-132
-143
-114
-77
-60
-24
12
62
72
96
116
110
89
52
13
-48
-117
-184
-240
-299
-347
-384
-404
-431
-445
-438
-453
-456
-467
-473
-479
-488
-475
-445
-422
-387
-328
-279
-228
-170
-92
-13
48
130
217
298
366
422
511
566
598
640
664
673
640
605
569
477
372
286
206
92
-22
-101
-161
-232
-290
-313
-335
-366
-379
-372
-374
-402
-398
-376
-360
-332
-293
-211
-140
-56
58
160
250
323
393
434
436
428
410
372
317
271
235
201
163
151
156
146
169
166
174
153
126
120
69
35
-17
-41
-57
-92
-77
-32
-8
30
67
111
136
127
147
136
124
96
80
68
14
-27
-56
-65
-84
-99
-91
-67
-44
-25
4
31
47
54
38
25
7
-3
-6
-21
-5
16
39
75
108
125
138
141
125
89
37
-8
-55
-117
-179
-232
-283
-324
-344
-362
-379
-404
-411
-398
-396
-411
-413
-395
-389
-373
-353
-322
-282
-230
-159
-95
-24
42
103
148
192
234
260
285
299
305
314
331
340
338
348
363
365
346
310
277
212
140
73
3
-72
-171
-225
-259
-288
-311
-310
-294
-295
-295
-273
-241
-224
-209
-182
-146
-125
-95
-59
-25
20
56
101
139
171
205
225
229
227
223
192
170
138
96
63
31
3
-18
-30
-46
-38
-32
-25
-11
-3
11
33
39
37
19
6
13
4
-4
4
16
32
44
57
59
54
49
27
8
-23
-53
-80
-104
-115
-115
-112
-101
-89
-79
-53
-35
-28
-7
9
27
52
45
60
66
72
86
82
103
101
101
100
94
89
66
23
-15
-62
-108
-159
-209
-239
-279
-303
-324
-342
-360
-372
-365
-347
-322
-291
-249
-203
-153
-93
-21
58
122
183
249
310
356
394
430
454
472
473
477
473
447
436
419
395
360
327
293
255
208
161
114
61
-5
-79
-130
-181
-216
-241
-250
-234
-223
-196
-160
-119
-79
-45
-13
14
42
66
79
76
78
91
88
93
94
103
113
117
120
112
100
82
54
28
-6
-41
-67
-101
-119
-118
-109
-93
-78
-49
-19
7
30
50
60
62
52
54
48
37
41
34
27
23
6
-12
-33
-59
-86
-110
-142
-173
-200
-222
-244
-254
-263
-275
-266
-261
-243
-220
-194
-161
-121
-81
-46
-15
12
37
57
80
95
113
106
107
101
98
86
66
55
31
1
-36
-71
-120
-178
-223
-248
-273
-308
-320
-317
-309
-283
-244
-193
-148
-99
-27
37
105
169
227
281
327
368
407
440
467
491
505
511
498
480
453
411
367
315
267
214
155
106
68
25
-9
-43
-71
-93
-122
-148
-162
-174
-195
-209
-207
-197
-172
-147
-123
-88
-60
-41
-16
4
16
22
20
20
18
15
3
-3
2
-4
4
11
20
28
16
20
28
21
17
13
1
-1
-5
1
8
16
30
44
67
80
88
101
109
112
109
99
80
51
20
-9
-44
-81
-111
-139
-155
-165
-186
-205
-214
-218
-227
-229
-226
-220
-229
-232
-217
-210
-202
-187
-150
-118
-84
-50
-13
26
58
79
89
94
87
67
49
29
9
-10
-31
-58
-79
-92
-115
-130
-148
-177
-206
-230
-256
-273
-294
-307
-291
-277
-245
-195
-141
-76
-6
60
127
189
243
286
323
354
380
404
413
419
419
398
369
339
308
275
243
198
151
117
70
30
7
-25
-68
-101
-135
-173
-203
-215
-209
-198
-186
-178
-170
-156
-143
-141
-127
-113
-96
-70
-47
-23
-3
8
18
31
46
61
54
41
43
44
30
19
19
32
33
39
58
66
74
71
90
100
98
101
109
125
130
137
150
166
172
189
201
209
220
222
213
193
160
121
81
39
-7
-45
-74
-100
-119
-132
-141
-140
-146
-153
-150
-154
-158
-166
-163
-160
-145
-137
-112
-71
-55
-29
-23
10
36
62
80
83
103
82
56
54
40
4
-32
-56
-84
-112
-148
-161
-171
-183
-184
-189
-170
-176
-171
-159
-168
-152
-147
-107
-79
-48
1
33
84
124
174
207
241
264
282
284
265
252
206
174
132
111
83
35
8
-24
-53
-87
-115
-138
-169
-185
-204
-218
-238
-251
-248
-245
-243
-240
-221
-207
-198
-176
-149
-124
-100
-83
-62
-54
-45
-22
-2
2
5
20
23
15
7
15
16
4
-3
-5
-2
6
23
50
74
96
115
139
162
178
190
191
193
197
200
210
209
207
215
218
214
218
210
198
185
167
153
127
99
57
27
-11
-48
-79
-111
-120
-134
-127
-116
-105
-99
-85
-68
-60
-31
-19
-8
1
6
9
11
13
14
28
29
36
38
38
38
22
20
8
-10
-30
-54
-85
-115
-137
-157
-168
-180
-187
-186
-183
-182
-170
-140
-115
-84
-58
-40
-18
-2
28
53
76
101
124
142
157
177
186
195
202
200
193
177
157
123
83
50
25
-8
-39
-73
-103
-130
-157
-173
-192
-205
-210
-198
-187
-185
-179
-184
-194
-192
-192
-196
-185
-164
-147
-131
-100
-76
-61
-33
-16
8
32
49
56
55
50
50
54
51
48
57
67
81
102
120
134
153
181
206
232
242
254
263
258
246
240
229
216
215
215
214
203
190
175
165
158
151
140
125
103
80
56
30
2
-25
-40
-63
-76
-88
-94
-99
-103
-91
-75
-59
-36
-19
-4
12
21
25
22
24
18
19
11
-4
-12
-27
-37
-39
-39
-51
-54
-50
-60
-71
-82
-91
-105
-115
-114
-120
-129
-133
-136
-138
-129
-105
-79
-60
-37
-16
10
26
34
56
70
83
91
94
93
88
80
79
79
64
59
63
57
37
23
9
-22
-47
-64
-83
-102
-123
-144
-149
-156
-165
-165
-158
-148
-151
-145
-138
-143
-140
-143
-138
-130
-129
-119
-111
-103
-86
-75
-54
-39
-28
-17
-9
-1
10
20
17
20
21
25
26
37
42
56
76
92
114
131
143
151
157
160
165
158
145
125
117
95
81
74
61
48
37
35
20
8
-2
-13
-19
-33
-59
-77
-92
-104
-105
-104
-103
-96
-92
-93
-83
-76
-66
-50
-29
-15
-3
9
7
16
22
28
36
40
40
34
34
34
27
21
13
6
-1
-12
-17
-30
-31
-31
-33
-28
-26
-19
-13
-3
8
12
19
22
24
37
41
50
56
69
77
74
78
81
75
73
83
83
76
65
61
46
31
20
6
2
-2
-9
-18
-33
-49
-58
-62
-71
-72
-62
-60
-64
-65
-66
-68
-67
-64
-57
-58
-63
-60
-65
-72
-78
-86
-84
-82
-76
-72
-68
-62
-66
-64
-57
-49
-43
-33
-23
-16
-7
-2
8
12
27
37
53
74
87
104
119
132
133
134
141
142
135
131
125
109
94
82
67
56
47
28
17
9
1
-5
-17
-27
-41
-54
-69
-77
-83
-87
-82
-73
-73
-71
-61
-61
-50
-38
-22
-9
6
15
22
34
40
51
56
59
59
62
62
55
51
53
51
41
35
28
26
23
21
20
19
18
19
17
14
12
11
14
20
23
23
22
22
26
30
37
43
41
38
40
40
34
27
25
18
11
6
-5
-13
-10
-11
-15
-14
-17
-17
-17
-19
-25
-33
-36
-42
-39
-40
-52
-55
-54
-53
-55
-56
-50
-46
-48
-48
-48
-53
-61
-69
-70
-73
-75
-73
-80
-84
-86
-86
-83
-74
-60
-45
-34
-19
-3
7
14
25
42
52
62
74
84
90
95
94
105
105
101
106
100
91
85
71
61
48
30
10
-6
-19
-31
-44
-65
-78
-83
-94
-105
-106
-110
-113
-112
-105
-105
-104
-96
-81
-66
-51
-42
-39
-24
-14
-4
8
21
36
48
57
64
69
68
66
65
70
64
57
54
49
41
35
32
33
34
33
35
34
34
39
39
42
40
42
43
40
38
41
44
44
