-2
-8
7
-2
4
6
3
1
3
-2
-10
-8
-1
-10
-18
-23
-15
-10
-14
-15
6
8
-17
0
-8
7
-13
17
-9
-24
18
-12
15
-19
21
1
-3
3
-9
13
-2
11
3
24
6
47
35
49
37
24
28
-1
36
-3
32
4
-10
-28
-16
-7
-33
-4
-26
-2
-5
6
2
-5
21
6
-21
-4
-2
4
2
-22
-18
-32
-15
14
-5
10
6
0
12
-13
26
20
20
32
-18
16
5
18
25
11
28
-25
-2
-16
-30
-22
-11
-1
-35
10
21
41
51
50
55
22
23
31
20
7
21
-1
3
0
-14
25
-2
-4
49
-39
40
-22
0
11
-68
99
-56
38
-18
2
26
-63
37
-119
-31
-92
-9
-20
-98
-29
-65
-20
-35
46
12
-46
-49
-22
-43
-79
11
-17
-37
-12
-18
-4
-43
-1
29
-24
-15
-13
-9
54
-39
41
24
2
70
17
78
-2
25
7
-11
1
-1
-5
-2
23
-29
48
-30
68
49
-24
64
-1
35
-35
7
46
-86
8
-10
12
-12
-37
-50
-38
-87
-15
35
-22
10
-34
82
-52
8
62
74
40
34
-18
-6
11
-11
42
15
-12
63
-7
26
58
-15
113
-75
41
25
-86
146
-70
77
51
-83
57
55
0
29
-72
54
-125
-86
84
-186
132
-113
96
40
-87
98
-79
123
43
-56
114
-91
21
25
-90
127
-72
10
83
-1
-10
-40
27
19
-46
-38
10
0
28
-35
-5
40
-98
-26
79
-48
6
-34
26
32
-91
19
30
58
117
101
45
90
-101
90
48
61
107
-41
129
-81
22
-29
51
-13
-20
19
-48
-40
-117
-30
-86
-18
6
-89
1
-57
-27
9
-9
7
-55
11
-104
-8
-6
-31
77
5
59
47
37
50
33
115
-9
-27
106
-54
-16
133
9
0
79
46
-15
-31
44
-21
35
3
61
38
44
89
86
107
93
87
61
92
83
-10
89
12
-15
63
-29
85
2
-49
-43
-18
30
-61
-87
2
-158
-85
-22
-70
1
-65
48
-40
-91
-66
-4
-22
-32
-76
-48
1
-47
-12
-14
90
-44
0
-21
-82
-105
-91
-101
-188
-128
-119
-15
-44
-2
-21
110
16
19
28
-18
-24
-78
-19
-169
-42
-81
88
72
44
75
70
104
-77
31
52
-31
-4
41
-7
-15
-31
-6
61
34
-24
-13
-79
-109
-64
-4
-4
-67
81
71
55
158
103
80
58
26
100
-84
-18
7
-86
22
-14
45
48
57
75
84
-6
24
-16
10
-40
-26
75
11
67
54
41
-17
47
90
96
64
-2
-32
-48
-10
-2
11
-60
-91
-90
-51
-80
-75
-85
-56
-143
-131
-70
-85
-42
-98
0
-41
-46
-25
-31
-56
-64
-43
-62
-50
-36
-35
-23
23
-8
16
-20
-10
-76
-101
-47
-85
-12
-114
79
80
49
167
114
128
18
122
87
-46
-88
-111
-141
-111
-121
-74
-59
-59
-24
-31
-13
-28
-56
-83
-101
-175
-85
-75
-12
-28
58
53
26
55
63
82
23
114
51
92
98
150
157
108
143
111
66
5
20
21
-20
7
23
19
8
29
44
-20
-7
7
30
27
-11
34
-51
-40
-67
-31
15
24
112
124
97
33
60
45
41
101
84
14
-43
-55
-62
-78
-48
-36
-29
-38
-30
-86
-127
-48
-34
-1
-16
-7
-15
-70
-13
-20
-38
-58
-68
-53
-44
-31
-12
57
36
34
87
109
78
74
65
70
3
1
-52
-46
-26
-105
-52
-48
-59
-65
-26
-37
-33
-17
47
96
100
43
49
101
44
22
54
77
21
29
52
2
5
25
44
22
-12
-39
-26
-51
-33
-14
-13
-55
-45
-21
-80
-31
-63
-34
-78
-32
-24
-52
-21
-13
3
-38
-7
-11
24
27
21
-3
-25
-31
-42
-42
-61
-90
-122
-135
-123
-129
-89
-76
-93
-74
-52
-27
7
18
8
-9
-40
-61
-65
2
28
48
47
12
12
14
26
34
33
10
11
0
-23
-26
-25
-24
-47
-51
-83
-43
-19
40
42
37
58
51
100
101
128
110
118
107
76
65
53
40
-6
-12
-30
-61
-93
-58
-25
-5
-7
12
-15
-23
-5
-38
-23
-50
-24
6
37
66
68
74
80
127
126
145
129
103
25
4
-21
-36
-31
-51
-27
-50
-32
-69
-67
-88
-91
-64
-74
-45
-40
-31
-37
-41
-42
-13
-40
-51
-60
-58
-34
-27
-29
-72
-64
-43
18
39
46
54
17
17
-8
-8
-29
-62
-79
-91
-76
-72
-25
-22
20
54
86
109
119
145
145
140
124
125
97
92
54
49
37
31
57
66
88
80
87
69
52
35
11
11
16
53
55
33
18
-1
17
0
-33
-44
-79
-83
-56
-37
-24
-9
-5
-1
-17
4
19
17
-26
-73
-102
-150
-165
-183
-201
-196
-205
-190
-148
-125
-130
-156
-186
-211
-211
-239
-233
-250
-290
-291
-272
-259
-290
-316
-387
-481
-603
-754
-869
-970
-1058
-1102
-1007
-790
-506
-121
297
700
1036
1407
1716
1885
1865
1759
1572
1217
943
677
443
255
130
69
64
136
141
104
52
-49
-161
-247
-349
-364
-330
-270
-144
60
330
507
702
824
875
904
906
864
775
715
669
678
660
654
590
540
434
274
143
-21
-165
-293
-363
-393
-376
-339
-266
-239
-223
-227
-297
-369
-467
-518
-575
-581
-554
-492
-391
-296
-200
-139
-114
-160
-218
-317
-438
-561
-693
-784
-863
-890
-900
-921
-936
-977
-1041
-1182
-1359
-1560
-1794
-2018
-2270
-2400
-2549
-2418
-1492
-404
606
1101
2082
2601
2801
3500
3665
3282
2174
1732
847
112
-235
-309
-506
-808
-517
-368
158
116
115
-323
-735
-822
-998
-946
-1193
-878
-748
-404
76
695
1169
1118
1113
886
970
888
1012
859
725
805
881
996
833
826
462
138
-222
-411
-483
-621
-658
-753
-517
-310
30
156
251
362
293
392
417
576
479
550
640
770
1087
1263
1299
1023
925
617
409
69
-122
-248
-478
-517
-546
-305
-301
-271
-326
-313
-313
-287
-317
-396
-284
-221
-47
33
249
388
433
395
346
350
196
29
-222
-376
-501
-576
-692
-754
-711
-668
-640
-654
-662
-730
-839
-1004
-1045
-1075
-1117
-1210
-1316
-1459
-1529
-1792
-2037
-2441
-2706
-3018
-3110
-1799
-457
898
1279
2470
3045
3347
4327
4375
3868
2023
1414
152
-693
-1199
-1259
-1341
-1856
-1386
-1093
-34
-162
-125
-709
-1116
-1018
-1073
-733
-1133
-542
-375
164
664
1438
1879
1424
1231
713
805
660
906
640
534
751
903
1121
920
898
303
-41
-425
-472
-285
-200
-58
-74
365
666
964
931
767
543
182
-39
-291
-285
-384
-370
-309
33
421
674
714
694
808
922
1004
751
790
551
627
532
539
450
-50
-283
-782
-875
-889
-893
-1028
-1005
-733
-227
161
504
797
777
879
746
745
565
177
-195
-560
-706
-732
-765
-892
-970
-951
-789
-639
-439
-314
-226
-215
-121
35
70
4
-216
-471
-683
-855
-1063
-1414
-1731
-2032
-2386
-2541
-2606
-2743
-2880
-3052
-2970
-1528
334
1938
2124
2865
3469
3561
4554
4635
4040
1813
772
-301
-1193
-1464
-1505
-1454
-2076
-1657
-1138
27
-19
-241
-806
-1295
-1036
-798
-204
-506
-3
359
877
1387
1977
2275
1472
857
238
268
228
425
310
167
446
829
1148
920
721
193
-202
-438
-344
25
275
475
587
921
1190
1261
942
349
-251
-740
-1017
-1176
-1120
-990
-833
-561
-110
369
664
680
550
480
549
792
931
1046
1093
1067
1031
837
786
312
-280
-864
-1296
-1276
-1298
-1236
-1123
-770
-311
81
411
691
730
633
439
237
184
-64
-381
-648
-741
-675
-685
-767
-884
-841
-673
-523
-342
-124
97
262
385
567
630
541
231
-110
-401
-723
-961
-1286
-1486
-1639
-1697
-1680
-1661
-1693
-1812
-2035
-2295
-2589
-2753
-3149
-2158
7
2102
3178
3439
4439
3981
4498
4794
4204
2166
56
-743
-2117
-2314
-2120
-1361
-1807
-1919
-1322
-319
274
-93
-218
-1085
-970
-426
445
677
810
1305
1070
1113
1357
1767
1086
81
-566
-696
-304
257
781
766
792
928
1072
861
487
-43
-695
-1032
-852
-170
405
662
769
758
821
753
381
-209
-805
-1187
-1400
-1217
-751
-335
-70
105
398
697
905
771
413
91
63
409
789
1088
1166
1060
740
368
181
39
-503
-1014
-1374
-1291
-873
-504
52
196
454
574
670
805
695
522
260
138
196
285
154
-67
-456
-697
-903
-1032
-1052
-1029
-900
-676
-275
225
732
900
860
712
583
289
-176
-615
-919
-1155
-1354
-1421
-1516
-1567
-1718
-1841
-1925
-2115
-2221
-2416
-2685
-2714
-2704
-2567
-2616
-716
2060
4057
4247
4199
4553
3501
4012
3903
2967
437
-1160
-1781
-2738
-2376
-1854
-1169
-1889
-1870
-1059
286
722
466
311
-352
22
646
1495
1367
1301
1171
538
464
782
1060
135
-747
-1154
-783
18
875
1382
1258
1101
1030
994
772
436
-206
-697
-709
-217
656
1152
1174
841
433
182
-207
-520
-962
-1278
-1425
-1250
-669
-81
282
207
125
135
324
373
347
189
139
300
821
1270
1523
1539
1069
632
-90
-129
-726
-1187
-1424
-1584
-1060
-761
-200
86
454
600
660
685
800
676
446
348
253
453
236
-82
-492
-834
-1105
-1252
-1252
-1103
-773
-393
101
511
920
1113
921
599
374
92
-266
-694
-976
-1108
-1267
-1239
-1331
-1280
-1377
-1555
-1545
-1459
-1368
-1600
-1631
-2004
-2014
-2254
-2483
-2831
-2449
311
2807
4400
3942
4298
3695
2982
3650
3294
1915
-923
-1704
-2643
-2787
-2030
-1027
-796
-1715
-1313
-316
976
797
648
127
-353
161
1061
1743
1233
1031
437
-134
-174
276
309
-638
-1170
-1032
-93
1024
1929
2133
1568
1084
829
566
186
-224
-596
-793
-550
175
995
1211
827
163
-331
-525
-582
-608
-794
-846
-681
-205
353
679
646
243
-79
-110
134
366
384
331
416
635
1539
1806
1769
1131
276
-511
-1255
-606
-829
-863
-985
-807
-332
145
509
451
373
-13
-103
-40
392
315
246
86
54
217
88
-378
-946
-1179
-1338
-1070
-751
-263
159
404
651
812
892
683
197
-302
-527
-708
-713
-770
-730
-741
-925
-833
-911
-1022
-1246
-1480
-1680
-1687
-1742
-1802
-1758
-1959
-2053
-2466
-2502
-2552
-511
2478
4440
4547
4088
4001
2727
3316
3537
2714
184
-1509
-2107
-2885
-2234
-1378
-690
-1564
-1925
-1116
346
1006
850
622
-98
-49
711
1648
1490
908
351
-435
-623
-76
579
121
-701
-1002
-619
418
1450
1826
1257
523
232
146
158
84
-137
-395
-368
143
942
1371
1088
320
-380
-584
-463
-145
-100
-225
-288
-211
40
211
221
-157
-549
-574
-75
496
933
973
1162
1673
1766
1672
1102
773
-176
-578
-774
-919
-766
-908
-874
-930
-253
37
219
-30
-79
26
281
619
756
889
571
374
251
202
-289
-848
-1431
-1690
-1471
-1034
-476
-145
174
443
688
845
864
532
-43
-516
-651
-598
-571
-582
-703
-894
-979
-1030
-1054
-1207
-1708
-1951
-2076
-2004
-1980
-1987
-2035
-2269
-2325
-2467
-2499
-2588
-1170
1816
4191
4952
4404
4276
2935
2644
3385
3172
1414
-700
-1259
-2366
-2381
-1706
-768
-1262
-2151
-1606
-281
1026
1073
1123
478
-18
252
1131
1502
972
599
-127
-382
-85
730
792
-106
-827
-1071
-276
775
1608
1471
782
333
185
196
170
209
-30
-188
-10
720
1441
1418
792
-96
-571
-677
-385
-116
-127
-255
-400
-341
-299
-125
-234
-508
-630
-292
444
1068
1330
1305
1155
1033
1335
1093
940
283
-383
-992
-968
-83
-25
-194
-703
-861
-859
-442
-182
143
216
271
440
762
1100
778
350
-297
-499
-517
-446
-694
-933
-1064
-989
-673
-335
2
147
208
201
434
543
596
206
-251
-567
-810
-712
-803
-828
-1074
-1273
-1401
-1538
-1777
-1978
-2291
-2617
-2672
-2522
-2232
-2243
-2315
-2440
-2373
-1561
1544
4500
5627
4736
4052
3125
2243
3644
4233
2976
20
-1213
-2303
-2976
-2390
-1356
-1151
-2360
-2194
-957
838
1252
1147
594
-14
148
1022
2050
1910
1440
466
-250
-130
562
878
-22
-935
-1373
-1072
0
1218
1606
901
84
-231
-48
142
296
193
-72
-92
390
1295
1596
1078
139
-543
-698
-498
3
239
8
-482
-747
-666
-478
-396
-507
-543
-353
240
828
1294
1436
1322
1219
1069
1112
951
932
607
120
-373
-799
-927
-1067
-1063
-1083
-727
-322
161
463
703
770
696
729
614
605
501
415
119
-262
-611
-954
-1300
-1479
-1415
-1095
-727
-401
30
308
538
501
474
344
99
-64
-247
-284
-443
-593
-805
-1103
-1300
-1469
-1547
-1680
-1836
-1921
-2009
-1995
-2133
-2056
-2213
-2280
-2359
-2265
-2125
-1569
1497
4283
5481
4315
3442
2317
1235
2974
4353
4043
1152
-373
-1796
-3022
-2826
-1642
-762
-1891
-1830
-790
988
1183
883
225
-830
-753
185
1904
2241
2103
1131
17
-298
195
795
183
-424
-824
-481
396
1631
2085
1105
-118
-850
-734
-425
154
481
384
114
217
881
1250
1036
354
-131
-335
-77
483
724
286
-529
-1059
-1231
-948
-574
-456
-552
-593
-320
-15
347
465
518
304
941
2063
2338
2246
1157
256
-1025
-802
-122
-168
-304
-948
-1177
-1442
-878
-431
-40
-259
-187
49
613
1057
840
769
168
116
159
258
-27
-659
-1167
-1439
-1297
-846
-316
-112
2
-16
114
207
223
29
-442
-606
-528
-210
-59
-227
-787
-1283
-1652
-1898
-1988
-2030
-2003
-2403
-2486
-2548
-2431
-2391
-2503
-2433
-2587
-606
2796
5026
4637
3051
2374
1050
1968
4473
5692
3729
674
-714
-2430
-2638
-1687
60
-377
-1819
-1942
-1126
-209
-671
-667
-1271
-1129
-253
1389
2561
2234
1488
-83
-529
58
1623
2252
1732
920
45
-33
386
1253
981
67
-777
-816
-492
-267
36
-206
-588
-854
-30
1100
1686
1441
714
153
-154
255
831
1118
724
1
-547
-775
-654
-703
-914
-1078
-876
-419
19
569
790
517
190
510
1087
1433
1636
1298
493
-279
-321
-179
-207
-382
-640
-781
-742
-337
10
-34
-486
-794
-612
-22
686
1180
1240
782
251
-165
-471
-717
-906
-927
-781
-363
102
344
160
-258
-657
-778
-546
-161
136
88
-112
-338
-400
-427
-540
-844
-1242
-1516
-1728
-1858
-1976
-2017
-2315
-2585
-2611
-2495
-2494
-2397
-2458
-985
2286
4390
4005
2225
1708
761
1688
4833
6491
4644
1213
-432
-2053
-2272
-590
1594
1025
-1174
-2283
-2316
-1792
-1711
-947
-908
-954
-508
353
830
404
8
-606
-381
889
2830
3493
2534
1110
-293
-651
230
1999
2702
1931
646
-576
-1449
-1831
-1448
-1065
-767
-573
-37
594
666
231
-564
-836
-563
337
1472
2125
1778
575
-524
-974
-643
-129
311
554
413
76
-463
-572
-572
-368
449
786
1406
1321
1119
293
-333
-46
-323
103
278
509
62
-495
-755
-824
-709
-478
-7
240
494
230
261
73
107
216
144
86
-129
-359
-657
-780
-745
-491
-334
-128
-37
-85
-164
-199
-280
-402
-316
-84
18
-138
-274
-410
-674
-1022
-1434
-1558
-1698
-1976
-2215
-2488
-2491
-2679
-2836
-3040
-2793
-2527
-1090
2149
4168
3447
1189
797
613
1813
5377
7464
5423
1240
-443
-1506
-1753
216
2942
2493
-839
-2660
-2919
-2520
-2069
-788
-412
-1129
-1316
-1118
-1013
-1339
-954
-528
83
1378
2825
3163
1949
778
60
333
1781
3668
4115
2594
752
-793
-1655
-1580
-400
483
338
-420
-1197
-1596
-1729
-1509
-1331
-860
-298
187
445
546
423
-117
-494
-227
687
1401
1502
1197
629
66
-211
78
750
933
780
284
72
115
80
125
-246
-370
-563
-565
-429
-406
-312
-378
-445
-420
-215
40
152
63
178
390
652
905
947
756
275
-162
-255
-223
-198
-279
-434
-555
-768
-766
-658
-472
-398
-313
-153
-113
-189
-347
-369
-292
-143
-147
-332
-524
-834
-1294
-1693
-1773
-1784
-1975
-2281
-2556
-2866
-3149
-3261
-2707
13
2783
2960
671
-464
28
586
3385
6636
6624
2770
78
-218
-598
453
3267
4510
1417
-1962
-2703
-2246
-1625
-403
638
-388
-1837
-2446
-2649
-2675
-1942
-858
-573
-97
815
1230
713
341
650
1169
2347
3921
4535
3333
1588
634
514
1135
2004
2344
1524
-51
-1443
-1986
-1599
-1022
-857
-1104
-1425
-1766
-1980
-1772
-1213
-689
-468
-295
-94
70
181
416
932
1377
1668
1678
1857
1901
1555
1282
1150
1355
1331
1381
989
152
-533
-1114
-1317
-1236
-769
-582
-962
-1506
-1828
-1892
-1520
-799
-89
296
229
76
-9
291
740
987
1069
1076
945
606
240
-13
-206
-184
-40
-60
-239
-543
-812
-1127
-1230
-1065
-856
-841
-917
-976
-1180
-1364
-1385
-1211
-1113
-1120
-1194
-1463
-1765
-2065
-2203
-2422
-2461
-2287
-1262
1090
2474
1463
-658
-654
261
1698
4568
6179
3979
-59
-880
-37
575
2395
4617
3606
-756
-3132
-2507
-1110
264
1699
1467
-900
-2639
-2836
-2367
-1581
-302
155
-561
-927
-700
-543
-497
224
1060
1434
2040
2731
2634
1663
1185
1523
2020
2536
2851
2430
1199
11
-420
-179
331
396
-311
-1299
-1968
-2177
-2055
-1527
-1012
-1034
-1552
-1864
-1665
-1237
-729
-127
464
772
695
678
948
1370
1759
1896
1945
1728
1732
1632
1433
1274
948
531
5
-151
-354
-750
-1130
-1424
-1562
-1622
-1476
-1268
-1261
-1401
-1556
-1445
-956
-313
222
395
377
225
203
441
858
1116
1040
916
731
536
328
345
386
285
13
-258
-443
-752
-1048
-1369
-1569
-1613
-1643
-1761
-2063
-2162
-2333
-2430
-2418
-2360
-2430
-2714
-2666
-2310
-231
2042
2181
194
-524
839
1851
3747
5823
5329
1678
-268
985
1843
2620
4253
4680
1067
-2776
-2924
-1180
219
1124
1328
-743
-3287
-3868
-3039
-1909
-666
61
-897
-2171
-2066
-1241
-710
-3
1097
1485
1315
1652
2124
1962
1702
2207
2726
2681
2601
2465
1960
1210
849
857
914
824
100
-990
-1794
-1879
-1741
-1618
-1472
-1662
-2184
-2676
-2435
-1769
-1213
-832
-586
-343
-292
166
930
1455
1580
1622
1861
1865
2095
2279
2049
1653
1596
1609
1141
622
342
-71
-712
-1142
-1160
-1118
-1181
-1231
-1411
-1651
-1778
-1660
-1460
-1145
-808
-727
-648
-390
-11
246
489
730
844
893
959
1037
909
805
849
912
824
549
253
-94
-356
-551
-868
-1140
-1370
-1619
-2025
-2318
-2308
-2321
-2464
-2750
-2916
-3186
-3260
-3139
-2073
157
1360
326
-1375
-606
1030
2323
4235
5383
3577
449
605
2526
3327
3940
5036
4046
167
-1992
-984
642
1271
1450
431
-2248
-3931
-3558
-2407
-1441
-587
-922
-2646
-3496
-2631
-1452
-892
-188
464
276
171
929
1686
1667
1756
2366
2677
2603
2639
2671
2389
2043
1996
1969
1837
1443
658
-207
-701
-728
-836
-1000
-1282
-1837
-2518
-2824
-2486
-2070
-1899
-1931
-1819
-1630
-1319
-622
169
540
594
796
1177
1538
2055
2345
2121
1993
2238
2313
1900
1656
1588
1175
533
192
105
-94
-329
-516
-853
-1303
-1550
-1638
-1749
-1702
-1473
-1401
-1407
-1256
-990
-782
-546
-154
232
564
736
763
593
526
766
1048
1217
1209
1105
787
476
289
22
-297
-580
-909
-1292
-1565
-1709
-2000
-2428
-2819
-3192
-3496
-3598
-3385
-3070
-1781
-343
-417
-1951
-2238
-521
924
2452
4007
3808
1238
-8
1818
3456
4035
4879
5256
2840
-70
-122
1537
2519
2479
1793
-320
-2531
-2944
-2002
-1036
-534
-826
-2580
-4196
-3912
-2463
-1519
-1157
-824
-1022
-1353
-731
545
1248
1352
1684
1998
1969
2064
2483
2821
2774
2596
2503
2398
2224
1874
1411
930
597
290
-19
-215
-545
-1201
-1881
-2039
-1890
-1896
-2051
-2101
-2036
-1994
-1737
-1350
-947
-651
-486
-161
304
826
1021
975
1083
1344
1754
1970
1960
1737
1415
1118
900
973
1149
1096
588
-102
-602
-779
-710
-592
-523
-741
-1213
-1617
-1713
-1488
-1209
-1061
-992
-862
-627
-371
-207
-136
-47
97
328
609
862
934
782
651
584
517
472
420
304
28
-250
-496
-843
-1226
-1613
-1910
-2239
-2499
-2667
-2676
-2724
-2715
-1875
-1041
-1285
-2289
-2021
-718
285
1442
2317
1714
27
174
1992
3080
3499
4160
4134
2231
779
1406
2658
3004
2680
1814
81
-1152
-972
-306
-146
-428
-1230
-2625
-3291
-2575
-1636
-1554
-1826
-1858
-1915
-1684
-809
-38
-23
-178
146
534
781
1341
2005
2190
1966
1830
1905
2075
2293
2392
2171
1696
1259
1052
995
824
307
-383
-922
-1059
-1019
-1059
-1274
-1503
-1677
-1852
-1704
-1401
-1122
-1103
-955
-710
-526
-227
118
332
280
433
745
922
984
1180
1251
1010
916
1100
1212
1044
822
631
394
272
370
373
122
-335
-747
-977
-974
-793
-702
-731
-851
-954
-1062
-987
-778
-637
-562
-478
-335
-313
-280
-148
-6
62
113
238
312
277
205
86
-129
-374
-550
-800
-1047
-1266
-1469
-1663
-1928
-2083
-2258
-1966
-1042
-494
-1106
-2095
-1724
-742
188
1242
1859
1008
-352
71
1473
2307
2802
3518
3257
1635
851
1659
2604
2702
2546
1947
651
-180
-6
321
205
-12
-552
-1612
-2241
-1912
-1441
-1500
-1592
-1487
-1583
-1591
-1197
-836
-923
-864
-375
-2
207
595
999
978
816
1045
1461
1792
1984
1950
1646
1334
1323
1415
1391
1180
749
245
-123
-204
-253
-374
-529
-761
-987
-1179
-1180
-1112
-891
-689
-649
-691
-667
-455
-344
-343
-351
-249
-21
218
395
437
419
397
388
444
610
722
624
474
461
534
524
439
344
195
18
-122
-166
-127
-107
-200
-410
-560
-541
-445
-401
-412
-457
-581
-724
-684
-463
-266
-245
-262
-236
-234
-267
-236
-113
-97
-219
-459
-706
-947
-1064
-1105
-1207
-1378
-1551
-1692
-1832
-1464
-750
-481
-1027
-1431
-1033
-514
143
1002
1404
704
4
382
1112
1593
2142
2701
2374
1468
1161
1555
1971
2204
2218
1651
866
505
462
320
193
110
-352
-1028
-1242
-1034
-1036
-1286
-1449
-1538
-1634
-1454
-1038
-824
-915
-899
-668
-390
-78
296
591
639
618
791
1115
1422
1613
1675
1611
1465
1405
1393
1371
1215
912
562
289
213
168
15
-263
-497
-693
-868
-846
-669
-553
-654
-740
-752
-700
-562
-425
-383
-416
-312
-74
123
165
99
17
13
131
303
394
379
352
305
282
297
298
239
166
153
93
-27
-121
-123
-126
-201
-241
-207
-183
-270
-403
-470
-454
-412
-373
-255
-159
-213
-399
-464
-313
-159
-125
-157
-153
-258
-488
-607
-540
-489
-696
-952
-1085
-1155
-1249
-1340
-1372
-1437
-1419
-1148
-734
-517
-584
-636
-577
-382
111
707
862
623
599
791
862
1072
1692
2081
1795
1485
1594
1705
1579
1594
1626
1299
901
805
716
387
102
-10
-242
-552
-611
-570
-744
-1008
-1101
-1083
-990
-761
-613
-713
-833
-714
-513
-357
-104
206
341
284
345
607
911
1155
1312
1324
1214
1139
1077
1006
983
988
796
411
158
82
-11
-187
-298
-354
-445
-526
-515
-497
-540
-565
-521
-383
-253
-234
-334
-360
-206
-55
-32
-42
27
41
-49
-62
66
196
197
162
82
-56
-129
-62
89
151
89
-79
-223
-207
-90
-23
-48
-95
-148
-208
-176
-52
8
-17
-47
-13
-23
-82
-77
28
122
54
-41
-60
-38
-78
-167
-234
-322
-418
-526
-631
-645
-658
-700
-804
-883
-898
-911
-873
-774
-651
-673
-826
-915
-876
-772
-595
-284
6
46
-72
-60
129
313
503
730
882
861
791
808
841
872
928
1005
1051
1038
964
835
715
641
568
513
478
428
258
5
-149
-199
-260
-408
-487
-490
-567
-735
-811
-697
-560
-461
-347
-244
-154
-31
132
275
381
482
528
574
675
757
735
621
515
439
383
359
332
222
108
56
74
51
-59
-148
-214
-263
-255
-160
-99
-146
-198
-125
-35
10
53
104
150
144
153
192
209
191
142
83
32
26
44
23
-25
-69
-122
-135
-111
-111
-134
-154
-110
-112
-118
-66
-32
-67
-125
-90
14
103
132
154
202
226
235
254
342
377
289
146
45
35
-17
-99
-169
-277
-412
-555
-580
-566
-565
-576
-636
-698
-692
-623
-536
-455
-397
-335
-350
-312
-264
-228
-168
-110
-9
75
169
195
163
152
193
235
224
199
195
204
166
87
16
-46
-127
-157
-123
-97
-169
-294
-387
-425
-385
-322
-273
-320
-380
-444
-470
-408
-261
-118
-45
37
94
158
270
461
615
653
680
677
639
610
633
698
675
581
443
318
231
124
33
-39
-70
-56
-78
-165
-258
-287
-327
-311
-172
-25
-11
-55
-50
-23
49
170
310
357
372
370
321
278
291
388
401
314
258
233
194
112
90
80
-7
-16
-1
27
-30
-100
-123
-140
-54
30
65
-10
-72
-79
-44
25
131
264
326
388
364
297
247
274
307
309
328
300
210
20
-94
-145
-179
-190
-198
-197
-286
-409
-541
-579
-499
-393
-339
-369
-419
-506
-542
-485
-385
-297
-217
-163
-103
-51
-9
65
218
335
356
317
350
381
403
506
531
505
397
284
210
227
247
138
-53
-215
-362
-510
-577
-635
-689
-787
-854
-937
-968
-978
-951
-847
-798
-710
-628
-506
-380
-227
-89
-26
34
144
236
342
474
502
496
384
307
274
305
345
286
247
183
126
42
-18
13
0
-53
-138
-162
-130
-116
-45
11
57
110
106
161
227
291
348
302
338
334
327
275
182
232
199
154
105
4
-69
-114
-149
-155
-208
-271
-259
-258
-234
-221
-227
-214
-240
-191
-111
14
116
229
328
316
385
378
390
461
470
557
510
455
408
338
311
283
304
242
152
36
-93
-193
-221
-212
-190
-171
-160
-286
-351
-353
-377
-392
-324
-239
-220
-221
-236
-188
-165
49
160
236
316
306
335
286
430
524
490
506
504
468
461
487
451
393
275
195
94
-60
-130
-180
-304
-329
-359
-451
-455
-518
-483
-546
-562
-521
-510
-495
-450
-328
-250
-186
-135
-51
-95
-43
63
90
100
95
29
16
96
205
191
77
91
-53
-111
-139
-68
-60
-100
-202
-284
-236
-289
-198
-177
-165
-193
-203
-134
-141
-51
123
68
38
103
92
117
211
223
187
230
158
144
60
63
85
-8
-3
-96
-90
-118
-161
-145
-174
-199
-225
-247
-325
-238
-204
-126
-84
-39
-32
-37
3
47
134
111
197
195
215
267
329
369
297
232
224
143
163
157
154
82
-24
-36
-107
-93
-143
-184
-288
-426
-361
-351
-291
-202
-160
-128
-148
-152
-41
138
199
398
349
395
444
496
676
661
767
679
678
641
553
531
550
416
281
185
87
44
16
-48
-154
-228
-353
-351
-328
-288
-313
-282
-389
-366
-243
-196
-63
-26
19
-2
18
112
81
137
183
165
236
152
83
98
29
-77
-79
-85
-222
-220
-275
-359
-338
-290
-299
-303
-290
-304
-239
-212
-102
-114
64
55
16
80
92
126
94
213
251
182
135
266
209
56
166
122
45
22
40
-87
-149
-147
-253
-198
-187
-237
-313
-245
-257
-333
-217
-271
-126
-185
-168
-41
-86
57
16
104
48
36
135
155
147
247
206
132
168
73
179
147
191
260
106
63
23
-47
-204
-175
-169
-264
-329
-397
-375
-502
-438
-399
-338
-331
-307
-294
-163
-54
15
201
99
125
218
299
447
564
473
488
371
423
406
407
441
315
324
165
173
116
193
91
-68
-83
-314
-297
-366
-288
-315
-434
-381
-402
-302
-257
-181
-114
-138
-60
22
28
139
194
234
296
331
291
214
230
156
209
92
52
99
82
20
-24
-16
-65
-52
-80
-15
-102
-86
-38
-24
10
-11
56
18
57
117
125
163
257
232
302
336
342
325
255
344
168
242
205
166
123
50
36
-107
-70
-166
-125
-140
-300
-270
-383
-350
-349
-289
-198
-289
-167
-214
-125
-48
17
15
100
304
121
340
252
314
291
255
444
288
356
307
247
226
116
-3
-42
-121
-180
-164
-218
-386
-418
-407
-412
-301
-378
-360
-475
-411
-266
-210
-67
-127
-68
-74
-63
78
153
286
365
316
328
270
342
298
165
310
175
118
26
-2
-57
-157
-103
-219
-283
-273
-383
-374
-314
-481
-331
-323
-269
-201
-288
-277
-246
-133
-147
-162
-87
-122
-53
15
-14
-83
-52
-60
-123
-10
22
-12
-6
-58
-36
46
53
33
52
3
3
35
61
68
40
166
137
126
68
120
226
190
265
243
232
238
278
307
335
362
325
357
389
335
246
256
268
222
270
161
126
70
-22
-6
-115
-1
-108
-148
-146
-229
-181
-249
-147
-156
-120
-95
-144
-124
-154
-13
25
47
124
137
109
87
174
171
226
163
181
159
12
31
-36
-27
-119
-222
-176
-235
-226
-306
-375
-415
-406
-376
-349
-178
-270
-221
-110
-114
-15
-16
114
141
99
209
212
155
323
178
202
135
60
114
-66
-33
-21
-52
-116
-129
-180
-289
-313
-407
-345
-381
-190
-114
-366
-197
-302
-296
-282
-209
-125
-225
-167
-48
-131
-104
-38
3
52
2
10
-50
12
29
77
15
67
-47
-59
-53
-50
34
-139
74
4
0
79
-19
160
135
151
161
163
232
190
249
262
320
261
265
325
325
337
321
377
405
322
318
311
301
258
268
276
157
122
132
125
31
38
9
-94
-114
-92
-100
-99
-81
-158
-131
-87
-97
-18
9
-21
2
-52
-25
0
94
137
112
160
51
4
23
3
12
-17
-24
-121
-197
-257
-269
-252
-304
-313
-379
-369
-382
-412
-325
-301
-224
-227
-175
-89
-85
29
118
127
144
170
250
252
339
390
360
329
257
321
256
234
256
174
195
87
-24
44
-52
-113
-62
-159
-195
-175
-179
-121
-198
-172
-155
-282
-208
-170
-141
-59
-126
-94
-39
-71
-49
-8
-48
-60
-104
-29
-108
-129
-108
-92
-91
-224
-43
-195
-208
-150
-142
-65
-121
-51
-39
-35
-61
-87
-37
9
14
90
99
79
91
106
202
206
227
267
168
245
237
250
254
228
252
110
138
91
52
95
14
49
-35
-64
-61
-122
-25
-138
-185
-143
-157
-150
-176
-92
-105
-107
-84
-64
-12
-19
81
109
109
176
138
137
145
141
131
139
141
36
94
40
41
37
-72
-86
-224
-167
-197
-218
-210
-293
-300
-229
-250
-274
-199
-175
-133
-112
-52
-38
-33
87
95
143
215
222
255
141
202
172
192
250
151
190
87
88
90
21
126
82
57
29
0
-30
7
-3
17
-31
24
9
-42
115
26
84
131
102
82
74
123
109
70
115
53
-2
28
-20
5
-58
-81
-35
-107
-176
-135
-132
-111
-163
-67
-94
-153
-95
-178
-93
-186
-48
2
5
4
-56
44
-37
92
89
135
123
98
156
78
101
66
101
106
32
32
26
40
-16
-34
-18
-106
-70
-121
-107
-144
-175
-123
-153
-152
-163
-76
-88
-48
-66
-108
-46
-92
-41
-2
-25
7
21
72
76
24
122
27
34
20
-15
29
-20
19
-67
-38
-6
-33
-77
-65
-16
-117
-44
-60
-52
-35
-74
45
-39
-24
52
56
65
112
82
116
142
90
168
162
128
183
130
169
113
97
119
26
54
34
82
0
-3
-47
-88
-81
-75
-51
-71
-97
17
-97
-106
1
-47
-18
-61
-22
-114
-23
62
21
24
33
39
24
22
42
83
3
47
19
-12
25
-28
30
-12
-8
-20
-26
-59
-15
3
-1
75
16
36
38
71
37
24
110
142
166
107
164
153
127
154
206
173
138
105
89
27
-16
-40
35
-50
-7
-12
-93
-62
-163
-105
-157
-106
-72
-204
-48
-128
-112
-27
-88
11
-95
-2
-47
-16
55
8
87
90
68
34
53
73
63
57
93
5
2
-49
-73
-34
-51
-74
-120
-70
-90
-73
-46
-40
-49
-118
-84
-68
-74
-117
-34
40
63
92
40
114
50
65
52
95
95
-13
-72
-45
-46
-74
-33
18
-16
-104
-19
-101
-83
-179
-26
-113
-110
-165
-164
-47
-133
-48
-88
7
-56
-48
37
-13
-93
-17
50
7
-8
21
97
-16
49
22
45
92
15
45
0
9
40
28
91
78
-68
52
-20
16
86
62
27
-13
-46
-57
16
47
138
-5
58
41
25
70
99
146
99
124
65
29
86
71
156
175
100
123
7
100
-26
-14
-7
22
17
-120
-47
-116
-102
-100
-63
-62
-116
-129
-124
-122
-91
-27
-43
2
-6
-48
-23
23
-20
5
50
24
15
7
66
6
90
42
42
10
-54
66
14
-15
-53
89
-94
-43
-10
-64
-22
-69
43
-38
-13
-28
-26
-47
-43
-15
17
76
-13
2
-14
-95
-77
-44
18
-2
37
-45
-109
-94
-84
-31
-59
-95
-99
-144
-126
-82
-94
-52
-57
-13
-81
-88
-78
-51
-41
-47
-18
-7
-23
49
98
42
38
27
30
73
79
86
94
73
51
-22
82
40
76
36
9
54
-31
85
5
36
45
-51
32
29
3
38
89
26
50
138
219
160
172
139
43
123
70
77
144
83
127
102
42
55
12
116
30
15
72
-75
3
-49
-75
-6
-93
-24
-10
-21
-47
-50
-13
-57
-65
-10
-18
-4
23
-11
9
-16
23
-7
69
58
13
3
-91
-39
-50
-40
74
34
60
-49
-77
-13
-92
-8
-61
-5
-10
-72
-15
7
-24
-83
-91
-11
-23
-38
36
-28
5
-62
-4
58
73
-14
48
-40
-103
-52
-88
57
-65
-13
-74
-106
-130
-141
-85
-104
-63
-116
-104
-92
-148
-134
-81
-124
-84
-128
-51
-73
-69
-42
-53
45
-21
-28
-47
30
28
-30
68
81
48
71
156
170
106
139
129
118
32
104
146
78
66
46
59
51
87
36
-11
-10
-18
24
84
59
71
58
-3
8
8
66
40
45
63
10
27
73
-15
-38
-46
-48
-70
-16
-8
-135
-57
-77
-57
-110
-90
-59
-99
-84
-77
-84
-29
-54
-9
41
15
82
62
12
21
40
72
58
144
96
107
139
23
105
55
126
128
105
102
100
94
63
45
17
91
64
27
-11
-5
-40
-66
-9
-64
-107
-94
-41
-58
-110
-69
-125
-61
-9
-31
71
-76
-35
-15
-58
-28
-110
-15
-165
-137
-107
-100
-89
-130
-117
-190
-119
-149
-73
-74
-48
-38
-52
-34
-24
78
78
141
91
91
67
58
120
132
92
166
168
118
152
155
167
107
149
149
185
154
45
39
-17
-11
-21
22
-7
-15
39
-54
-26
14
-13
35
34
16
-43
-38
71
36
-4
39
25
-33
47
-79
-78
-99
-120
-21
-106
-17
-107
-112
-98
-26
-54
23
-21
-179
-85
-78
-46
-46
-3
-51
-31
-27
1
-14
0
104
97
121
30
88
96
68
114
110
140
104
90
74
19
57
39
26
54
-27
-64
-39
-30
-20
-32
24
9
-40
-24
-36
13
-12
-9
-11
-35
-58
-27
-20
-24
-27
-14
1
-37
-16
5
-24
-6
62
44
-20
-10
37
-15
23
15
16
-26
-36
-7
-38
-35
-55
-44
4
5
-49
6
28
45
59
31
71
33
30
69
60
74
64
36
67
67
60
95
83
95
61
37
5
6
57
32
95
12
20
30
-47
38
19
-35
-55
-67
-20
-101
-110
-79
-138
-158
-106
-41
-75
-129
-63
-105
-145
-79
-75
-42
-122
-110
-98
-145
-114
-108
-88
-115
-112
-153
-144
-154
-135
-117
-116
-140
-118
-55
-72
2
-31
-8
30
-25
55
40
22
42
48
58
42
73
67
61
97
44
55
26
54
69
83
90
31
40
13
42
61
70
58
31
-11
-4
26
-25
-11
1
-19
-40
-61
-34
-44
-65
20
24
21
25
6
0
-7
-27
25
-3
-14
0
-36
9
-33
-30
3
30
-23
-28
-6
8
6
38
43
5
93
87
73
90
110
59
54
81
79
102
79
108
66
44
79
49
50
27
42
57
53
32
2
-26
-27
37
56
-1
-6
-15
-85
-71
-78
-62
-86
-79
-57
-99
-97
-85
-16
-33
0
11
32
-39
-49
-35
-88
-45
-52
-1
-54
-102
-68
-131
-129
-83
-44
-31
-106
-66
-93
-99
-62
-18
-29
-51
-25
-64
-65
-98
-19
-40
-20
-28
-32
-25
-56
-20
13
28
-17
4
11
66
25
105
148
68
26
27
56
60
82
101
65
40
76
54
102
134
135
121
119
106
95
158
103
117
114
58
84
92
108
103
74
72
106
28
76
76
56
45
35
86
33
52
39
-16
19
-7
38
35
5
38
-70
-8
-44
-71
-23
-51
-23
-74
-83
-83
-43
-1
-6
27
49
45
34
59
19
25
44
13
9
-20
45
29
3
59
-4
30
36
3
12
-53
-19
-70
-88
-45
-62
-54
-44
-28
-47
-19
-23
-29
0
-11
15
38
37
-23
-28
-3
-17
-24
48
62
-14
-11
-15
-42
-44
-1
-4
-12
-82
-41
-36
-54
-11
-55
-15
-78
-53
-100
-63
-50
-134
-52
-52
-37
-50
-6
2
-47
-43
-35
-45
-9
-53
-1
-24
-72
-46
-117
-46
-85
-31
-69
-35
-38
-101
-33
-32
-20
-35
11
-34
-35
-7
-25
-21
-1
-26
10
14
-26
-21
-19
-13
-22
78
3
-29
23
-5
-7
-1
40
31
14
1
29
8
95
62
65
76
52
128
61
123
66
75
77
42
75
62
106
47
93
62
25
49
8
15
5
17
17
-17
-29
-25
-22
27
4
9
45
-9
-6
14
-5
48
41
20
58
11
51
44
77
59
14
53
-23
-11
-46
-32
-63
-42
-40
-93
-54
-55
-76
-73
-45
-77
-66
-93
-82
-69
-71
0
39
93
68
49
64
60
39
56
74
77
16
14
92
50
35
38
20
11
-13
-6
35
5
-44
-52
-41
-52
-57
18
28
22
-12
8
44
-1
38
17
59
31
17
59
34
48
4
36
-11
-2
-24
-55
-43
-74
-95
-128
-75
-102
-67
-79
-79
-92
-114
-65
-38
-26
-18
-16
-37
-22
-11
30
34
18
45
-2
6
0
53
51
16
28
18
-17
-6
5
38
35
10
45
16
58
27
93
47
83
54
44
89
70
92
76
99
75
90
16
53
30
-11
-6
-26
-6
-49
-42
-68
-62
-56
-61
-75
-52
-76
-98
-72
-48
-61
-40
-9
-61
10
-25
5
21
-8
3
-29
-27
-18
-25
-6
-5
-27
-25
-35
-23
-28
-9
-33
-23
-50
-46
-5
-51
45
33
6
88
11
80
112
55
104
73
66
64
81
128
89
95
100
53
27
27
5
1
-40
-13
-28
-41
-33
-66
-66
-113
-68
-74
-64
-40
-22
-31
-50
-17
-25
-48
0
9
-49
10
-32
-16
-37
-26
-15
-54
-32
-51
-39
-76
-73
-78
-90
-51
-53
-43
-33
-47
-49
-27
-41
-6
30
24
47
37
75
59
84
92
53
74
41
50
35
24
19
-1
-5
-22
-4
-13
-50
-46
-65
-77
-70
-74
-67
-106
-94
-77
-91
-65
-54
-51
-18
-17
-1
27
-24
23
-21
7
16
3
1
-47
2
-91
-60
-48
-89
-101
-123
-122
-108
-113
-70
-66
-52
-34
-22
40
1
26
46
61
61
68
110
120
110
137
182
132
164
141
113
103
48
73
55
25
11
18
4
-9
-10
34
-36
8
12
1
27
27
64
31
91
54
107
144
112
146
117
77
102
76
75
111
55
73
39
19
24
-24
3
-1
-54
-62
-85
-88
-102
-86
-20
-31
5
-3
18
26
26
94
62
96
89
74
85
66
80
81
40
58
47
-5
-5
-58
-30
-58
-71
-36
-55
-58
-86
-96
-76
-75
-78
-60
-75
-75
-84
-45
-20
-47
-17
-28
-22
-49
-50
-20
-47
-44
-62
-56
-32
-107
-64
-74
-119
-106
-93
-79
-99
-69
-84
-72
-81
-79
-42
-31
-48
-17
-16
-18
22
55
43
54
55
9
85
44
107
37
63
51
-29
77
6
33
34
-17
2
-21
-16
0
-22
29
-33
14
22
-1
35
26
75
61
50
70
46
24
60
43
59
43
31
41
3
36
30
7
23
-2
-29
-19
-24
-14
-2
-42
-20
-27
-29
-8
7
25
27
40
53
63
46
75
94
117
85
112
107
89
65
92
97
57
56
26
-4
-21
-39
-16
3
-11
-1
-42
-36
-39
-61
-4
3
-25
-24
-35
-7
2
35
48
47
31
40
45
26
25
-9
13
-38
-41
-45
-65
-104
-110
-99
-134
-119
-132
-147
-161
-146
-137
-114
-76
-88
-54
-24
-14
-1
15
14
45
30
44
89
80
90
62
65
51
5
58
13
4
-17
-45
-33
-46
-56
-54
-58
-68
-47
-44
-7
-29
-11
16
1
44
22
48
45
19
47
42
95
43
75
67
26
55
6
28
6
1
-32
-45
-44
-65
-51
-37
-49
-80
-49
-67
-64
-79
-70
-36
-45
-14
4
8
6
21
50
61
47
77
45
47
36
8
42
36
27
9
54
17
1
17
12
1
6
15
-5
17
3
10
20
3
16
9
21
36
12
23
12
3
9
-20
26
8
34
47
16
28
1
4
-11
-18
-4
-24
-60
-37
-26
-53
-21
-42
-51
-43
-64
-24
-43
-39
-31
-36
-10
-34
11
-4
12
6
24
43
24
45
41
35
20
27
44
36
32
46
15
17
27
36
46
54
35
17
34
32
40
48
54
45
5
47
33
38
21
49
33
16
41
-12
45
-9
-4
-15
-40
-14
-57
-37
-33
-97
-92
-76
-110
-111
-110
-89
-84
-95
-83
-77
-72
-80
-66
-29
-38
-43
-22
-43
-54
-57
-30
-25
-42
-37
-44
-38
-55
-54
-44
-48
-53
-34
-69
-52
-47
-40
-9
-29
8
6
-4
31
17
24
56
29
60
51
39
72
66
66
49
45
47
43
12
19
19
-3
-6
-7
28
5
23
32
16
15
25
59
61
67
65
71
64
77
83
101
88
77
66
68
40
48
51
18
14
-11
28
-11
-6
5
-28
-6
-16
13
9
6
14
10
22
24
39
52
58
53
44
50
41
35
42
21
22
13
-8
-28
-28
-58
-79
-58
-63
-81
-78
-71
-92
-104
-69
-58
-41
-28
-33
-19
-18
17
17
52
56
31
49
29
38
27
21
30
-12
-22
-41
-43
-56
-58
-71
-90
-93
-98
-103
-105
-67
-94
-76
-65
-47
-29
-29
2
1
12
16
39
32
37
32
43
20
16
22
1
-3
-16
-26
-56
-62
-83
-78
-101
-96
-86
-99
-89
-88
-52
-51
-54
-5
4
23
42
40
82
80
97
122
99
119
119
108
118
85
82
70
42
46
26
20
3
-1
-3
-17
6
-3
6
6
10
41
34
49
65
78
92
103
107
118
112
121
113
96
88
79
70
44
39
8
-2
-23
-46
-56
-78
-81
-94
-89
-93
-101
-83
-90
-69
-51
-39
-23
-9
1
19
29
40
42
36
42
21
26
13
-10
-18
-40
-41
-73
-83
-89
-117
-115
-124
-126
-120
-118
-110
-102
-84
-66
-51
-15
6
20
31
51
67
80
93
96
90
77
81
56
43
42
10
1
-23
-38
-55
-79
-94
-111
-94
-96
-86
-76
-75
-64
-41
-25
9
36
55
85
80
94
116
118
147
140
132
125
89
102
77
59
39
9
-11
-38
-45
-53
-50
-69
-86
-80
-63
-61
-54
-28
-11
1
14
46
70
84
84
110
110
103
119
110
121
70
49
41
22
-3
-20
-30
-74
-89
-122
-120
-122
-143
-129
-126
-133
-117
-93
-72
-56
-53
-2
2
17
58
65
83
57
83
75
61
73
58
43
19
-5
-24
-33
-53
-67
-74
-80
-88
-92
-78
-93
-81
-70
-51
-28
-28
25
12
34
60
59
84
80
102
78
81
68
59
60
34
24
-1
-15
-46
-56
-55
-77
-89
-92
-104
-101
-96
-69
-53
-46
-20
-15
11
9
28
57
80
89
84
96
90
84
75
88
68
57
33
30
14
-21
-1
-30
-33
-43
-50
-33
-39
-26
-17
-3
8
29
41
58
76
84
103
89
118
131
97
105
77
87
58
50
49
-5
-2
-52
-52
-56
-75
-80
-101
-100
-111
-103
-103
-71
-68
-76
-41
-25
-8
-16
20
23
14
39
41
58
41
41
13
2
0
-32
-19
-52
-67
-82
-89
-83
-100
-93
-98
-93
-87
-61
-35
-31
-25
-4
9
24
59
85
87
89
97
87
92
88
82
74
57
44
29
21
-1
-25
-40
-56
-55
-52
-57
-54
-60
-67
-56
-31
-14
-8
17
22
27
53
54
67
64
52
58
54
68
45
36
20
-13
-25
-35
-41
-52
-61
-84
-86
-91
-94
-86
-75
-64
-65
-45
-15
3
8
15
37
47
55
85
105
95
86
79
74
70
64
48
35
18
-2
-12
-20
-40
-62
-67
-73
-66
-53
-52
-43
-45
-43
-33
-15
17
27
50
62
66
79
73
79
80
78
71
71
69
44
19
-2
-29
-53
-45
-55
-71
-75
-101
-106
-113
-118
-99
-86
-74
-57
-36
-25
-18
2
17
26
52
70
78
84
70
65
59
47
43
38
28
17
1
-17
-31
-48
-64
-69
-71
-77
-64
-62
-72
-68
-55
-44
-37
-4
18
25
42
54
64
64
74
83
84
85
89
85
69
53
26
12
4
-16
-18
-24
-41
-56
-67
-71
-79
-75
-74
-64
-55
-37
-20
-13
-9
-4
6
20
38
59
64
62
58
44
32
33
37
20
18
7
0
-17
-45
-45
-67
-67
-65
-58
-34
-53
-58
-47
-56
-48
-23
2
20
16
26
36
28
39
48
57
57
56
63
53
43
29
5
-2
-16
-10
-2
-8
-16
-39
-42
-49
-49
-28
-19
-9
-8
-10
1
1
10
16
21
46
44
53
65
53
42
33
30
30
29
28
24
11
-13
-22
-29
-26
-38
-36
-29
-32
-29
-31
-25
-27
-31
-22
-7
3
18
23
25
17
14
23
27
34
39
40
34
23
10
0
-10
-11
-20
