-9
5
11
8
9
5
14
28
39
54
51
59
61
48
51
50
54
59
64
80
90
96
98
97
91
84
92
94
95
99
104
115
113
115
111
96
96
100
103
106
102
105
104
94
92
92
101
109
105
107
108
104
87
71
56
36
26
17
23
21
20
26
28
29
37
39
24
16
-6
-28
-43
-56
-56
-50
-39
-30
-31
-30
-35
-40
-48
-54
-56
-59
-68
-76
-80
-79
-80
-88
-72
-66
-54
-44
-28
-6
-9
0
2
-7
-13
-27
-33
-25
-6
1
26
63
116
153
199
297
281
227
182
99
36
-10
9
56
50
155
291
324
422
370
327
275
102
39
-130
-259
-385
-501
-485
-464
-329
-221
-157
-96
-133
-182
-256
-361
-430
-469
-488
-468
-399
-321
-240
-196
-147
-40
-12
-9
-48
-113
-159
-227
-176
-116
-100
-38
-32
-24
-59
-106
-146
-256
-267
-258
-232
-157
-95
-2
95
157
235
268
265
267
229
219
187
175
218
236
290
310
318
326
299
287
231
173
144
113
99
98
94
99
93
68
64
24
5
-30
-47
-49
-71
-42
-26
32
75
125
152
146
151
127
122
87
72
45
17
-3
-24
3
-42
-55
-70
-112
-130
-176
-198
-228
-281
-271
-285
-296
-321
-347
-385
-436
-489
-518
-554
-602
-610
-624
-601
-579
-541
-495
-470
-407
-354
-315
-254
-215
-161
-100
-31
73
121
195
281
360
435
501
615
661
688
723
733
701
674
665
642
583
526
498
399
314
227
145
62
-34
-78
-146
-195
-232
-249
-251
-232
-190
-138
-89
-29
70
117
175
257
329
391
442
527
578
637
688
727
762
761
763
728
671
614
533
442
334
228
119
16
-78
-168
-258
-333
-386
-455
-508
-564
-610
-628
-661
-670
-673
-664
-651
-621
-586
-550
-526
-479
-453
-427
-411
-423
-428
-466
-491
-551
-640
-703
-846
-919
-1072
-1189
-1340
-1485
-1551
-1702
-1247
-931
-819
-926
-439
70
-214
30
581
899
329
352
1176
1124
848
1158
1847
1782
1545
2184
2453
2078
1804
1817
1581
972
908
722
168
-63
-23
-139
-570
-484
-394
-811
-1061
-911
-849
-1267
-1313
-997
-1036
-1091
-721
-230
-263
-234
237
469
457
511
760
769
660
888
1052
1116
1158
1316
1356
1284
1400
1354
1174
964
880
710
433
372
325
167
32
39
35
-82
-161
-170
-265
-415
-473
-516
-604
-682
-664
-640
-637
-566
-460
-397
-358
-297
-263
-266
-260
-223
-230
-234
-158
-95
-73
-31
55
62
42
37
7
-105
-236
-314
-427
-557
-646
-697
-774
-893
-961
-1061
-1187
-1377
-1552
-1744
-1946
-2122
-2260
-1784
-1449
-1329
-1347
-682
-87
-361
58
747
1112
507
585
1441
1235
939
1283
1938
1818
1628
2308
2501
2129
2027
1973
1567
944
840
440
-342
-538
-613
-948
-1387
-1197
-1144
-1574
-1648
-1402
-1420
-1770
-1621
-1379
-1555
-1527
-1038
-676
-719
-456
190
418
588
925
1244
1301
1321
1643
1631
1627
1720
1768
1673
1590
1754
1630
1428
1383
1280
1039
762
656
422
22
-121
-264
-413
-551
-541
-496
-635
-570
-513
-536
-590
-571
-526
-562
-558
-452
-379
-324
-171
-8
109
207
364
465
485
523
596
525
467
472
453
402
332
350
269
182
131
60
-54
-208
-346
-482
-656
-771
-865
-1005
-1098
-1218
-1315
-1442
-1532
-1623
-1813
-1912
-2074
-2146
-2355
-2226
-1700
-1587
-1498
-1262
-383
-271
-317
514
994
988
540
1233
1548
1014
1026
1426
1612
1243
1529
2068
1921
1759
1892
1676
1269
1006
820
51
-468
-535
-917
-1382
-1519
-1250
-1543
-1636
-1283
-1035
-1142
-1185
-821
-872
-989
-701
-408
-391
-386
44
415
527
962
1245
1449
1559
1793
1932
1740
1853
1776
1608
1424
1463
1441
1184
1157
1142
970
750
644
501
186
-63
-191
-438
-614
-715
-758
-794
-750
-581
-544
-513
-406
-344
-326
-305
-271
-276
-352
-332
-249
-202
-109
9
134
253
334
444
478
433
370
240
150
54
-60
-181
-298
-355
-436
-500
-539
-591
-660
-702
-736
-767
-836
-911
-990
-1101
-1155
-1197
-1252
-1295
-1359
-1365
-1408
-1440
-1438
-1495
-1540
-1479
-1024
-829
-812
-612
49
312
198
897
1454
1476
1082
1566
1944
1437
1273
1591
1727
1346
1478
1913
1827
1613
1765
1625
1273
1052
871
218
-325
-416
-836
-1323
-1453
-1248
-1503
-1639
-1261
-975
-1033
-1013
-650
-589
-656
-422
-159
-159
-131
173
461
523
848
1099
1241
1399
1604
1767
1663
1813
1792
1605
1460
1434
1278
923
766
624
363
135
39
-106
-314
-360
-415
-570
-658
-675
-718
-865
-824
-816
-910
-929
-858
-764
-797
-691
-560
-516
-405
-248
-131
-52
23
119
118
180
297
290
273
285
306
251
216
240
193
54
-9
-54
-150
-251
-323
-394
-524
-609
-629
-694
-770
-813
-841
-884
-953
-1016
-1085
-1178
-1246
-1332
-1399
-1470
-1533
-1580
-1600
-1188
-929
-835
-689
-103
318
155
668
1245
1335
980
1254
1771
1359
1081
1402
1611
1277
1208
1657
1677
1393
1519
1495
1242
1014
888
453
-85
-172
-544
-1067
-1305
-1215
-1450
-1716
-1422
-1157
-1162
-1114
-668
-433
-458
-172
141
168
120
281
508
492
683
915
1012
1203
1441
1673
1710
1913
2018
1822
1704
1682
1533
1111
853
742
407
81
-30
-136
-400
-510
-471
-532
-640
-627
-618
-738
-748
-740
-805
-915
-864
-806
-860
-794
-693
-635
-612
-443
-255
-189
-103
55
161
190
260
306
259
193
205
199
131
101
91
15
-32
-64
-77
-152
-244
-299
-390
-462
-528
-607
-708
-781
-810
-845
-919
-914
-968
-1022
-1079
-1107
-1102
-1239
-1290
-1376
-1417
-1545
-1380
-1031
-1008
-933
-644
-49
-59
72
792
1086
966
894
1489
1490
999
1145
1411
1231
971
1221
1481
1235
1287
1479
1293
1145
1114
980
443
253
119
-373
-752
-813
-911
-1348
-1316
-1010
-977
-1001
-689
-294
-262
-125
302
447
427
506
716
726
676
881
877
932
1061
1227
1268
1361
1628
1589
1504
1561
1563
1302
1019
922
645
223
14
-166
-429
-684
-715
-736
-888
-808
-706
-673
-668
-592
-519
-649
-618
-582
-684
-743
-757
-705
-747
-686
-493
-392
-271
-54
171
290
366
458
479
418
361
323
202
108
29
-68
-123
-153
-137
-181
-218
-179
-163
-173
-203
-267
-334
-434
-501
-575
-680
-738
-813
-866
-900
-932
-927
-1030
-1072
-1096
-1189
-1232
-1379
-1138
-947
-981
-946
-655
-184
-323
-95
530
776
642
692
1277
1232
904
1096
1310
1117
916
1152
1276
1040
1086
1163
1008
925
915
715
283
222
46
-419
-701
-728
-910
-1306
-1247
-1049
-1100
-1127
-851
-546
-515
-343
18
144
211
336
510
528
571
732
673
699
825
930
921
990
1170
1133
1097
1206
1219
1051
888
826
606
335
180
-17
-276
-480
-525
-641
-714
-654
-594
-591
-520
-347
-310
-294
-203
-175
-233
-259
-239
-287
-365
-286
-206
-164
-46
124
259
348
506
639
675
687
712
648
529
421
303
145
-4
-94
-195
-258
-264
-242
-250
-261
-225
-219
-243
-292
-335
-450
-617
-750
-860
-990
-1132
-1198
-1276
-1359
-1413
-1426
-1456
-1506
-1564
-1433
-1192
-1199
-1174
-963
-557
-564
-453
170
430
407
448
979
1116
830
1019
1269
1164
998
1205
1414
1224
1232
1381
1263
1180
1147
1001
553
391
264
-163
-462
-517
-617
-1022
-1069
-877
-935
-1059
-910
-663
-671
-616
-286
-131
-88
26
234
363
409
616
616
671
797
885
900
919
1109
1110
1072
1190
1296
1205
1054
1020
953
724
531
341
106
-136
-298
-395
-555
-581
-587
-583
-543
-456
-364
-390
-367
-323
-365
-395
-430
-450
-503
-567
-513
-471
-409
-328
-189
-9
122
253
355
436
456
430
393
334
249
131
39
-52
-152
-215
-229
-231
-265
-272
-234
-237
-231
-236
-251
-310
-420
-466
-560
-654
-778
-872
-988
-1116
-1169
-1228
-1268
-1333
-1313
-1321
-1106
-885
-823
-735
-451
-78
-121
105
591
773
634
756
1225
1189
970
1174
1385
1230
1153
1373
1455
1250
1280
1308
1141
1064
995
763
397
339
165
-240
-471
-526
-778
-1138
-1097
-996
-1149
-1206
-965
-781
-778
-607
-275
-207
-132
61
275
317
389
562
527
617
764
832
792
908
1089
1051
1040
1197
1211
1022
926
936
763
459
316
139
-111
-334
-408
-541
-716
-728
-732
-767
-727
-623
-600
-593
-483
-397
-462
-466
-416
-435
-514
-483
-381
-392
-355
-203
-31
73
189
339
447
511
548
550
505
442
369
258
153
53
-55
-135
-177
-181
-217
-243
-222
-217
-230
-253
-269
-312
-407
-450
-492
-567
-665
-753
-810
-919
-996
-1084
-1138
-1216
-1250
-1294
-1209
-999
-956
-876
-671
-301
-280
-187
269
480
405
443
865
908
653
785
1033
912
781
987
1142
950
955
1117
1002
922
916
834
502
392
359
20
-238
-299
-434
-759
-843
-730
-835
-966
-791
-571
-522
-412
-58
118
188
371
579
669
644
773
755
740
794
819
789
796
965
1007
996
1107
1190
1108
1018
1005
898
620
427
284
42
-208
-354
-486
-638
-703
-722
-748
-719
-635
-624
-596
-492
-420
-472
-465
-372
-378
-425
-399
-316
-318
-315
-202
-93
-71
-13
104
210
271
323
369
356
357
319
235
165
107
8
-123
-178
-220
-304
-357
-332
-314
-339
-328
-294
-280
-301
-316
-334
-400
-466
-548
-659
-743
-846
-927
-1034
-1093
-1115
-1180
-1176
-1170
-994
-916
-899
-779
-522
-309
-329
-16
305
350
336
576
839
679
632
865
900
771
827
1022
1017
942
1092
1107
1024
1044
1008
808
626
601
366
39
-95
-197
-478
-679
-613
-594
-683
-640
-418
-310
-260
-51
167
230
309
425
522
537
567
594
543
559
581
546
523
586
610
574
583
671
637
549
521
476
328
157
79
-92
-285
-423
-507
-621
-702
-695
-712
-711
-639
-540
-477
-358
-229
-145
-98
-27
20
-18
-16
2
-22
-68
-44
-11
-22
-1
51
98
137
198
257
275
294
300
278
231
173
105
-2
-83
-135
-167
-218
-236
-211
-190
-168
-130
-92
-80
-82
-87
-102
-156
-216
-292
-398
-513
-629
-758
-873
-999
-1080
-1185
-1240
-1303
-1236
-1113
-1116
-1034
-866
-623
-614
-460
-114
-1
-27
96
412
419
322
499
655
572
562
756
880
838
930
1044
994
1015
1028
940
757
723
628
332
169
116
-49
-284
-318
-269
-363
-443
-314
-218
-222
-145
42
116
132
250
361
370
381
435
407
374
393
388
315
330
398
337
296
363
386
316
300
339
309
206
190
142
15
-63
-110
-176
-271
-284
-284
-301
-279
-188
-109
-68
31
121
167
198
266
299
260
252
215
149
78
14
-38
-100
-122
-106
-74
-28
17
31
60
88
92
57
33
1
-72
-119
-134
-140
-190
-208
-204
-200
-191
-165
-121
-105
-81
-55
-50
-55
-100
-160
-224
-317
-414
-545
-647
-761
-877
-973
-1046
-1125
-1211
-1256
-1259
-1143
-1108
-1092
-994
-803
-690
-681
-408
-171
-123
-74
176
389
333
403
617
676
649
764
907
920
921
1040
1044
1037
1109
1089
990
924
950
788
609
542
432
229
79
76
-32
-175
-218
-192
-203
-221
-146
-60
-11
57
114
163
189
198
171
113
127
92
7
-31
-14
-45
-115
-84
-41
-74
-77
11
100
96
130
190
161
137
115
83
6
-24
-24
-59
-56
-6
51
66
135
238
261
266
305
298
237
196
176
108
25
-20
-60
-118
-161
-172
-216
-232
-202
-168
-127
-86
-23
21
54
94
109
108
123
132
119
107
111
94
62
66
65
84
99
117
141
132
130
110
63
-5
-86
-178
-288
-412
-551
-699
-850
-971
-1084
-1199
-1301
-1375
-1442
-1414
-1340
-1320
-1243
-1084
-913
-852
-675
-405
-267
-201
-13
233
255
290
471
598
594
688
846
919
931
1049
1149
1136
1209
1236
1175
1080
1068
962
722
571
435
207
-21
-103
-193
-347
-410
-377
-370
-383
-328
-262
-235
-196
-138
-122
-134
-139
-149
-209
-213
-178
-191
-164
-89
-1
37
99
212
284
331
425
513
554
577
612
611
561
534
481
420
356
322
283
230
203
173
159
137
147
119
102
84
53
20
-41
-93
-174
-238
-268
-310
-356
-367
-367
-344
-333
-282
-215
-174
-117
-60
14
63
98
128
143
155
167
153
128
108
93
52
28
18
-1
-35
-60
-59
-72
-98
-137
-184
-250
-344
-457
-567
-693
-798
-923
-1027
-1102
-1183
-1256
-1331
-1352
-1358
-1375
-1324
-1191
-1099
-1039
-911
-702
-569
-472
-243
-23
83
194
437
619
672
808
1007
1082
1127
1234
1326
1324
1335
1413
1359
1290
1278
1211
1051
925
848
661
449
348
228
28
-105
-153
-226
-323
-332
-318
-361
-371
-305
-280
-285
-245
-206
-192
-172
-101
-59
-68
-38
10
29
62
137
203
223
298
375
384
379
396
403
353
336
341
301
220
178
141
62
2
-34
-96
-167
-189
-200
-225
-233
-200
-194
-189
-156
-133
-124
-115
-105
-122
-130
-108
-89
-96
-69
-42
-8
35
90
130
147
178
198
229
242
250
246
238
229
223
203
184
168
135
127
119
93
86
62
20
-10
-57
-97
-159
-238
-293
-393
-485
-553
-665
-757
-835
-893
-961
-1020
-1038
-1095
-1133
-1137
-1142
-1142
-1110
-1027
-962
-908
-755
-594
-504
-355
-150
21
109
260
467
556
605
727
853
868
899
988
1006
987
1009
1022
981
936
910
831
727
672
590
446
321
258
124
-32
-120
-180
-274
-363
-350
-341
-367
-354
-306
-274
-266
-213
-143
-99
-35
28
77
135
192
236
243
284
330
335
355
397
435
423
429
457
461
432
427
428
387
351
329
280
232
206
166
124
104
118
83
36
41
35
-6
-43
-16
-29
-103
-121
-135
-174
-226
-254
-270
-316
-343
-341
-348
-342
-333
-321
-307
-294
-266
-259
-252
-228
-211
-207
-190
-170
-154
-173
-168
-147
-158
-168
-157
-155
-163
-161
-173
-201
-235
-246
-291
-354
-398
-450
-522
-595
-637
-679
-738
-771
-776
-774
-775
-764
-734
-715
-691
-620
-536
-487
-430
-330
-203
-143
-54
117
234
314
449
638
760
824
965
1094
1128
1168
1229
1256
1198
1183
1175
1091
1031
979
873
735
655
578
424
305
255
166
32
-41
-85
-210
-336
-388
-442
-508
-546
-537
-529
-529
-494
-459
-411
-346
-272
-216
-150
-63
-10
22
73
129
131
135
178
190
157
156
191
213
211
230
267
269
267
274
277
268
250
238
217
192
164
128
91
58
3
-55
-99
-147
-192
-239
-256
-265
-276
-272
-269
-264
-263
-261
-242
-222
-208
-188
-178
-167
-141
-115
-97
-74
-30
1
32
79
121
148
172
208
222
232
235
219
199
169
138
78
19
-30
-81
-152
-226
-280
-357
-435
-486
-530
-559
-597
-637
-652
-681
-713
-739
-741
-740
-746
-741
-687
-632
-609
-552
-457
-346
-246
-103
90
247
384
540
704
803
867
954
1021
1049
1052
1057
1029
980
949
877
798
731
657
573
467
405
327
211
126
40
-68
-189
-288
-358
-465
-545
-569
-600
-625
-609
-566
-518
-465
-383
-292
-226
-135
-35
47
112
173
223
243
259
275
290
272
283
305
295
302
312
331
344
345
346
322
308
292
238
189
145
91
24
-38
-90
-153
-227
-286
-319
-365
-389
-399
-402
-395
-397
-388
-378
-361
-343
-341
-336
-325
-332
-336
-318
-298
-278
-244
-178
-120
-61
9
86
155
202
254
291
313
325
332
321
291
260
222
173
126
76
37
-13
-65
-111
-177
-224
-268
-323
-371
-397
-424
-460
-464
-474
-485
-508
-524
-530
-533
-525
-518
-453
-400
-356
-261
-128
2
110
279
455
580
697
822
932
978
1018
1069
1070
1052
1036
1006
948
883
830
736
654
593
502
386
286
196
55
-90
-206
-328
-462
-576
-660
-732
-808
-855
-858
-860
-847
-810
-747
-684
-609
-500
-404
-309
-201
-110
-45
30
95
126
144
171
200
213
220
247
258
256
272
292
313
326
322
317
301
280
233
182
164
119
56
9
-29
-86
-136
-146
-161
-187
-187
-168
-165
-178
-172
-162
-165
-163
-159
-148
-146
-129
-125
-131
-115
-92
-66
-28
30
95
165
219
287
344
379
417
456
463
459
457
436
397
346
308
251
189
113
61
2
-66
-121
-195
-263
-328
-375
-432
-489
-523
-566
-614
-644
-677
-711
-728
-728
-733
-740
-714
-691
-649
-569
-515
-453
-364
-253
-169
-74
75
203
291
396
514
577
615
682
724
727
737
762
752
711
678
648
573
506
451
376
286
216
152
38
-51
-116
-202
-297
-355
-408
-467
-504
-503
-493
-488
-448
-395
-342
-286
-215
-132
-68
4
82
121
155
197
227
237
261
283
283
288
291
283
264
271
294
290
275
285
293
272
238
215
194
148
109
80
59
3
-50
-89
-126
-163
-200
-220
-231
-238
-268
-287
-290
-302
-305
-303
-282
-274
-275
-270
-256
-240
-221
-183
-140
-78
-28
10
71
127
177
232
295
352
376
387
409
411
391
381
375
356
332
306
269
230
181
137
69
4
-64
-145
-210
-276
-333
-392
-444
-486
-522
-543
-568
-584
-605
-626
-628
-618
-617
-600
-526
-476
-448
-370
-269
-201
-141
-16
112
187
278
408
491
512
561
617
617
610
623
608
564
536
511
449
383
347
290
217
176
125
31
-44
-91
-153
-240
-296
-332
-380
-422
-453
-472
-498
-506
-476
-449
-401
-326
-240
-167
-94
-24
22
68
128
191
223
252
304
317
301
318
331
323
328
354
366
357
373
382
373
364
362
363
341
324
302
249
194
142
71
-3
-56
-103
-161
-219
-255
-296
-327
-334
-330
-335
-330
-310
-302
-311
-313
-303
-284
-258
-226
-191
-152
-104
-55
-4
68
151
237
305
352
402
435
436
433
424
394
354
321
267
198
135
72
7
-68
-122
-180
-249
-331
-410
-475
-556
-610
-632
-650
-654
-659
-662
-669
-672
-664
-651
-628
-594
-546
-506
-437
-366
-321
-259
-174
-84
-14
78
203
304
385
477
565
621
655
695
713
699
695
678
648
609
568
521
448
395
337
260
193
146
99
33
-18
-64
-144
-218
-265
-311
-355
-388
-397
-410
-407
-372
-344
-310
-250
-190
-138
-76
6
76
145
208
266
308
323
351
373
380
390
415
430
420
413
416
408
388
379
380
376
382
379
346
302
266
200
110
29
-49
-135
-221
-284
-336
-383
-409
-420
-434
-428
-405
-385
-375
-349
-309
-285
-248
-206
-154
-105
-77
-40
-4
38
86
144
217
292
358
405
452
477
477
467
439
414
374
316
243
144
35
-81
-183
-273
-351
-421
-490
-547
-596
-626
-635
-634
-629
-618
-604
-588
-567
-545
-521
-491
-455
-435
-416
-389
-351
-330
-286
-211
-136
-65
11
88
156
216
286
348
387
429
466
483
480
477
447
403
365
310
253
199
160
124
83
44
16
-18
-61
-87
-114
-150
-194
-243
-295
-343
-382
-413
-442
-463
-438
-406
-362
-304
-232
-156
-80
16
105
181
256
326
378
419
457
474
486
502
515
513
526
554
567
579
586
590
594
587
580
568
549
507
450
391
322
250
158
82
9
-53
-109
-169
-221
-262
-293
-309
-311
-310
-303
-289
-260
-253
-238
-220
-200
-182
-177
-162
-145
-120
-85
-40
10
66
105
135
164
184
197
187
167
144
104
52
-16
-89
-166
-250
-325
-395
-456
-501
-537
-576
-606
-626
-641
-643
-632
-609
-590
-561
-513
-470
-425
-386
-343
-288
-231
-177
-125
-80
-45
-10
34
77
104
139
173
200
237
262
293
320
347
374
386
384
368
352
327
304
277
244
212
174
127
88
53
15
-16
-35
-62
-68
-84
-109
-123
-131
-139
-153
-181
-198
-217
-247
-255
-252
-232
-205
-166
-119
-74
-8
55
113
179
230
286
329
367
392
407
419
432
444
449
465
486
499
502
526
545
545
537
529
508
472
445
401
340
279
218
150
70
3
-47
-102
-143
-167
-182
-197
-203
-200
-204
-202
-201
-200
-198
-190
-186
-160
-150
-141
-119
-100
-63
-38
-1
18
49
79
101
122
134
136
128
107
64
22
-24
-80
-150
-201
-240
-297
-346
-390
-415
-435
-467
-464
-459
-456
-436
-420
-396
-378
-355
-327
-293
-263
-239
-206
-190
-173
-145
-121
-105
-76
-45
-24
0
13
33
56
75
92
117
134
135
151
151
144
142
150
160
147
133
129
103
73
59
42
13
-5
-2
-19
-38
-50
-73
-110
-126
-137
-146
-157
-169
-182
-197
-192
-190
-177
-160
-133
-85
-43
0
56
115
168
224
285
338
386
446
494
528
555
586
598
600
612
615
594
570
559
532
491
457
429
373
319
275
210
150
79
21
-41
-106
-163
-222
-275
-326
-355
-384
-403
-406
-408
-407
-393
-378
-365
-340
-316
-273
-233
-198
-153
-119
-86
-52
-15
14
39
66
82
92
96
87
81
73
53
36
6
-22
-65
-99
-126
-169
-202
-224
-256
-280
-301
-315
-321
-327
-316
-297
-290
-270
-247
-219
-201
-174
-142
-118
-77
-37
-10
16
35
55
64
68
79
88
97
99
107
110
113
118
124
128
136
142
144
137
129
127
106
88
66
55
39
19
1
-28
-49
-62
-70
-69
-69
-77
-66
-76
-74
-77
-82
-73
-64
-53
-48
-36
-27
-14
4
29
62
98
149
200
252
305
359
397
431
464
487
504
517
511
502
489
463
434
403
365
318
287
241
199
140
92
60
12
-34
-86
-130
-179
-229
-274
-310
-345
-359
-376
-398
-413
-415
-409
-406
-377
-344
-300
-263
-209
-173
-142
-108
-74
-44
-18
18
42
64
65
76
69
60
59
45
41
30
25
6
-7
-28
-45
-66
-85
-112
-147
-162
-185
-205
-223
-238
-246
-253
-252
-250
-242
-233
-213
-178
-141
-109
-74
-42
-26
-5
14
35
57
75
101
117
125
129
126
119
112
116
115
120
126
123
117
107
97
75
60
48
34
14
0
-19
-31
-36
-46
-53
-58
-59
-53
-35
-20
-5
14
34
43
51
66
74
82
90
115
140
162
190
219
252
273
293
319
346
370
399
421
427
433
421
408
393
369
348
323
292
258
211
162
117
69
13
-33
-75
-125
-165
-206
-245
-295
-331
-366
-401
-427
-441
-455
-469
-475
-492
-491
-490
-485
-471
-448
-423
-402
-373
-346
-312
-283
-247
-222
-197
-173
-152
-122
-97
-64
-37
-14
8
33
47
51
65
62
65
81
90
95
100
106
96
78
77
71
61
61
66
69
72
64
69
73
71
78
86
106
118
151
173
177
198
207
214
222
233
241
244
247
261
255
247
236
221
207
188
177
164
139
122
104
79
50
33
27
9
-13
-37
-62
-96
-123
-141
-156
-179
-196
-205
-208
-204
-197
-181
-181
-163
-153
-156
-146
-133
-126
-102
-77
-45
-12
23
63
91
118
143
174
194
219
235
247
257
258
263
249
229
212
194
169
143
116
86
49
8
-24
-61
-92
-122
-152
-173
-194
-213
-237
-258
-270
-278
-293
-289
-287
-290
-290
-280
-273
-263
-240
-215
-187
-165
-145
-136
-119
-99
-82
-51
-14
5
23
49
57
63
70
91
102
106
111
106
99
86
84
81
84
92
96
81
63
47
26
11
-1
-9
-10
-5
1
-1
2
2
4
8
13
23
37
37
41
47
59
65
66
82
91
96
107
113
110
112
109
101
87
80
64
58
62
57
62
54
47
29
15
9
-13
-28
-42
-62
-78
-94
-102
-107
-111
-106
-99
-99
-104
-99
-97
-89
-73
-68
-51
-30
-15
8
35
63
81
99
134
157
165
174
177
191
195
195
210
216
219
218
211
190
164
133
109
82
51
23
-7
-26
-55
-85
-109
-137
-163
-181
-199
-211
-221
-235
-243
-242
-241
-238
-224
-214
-200
-196
-181
-155
-150
-138
-129
-122
-110
-102
-85
-69
-59
-36
-11
13
38
51
61
60
64
67
64
68
71
84
87
84
88
91
93
91
95
102
94
86
79
63
64
61
58
52
42
38
29
24
28
32
27
30
28
18
9
-1
-1
3
7
11
19
30
31
26
19
12
1
-2
4
0
-7
-11
-17
-24
-27
-26
-32
-38
-35
-38
-41
-51
-50
-48
-48
-45
-47
-52
-55
-62
-65
-77
-89
-85
-82
-73
-70
-63
-59
-49
-28
-14
-6
4
16
18
20
26
33
38
42
55
74
88
96
103
106
108
106
109
107
105
100
97
96
93
83
71
65
53
44
32
21
8
-3
-14
-29
-35
-46
-53
-50
-41
-39
-46
-46
-37
-40
-44
-38
-32
-27
-29
-30
-20
-21
-17
-11
-6
10
11
8
10
2
6
0
0
8
9
13
5
4
-6
-20
-37
-43
-51
-64
-74
-85
-91
-107
-119
-134
-138
-147
-157
-162
-168
-169
-179
-182
-170
-159
-155
-142
-126
-109
-97
-78
-59
-45
-21
-10
7
27
40
45
48
73
93
97
108
113
117
119
115
117
116
114
115
111
110
100
88
84
86
88
82
85
80
77
70
68
71
66
65
60
62
64
62
62
65
65
71
72
78
81
82
86
76
82
87
89
92
95
92
80
67
57
52
42
37
35
32
30
19
7
0
-23
-38
-54
-64
-74
-88
-100
-107
-113
-125
-130
-135
-146
-154
-159
-161
-159
-156
-158
-151
-143
-129
-119
-109
-92
-77
-68
-63
-54
-44
-33
-28
-17
6
16
23
36
43
48
51
56
62
65
63
64
62
58
55
49
46
41
35
25
14
9
0
-12
-22
-33
-39
-54
-57
-57
-60
-63
-67
-63
-56
-54
-59
-58
-54
-50
-39
-25
-11
-1
6
17
22
26
34
44
58
64
68
70
70
70
70
67
63
64
66
63
58
49
36
24
13
10
10
-1
-8
-17
-24
-31
-40
-43
-44
-47
-47
-42
-38
-39
-40
-39
-31
-21
-15
-2
13
26
39
50
59
66
70
76
82
96
100
107
110
117
124
119
119
117
113
103
97
91
83
73
69
65
58
45
35
25
13
2
-12
-24
-34
-43
-51
-59
-65
-70
-75
-74
-69
-66
-67
-70
-66
-65
-64
-63
-56
-45
-37
-30
-25
-19
-15
-10
-8
-2
4
4
7
5
2
-2
-5
-3
-4
-9
-11
-15
-24
-36
-47
-57
-67
-70
-77
-79
-81
-85
-88
-89
-89
-90
-88
-83
-78
-73
-65
-57
-45
-31
-16
-5
10
24
38
47
56
62
70
80
84
91
95
99
103
105
105
103
99
90
80
70
59
48
35
24
14
1
-7
-21
-33
-44
-54
-66
-75
-84
-89
-89
-94
-95
-99
-95
-91
-86
-77
-66
-54
-50
-45
-40
-34
-28
-20
-11
-1
13
27
33
38
39
37
39
37
41
41
40
39
38
35
33
28
24
22
21
18
15
11
4
1
-5
-7
-7
-8
-6
-6
-8
-9
-7
-2
0
5
9
13
18
23
31
37
42
47
51
54
57
59
58
58
63
64
64
66
67
64
60
54
49
45
41
37
29
19
7
-1
-9
-15
-22
-27
-33
-38
-44
-51
-59
-68
-70
-73
-70
-67
-65
-63
-62
-60
-58
-52
-45
-38
-28
-23
-14
-7
-1
6
9
15
25
31
37
42
44
46
43
41
41
39
36
35
29
23
17
10
3
-3
-12
-21
-28
-36
-40
-45
-52
-57
-60
-62
-64
-65
-65
-63
-63
-57
-52
-48
-42
-39
-33
-29
-22
-15
-7
1
7
13
18
21
21
22
23
24
26
29
29
30
29
24
20
18
15
14
14
13
9
6
3
1
1
2
3
6
12
14
14
15
14
15
17
21
28
33
37
40
42
44
45
46
47
48
49
50
48
45
43
40
37
35
32
29
26
22
16
10
3
-4
-11
-17
-26
-32
-36
-39
-41
-43
-46
-49
-52
-56
-58
-61
-61
-63
-61
-57
-55
-54
-49
-44
-41
-36
-31
-26
-20
-15
-10
-4
1
6
13
22
31
37
44
47
50
49
51
49
49
49
51
51
52
49
48
45
39
34
29
24
18
12
3
-3
-12
-18
-23
-27
-30
-31
-33
-36
-40
-44
-46
-50
-50
-50
-48
-46
-44
-41
-37
-36
-34
-32
-30
-28
-28
-27
-26
-25
-23
-20
-17
-13
-10
-9
-7
-5
-3
-4
-2
-3
-3
-2
-1
2
3
6
9
9
12
15
15
15
16
18
19
23
26
29
33
34
36
36
37
38
40
41
40
39
38
36
36
34
32
33
33
33
33
30
25
21
16
