-37
-52
-64
-54
-58
-56
-53
-62
-52
-53
-34
-28
-26
-33
-37
-31
-41
-35
-42
-41
-49
-40
-27
-22
2
-8
13
21
-2
-5
-14
1
6
13
15
25
37
52
65
59
70
70
71
71
57
38
25
15
12
18
11
-1
8
10
13
20
22
22
14
14
13
9
4
6
-9
-19
-30
-33
-47
-55
-37
-27
-22
-15
6
2
3
-4
-2
-3
-13
-3
-11
1
-4
3
-2
20
23
78
116
160
465
60
-65
56
-72
-21
-20
196
9
-202
-146
-74
-228
-31
33
22
-25
-189
-2
-210
-111
-106
-172
-19
-119
-7
-42
-59
27
-125
50
-12
118
52
90
181
21
227
282
237
20
63
146
-4
-25
-80
-112
-156
-212
-133
-210
-64
-48
-9
-41
8
-39
-80
-66
-124
-112
-170
-78
-82
3
-98
83
-85
-3
91
-116
151
-76
69
69
61
76
-92
11
-71
-35
163
115
67
131
40
19
106
31
61
240
174
162
458
278
157
4
-85
-53
-173
98
-77
-155
-320
-416
-467
-366
-181
-148
79
-66
120
-49
-322
-126
-232
-190
52
96
80
56
-16
49
-59
48
214
207
330
338
191
241
93
-104
132
19
12
249
99
146
-112
-137
-101
-276
-93
-184
79
35
-58
-10
-301
-203
-353
-194
-37
42
155
40
6
-138
-84
-170
-7
33
258
316
333
181
4
5
-143
125
236
425
275
165
-62
-313
-169
-164
-59
139
166
-65
-43
-212
-251
-212
-243
80
12
99
25
-281
97
-335
-276
116
-16
293
24
200
71
-123
60
47
186
239
288
221
120
-80
-51
15
-54
108
24
-45
53
-250
-111
-191
-269
-76
-180
-31
-36
-65
118
26
-46
104
-120
95
150
-39
301
26
-58
21
-237
76
48
-38
316
96
59
104
10
156
-70
27
197
45
237
241
15
-48
-217
-234
-89
10
109
70
54
-29
-354
-184
-87
-104
88
173
297
23
22
41
-101
2
26
176
161
44
92
-40
23
-111
-194
43
-119
-64
5
-22
107
-143
-109
-203
-364
-157
-243
-35
172
-4
7
-70
-191
-206
-180
-8
159
92
172
56
-201
-110
-179
4
133
74
266
-31
-49
-41
-306
-90
-150
-22
69
71
119
1
-99
-79
-41
1
186
195
263
69
-11
-78
-87
16
45
247
249
144
130
-77
-75
59
51
336
220
174
-6
-159
-31
-74
74
172
147
42
-31
9
-70
-57
4
70
119
84
119
-54
-13
-3
85
226
175
217
71
5
33
5
108
141
136
76
64
22
-24
7
2
79
59
20
14
-39
-21
-3
-25
37
-7
-33
26
-5
-10
26
19
15
40
31
-13
-86
-128
-104
-66
35
-36
-86
-87
-219
-171
-136
-70
-44
-37
51
-66
-97
-79
-124
-138
-57
-21
0
-14
-103
-141
-171
-178
-49
-46
-35
-19
-125
-70
-131
-61
-48
-74
-70
-107
-56
-60
-97
-92
-107
-174
-71
-80
-76
-2
-48
-5
-27
-7
47
25
130
148
100
94
152
118
67
127
110
105
69
75
100
73
82
101
81
38
8
70
127
128
149
148
153
166
205
194
205
219
243
247
264
244
116
143
193
188
249
243
159
23
-14
15
-20
19
2
-39
-74
-159
-113
-176
-187
-152
-142
-108
-47
-52
-201
-257
-292
-248
-168
-109
-66
-161
-233
-309
-377
-287
-324
-281
-223
-271
-343
-409
-404
-528
-422
-352
-317
-358
-469
-420
-625
-575
-503
-484
-378
-418
-201
-278
-360
-325
-340
-202
-166
-42
-35
-131
-150
-201
-79
91
87
107
112
150
116
198
285
284
326
287
429
589
581
532
594
642
594
725
872
906
848
777
817
816
851
827
860
837
732
660
578
575
487
408
406
370
291
205
147
197
114
75
117
86
9
-28
28
31
-17
-71
-57
-34
-55
-63
26
46
-44
-73
-51
-28
-63
-66
-63
-159
-287
-433
-469
-479
-479
-466
-565
-585
-850
-1002
-916
-884
-724
-733
-679
-811
-1080
-1055
-1035
-775
-654
-500
-506
-851
-835
-1000
-917
-801
-638
-557
-691
-615
-847
-1004
-959
-990
-844
-629
-273
-177
-348
-257
-414
-322
88
557
883
807
939
688
660
871
1004
1337
1407
1573
1442
1320
1213
948
920
988
1117
1096
896
631
217
-1
-40
96
209
113
-55
-264
-344
-313
-187
-41
27
96
345
551
697
728
812
866
972
1195
1391
1492
1330
1291
1116
1090
1038
950
979
812
651
439
270
4
-279
-335
-313
-422
-515
-624
-823
-1020
-1060
-750
-643
-681
-597
-647
-727
-641
-358
-104
-157
-133
-147
-278
-380
-228
-48
32
107
-43
-223
-563
-590
-570
-473
-331
-311
-426
-866
-881
-1185
-1137
-836
-713
-509
-906
-890
-1032
-1164
-1017
-842
-444
-524
-509
-495
-706
-769
-747
-571
-317
-7
136
34
-171
-262
-295
-165
204
508
488
289
172
46
60
173
434
575
566
466
359
368
265
230
153
336
459
368
312
95
-4
-102
-14
172
245
216
27
21
72
-37
139
301
351
381
416
558
443
381
387
515
604
604
657
650
565
416
442
569
613
550
537
482
379
263
338
331
134
172
210
258
155
150
128
2
-53
-14
137
130
180
102
75
-19
-120
-58
-54
25
54
23
-78
-165
-265
-299
-198
-120
-54
-67
-103
-203
-316
-272
-169
-113
-97
-132
-215
-276
-273
-150
-201
-265
-127
-169
-222
-225
-239
-255
-302
-269
-287
-313
-290
-289
-341
-372
-338
-337
-343
-310
-261
-266
-309
-326
-340
-276
-204
-260
-279
-239
-197
-215
-256
-186
-174
-228
-189
-227
-219
-231
-239
-226
-277
-267
-256
-157
-181
-146
-70
-41
-30
-84
-10
114
135
166
216
201
283
291
308
395
440
473
485
452
431
468
455
448
474
524
440
414
390
287
206
163
260
225
79
139
178
1
-69
-35
138
107
9
111
70
3
-42
35
136
93
169
42
40
86
-28
200
96
216
178
58
207
45
-2
14
160
154
-74
89
172
-89
-226
-75
-30
-210
-173
56
-114
-362
-204
-269
-300
-420
-3
-163
-360
-329
-350
-174
-480
-235
-222
-210
-302
-164
-253
-235
-218
-288
64
-315
-147
-60
-232
19
-204
-223
190
103
15
-96
152
177
-170
46
338
321
-42
186
197
44
29
173
318
26
136
354
157
-172
-40
121
98
5
100
57
-126
-83
-117
-31
167
217
73
5
12
73
108
184
373
261
96
189
297
328
280
353
463
376
236
342
376
280
322
187
277
301
208
56
-38
81
40
5
-152
-52
-83
-247
-232
-283
-267
-288
-241
-147
-321
-286
-135
-233
-355
-201
70
-20
-161
-52
-44
-92
22
169
231
70
35
39
-64
-15
36
180
-22
-43
100
-67
-216
-193
83
15
-83
-48
-32
-319
-170
-110
-258
-112
-141
-61
-355
-227
-77
-45
-185
-194
26
-197
-168
-150
133
76
-57
-92
-143
-76
-159
-54
0
123
-124
-128
-268
-105
-27
-354
97
-43
60
-331
-142
-57
-237
-51
-271
-159
-235
-140
-247
-243
-204
-446
-481
-351
-415
-111
52
1
-175
-470
-177
-150
190
306
325
378
-55
-82
90
414
672
658
717
600
559
506
601
757
727
858
768
722
454
362
396
318
401
400
325
120
24
37
44
16
-2
89
19
-208
33
42
-27
-93
-172
-4
53
130
90
78
73
102
172
270
388
401
209
166
369
384
397
397
322
171
27
252
293
169
131
-27
8
-84
-21
-29
-23
-80
-218
-133
-131
-228
-386
-138
-284
-385
-309
-371
-323
-428
-402
-343
-370
-451
-476
-393
-98
-354
-323
-214
-566
-440
-348
-171
-70
-22
-314
-597
-459
-314
-288
-301
-201
-461
-675
-495
-417
-500
-479
-395
-516
-760
-690
-650
-896
-910
-866
-811
-643
-272
-151
-689
-859
-561
-218
112
419
627
209
-306
-147
494
981
975
1123
1051
606
647
967
1280
1219
1037
1016
927
704
490
596
743
557
292
143
159
-82
-371
-226
-41
-116
-369
-412
-439
-408
-194
118
96
-208
-230
-37
160
292
366
426
379
238
367
631
834
826
681
656
532
624
700
831
817
511
432
201
296
392
466
458
60
-41
-167
-43
59
50
83
-282
-424
-431
-341
-270
-343
-279
-436
-566
-565
-518
-415
-576
-459
-483
-533
-427
-425
-362
-539
-551
-317
-263
-203
-263
-172
-267
-473
-528
-484
-266
-259
-264
-465
-630
-701
-740
-688
-577
-687
-876
-1151
-1178
-1250
-1343
-1317
-1218
-587
-207
-497
-1387
-1360
-676
-74
391
718
700
-440
-703
217
1410
1725
1394
1417
1054
730
1016
1803
2185
1615
1201
1111
1019
860
864
1130
873
310
-30
-46
-91
-311
-341
-280
-570
-871
-810
-709
-774
-745
-433
-316
-636
-850
-473
10
133
114
304
434
410
515
838
1153
1118
964
981
1175
1305
1315
1266
1201
1020
957
1079
1087
935
631
537
494
475
485
420
230
-52
-152
-116
-103
-195
-325
-432
-562
-601
-535
-500
-564
-689
-747
-707
-651
-560
-517
-506
-497
-512
-403
-334
-245
-245
-203
-210
-310
-260
-283
-221
-270
-306
-359
-607
-536
-566
-553
-563
-798
-879
-1154
-1154
-1267
-1334
-1410
-1611
-1762
-2024
-1625
-704
-384
-1058
-2058
-1662
-573
-70
399
519
316
-805
-746
793
1776
1771
1277
1448
1213
964
1565
2260
2359
1579
1259
1267
1087
1045
1082
1190
675
61
-151
-150
-135
-267
-372
-672
-1076
-1031
-694
-651
-913
-918
-482
-356
-660
-684
-224
150
133
167
445
629
656
760
1052
1253
1250
1198
1129
1165
1300
1496
1506
1277
1020
933
1029
979
891
828
635
396
201
295
327
139
-106
-199
-190
-343
-432
-492
-493
-641
-754
-724
-692
-687
-826
-854
-890
-842
-773
-767
-733
-771
-703
-674
-627
-534
-424
-388
-460
-461
-373
-292
-343
-359
-335
-329
-375
-318
-340
-399
-578
-686
-713
-815
-830
-941
-1026
-1252
-1480
-1685
-1789
-1733
-1179
-410
-478
-1475
-2282
-1363
-209
242
437
392
66
-978
-199
1372
2050
1671
1235
1571
1144
1215
1997
2599
2245
1421
1396
1443
1319
1440
1527
1237
446
1
88
195
106
-159
-541
-905
-1031
-753
-604
-837
-1016
-869
-515
-600
-700
-595
-263
50
235
407
487
595
742
982
1170
1324
1288
1212
1153
1333
1616
1524
1249
1154
1328
1266
928
856
951
926
659
506
504
234
-9
-40
99
-10
-248
-338
-452
-577
-700
-589
-571
-743
-843
-901
-945
-1010
-885
-758
-872
-1040
-1003
-798
-731
-689
-615
-623
-693
-620
-439
-361
-433
-523
-478
-349
-290
-349
-448
-363
-369
-465
-547
-585
-587
-781
-930
-987
-1037
-1170
-1415
-1606
-1598
-1599
-1081
-448
-627
-1578
-2255
-1005
73
236
221
100
-22
-950
107
1602
2021
1455
1059
1626
1213
1374
2164
2633
2105
1284
1414
1460
1344
1443
1401
974
185
-49
136
168
33
-277
-717
-1048
-1019
-604
-593
-953
-1061
-816
-477
-631
-697
-608
-191
131
239
332
361
606
783
1022
1198
1360
1364
1263
1339
1572
1744
1503
1223
1169
1497
1405
1003
733
830
1141
810
697
484
311
160
64
422
133
-184
-570
-569
-404
-572
-482
-762
-872
-1021
-1019
-904
-974
-854
-994
-1071
-1135
-961
-750
-813
-847
-871
-801
-758
-641
-441
-446
-644
-725
-588
-286
-195
-257
-464
-529
-357
-249
-245
-508
-642
-778
-910
-827
-896
-1059
-1566
-1732
-1532
-1429
-772
-618
-989
-2165
-2105
-511
97
64
-202
-40
-556
-914
627
1685
1548
795
1008
1359
964
1615
2350
2295
1353
1161
1527
1449
1379
1503
1184
441
66
237
294
22
-61
-408
-894
-1096
-713
-402
-773
-1033
-912
-593
-535
-667
-530
-350
4
147
276
347
476
779
881
1006
1084
1335
1362
1303
1374
1511
1547
1307
1232
1258
1239
1058
998
988
884
652
459
482
369
481
401
181
-106
-319
-160
-224
-144
-236
-467
-671
-784
-486
-516
-638
-827
-863
-774
-783
-698
-777
-787
-842
-809
-652
-545
-513
-589
-620
-565
-449
-375
-355
-354
-289
-232
-225
-201
-279
-260
-215
-188
-287
-535
-633
-692
-571
-666
-963
-1253
-1507
-1319
-1359
-1042
-495
-662
-1462
-2297
-915
181
42
-231
-304
-30
-1012
-117
1290
1494
832
518
1302
1002
1135
1936
2188
1548
873
1207
1353
1327
1521
1226
522
0
248
434
183
12
-187
-751
-1069
-778
-330
-509
-924
-921
-761
-560
-599
-602
-606
-305
107
241
152
178
563
770
768
813
1104
1211
1102
1174
1353
1434
1200
1083
1199
1171
981
680
863
1122
839
313
-44
415
587
414
322
-54
-281
-588
-126
189
-139
-492
-781
-603
-690
-527
-436
-673
-888
-1058
-837
-785
-711
-654
-851
-971
-942
-662
-567
-612
-616
-645
-696
-661
-424
-207
-280
-470
-456
-278
-125
-208
-283
-357
-331
-296
-363
-409
-482
-587
-835
-1107
-971
-997
-1145
-1401
-1281
-418
-421
-1053
-1981
-1029
180
-78
-223
-198
299
-627
-405
1106
1454
946
453
1320
1294
998
1704
2124
1842
994
1202
1469
1434
1527
1297
733
175
345
561
389
124
-45
-499
-856
-671
-239
-241
-679
-858
-749
-468
-306
-319
-364
-199
154
257
217
305
648
845
771
801
959
1157
1126
1086
1122
1136
1085
992
992
897
764
613
614
728
670
300
-49
33
329
421
111
-137
-365
-328
-144
-76
-119
-533
-619
-586
-500
-369
-463
-500
-777
-782
-687
-599
-498
-594
-636
-847
-766
-617
-492
-444
-534
-578
-697
-588
-356
-223
-284
-386
-401
-347
-202
12
-48
-355
-466
-272
-3
-148
-413
-600
-647
-635
-772
-804
-1053
-1198
-1174
-1209
-722
-439
-583
-1460
-1560
-354
-12
-200
-268
125
-161
-787
335
1185
1068
546
838
1221
776
1228
1868
1786
1076
931
1327
1338
1338
1358
902
435
414
619
460
136
190
-5
-407
-515
-226
-19
-380
-615
-589
-317
-56
-122
-236
-250
120
340
262
264
494
748
690
660
773
929
969
934
938
913
900
829
737
702
646
499
284
280
508
479
180
-46
60
201
57
93
120
-31
-231
-296
-8
-35
-156
-277
-395
-390
-472
-335
-364
-454
-551
-625
-522
-499
-465
-640
-769
-728
-623
-547
-636
-661
-627
-645
-663
-580
-440
-377
-435
-502
-484
-364
-220
-222
-284
-277
-288
-319
-421
-334
-379
-490
-709
-803
-785
-1030
-1096
-1086
-1054
-1002
-539
-521
-1217
-1837
-759
163
-303
-559
-324
-58
-995
-351
1014
1008
315
192
1046
812
760
1531
1642
1144
648
1156
1266
1111
1289
1088
653
248
539
625
435
413
259
-280
-571
-215
241
-13
-466
-499
-275
-79
-147
-202
-188
45
249
121
26
215
621
716
463
430
604
799
757
711
674
597
583
608
598
441
329
281
294
215
204
220
3
-69
-23
289
159
-47
111
-4
-55
-249
116
212
-71
-175
-269
-86
-162
-63
-77
-249
-327
-419
-330
-286
-208
-317
-599
-685
-563
-365
-362
-477
-566
-637
-661
-504
-305
-244
-408
-534
-378
-139
-44
-202
-282
-218
-98
-100
-202
-215
-293
-287
-430
-529
-553
-617
-696
-1018
-992
-997
-588
-285
-590
-1291
-1580
-462
-35
-326
-495
-314
-360
-964
20
888
757
212
382
958
617
935
1522
1575
965
768
1195
1225
1278
1380
1119
554
411
710
749
547
403
134
-289
-269
38
149
-212
-444
-431
-377
-242
-224
-282
-406
-213
-79
-160
-148
117
339
139
5
195
522
519
339
249
332
411
400
386
356
311
175
66
97
184
209
198
124
142
60
138
300
354
339
94
24
53
212
317
153
29
-96
-27
16
4
21
-94
-190
-367
-318
-169
-173
-305
-480
-473
-459
-440
-357
-366
-448
-529
-455
-321
-260
-224
-240
-245
-231
-93
69
72
21
-114
-118
9
146
79
-247
-374
-289
-253
-324
-528
-667
-901
-968
-894
-899
-533
-430
-808
-1687
-1406
-208
-61
-551
-713
-324
-667
-804
265
840
404
-44
415
775
636
1093
1429
1168
709
875
1146
1149
1296
1225
698
349
597
785
572
372
291
-90
-360
-220
47
-66
-442
-673
-671
-437
-192
-294
-585
-651
-395
-252
-261
-153
-26
-38
-163
-30
179
302
282
263
253
233
273
362
372
305
244
198
195
189
300
380
364
201
120
201
424
417
277
180
122
167
85
217
194
42
-89
-147
8
-53
-74
-121
-244
-310
-360
-206
-175
-184
-302
-441
-422
-302
-149
-238
-355
-385
-295
-185
-96
-35
-47
-96
-96
73
271
333
164
18
14
135
281
260
125
-110
-177
-129
-186
-233
-431
-612
-868
-954
-763
-916
-816
-614
-675
-1367
-1701
-613
-71
-479
-801
-519
-370
-941
-204
663
535
-63
123
822
576
692
1215
1282
786
668
1121
1164
1081
1195
945
542
521
831
719
381
290
124
-209
-213
58
50
-324
-550
-486
-375
-219
-228
-398
-541
-319
-83
-65
-104
2
170
144
125
228
469
566
522
405
434
608
655
630
550
542
392
274
371
532
560
307
247
113
191
254
372
314
-11
0
-62
40
40
105
-9
-232
-252
-172
-123
-230
-241
-265
-383
-458
-373
-219
-250
-418
-471
-414
-307
-273
-256
-306
-337
-349
-232
-77
14
-52
-173
-163
-14
205
231
140
-26
-31
69
188
187
0
-174
-260
-227
-141
-335
-478
-677
-819
-942
-1078
-944
-1066
-843
-748
-936
-1482
-1540
-590
-302
-622
-756
-515
-527
-811
-19
586
367
12
333
807
612
842
1300
1279
831
810
1211
1298
1203
1225
953
635
553
742
705
450
368
113
-201
-286
-55
74
-286
-626
-684
-422
-158
-218
-433
-575
-359
-172
-80
-9
93
143
56
148
409
632
564
389
388
518
618
588
572
462
373
270
286
397
395
462
145
16
-38
146
282
17
67
-183
-146
-111
-112
60
-227
-168
-277
-234
-106
-159
-52
-293
-248
-256
-189
-58
-86
-84
-262
-248
-174
-74
-6
-87
-184
-189
-77
63
52
-9
-25
-32
41
82
174
182
90
-28
-69
56
131
87
-86
-215
-258
-335
-294
-365
-548
-795
-941
-996
-1068
-995
-1123
-1069
-882
-921
-1434
-1673
-732
-257
-702
-952
-583
-361
-910
-351
490
409
-78
100
760
589
651
1146
1218
842
714
1070
1197
1187
1270
900
541
570
796
677
400
403
225
-203
-247
89
233
-161
-501
-442
-238
0
-11
-171
-324
-113
197
268
220
237
329
326
405
607
723
634
523
559
617
634
597
560
448
284
229
224
304
225
145
57
-114
-128
-76
113
-1
-186
-164
-151
-12
-68
-20
-37
-134
-48
-14
146
110
20
-43
-76
56
81
100
45
-20
-53
-77
13
45
-25
-135
-188
-123
-98
-107
-95
-92
-103
-186
-208
-92
30
11
-174
-264
-150
-27
-9
-151
-267
-323
-344
-290
-358
-445
-615
-757
-875
-985
-1008
-1056
-1069
-1255
-1190
-808
-807
-1280
-1624
-778
-300
-669
-720
-443
-334
-955
-290
604
476
-23
92
668
519
679
1197
1191
758
633
987
1095
1117
1133
773
430
485
693
537
360
331
166
-261
-235
118
224
-103
-409
-356
-212
15
13
-79
-224
-132
69
135
181
220
283
256
253
354
440
448
378
351
346
325
267
200
165
66
-20
-73
-33
-70
-75
-150
-243
-215
-143
-14
-115
-32
26
-39
-12
32
238
170
211
216
145
215
263
361
187
180
295
300
265
263
331
179
65
133
181
106
-21
-12
-19
-125
-169
-116
-59
-106
-184
-218
-145
-27
10
-134
-217
-132
-49
-76
-140
-169
-241
-298
-319
-253
-329
-499
-692
-753
-758
-797
-874
-975
-1019
-1202
-974
-600
-656
-1318
-1527
-655
-350
-633
-652
-376
-523
-1000
-112
576
342
-123
94
581
412
718
1018
841
499
612
883
804
910
1051
708
394
529
736
621
556
550
237
-90
106
415
339
-1
-163
-80
75
295
213
-40
-145
84
238
182
155
231
277
150
143
265
396
324
139
81
93
151
111
58
-8
-83
-118
-136
-72
-44
35
-90
-171
-50
89
142
18
234
188
56
147
334
436
205
268
378
350
292
293
373
247
188
200
167
161
114
88
-21
-53
-75
-138
-177
-169
-163
-264
-347
-315
-224
-219
-272
-343
-318
-278
-194
-142
-154
-165
-166
-146
-116
-21
-56
-177
-210
-216
-144
-203
-320
-373
-418
-493
-661
-723
-807
-877
-942
-986
-926
-714
-708
-1053
-1345
-932
-454
-577
-655
-473
-381
-789
-482
246
392
37
17
410
404
487
892
1014
735
604
856
970
998
1116
970
661
589
822
814
676
604
470
157
47
269
394
214
-58
-123
-67
55
104
65
-78
-150
-125
-27
94
123
21
-71
-31
64
130
119
48
-15
-31
25
66
72
32
-32
-97
-81
-18
69
184
109
78
-33
113
201
330
464
229
169
115
442
526
390
365
208
215
177
355
395
89
-39
-93
25
-17
-63
-82
-269
-321
-354
-255
-252
-330
-426
-525
-448
-317
-293
-320
-324
-304
-317
-271
-87
0
-54
-180
-138
-23
60
86
-22
-124
-228
-177
-69
-134
-284
-463
-512
-548
-632
-666
-775
-912
-1070
-1104
-1039
-1068
-931
-831
-897
-1270
-1269
-741
-523
-612
-643
-466
-527
-619
-72
367
303
105
277
588
608
855
1059
1016
862
909
1116
1209
1284
1263
989
863
902
942
851
793
785
487
258
333
527
456
167
-11
-41
35
161
145
-20
-168
-111
-18
35
86
47
-63
-151
-15
116
146
67
21
17
65
141
151
143
103
96
60
81
202
252
211
159
165
206
260
360
386
236
166
189
283
292
224
153
54
94
122
144
91
-18
-105
-192
-139
-91
-144
-264
-368
-361
-342
-278
-257
-329
-405
-392
-300
-249
-220
-232
-240
-232
-170
-88
-47
6
-3
-27
-47
-3
52
22
-36
-107
-167
-177
-131
-180
-311
-434
-481
-523
-615
-637
-725
-812
-906
-927
-931
-997
-965
-1007
-950
-846
-787
-868
-1006
-691
-456
-419
-387
-243
-150
-365
-19
383
515
407
504
729
690
860
1116
1165
1005
1028
1159
1132
1115
1199
1073
846
790
888
825
673
625
550
361
301
320
281
164
74
27
-74
-51
-14
-41
-209
-257
-186
-136
-123
-132
-138
-170
-173
-98
-11
20
-24
-47
-39
32
124
147
104
-1
-2
54
199
196
125
72
128
172
181
264
227
87
10
127
153
116
83
68
-21
-87
-2
22
-42
-129
-183
-200
-211
-161
-181
-298
-375
-402
-345
-321
-317
-371
-412
-400
-332
-272
-289
-313
-277
-242
-213
-135
-72
-58
-148
-130
-59
-10
-12
-58
-64
-77
-110
-132
-147
-186
-259
-307
-318
-349
-407
-482
-555
-590
-641
-664
-704
-717
-756
-820
-776
-737
-662
-609
-564
-590
-659
-452
-231
-146
-112
-65
24
6
263
553
634
583
619
805
891
1056
1210
1186
1068
1062
1199
1208
1185
1206
1087
918
865
923
864
727
627
507
349
296
312
237
70
-33
-50
-133
-197
-202
-201
-285
-310
-272
-233
-247
-255
-225
-205
-164
-120
-75
-39
-11
13
31
33
73
105
131
119
161
200
188
152
199
297
209
137
213
324
225
137
232
249
154
75
118
124
76
30
-19
-69
-84
-73
-119
-209
-248
-274
-317
-335
-307
-331
-437
-456
-392
-368
-389
-406
-361
-328
-329
-289
-220
-167
-198
-186
-122
-59
-46
-71
-32
11
28
19
7
4
-33
-63
-76
-89
-104
-167
-234
-292
-342
-365
-391
-409
-469
-547
-564
-551
-537
-611
-604
-581
-564
-521
-517
-404
-333
-309
-368
-287
-74
-6
15
104
260
250
261
482
635
639
659
761
823
797
931
973
899
890
887
849
760
789
749
593
521
482
398
294
246
190
12
-67
-66
-115
-240
-304
-327
-386
-391
-353
-358
-439
-430
-344
-296
-277
-248
-228
-185
-143
-69
-25
-18
7
29
68
72
129
195
188
174
143
172
169
220
228
169
155
86
136
163
178
113
-4
20
39
32
-30
-81
-103
-154
-156
-180
-200
-229
-283
-282
-299
-268
-276
-318
-347
-373
-352
-321
-269
-271
-290
-275
-249
-191
-140
-102
-81
-52
-14
3
38
72
89
69
46
90
129
104
53
63
54
-9
-34
-17
-35
-101
-149
-175
-202
-228
-239
-257
-278
-284
-306
-339
-322
-321
-337
-360
-322
-273
-280
-241
-207
-162
-132
-78
16
32
90
169
232
255
244
325
353
386
430
472
507
500
542
576
565
596
605
581
519
498
473
417
377
314
272
196
140
100
55
2
-50
-101
-133
-156
-189
-204
-198
-208
-233
-247
-232
-194
-163
-134
-141
-121
-68
-8
16
25
64
89
122
143
164
200
256
266
229
209
253
309
281
258
223
202
174
175
248
227
163
102
82
100
91
89
36
-65
-124
-101
-61
-99
-189
-277
-318
-285
-253
-261
-317
-359
-335
-332
-285
-227
-204
-234
-261
-171
-83
-24
-18
-11
-5
14
98
163
191
147
118
144
196
254
234
154
96
75
91
95
100
35
-91
-140
-96
-48
-89
-153
-202
-224
-218
-169
-159
-216
-227
-249
-253
-207
-155
-151
-215
-230
-195
-146
-115
-97
-78
-57
-22
-14
-10
-23
-7
30
48
58
42
38
55
40
34
65
75
47
55
87
61
28
53
70
34
14
66
76
32
-27
-24
-18
-53
-29
-29
-80
-126
-107
-62
-60
-72
-70
-81
-86
-79
-44
-34
-32
-32
-41
-20
15
70
35
31
69
99
102
108
141
123
114
128
124
79
58
104
110
59
15
7
31
-1
-47
-66
-92
-108
-145
-138
-151
-181
-184
-226
-207
-208
-192
-202
-226
-188
-198
-177
-160
-105
-78
-80
-46
0
49
93
110
94
122
155
181
182
185
186
172
189
200
196
172
154
153
141
127
117
95
70
69
57
61
45
28
0
-23
-16
-15
-5
-16
-31
-36
-14
-6
-12
-26
-13
15
23
24
32
33
34
26
31
40
41
58
28
30
33
25
18
-6
-14
-47
-52
-36
-52
-86
-112
-89
-90
-115
-110
-87
-54
-93
-79
-49
-32
-12
-17
14
28
17
17
8
20
31
63
74
74
96
113
128
135
160
154
140
159
171
162
165
169
182
164
144
157
142
104
83
87
88
66
45
41
40
36
36
37
3
-17
-6
-24
-44
-82
-108
-115
-133
-124
-134
-139
-128
-135
-151
-168
-136
-132
-147
-161
-166
-133
-118
-106
-99
-78
-39
-35
-41
-18
29
47
52
60
91
98
90
118
151
166
164
152
160
153
106
110
101
85
67
40
35
12
5
-28
-62
-82
-80
-82
-110
-117
-163
-168
-158
-138
-140
-175
-166
-147
-122
-100
-95
-97
-93
-77
-32
3
30
17
0
19
39
94
88
72
75
74
83
78
110
110
78
55
62
107
96
77
66
42
43
36
56
57
20
-7
-17
-12
-8
-18
-40
-70
-94
-87
-76
-82
-83
-99
-111
-102
-74
-50
-53
-70
-59
-41
-20
-6
3
25
20
39
61
79
93
74
82
97
101
120
128
131
114
105
99
90
100
87
49
36
12
-23
-54
-53
-44
-107
-136
-145
-140
-144
-176
-154
-170
-164
-144
-120
-98
-100
-85
-68
-43
-37
-3
15
15
42
53
76
82
101
145
128
125
143
162
180
159
163
147
115
122
123
85
29
-8
-22
-39
-64
-83
-117
-153
-180
-168
-156
-184
-182
-197
-176
-155
-132
-112
-145
-139
-130
-97
-65
-40
-24
-38
-26
1
31
37
62
82
89
118
150
182
175
173
178
189
206
199
192
184
173
156
136
118
95
65
35
13
5
2
-32
-51
-86
-98
-113
-128
-101
-141
-149
-161
-177
-161
-188
-171
-168
-171
-164
-160
-113
-95
-106
-90
-68
-37
-18
-14
21
39
49
66
90
127
128
132
139
142
130
126
131
135
125
91
102
77
47
40
28
52
20
8
-7
-16
-7
-41
-44
-48
-42
-51
-41
-35
-34
-31
-39
-15
4
27
37
36
54
71
67
88
119
123
125
135
141
138
122
115
102
87
91
72
51
35
16
3
-13
-17
-33
-57
-73
-84
-95
-105
-111
-108
-109
-121
-112
-119
-103
-79
-91
-66
-60
-48
-31
-11
20
31
27
75
79
73
99
121
149
118
128
127
121
113
84
101
87
71
68
51
29
5
-9
-27
-48
-54
-66
-88
-117
-138
-162
-176
-184
-183
-193
-212
-223
-228
-221
-230
-223
-217
-216
-213
-224
-192
-191
-195
-168
-153
-130
-122
-109
-76
-56
-56
-25
-5
24
42
50
76
77
91
115
139
134
150
151
125
132
133
141
122
116
127
110
113
127
113
100
84
81
83
83
75
62
50
30
42
35
24
26
20
25
29
28
39
33
28
45
45
71
83
75
70
56
80
95
89
75
43
46
32
34
33
14
-2
-18
-12
-27
-40
-47
-56
-61
-50
-56
-52
-54
-69
-51
-57
-32
-24
-20
6
-4
7
11
30
35
31
43
45
64
75
89
89
83
94
104
114
109
100
69
73
75
59
54
20
26
-15
-27
-15
-44
-48
-87
-98
-113
-131
-146
-155
-160
-170
-180
-206
-202
-196
-193
-186
-188
-190
-196
-200
-177
-164
-173
-169
-168
-146
-131
-112
-98
-70
-54
-49
-26
-3
31
30
50
76
78
94
108
135
140
123
146
160
163
152
147
159
150
148
143
125
110
115
96
94
80
60
49
32
37
35
16
0
8
-8
1
3
17
28
9
15
22
27
17
18
30
51
28
34
45
42
40
14
27
13
10
3
-5
9
-4
-5
-10
-22
-23
-44
-33
-22
-25
-23
-32
-22
-15
-11
3
4
6
4
23
40
49
59
46
58
70
66
69
57
72
73
54
67
62
57
40
31
37
25
16
-6
-32
-42
-45
-48
-47
-64
-68
-76
-91
-101
-111
-115
-124
-132
-132
-136
-133
-143
-158
-167
-186
-186
-205
-197
-182
-188
-176
-170
-156
-152
-147
-108
-100
-95
-78
-50
-42
-13
0
10
40
45
88
106
139
152
148
164
198
213
212
223
217
243
232
232
231
225
219
186
183
165
155
135
113
105
67
49
27
25
7
-26
-39
-43
-41
-79
-79
-92
-123
-125
-149
-130
-136
-136
-119
-137
-120
-113
-129
-117
-94
-93
-81
-93
-72
-80
-88
-69
-76
-55
-66
-57
-62
-43
-38
-46
-31
-44
-11
-27
-4
28
11
35
30
54
82
70
91
103
102
120
118
130
133
128
136
146
153
156
145
147
150
149
145
118
120
99
83
75
54
54
40
14
1
-7
-26
-35
-52
-53
-64
-89
-91
-106
-129
-139
-152
-159
-168
-176
-187
-191
-179
-187
-207
-194
-191
-194
-173
-190
-168
-167
-165
-140
-147
-112
-98
-81
-62
-34
-8
26
44
81
117
118
163
190
209
227
240
264
264
278
280
271
262
243
247
241
235
219
200
189
152
137
112
96
69
34
19
-7
-22
-54
-80
-89
-106
-113
-122
-128
-137
-136
-139
-136
-131
-124
-125
-126
-125
-121
-113
-130
-122
-128
-123
-104
-116
-108
-105
-112
-99
-85
-83
-66
-59
-47
-33
-26
-26
-22
-19
-17
0
-8
5
5
18
26
27
55
61
90
80
91
106
90
101
103
112
113
109
121
105
92
102
95
106
105
105
100
89
86
72
65
56
46
33
20
18
-5
-13
-30
-23
-28
-48
-27
-58
-57
-67
-83
-66
-78
-86
-86
-93
-102
-103
-116
-109
-110
-115
-106
-97
-85
-68
-59
-52
-29
-14
-6
14
24
38
47
53
69
83
97
108
128
126
127
138
139
135
143
137
141
139
132
138
114
120
110
78
80
58
45
24
-6
-3
-32
-56
-42
-75
-75
-94
-112
-112
-138
-137
-148
-167
-167
-172
-186
-182
-192
-189
-177
-185
-163
-153
-157
-141
-131
-116
-99
-96
-70
-64
-64
-53
-43
-32
-10
-14
5
28
19
35
31
50
44
48
67
53
66
60
66
68
76
80
88
82
77
76
64
75
54
69
75
54
74
59
66
62
42
53
47
43
31
24
46
38
23
32
43
29
21
14
14
14
-3
11
-13
-25
-27
-33
-40
-47
-39
-47
-40
-41
-31
-45
-41
-25
-41
-22
-28
-22
-25
-26
2
-12
3
16
18
44
40
52
60
64
89
84
96
104
112
119
114
125
118
125
133
121
127
104
100
92
74
70
47
43
28
23
2
-10
-27
-52
-65
-90
-96
-118
-126
-122
-139
-141
-148
-159
-177
-183
-173
-172
-167
-160
-145
-148
-142
-117
-122
-106
-102
-88
-77
-85
-69
-57
-51
-34
-30
-11
3
-6
13
12
22
24
27
48
53
50
44
60
53
51
59
59
57
47
55
48
48
47
37
45
38
54
48
47
58
49
43
47
44
49
38
21
28
16
22
20
15
16
19
15
20
24
22
31
21
31
25
32
31
35
40
44
51
33
47
44
44
30
30
47
33
38
42
42
33
15
38
34
27
31
31
45
30
45
58
56
63
71
80
69
75
77
88
85
76
84
71
53
45
33
23
15
-8
5
-22
-31
-40
-69
-73
-110
-102
-123
-131
-129
-139
-124
-149
-137
-142
-143
-143
-150
-141
-136
-148
-134
-129
-137
-127
-131
-120
-117
-108
-96
-91
-86
-77
-60
-52
-45
-40
-23
-13
-19
-3
-1
12
18
18
33
35
54
60
66
67
79
81
75
78
89
90
70
86
96
88
76
77
68
47
35
31
30
17
17
2
-9
-4
-13
-8
-17
-19
-11
-29
-23
-32
-34
-49
-51
-33
-34
-32
-35
-18
-27
-5
-15
-9
9
-6
15
8
19
25
15
24
22
19
41
40
46
66
60
73
62
63
64
50
59
57
78
77
73
86
84
87
72
88
87
67
67
54
51
40
35
33
28
13
13
-12
-4
-11
-34
-25
-46
-43
-46
-56
-52
-58
-65
-57
-75
-70
-71
-78
-63
-68
-54
-57
-60
-55
-54
-54
-59
-48
-41
-46
-35
-41
-30
-30
-21
-25
-23
-17
-21
-6
-27
0
-16
-13
11
-5
19
-1
12
16
15
32
31
22
15
32
18
19
24
15
23
13
14
19
1
14
-3
-8
2
-5
-5
-6
-2
-10
-15
-18
-17
-23
-30
-22
-30
-27
-28
-45
-31
-49
-39
-46
-57
-37
-55
-50
-47
-41
-36
-39
-30
-21
-15
-28
-21
-23
-23
-14
-18
-1
5
5
15
17
24
24
34
46
50
51
52
62
62
64
74
69
78
78
78
74
77
86
69
69
56
67
55
54
64
48
38
33
32
29
27
12
4
7
5
-5
8
-10
-6
-12
-16
-8
-21
-17
-8
-10
0
2
-8
-3
-1
-1
-5
8
-9
6
-7
-10
11
-8
17
9
14
27
14
33
25
23
27
19
31
33
29
44
44
40
35
41
47
46
41
51
45
38
41
39
36
31
36
29
43
34
36
40
28
29
14
12
-4
-3
-13
-26
-14
-27
-29
-40
-31
-35
-50
-55
-51
-66
-78
-68
-93
-83
-84
-90
-87
-82
-79
-81
-73
-71
-73
-89
-77
-71
-77
-62
-68
