36
-55
48
-32
23
-25
10
29
-45
111
-11
48
7
29
10
27
32
-19
27
-42
45
-68
39
-5
-12
5
-59
-3
-38
-17
-24
-22
-66
14
-31
13
-17
-34
-29
-34
-33
-13
10
-26
-18
-11
-18
-19
28
-15
9
-26
-26
-55
11
-24
10
-29
13
-17
-38
27
-50
44
-80
45
-49
15
-42
-24
-52
-19
50
-67
94
-90
39
-54
30
22
16
22
-49
19
34
10
13
62
-36
23
-14
76
-54
28
-34
-45
17
-63
67
-73
29
-56
-19
-27
7
-21
-30
7
-14
15
-19
6
-56
32
-25
25
22
-6
-21
-21
21
9
22
3
13
20
-5
-14
50
9
13
34
6
37
1
62
21
48
33
6
46
53
25
71
-12
24
-23
7
33
-11
-40
30
-41
18
6
-12
34
-50
74
-68
56
7
37
46
53
9
7
36
18
30
11
-1
-15
36
-47
33
-47
-2
-38
-20
-30
-63
28
-57
-20
-30
-30
-50
-62
18
-59
-30
-36
-37
-48
-38
-10
-17
-25
9
-39
3
-1
14
15
20
57
-65
67
-37
40
9
55
36
1
43
17
21
54
8
25
53
2
97
-33
83
-27
90
49
82
53
7
76
-35
30
25
25
-30
26
-35
15
-5
-13
56
-35
33
-21
74
-6
22
24
-49
48
-5
50
-27
42
-71
-23
-57
-25
-60
-13
-40
-71
41
-126
18
-77
-4
-77
-2
7
-64
9
-60
-13
-8
2
-29
29
-34
-29
-19
-27
-30
-75
-12
-88
-11
-80
3
-43
-25
-22
-77
4
-79
-30
-69
-6
0
-27
-33
18
-78
-16
-12
-47
-40
-59
-39
-67
-43
-42
-55
7
-36
-8
-20
9
-33
-57
6
-69
12
-33
46
-2
-28
16
-30
1
-32
37
1
26
-11
-1
38
-44
46
-48
9
-54
-1
-41
-21
5
-39
18
-42
8
-47
0
-36
-39
-7
-29
-75
99
-80
46
-9
-15
33
-25
69
-82
58
-76
44
8
11
31
-50
62
-35
88
33
37
70
-21
56
-13
58
19
74
37
3
61
-18
54
18
40
46
52
61
24
55
69
4
85
61
61
61
53
70
21
48
40
79
25
18
79
5
32
-19
12
-9
-20
47
38
-6
1
-33
25
-23
61
-33
30
-6
-46
4
-88
37
-97
34
-35
-3
-28
-56
12
-52
14
-48
7
-51
-4
-27
-15
-33
11
-10
-12
63
-48
43
-58
18
-30
26
-22
17
2
-42
2
-23
10
-27
56
-24
29
-5
27
-53
-8
-92
-12
-19
-16
64
-82
59
-76
45
-56
48
28
51
91
12
26
-31
21
-37
64
24
32
26
27
10
5
48
73
71
84
68
16
17
26
29
11
45
77
41
19
18
-20
3
-6
47
3
34
-18
17
0
-15
24
-6
39
15
24
-25
23
-58
-17
-18
30
-41
-20
6
-71
15
-75
34
-67
-20
7
-38
5
-58
78
-24
10
21
-22
-32
-11
28
-15
43
-19
-8
-57
-37
-96
-66
-54
-49
-14
-2
5
-16
28
-38
29
-14
-3
-2
-28
1
-33
-7
3
-20
3
-50
-18
-43
-52
10
-34
37
-46
27
-31
4
-13
-39
8
-28
-2
-12
4
-5
-24
-17
-3
-39
-7
-14
14
-13
8
1
-31
32
-10
48
-6
8
-2
24
24
8
60
20
46
5
55
17
17
45
-16
14
-11
1
35
69
57
85
38
43
44
74
65
62
64
32
14
12
40
68
75
20
44
3
35
49
112
101
113
93
48
54
-14
50
-51
26
-39
-71
-21
-94
-25
-56
29
0
-15
36
-34
0
-19
-48
-56
-87
-67
-69
-14
-28
-17
3
-45
-33
-24
-37
-27
-12
7
-55
-57
-20
-70
-26
-33
-18
-24
-21
18
-10
60
37
37
29
16
15
7
35
17
-1
-16
-33
-2
-13
-13
51
11
48
45
60
68
75
89
39
41
5
32
-14
10
2
-9
0
-19
21
-29
-8
0
-18
3
-20
-7
-29
-9
-32
-6
-11
-2
15
-31
41
-27
5
9
2
37
-30
16
-9
-2
12
-24
-7
-5
5
3
25
27
-16
10
14
-8
-1
-14
-30
-76
-67
-96
-99
-119
-105
-95
-119
-70
-50
-49
-60
-27
-66
-84
-51
-59
-37
-58
-42
-57
-59
-14
-10
13
10
36
28
31
29
10
13
20
79
67
85
102
131
103
152
215
162
185
136
124
57
123
146
130
124
95
61
56
72
89
103
85
73
39
43
18
28
10
62
64
44
81
65
55
25
67
59
64
68
47
14
-10
-18
-55
-43
-45
-60
-72
-99
-132
-159
-237
-241
-286
-303
-311
-352
-394
-471
-488
-531
-550
-560
-594
-625
-675
-679
-759
-795
-822
-826
-804
-769
-668
-607
-461
-287
-114
103
386
642
815
1039
1216
1252
1298
1348
1282
1110
1017
836
613
474
328
174
61
56
-23
-72
-45
-66
-140
-189
-187
-271
-343
-362
-381
-396
-391
-264
-191
-49
158
334
546
724
948
1054
1152
1233
1200
1156
1032
942
744
562
442
255
108
-21
-90
-169
-234
-219
-290
-318
-338
-394
-439
-496
-494
-554
-570
-545
-523
-487
-424
-299
-227
-124
-32
53
74
77
51
-43
-165
-299
-479
-676
-829
-995
-1184
-1328
-1447
-1588
-1726
-1828
-1890
-1971
-1844
-1633
-1456
-1309
-915
-388
-82
518
1155
1553
1755
2147
2486
2356
2375
2287
1975
1550
1308
1067
578
397
194
-104
-241
-155
-165
-414
-352
-358
-617
-760
-797
-961
-1303
-1322
-1340
-1468
-1326
-1129
-938
-700
-134
339
666
1164
1603
1862
1976
2208
2237
1945
1705
1450
1063
612
335
-5
-394
-523
-601
-724
-667
-497
-429
-430
-173
-18
-79
1
75
41
-76
61
58
-12
87
182
283
384
651
778
843
1027
1116
1069
965
914
677
311
85
-170
-519
-788
-911
-1082
-1190
-1115
-1025
-945
-764
-544
-399
-264
-69
13
-36
-34
-79
-229
-407
-478
-630
-812
-871
-913
-1027
-1099
-1139
-1275
-1465
-1628
-1717
-1720
-1557
-1558
-1429
-1161
-767
-369
200
961
1302
1727
2121
2541
2567
2535
2500
2100
1793
1390
1090
624
318
-7
-386
-520
-572
-693
-907
-942
-1015
-1240
-1377
-1416
-1637
-1835
-1930
-1904
-1899
-1714
-1460
-1238
-723
-170
485
977
1593
2150
2505
2852
3067
3170
2891
2629
2282
1808
1307
818
363
-112
-378
-618
-765
-830
-813
-876
-884
-811
-730
-712
-683
-594
-571
-423
-315
-47
155
473
762
1024
1389
1580
1788
1766
1836
1671
1409
1147
779
434
-39
-339
-671
-909
-1118
-1291
-1333
-1315
-1227
-1150
-1040
-870
-745
-672
-577
-508
-467
-490
-469
-461
-435
-388
-332
-271
-215
-156
-148
-124
-147
-242
-433
-675
-983
-1386
-1854
-2282
-2521
-2511
-2493
-2495
-2202
-1620
-1081
-425
666
1548
2026
2548
3223
3390
3265
3226
2911
2344
1820
1456
871
472
164
-216
-516
-502
-447
-756
-808
-749
-926
-1293
-1367
-1466
-1858
-2089
-2103
-2143
-2126
-1809
-1499
-1093
-397
416
1040
1722
2510
3064
3368
3676
3897
3673
3284
2903
2415
1702
1095
544
-68
-521
-825
-1067
-1259
-1239
-1263
-1359
-1281
-1158
-1152
-1247
-1163
-1104
-1079
-952
-713
-434
-122
377
809
1356
1911
2318
2594
2822
2984
2766
2441
2020
1498
792
67
-482
-1074
-1556
-1903
-2041
-2072
-1963
-1718
-1511
-1200
-857
-643
-483
-355
-339
-506
-667
-785
-964
-1107
-1175
-1120
-1064
-904
-635
-389
-105
69
172
99
-9
-272
-784
-1326
-1990
-2671
-3205
-3349
-3371
-3412
-3127
-2432
-1576
-712
599
1829
2583
3233
4030
4445
4191
4079
3645
2866
2077
1511
840
74
-214
-639
-903
-846
-654
-712
-803
-510
-550
-851
-978
-1139
-1613
-2100
-2233
-2417
-2604
-2394
-2128
-1715
-1015
-3
880
1688
2734
3519
4071
4435
4744
4620
4081
3595
2923
2067
1200
478
-246
-931
-1237
-1505
-1658
-1561
-1404
-1256
-1114
-731
-581
-540
-492
-470
-562
-676
-574
-620
-517
-303
146
461
1071
1735
2045
2541
2843
3124
2842
2680
2228
1484
790
-94
-757
-1647
-2150
-2619
-2853
-2847
-2676
-2291
-1980
-1384
-883
-546
-146
124
172
64
-45
-225
-564
-717
-919
-1034
-1043
-918
-671
-461
-88
171
359
428
411
216
-266
-763
-1483
-2251
-2963
-3350
-3510
-3640
-3541
-3091
-2153
-1347
-124
1326
2449
3154
3954
4779
4683
4501
4154
3485
2525
1690
996
60
-501
-937
-1305
-1362
-1140
-932
-1001
-739
-396
-580
-758
-873
-1130
-1775
-2173
-2313
-2668
-2670
-2538
-2199
-1637
-686
368
1252
2390
3390
4094
4568
4951
5040
4522
3899
3223
2322
1303
350
-400
-1168
-1631
-1816
-1875
-1711
-1431
-1106
-819
-403
-73
-41
-73
-105
-297
-586
-812
-794
-794
-706
-322
153
912
1483
2250
2895
3336
3662
3572
3433
2809
2125
1036
10
-932
-1963
-2723
-3308
-3467
-3528
-3265
-2737
-2157
-1473
-847
-260
232
407
459
230
-28
-422
-869
-1271
-1610
-1695
-1764
-1558
-1204
-678
-217
224
697
1004
1098
880
541
-84
-940
-1812
-2718
-3406
-3746
-3871
-3923
-3654
-2546
-1557
-474
1222
2740
3734
4288
5437
5606
5129
4681
3930
2945
1524
857
-256
-1029
-1459
-1783
-1815
-1628
-976
-911
-710
-119
-25
-372
-607
-780
-1411
-2270
-2446
-2892
-3134
-3100
-2744
-2163
-1360
7
943
2147
3324
4332
4852
5171
5471
5060
4270
3497
2606
1477
309
-540
-1289
-1927
-2074
-2180
-1973
-1661
-1173
-832
-494
-37
-25
-102
-261
-375
-779
-1144
-1231
-1333
-1232
-923
-344
259
1079
1963
2630
3335
3817
3933
3675
3330
2703
1684
599
-460
-1455
-2410
-3043
-3375
-3458
-3298
-2878
-2265
-1576
-825
-240
168
509
634
457
141
-215
-710
-1204
-1526
-1681
-1708
-1570
-1197
-671
-98
508
1059
1453
1679
1645
1429
907
231
-631
-1716
-2643
-3495
-4216
-4555
-4327
-3914
-3486
-2467
-929
255
1547
3153
4288
4641
5004
5412
4728
3868
3093
2099
796
-111
-631
-1390
-1609
-1545
-1377
-1132
-552
-40
-46
148
327
-65
-686
-1126
-1635
-2523
-3050
-3162
-3379
-3216
-2668
-1875
-984
329
1700
2756
3844
4814
5391
5521
5535
5202
4332
3336
2446
1346
282
-547
-1095
-1586
-1739
-1561
-1406
-1027
-697
-322
-184
-21
-28
-317
-638
-1013
-1372
-1823
-1971
-1797
-1671
-1251
-566
361
1211
2098
3129
3571
4049
4091
3938
3278
2488
1479
136
-922
-2023
-2861
-3610
-3835
-3836
-3611
-3063
-2298
-1537
-871
-233
283
457
504
341
-82
-553
-1045
-1467
-1811
-1843
-1786
-1538
-1041
-372
313
915
1535
1920
2063
1980
1634
1035
126
-807
-1885
-2914
-3821
-4554
-4977
-4611
-4047
-3415
-2627
-837
577
1534
3332
4513
5060
4667
5453
4841
3687
2836
1895
854
-484
-574
-1284
-1411
-1221
-913
-704
-136
538
476
233
544
67
-862
-1490
-1985
-2777
-3746
-3533
-3700
-3405
-2817
-1791
-750
526
2219
3246
4340
5311
5883
5853
5641
5356
4391
3121
2204
1176
103
-872
-1265
-1635
-1844
-1562
-1364
-992
-727
-383
-347
-358
-356
-777
-1239
-1593
-1839
-2200
-2344
-2045
-1719
-1138
-311
750
1678
2660
3567
3978
4473
4377
4078
3201
2464
1365
53
-1008
-2090
-2746
-3498
-3554
-3511
-3140
-2618
-1929
-1132
-553
33
334
410
410
109
-328
-778
-1149
-1502
-1774
-1638
-1429
-1039
-517
194
906
1443
1902
2146
2169
1933
1416
742
-160
-1077
-2097
-3075
-3798
-4452
-4766
-5026
-4547
-3604
-2796
-1925
-903
918
1522
2502
3708
4257
3975
3582
4088
2960
2216
1488
1001
186
-236
-50
-388
-117
152
231
345
721
789
121
-310
-319
-1342
-2128
-2660
-2866
-3550
-3749
-3144
-2911
-2069
-1183
-42
1001
2306
3539
4097
4788
5231
5139
4687
4178
3731
2542
1477
796
50
-694
-1245
-1233
-1441
-1349
-1082
-935
-698
-586
-569
-854
-957
-1114
-1617
-2003
-2147
-2206
-2290
-2123
-1360
-804
59
958
2032
2935
3562
4396
4290
4501
3909
3341
2263
1282
271
-1168
-1895
-2749
-3026
-3493
-3274
-2908
-2452
-1832
-1204
-540
-175
87
228
84
-83
-436
-890
-1215
-1461
-1502
-1540
-1131
-709
-170
440
1117
1713
2006
2183
2162
1905
1330
546
-281
-1328
-2311
-3232
-4021
-4613
-4928
-5020
-4466
-3519
-2620
-1884
-520
1126
1700
2970
3910
4429
3754
3940
3954
2694
2088
1355
961
-104
20
-24
-182
110
421
569
632
956
707
-74
-422
-805
-1960
-2664
-3172
-3414
-4131
-3756
-3131
-2627
-1624
-507
861
1866
3297
4292
4753
5200
5321
4996
4284
3673
2903
1521
703
44
-602
-1235
-1352
-1174
-1319
-943
-677
-484
-454
-401
-550
-1029
-1263
-1686
-2267
-2582
-2605
-2556
-2530
-1900
-1040
-266
772
1964
2967
3689
4380
4711
4593
4304
3642
2599
1553
492
-679
-1890
-2595
-3071
-3414
-3420
-3054
-2540
-2063
-1383
-680
-233
33
221
183
-24
-287
-636
-1057
-1271
-1374
-1343
-1117
-662
-155
371
993
1560
1915
2030
2001
1736
1256
587
-170
-1005
-1896
-2670
-3349
-3850
-4214
-4425
-4361
-4179
-3283
-2365
-1501
-860
331
1606
1858
2946
3737
4063
3352
3650
3862
2742
2309
1859
1584
674
728
675
319
423
338
156
-20
28
-410
-1325
-1501
-1793
-2784
-3259
-3316
-3246
-3708
-3052
-2235
-1660
-696
333
1491
2296
3492
4123
4345
4674
4655
4222
3492
3079
2396
1216
534
137
-370
-975
-1044
-867
-1024
-898
-720
-670
-775
-859
-1072
-1496
-1648
-1928
-2336
-2423
-2229
-1960
-1843
-1037
-199
583
1487
2416
3385
3614
4325
4119
4105
3599
2861
2016
738
173
-1215
-1835
-2684
-2872
-3152
-3255
-2702
-2393
-1821
-1444
-757
-393
-217
10
-85
-187
-361
-638
-773
-950
-844
-809
-525
-89
295
768
1126
1562
1704
1667
1562
1216
781
36
-622
-1408
-2082
-2709
-3301
-3629
-3959
-4015
-4029
-3753
-3191
-2168
-1398
-753
90
1490
1960
2585
3666
4112
3812
3524
4207
3353
2670
2186
1942
1167
653
799
296
168
50
-83
-461
-476
-670
-1485
-1970
-1931
-2610
-3262
-3306
-3025
-3199
-2993
-1945
-1338
-535
402
1538
2314
3126
3955
4090
4213
4290
4022
3321
2722
2372
1361
548
265
-52
-600
-871
-583
-752
-825
-708
-690
-894
-1129
-1210
-1608
-1908
-1974
-2149
-2257
-2057
-1536
-1233
-749
232
1009
1689
2350
3157
3485
3566
3660
3344
2930
2195
1545
622
-176
-830
-1596
-2101
-2400
-2374
-2497
-2292
-1847
-1549
-1298
-941
-525
-447
-396
-273
-275
-329
-378
-336
-340
-237
-7
204
461
741
1009
1106
1205
1280
1115
823
518
153
-398
-899
-1334
-1807
-2229
-2616
-2830
-3094
-3176
-3292
-3271
-3274
-2532
-1795
-1281
-903
162
1414
1416
2754
3640
4122
3378
3975
4281
3006
2619
2012
1650
399
366
116
-491
-445
-536
-804
-898
-702
-899
-1882
-1697
-1731
-2674
-2997
-2878
-2537
-3186
-2361
-1499
-994
-108
865
1952
2458
3472
4051
3952
4152
4029
3569
2637
2217
1828
585
141
-106
-300
-868
-782
-399
-684
-557
-511
-544
-842
-1052
-1239
-1823
-1930
-2009
-2187
-2120
-1683
-1032
-850
36
1040
1780
2316
2984
3597
3485
3512
3198
2759
2014
1254
479
-402
-951
-1537
-2065
-2324
-2208
-2059
-2067
-1676
-1247
-1106
-948
-622
-406
-564
-549
-504
-501
-485
-430
-298
-147
132
365
564
845
1055
1092
995
1039
929
545
152
-147
-496
-992
-1360
-1688
-1968
-2247
-2491
-2715
-2825
-2940
-3025
-3123
-2376
-1683
-1228
-943
235
1527
1519
2760
3702
4220
3381
3901
4089
2853
2336
1643
1291
109
73
-225
-714
-584
-577
-804
-888
-616
-821
-1833
-1727
-1751
-2653
-3111
-3002
-2593
-3082
-2259
-1384
-705
176
1139
2223
2720
3606
3975
3748
3723
3546
3035
2005
1630
1365
358
-37
-53
-8
-499
-369
10
-213
-298
-452
-619
-1101
-1434
-1696
-2211
-2317
-2242
-2167
-1974
-1307
-466
-129
628
1630
2249
2546
2922
3278
2994
2734
2463
1900
1320
671
241
-372
-683
-931
-1361
-1513
-1450
-1297
-1500
-1376
-1093
-1110
-1114
-859
-599
-642
-563
-277
-91
68
199
342
441
560
691
631
626
666
600
410
377
390
117
-134
-208
-329
-674
-988
-1227
-1532
-1912
-2197
-2473
-2768
-3011
-3181
-3211
-3232
-2234
-1489
-903
-454
948
2128
1995
3434
4140
4198
3035
3569
3529
1895
1475
971
649
-432
-113
-27
-426
-117
-57
-296
-440
-420
-842
-2046
-1971
-2216
-3210
-3424
-3107
-2491
-2761
-1598
-443
257
1144
1973
2880
3019
3477
3584
3050
2881
2564
2133
1333
1253
1359
645
639
850
971
490
466
653
23
-451
-862
-1211
-1831
-2232
-2298
-2628
-2442
-2044
-1665
-1269
-506
284
446
980
1598
1874
1819
1958
2205
1947
1832
1721
1637
1356
1026
915
456
273
-161
-627
-1047
-1246
-1406
-1839
-1742
-1593
-1467
-1334
-873
-405
-259
-40
232
394
324
185
126
-65
-189
-250
-263
-187
-22
168
299
521
667
564
428
282
-7
-482
-1037
-1457
-1959
-2354
-2788
-2915
-3051
-3096
-3065
-2923
-2688
-1862
-1033
-546
-142
856
1882
1629
2680
3342
3401
2364
2808
3145
1805
1462
1292
1300
275
537
745
342
207
113
-192
-634
-866
-1326
-2380
-2513
-2550
-3242
-3260
-2806
-2043
-2191
-1195
-22
613
1164
1804
2563
2526
2714
2940
2718
2494
2360
2277
1893
1839
2029
1542
1413
1413
1330
701
401
258
-438
-1018
-1391
-1658
-2157
-2407
-2363
-2387
-2307
-1865
-1547
-1199
-755
-170
70
343
881
1064
1292
1627
1913
1932
1974
2205
2020
1778
1735
1281
729
271
-80
-691
-1264
-1333
-1552
-1678
-1588
-1297
-1076
-966
-537
-340
-278
-255
-241
-299
-539
-504
-608
-675
-501
-287
9
295
707
980
1080
1267
1189
934
506
153
-284
-921
-1324
-1663
-1910
-2199
-2232
-2250
-2249
-2260
-2323
-2323
-2356
-2323
-1725
-1201
-848
-600
439
1282
1345
2603
3203
3260
2605
3319
3195
1980
1908
1616
1264
390
834
683
189
200
51
-412
-810
-1010
-1759
-2645
-2654
-2858
-3512
-3216
-2606
-2108
-2009
-763
248
627
1164
1779
2212
2007
2255
2401
2144
1966
2013
2109
2023
2209
2351
2038
2044
1994
1620
909
515
-9
-1012
-1590
-1927
-2279
-2814
-2832
-2539
-2395
-2115
-1617
-1128
-820
-419
62
214
449
692
856
978
1353
1682
1751
1947
2146
2277
2008
2021
1661
1223
643
277
-134
-742
-929
-1227
-1203
-1343
-1155
-1086
-1019
-892
-904
-855
-928
-875
-962
-948
-735
-523
-317
12
478
842
1000
1230
1350
1243
984
685
332
-139
-521
-786
-1068
-1157
-1206
-1215
-1221
-1177
-1131
-1363
-1536
-1847
-2224
-2625
-2918
-3149
-2729
-2139
-1613
-1212
-88
1260
1481
2526
3513
3891
2989
3169
3577
2299
1627
1397
1465
466
441
827
485
316
133
-7
-634
-980
-1476
-2402
-2619
-2553
-2983
-3076
-2412
-1674
-1629
-948
131
505
612
957
1483
1344
1314
1703
1919
2027
2259
2704
2845
2936
3116
2762
2309
1919
1316
282
-490
-860
-1617
-2217
-2350
-2221
-2351
-2288
-1780
-1488
-1403
-1207
-891
-798
-776
-605
-506
-366
26
370
798
1305
1878
2108
2492
2883
2846
2626
2307
2166
1463
1069
624
154
-335
-708
-722
-1100
-1155
-1337
-1363
-1505
-1518
-1378
-1466
-1268
-1128
-802
-562
-245
165
347
621
783
890
822
761
690
450
309
233
162
9
20
61
45
-74
-97
-236
-559
-925
-1286
-1669
-2219
-2655
-3083
-3301
-3602
-3548
-3550
-3019
-2100
-1395
-696
-76
1458
1655
2135
3055
3452
2906
2238
3012
2181
1438
1213
1337
919
414
968
777
627
396
91
-327
-788
-1105
-1950
-2406
-2303
-2636
-2865
-2591
-1892
-1765
-1607
-710
-141
133
328
980
1425
1628
2102
2557
2886
2981
3211
3261
3083
2926
2376
1659
1129
670
-52
-757
-900
-1146
-1500
-1555
-1334
-1246
-1484
-1401
-1325
-1465
-1561
-1559
-1494
-1491
-1218
-856
-486
117
717
1175
1667
2228
2556
2562
2598
2700
2399
2009
1723
1496
1018
548
417
-30
-481
-846
-1082
-1392
-1737
-1791
-1896
-1800
-1660
-1378
-1067
-807
-406
-158
79
229
333
308
286
421
413
407
552
743
851
925
1086
1117
1012
866
654
321
-113
-486
-916
-1312
-1701
-1957
-2245
-2420
-2549
-2743
-2792
-2833
-2846
-2947
-2790
-2671
-1997
-1186
-536
-102
752
1780
1816
2513
3109
3077
2281
2306
2568
1628
1260
1304
1466
1000
1058
1463
1227
926
497
122
-573
-1336
-1943
-2574
-2821
-2945
-3053
-2703
-2112
-1415
-1000
-357
355
695
922
1040
1384
1426
1417
1696
2060
2234
2243
2527
2653
2514
2308
1993
1575
1035
497
-34
-374
-610
-938
-1190
-1255
-1250
-1386
-1520
-1535
-1598
-1765
-1809
-1593
-1344
-1085
-674
-128
463
1012
1504
1869
2180
2278
2214
2042
1897
1660
1301
1062
866
718
349
224
37
-286
-630
-995
-1161
-1501
-1699
-1865
-1799
-1615
-1485
-1145
-790
-413
-184
55
302
413
462
449
542
641
660
769
917
1072
1125
1077
1006
828
547
126
-290
-715
-1139
-1501
-1804
-1985
-2138
-2212
-2262
-2202
-2150
-2201
-2262
-2289
-2363
-2447
-2475
-2400
-1720
-1113
-565
-52
907
1696
1797
2760
3182
2963
2545
2697
2582
1595
1687
1486
1131
972
1025
902
399
551
45
-672
-878
-1360
-1901
-2263
-1958
-1993
-2153
-1470
-1175
-875
-489
-8
36
-35
440
349
446
862
1268
1518
1932
2535
2609
2742
2817
2539
2102
1630
1160
505
56
-297
-611
-723
-761
-746
-801
-699
-717
-893
-1006
-1096
-1226
-1395
-1254
-1050
-824
-403
59
525
867
1216
1398
1365
1400
1245
1107
881
756
710
548
666
558
530
436
283
45
-386
-600
-1081
-1279
-1451
-1602
-1467
-1286
-953
-706
-230
76
236
498
556
544
448
417
351
255
285
304
423
464
447
460
338
130
-140
-327
-604
-863
-999
-1117
-1186
-1218
-1124
-1137
-1206
-1215
-1293
-1469
-1684
-1870
-2071
-2187
-2243
-2175
-2041
-1607
-875
-223
524
960
1559
1721
1857
2198
1926
1873
1521
1429
1103
903
1074
955
1380
1374
1397
1419
1168
968
475
234
-330
-874
-1126
-1553
-1548
-1591
-1428
-1233
-1164
-855
-794
-518
-407
-273
-69
-40
307
527
940
1271
1569
1824
1786
1883
1788
1683
1348
1086
978
681
515
416
426
334
271
253
13
-210
-457
-712
-913
-1131
-1204
-1306
-1228
-1017
-821
-533
-346
-144
-146
-129
-55
-112
-118
-99
-6
112
266
541
740
872
1000
925
826
647
404
145
-158
-297
-462
-528
-443
-308
-157
-10
211
272
247
151
-17
-224
-522
-708
-862
-918
-840
-729
-479
-247
-24
139
201
244
154
34
-85
-139
-189
-256
-210
-123
-52
-57
-49
-99
-194
-353
-521
-686
-884
-1038
-1140
-1117
-1015
-869
-751
-621
-539
-536
-651
-674
-665
-662
-473
-266
43
293
530
806
914
1052
1102
1115
1058
910
840
708
671
698
743
784
809
848
763
600
379
118
-162
-381
-472
-522
-532
-409
-239
-48
94
254
360
315
305
238
148
55
3
12
78
213
343
476
599
644
653
653
646
580
474
402
323
251
177
113
35
-16
-68
-161
-260
-362
-467
-585
-639
-654
-666
-611
-545
-463
-400
-315
-250
-210
-115
-79
-80
-101
-69
-81
-148
-130
-125
-131
-123
-54
-14
-58
-46
-38
-95
-159
-194
-202
-296
-355
-378
-415
-422
-428
-381
-344
-302
-224
-166
-110
-30
47
143
201
295
361
413
465
457
452
396
336
247
163
95
7
-35
-49
-74
-88
-56
0
17
32
74
98
90
48
62
46
-22
-42
-7
48
70
157
263
334
401
483
554
521
496
510
470
396
333
281
161
47
6
-66
-171
-223
-252
-310
-342
-285
-247
-244
-193
-119
-80
-79
-12
-14
-69
-106
-169
-220
-269
-259
-231
-187
-86
39
121
198
277
291
261
250
220
141
74
19
-34
-99
-129
-118
-129
-121
-110
-133
-163
-207
-236
-283
-320
-322
-336
-294
-248
-200
-158
-128
-77
-58
-53
-56
-63
-68
-92
-81
-53
-31
25
83
155
169
148
125
79
9
-67
-127
-169
-207
-227
-210
-186
-144
-101
-34
7
29
52
44
45
19
5
-16
-32
-24
-33
-1
46
86
123
159
208
208
204
183
153
126
77
43
17
-23
-41
-19
30
67
118
179
256
312
343
413
457
464
457
460
463
441
426
412
427
434
431
430
463
492
495
522
545
536
513
491
464
386
326
244
189
181
158
159
59
-21
-198
-394
-585
-704
-735
-736
-622
-514
-389
-335
-281
-291
-342
-386
-470
-475
-491
-499
-457
-414
-308
-177
-25
138
268
366
353
267
122
-71
-194
-248
-242
-226
-182
-136
-176
-222
-266
-373
-485
-574
-589
-541
-483
-344
-241
-78
-38
-14
30
27
-50
-129
-116
-248
-290
-335
-255
-227
-107
49
182
222
247
249
148
103
-27
-79
-237
-309
-260
-299
-197
-219
-221
-306
-311
-218
-165
-34
22
124
130
198
227
269
303
288
247
142
59
-31
-128
-117
-32
-36
31
64
169
209
220
243
194
165
101
104
113
93
69
74
59
79
175
260
354
416
450
481
489
561
641
739
824
856
878
818
772
726
625
512
339
235
110
34
0
-31
-46
-118
-121
-207
-210
-267
-331
-412
-557
-576
-670
-651
-634
-542
-438
-383
-302
-266
-250
-184
-120
-52
-31
-35
-4
-44
-5
-32
13
30
54
36
-27
-89
-233
-307
-368
-350
-332
-283
-244
-248
-266
-252
-269
-294
-311
-298
-288
-333
-332
-340
-340
-340
-261
-168
-108
-35
24
43
-6
-35
-64
-85
-89
-86
-99
-128
-160
-180
-162
-109
-71
-56
-33
-24
-14
5
90
159
207
251
286
274
234
237
242
255
260
275
310
332
348
372
385
376
360
336
283
229
158
74
7
-39
-50
-72
-53
-25
1
40
43
80
103
136
158
170
172
164
194
232
282
332
380
402
383
362
323
273
214
169
122
55
16
-2
-34
-74
-110
-151
-226
-325
-396
-443
-495
-520
-525
-507
-477
-441
-380
-344
-277
-226
-194
-174
-170
-170
-184
-188
-186
-186
-183
-156
-131
-103
-60
25
71
98
109
131
127
89
83
57
63
53
49
60
59
86
96
124
153
165
176
173
176
159
129
137
118
90
60
42
27
-38
-78
-130
-149
-184
-224
-225
-240
-214
-197
-145
-76
-15
39
77
106
96
80
78
94
119
145
182
226
262
297
323
351
359
346
315
298
275
243
226
213
175
131
113
61
30
14
1
-16
-30
-23
-49
-63
-60
-49
-32
0
46
51
63
63
19
-75
-133
-151
-188
-207
-200
-178
-192
-179
-159
-174
-190
-223
-281
-370
-435
-516
-601
-671
-709
-722
-762
-697
-583
-445
-299
-180
-32
26
116
215
292
386
428
495
501
503
505
494
559
585
600
578
523
447
304
218
108
24
-45
-136
-205
-306
-358
-439
-489
-518
-559
-565
-583
-568
-536
-466
-355
-239
-74
67
190
287
355
413
427
471
494
512
531
559
582
583
581
551
503
412
299
183
65
-55
-151
-215
-246
-266
-266
-273
-278
-307
-337
-368
-399
-423
-434
-392
-353
-280
-196
-95
1
83
169
224
248
251
231
213
192
178
194
212
260
288
328
359
359
344
287
235
185
138
90
59
33
3
-15
-11
-9
-14
-14
-21
-31
-58
-72
-77
-63
-35
-9
29
52
69
65
63
56
20
-6
-31
-53
-86
-111
-109
-96
-77
-61
-43
-41
-60
-95
-141
-178
-217
-255
-258
-248
-231
-222
-192
-159
-150
-154
-163
-167
-181
-178
-184
-178
-181
-173
-171
-160
-134
-138
-142
-150
-126
-142
-160
-145
-136
-129
-133
-106
-74
-63
-27
14
47
78
108
146
148
146
153
141
141
154
167
167
165
189
198
191
201
196
174
146
131
110
81
79
80
80
75
72
61
51
45
24
5
-12
-23
-37
-54
-54
-48
-28
-11
18
39
52
74
86
95
83
80
76
70
79
85
105
124
139
133
126
127
114
106
98
90
60
23
-12
-51
-78
-107
-114
-116
-120
-117
-114
-117
-128
-139
-146
-169
-185
-190
-184
-181
-168
-135
-103
-58
-22
8
39
78
99
109
131
145
150
165
181
193
202
210
225
217
210
212
205
177
137
101
51
5
-20
-37
-65
-82
-87
-104
-115
-128
-134
-154
-171
-187
-220
-248
-270
-273
-272
-263
-249
-232
-197
-163
-131
-101
-65
-27
3
40
71
98
116
123
130
121
119
118
97
89
87
77
70
74
82
85
90
90
85
77
59
36
2
-20
-43
-50
-63
-52
-31
-22
-2
15
46
48
65
66
64
54
37
35
16
22
13
7
22
37
55
71
101
133
151
168
192
208
219
229
236
240
229
217
211
201
194
195
199
193
176
147
111
80
25
-33
-78
-106
-133
-151
-155
-169
-189
-211
-230
-251
-286
-319
-344
-347
-334
-308
-249
-196
-137
-83
-29
16
58
87
99
120
114
118
121
130
129
129
126
118
107
82
63
25
8
-26
-39
-51
-61
-61
-84
-93
-118
-135
-156
-170
-177
-181
-176
-160
-137
-108
-76
-49
-22
-14
0
-6
-25
-42
-51
-65
-73
-69
-68
-67
-69
-73
-78
-78
-88
-92
-93
-96
-82
-63
-46
-31
-16
-10
-8
-9
-17
-18
-7
0
20
48
95
135
179
227
251
264
253
247
219
186
152
123
102
78
81
84
90
94
103
115
121
120
105
93
81
73
64
68
75
83
98
116
127
145
159
172
174
158
140
109
83
53
27
9
-9
-27
-45
-70
-105
-141
-181
-234
-285
-320
-360
-388
-413
-417
-418
-409
-374
-339
-292
-255
-221
-196
-175
-147
-129
-109
-74
-43
-9
35
79
120
138
157
174
177
177
174
158
135
117
86
52
34
13
-7
-17
-7
-1
-2
8
24
30
32
48
54
53
49
54
54
50
63
69
77
75
63
40
22
-6
-39
-63
-76
-90
-111
-114
-115
-125
-146
-158
-174
-199
-218
-224
-231
-226
-207
-190
-155
-117
-74
-34
6
41
66
90
102
112
117
123
137
146
153
162
171
173
165
165
155
152
137
122
115
98
96
90
85
82
86
86
81
89
100
102
107
109
121
128
136
145
143
144
144
133
118
108
95
64
38
15
-6
-28
-46
-63
-90
-103
-114
-125
-134
-135
-136
-145
-150
-156
-158
-160
-166
-170
-168
-166
-159
-153
-137
-112
-100
-82
-54
-30
-15
-1
8
9
8
-6
-23
-37
-52
-69
-79
-84
-79
-74
-65
-54
-40
-41
-32
-23
-25
-25
-26
-27
-29
-14
2
25
45
57
63
63
58
42
22
-1
-14
-29
-32
-24
-18
-17
-19
-19
-18
-30
-49
-66
-78
-84
-87
-75
-57
-34
-9
23
52
73
91
105
109
116
118
126
138
145
157
168
183
186
184
173
172
153
129
118
102
79
51
50
45
41
35
26
22
9
1
-13
-22
-19
-14
-15
-7
4
12
19
32
52
59
66
65
62
59
53
46
22
4
-19
-43
-62
-85
-101
-114
-125
-121
-117
-121
-110
-101
-95
-82
-62
-49
-44
-35
-30
-25
-28
-26
-24
-31
-30
-21
-15
-6
6
6
0
-3
-15
-35
-40
-47
-52
-60
-54
-50
-51
-49
-49
-54
-60
-61
-65
-64
-63
-46
-35
-19
-2
14
30
52
66
58
52
52
42
24
29
27
15
17
25
29
28
21
6
-4
-22
-35
-49
-58
-60
-61
-58
-47
-26
-12
0
18
29
31
33
40
44
51
51
63
77
86
112
132
145
160
177
190
201
216
225
227
225
215
206
191
185
174
155
144
132
113
81
70
48
25
11
-4
-20
-29
-37
-52
-55
-54
-57
-68
-78
-87
-103
-119
-125
-130
-141
-154
-151
-146
-148
-136
-133
-135
-143
-145
-143
-153
-154
-161
-172
-182
-190
-198
-201
-196
-189
-181
-173
-166
-163
-154
-136
-118
-110
-106
-97
-82
-76
-70
-59
-43
-26
-12
9
36
61
90
108
121
123
120
119
121
117
120
128
129
132
135
142
138
139
126
108
99
87
78
73
67
61
51
45
44
43
33
21
21
15
15
10
0
4
5
-1
-9
-12
-23
-38
-44
-46
-49
-49
-56
-58
-57
-64
-67
-74
-69
-61
-53
-38
-13
7
28
54
84
112
137
159
174
193
210
215
228
230
224
224
224
222
211
203
184
177
161
135
98
67
37
6
-19
-51
-67
-86
-93
-95
-97
-91
-91
-96
-92
-83
-85
-85
-77
-75
-76
-72
-70
-70
-71
-82
-88
-99
-120
-139
-147
-157
-174
-182
-192
-203
-210
-217
-219
-205
-201
-201
-195
-184
-180
-179
-174
-170
-157
-134
-109
-86
-59
-32
-12
0
11
21
18
20
22
20
14
5
6
2
5
14
17
20
21
15
11
4
4
4
4
14
17
28
42
51
65
75
91
102
108
114
119
128
123
116
111
119
124
129
131
127
117
104
87
72
61
34
16
3
2
1
-1
5
8
21
38
49
59
74
81
87
98
103
108
114
126
133
147
147
145
151
155
153
144
136
121
103
82
55
33
11
-18
-44
-60
-77
-87
-102
-119
-124
-131
-131
-121
-121
-115
-106
-101
-88
-85
-82
-77
-66
-60
-58
-58
-59
-58
-57
-50
-50
-49
-58
-59
-57
-54
-57
-63
-64
-75
-76
-83
-85
-84
-79
-68
-58
-46
-34
-17
-8
6
9
13
24
30
33
41
46
40
37
25
17
16
12
-1
-20
-40
-56
-69
-69
-75
-85
-93
-104
-100
-99
-105
-106
-101
-100
-93
-81
-68
-53
-46
-29
-10
-3
3
21
33
41
53
54
56
57
64
55
56
54
46
36
30
22
17
20
12
15
16
21
35
49
67
81
88
94
107
107
111
113
114
122
130
137
137
148
158
161
160
159
157
152
145
123
99
75
55
39
22
14
7
3
-1
-2
-9
-10
-18
-27
-33
-42
-50
-61
-69
-69
-67
-64
-59
-49
-47
-54
-49
-58
-65
-67
-66
-62
-58
-52
-49
-49
-55
-61
-70
-65
-67
-67
-60
-56
-42
-36
-31
-22
-19
-14
-4
2
2
4
2
3
-3
-5
-2
5
11
12
18
18
24
19
14
6
-9
-24
-36
-31
-40
-43
-35
-29
-27
-35
-36
-37
-50
-60
-67
-74
-77
-77
-65
-59
-47
-36
-24
-10
-8
-4
-6
-2
-2
-1
2
6
9
17
25
24
33
32
39
54
60
63
63
61
57
54
48
47
48
51
52
61
72
76
88
88
85
80
83
83
76
82
85
86
87
84
79
83
79
71
73
69
65
61
51
51
44
34
26
14
5
-7
-19
-19
-31
-41
-44
-50
-51
-60
-64
-74
-83
-89
-94
-103
-105
-109
-110
-112
-120
-117
-120
-121
-113
-105
-96
-89
-82
-81
-73
-65
-62
-55
-45
-35
-24
-8
3
9
20
25
29
37
43
43
51
59
63
72
73
77
72
73
75
70
60
60
59
56
57
51
52
53
44
42
35
28
19
20
16
8
-3
-11
-18
-29
-28
-33
-31
-35
-42
-46
-48
-54
-53
-48
-48
-45
-47
-40
-34
-28
-27
-19
-8
-9
-2
3
7
11
17
26
36
41
47
52
48
47
44
42
41
40
41
38
30
31
33
34
35
27
35
43
39
32
32
32
26
27
27
18
15
6
2
-1
-5
-8
-7
0
-8
-11
-13
-25
-32
-35
-40
-48
-52
-61
-68
-77
-83
-86
-90
-91
-96
-96
-93
-88
-81
-77
-76
-72
-70
-67
-65
-64
-57
-56
-55
-49
-46
-47
-41
-25
-13
-6
-5
6
14
16
20
21
27
33
34
50
63
68
79
93
104
104
108
113
117
113
107
105
98
90
85
83
78
67
62
63
55
39
34
27
14
2
-3
-8
-20
-22
-17
-18
-25
-27
-24
-23
-23
-27
-21
-25
-26
-22
-19
-13
-7
2
5
8
9
13
13
7
0
-4
-7
-5
-5
-12
-16
-19
-20
-22
-19
-14
-12
-9
-9
-8
-8
-9
-1
5
4
3
2
1
0
-4
-1
0
-6
-9
-10
-9
-9
-10
-9
-7
-15
-24
-27
-35
-39
-41
-41
-43
-37
-32
-27
-23
-19
-19
-17
-10
-12
-17
-18
-17
-16
-14
-9
-4
-1
-3
-2
8
10
12
15
18
18
14
14
19
18
14
18
23
30
30
30
37
32
29
32
35
38
39
42
49
48
44
50
49
44
38
40
31
24
21
15
13
4
0
-5
-13
-26
-32
-39
-51
-57
-61
-62
-68
-68
-61
-64
-64
-66
-62
-57
-56
-54
-45
-43
-42
-32
-21
-14
-7
4
12
16
22
29
32
