87
66
59
49
46
37
26
15
15
4
0
-7
-10
-1
2
-1
-13
-25
-41
-34
-47
-29
-18
60
240
261
344
273
100
-84
-312
-320
-425
-351
-256
-251
-158
-192
-67
-6
69
173
64
24
-158
-273
-318
-321
-191
-74
80
204
224
232
165
107
7
-37
-59
-88
-9
13
337
350
354
304
64
-42
-228
-112
-170
-186
-207
-382
-200
-171
-15
243
189
203
69
11
7
-111
-123
-209
-236
-227
-200
15
-67
-134
-171
-298
-271
-282
-207
-173
-182
-184
-164
-146
-137
-198
-138
-100
-136
-30
0
89
120
166
248
264
348
353
410
454
467
511
537
589
615
618
568
537
470
385
352
293
253
196
197
185
138
101
39
14
-79
-139
-171
-207
-218
-203
-181
-203
-209
-213
-222
-229
-256
-248
-246
-256
-216
-212
-181
-220
-218
-242
-325
-347
-436
-459
-493
-502
-479
-566
-595
-660
-744
-789
-849
-796
-849
-853
-737
-747
-727
-702
-652
-625
-657
-556
-501
-463
-389
-322
-81
150
368
476
561
811
832
855
973
1058
1004
876
1019
1053
967
1014
1036
930
717
690
628
392
243
151
31
-111
-154
-159
-268
-328
-317
-314
-319
-306
-225
-173
-98
83
308
534
740
921
1125
1239
1405
1481
1530
1574
1567
1624
1550
1543
1499
1425
1294
1109
976
749
520
302
59
-146
-377
-568
-727
-893
-995
-1128
-1228
-1309
-1361
-1392
-1414
-1366
-1294
-1201
-1102
-1002
-887
-783
-712
-630
-571
-541
-479
-470
-480
-590
-624
-787
-910
-1082
-1274
-1441
-1777
-1870
-2301
-1560
-1058
-963
-1101
-660
386
-395
142
866
1128
415
252
1440
887
933
1699
2137
1876
1779
2822
2643
1922
2099
1712
814
264
377
81
-846
-595
-608
-1168
-1183
-1047
-1203
-2011
-2002
-1924
-2372
-2308
-1940
-1753
-1814
-1169
-432
-353
-186
388
572
299
447
769
861
915
1210
1409
1492
1809
2024
1898
1803
1775
1486
1120
936
956
573
329
398
351
317
248
398
201
35
102
-93
-214
-301
-315
-359
-383
-106
11
108
322
422
502
473
530
480
277
265
233
181
214
306
386
348
376
400
302
179
50
-135
-338
-526
-663
-817
-934
-988
-1042
-1151
-1203
-1306
-1471
-1673
-1951
-2118
-2471
-2641
-2967
-2408
-1741
-1511
-1388
-785
405
35
512
1274
1693
1099
685
1644
1287
1183
1517
1993
2049
1868
2700
2870
2430
2330
1808
1120
335
-74
-490
-1517
-1687
-1910
-2119
-2138
-2156
-1934
-2311
-2410
-2371
-2392
-2388
-2526
-2388
-2231
-1798
-1192
-713
-234
353
923
1211
1494
1814
2113
2102
1977
2078
2261
2413
2426
2502
2614
2607
2512
2363
2162
1884
1441
995
633
243
10
-296
-561
-673
-757
-732
-830
-725
-685
-771
-769
-760
-636
-705
-682
-568
-423
-247
-78
164
342
498
661
777
875
881
839
782
685
620
490
415
320
220
115
3
-108
-301
-483
-667
-872
-1127
-1354
-1578
-1769
-1977
-2150
-2278
-2400
-2494
-2620
-2657
-2764
-2210
-1768
-1575
-1547
-910
4
-314
322
1141
1612
1195
1266
2351
1950
1821
2178
2492
2272
1960
2719
2696
2210
2321
2076
1600
1011
845
311
-828
-991
-1384
-2019
-2369
-2376
-2302
-2824
-2647
-2192
-2162
-2099
-1922
-1616
-1614
-1361
-868
-746
-565
-77
414
663
1067
1678
2035
2146
2405
2739
2833
2762
2724
2629
2416
2224
2104
1911
1641
1472
1244
964
773
618
401
63
-194
-385
-585
-769
-862
-945
-1081
-1082
-966
-816
-740
-603
-466
-368
-212
-81
32
69
132
184
218
335
450
491
535
578
615
572
540
546
395
211
15
-159
-404
-688
-907
-1117
-1315
-1440
-1543
-1651
-1705
-1835
-1942
-2119
-2191
-2364
-2575
-2734
-2888
-3042
-3073
-2431
-2209
-1987
-1725
-722
-216
-269
881
1487
1632
1314
2079
2515
1817
2068
2450
2310
1873
2175
2766
2309
2134
2542
2148
1762
1601
1510
606
-229
-324
-1223
-1929
-2063
-2150
-2644
-2978
-2402
-2228
-2360
-1956
-1459
-1393
-1428
-888
-553
-745
-596
-100
48
174
709
1192
1406
1724
2241
2460
2565
2772
2867
2670
2577
2599
2372
1978
1787
1647
1201
953
881
698
416
301
334
142
31
4
-168
-354
-488
-571
-793
-942
-947
-1010
-1050
-913
-718
-638
-545
-260
-25
48
161
294
349
310
347
358
331
288
256
218
189
228
188
104
34
-19
-178
-391
-506
-658
-908
-1123
-1272
-1416
-1628
-1783
-1875
-2047
-2196
-2394
-2492
-2590
-2757
-2400
-2240
-2092
-1927
-1342
-694
-803
31
837
1177
1130
1514
2304
1868
1828
2248
2166
1831
1703
2210
2060
1686
2034
1870
1623
1517
1412
886
90
52
-536
-1397
-1649
-1896
-2367
-2898
-2704
-2498
-2755
-2511
-2109
-1969
-1854
-1356
-848
-846
-602
-73
105
195
559
874
923
1070
1448
1649
1775
2102
2345
2379
2510
2762
2806
2623
2568
2473
2109
1794
1608
1337
948
701
515
275
143
99
-49
-173
-133
-125
-178
-254
-201
-284
-444
-467
-564
-658
-762
-710
-657
-632
-456
-293
-128
48
253
414
471
495
516
450
326
193
20
-181
-382
-529
-697
-802
-881
-993
-1081
-1131
-1180
-1249
-1302
-1390
-1524
-1675
-1799
-1957
-2136
-2378
-2509
-2709
-2640
-2366
-2296
-2121
-1788
-907
-643
-300
699
1241
1399
1470
2286
2386
1910
2177
2293
2012
1720
1992
2165
1684
1781
1992
1642
1539
1566
1431
734
482
483
-331
-853
-1046
-1481
-2215
-2511
-2296
-2587
-2786
-2415
-2132
-2019
-1647
-968
-675
-548
-18
396
407
539
825
822
711
914
1126
1094
1228
1534
1658
1764
2098
2346
2339
2362
2490
2366
2098
1956
1684
1180
735
467
110
-287
-494
-594
-767
-814
-678
-616
-582
-463
-289
-306
-334
-288
-402
-563
-657
-667
-768
-874
-801
-723
-663
-511
-271
-39
134
380
585
660
720
689
538
344
192
-29
-354
-599
-750
-907
-1047
-1016
-953
-987
-986
-899
-823
-884
-950
-1033
-1195
-1384
-1563
-1773
-1986
-2207
-2183
-2015
-1946
-1711
-1348
-749
-456
9
856
1324
1545
1799
2379
2428
2179
2335
2266
1868
1574
1597
1458
1075
999
1038
715
689
813
493
344
254
12
-354
-759
-937
-1432
-2035
-2142
-2268
-2551
-2658
-2451
-2254
-2144
-1666
-1153
-822
-423
35
486
776
1041
1276
1287
1318
1442
1409
1357
1427
1469
1436
1480
1722
1840
1852
1987
2099
2072
1955
1872
1632
1267
1006
688
318
70
-218
-449
-672
-770
-718
-811
-746
-599
-545
-460
-324
-271
-290
-375
-447
-496
-630
-738
-848
-952
-953
-925
-884
-747
-591
-423
-282
-89
141
227
264
285
287
203
65
-76
-230
-383
-556
-639
-704
-728
-757
-809
-764
-793
-792
-833
-889
-918
-1059
-1140
-1273
-1385
-1539
-1558
-1460
-1502
-1438
-1174
-809
-660
-282
407
800
986
1400
1910
1931
1868
2091
2052
1694
1533
1536
1281
933
884
816
492
431
457
239
-6
-12
-91
-470
-612
-705
-1059
-1392
-1472
-1554
-1853
-1906
-1709
-1702
-1628
-1278
-910
-659
-319
210
558
808
1188
1466
1571
1711
1867
1850
1798
1846
1796
1659
1644
1678
1576
1456
1468
1463
1304
1214
1190
1048
836
700
543
271
41
-177
-439
-701
-827
-913
-1044
-1053
-972
-945
-944
-850
-700
-697
-668
-561
-518
-505
-500
-441
-442
-455
-430
-395
-368
-281
-201
-169
-107
-16
106
168
235
296
290
261
217
132
22
-113
-238
-351
-493
-578
-640
-740
-838
-898
-949
-988
-1045
-1103
-1112
-1162
-1211
-1257
-1312
-1279
-1224
-1197
-1129
-948
-658
-513
-250
244
578
745
971
1340
1458
1395
1558
1621
1460
1320
1306
1226
984
915
839
633
545
530
387
193
148
86
-131
-258
-267
-455
-667
-672
-665
-764
-793
-678
-630
-608
-410
-199
-70
107
388
617
775
998
1178
1260
1340
1442
1420
1311
1244
1137
983
845
764
672
545
501
453
379
334
265
162
34
-37
-128
-237
-336
-447
-538
-625
-632
-659
-664
-628
-598
-526
-484
-389
-324
-312
-237
-219
-169
-111
-93
-44
-56
-33
-25
-71
-41
-58
-68
-39
-1
53
71
127
152
148
151
134
118
34
-52
-125
-228
-332
-399
-475
-556
-607
-638
-677
-733
-760
-804
-871
-950
-1023
-1126
-1230
-1283
-1357
-1366
-1278
-1222
-1184
-1072
-835
-694
-591
-222
57
143
306
632
783
698
844
1004
939
871
985
1017
855
820
868
783
724
800
767
652
683
719
554
434
456
302
66
21
18
-147
-281
-210
-176
-208
-80
90
144
239
427
572
631
754
843
808
855
916
854
742
731
703
530
451
439
327
186
134
137
68
44
72
41
-7
19
21
-74
-111
-140
-221
-311
-307
-293
-400
-387
-328
-310
-317
-300
-241
-280
-278
-250
-289
-312
-340
-353
-382
-378
-336
-356
-369
-327
-312
-320
-294
-257
-242
-264
-241
-226
-217
-187
-162
-124
-110
-70
-51
-53
-27
-34
-60
-76
-109
-168
-261
-354
-431
-516
-597
-687
-795
-897
-1009
-1138
-1236
-1295
-1276
-1245
-1216
-1112
-924
-732
-574
-308
11
203
368
642
896
981
1075
1251
1306
1287
1353
1428
1403
1341
1326
1253
1142
1108
1020
841
727
655
529
398
340
243
62
-68
-136
-245
-394
-463
-546
-651
-660
-635
-626
-585
-457
-339
-228
-67
110
211
291
388
409
397
407
389
327
316
325
285
240
233
224
186
201
229
227
234
279
305
276
286
287
259
233
221
187
107
63
26
-51
-121
-164
-201
-251
-264
-250
-272
-298
-291
-297
-318
-332
-331
-382
-436
-466
-505
-526
-551
-538
-522
-499
-404
-336
-277
-198
-126
-57
-1
59
78
86
97
90
88
61
1
-103
-195
-274
-377
-505
-615
-734
-847
-909
-1019
-1085
-1171
-1178
-1120
-1128
-1058
-967
-817
-699
-568
-259
-15
153
390
706
942
1037
1236
1407
1389
1421
1520
1537
1451
1405
1410
1279
1216
1221
1073
909
827
747
543
370
269
33
-220
-356
-463
-654
-831
-895
-987
-1081
-1044
-1000
-981
-917
-796
-664
-525
-335
-192
-100
26
164
219
251
329
368
345
368
427
423
414
447
496
522
576
626
635
641
650
620
555
522
464
363
280
213
122
32
-27
-115
-202
-264
-295
-340
-412
-456
-487
-523
-538
-557
-587
-599
-582
-567
-562
-535
-499
-456
-414
-355
-290
-245
-174
-105
-61
-11
56
114
165
230
288
333
379
399
387
348
320
268
172
97
8
-104
-247
-386
-528
-708
-868
-1018
-1129
-1219
-1315
-1303
-1236
-1186
-1125
-990
-745
-598
-420
-85
147
295
506
777
932
983
1142
1243
1209
1258
1313
1250
1154
1138
1094
952
922
874
695
549
494
372
142
12
-109
-361
-545
-615
-740
-906
-972
-987
-1063
-1061
-958
-921
-857
-725
-553
-408
-255
-52
59
186
356
480
543
627
732
752
761
824
857
809
783
783
754
719
693
670
606
574
549
502
460
402
324
205
132
71
-20
-99
-186
-242
-303
-343
-361
-424
-467
-487
-502
-501
-491
-450
-423
-384
-308
-246
-198
-154
-106
-71
-40
-12
-1
17
50
62
65
95
130
151
183
230
267
289
304
306
281
248
204
129
28
-54
-146
-261
-368
-470
-580
-708
-824
-923
-1027
-1123
-1193
-1226
-1180
-1135
-1122
-1033
-883
-725
-639
-437
-163
-19
125
349
589
681
755
914
954
932
968
984
933
893
912
843
744
748
660
512
435
366
232
79
28
-66
-249
-350
-416
-543
-669
-716
-756
-824
-793
-715
-669
-563
-398
-240
-110
66
242
343
482
616
672
698
740
770
747
716
705
658
579
554
540
498
467
443
392
361
384
336
257
229
175
98
-1
-66
-169
-297
-347
-406
-452
-493
-511
-514
-502
-428
-371
-346
-273
-194
-133
-91
-26
25
8
32
53
43
32
14
3
-4
17
63
96
138
202
237
277
335
386
407
405
411
404
380
352
278
190
111
7
-96
-210
-310
-432
-571
-668
-779
-897
-1000
-1080
-1156
-1265
-1308
-1288
-1307
-1327
-1285
-1157
-1055
-962
-735
-534
-393
-220
42
250
354
523
671
734
789
884
922
864
860
865
764
704
697
604
476
436
415
290
185
143
21
-133
-222
-296
-428
-527
-575
-649
-678
-618
-565
-547
-421
-260
-142
-1
210
348
421
555
678
726
743
780
764
704
676
638
549
481
449
380
317
319
310
245
230
260
231
168
132
91
-3
-81
-119
-156
-228
-251
-252
-280
-247
-222
-194
-158
-102
-53
-45
34
112
118
119
161
178
146
135
157
144
127
156
187
219
251
271
289
320
352
349
351
362
343
306
289
253
183
113
46
-25
-125
-198
-268
-389
-479
-549
-642
-744
-830
-918
-1057
-1161
-1225
-1316
-1374
-1428
-1427
-1372
-1331
-1249
-1128
-940
-768
-576
-292
-45
157
353
583
751
842
968
1062
1074
1098
1125
1088
1016
981
922
805
753
718
608
481
418
334
203
120
38
-110
-245
-297
-386
-492
-522
-540
-571
-544
-439
-378
-316
-202
-89
6
109
230
289
338
419
452
434
441
445
384
317
300
253
163
134
114
57
23
16
-17
-75
-101
-102
-148
-166
-143
-153
-148
-107
-53
-41
-17
45
64
91
125
157
175
199
261
262
240
258
252
223
212
218
199
174
188
198
194
196
189
168
144
132
100
61
48
25
-19
-37
-19
-34
-47
-28
-27
-34
-35
-30
-55
-83
-99
-157
-231
-295
-363
-469
-574
-643
-748
-868
-950
-1017
-1088
-1131
-1154
-1159
-1100
-1045
-992
-909
-753
-615
-517
-327
-114
-5
95
312
463
506
611
737
767
779
857
892
845
817
810
744
673
672
600
481
455
408
286
214
183
83
-37
-75
-119
-231
-307
-322
-375
-427
-393
-371
-396
-338
-258
-214
-158
-64
-14
-4
56
104
88
62
79
63
8
-5
-22
-94
-132
-139
-157
-171
-136
-88
-70
0
101
162
215
310
373
396
430
467
452
428
437
412
383
357
336
279
238
231
201
155
143
147
115
111
127
113
78
65
52
13
-6
-23
-51
-75
-86
-88
-101
-85
-45
-15
27
89
141
191
256
311
337
337
343
313
261
195
113
30
-71
-157
-253
-358
-430
-533
-648
-746
-831
-920
-1033
-1086
-1158
-1178
-1152
-1156
-1128
-1063
-936
-845
-704
-486
-315
-188
4
221
359
463
607
707
729
814
898
911
895
911
902
837
839
833
729
651
623
538
415
348
283
118
5
-55
-177
-308
-386
-440
-527
-571
-547
-572
-594
-534
-476
-426
-337
-230
-191
-155
-63
-24
-39
-9
21
-1
-16
36
34
21
71
92
142
163
243
289
310
410
460
490
515
556
530
503
500
467
395
336
303
228
188
146
91
29
0
-6
-63
-95
-111
-157
-191
-195
-194
-212
-215
-189
-180
-167
-128
-90
-78
-69
-29
0
30
86
121
174
229
289
333
363
414
436
416
413
392
340
270
182
93
-27
-144
-247
-372
-499
-615
-724
-843
-942
-1029
-1112
-1178
-1222
-1262
-1274
-1224
-1207
-1184
-1095
-937
-830
-711
-473
-279
-155
20
265
413
498
651
784
808
870
985
996
964
986
984
898
858
850
713
591
563
480
331
258
223
60
-84
-120
-224
-373
-431
-461
-557
-611
-542
-540
-566
-484
-395
-357
-300
-171
-120
-108
2
73
71
97
169
168
149
217
258
241
269
324
338
348
413
454
449
488
540
530
521
554
541
491
467
436
343
265
216
142
56
14
-26
-88
-120
-109
-132
-176
-154
-151
-160
-161
-122
-116
-135
-117
-110
-123
-113
-78
-77
-73
-25
14
30
65
115
145
175
230
273
284
308
329
311
275
227
176
86
-2
-95
-225
-353
-456
-581
-704
-787
-873
-956
-1041
-1101
-1172
-1231
-1256
-1283
-1298
-1253
-1184
-1137
-1065
-921
-766
-658
-462
-214
-59
96
327
538
639
772
925
985
1021
1115
1167
1128
1115
1114
1041
959
934
839
705
635
574
452
338
290
184
50
-10
-62
-178
-257
-286
-346
-399
-383
-343
-357
-319
-250
-216
-176
-111
-49
-29
29
106
126
140
198
224
207
232
262
240
231
275
288
276
268
286
271
273
308
293
268
270
293
268
236
229
187
129
89
66
9
-52
-77
-117
-155
-161
-161
-187
-203
-174
-167
-188
-183
-195
-212
-221
-201
-202
-225
-221
-219
-226
-210
-173
-159
-140
-95
-52
-33
-6
22
32
46
63
77
54
23
-10
-66
-139
-228
-316
-410
-501
-598
-702
-793
-875
-938
-982
-1004
-1033
-1056
-1070
-1099
-1112
-1119
-1072
-999
-950
-868
-744
-607
-494
-348
-129
35
180
374
573
708
838
1001
1092
1132
1225
1288
1269
1268
1276
1209
1116
1091
1035
901
812
759
651
526
476
398
263
198
143
56
-32
-79
-136
-212
-229
-216
-243
-255
-220
-206
-214
-183
-136
-141
-133
-84
-61
-51
5
53
48
57
105
116
110
156
192
189
195
244
266
259
299
324
318
316
345
344
308
302
287
236
193
173
110
54
22
-5
-61
-103
-111
-149
-170
-172
-177
-206
-221
-216
-245
-279
-274
-273
-304
-305
-293
-293
-301
-286
-272
-275
-251
-223
-198
-162
-113
-85
-70
-26
7
-2
-6
-1
-31
-81
-134
-190
-273
-365
-455
-559
-650
-740
-819
-870
-913
-953
-988
-1000
-997
-1003
-987
-966
-942
-876
-807
-733
-641
-519
-377
-272
-97
91
228
392
574
750
855
978
1105
1170
1220
1288
1309
1283
1263
1243
1173
1103
1076
990
900
856
808
720
634
584
490
376
309
229
124
35
-50
-129
-214
-241
-274
-331
-323
-306
-289
-271
-213
-160
-150
-92
-24
4
39
102
146
168
193
218
208
208
225
213
200
209
228
219
226
263
271
255
260
268
257
230
208
171
98
40
-27
-124
-201
-267
-325
-374
-392
-397
-432
-445
-441
-440
-447
-448
-445
-457
-455
-447
-443
-434
-404
-384
-361
-317
-273
-240
-204
-152
-108
-75
-29
10
42
79
98
112
117
110
80
41
7
-44
-94
-157
-226
-296
-371
-444
-506
-550
-592
-614
-644
-659
-665
-692
-703
-703
-695
-695
-693
-639
-563
-501
-416
-306
-184
-85
63
234
353
483
638
779
875
982
1082
1122
1150
1210
1222
1199
1192
1189
1137
1072
1053
991
894
833
770
658
554
478
371
227
135
54
-70
-159
-221
-287
-360
-382
-390
-447
-459
-426
-413
-408
-367
-319
-308
-278
-220
-189
-155
-101
-51
-24
17
82
96
109
154
179
182
198
226
247
249
269
280
259
255
244
219
186
160
119
64
19
-18
-88
-146
-173
-219
-266
-302
-327
-373
-412
-425
-450
-473
-469
-469
-474
-465
-441
-420
-403
-369
-341
-302
-268
-223
-177
-143
-103
-72
-34
4
34
43
61
91
91
78
83
76
35
11
-20
-73
-126
-182
-234
-294
-358
-410
-466
-529
-575
-602
-627
-657
-659
-660
-668
-653
-626
-607
-576
-516
-463
-401
-312
-212
-122
-20
115
240
343
482
621
710
799
908
973
997
1038
1074
1051
1034
1027
971
893
846
783
666
576
517
415
297
227
132
8
-76
-143
-257
-360
-412
-457
-511
-536
-533
-555
-560
-511
-474
-456
-394
-315
-275
-225
-140
-82
-36
32
98
126
168
221
261
282
309
352
367
380
411
419
418
434
437
400
383
382
350
305
264
208
136
83
29
-46
-135
-196
-252
-303
-335
-368
-405
-436
-446
-460
-481
-489
-485
-485
-471
-435
-394
-362
-318
-259
-224
-180
-108
-61
-29
22
74
105
147
189
212
222
230
222
198
178
159
121
79
39
-10
-66
-122
-170
-238
-292
-325
-365
-414
-434
-455
-481
-504
-520
-527
-538
-528
-512
-490
-441
-374
-322
-250
-148
-40
46
151
289
386
471
579
682
740
786
856
883
873
887
883
842
807
780
720
651
598
521
416
329
257
139
19
-53
-141
-255
-323
-356
-423
-488
-519
-556
-599
-594
-565
-551
-528
-477
-427
-376
-303
-239
-194
-141
-61
1
59
142
220
264
308
368
410
430
463
497
506
504
514
519
496
481
454
409
373
334
273
211
163
98
27
-38
-98
-146
-192
-223
-258
-302
-326
-326
-336
-345
-325
-320
-328
-314
-286
-260
-228
-196
-163
-120
-88
-34
13
56
104
145
174
205
237
251
274
288
293
283
263
242
199
153
110
56
-15
-86
-152
-215
-271
-319
-350
-384
-416
-451
-471
-480
-486
-491
-492
-480
-470
-466
-455
-442
-414
-385
-361
-312
-260
-210
-136
-60
3
74
170
263
332
389
461
502
518
548
560
549
519
491
456
418
382
332
273
217
182
111
41
3
-50
-112
-160
-183
-232
-276
-290
-306
-337
-350
-338
-337
-328
-296
-260
-229
-185
-133
-94
-43
15
70
123
180
235
269
308
359
387
389
406
428
422
418
408
396
369
343
319
283
248
203
161
115
76
33
-31
-67
-94
-145
-185
-199
-215
-238
-256
-264
-273
-293
-292
-283
-280
-266
-255
-244
-235
-226
-209
-196
-164
-123
-96
-57
-17
8
32
62
86
99
106
115
122
114
100
97
88
66
51
22
-6
-29
-65
-100
-127
-145
-157
-171
-182
-184
-209
-233
-237
-238
-238
-248
-254
-246
-227
-209
-184
-153
-129
-101
-73
-52
-25
10
48
87
125
170
213
247
277
296
317
333
338
346
349
355
356
346
341
324
304
280
254
227
191
152
119
85
50
19
-9
-37
-62
-82
-107
-127
-129
-119
-106
-90
-73
-56
-22
-2
19
42
62
84
97
114
135
159
168
185
197
199
200
192
191
184
164
147
140
134
124
105
82
59
33
2
-29
-54
-83
-96
-106
-126
-134
-139
-134
-133
-124
-121
-121
-124
-125
-115
-109
-101
-98
-93
-89
-92
-98
-105
-105
-112
-127
-133
-149
-158
-162
-170
-180
-190
-195
-208
-210
-210
-216
-228
-225
-218
-221
-221
-209
-199
-209
-210
-210
-213
-206
-185
-166
-158
-149
-134
-116
-100
-87
-73
-63
-54
-45
-33
-18
19
46
70
110
127
142
160
172
198
214
232
242
261
282
290
300
308
325
332
347
362
375
380
384
405
410
414
410
400
383
356
331
303
277
247
220
198
180
167
158
150
137
117
102
91
69
53
51
44
38
24
-1
-30
-61
-94
-131
-160
-194
-228
-245
-267
-276
-282
-291
-308
-319
-331
-346
-360
-360
-363
-369
-365
-363
-367
-375
-370
-367
-373
-365
-348
-329
-313
-291
-258
-235
-221
-205
-194
-195
-197
-210
-222
-225
-227
-216
-223
-224
-224
-235
-242
-239
-234
-233
-226
-206
-185
-165
-138
-100
-60
-18
17
61
104
140
182
220
262
298
329
352
376
394
405
416
414
399
380
378
366
356
338
330
319
291
266
235
200
165
134
109
96
83
69
54
48
42
31
30
28
29
34
49
73
100
137
168
191
210
224
231
243
254
261
266
276
277
264
263
259
248
232
214
190
158
123
93
63
27
-2
-45
-82
-110
-137
-155
-186
-213
-234
-257
-269
-277
-276
-275
-269
-264
-257
-249
-243
-233
-221
-209
-191
-168
-149
-120
-90
-57
-33
-21
3
17
22
25
40
57
60
57
65
62
50
42
27
14
-4
-17
-25
-35
-43
-59
-80
-95
-119
-144
-167
-184
-203
-225
-229
-225
-233
-230
-217
-208
-202
-202
-187
-168
-154
-124
-95
-68
-44
-22
5
28
46
54
63
69
65
68
83
98
96
94
101
97
81
64
51
28
4
-23
-42
-51
-65
-73
-76
-75
-74
-89
-91
-88
-87
-72
-54
-32
-11
14
35
54
72
84
106
125
149
173
195
224
244
263
281
293
298
298
294
282
273
267
258
246
226
210
188
161
127
93
60
24
-7
-34
-66
-100
-127
-150
-169
-184
-191
-207
-216
-235
-247
-247
-248
-245
-243
-232
-224
-211
-204
-190
-180
-168
-145
-136
-127
-115
-104
-92
-80
-72
-65
-60
-62
-56
-47
-44
-38
-32
-26
-18
-6
4
17
17
19
17
16
24
25
34
47
50
45
43
39
45
38
34
44
44
52
60
72
75
82
92
100
104
107
108
106
107
103
104
116
120
125
134
136
133
134
134
129
130
119
104
87
73
49
22
3
-20
-41
-63
-77
-98
-108
-119
-125
-124
-124
-117
-109
-100
-98
-102
-101
-104
-105
-99
-87
-75
-62
-50
-36
-17
-11
1
14
30
47
58
78
86
91
101
108
112
105
94
80
63
47
35
29
26
26
18
11
0
-12
-17
-25
-31
-42
-55
-64
-74
-85
-85
-79
-76
-73
-62
-54
-41
-25
-10
16
39
62
84
102
123
144
157
166
175
182
194
210
228
247
259
274
281
290
294
296
296
290
284
275
270
258
246
233
210
187
159
132
104
78
51
28
16
4
-14
-33
-46
-67
-86
-110
-135
-164
-186
-203
-212
-216
-231
-242
-248
-252
-254
-251
-241
-232
-221
-206
-195
-180
-168
-158
-154
-156
-158
-163
-169
-174
-176
-177
-180
-182
-183
-181
-174
-172
-173
-171
-165
-156
-147
-143
-137
-135
-131
-117
-105
-93
-83
-65
-47
-31
-9
9
38
63
85
99
117
134
141
146
147
145
142
140
136
129
122
115
110
98
90
78
64
48
32
15
-2
-12
-24
-44
-66
-87
-104
-117
-120
-125
-128
-128
-126
-116
-105
-91
-83
-76
-74
-72
-69
-53
-42
-34
-21
-15
-7
2
13
28
47
62
79
100
117
136
157
178
199
212
228
242
246
248
246
244
242
240
240
233
221
207
193
178
163
150
140
127
106
87
67
48
23
-4
-30
-48
-70
-94
-112
-122
-134
-143
-146
-146
-147
-150
-150
-156
-159
-158
-155
-148
-138
-129
-122
-116
-112
-103
-95
-88
-84
-87
-87
-90
-90
-93
-92
-94
-97
-97
-95
-92
-89
-86
-82
-74
-63
-52
-37
-27
-18
-12
-4
4
10
23
38
51
66
84
98
111
117
120
121
117
115
112
110
107
109
108
106
101
95
85
69
53
40
25
14
1
-13
-27
-44
-59
-70
-78
-86
-94
-99
-109
-114
-115
-111
-105
-103
-98
-95
-89
-83
-81
-73
-62
-54
-40
-22
0
19
38
51
64
79
92
113
135
156
177
196
213
229
245
256
266
273
276
273
268
260
252
246
236
227
213
200
183
159
134
109
86
65
44
20
-1
-28
-59
-85
-105
-126
-145
-160
-172
-186
-200
-208
-207
-207
-204
-201
-201
-197
-191
-185
-174
-157
-142
-124
-102
-83
-66
-55
-49
-44
-43
-42
-37
-40
-39
-36
-34
-32
-35
-37
-40
-39
-43
-42
-39
-35
-35
-32
-29
-23
-18
-14
-7
-6
2
4
13
22
29
40
47
59
65
72
73
75
74
70
67
65
60
58
53
47
38
23
14
0
-15
-34
-48
-64
-80
-95
-113
-125
-137
-149
-161
-169
-178
-185
-189
-192
-193
-192
-184
-178
-167
-156
-144
-128
-113
-98
-80
-58
-36
-11
16
39
64
85
103
121
139
158
176
191
201
210
217
221
221
222
220
216
205
192
175
157
141
122
102
85
63
41
20
-3
-23
-39
-59
-73
-90
-103
-119
-131
-140
-152
-155
-157
-156
-152
-146
-140
-134
-128
-117
-102
-84
-68
-48
-30
-18
-7
2
14
25
34
46
55
61
64
67
69
72
73
75
72
66
59
51
46
40
36
30
29
25
19
16
11
11
12
15
18
22
27
34
40
46
50
55
57
59
60
61
62
61
60
59
60
58
53
46
41
32
23
13
3
-8
-18
-29
-40
-50
-61
-72
-88
-100
-112
-121
-128
-133
-136
-136
-134
-133
-129
-127
-118
-111
-101
-89
-75
-57
-39
-22
-4
16
33
50
67
85
102
119
132
148
160
171
181
189
197
198
194
185
177
165
