-8
-10
-1
0
10
6
3
11
-1
-3
10
29
29
19
21
-5
-14
-13
22
66
58
39
22
-15
-38
-21
19
34
30
9
-14
-27
-21
-13
12
31
11
20
-9
-3
-10
-11
-2
-8
12
0
12
1
-7
7
1
-2
0
11
2
-10
-8
0
13
5
3
10
-17
-26
-22
-12
-18
-19
-5
-38
-21
-17
-11
-3
1
0
1
1
10
11
-7
7
-16
12
-3
25
30
-3
19
-7
4
-4
4
20
-17
-4
-2
-12
6
-2
26
-5
-5
-6
-26
-16
-16
-3
-11
8
-2
-18
-15
-6
-4
0
25
14
-12
-21
-33
-23
-16
6
11
1
4
-17
-19
-10
-8
1
-24
-29
-39
-36
-30
-31
13
-7
3
-8
-2
-21
-33
-17
-30
-9
-3
10
-1
-5
1
-15
-3
9
17
19
-1
-2
-13
-16
-21
-17
20
27
18
15
22
-2
-28
-33
-12
3
2
28
19
36
10
11
26
30
31
-3
5
-1
-1
0
17
17
19
3
28
18
21
25
-1
10
-30
4
-11
-13
27
2
16
10
33
30
-14
20
-2
-49
-15
-18
21
28
12
34
-17
4
-3
10
6
-10
-18
-34
-36
-13
16
-23
52
-15
-14
-7
-41
-8
-46
-18
-25
-39
-16
-24
-28
9
-13
6
2
-14
-7
-20
-38
-35
-26
-29
10
-10
26
-4
1
8
-24
-4
-29
-28
-28
-24
-12
13
-13
17
15
10
2
-4
-1
0
-18
3
-4
3
28
-10
40
13
24
12
17
12
2
-2
-13
-11
8
2
7
54
28
19
45
2
6
-9
-7
2
1
24
10
21
20
31
16
41
4
-5
23
-12
-1
-2
-3
25
7
34
43
9
24
-20
21
4
-3
20
7
-33
2
18
10
54
36
50
-8
-7
0
-5
-8
15
25
-6
23
-7
36
35
16
13
-15
-3
-19
-37
-2
-10
-12
-6
2
24
-13
-10
-38
-39
-21
-48
-26
8
5
-33
-16
-18
-24
-7
-12
17
-10
-40
-46
-48
-76
-31
-25
-34
22
-23
19
-45
-17
-30
-54
-12
-19
-9
-19
-16
-20
41
-25
32
14
4
7
-29
38
-35
-3
47
9
40
23
18
32
10
23
25
33
16
28
35
-5
17
-13
3
61
36
70
16
-11
-12
-27
-14
58
23
38
9
12
19
-15
25
2
30
-23
3
-3
-28
9
-13
15
-16
-12
18
-12
25
-12
-30
-14
-34
9
-20
5
5
-27
-2
3
12
-7
16
-2
-14
-2
-29
-14
-16
-2
24
10
40
9
-35
-26
16
-12
26
23
-29
15
-33
7
5
28
9
-15
16
6
-5
-9
-15
8
-49
-16
10
-26
-5
-31
44
-33
-18
-13
-42
-7
-34
0
-7
-20
-19
-32
7
-12
-24
-18
-27
-30
-32
-22
-2
24
-4
-13
-15
-25
-9
-15
36
5
-10
-2
-26
27
-14
19
39
-6
15
2
11
42
40
27
24
-13
5
2
29
58
56
43
33
-1
-18
14
16
51
31
12
23
20
8
8
18
32
13
-14
41
-15
-7
17
-13
24
-4
17
-8
2
-49
7
-15
26
43
-30
37
-71
2
-45
16
-2
-23
-10
-15
-21
-51
16
-28
-47
-17
-18
-26
-11
-14
-8
-40
-27
-36
-19
-12
-32
32
-26
-28
1
10
-11
-29
20
-58
31
-48
7
47
-34
29
-38
15
-48
-56
30
24
33
34
15
-36
-2
-26
-22
32
5
23
-24
30
-28
1
13
5
31
24
26
5
-50
5
22
11
55
21
21
-16
20
46
34
8
13
28
7
-7
30
17
-2
-1
0
27
5
53
19
5
-17
-8
31
20
36
12
20
-5
-8
27
39
19
-13
-12
-78
99
79
-89
41
-36
-45
-6
28
85
-77
-58
14
-29
-16
-19
-10
36
-16
-21
-10
-22
-46
-19
3
-32
13
3
-43
-11
-14
-5
24
-41
13
2
-12
-8
-31
-12
-25
12
-7
-6
-8
-44
-32
-11
11
19
28
-11
-26
-37
-48
-35
-8
32
17
32
34
-9
-14
-30
-28
-30
22
43
-1
43
-8
-26
-10
-16
8
4
8
5
2
-6
-16
-22
-23
14
-13
31
22
7
16
-10
-3
-23
30
-15
10
57
24
32
4
0
17
12
62
37
14
-18
-18
3
4
64
62
33
16
6
-28
-3
2
24
9
1
39
7
6
13
-18
10
-1
16
30
1
-6
-13
0
3
26
10
-8
-5
12
-15
-26
-26
-5
-6
-16
-27
-16
-15
-44
-20
-22
4
-1
-13
-36
-57
-65
-50
-2
1
35
-9
-14
-62
-44
-9
-38
13
-41
-17
-43
-9
10
-7
2
-39
-19
-9
-17
-4
13
-5
-4
-39
-2
-21
3
-2
-14
45
20
25
12
4
-14
6
25
27
62
52
62
25
22
7
-12
2
21
25
9
24
21
31
22
19
2
5
12
3
-17
-16
-30
-18
16
0
12
-6
-17
-16
-3
7
-29
-46
-43
-44
-26
3
0
-7
-39
-53
-32
-22
-14
-22
-20
-64
-49
-33
-31
15
-3
-15
-41
-14
-6
-8
8
-4
6
4
5
4
9
17
-3
-3
11
6
6
-23
-34
6
31
51
66
64
72
43
17
13
20
13
-4
6
4
-15
-3
26
38
31
36
25
38
45
34
19
23
7
11
36
54
56
26
1
-16
-7
3
40
50
34
12
13
3
-7
13
36
44
29
33
24
18
-1
-42
-55
-65
-65
-67
-46
-18
-29
-23
6
26
39
55
63
41
29
9
-19
-56
-70
-65
-65
-40
-29
-32
9
17
10
26
41
19
4
-10
-26
-40
-36
-25
-21
-16
-14
-27
-28
-6
-26
-8
-2
3
-8
-8
-10
-14
5
3
31
52
59
22
13
7
-1
15
20
4
-27
-39
-52
-54
-66
-64
-80
-72
-57
-37
0
1
6
11
24
23
35
15
-8
-17
-42
-51
-50
-31
-28
-17
-11
16
13
1
12
-10
-8
-39
-8
-29
-47
-33
-32
6
16
61
73
99
82
40
14
0
-20
-51
-55
-53
-38
-38
-2
2
20
2
-9
4
2
18
0
33
18
22
34
63
86
87
88
73
87
98
114
86
76
40
13
-9
-17
-28
-46
-40
-39
-14
6
47
29
59
64
72
63
17
-20
-107
-118
-129
-78
-80
-68
-53
-35
19
58
112
105
88
56
49
17
2
-9
-25
-9
-8
62
95
118
113
70
60
33
35
0
-8
-10
-25
-26
-42
-41
-37
-21
-12
-10
1
4
12
16
10
25
40
44
26
39
34
21
30
16
39
26
12
-1
-11
-30
-85
-113
-165
-193
-239
-267
-295
-284
-246
-237
-202
-231
-232
-247
-244
-265
-298
-337
-401
-395
-412
-407
-459
-503
-556
-636
-629
-636
-630
-657
-732
-781
-860
-810
-736
-533
-5
566
990
1225
1549
1630
1651
1839
1804
1464
975
641
152
-74
-130
-246
-352
-299
-228
-252
10
146
115
1
-13
-69
-16
109
51
10
77
174
293
578
829
897
889
875
786
921
1050
1029
846
732
601
399
332
155
22
-98
-61
-79
48
255
265
208
107
72
-42
-95
-199
-332
-402
-406
-427
-374
-269
-249
-279
-278
-235
-222
-188
-222
-284
-329
-336
-423
-515
-569
-695
-844
-955
-965
-945
-930
-892
-890
-817
-774
-718
-719
-809
-894
-1138
-1250
-1474
-1581
-1780
-1956
-2267
-2538
-2615
-2139
-569
918
2053
2307
2836
2788
2731
3220
3304
2654
1210
456
-463
-751
-771
-545
-683
-964
-832
-691
20
261
338
-170
-437
-340
89
417
394
484
261
136
102
510
608
428
84
-204
-56
577
1225
1292
1212
980
786
530
443
255
-24
-224
-360
-180
291
791
742
573
335
165
31
-44
-122
-176
-72
-28
190
506
831
727
611
449
393
437
424
377
243
338
237
279
366
388
195
-173
-440
-648
-619
-554
-446
-298
-90
78
203
313
316
190
-39
-209
-249
-197
-121
-53
-15
40
-25
-181
-363
-531
-683
-837
-860
-776
-607
-434
-346
-295
-261
-317
-462
-624
-717
-856
-917
-948
-926
-904
-1005
-1164
-1585
-1902
-2404
-2749
-3126
-3157
-3052
-1891
499
2181
3209
3061
3516
2700
2526
3096
2957
2074
343
-115
-1228
-1226
-1201
-932
-1302
-1727
-1467
-1222
-46
310
661
76
55
343
783
961
714
631
-55
-235
-247
363
378
178
-216
-488
-57
666
1361
1309
1237
931
883
792
923
887
597
316
99
339
664
901
611
274
-114
-212
-174
-108
-55
-159
-215
-389
-178
50
237
102
89
257
484
905
904
1076
925
973
765
645
532
63
-376
-931
-1029
-1089
-739
-700
-485
-282
-71
193
277
479
409
423
236
219
179
144
-85
-297
-415
-625
-755
-1004
-1082
-1092
-882
-645
-350
-110
69
66
-47
-75
-142
-199
-421
-575
-698
-733
-811
-841
-942
-1062
-1160
-1334
-1485
-1643
-1799
-1985
-2295
-2494
-2763
-2742
-2769
-1560
1134
3060
3937
3281
3450
2434
2261
3377
3564
2772
619
-193
-1594
-1798
-1608
-1238
-1498
-2001
-1601
-1127
451
955
1173
314
-58
178
721
1262
1177
1159
423
159
-43
483
375
-147
-656
-1050
-396
595
1744
1925
1666
1167
833
646
717
847
608
451
323
701
1145
1297
836
-16
-711
-1092
-957
-597
-200
-120
-145
-214
-178
21
-12
-133
-369
-236
109
598
979
1168
993
974
1136
811
704
-21
-388
-1116
-1069
-557
-674
-617
-1061
-1064
-1130
-589
-273
131
282
262
367
378
744
419
76
-388
-629
-649
-654
-915
-1052
-1226
-1216
-922
-594
-10
125
324
367
535
717
816
560
131
-234
-541
-499
-582
-543
-773
-1085
-1272
-1335
-1298
-1327
-1460
-1622
-1770
-1992
-2011
-2122
-2194
-2395
-2531
-220
2461
4371
4209
3485
2905
1208
2274
3402
3768
1789
-132
-1413
-2827
-2333
-1553
-710
-1567
-1762
-1702
-623
846
1448
1411
192
197
581
1414
1688
1629
970
-400
-1087
-843
150
206
39
-538
-748
-81
1033
1926
1604
1027
315
21
311
1003
1278
901
401
-71
33
376
554
67
-520
-768
-709
-302
168
331
-163
-709
-1089
-868
-317
154
328
315
513
634
723
735
447
47
-353
-359
-134
713
1435
997
394
-670
-935
-1203
-641
186
40
82
-418
-479
-429
-168
-203
-311
-323
-132
160
380
670
101
-477
-993
-1241
-941
-638
-468
-371
-460
-252
-86
-13
171
-67
-43
24
215
576
666
413
-135
-723
-1098
-1217
-1330
-1313
-1480
-1533
-1444
-1503
-1391
-1532
-1724
-1969
-2134
-1947
-1952
-1662
-2034
-571
2299
4328
4851
3151
2738
827
865
2738
3813
3365
541
-701
-2656
-3067
-2177
-722
-298
-878
-545
-174
1167
1538
1688
534
-313
133
813
1843
1805
1573
201
-1133
-1421
-699
39
-106
-209
-500
54
1035
2115
2222
1255
490
-251
-224
331
1068
1207
684
96
-280
-160
39
43
-465
-850
-1002
-677
-93
316
334
-239
-677
-860
-497
-30
279
352
238
277
247
430
417
297
45
-276
-217
68
922
1130
760
212
-439
-568
-611
49
418
279
43
-367
-374
-236
-5
60
43
46
127
233
404
436
46
-285
-502
-441
-217
-148
-232
-491
-620
-456
-182
175
377
277
59
-185
-243
-136
-134
-241
-436
-590
-687
-824
-913
-1005
-1228
-1415
-1484
-1508
-1422
-1504
-1639
-1791
-1988
-1999
-2339
-2328
-2674
-1820
1362
3746
4808
3013
1956
461
-282
2616
4379
4864
1806
-407
-2335
-3817
-2366
-823
454
-473
-687
-711
-55
756
760
309
-775
-8
810
2009
2257
1611
386
-1362
-1457
-712
798
1172
902
306
-85
466
972
1342
521
-73
-432
-397
346
967
1222
462
-251
-646
-380
289
640
452
-13
-74
-63
198
247
98
-505
-1121
-1107
-815
-89
192
297
221
114
197
101
248
166
133
142
365
774
1026
845
196
25
-194
-47
-175
-119
106
-24
439
174
33
-383
-856
-950
-755
154
765
1081
948
685
141
-274
-484
-571
-417
-296
5
183
171
-46
-529
-904
-901
-730
-211
294
592
634
291
75
-47
-131
-316
-609
-702
-647
-745
-787
-955
-1251
-1561
-1819
-1700
-1529
-1391
-1396
-1678
-1838
-2078
-2341
-2603
-2352
632
3276
4319
2801
1123
564
-390
2591
4891
5461
2601
-677
-2039
-3907
-2244
-264
1375
369
-1112
-1461
-1944
-1214
-969
-460
-850
73
1179
1684
1740
786
50
-1459
-1092
55
1611
2345
1647
758
-763
-810
-323
441
516
51
53
-263
-39
187
487
418
74
122
529
1243
1487
1144
439
132
9
145
366
365
124
-662
-987
-972
-538
-58
19
198
186
301
338
365
551
713
804
825
818
722
522
113
-67
-186
-1
98
-41
-250
-484
-583
-771
-447
-31
391
536
555
705
649
538
271
99
-34
-108
-219
-253
-157
-121
-272
-580
-632
-542
-449
-302
-155
94
323
356
395
344
296
122
-103
-246
-548
-890
-1274
-1516
-1657
-1695
-1623
-1456
-1357
-1262
-1254
-1466
-1615
-1785
-1746
-1739
-1841
-1797
-2045
-1206
1735
3987
4072
1476
20
-457
-20
3910
6330
6112
1970
-1092
-2419
-3416
-853
1497
2502
1
-1970
-2487
-2616
-1342
-492
147
-596
43
578
558
372
-72
-222
-992
140
1444
2372
1939
558
-532
-1256
-29
1260
1934
1365
346
-448
-972
-454
267
771
482
12
-217
13
511
492
193
-76
90
192
262
412
258
-304
-852
-676
-50
542
605
247
-230
-610
-706
-543
-55
309
556
581
659
639
501
322
-285
-312
-75
543
710
517
361
-458
-853
-879
-205
307
392
249
-111
-250
-209
110
304
552
351
9
-327
-314
-84
-112
-18
-148
-174
-246
-237
-289
-327
-203
-129
-52
-59
33
-112
-313
-610
-760
-794
-895
-921
-1117
-1184
-1359
-1387
-1323
-1258
-1108
-1199
-1297
-1476
-1505
-1454
-1712
-1833
-2150
-755
2200
3748
2844
249
-386
-357
1401
5236
6548
4571
142
-1618
-1806
-965
2050
3553
2419
-1368
-3275
-3208
-2403
-726
118
-249
-1461
-1457
-1280
-1287
-913
-429
-163
-42
1084
1756
1673
1007
419
547
922
2127
2471
1673
292
-719
-548
-147
688
934
445
-369
-1275
-1242
-505
573
917
569
107
-288
-478
-475
-120
145
254
151
170
193
267
325
287
423
445
500
283
284
502
627
573
298
190
-150
-366
-494
-324
-138
-29
72
-155
-204
-392
-351
-267
-48
366
363
199
-156
-236
-207
-10
287
367
252
-121
-397
-534
-302
-53
-2
-133
-304
-326
-384
-286
-184
-91
-167
-286
-270
-292
-275
-400
-464
-560
-638
-657
-650
-600
-784
-1047
-1314
-1390
-1393
-1306
-1233
-1317
-1546
-1789
-2069
-2103
-2298
-924
2023
3626
2498
-144
-492
78
2319
5916
6895
4052
-505
-1388
-502
956
3265
4365
2353
-1986
-3177
-2210
-817
167
407
-857
-3006
-2671
-1958
-1631
-1292
-305
59
-577
150
759
754
295
843
1886
2384
3222
2956
1622
87
93
1002
1486
1671
958
-244
-1306
-1389
-826
-194
264
-180
-1074
-1601
-1299
-863
-641
-302
-202
-293
-281
-10
173
277
599
931
1118
1096
866
473
294
567
842
982
969
661
34
-636
-953
-815
-401
-104
-283
-870
-1288
-1301
-1018
-536
-33
224
31
-295
-351
-166
263
732
944
777
369
0
-239
-236
-31
225
238
-47
-412
-601
-536
-403
-350
-404
-471
-475
-548
-571
-527
-445
-469
-780
-1086
-1310
-1199
-1073
-989
-990
-1069
-1279
-1604
-1686
-1647
-1581
-1804
-1858
-2100
-763
1644
2550
981
-870
-134
1040
3061
5316
5261
1925
-1453
-772
1313
2808
3826
3760
1054
-2336
-2423
-446
954
1076
656
-1172
-3049
-2785
-1677
-1189
-1031
-331
-634
-1592
-1451
-489
3
123
1105
1846
1853
2047
2374
2017
1347
1786
2541
2562
1955
1316
756
323
342
404
147
-381
-973
-1549
-1761
-1421
-1121
-1136
-1232
-1222
-1375
-1510
-1110
-456
99
384
553
560
559
945
1415
1807
1829
1712
1337
1032
1127
1202
958
208
-262
-503
-546
-614
-890
-1241
-1608
-1646
-1515
-1264
-1067
-979
-975
-864
-465
-95
111
139
180
312
471
729
758
607
338
214
254
375
598
449
95
-330
-509
-614
-716
-752
-864
-1024
-1210
-1242
-1242
-1269
-1260
-1401
-1531
-1607
-1527
-1439
-1393
-1381
-1368
-1449
-1757
-1865
-1777
124
2185
2205
-76
-1332
78
1815
3951
5450
4359
479
-1672
359
2862
3670
3668
2687
-421
-2914
-1629
988
1740
1088
111
-1689
-2985
-2231
-1050
-992
-957
-307
-773
-1926
-1788
-673
-291
-58
944
1336
821
870
1533
1611
1664
2485
2789
1966
1168
1169
1096
981
1153
1151
442
-308
-677
-1048
-1012
-744
-732
-1257
-1533
-1461
-1677
-1754
-1282
-628
-553
-649
-599
-456
-222
409
1135
1541
1721
1510
1334
1410
2052
2293
1775
1131
676
393
96
48
-2
-321
-774
-1219
-1485
-1546
-1432
-1414
-1546
-1462
-1292
-1169
-1049
-648
-309
-243
-192
-32
226
384
681
921
960
848
741
707
680
745
734
504
153
-233
-638
-974
-1097
-1154
-1345
-1569
-1672
-1788
-1956
-2017
-1879
-1947
-2209
-2340
-2145
-2027
-2006
-1850
-1314
517
1995
1494
-722
-1067
739
2525
4219
5136
3630
37
-899
1602
3738
3972
3655
2388
-537
-2016
-456
1445
1349
441
-620
-2250
-2880
-1877
-1043
-1388
-1297
-970
-1865
-2725
-1923
-534
-268
68
798
782
345
901
1909
2098
2219
2673
2600
1934
1625
1741
1573
1552
1678
1275
386
-281
-622
-940
-845
-686
-1155
-1973
-2206
-1948
-1837
-1597
-1239
-1191
-1520
-1513
-995
-447
256
799
842
687
856
1202
1391
1956
2531
2252
1323
975
1216
1305
1301
1236
802
-82
-548
-584
-571
-580
-623
-963
-1502
-1596
-1452
-1451
-1374
-916
-675
-883
-1035
-840
-455
-29
483
676
562
591
858
969
1005
1155
1119
764
445
417
305
24
-294
-591
-933
-1262
-1469
-1722
-1925
-2045
-2125
-2283
-2440
-2613
-2844
-2934
-2785
-2460
-2096
-439
1258
965
-1124
-1535
487
2238
3664
4683
3717
496
-554
2116
4393
4414
3717
2689
301
-1104
412
2179
2004
790
-414
-2103
-2874
-1739
-855
-1328
-1726
-1483
-2402
-3454
-2689
-1069
-450
-442
4
-114
-439
324
1700
2269
2218
2515
2381
1861
1873
2522
2773
2539
2316
1770
966
492
489
477
433
175
-680
-1697
-2013
-1813
-1818
-1914
-1833
-1875
-2130
-2144
-1730
-1285
-691
-141
-102
-131
231
925
1330
1971
2646
2353
1437
993
1470
1877
1981
1788
1129
250
-187
0
206
224
-109
-887
-1603
-1649
-1273
-1214
-1350
-1335
-1476
-1790
-1875
-1464
-1003
-663
-446
-439
-430
-170
407
765
964
1128
1087
829
694
887
933
769
546
283
-176
-567
-814
-1108
-1420
-1542
-1703
-2193
-2656
-2831
-2982
-3260
-3226
-2952
-1976
-493
6
-1376
-2445
-1075
960
2254
3277
3467
1419
-394
1280
4264
5160
4480
3852
2255
309
822
3017
3729
2428
1024
-530
-1934
-1643
-464
-594
-1668
-1920
-2316
-3563
-3769
-2342
-1320
-1520
-1410
-1089
-1284
-1031
351
1524
1649
1827
2014
1713
1586
2424
3192
3052
2801
2630
2145
1526
1371
1352
1055
808
428
-358
-1142
-1275
-1155
-1394
-1762
-2122
-2565
-2962
-2780
-2235
-1608
-1167
-1093
-1307
-1268
-613
192
893
1482
1745
1338
878
1240
2122
2551
2320
1846
1209
675
586
892
1117
862
185
-696
-1162
-995
-739
-846
-1129
-1287
-1545
-1804
-1809
-1437
-1097
-984
-991
-1054
-960
-639
-163
143
363
551
533
453
542
818
937
893
805
489
88
-210
-276
-454
-715
-953
-1326
-1727
-2059
-2172
-2381
-2573
-2611
-1807
-674
-629
-1868
-2471
-1239
193
1250
2128
1939
99
-889
988
3382
4106
3868
3381
1934
702
1681
3556
3934
2891
1639
191
-680
51
909
276
-979
-1478
-2125
-3089
-2937
-1860
-1632
-2267
-2333
-2077
-2073
-1635
-596
85
326
806
1186
1049
1204
2006
2540
2519
2642
2780
2326
1755
1712
1812
1674
1532
1252
476
-340
-654
-659
-680
-777
-1091
-1828
-2401
-2299
-1780
-1451
-1557
-1781
-1863
-1524
-917
-353
-85
-61
-26
178
694
1240
1547
1458
1310
1358
1508
1606
1492
1279
1084
956
787
507
209
-135
-458
-642
-698
-795
-1057
-1311
-1454
-1462
-1347
-1189
-1098
-1165
-1216
-1103
-846
-541
-326
-221
-167
-45
84
144
236
334
330
210
124
39
-142
-415
-737
-899
-940
-1010
-1333
-1795
-1999
-1975
-1245
-375
-410
-1661
-2352
-1460
-269
908
1808
1496
-628
-1777
-118
2144
3159
3206
2817
1163
-151
852
2913
3701
3037
2022
506
-434
222
1309
1133
263
-165
-998
-1966
-1895
-1031
-1016
-1727
-1802
-1608
-1673
-1575
-1087
-895
-806
-60
656
592
475
982
1470
1610
2041
2575
2429
1823
1588
1705
1752
1768
1662
1147
463
21
-174
-279
-196
-159
-666
-1439
-1789
-1422
-1031
-920
-1004
-1052
-1148
-1215
-863
-382
-84
-171
-275
-180
142
557
810
899
912
959
951
932
996
1098
1010
802
726
667
378
-36
-207
-216
-298
-490
-676
-829
-922
-941
-978
-1029
-1007
-925
-923
-917
-763
-574
-541
-540
-423
-274
-225
-205
-157
-111
-190
-322
-411
-426
-436
-509
-698
-957
-1106
-1223
-1330
-1475
-990
-145
-49
-1105
-1825
-1206
-429
293
1258
1667
284
-1255
-698
872
1882
2489
2822
1751
23
-6
1452
2519
2627
2337
1166
-311
-397
571
857
424
352
-89
-1235
-1663
-871
-471
-980
-1161
-915
-993
-1029
-668
-654
-1047
-718
201
541
449
613
687
372
529
1501
2198
2074
1666
1318
1029
1045
1443
1622
1336
852
268
-327
-539
-243
-116
-398
-664
-760
-991
-1327
-1307
-972
-609
-510
-598
-732
-741
-560
-363
-145
48
223
203
108
176
371
579
617
649
694
702
577
392
365
386
385
339
251
24
-303
-491
-534
-484
-458
-451
-569
-754
-805
-761
-706
-659
-501
-399
-519
-666
-624
-507
-456
-390
-340
-340
-429
-577
-715
-773
-761
-796
-879
-902
-949
-1134
-1358
-1204
-546
13
-69
-568
-736
-581
-297
308
1103
1241
439
-154
62
610
1108
1740
2139
1650
897
745
1117
1415
1658
1745
1320
745
519
432
97
-55
132
64
-392
-654
-555
-706
-1008
-952
-597
-347
-224
-116
-253
-488
-405
-39
249
494
805
915
660
467
669
990
1156
1249
1277
1093
838
769
771
649
492
414
260
12
-92
-158
-287
-488
-439
-393
-564
-611
-574
-469
-458
-452
-443
-560
-474
-279
-221
-259
-275
-214
-211
-157
30
157
21
-165
-136
42
168
211
133
-42
-139
-134
-111
-161
-231
-274
-316
-321
-290
-328
-461
-584
-528
-401
-332
-347
-399
-394
-351
-287
-213
-238
-376
-547
-576
-442
-343
-371
-550
-723
-866
-992
-1035
-994
-934
-979
-1077
-1085
-881
-483
-163
-162
-262
-247
-137
115
664
1213
1163
742
536
651
775
1017
1520
1772
1455
1076
1061
1147
1101
1126
1157
988
828
823
706
314
39
5
-100
-260
-211
-105
-296
-617
-725
-691
-582
-360
-128
-97
-135
-82
-11
60
278
572
609
456
437
616
699
610
578
612
553
431
358
350
255
99
-37
-123
-150
-104
-45
-121
-202
-213
-206
-284
-275
-74
37
-72
-165
-78
-12
-53
-89
-66
-124
-184
-87
36
18
-92
-216
-404
-505
-351
-141
-161
-322
-383
-376
-391
-347
-241
-223
-346
-405
-317
-231
-152
-69
-39
-41
41
165
186
109
34
3
20
169
281
151
-151
-313
-290
-275
-310
-391
-541
-782
-917
-902
-870
-926
-1058
-1204
-1304
-1307
-1247
-1109
-870
-605
-493
-562
-548
-380
-153
122
455
637
513
386
507
763
944
1038
1088
1046
1009
1057
1169
1223
1195
1097
929
849
844
822
694
592
530
364
134
16
26
-33
-176
-253
-226
-201
-193
-180
-166
-165
-123
-26
76
174
252
287
295
328
381
379
315
255
235
243
215
152
109
37
-67
-145
-119
-87
-129
-160
-131
-79
-35
69
202
236
162
117
144
223
337
448
420
240
85
63
130
170
176
97
-80
-235
-280
-271
-294
-344
-410
-539
-654
-668
-635
-624
-624
-576
-533
-521
-492
-398
-283
-194
-77
67
190
230
218
204
249
364
415
354
215
145
104
53
42
12
-98
-348
-524
-536
-495
-500
-601
-731
-875
-948
-902
-851
-871
-936
-949
-929
-865
-763
-655
-540
-420
-297
-245
-173
-73
51
166
263
364
412
436
453
530
667
828
951
992
966
925
926
990
1060
1044
948
849
764
651
569
533
468
323
182
100
20
-86
-162
-144
-92
-84
-121
-207
-275
-282
-251
-187
-90
-15
-52
-177
-214
-125
-32
-15
-54
-85
-105
-90
-66
-85
-121
-151
-184
-198
-105
48
133
124
103
131
210
302
376
428
453
449
402
352
388
464
428
274
161
113
38
-20
-21
-38
-158
-312
-412
-460
-470
-449
-438
-479
-515
-535
-532
-477
-347
-199
-147
-121
-53
44
109
209
373
477
454
392
405
426
422
409
359
287
196
78
-76
-163
-116
-75
-182
-372
-473
-480
-494
-533
-551
-565
-606
-641
-657
-649
-617
-589
-604
-625
-597
-578
-593
-574
-473
-345
-276
-255
-265
-268
-201
-64
74
175
232
222
176
221
382
510
532
562
629
678
687
693
728
715
699
674
612
529
446
390
337
316
277
145
-37
-124
-99
-48
-40
-76
-159
-288
-345
-264
-123
-47
-112
-245
-318
-261
-140
-63
-60
-124
-198
-205
-98
60
159
156
107
81
151
282
373
382
356
369
404
436
444
419
377
359
350
324
247
141
72
41
36
16
-54
-169
-297
-367
-368
-366
-388
-447
-486
-483
-454
-401
-352
-308
-248
-180
-138
-76
27
132
194
244
317
361
336
336
376
430
448
420
337
239
201
187
203
163
88
-29
-141
-184
-215
-207
-214
-274
-355
-432
-443
-388
-365
-375
-394
-395
-389
-439
-407
-311
-234
-194
-241
-310
-349
-366
-310
-196
-118
-160
-246
-267
-207
-118
-53
0
-16
-53
-48
-20
8
36
87
111
104
127
157
139
138
192
259
300
289
243
174
144
203
267
248
150
54
17
56
121
146
92
-16
-82
-64
-2
44
5
-89
-165
-187
-152
-122
-110
-99
-91
-54
26
83
125
134
162
242
337
401
395
386
397
431
437
426
388
334
272
240
272
278
185
55
-23
-61
-81
-108
-158
-237
-314
-344
-330
-299
-290
-304
-341
-354
-283
-172
-118
-119
-100
-34
22
59
89
133
173
228
279
272
269
254
242
223
240
273
229
108
23
-11
7
19
-23
-89
-172
-227
-237
-212
-161
-134
-198
-266
-288
-267
-226
-178
-146
-143
-149
-183
-169
-138
-75
-12
-3
5
11
20
0
-18
-11
-14
-42
-69
-98
-116
-124
-130
-137
-153
-172
-186
-191
-182
-167
-156
-121
-74
-52
-76
-82
-70
-6
80
138
181
182
182
204
259
308
327
306
272
238
235
224
163
83
10
-11
-16
-36
-83
-136
-207
-254
-229
-170
-123
-123
-128
-114
-82
-42
31
134
188
186
190
224
277
311
316
316
308
307
296
278
234
168
91
19
-9
-33
-66
-132
-188
-208
-240
-276
-296
-297
-283
-266
-224
-181
-151
-134
-142
-144
-111
-40
36
80
89
94
99
108
134
226
285
260
195
136
118
121
149
169
131
63
3
-32
-24
0
-2
-30
-75
-104
-97
-71
-45
-39
-46
-69
-69
-55
-45
-21
-10
6
31
64
87
71
46
47
88
122
117
84
38
0
-16
-13
-33
-70
-137
-207
-237
-217
-189
-232
-282
-285
-255
-218
-210
-203
-207
-203
-144
-57
1
17
19
31
84
176
234
225
181
181
204
208
201
186
154
100
49
2
-50
-99
-128
-147
-146
-137
-149
-196
-210
-178
-130
-91
-67
-44
-25
19
84
135
167
211
247
286
322
333
316
287
283
293
300
288
215
123
53
30
38
19
-35
-128
-183
-197
-178
-170
-188
-227
-258
-259
-254
-236
-214
-204
-216
-222
-205
-178
-162
-157
-126
-62
-28
-55
-79
-52
-6
23
40
39
17
-9
-19
17
65
85
61
4
-25
-2
28
37
16
6
-20
-56
-60
-38
-27
-37
-39
-28
-22
-30
-31
-24
21
68
86
66
48
41
42
61
99
105
56
-18
-56
-47
-46
-51
-70
-104
-124
-121
-88
-80
-75
-70
-55
-14
54
114
109
102
136
229
311
354
375
369
352
354
379
402
387
349
295
247
204
157
117
42
-21
-66
-98
-151
-209
-248
-265
-268
-284
-281
-265
-241
-227
-215
-207
-177
-126
-64
-12
10
12
33
70
108
118
115
115
104
96
89
92
76
42
-2
-31
-43
-43
-48
-69
-89
-104
-109
-127
-139
-126
-114
-112
-98
-86
-88
-102
-99
-72
-52
-39
-30
-42
-69
-73
-55
-26
-6
6
-12
-47
-41
-3
31
43
35
9
-28
-55
-59
-34
3
20
5
-30
-44
-32
-39
-33
-10
11
-2
-30
-29
-37
-40
-32
3
-7
-30
-47
-48
-23
-5
8
-26
-60
-67
-73
-84
-85
-76
-110
-161
-162
-133
-102
-95
-94
-97
-93
-49
9
53
68
87
116
161
242
302
331
349
379
407
405
407
399
377
341
334
322
263
195
151
117
70
20
-22
-71
-116
-158
-197
-230
-223
-197
-203
-220
-231
-229
-213
-175
-119
-84
-79
-74
-64
-42
-17
15
36
67
86
65
22
7
30
55
64
24
-24
-73
-70
-59
-61
-73
-104
-136
-161
-154
-121
-89
-65
-61
-72
-72
-65
-42
-38
-15
7
18
16
24
47
32
18
31
38
14
-10
-13
2
23
32
22
-3
-21
-47
-64
-54
-30
-15
-25
-23
-10
1
9
14
40
59
66
67
83
90
93
73
67
71
62
56
60
75
57
23
-10
-15
-10
-31
-52
-72
-105
-127
-122
-95
-76
-86
-107
-116
-104
-68
-22
7
19
31
65
96
135
136
142
125
149
187
174
159
135
166
168
161
149
106
72
22
7
-4
-36
-50
-120
-149
-176
-180
-181
-208
-203
-221
-220
-220
-213
-213
-205
-180
-130
-91
-79
-66
-63
-42
-8
27
53
33
24
14
41
77
76
63
32
13
21
26
19
25
19
12
1
8
28
33
43
60
80
93
111
125
131
116
135
139
132
145
145
177
184
192
192
164
136
124
148
165
167
130
94
66
56
57
55
47
24
-1
-16
-19
-16
-15
-25
-25
-26
-44
-48
-59
-33
-11
-1
0
-23
-23
-40
-9
20
24
9
-35
-55
-58
-28
-16
-37
-88
-129
-135
-137
-98
-102
-122
-166
-190
-164
-128
-91
-100
-86
-90
-57
-12
19
43
46
72
62
61
88
89
87
73
82
88
52
29
8
-28
-46
-51
-86
-132
-178
-197
-218
-242
-262
-285
-300
-285
-277
-286
-311
-307
-291
-275
-245
-219
-214
-216
-188
-137
-86
-72
-46
-38
-32
7
54
86
90
99
118
135
150
157
157
154
163
170
172
177
173
159
145
159
187
213
216
219
215
191
191
201
217
224
213
212
217
227
240
226
206
200
194
202
203
178
138
97
82
81
74
67
13
-8
-30
-33
-2
-7
9
-34
-53
-49
-39
-14
2
3
2
2
22
39
25
60
61
71
54
19
52
29
7
-31
-42
-53
-112
-111
-121
-134
-171
-178
-177
-205
-159
-175
-181
-175
-177
-118
-121
-55
-15
-3
15
18
56
73
99
98
103
104
104
118
97
86
56
56
34
-7
-25
-76
-85
-95
-110
-117
-177
-180
-212
-231
-236
-261
-238
-261
-238
-259
-257
-227
-227
-195
-197
-173
-146
-117
-104
-80
-67
-54
-41
-39
-3
15
20
25
39
66
88
114
143
132
132
119
129
141
167
196
186
201
187
217
206
201
197
202
197
193
217
230
225
210
199
194
197
190
204
173
170
123
88
78
60
76
22
3
-1
-27
5
-36
-8
-22
-32
-43
-53
-53
-55
-67
-78
-43
-46
-52
-82
-51
-88
-87
-76
-56
-85
-87
-90
-97
-86
-100
-82
-104
-104
-118
-113
-99
-137
-123
-104
-101
-111
-113
-90
-85
-33
-15
27
40
25
36
69
114
120
104
99
96
105
110
116
112
63
28
16
29
20
15
-16
-25
-56
-76
-93
-119
-125
-152
-153
-160
-172
-185
-213
-219
-213
-204
-188
-179
-189
-199
-179
-178
-142
-118
-102
-105
-113
-117
-109
-81
-74
-41
-34
-9
-24
10
4
33
47
55
91
82
129
103
163
146
158
164
156
185
183
217
194
178
173
176
196
176
182
172
167
165
152
196
134
155
108
92
106
106
99
43
38
7
-23
-22
-25
-42
-66
-80
-96
-97
-121
-123
-149
-160
-152
-166
-156
-165
-141
-152
-150
-143
-120
-121
-142
-127
-116
-95
-112
-90
-84
-104
-126
-94
-108
-81
-57
-39
-61
-77
-45
-58
-46
-26
-14
-25
-28
-20
14
54
81
98
81
77
81
102
116
132
150
141
127
135
120
109
103
99
111
98
98
94
63
49
39
34
21
36
37
15
-7
10
12
-16
-26
-28
-50
-71
-58
-41
-35
-42
-50
-60
-55
-54
-37
-28
-28
-33
-31
-13
3
26
33
21
22
34
36
55
71
92
95
87
90
80
86
96
96
111
102
93
110
102
124
97
118
124
97
93
92
100
100
96
104
99
60
50
25
19
13
15
0
-18
-33
-62
-81
-87
-94
-84
-86
-98
-91
-133
-108
-137
-103
-117
-114
-84
-107
-72
-111
-68
-76
-79
-64
-67
-51
-70
-73
-82
-69
-65
-46
-49
-69
-69
-78
-76
-71
-62
-65
-53
-55
-56
-70
-48
-48
-23
-17
7
12
-3
23
-1
34
24
40
28
16
35
29
32
40
52
39
18
9
5
-4
-4
17
7
-2
-5
-14
-29
-37
-19
-20
-4
-17
-13
-24
-33
-29
-28
-23
-28
-18
-4
-12
-1
3
4
9
-1
19
15
31
28
16
18
35
34
46
49
53
34
20
25
20
31
15
38
24
16
23
3
23
31
36
45
41
48
35
19
35
44
56
61
54
55
36
30
27
25
35
-5
2
-27
-36
-31
-58
-45
-54
-48
-65
-86
-84
-88
-89
-88
-85
-68
-63
-64
-65
-67
-45
-39
-22
-8
-4
-1
-20
-14
-10
10
25
41
40
39
51
54
64
64
68
54
46
41
59
63
64
63
47
43
41
45
33
31
32
40
23
27
27
11
0
-15
1
1
12
10
-4
-14
-18
-16
-14
-3
-14
-20
-26
-14
-7
-8
-9
-16
-31
-44
-41
-33
-20
-26
-32
-24
-31
-25
-12
2
4
-6
-6
-8
8
26
34
38
38
46
42
44
60
67
68
70
74
76
70
71
69
54
53
56
59
53
46
49
31
20
6
4
-2
-10
-19
-25
-21
-22
-8
-20
-35
-46
-53
-43
-33
-27
-31
-46
-49
-42
-46
-43
-63
-64
-68
-67
-57
-42
-44
-53
-55
-54
-46
-43
-21
-12
-17
-10
2
4
-2
6
8
12
3
16
29
26
29
32
36
25
30
25
33
34
31
38
41
55
47
32
23
19
22
28
45
50
39
12
6
4
-5
3
3
5
-13
-24
-36
-39
-42
-48
-59
-62
-69
-80
-80
-84
-73
-76
-71
-72
-78
-96
-99
-89
-76
-58
-53
-35
-57
-63
-69
-56
-32
-30
-7
-13
6
-8
3
18
21
34
32
54
61
57
57
57
54
65
65
65
55
41
42
39
52
54
50
29
21
17
12
22
29
25
15
6
3
4
-14
-8
-11
-5
-11
-16
-10
-23
-26
-30
-28
-41
-50
-53
-54
-50
-50
-48
-59
-62
-74
-67
-67
-59
-51
-53
-46
-46
-45
-37
-27
-20
-17
-17
-7
3
15
25
33
36
28
29
34
50
58
59
66
63
66
70
75
79
75
72
79
78
82
75
77
74
65
65
61
66
52
41
41
25
29
18
11
17
-10
-12
-25
-24
-22
-37
-40
-54
-63
-80
-81
-75
-71
-71
-77
-77
-80
-84
-85
-69
-68
-67
-64
-58
-45
-44
-32
-24
-18
-16
-13
-1
13
25
28
35
46
45
50
56
64
70
63
75
81
85
78
72
68
68
63
70
78
69
56
41
44
43
48
42
34
25
6
10
8
14
11
-6
-13
-22
-25
-24
-29
-30
-39
-48
-57
-62
-68
-77
-76
-80
-77
-82
-83
-84
-92
-95
-90
-80
-78
-73
-74
-66
-66
-53
-39
-27
-22
-26
-15
-15
3
12
30
36
35
38
43
51
55
57
56
62
68
76
73
71
62
56
57
70
77
68
57
46
44
41
51
61
58
41
24
19
18
20
26
26
13
-5
-18
-26
-27
-25
-24
-33
-46
-60
-70
-78
-72
-72
-78
-85
-83
-84
-88
-89
-93
-92
-94
-80
-65
-56
-56
-50
-50
-38
-24
-9
8
11
15
20
33
44
61
72
75
72
69
73
76
83
90
89
83
78
73
69
65
62
53
50
46
43
38
26
23
15
14
16
16
12
-1
-8
-7
-2
-1
-2
-7
-14
-19
-17
-16
-14
-19
-25
-30
-34
-35
-38
-40
-43
-44
-47
-48
-47
-51
-58
-62
-60
-53
-51
-47
-42
-46
-48
-48
-37
-29
-23
-17
-13
-11
-4
8
17
23
25
29
32
41
47
48
49
50
56
58
64
64
60
52
55
59
66
65
60
55
42
41
40
44
38
29
18
11
7
-1
-3
-12
-21
-33
-37
-39
-42
-48
-53
-59
-65
-66
-65
-57
-60
-60
-66
-64
-60
-54
-44
-38
-33
-32
-31
-21
-9
-2
5
10
19
19
20
28
34
38
39
46
49
46
42
43
45
43
41
38
38
32
27
23
22
19
15
13
12
9
2
2
0
3
1
0
-1
-1
-2
-2
1
3
0
0
3
8
5
1
-1
-4
-6
-6
-4
-7
-15
-27
-33
-32
-31
-30
-34
-40
-46
-52
-51
-47
-42
-40
-40
-39
-35
-29
-23
-16
-11
-8
-4
5
13
21
23
23
28
32
40
45
46
42
38
35
42
48
47
43
35
30
22
22
24
23
20
13
10
4
1
-4
-7
-8
-7
-9
-14
-20
-28
-34
-32
-26
-25
-26
-34
-42
-47
-46
-37
-29
-23
-27
-33
-38
-36
-27
-17
-9
-5
-10
-14
-10
-1
7
10
15
16
19
21
30
35
32
32
34
41
44
45
46
39
35
35
41
40
33
23
15
11
14
16
11
4
-5
-12
-14
-10
-7
-12
-19
-21
-20
-19
-16
-14
-12
-16
-17
-12
-10
-9
-9
-8
-10
-11
-10
-7
-4
-8
-13
-15
-15
-15
-14
-15
-17
-20
-20
-18
-12
-9
-10
-15
-17
-14
-8
-1
6
7
7
6
11
17
20
23
25
26
27
28
30
32
31
30
30
31
31
28
24
22
20
18
17
16
14
10
7
3
0
-4
-5
-6
-9
-13
-17
-20
-24
-29
-27
-27
-29
-32
-35
-37
-41
-39
-36
-38
-39
-41
-38
-37
-36
-33
-33
-32
-28
-24
-19
-17
-13
-10
-5
3
10
15
15
21
26
32
37
42
43
41
44
49
50
48
44
43
41
40
40
38
30
23
18
17
12
11
3
-6
-10
-12
-13
-17
-18
-19
-22
-24
-22
-21
-21
-21
-18
-18
-23
-26
-26
-20
-19
-16
-16
-18
-21
-22
-16
-12
-12
-16
-19
-21
-23
-23
-23
-26
-27
-26
-21
-21
-25
-27
-25
-16
-9
1
6
6
5
6
17
26
33
35
39
41
40
45
47
48
51
57
59
54
46
37
32
30
31
28
19
7
-2
-7
-7
-8
-10
-15
-19
-22
-24
-25
-27
-28
-28
-26
-25
-28
-30
-35
-30
-22
-16
-11
-12
-13
-17
-15
-10
-8
-6
-9
-7
-12
-17
-18
-20
-20
-21
-15
-13
-15
-15
-14
-6
-3
0
4
5
6
7
13
12
9
11
21
30
33
37
34
26
25
35
48
48
41
31
20
14
15
24
25
13
7
5
8
5
6
5
-4
-6
-6
1
-2
-7
-12
-16
-14
-11
-4
-8
-12
-16
-18
-17
-15
-11
-17
-23
-28
-33
-34
-38
-36
-35
-36
-36
-37
-37
-33
-29
-24
-16
-8
-4
-4
2
7
9
10
22
36
37
36
37
42
35
44
71
79
66
41
44
40
33
37
46
36
0
-7
3
10
-5
-10
-5
-17
-24
-17
-4
-17
-38
-34
-23
-19
-24
-18
-14
-25
-26
-10
7
7
3
8
13
7
5
12
15
8
2
4
1
-5
-11
-2
-1
-2
-5
-6
-6
-12
-9
-8
-8
-14
-15
-11
-15
-16
-15
-10
-7
-2
5
6
1
-4
2
11
15
15
9
2
-4
0
9
11
7
0
-3
0
5
13
11
3
-5
-8
-1
2
1
-4
-13
-18
-19
-7
0
3
4
6
8
4
7
8
7
1
-2
-1
-12
-19
-24
-24
-22
-26
-23
-24
-27
-31
-28
-24
-23
-21
-18
-14
-13
-11
-4
3
11
18
25
31
35
39
47
53
55
52
47
44
42
39
30
21
6
-3
-5
-2
-3
-9
-15
-28
-29
-27
-19
-20
-28
-34
-39
-39
-36
-24
-18
-20
-17
-12
-8
-8
0
6
5
5
4
4
-3
-6
-1
3
4
2
4
6
5
7
10
14
14
16
19
21
20
14
11
10
11
12
11
16
17
15
11
14
17
14
17
23
23
16
8
4
0
0
4
8
7
0
-6
-5
1
7
6
5
-3
-13
-25
-28
-24
-25
-30
-35
-36
-40
-41
-34
-25
-22
-22
-20
-19
-18
-15
-9
-5
-5
-6
-5
0
4
4
3
0
3
4
6
9
7
3
-2
-1
4
3
4
4
6
3
8
21
27
32
35
43
49
48
52
51
46
43
46
47
42
31
22
15
12
13
16
9
-4
-18
-26
-26
-25
-25
-31
-39
-47
-49
-44
-35
-29
-29
-28
-27
-28
-25
-17
-7
-8
-12
-13
-11
-14
-17
-16
-16
-20
-23
-18
-9
-6
-7
-6
-6
-2
2
14
22
20
12
8
15
20
25
28
31
27
21
24
32
31
22
21
25
24
16
11
8
1
-3
5
15
15
6
1
0
2
5
12
17
9
2
-2
-3
-5
-8
-8
-11
-13
-17
-19
-19
-20
-20
-20
-17
-13
-13
-14
-15
-15
-16
-18
-15
-9
-3
-2
-5
-7
-9
-9
-5
2
1
-7
-17
-23
-21
-18
-14
-12
-13
-20
-19
-11
-2
1
5
8
11
14
22
30
32
30
30
37
37
39
35
31
22
15
17
19
19
11
3
-5
-11
-12
-10
-8
-11
-18
-23
-23
-21
-16
-13
-11
-12
-11
-11
-6
-2
-4
-4
-6
-3
-3
2
3
0
-5
-7
-2
2
6
4
-2
-7
-8
-2
6
9
3
-4
-7
-3
3
7
4
-2
-12
-14
-10
-4
-3
-11
-17
-19
-13
-11
-7
-9
-17
-20
-18
-4
4
5
0
-3
-2
5
17
26
24
16
8
9
14
18
23
19
13
3
0
0
4
4
1
1
0
2
-1
0
0
-2
0
5
13
16
12
7
4
6
11
16
20
16
10
4
5
12
15
12
4
0
-6
-7
-5
-6
-9
-17
-14
-8
-4
-4
-6
-8
-10
-6
3
10
9
-1
-8
-8
-3
3
4
4
-7
