-69
-66
-67
-69
-69
-73
-71
-66
-65
-62
-62
-62
-59
-56
-52
-48
-48
-43
-39
-35
-28
-20
-12
-5
2
7
11
15
15
18
17
28
39
42
49
51
58
62
66
72
74
79
82
77
80
79
81
82
80
81
81
79
78
78
75
68
68
70
70
70
64
61
52
43
26
19
13
-3
-5
-10
-7
-16
-28
-34
-41
-43
-51
-53
-54
-55
-54
-64
-70
-77
-77
-76
-80
-81
-78
-69
-52
-52
-47
-54
-53
-58
-65
-63
-59
-55
-57
-55
-50
-33
-30
-25
-17
-19
-12
-5
5
7
7
9
-4
4
2
5
26
28
48
52
52
61
56
57
61
78
86
83
87
96
97
91
76
76
80
81
88
92
80
62
42
29
26
18
23
29
26
10
0
-15
-21
-32
-35
-43
-45
-46
-57
-55
-40
-5
36
84
200
316
389
376
312
187
22
-104
-152
-70
62
191
263
161
-18
-171
-199
-112
-66
28
4
-77
-292
-529
-587
-550
-373
-192
-98
-99
-259
-384
-446
-418
-295
-169
-45
-5
-54
-108
-124
-90
-54
-49
-62
-68
-88
-92
-69
-52
6
6
20
17
6
19
-1
-40
-93
-133
-97
-58
-12
26
46
93
52
-1
-25
-9
50
89
132
159
178
196
222
235
230
203
180
168
142
133
121
121
137
138
153
159
149
131
94
76
58
40
47
28
32
16
11
6
-19
-33
-38
-36
-42
-54
-42
-32
-20
-18
-10
-13
-40
-54
-60
-70
-72
-82
-60
-52
-54
-11
-23
-10
-30
-47
-65
-132
-115
-140
-153
-183
-236
-223
-262
-238
-246
-267
-267
-308
-274
-267
-268
-217
-221
-160
-147
-116
-57
-14
70
77
139
175
221
243
259
297
274
240
207
168
154
102
98
87
57
104
129
174
150
135
163
96
79
46
44
34
12
109
143
192
298
387
464
480
546
664
612
695
702
710
703
659
760
676
603
629
589
541
404
367
389
254
233
194
150
110
49
51
-19
-96
-137
-204
-261
-312
-326
-323
-316
-283
-245
-254
-239
-212
-210
-223
-246
-253
-281
-318
-323
-339
-376
-407
-440
-475
-533
-611
-676
-731
-843
-965
-1066
-1196
-1271
-1444
-1577
-1770
-1886
-2106
-1998
-1414
-938
-783
-888
-95
252
117
303
977
1479
633
637
1427
1578
1238
1330
2286
2387
1762
2181
2440
2233
1493
1186
1052
291
67
-173
-535
-806
-869
-898
-1376
-1441
-1231
-1603
-2048
-2023
-1691
-1878
-1987
-1450
-1010
-868
-561
163
477
441
717
1020
1048
923
1168
1455
1420
1565
1795
1968
1951
1952
1962
1653
1394
1171
869
524
251
168
-78
-240
-238
-210
-316
-470
-481
-564
-737
-835
-844
-865
-885
-780
-581
-420
-156
38
185
256
345
414
334
319
322
324
317
389
513
575
590
601
551
436
295
126
-64
-272
-426
-557
-675
-724
-761
-832
-923
-934
-1012
-1118
-1304
-1359
-1556
-1727
-1836
-1907
-1977
-2113
-2075
-2137
-1669
-1107
-677
-782
-397
313
392
187
832
1499
1295
603
1291
1893
1452
1277
1896
2452
1780
1666
2206
2145
1467
1114
882
359
-300
-414
-910
-1422
-1520
-1610
-1939
-2127
-1737
-1791
-2264
-2216
-1781
-1824
-2079
-1731
-1203
-1187
-912
-124
498
554
923
1508
1713
1711
1928
2234
2155
2092
2238
2291
2320
2350
2316
2083
1861
1816
1468
1066
823
564
88
-315
-362
-504
-769
-824
-783
-808
-965
-844
-787
-873
-885
-813
-693
-675
-478
-275
-205
-15
220
453
545
656
786
681
646
674
664
550
469
504
401
280
263
226
58
-114
-208
-374
-637
-832
-954
-1142
-1326
-1359
-1360
-1439
-1454
-1432
-1447
-1532
-1611
-1643
-1815
-1896
-2031
-2101
-2200
-2214
-1517
-1146
-822
-687
81
732
424
923
1563
1906
1248
1051
1852
1678
1233
1518
2068
2195
1541
2153
2466
2132
1764
1380
1168
413
74
-371
-1043
-1299
-1428
-1696
-1902
-1674
-1387
-1721
-1732
-1332
-1179
-1454
-1416
-982
-995
-990
-498
155
382
553
1166
1603
1795
2027
2289
2380
2218
2229
2124
2019
1993
1861
1683
1558
1625
1499
1198
1108
912
485
59
-203
-437
-871
-1095
-1111
-1283
-1236
-1092
-926
-808
-776
-470
-517
-490
-335
-344
-367
-446
-206
-66
-28
233
415
569
636
725
790
643
573
468
285
140
24
-116
-288
-341
-356
-487
-624
-668
-739
-932
-1091
-1112
-1206
-1386
-1503
-1485
-1518
-1542
-1590
-1601
-1624
-1589
-1574
-1644
-1663
-1679
-1679
-1733
-1205
-797
-561
-558
42
696
506
911
1593
1976
1544
1321
2084
1843
1421
1488
1795
1794
1202
1710
1894
1696
1501
1323
1143
556
251
-163
-915
-1280
-1578
-1944
-2223
-2106
-1803
-1979
-1800
-1307
-1053
-1054
-883
-537
-546
-622
-225
142
252
399
889
1303
1575
1960
2264
2466
2504
2564
2459
2312
2270
2034
1739
1513
1489
1303
1026
950
751
416
64
-42
-297
-624
-883
-972
-1145
-1254
-1121
-1097
-1070
-1011
-853
-739
-712
-553
-436
-441
-338
-233
-103
-69
78
215
229
319
507
579
527
527
520
462
315
240
149
-50
-209
-353
-469
-614
-750
-828
-892
-940
-1009
-1090
-1127
-1166
-1235
-1348
-1381
-1410
-1476
-1607
-1603
-1618
-1709
-1730
-1760
-1747
-1824
-1390
-989
-813
-656
-153
516
358
675
1472
1762
1528
1243
2045
1902
1364
1442
1700
1779
1160
1490
1853
1674
1530
1387
1302
910
511
172
-542
-902
-1236
-1726
-2014
-1980
-1810
-2034
-1940
-1414
-1153
-1154
-936
-537
-481
-577
-201
152
221
280
664
1054
1292
1645
1940
2217
2398
2528
2550
2502
2560
2338
1991
1770
1686
1474
1039
869
732
428
142
-21
-124
-364
-636
-733
-809
-859
-904
-1045
-960
-949
-926
-859
-853
-587
-686
-620
-450
-385
-201
-219
-7
85
80
219
243
321
318
282
302
239
266
211
119
86
-11
-123
-268
-343
-430
-600
-729
-764
-819
-888
-904
-953
-1047
-1091
-1144
-1165
-1271
-1321
-1378
-1489
-1512
-1582
-1643
-1714
-1760
-1709
-1385
-1038
-791
-658
-168
441
449
790
1446
1767
1577
1287
1958
1804
1370
1318
1530
1597
1076
1392
1707
1611
1482
1405
1355
1056
713
389
-264
-617
-948
-1460
-1804
-1836
-1748
-1965
-1917
-1459
-1193
-1138
-864
-448
-357
-376
-36
251
248
236
578
845
961
1198
1459
1722
1867
2032
2126
2153
2265
2107
1888
1736
1637
1371
909
736
523
163
-151
-290
-398
-653
-740
-707
-721
-805
-816
-789
-833
-841
-862
-864
-943
-927
-923
-938
-792
-663
-581
-519
-312
-125
-72
43
224
276
231
223
286
210
86
47
21
-63
-172
-174
-200
-243
-313
-344
-361
-406
-481
-614
-683
-802
-903
-982
-1070
-1117
-1252
-1254
-1296
-1316
-1342
-1388
-1401
-1511
-1532
-1595
-1403
-1084
-965
-837
-566
42
177
326
1048
1382
1416
1140
1716
1885
1408
1339
1481
1534
1080
1141
1543
1405
1224
1213
1221
1085
753
598
112
-261
-523
-951
-1320
-1510
-1562
-1775
-1884
-1557
-1299
-1219
-974
-562
-297
-225
145
487
547
524
730
928
982
1082
1223
1376
1528
1691
1831
1923
2115
2123
2005
1937
1896
1683
1251
1050
809
395
4
-194
-334
-654
-779
-784
-754
-781
-749
-595
-615
-525
-522
-513
-554
-650
-666
-783
-738
-700
-735
-645
-490
-298
-191
-31
241
337
356
399
451
405
218
118
11
-137
-263
-332
-365
-430
-474
-462
-403
-381
-414
-452
-454
-493
-617
-764
-840
-953
-1101
-1206
-1250
-1308
-1412
-1442
-1412
-1443
-1424
-1433
-1322
-964
-899
-693
-586
-73
143
46
692
995
1191
926
1232
1742
1327
1288
1444
1641
1431
1235
1698
1640
1437
1402
1366
1277
965
800
521
88
-75
-393
-758
-946
-1014
-1151
-1417
-1239
-1027
-1050
-1010
-709
-441
-436
-219
179
348
364
513
798
842
886
995
1060
1152
1170
1327
1346
1448
1560
1505
1522
1533
1504
1250
1034
919
597
206
-36
-221
-445
-739
-755
-750
-825
-757
-680
-519
-531
-430
-347
-414
-368
-505
-514
-620
-676
-668
-799
-670
-611
-502
-375
-225
24
75
153
273
278
271
153
56
-15
-207
-295
-411
-478
-547
-651
-628
-626
-586
-584
-580
-543
-608
-649
-708
-813
-886
-1063
-1117
-1296
-1379
-1446
-1600
-1618
-1774
-1679
-1741
-1486
-1114
-1044
-736
-541
53
72
287
906
972
1053
873
1459
1464
1141
1282
1456
1544
1283
1524
1848
1715
1612
1645
1562
1437
1127
954
492
154
-74
-513
-803
-990
-1094
-1393
-1478
-1280
-1179
-1205
-1014
-711
-547
-452
-121
166
196
246
408
590
568
679
738
851
974
1050
1221
1326
1547
1567
1566
1649
1670
1540
1273
1148
940
582
303
106
-103
-359
-497
-484
-565
-552
-538
-441
-393
-359
-236
-331
-312
-377
-444
-545
-626
-646
-768
-783
-713
-631
-553
-383
-194
-54
25
214
353
335
310
277
206
81
-52
-132
-238
-356
-390
-425
-402
-393
-377
-363
-378
-340
-388
-428
-521
-622
-754
-910
-1003
-1175
-1264
-1457
-1518
-1624
-1702
-1669
-1734
-1368
-1227
-1020
-787
-454
45
-25
448
884
1017
1038
1010
1615
1410
1233
1408
1537
1553
1282
1601
1758
1582
1544
1536
1504
1343
1084
879
431
199
-112
-569
-852
-1069
-1218
-1529
-1524
-1343
-1311
-1325
-1085
-755
-599
-450
-88
147
175
261
496
614
580
698
764
879
946
1081
1227
1315
1512
1528
1604
1700
1745
1617
1391
1311
1102
747
465
253
-48
-355
-543
-587
-711
-763
-661
-619
-506
-435
-348
-310
-400
-335
-445
-532
-581
-733
-757
-868
-803
-748
-722
-538
-404
-238
-84
84
226
245
269
277
212
129
23
-92
-226
-353
-413
-441
-480
-476
-478
-463
-410
-360
-337
-348
-363
-429
-508
-630
-743
-925
-1108
-1281
-1456
-1536
-1671
-1693
-1748
-1512
-1219
-1115
-841
-536
39
66
356
914
1101
1146
994
1555
1538
1245
1320
1440
1523
1215
1400
1671
1570
1567
1566
1610
1485
1256
1080
659
402
92
-370
-731
-981
-1175
-1565
-1691
-1533
-1520
-1569
-1400
-1042
-841
-711
-372
-87
3
77
253
413
407
440
468
542
628
720
842
941
1165
1277
1370
1521
1638
1602
1423
1361
1228
913
576
304
7
-339
-595
-686
-836
-918
-912
-858
-727
-675
-525
-544
-490
-431
-504
-489
-611
-621
-781
-876
-792
-796
-734
-664
-489
-282
-145
105
304
469
604
665
744
717
645
539
401
294
165
45
-53
-144
-206
-270
-246
-224
-236
-219
-212
-175
-245
-314
-395
-578
-749
-1005
-1111
-1311
-1492
-1584
-1740
-1701
-1706
-1348
-1126
-983
-645
-311
128
158
652
1022
1111
1131
1231
1621
1333
1234
1304
1373
1240
1104
1345
1391
1302
1301
1319
1265
1127
937
728
347
134
-191
-580
-879
-1150
-1398
-1710
-1701
-1616
-1614
-1544
-1266
-953
-762
-553
-183
43
144
284
453
551
526
614
615
712
781
896
999
1117
1359
1417
1527
1610
1686
1596
1452
1355
1160
855
543
292
1
-298
-543
-714
-903
-928
-958
-931
-872
-813
-691
-733
-566
-525
-575
-589
-683
-613
-757
-781
-720
-775
-661
-629
-436
-252
-137
110
251
489
665
723
819
787
779
655
494
399
187
5
-179
-266
-353
-440
-447
-438
-380
-357
-283
-259
-256
-304
-410
-511
-649
-774
-1001
-1171
-1299
-1451
-1562
-1654
-1652
-1572
-1329
-1081
-897
-647
-254
64
188
594
955
1061
984
1114
1422
1208
1068
1133
1201
1047
932
1179
1235
1152
1168
1267
1281
1177
1053
854
540
342
31
-359
-678
-950
-1190
-1496
-1487
-1420
-1468
-1428
-1201
-900
-758
-554
-207
-11
84
224
422
536
524
599
617
685
771
840
898
958
1122
1154
1214
1312
1379
1300
1181
1170
1055
820
573
372
106
-193
-415
-596
-822
-962
-1039
-1098
-1087
-1023
-930
-895
-775
-622
-551
-488
-410
-353
-364
-424
-373
-365
-372
-315
-241
-97
2
169
362
519
703
805
870
918
902
861
714
570
418
204
38
-142
-268
-419
-510
-499
-524
-505
-471
-414
-388
-360
-345
-369
-438
-567
-687
-866
-985
-1166
-1326
-1441
-1547
-1591
-1621
-1376
-1171
-1023
-818
-467
-69
35
358
765
937
952
995
1296
1249
1059
1121
1189
1136
961
1071
1181
1112
1136
1188
1223
1147
1040
918
677
513
315
-23
-334
-584
-791
-1112
-1316
-1324
-1412
-1477
-1418
-1180
-1015
-857
-532
-240
-8
196
451
634
726
813
847
846
835
816
790
775
831
858
861
915
997
1054
1043
1064
1022
896
722
544
289
-34
-290
-570
-825
-1075
-1168
-1268
-1341
-1294
-1205
-1025
-947
-667
-509
-347
-201
-121
82
4
78
53
60
86
16
121
100
205
318
414
590
694
840
919
947
993
906
793
634
452
263
4
-202
-432
-610
-747
-819
-830
-836
-791
-728
-657
-588
-556
-537
-559
-640
-717
-870
-992
-1140
-1276
-1372
-1505
-1544
-1625
-1531
-1331
-1197
-1020
-821
-428
-189
24
451
754
909
876
1120
1281
1085
1024
1028
1039
832
756
901
853
798
837
927
961
912
908
824
649
537
294
-20
-322
-573
-840
-1154
-1248
-1306
-1393
-1407
-1217
-935
-755
-454
-69
214
429
671
911
992
996
996
961
910
828
785
694
667
684
684
716
780
848
826
818
836
773
610
443
279
46
-226
-459
-684
-917
-1110
-1228
-1246
-1218
-1129
-956
-757
-508
-277
-56
184
305
459
505
525
535
417
398
289
263
221
155
240
242
343
413
470
596
600
666
650
583
507
326
185
-17
-215
-416
-609
-740
-866
-905
-924
-897
-844
-733
-610
-505
-391
-325
-271
-271
-319
-437
-549
-677
-828
-1009
-1155
-1291
-1396
-1451
-1408
-1196
-1107
-951
-737
-388
-124
4
368
608
773
756
879
1060
897
799
778
832
739
661
798
822
796
850
928
1003
964
929
837
655
565
353
96
-168
-357
-541
-788
-852
-881
-950
-997
-894
-684
-563
-402
-135
81
230
369
555
630
618
634
597
552
482
419
326
266
277
272
275
306
362
378
374
425
433
354
277
196
103
-38
-166
-285
-410
-500
-549
-522
-529
-479
-401
-308
-148
-41
134
211
315
425
412
468
397
353
285
165
138
43
-4
-31
-59
-29
-26
34
110
156
203
227
258
232
172
146
70
-32
-144
-233
-326
-439
-492
-523
-521
-501
-431
-361
-290
-203
-163
-146
-157
-171
-243
-371
-490
-616
-808
-985
-1150
-1290
-1435
-1558
-1457
-1427
-1349
-1239
-997
-670
-562
-240
67
328
442
559
852
879
844
858
911
907
784
816
876
820
857
907
989
1028
1030
1049
963
930
840
679
476
254
65
-206
-444
-586
-736
-890
-953
-882
-792
-698
-505
-297
-121
31
253
421
466
498
500
466
383
299
206
126
72
28
8
65
170
243
329
467
598
673
711
736
731
623
505
366
198
33
-146
-224
-356
-398
-410
-391
-310
-271
-110
-60
53
133
161
221
156
158
53
-46
-126
-232
-318
-407
-419
-422
-397
-316
-206
-97
29
180
325
400
454
492
485
410
320
227
72
-57
-154
-241
-301
-338
-310
-263
-228
-145
-102
-72
-84
-99
-164
-293
-409
-616
-772
-1007
-1203
-1403
-1580
-1688
-1836
-1719
-1653
-1519
-1381
-1139
-720
-575
-211
146
426
594
651
996
1049
990
1007
1060
1123
962
1048
1166
1145
1202
1240
1350
1383
1353
1369
1232
1124
981
721
456
133
-89
-400
-682
-814
-988
-1133
-1222
-1131
-1042
-980
-776
-556
-393
-260
-57
105
149
176
179
178
127
112
124
86
106
155
256
365
495
622
709
822
936
984
968
946
886
761
610
467
291
86
-84
-221
-341
-463
-514
-532
-543
-498
-433
-355
-315
-222
-142
-148
-148
-152
-184
-258
-320
-338
-384
-418
-365
-301
-210
-128
-2
150
274
414
497
565
591
574
543
467
377
260
122
21
-81
-164
-234
-298
-298
-326
-339
-352
-346
-356
-411
-461
-537
-615
-751
-878
-988
-1147
-1266
-1370
-1481
-1546
-1644
-1644
-1678
-1552
-1375
-1334
-1092
-921
-534
-406
-194
245
379
645
683
1082
1210
1121
1320
1372
1523
1381
1455
1558
1463
1466
1445
1465
1393
1264
1186
1022
857
741
480
276
45
-99
-326
-570
-623
-778
-886
-963
-901
-855
-878
-716
-554
-441
-327
-172
32
91
189
301
377
446
452
529
529
600
658
672
730
785
874
859
879
910
885
805
734
675
543
371
230
90
-83
-235
-380
-493
-602
-663
-690
-707
-687
-653
-620
-589
-521
-440
-396
-353
-293
-250
-249
-244
-216
-217
-199
-176
-119
-74
-16
71
142
225
294
362
412
446
477
481
440
380
292
197
87
-9
-108
-207
-283
-345
-384
-410
-443
-478
-504
-513
-537
-571
-590
-633
-693
-772
-815
-881
-985
-1044
-1107
-1111
-1154
-1161
-1126
-1159
-1008
-906
-812
-674
-515
-206
-138
106
418
577
766
797
1139
1224
1184
1328
1323
1429
1287
1353
1423
1307
1294
1197
1182
1083
968
879
695
555
425
201
29
-159
-280
-453
-607
-608
-721
-791
-827
-763
-735
-760
-641
-533
-446
-362
-217
-56
7
109
200
289
368
423
479
499
557
591
608
620
629
651
620
612
604
545
481
412
353
245
113
16
-84
-185
-264
-310
-372
-418
-441
-448
-423
-427
-391
-368
-351
-313
-300
-280
-279
-248
-218
-228
-215
-191
-171
-130
-105
-48
-5
22
83
117
160
185
192
205
202
208
192
141
102
63
22
-11
-48
-90
-136
-181
-214
-239
-285
-330
-367
-411
-454
-493
-543
-600
-642
-683
-728
-741
-765
-766
-771
-759
-703
-709
-685
-677
-670
-661
-675
-578
-564
-549
-486
-353
-198
-148
69
282
441
587
780
1061
1139
1218
1354
1446
1475
1415
1445
1416
1296
1231
1125
1020
877
735
633
471
401
293
151
49
-49
-111
-252
-326
-360
-473
-569
-628
-625
-684
-728
-676
-609
-561
-491
-352
-231
-126
11
154
289
392
472
538
580
629
627
589
548
512
462
387
363
340
294
249
237
235
197
163
152
115
70
29
-38
-106
-204
-263
-351
-425
-479
-564
-601
-636
-620
-605
-594
-533
-498
-443
-380
-310
-226
-203
-145
-98
-75
-43
-46
-33
-46
-50
-34
-26
-7
0
44
69
100
149
161
179
177
167
147
128
88
19
-53
-127
-200
-278
-352
-408
-458
-496
-512
-537
-520
-508
-491
-443
-427
-397
-405
-418
-426
-468
-495
-546
-586
-643
-641
-604
-554
-486
-386
-221
-87
119
342
577
750
898
1083
1174
1240
1267
1292
1280
1191
1146
1063
958
859
755
662
551
470
374
279
188
103
11
-118
-230
-324
-457
-583
-673
-753
-837
-919
-929
-920
-902
-838
-745
-620
-477
-323
-158
-6
137
262
357
444
514
546
545
536
530
507
470
476
461
445
445
437
442
427
413
388
349
299
225
164
83
9
-80
-182
-244
-314
-350
-400
-405
-396
-419
-385
-353
-316
-283
-247
-186
-145
-114
-88
-52
-39
-45
-21
-14
-11
-1
23
61
94
122
153
183
219
236
251
268
261
241
208
172
131
69
-14
-85
-147
-208
-278
-337
-389
-444
-489
-509
-526
-541
-544
-552
-529
-500
-479
-447
-443
-429
-426
-426
-406
-411
-398
-404
-389
-365
-322
-265
-224
-133
-42
78
173
315
451
587
708
815
949
988
1036
1033
1037
1020
938
895
804
720
641
535
459
352
256
166
86
37
-36
-113
-182
-242
-296
-363
-431
-489
-550
-598
-615
-594
-574
-546
-482
-403
-305
-205
-117
-25
64
145
216
289
327
346
350
357
363
336
299
245
207
156
99
61
21
-8
-39
-58
-65
-94
-106
-123
-168
-192
-239
-274
-314
-337
-353
-396
-395
-420
-407
-408
-402
-354
-340
-287
-254
-210
-155
-111
-52
-13
28
82
119
170
221
267
310
344
387
416
449
469
480
489
485
482
473
452
422
379
345
298
253
201
139
90
33
-4
-56
-87
-129
-171
-202
-235
-248
-265
-264
-289
-282
-282
-278
-261
-287
-275
-298
-327
-347
-375
-381
-411
-421
-400
-388
-362
-334
-284
-205
-161
-49
28
109
210
271
377
399
432
443
408
402
344
298
232
155
112
38
11
-30
-77
-94
-128
-136
-162
-203
-217
-247
-282
-325
-353
-370
-399
-418
-438
-433
-415
-398
-348
-293
-218
-124
-41
72
165
252
324
387
440
449
459
450
446
425
404
368
332
283
251
240
225
227
186
190
185
188
188
174
151
98
62
12
-32
-82
-151
-198
-242
-285
-307
-325
-334
-320
-295
-274
-237
-213
-164
-115
-77
-37
-1
25
40
72
96
99
122
145
171
209
238
277
307
330
360
379
394
385
367
346
311
265
201
147
83
5
-68
-139
-194
-240
-294
-323
-330
-342
-339
-333
-318
-311
-314
-305
-302
-302
-310
-321
-319
-332
-329
-328
-323
-306
-305
-280
-245
-199
-154
-103
-54
-3
49
94
161
200
237
256
288
315
320
337
322
324
310
297
280
256
230
211
173
151
121
88
53
1
-33
-92
-131
-181
-223
-251
-289
-301
-307
-317
-311
-302
-285
-257
-213
-168
-122
-67
-8
52
119
171
218
258
287
307
321
328
333
334
334
342
338
336
341
334
310
299
277
255
226
190
159
125
87
30
-8
-53
-104
-144
-185
-214
-245
-268
-260
-250
-225
-207
-178
-134
-85
-38
1
53
88
137
182
230
276
301
331
352
364
372
378
379
371
354
335
303
278
232
183
129
57
-7
-85
-150
-218
-291
-363
-423
-479
-531
-564
-587
-597
-593
-577
-547
-509
-464
-426
-388
-357
-332
-299
-289
-266
-256
-234
-215
-206
-196
-186
-174
-159
-139
-134
-110
-101
-81
-60
-51
-33
-31
-23
1
0
8
0
19
33
31
59
56
81
88
104
123
121
124
137
149
148
156
159
158
141
136
124
126
129
117
123
115
118
124
128
138
158
162
173
210
223
246
265
295
315
328
349
359
378
374
381
387
380
383
372
365
350
329
317
292
273
242
186
151
109
64
25
-13
-53
-88
-127
-156
-179
-218
-229
-244
-241
-241
-242
-223
-215
-181
-164
-140
-111
-82
-51
-19
10
22
45
41
53
53
41
25
8
-14
-56
-92
-139
-169
-212
-247
-272
-310
-328
-356
-375
-402
-411
-414
-427
-413
-405
-389
-365
-330
-304
-278
-238
-195
-155
-118
-69
-41
-5
13
35
64
66
91
100
108
110
100
92
70
57
34
1
-22
-38
-60
-87
-108
-137
-151
-166
-170
-166
-164
-135
-118
-102
-78
-50
-23
-2
22
50
60
66
86
103
121
136
156
169
175
198
212
229
237
253
250
243
252
233
230
227
220
212
201
199
199
205
224
242
267
283
296
316
325
324
326
325
320
309
298
274
242
229
194
176
149
129
105
77
69
35
9
-13
-25
-47
-73
-100
-123
-154
-176
-193
-201
-200
-205
-188
-172
-158
-130
-111
-101
-78
-63
-43
-29
-10
5
-19
-17
-33
-59
-73
-94
-109
-131
-155
-179
-196
-210
-207
-214
-212
-204
-209
-201
-196
-194
-178
-183
-181
-164
-168
-169
-162
-147
-133
-122
-101
-101
-91
-79
-67
-48
-32
-24
-28
-39
-52
-60
-78
-86
-90
-109
-119
-129
-149
-157
-167
-166
-167
-177
-165
-159
-164
-168
-166
-159
-165
-162
-166
-171
-153
-140
-117
-102
-69
-42
-21
24
68
110
156
187
221
257
266
302
323
333
348
356
365
366
368
368
365
372
369
384
373
374
376
363
365
352
343
317
294
274
233
213
187
154
129
103
68
40
3
-18
-41
-64
-70
-84
-96
-118
-125
-135
-155
-168
-174
-185
-207
-215
-233
-243
-245
-248
-239
-244
-231
-231
-220
-202
-197
-173
-171
-157
-154
-149
-139
-141
-135
-139
-143
-142
-145
-143
-134
-134
-122
-112
-97
-61
-33
2
17
46
68
74
89
91
100
99
88
89
89
81
76
74
76
83
91
99
111
127
130
134
125
107
96
69
57
39
10
-17
-49
-63
-96
-106
-110
-110
-103
-93
-77
-68
-53
-46
-37
-26
-22
-10
-16
-27
-36
-48
-49
-58
-47
-46
-55
-43
-36
-26
-20
-3
18
14
31
42
42
54
62
64
70
64
68
73
81
93
111
138
154
186
207
231
261
271
280
282
273
262
248
229
190
164
138
92
64
33
8
-16
-43
-42
-45
-62
-67
-96
-110
-122
-140
-143
-167
-173
-207
-240
-248
-272
-273
-274
-239
-207
-196
-155
-127
-79
-61
-39
-6
12
40
64
81
69
71
66
52
45
42
36
35
49
64
67
72
86
94
109
114
131
139
138
139
145
151
132
123
117
102
101
100
97
87
67
58
43
22
18
14
2
2
-14
-28
-45
-64
-80
-106
-123
-139
-162
-182
-196
-202
-225
-228
-229
-228
-227
-225
-194
-189
-166
-134
-116
-93
-73
-54
-61
-56
-45
-47
-55
-71
-79
-87
-90
-92
-87
-69
-52
-32
-6
16
44
79
100
142
167
193
213
228
242
248
254
264
271
262
257
247
248
238
226
216
200
181
155
137
119
88
61
29
-9
-45
-76
-95
-121
-134
-137
-152
-156
-160
-157
-165
-162
-157
-155
-149
-156
-156
-163
-163
-165
-164
-162
-162
-152
-157
-144
-123
-112
-94
-86
-57
-39
-28
-12
-4
14
12
24
34
39
47
51
57
48
50
61
58
66
81
97
117
136
152
158
174
183
170
171
165
159
145
132
122
98
79
64
49
36
17
13
15
1
-7
-11
-27
-39
-48
-66
-87
-111
-128
-149
-172
-188
-213
-234
-242
-240
-240
-232
-222
-198
-186
-179
-154
-140
-114
-106
-78
-55
-40
-18
-11
13
18
35
51
61
81
100
125
136
147
157
171
181
197
206
221
234
227
228
214
208
199
183
181
181
177
156
143
136
114
104
95
84
72
61
43
22
-8
-30
-53
-74
-91
-109
-116
-130
-141
-150
-150
-153
-151
-141
-137
-128
-123
-121
-118
-114
-114
-115
-126
-125
-116
-118
-115
-100
-94
-93
-85
-72
-60
-57
-38
-16
-10
-2
10
6
-9
-12
-23
-36
-41
-44
-45
-40
-28
-20
-12
-3
14
29
43
62
89
101
105
109
112
101
88
99
92
80
77
76
60
47
52
43
43
49
51
49
35
17
-1
-17
-34
-44
-50
-52
-56
-61
-79
-100
-107
-113
-124
-118
-105
-93
-93
-83
-71
-65
-46
-32
-16
5
34
54
67
82
92
96
109
119
124
131
134
137
140
145
157
162
178
194
208
217
215
209
204
200
187
170
153
139
120
94
67
41
22
1
-19
-43
-62
-78
-93
-100
-110
-111
-118
-132
-131
-137
-142
-154
-157
-159
-153
-145
-155
-165
-170
-164
-162
-164
-157
-146
-135
-130
-122
-113
-105
-95
-72
-51
-34
-20
-10
-17
-23
-21
-22
-23
-27
-22
-24
-29
-38
-41
-36
-37
-24
-13
-1
12
19
16
9
9
9
8
7
12
14
12
14
5
-2
3
13
16
26
40
47
53
56
56
58
59
71
74
74
70
66
66
63
70
72
70
67
67
64
53
45
37
29
21
15
7
-5
-8
-20
-27
-35
-35
-37
-30
-16
-11
11
29
48
62
75
89
101
104
104
109
114
123
127
134
137
136
132
125
120
117
113
104
98
95
86
74
67
59
52
38
33
17
4
1
-15
-25
-36
-37
-48
-55
-56
-69
-88
-97
-101
-99
-93
-91
-84
-79
-81
-88
-102
-111
-119
-122
-121
-123
-117
-115
-117
-109
-98
-90
-79
-62
-48
-38
-30
-29
-33
-26
-21
-21
-23
-20
-22
-28
-32
-38
-45
-43
-39
-37
-35
-32
-26
-26
-23
-24
-24
-15
-12
-2
0
-1
2
-1
-3
-9
-10
-14
-18
-15
-13
-7
1
10
18
21
27
32
32
39
45
49
53
63
69
71
73
78
76
73
73
70
70
57
52
52
47
47
43
41
40
36
28
20
15
16
10
6
7
5
2
-10
-17
-23
-27
-22
-19
-15
-22
-22
-23
-25
-25
-31
-29
-25
-19
-12
-10
-6
-6
-2
7
15
14
17
21
21
21
15
10
3
-2
-5
-11
-14
-18
-18
-20
-23
-26
-26
-25
-30
-29
-33
-39
-46
-50
-58
-62
-58
-56
-50
-41
-28
-20
-13
-3
5
9
12
15
20
28
30
27
26
25
21
18
15
18
25
29
35
39
37
39
39
39
40
42
48
45
41
38
33
24
19
15
12
12
9
4
-3
-7
-12
-17
-17
-16
-17
-22
-26
-30
-34
-37
-38
-34
-26
-16
-7
1
7
17
25
26
31
37
45
48
53
60
62
68
70
75
83
87
88
85
82
77
71
57
41
29
16
-1
-16
-31
-45
-54
-65
-75
-86
-95
-97
-105
-102
-106
-106
-104
-101
-98
-100
-95
-92
-87
-76
-67
-58
-52
-46
-40
-28
-22
-14
-6
5
13
14
19
15
15
14
16
20
21
19
15
13
10
2
-4
-4
-7
-4
-1
5
6
7
8
7
10
14
18
22
25
26
27
23
22
20
23
28
33
39
44
48
54
59
63
67
70
74
79
83
82
77
75
73
72
66
61
55
46
39
30
22
16
6
-1
-8
-15
-22
-34
-42
-49
-58
-63
-70
-75
-76
-75
-70
-65
-59
-55
-48
-41
-37
-32
-28
-27
-25
-22
-17
-12
-12
-11
-7
0
8
17
29
37
44
49
51
49
44
38
30
22
14
2
-10
-22
-31
-40
-49
-55
-59
-63
-67
-73
-78
-84
-87
-92
-95
-97
-100
-106
-111
-113
-113
-110
-105
-97
-89
-76
-64
-53
-42
-29
-16
-3
11
25
36
46
54
61
69
74
79
84
88
93
93
95
97
97
96
95
96
90
82
74
67
63
56
50
44
41
39
39
39
40
44
50
57
62
67
72
77
82
87
90
91
91
88
86
82
78
76
70
68
64
58
52
43
35
26
21
17
14
6
-2
-11
-24
-33
-46
-56
-65
-72
-77
-81
-82
-86
-87
-85
-80
-75
-72
-70
-68
-70
-71
-73
-79
-83
-86
-87
-89
-90
-91
-89
-86
-78
-67
-58
-51
-41
-34
-27
-21
-17
-14
-17
-14
-15
-15
-14
-13
-11
-11
-10
-13
-15
-20
-23
-30
-36
-41
-50
-59
-68
-77
-86
-93
-96
-99
-98
-94
-89
-83
-77
-70
-63
-55
-46
-41
-34
-30
-25
-20
-16
-12
-5
1
9
18
27
34
39
48
55
61
68
71
74
75
76
74
73
71
71
72
74
76
78
82
86
93
98
103
105
108
111
113
115
114
113
112
111
107
106
102
97
90
85
81
76
71
65
58
51
46
44
39
35
34
30
29
25
23
19
14
13
10
4
-2
-9
-16
-20
-25
-28
-34
-39
-43
-48
-53
-57
-60
-64
-68
-69
-71
-73
-75
-75
-74
-71
-69
-65
-62
-58
-54
-52
-49
-46
-43
-41
-38
-33
-31
-29
-27
-25
-20
-17
-12
-10
-7
-5
-4
-5
-8
-13
-17
-24
-29
-36
-44
-50
-57
-60
-62
-64
-61
-63
-62
-61
-61
-60
-61
-63
-65
-68
-71
-75
-80
-84
-89
-88
-87
-85
-81
-77
-68
-59
-50
-41
-33
-25
-15
-8
0
7
14
21
30
38
46
55
64
72
81
87
93
96
98
98
94
91
87
81
75
69
65
61
57
54
50
49
49
50
49
50
52
52
49
47
43
40
38
37
36
35
38
38
40
43
46
49
52
53
53
53
49
48
43
39
35
31
25
21
18
14
13
12
12
11
11
11
11
10
10
9
6
5
3
2
-1
-4
-7
-9
-12
-14
-16
-20
-22
-23
-24
