44
45
56
90
59
248
256
23
-11
-65
-20
-35
36
153
-74
-163
-186
-165
-81
-18
103
85
-82
-58
-71
-145
-31
-84
-19
-7
-12
44
-20
36
1
-18
-7
90
46
40
83
-14
81
-8
47
60
-13
61
72
-13
68
44
-37
258
201
-33
-42
-70
-50
-148
59
72
-143
-239
-275
-267
-168
-53
81
88
57
67
-120
-91
-155
-99
29
10
112
57
-116
-68
-123
-127
9
47
123
143
31
35
-133
17
-89
-78
195
-69
112
44
-105
-138
-214
-27
-51
-73
90
55
-137
135
-53
-45
161
17
129
138
74
55
-10
32
18
-110
36
-88
-199
-115
-166
-22
-109
-111
-38
-212
-53
-126
-128
-59
-82
-30
44
54
79
62
94
74
46
159
240
123
176
204
-85
30
80
-2
139
146
383
187
-27
81
-39
-45
-19
207
205
-9
-12
-253
-278
-283
-179
-38
-112
29
-171
-164
-139
-362
-119
-78
-10
195
204
200
-48
-20
-116
-150
165
262
254
331
200
-36
-77
15
-9
159
256
306
107
-146
-74
-278
-232
-111
44
84
-12
-60
-153
-272
-241
-144
-130
11
22
71
-36
-78
-46
-176
35
115
163
186
186
122
-64
-81
-66
-20
58
230
182
117
42
-162
-244
-197
13
56
168
186
10
-104
-176
-180
-35
133
181
271
225
72
-122
-133
-81
1
215
268
302
164
-22
-154
-148
-4
48
175
282
202
20
-15
-236
-215
-82
62
233
227
181
-115
-260
-302
-151
41
260
298
155
27
-214
-170
-168
9
189
181
205
55
-98
-177
-176
-115
104
158
181
122
-107
-164
-190
-123
-27
63
127
48
-7
-78
-166
-201
-72
42
193
212
127
-18
-189
-207
-160
8
123
214
139
12
-124
-155
-86
-36
133
218
121
15
-74
-186
-173
-129
-34
65
10
-3
-125
-210
-206
-194
-76
-36
97
120
72
20
-98
-157
-95
92
275
322
266
85
-110
-145
-108
98
217
260
213
39
-110
-204
-138
-51
50
137
89
5
-165
-252
-233
-170
14
105
143
73
-107
-192
-252
-122
30
107
165
87
-26
-113
-150
-88
-11
68
146
92
18
-78
-190
-140
-33
49
116
107
28
-90
-183
-166
-148
-97
-12
-12
-31
-24
-104
-176
-146
-98
-25
55
128
53
-26
-105
-125
-43
3
122
96
-10
-84
-141
-91
-51
76
126
66
-1
-73
-71
-62
22
133
147
102
33
-44
-82
-36
50
126
210
215
155
55
-9
28
78
206
302
277
182
118
76
52
119
153
215
196
135
115
18
-23
16
-4
101
185
188
150
32
-8
-60
-13
181
187
220
166
23
-60
-125
-11
12
115
179
113
-2
-82
-101
-130
-50
19
38
-46
-132
-123
-221
-248
-210
-283
-289
-246
-238
-211
-276
-340
-404
-447
-369
-324
-305
-362
-408
-452
-457
-396
-342
-365
-361
-334
-327
-331
-338
-315
-376
-337
-275
-188
-192
-289
-268
-326
-273
-198
-194
-82
-176
-126
-94
-77
50
31
107
231
340
468
526
502
565
558
800
944
1052
1044
826
832
806
946
1090
1035
962
753
645
673
668
694
550
496
396
319
290
153
81
-44
-49
10
-5
-22
-138
-214
-158
-83
61
157
123
95
44
130
202
292
312
278
276
235
234
238
162
67
30
-23
-23
-154
-268
-360
-539
-517
-521
-518
-555
-696
-735
-788
-807
-729
-704
-799
-747
-718
-729
-662
-674
-617
-655
-571
-530
-602
-535
-579
-590
-588
-585
-544
-680
-655
-724
-765
-712
-772
-717
-909
-651
-421
-307
-207
-338
-160
-338
-105
426
634
783
491
612
495
657
1047
1264
1470
1261
1200
1103
1079
1137
1027
1049
1017
859
705
526
413
69
-126
-89
-52
-24
-171
-274
-516
-632
-538
-378
-39
74
133
64
67
111
201
487
783
920
911
848
799
749
763
884
1004
983
850
695
479
290
164
136
84
6
-157
-367
-549
-702
-752
-782
-665
-669
-754
-754
-821
-777
-767
-646
-512
-407
-435
-379
-382
-436
-285
-202
-46
-77
-37
-173
-227
-156
-186
20
-138
-202
-400
-551
-422
-614
-376
-389
-584
-672
-877
-758
-799
-821
-621
-619
-715
-752
-743
-600
-700
-615
-372
-493
-485
-372
-183
-57
-166
-24
-10
0
95
199
510
487
459
365
396
602
567
749
826
808
746
569
751
684
594
559
550
590
450
395
356
258
69
5
124
104
17
-111
-98
-57
-67
-35
-12
82
71
157
253
336
355
332
412
432
598
708
678
690
635
691
624
693
777
690
601
527
527
420
269
262
239
96
62
107
44
-109
-219
-194
-249
-296
-242
-216
-197
-305
-344
-294
-262
-343
-334
-230
-191
-319
-344
-287
-285
-344
-321
-204
-238
-278
-271
-142
-188
-227
-118
-129
-157
-162
-75
-61
-119
-137
-124
-147
-157
-152
-143
-165
-177
-167
-158
-167
-176
-148
-169
-162
-190
-186
-152
-185
-215
-206
-200
-186
-184
-191
-186
-179
-168
-175
-171
-125
-96
-71
-61
-98
-100
-110
-115
-73
-51
-41
-66
-98
-111
-106
-76
-53
-57
-56
-51
-29
5
6
24
49
45
74
117
156
165
172
193
214
260
270
328
388
403
405
402
408
392
384
371
374
362
338
316
282
253
229
190
191
181
151
123
91
84
76
40
35
40
14
-4
-34
-23
-19
-3
17
25
44
21
35
32
23
40
32
23
12
22
18
-20
-43
-82
-123
-124
-118
-123
-162
-178
-226
-249
-239
-231
-217
-222
-266
-285
-298
-317
-349
-362
-324
-311
-282
-273
-295
-336
-354
-333
-298
-261
-217
-191
-185
-188
-149
-118
-89
-61
-5
33
42
82
105
115
121
172
206
235
253
275
298
268
266
295
288
289
287
282
267
249
285
293
403
391
276
108
94
219
156
178
208
146
-97
-177
-20
1
-19
92
133
-38
-202
-126
-65
-129
-56
118
90
-34
22
3
-104
-32
135
32
-35
139
66
-98
-52
99
8
-203
77
120
-146
-188
23
-135
-466
-309
-38
-129
-398
-134
-30
-284
-413
-266
-157
-231
-99
-14
-142
-202
-265
-313
-169
-26
73
-92
-133
-19
-277
-286
-58
84
-174
-115
138
-68
-327
-15
155
-290
-169
238
23
-388
-48
247
-200
-259
351
202
-359
60
149
-60
-122
2
93
-223
-4
81
-52
109
-121
-208
-26
-29
17
152
279
-91
-156
53
9
83
175
186
133
-111
95
111
73
102
122
266
-49
22
202
7
-46
171
225
-114
-172
166
-43
-299
54
267
-17
-230
-84
105
-133
-121
240
124
1
-126
67
134
-32
113
222
143
115
149
243
-35
-45
179
104
162
202
239
23
-89
40
157
183
190
292
161
125
183
225
345
424
466
384
352
353
282
183
415
531
352
348
320
168
11
114
289
188
40
120
24
-249
-151
-21
-118
-203
-149
-7
-140
-306
-115
-140
-221
-224
-25
-69
-324
-251
-85
-11
-77
79
140
-72
-231
-88
196
21
13
59
-111
-185
-218
-163
-72
-239
-175
-141
-296
-293
-399
-429
-369
-422
-309
-302
-388
-401
-486
-540
-530
-338
-223
-283
-337
-337
-388
-590
-474
-168
-206
-274
-151
-116
-384
-536
-271
-210
-367
-151
-134
-240
-516
-500
-304
-443
-408
-186
-130
-211
-239
-191
-189
-191
31
249
293
352
354
252
254
422
527
648
802
818
651
556
655
665
610
750
815
611
455
416
336
208
207
296
281
208
210
132
-47
-80
28
57
101
169
161
88
83
147
165
200
317
470
489
475
459
320
303
382
533
608
481
408
295
118
73
176
281
186
104
14
-204
-267
-248
-229
-137
-113
-113
-225
-430
-402
-355
-384
-244
-64
-152
-235
-501
-430
-239
-332
-25
69
-80
-392
-447
-185
-337
-264
-30
-34
-359
-606
-481
-551
-534
-330
-200
-319
-651
-666
-675
-675
-558
-398
-287
-480
-652
-627
-664
-612
-485
-463
-397
-498
-645
-683
-638
-450
-218
-192
-218
-314
-443
-383
-229
82
278
292
72
-52
76
201
461
649
757
624
459
470
556
633
663
710
666
553
471
387
265
240
252
252
287
230
-41
-251
-242
-137
-46
-29
-50
-136
-240
-251
-75
61
98
94
146
250
283
388
538
574
657
791
885
801
789
838
781
807
896
898
689
578
570
529
483
478
486
310
156
141
56
38
-57
-61
-72
-158
-208
-286
-239
-375
-289
-57
-186
-313
-352
-439
-529
-129
59
-112
-191
-318
-353
-354
-25
205
-92
-165
-119
-317
-438
-330
-26
-300
-468
-244
-476
-689
-773
-574
-547
-709
-556
-632
-909
-937
-929
-888
-817
-857
-976
-965
-659
-385
-442
-686
-590
-495
-449
53
537
509
-70
-244
61
455
859
1081
1136
777
411
539
909
1212
1216
952
753
661
610
557
657
655
421
232
206
205
-83
-294
-190
-99
-112
-176
-279
-460
-507
-359
-72
80
22
-108
-202
-58
187
397
569
549
376
287
521
726
889
1031
945
790
603
777
935
919
940
756
606
429
484
590
464
384
160
50
-13
-74
11
-95
-188
-350
-460
-397
-505
-467
-471
-479
-489
-604
-560
-639
-664
-609
-599
-493
-520
-634
-557
-570
-557
-265
-254
-363
-439
-381
-350
-421
-269
-297
-508
-546
-544
-581
-607
-586
-694
-803
-746
-841
-916
-938
-989
-1072
-1207
-1130
-1192
-884
-435
-522
-951
-1102
-634
-527
-219
494
702
-17
-583
-23
646
985
1289
1513
1185
470
624
1439
1850
1762
1452
1200
928
876
1072
1169
1066
732
348
155
277
232
-102
-190
-93
-185
-446
-506
-498
-549
-396
-147
-56
-235
-335
-277
-77
277
466
511
344
333
481
711
1063
1088
970
790
917
1250
1201
1125
929
905
835
808
1104
876
467
119
209
442
370
317
4
-306
-551
-529
-288
-332
-539
-850
-982
-948
-893
-781
-838
-923
-1082
-1067
-965
-884
-696
-780
-760
-705
-612
-659
-610
-350
-340
-225
-243
-234
-391
-428
-250
-182
-98
-348
-522
-591
-600
-564
-554
-581
-769
-1016
-1066
-1022
-1075
-1181
-1347
-1379
-1386
-914
-482
-628
-1093
-1228
-758
-416
143
708
662
-68
-559
153
1054
1436
1641
1662
1250
762
1060
1875
2156
1957
1604
1262
1098
1051
1163
1269
1121
727
282
103
147
69
-126
-176
-157
-382
-692
-710
-594
-561
-391
-258
-317
-556
-609
-312
23
301
375
320
239
246
540
837
1094
1089
851
791
896
1449
1514
1254
941
890
1139
933
1284
1368
845
248
86
709
668
505
378
28
-260
-610
-277
-5
-261
-619
-986
-909
-928
-968
-832
-829
-958
-1250
-1217
-892
-800
-818
-859
-779
-714
-724
-500
-261
-301
-398
-328
-252
-266
-278
-10
-98
-227
-183
-353
-447
-405
-320
-414
-586
-647
-926
-1165
-1085
-1003
-1164
-1409
-1540
-1685
-1697
-1039
-552
-843
-1581
-1604
-920
-574
-53
557
382
-380
-714
245
1182
1405
1528
1385
1082
737
1135
1941
2096
1834
1356
1096
1096
1197
1248
1188
999
581
189
26
166
138
-133
-328
-368
-528
-832
-773
-563
-482
-433
-442
-488
-668
-492
-73
188
296
187
135
187
379
724
902
999
909
799
789
1108
1340
1319
1304
1234
1162
864
1001
1258
1238
1067
697
612
457
448
596
568
397
-69
-265
-224
-171
-148
-321
-505
-757
-948
-893
-765
-759
-996
-1157
-1173
-1097
-1004
-915
-833
-841
-868
-845
-659
-499
-398
-347
-384
-270
-243
-209
-107
-24
5
-173
-172
-111
-232
-295
-315
-331
-487
-632
-673
-841
-993
-1169
-1291
-1386
-1466
-1165
-746
-886
-1519
-1819
-1187
-562
-390
-63
19
-381
-959
-384
898
1203
1048
868
961
849
871
1631
2012
1818
1295
1103
1264
1257
1312
1318
1205
822
308
170
352
442
183
-156
-305
-378
-546
-549
-405
-355
-396
-500
-454
-427
-411
-159
83
279
229
197
348
452
660
815
985
991
820
814
955
1085
1172
1216
1181
1004
833
867
903
948
982
791
565
385
395
378
368
349
112
-74
-196
-219
-228
-321
-405
-612
-785
-792
-815
-829
-951
-1044
-1116
-1196
-1128
-1067
-1031
-1060
-1038
-968
-872
-741
-625
-584
-548
-325
-273
-283
-263
-199
-127
-74
-72
-9
-94
-240
-174
-205
-222
-282
-401
-502
-653
-754
-800
-941
-1183
-1285
-1350
-990
-466
-671
-1253
-1668
-1078
-391
-278
117
201
-254
-860
-347
967
1223
991
951
934
685
694
1436
1908
1622
1104
944
1029
1012
1137
1183
1036
661
209
100
207
330
106
-240
-389
-369
-430
-463
-344
-404
-404
-387
-386
-363
-317
-29
170
212
193
179
307
460
672
772
795
754
680
766
926
1009
1014
1034
1031
888
757
783
855
892
843
720
569
363
350
359
475
394
163
90
-60
-136
-251
-263
-273
-479
-625
-748
-790
-861
-980
-945
-1004
-1117
-1165
-1132
-1050
-1065
-1025
-1011
-966
-789
-693
-608
-524
-398
-415
-373
-173
-202
-67
-138
-154
-53
-149
-87
-156
-116
-240
-471
-405
-486
-622
-728
-863
-1054
-1350
-1303
-1015
-627
-634
-1204
-1702
-1393
-655
-441
-265
-64
-253
-861
-697
454
962
814
725
890
747
639
1268
1787
1748
1296
979
1059
1124
1298
1313
1124
849
492
268
401
622
421
-5
-162
-48
-131
-257
-194
-153
-194
-170
-70
-92
-198
18
240
368
363
305
410
494
694
776
809
795
698
723
799
932
848
815
909
928
775
558
656
702
735
745
645
491
237
267
372
416
380
180
65
-147
-234
-180
-161
-236
-448
-614
-767
-843
-827
-780
-811
-989
-1149
-1161
-1056
-1004
-1015
-1003
-1013
-976
-858
-671
-595
-606
-523
-408
-207
-118
-120
-59
-45
44
24
176
146
-42
-71
-91
-144
-349
-359
-435
-719
-811
-929
-1135
-1217
-977
-482
-712
-1303
-1614
-1179
-486
-483
-346
-185
-368
-864
-608
458
809
598
589
852
707
552
1138
1737
1659
1202
995
1089
1210
1290
1326
1251
917
518
372
615
763
460
68
-30
35
-61
-147
-50
-81
-166
-139
-87
-163
-232
27
216
212
76
33
214
381
458
373
361
462
433
437
480
551
478
370
569
621
422
128
283
563
420
390
372
300
74
86
338
299
226
185
158
-11
-172
-71
34
-43
-247
-419
-521
-602
-541
-494
-597
-826
-1010
-1037
-940
-823
-844
-969
-1064
-974
-865
-804
-728
-706
-652
-526
-373
-288
-248
-176
-172
-108
99
179
66
32
9
-32
13
59
-81
-280
-424
-525
-603
-759
-784
-791
-545
-410
-780
-1273
-1347
-537
-183
-506
-421
-256
-429
-891
-203
811
682
382
530
796
557
649
1481
1752
1311
900
974
1119
1162
1325
1275
1001
669
441
508
740
727
332
31
-10
12
-81
-128
-95
-181
-157
-168
-223
-334
-215
139
80
-135
-167
70
264
214
246
219
253
315
389
450
359
286
244
343
424
419
269
157
311
341
280
188
410
549
297
223
271
466
363
291
402
213
73
35
253
259
-42
-184
-252
-252
-333
-359
-374
-552
-748
-842
-776
-724
-822
-916
-960
-951
-898
-786
-699
-675
-705
-685
-546
-341
-182
-195
-189
-146
-61
26
110
161
27
-66
30
1
6
-107
-275
-339
-564
-610
-687
-764
-835
-836
-463
-573
-1065
-1370
-898
-308
-573
-597
-367
-345
-741
-624
337
508
225
344
680
634
391
901
1377
1230
942
833
986
1040
1127
1136
951
752
572
506
602
746
455
44
33
196
103
-175
-110
6
-54
-146
-223
-207
-212
-22
73
-29
-64
-38
183
251
201
192
235
436
422
320
256
322
379
304
392
423
355
278
331
472
348
374
505
513
464
392
519
484
488
535
398
283
184
260
286
166
81
-44
-126
-201
-236
-260
-375
-505
-620
-678
-684
-722
-809
-886
-934
-907
-860
-843
-794
-779
-733
-609
-510
-417
-355
-265
-157
-124
-36
39
73
68
12
-4
-9
77
20
-137
-275
-250
-306
-532
-675
-811
-852
-909
-665
-502
-829
-1289
-1393
-753
-469
-668
-497
-361
-508
-947
-456
402
425
345
381
490
402
556
1186
1337
1118
874
815
964
1159
1251
1073
837
724
661
621
701
658
335
146
163
172
49
-40
7
-97
-119
-120
-138
-120
-44
34
-120
-161
7
150
192
117
104
118
237
340
252
149
225
289
199
154
294
340
232
211
231
252
190
320
429
340
318
265
364
397
387
386
288
332
276
198
183
105
65
-34
-85
-156
-258
-282
-332
-402
-551
-642
-640
-607
-576
-647
-736
-775
-739
-681
-659
-606
-557
-508
-474
-387
-295
-213
-122
-83
6
48
125
174
132
149
168
140
100
13
-6
-172
-258
-294
-429
-589
-792
-794
-760
-599
-675
-999
-1336
-1058
-439
-627
-838
-674
-432
-731
-908
-52
309
22
4
310
424
249
686
1211
1037
738
682
904
1053
1143
1091
797
689
708
678
647
669
482
151
123
248
223
22
-17
-70
-165
-101
-54
-55
-208
-109
-8
-60
29
97
154
101
104
217
219
298
315
323
333
332
315
264
354
409
388
281
232
279
319
387
388
378
294
289
343
348
353
356
369
259
197
185
193
190
100
15
-71
-103
-136
-198
-230
-326
-401
-431
-436
-484
-552
-602
-613
-596
-615
-617
-605
-584
-557
-561
-523
-433
-359
-325
-315
-232
-121
-35
26
22
6
13
67
123
70
34
-62
-210
-250
-199
-240
-494
-711
-715
-756
-851
-649
-557
-840
-1317
-1126
-420
-497
-836
-694
-376
-573
-865
-163
372
131
-13
284
531
350
595
1128
1085
853
852
1035
1108
1162
1229
998
833
938
902
730
642
608
400
223
296
270
41
-83
-51
-62
-79
-130
-188
-254
-143
2
-51
-82
-15
80
99
85
139
183
257
297
250
213
233
265
244
241
287
239
156
76
144
231
183
101
57
133
110
103
145
137
103
26
73
67
66
55
-39
-68
-132
-131
-115
-142
-175
-288
-367
-389
-369
-339
-415
-487
-529
-515
-482
-466
-443
-447
-501
-537
-448
-308
-247
-284
-308
-237
-148
13
31
-39
-25
44
112
30
74
76
7
-73
-152
-172
-282
-327
-423
-568
-786
-807
-707
-786
-676
-788
-991
-1234
-934
-385
-703
-871
-597
-369
-588
-648
131
303
47
186
479
497
405
910
1222
972
874
988
1081
1112
1247
1180
896
854
898
778
626
656
539
297
189
209
179
51
55
-53
-131
-24
-45
-101
-165
-5
41
-39
68
179
233
148
144
247
333
409
323
219
223
281
283
261
233
242
178
73
42
79
147
54
-27
12
16
-7
-2
72
47
-39
-4
49
34
-15
9
45
-17
-64
-12
42
17
-18
-66
-139
-187
-157
-119
-175
-242
-298
-333
-300
-270
-289
-330
-334
-289
-253
-219
-188
-165
-179
-145
-72
18
26
14
29
37
57
35
31
30
-78
-156
-225
-265
-330
-401
-537
-745
-836
-785
-751
-904
-784
-734
-1014
-1281
-999
-374
-589
-953
-689
-381
-575
-756
-63
332
27
-27
287
452
385
692
1028
855
715
802
920
978
1039
959
653
603
709
574
331
406
469
177
-27
79
208
49
-58
-50
-49
61
49
-9
-65
31
146
106
179
297
275
160
195
403
474
436
373
306
269
263
327
304
258
198
5
-56
23
183
95
-129
-97
-112
-128
-102
15
44
-110
-65
56
66
80
122
141
67
47
151
206
186
93
13
9
30
31
-14
-76
-127
-162
-175
-143
-126
-165
-232
-250
-184
-150
-102
-102
-121
-133
-147
-48
-8
-29
-62
-69
-25
-16
11
12
-47
-118
-158
-145
-197
-293
-334
-401
-543
-688
-732
-780
-858
-872
-866
-742
-787
-982
-1192
-890
-432
-669
-821
-540
-313
-635
-696
39
255
-47
-18
288
338
248
646
861
589
481
587
653
645
768
711
429
415
501
364
255
419
358
61
-26
148
193
20
22
26
31
73
44
20
26
227
255
110
159
292
349
280
288
340
337
352
343
275
210
211
201
81
116
108
-55
-162
-86
24
-150
-203
-64
-72
-138
-97
120
116
52
154
232
268
263
351
382
329
339
346
397
364
276
219
178
202
150
110
95
25
-52
-93
-69
-82
-145
-205
-225
-221
-237
-218
-239
-239
-274
-262
-181
-169
-151
-183
-174
-159
-135
-103
-118
-128
-168
-194
-224
-260
-268
-311
-446
-567
-601
-611
-656
-754
-811
-855
-850
-682
-656
-852
-1084
-840
-463
-605
-725
-560
-390
-582
-601
-58
98
-77
-32
195
250
199
459
645
531
496
562
583
634
780
756
558
512
594
563
516
592
480
295
291
414
411
261
250
261
259
313
274
218
206
344
356
235
272
400
418
275
208
242
284
263
168
66
27
51
17
-6
61
-13
-118
-147
-19
5
-125
-21
19
-24
-70
76
276
203
204
219
274
336
380
465
411
362
351
379
422
373
311
237
186
131
63
40
-7
-64
-182
-270
-270
-267
-282
-353
-409
-407
-362
-333
-354
-365
-384
-351
-274
-223
-249
-266
-171
-124
-162
-193
-100
-54
-164
-191
-134
-143
-266
-321
-317
-375
-486
-551
-540
-629
-736
-743
-713
-752
-753
-713
-750
-868
-728
-476
-613
-727
-502
-300
-425
-453
-81
52
-95
34
248
263
254
459
613
505
544
667
684
692
757
759
656
687
756
648
586
674
642
491
457
537
515
427
428
412
361
374
354
294
273
324
296
190
219
280
217
143
140
128
58
2
7
-44
-104
-129
-153
-126
-120
-135
-188
-230
-172
-119
-45
-30
-78
-69
-38
82
191
190
181
171
232
252
272
339
330
277
210
186
221
235
187
74
-26
-64
-98
-121
-188
-281
-357
-407
-429
-434
-440
-495
-543
-500
-451
-467
-489
-470
-428
-408
-380
-302
-264
-278
-287
-242
-162
-121
-117
-132
-166
-170
-211
-220
-203
-252
-346
-447
-460
-511
-552
-607
-687
-742
-782
-749
-778
-757
-658
-678
-817
-803
-525
-461
-609
-493
-282
-308
-415
-148
123
74
111
304
405
394
530
727
723
737
840
894
910
984
1018
919
917
998
947
822
825
867
755
630
639
654
582
501
451
424
463
448
356
254
269
317
255
218
218
200
130
59
55
50
38
-12
-77
-100
-117
-135
-154
-68
-81
-213
-220
-77
43
-79
-69
58
66
63
62
163
178
155
192
176
187
183
173
179
129
104
75
61
65
-17
-74
-103
-124
-151
-214
-293
-345
-365
-372
-382
-393
-390
-452
-489
-456
-391
-345
-370
-353
-351
-332
-250
-206
-161
-150
-136
-131
-148
-81
-44
-81
-174
-214
-141
-174
-256
-308
-363
-387
-439
-498
-566
-587
-620
-710
-740
-737
-730
-772
-792
-698
-622
-694
-782
-615
-428
-497
-531
-306
-159
-244
-232
50
215
178
289
458
502
544
697
811
770
808
914
918
942
975
921
879
911
948
859
806
831
761
672
645
661
623
536
473
433
417
433
380
249
185
205
210
127
84
96
56
19
-1
-15
-11
-24
-29
-69
-96
-101
-72
31
-35
-118
-132
25
84
-48
16
85
86
53
107
202
149
139
184
173
178
153
189
198
114
71
44
77
55
-41
-100
-117
-120
-204
-266
-261
-287
-374
-429
-411
-421
-466
-536
-554
-532
-460
-450
-513
-510
-459
-363
-374
-375
-326
-313
-275
-231
-201
-212
-217
-177
-191
-201
-160
-163
-193
-264
-292
-305
-310
-326
-379
-422
-478
-494
-524
-534
-529
-560
-571
-483
-436
-534
-592
-364
-195
-333
-323
-111
-23
-120
-1
274
281
265
418
498
478
580
767
782
712
819
868
846
921
967
878
778
833
822
695
674
692
583
477
482
465
382
341
326
221
172
210
163
46
-5
28
-13
-77
-79
-99
-150
-161
-176
-202
-197
-161
-187
-235
-211
-206
-198
-172
-100
-94
-167
-161
-48
53
-2
-37
46
81
64
81
166
193
154
167
204
211
215
215
222
166
105
110
135
111
20
-17
-31
-52
-93
-138
-175
-220
-248
-285
-305
-306
-335
-396
-401
-364
-360
-355
-334
-294
-318
-292
-199
-161
-172
-177
-125
-90
-82
-74
-54
-36
-45
-87
-115
-100
-94
-139
-218
-236
-243
-288
-326
-337
-363
-432
-455
-413
-383
-430
-443
-307
-267
-371
-395
-226
-80
-141
-143
-5
67
31
97
290
356
337
418
500
524
568
647
681
661
691
678
648
706
728
655
575
592
575
503
485
445
351
265
282
278
216
173
133
76
39
68
16
-87
-121
-125
-188
-235
-233
-247
-286
-311
-324
-333
-289
-242
-262
-282
-261
-265
-215
-151
-158
-229
-218
-58
-27
-43
-11
26
55
23
112
173
165
178
194
232
225
221
278
275
232
176
165
197
163
112
38
-10
-31
-66
-98
-141
-183
-224
-249
-238
-214
-226
-251
-262
-244
-198
-187
-179
-182
-176
-155
-118
-62
-38
-42
-51
-17
21
32
62
76
59
53
52
42
27
-6
-49
-87
-118
-146
-176
-191
-245
-306
-338
-336
-343
-365
-384
-387
-326
-281
-302
-355
-287
-139
-142
-176
-91
-19
-54
-25
157
220
151
226
340
361
374
473
541
483
493
521
497
522
567
526
417
415
463
405
335
320
275
177
143
153
123
57
-10
-66
-89
-43
-88
-198
-247
-216
-236
-325
-308
-281
-335
-390
-364
-334
-330
-310
-328
-343
-319
-235
-181
-215
-222
-198
-144
-90
-72
-21
6
6
21
53
117
148
153
150
145
166
191
204
191
132
86
90
101
69
-8
-52
-65
-87
-109
-145
-162
-194
-242
-262
-241
-215
-240
-291
-295
-263
-242
-235
-198
-180
-203
-183
-124
-74
-54
-24
-6
6
43
98
120
105
121
131
113
121
162
147
88
63
86
78
51
45
28
-22
-65
-76
-87
-106
-139
-162
-196
-207
-215
-219
-187
-170
-201
-213
-134
-79
-83
-65
-1
33
48
136
206
215
228
304
366
355
363
412
437
434
454
438
423
445
459
411
353
360
359
310
244
205
151
92
70
28
-39
-88
-105
-146
-201
-222
-228
-240
-245
-242
-260
-253
-230
-232
-223
-205
-196
-199
-177
-119
-92
-108
-95
-38
-16
-19
8
64
87
98
112
118
142
153
160
144
141
166
169
139
115
107
82
63
64
38
-9
-22
-38
-89
-137
-144
-137
-157
-190
-237
-259
-230
-226
-257
-280
-267
-242
-231
-211
-174
-163
-163
-131
-95
-66
-32
-2
22
48
67
80
104
141
168
180
187
191
188
188
182
194
194
168
148
128
129
89
43
25
35
27
-29
-36
-24
-38
-60
-59
-56
-82
-78
-40
-23
-24
-8
16
15
2
40
95
105
119
160
183
176
183
231
258
250
240
250
259
252
255
237
206
190
187
162
128
105
89
58
26
-8
-59
-64
-49
-70
-114
-146
-157
-168
-178
-180
-176
-179
-169
-171
-175
-143
-125
-127
-131
-104
-76
-74
-67
-50
-20
-11
-14
10
39
38
21
23
47
44
30
27
23
4
-25
-47
-52
-62
-101
-128
-136
-152
-155
-160
-189
-202
-214
-244
-267
-250
-224
-216
-233
-240
-236
-246
-231
-215
-216
-217
-204
-177
-164
-176
-164
-131
-104
-85
-85
-55
-29
-13
6
23
42
39
55
75
86
116
125
130
124
118
135
140
136
130
149
159
131
137
149
146
155
172
182
171
170
183
195
200
207
228
240
238
237
232
232
243
249
239
237
224
217
212
205
214
195
173
158
134
115
124
117
80
54
38
37
20
2
-8
-47
-65
-77
-110
-120
-96
-85
-103
-107
-103
-108
-123
-128
-110
-113
-111
-91
-85
-91
-90
-77
-78
-71
-59
-54
-61
-69
-64
-58
-52
-62
-70
-87
-104
-104
-88
-95
-133
-138
-140
-141
-154
-155
-135
-143
-161
-159
-136
-137
-129
-104
-115
-116
-102
-79
-102
-115
-69
-71
-103
-97
-62
-67
-97
-69
-36
-60
-76
-30
-2
-57
-62
-8
-13
-49
-26
18
11
-4
27
43
21
39
77
84
72
86
109
115
115
128
145
155
163
170
194
189
173
160
150
155
153
139
131
133
118
103
98
93
72
50
55
58
64
64
60
41
45
69
44
40
51
48
51
63
73
76
89
84
70
58
78
87
69
63
70
60
56
62
59
57
38
23
13
16
10
4
6
0
-8
-32
-23
-25
-58
-77
-81
-68
-93
-119
-135
-142
-141
-161
-166
-155
-154
-160
-167
-169
-153
-171
-178
-170
-168
-161
-165
-137
-126
-128
-117
-109
-92
-84
-53
-22
-23
-27
-9
-12
-51
-30
-12
-15
-29
-26
-23
-51
-34
-38
-36
-40
-55
-46
-56
-38
-41
-55
-44
-41
-31
-15
5
17
24
48
52
59
95
94
94
94
110
122
84
111
127
126
139
129
139
124
109
115
109
116
101
102
114
96
96
88
81
56
56
62
31
44
43
23
11
1
18
-8
-5
6
-9
-27
-27
-29
-70
-70
-46
-55
-77
-63
-40
-54
-53
-34
-18
-17
-5
15
16
25
35
46
22
20
43
56
64
60
67
57
50
62
42
21
15
1
0
-14
-34
-41
-65
-89
-103
-123
-133
-141
-142
-152
-165
-172
-171
-159
-168
-172
-160
-152
-157
-150
-131
-114
-105
-86
-66
-57
-41
-24
-7
9
33
45
38
52
60
53
59
85
99
93
101
118
132
128
131
144
145
130
129
137
132
126
117
116
105
100
106
101
92
93
92
83
81
83
72
69
66
59
48
41
47
37
28
37
44
36
39
56
57
53
64
68
64
62
56
51
39
22
2
-10
-9
-22
-38
-44
-55
-76
-89
-86
-83
-91
-109
-113
-105
-103
-118
-125
-119
-112
-97
-107
-100
-76
-65
-50
-47
-30
-13
-12
-4
6
16
15
32
49
42
41
46
43
46
50
32
10
12
-1
-11
-7
-9
-21
-35
-44
-48
-55
-76
-86
-88
-98
-106
-111
-116
-114
-120
-122
-126
-134
-141
-140
-138
-145
-140
-116
-115
-122
-122
-99
-79
-76
-57
-48
-32
-10
1
13
25
43
56
78
102
118
132
147
169
173
183
199
204
213
211
213
213
219
210
202
204
199
187
160
155
155
131
104
88
88
70
46
41
32
21
8
2
-4
-16
-23
-25
-23
-33
-47
-45
-48
-48
-50
-58
-53
-54
-60
-61
-65
-81
-95
-105
-113
-117
-124
-128
-123
-126
-137
-139
-152
-170
-167
-168
-166
-171
-169
-158
-149
-146
-147
-139
-118
-100
-82
-74
-58
-41
-44
-27
-11
4
9
14
38
42
43
38
46
57
46
48
51
61
63
54
41
43
46
41
51
46
42
30
27
24
9
-4
-12
-4
-7
-19
-23
-33
-30
-31
-29
-27
-29
-25
-21
-13
-7
-1
1
10
13
12
30
47
63
79
97
106
113
129
142
155
159
162
177
191
207
207
200
211
220
216
204
203
204
190
179
173
163
154
145
135
124
107
88
78
67
51
33
23
16
6
-2
-23
-36
-48
-55
-62
-73
-73
-75
-81
-81
-89
-103
-118
-121
-117
-126
-124
-132
-132
-135
-140
-136
-155
-159
-164
-167
-161
-173
-177
-174
-160
-158
-160
-154
-147
-142
-145
-139
-130
-127
-125
-117
-108
-103
-90
-78
-73
-60
-52
-41
-35
-23
-5
1
6
11
22
26
29
38
42
56
58
51
52
50
50
45
49
47
37
34
34
21
14
12
9
-3
-18
-32
-45
-48
-47
-54
-67
-75
-80
-85
-90
-94
-92
-86
-76
-72
-74
-73
-61
-52
-44
-26
-6
8
23
46
64
78
91
117
141
149
164
179
195
203
218
231
234
239
241
241
241
233
230
231
221
209
197
194
187
172
155
138
115
102
86
67
56
40
27
7
-8
-23
-43
-52
-64
-75
-85
-97
-104
-116
-132
-139
-142
-145
-151
-153
-151
-148
-148
-150
-155
-157
-158
-163
-166
-165
-157
-151
-147
-143
-139
-135
-128
-118
-118
-111
-97
-91
-87
-82
-72
-69
-67
-60
-54
-43
-31
-25
-13
-3
6
10
11
15
13
17
21
22
20
20
28
30
38
47
52
48
43
36
24
15
15
15
10
6
3
-12
-32
-42
-48
-59
-67
-64
-66
-70
-71
-72
-73
-84
-83
-89
-96
-100
-101
-91
-88
-77
-62
-42
-31
-24
-7
10
27
45
59
68
87
112
134
149
163
177
188
198
207
218
225
230
235
236
233
229
220
214
204
192
177
161
154
141
119
102
94
77
53
35
14
-13
-28
-36
-49
-60
-73
-84
-89
-97
-104
-116
-128
-131
-136
-142
-139
-136
-135
-127
-119
-120
-114
-96
-88
-84
-83
-74
-68
-63
-54
-54
-52
-52
-40
-38
-37
-29
-28
-14
4
22
20
24
30
31
38
41
51
51
53
62
59
57
60
71
72
70
62
58
57
48
43
41
41
40
35
28
20
14
7
-4
-13
-26
-45
-55
-60
-65
-79
-90
-97
-101
-113
-125
-129
-132
-134
-142
-138
-140
-142
-141
-143
-137
-138
-131
-126
-113
-101
-94
-80
-70
-51
-41
-29
-9
4
23
50
63
72
77
87
100
118
130
138
148
151
160
163
175
187
194
204
210
204
188
175
170
165
150
136
132
122
110
104
90
79
66
54
27
5
-5
-9
-13
-24
-32
-51
-65
-72
-85
-103
-108
-112
-112
-109
-111
-114
-118
-113
-104
-100
-96
-92
-81
-70
-64
-67
-58
-47
-34
-28
-28
-16
-4
7
15
12
7
12
26
37
48
51
51
64
67
71
72
69
70
71
69
63
63
56
55
52
53
51
46
42
42
42
42
49
39
32
28
21
11
2
-7
-20
-30
-38
-49
-54
-55
-55
-53
-59
-60
-63
-68
-78
-81
-82
-86
-87
-90
-87
-86
-82
-79
-80
-78
-76
-79
-78
-74
-69
-63
-52
-40
-34
-28
-23
-14
-13
-10
-3
8
17
24
29
37
39
43
49
51
53
53
55
62
65
67
70
71
70
62
54
52
46
36
27
13
3
-4
-11
-19
-24
-30
-34
-41
-45
-49
-54
-54
-55
-50
-50
-46
-40
-33
-29
-31
-29
-27
-23
-18
-7
2
12
23
30
34
38
40
47
51
53
55
56
57
60
64
63
61
58
63
72
72
68
64
63
58
48
42
35
29
26
19
14
10
6
-2
-7
-10
-14
-13
-17
-13
-10
-9
-11
-14
-13
-14
-15
-20
-15
-8
-7
-7
-11
-12
-9
-8
-11
-14
-12
-8
-6
-9
-13
-14
-18
-16
-22
-29
-31
-39
-48
-51
-53
-51
-44
-42
-38
-36
-33
-23
-19
-9
-2
0
4
12
11
14
22
26
36
44
47
49
49
50
58
60
55
47
47
44
39
32
22
18
10
4
-3
-16
-21
-23
-31
-40
-49
-58
-64
-73
-85
-92
-88
-90
-95
-95
-92
-93
-93
-86
-80
-76
-72
-66
-60
-51
-42
-31
-23
-18
-4
5
10
17
25
32
40
39
42
49
52
57
62
64
69
73
79
83
81
80
78
75
64
60
54
51
49
42
40
36
30
27
26
20
16
11
8
8
6
1
-7
-12
-13
-21
-27
-30
-30
-26
-23
-25
-32
-30
-28
-29
-34
-37
-36
-35
-34
-35
-41
-40
-36
-35
-31
-32
-32
-26
-21
-20
-18
-18
-16
-12
-9
-4
-1
3
9
11
16
18
20
24
31
37
39
48
55
58
61
62
62
62
62
65
59
56
57
57
57
51
44
39
35
27
20
14
7
2
-4
-12
-20
-29
-35
-42
-50
-57
-61
-65
-69
-71
-73
-74
-72
-72
-71
-68
-68
-63
-59
-55
-53
-52
-45
-39
-35
-29
-24
-20
-13
-3
2
8
13
17
23
27
33
40
43
48
51
55
58
58
58
60
62
62
65
66
67
67
64
60
59
55
50
45
38
33
30
24
16
11
7
4
-3
-10
-15
-20
-25
-28
-35
-40
-43
-45
-49
-54
-55
-56
-58
-61
-62
-61
-60
-57
-54
-52
-50
-47
-42
-40
-36
-32
-30
-25
-19
-16
-10
-5
-1
6
14
19
23
26
33
37
40
43
46
51
54
57
59
57
59
59
56
52
48
46
44
41
35
32
27
22
17
11
6
1
-3
-7
-12
-17
-24
-29
-34
-39
-42
-45
-50
-52
-52
-53
-55
-55
-55
-54
-56
-54
-52
-50
-48
-45
-46
-44
-41
-35
-31
-29
-26
-22
-17
-13
-10
-10
-8
-3
2
6
9
15
21
27
31
34
37
41
45
48
47
49
51
53
55
55
55
55
54
53
50
47
47
43
42
38
32
30
26
22
15
11
6
0
-3
-7
-12
-17
-22
-25
-29
-33
-36
-40
-42
-44
-46
-49
-50
-51
-50
-50
-49
-48
-46
-44
-40
-38
-35
-32
-27
-26
-22
-16
-11
-7
-2
2
8
13
20
27
31
35
40
45
48
52
54
57
59
60
61
61
58
56
53
53
51
46
43
37
34
29
23
17
12
7
2
-5
-11
-16
-21
-26
-31
-38
-41
-45
-47
-50
-52
-53
-54
-55
-55
-55
-55
-54
-51
-49
-47
-45
-41
-39
-35
-31
-27
-23
-19
-13
-9
-4
1
5
9
13
18
22
27
30
33
36
40
42
45
48
50
50
48
49
49
49
48
44
43
40
38
36
33
30
26
22
17
12
9
4
1
-3
-9
-13
-17
-21
-25
-30
-34
-36
-39
-43
-47
-48
-50
-51
-49
-49
-50
-50
-49
-48
-45
-44
-43
-40
-37
-33
-31
-26
-22
-18
-13
-9
-4
1
6
9
13
17
22
29
33
36
39
42
44
47
48
48
48
49
50
50
49
49
47
46
45
43
40
37
32
27
23
20
17
10
5
1
-5
-10
-14
-20
-23
-27
-31
-34
-38
-43
-47
-48
-49
-50
-52
-53
-54
-54
-53
-51
-51
-49
-46
-44
-41
-38
-35
-30
-27
-22
-19
-16
-10
-4
0
5
9
15
18
21
24
28
31
35
40
43
47
49
50
50
51
51
52
52
50
48
47
45
43
44
42
40
37
34
31
26
23
18
12
7
3
-2
-7
-11
-16
-19
-23
-28
-32
-34
-38
-40
-42
-45
-47
-49
-48
-49
-49
-48
-47
-45
-44
-41
-41
-38
-37
-34
-31
-26
-23
-19
-15
-9
-5
0
4
7
12
16
19
21
25
29
33
36
39
43
45
46
48
48
50
49
49
46
44
41
40
37
35
33
30
29
23
20
15
10
8
3
-3
-5
-9
-11
-14
-18
-22
-24
-27
-31
-34
-36
-39
-41
-42
-44
-44
-44
-43
-42
-40
-38
-36
-35
-33
-31
-30
-28
-26
-22
-18
-15
-11
-8
-4
1
6
9
13
17
19
20
24
25
29
32
35
37
38
38
39
40
38
38
36
36
35
34
33
31
30
27
26
25
21
17
15
11
6
2
-3
-7
-10
-13
-15
-18
-21
-22
-24
-28
-32
-34
-36
-38
-38
-40
-41
-40
-40
-41
-39
-37
-35
-33
-33
-31
-28
-26
-24
-19
-15
-11
-7
