-31
-30
-28
-32
-31
-32
-31
-33
-37
-47
-66
-83
-104
-121
-148
-169
-192
-215
-241
-269
-294
-305
-306
-311
-308
-309
-296
-272
-224
-161
-85
-26
27
84
144
214
276
321
330
329
329
334
335
326
310
285
261
252
240
227
196
137
76
34
3
-33
-71
-118
-145
-152
-131
-112
-95
-79
-52
-5
51
108
143
172
209
255
301
343
350
336
318
305
306
287
252
197
148
112
85
69
31
-11
-51
-76
-86
-113
-142
-182
-220
-241
-250
-246
-244
-250
-256
-249
-219
-199
-185
-189
-195
-195
-183
-168
-172
-190
-213
-225
-233
-246
-261
-288
-317
-339
-353
-365
-389
-434
-486
-522
-546
-563
-612
-645
-687
-657
-542
-379
-245
-148
2
124
309
497
657
689
675
663
649
670
679
637
512
456
432
451
460
447
326
200
167
130
64
-28
-111
-223
-261
-222
-167
-172
-175
-175
-140
-50
58
108
106
150
205
314
439
529
515
492
503
505
490
445
369
235
137
89
54
7
-40
-99
-157
-149
-128
-146
-187
-230
-287
-326
-313
-317
-338
-348
-323
-290
-247
-158
-88
-18
65
144
211
272
348
369
397
411
397
358
320
270
186
125
55
1
-65
-88
-107
-119
-117
-120
-125
-130
-119
-140
-156
-170
-175
-194
-201
-202
-200
-188
-163
-136
-127
-101
-86
-83
-86
-86
-90
-112
-149
-191
-250
-282
-308
-363
-428
-507
-576
-649
-695
-744
-804
-837
-870
-840
-734
-554
-410
-292
-136
-18
148
343
521
555
533
529
510
525
544
528
427
376
368
393
418
432
346
234
205
185
125
18
-63
-209
-282
-242
-192
-196
-210
-183
-148
-62
61
140
174
229
306
416
553
666
673
644
677
684
668
644
583
455
328
287
242
188
131
52
-14
-26
-30
-65
-114
-169
-226
-256
-230
-216
-223
-219
-179
-151
-88
21
101
163
214
271
309
359
394
393
377
370
341
286
228
168
81
-3
-61
-124
-172
-203
-230
-262
-240
-229
-231
-224
-202
-199
-208
-212
-231
-252
-264
-257
-269
-265
-232
-220
-226
-222
-200
-188
-183
-187
-211
-243
-284
-339
-413
-484
-565
-656
-735
-786
-849
-920
-996
-980
-885
-749
-604
-499
-329
-197
2
225
433
527
556
585
600
616
619
582
473
400
378
411
405
408
326
242
191
156
89
5
-80
-217
-289
-270
-229
-271
-287
-289
-251
-179
-72
0
35
110
202
338
490
628
689
720
765
791
790
795
754
622
510
463
415
346
275
213
157
134
121
77
3
-87
-165
-235
-260
-282
-336
-387
-401
-394
-377
-297
-232
-185
-155
-75
14
82
185
250
298
318
374
386
368
341
290
220
156
106
39
-17
-57
-82
-130
-131
-135
-147
-205
-227
-252
-274
-263
-285
-290
-307
-281
-260
-218
-178
-143
-114
-79
-43
-5
39
48
64
36
20
-17
-58
-107
-173
-252
-335
-401
-472
-524
-574
-617
-655
-670
-672
-679
-669
-622
-560
-482
-399
-280
-163
-49
97
246
384
491
572
631
676
687
683
667
633
591
570
529
495
463
415
376
310
248
165
86
-11
-120
-196
-240
-274
-310
-321
-318
-306
-270
-209
-167
-124
-58
24
121
220
324
390
433
467
477
473
451
423
365
286
223
162
109
78
49
11
-21
-36
-55
-75
-102
-140
-192
-238
-262
-274
-300
-312
-318
-297
-264
-222
-178
-144
-77
-14
81
166
247
301
324
338
335
320
285
237
157
91
18
-34
-64
-94
-124
-134
-135
-133
-120
-121
-135
-153
-151
-146
-145
-156
-168
-171
-164
-127
-84
-75
-48
-35
-15
12
17
22
-12
-22
-44
-92
-155
-207
-274
-366
-426
-493
-562
-623
-664
-707
-739
-759
-768
-766
-767
-737
-680
-615
-530
-429
-311
-177
-20
144
290
411
510
582
628
664
678
668
645
629
616
582
539
506
480
455
436
389
322
249
168
88
-1
-64
-126
-168
-182
-180
-182
-186
-147
-104
-48
24
94
152
227
294
338
383
407
418
421
414
407
377
328
294
233
193
165
135
95
53
33
-4
-46
-84
-134
-182
-228
-257
-284
-323
-354
-386
-407
-385
-326
-282
-233
-176
-84
-5
88
202
232
287
332
369
363
315
277
171
98
51
25
6
-5
20
25
49
80
101
90
91
75
47
20
-42
-98
-157
-146
-137
-122
-91
-56
-21
24
81
112
128
122
130
96
79
47
-12
-78
-162
-209
-284
-340
-412
-471
-514
-549
-551
-564
-586
-598
-590
-590
-579
-583
-561
-520
-465
-391
-299
-181
-66
89
253
410
539
635
726
772
788
797
784
721
678
637
580
516
457
415
326
270
219
135
58
-1
-60
-147
-187
-234
-287
-328
-350
-367
-393
-368
-340
-317
-260
-176
-82
2
108
178
228
286
345
376
388
397
373
339
307
279
223
162
124
94
66
53
40
7
-37
-85
-124
-182
-232
-288
-355
-413
-444
-459
-460
-439
-386
-333
-241
-122
-9
81
195
304
345
405
423
404
347
290
244
159
94
36
-2
-29
-18
-13
-22
-20
-8
6
-5
-14
-52
-113
-170
-211
-233
-266
-271
-252
-222
-176
-122
-62
-14
26
73
96
108
108
56
6
-43
-106
-200
-284
-341
-431
-518
-566
-616
-668
-696
-685
-688
-694
-677
-688
-713
-711
-658
-604
-541
-420
-255
-115
73
324
550
714
866
1036
1092
1105
1124
1089
961
849
781
655
522
448
374
242
178
153
56
-49
-112
-198
-338
-405
-443
-524
-590
-585
-571
-576
-505
-411
-348
-252
-88
60
185
341
496
593
671
752
754
720
688
631
540
460
411
339
262
224
184
118
62
21
-47
-135
-192
-253
-337
-407
-459
-509
-556
-578
-579
-549
-510
-420
-306
-193
-21
106
264
343
486
607
618
672
647
640
520
432
330
200
94
7
-35
-113
-123
-166
-186
-222
-210
-222
-266
-267
-321
-347
-392
-377
-377
-381
-314
-262
-177
-109
-7
66
113
176
203
204
159
106
1
-84
-183
-317
-431
-549
-624
-723
-758
-801
-837
-870
-913
-925
-983
-987
-1001
-924
-812
-630
-448
-221
80
335
650
914
1243
1395
1489
1562
1546
1490
1319
1224
976
789
650
529
406
283
207
24
-69
-169
-267
-445
-594
-706
-887
-971
-1021
-1021
-1047
-967
-792
-635
-382
-115
160
374
625
865
1032
1155
1190
1168
1066
999
873
717
586
465
355
250
246
205
141
76
11
-68
-169
-264
-400
-550
-677
-748
-815
-838
-810
-764
-667
-518
-318
-138
57
207
345
486
610
731
744
791
766
809
758
736
698
545
479
307
250
66
-71
-196
-324
-385
-476
-465
-508
-477
-470
-414
-355
-280
-202
-194
-128
-113
-69
-65
-40
-1
-13
47
73
117
139
153
145
104
54
-62
-175
-319
-469
-643
-797
-947
-1061
-1136
-1202
-1214
-1251
-1243
-1217
-1198
-1223
-1207
-1172
-1078
-802
-435
-122
150
600
1021
1333
1724
2112
2210
2046
1985
1864
1512
1179
928
595
240
133
90
-74
-170
-205
-334
-536
-572
-680
-975
-1193
-1297
-1413
-1476
-1314
-1152
-992
-665
-205
196
577
1018
1325
1466
1609
1741
1674
1490
1306
1070
814
623
456
270
138
80
-15
-98
-121
-187
-362
-522
-605
-724
-843
-916
-943
-944
-868
-684
-473
-262
-36
194
376
539
664
707
687
655
623
561
544
557
539
486
475
478
446
339
261
76
-146
-331
-523
-672
-830
-847
-840
-733
-559
-368
-173
-4
164
244
293
299
273
193
121
76
31
32
49
94
155
222
286
276
232
144
14
-168
-351
-530
-723
-866
-984
-1042
-1063
-1045
-1059
-1055
-1077
-1066
-1123
-1164
-1218
-1363
-1411
-1493
-1271
-872
-254
247
663
1292
1760
2102
2373
2723
2526
2010
1658
1353
841
360
217
-23
-236
-175
67
27
-53
-69
-304
-660
-891
-1125
-1555
-1820
-1810
-1742
-1541
-1029
-510
-109
411
1009
1400
1627
1824
1829
1584
1430
1359
1193
990
830
701
545
493
412
222
8
-196
-453
-715
-857
-980
-1130
-1159
-1015
-850
-627
-349
-97
83
247
409
479
503
493
454
394
395
424
464
482
526
497
509
493
466
415
196
136
-152
-153
-338
-372
-338
-531
-398
-515
-293
-355
-287
-203
-192
-51
-25
147
143
225
230
291
299
298
270
159
142
62
24
-69
-133
-147
-236
-179
-179
-128
-117
-172
-147
-257
-279
-386
-505
-669
-828
-916
-1003
-983
-997
-927
-891
-803
-749
-763
-730
-809
-908
-1001
-1083
-1046
-880
-400
131
517
1036
1452
1921
2156
2410
2485
2094
1697
1216
932
446
174
8
-161
-181
-105
45
-47
-117
-347
-647
-1003
-1255
-1476
-1692
-1660
-1457
-1100
-629
-60
460
873
1268
1537
1628
1617
1499
1254
963
810
716
631
563
531
437
346
257
72
-198
-483
-712
-955
-1067
-1078
-1041
-959
-765
-510
-244
22
223
357
403
461
430
360
289
236
251
259
344
373
406
451
408
440
305
207
-47
-216
-331
-517
-515
-695
-639
-667
-552
-441
-394
-280
-292
-157
-81
71
145
211
274
329
391
398
392
303
186
67
-50
-146
-246
-304
-348
-338
-270
-237
-151
-164
-169
-210
-310
-434
-624
-783
-929
-1094
-1138
-1154
-1144
-1159
-1175
-1108
-1232
-1189
-1347
-1427
-1557
-1481
-716
-25
679
979
1762
2330
2401
2928
3169
2871
1827
1442
1146
364
54
-38
-217
-620
-248
176
-21
-235
-333
-748
-1413
-1517
-1568
-1858
-1924
-1529
-1080
-575
239
755
929
1244
1567
1585
1481
1536
1401
1010
951
1153
1165
1021
858
606
252
-43
-338
-793
-1128
-1303
-1423
-1360
-1040
-705
-493
-262
57
285
369
438
374
247
163
184
246
277
374
493
565
640
688
668
441
198
-57
-210
-378
-457
-392
-431
-261
-185
56
67
122
113
-94
-152
-326
-335
-480
-372
-233
-61
165
383
592
615
616
514
343
75
-184
-403
-557
-587
-531
-442
-312
-174
-18
52
110
81
-9
-130
-299
-434
-583
-689
-758
-808
-851
-870
-908
-1023
-1222
-1389
-1647
-1754
-1993
-2019
-2072
-1651
-398
486
1251
1528
2614
2782
2743
3352
3251
2477
1144
1237
635
40
9
121
-227
-483
228
221
-174
-470
-573
-1393
-1809
-1606
-1514
-1672
-1375
-722
-335
270
909
1053
921
1128
1156
1031
983
1175
1080
922
1194
1463
1431
1138
717
183
-378
-795
-1184
-1560
-1628
-1557
-1315
-919
-329
72
286
448
581
592
476
418
256
228
237
419
544
657
745
685
551
306
126
-99
-369
-568
-509
-426
-227
-117
183
302
316
479
240
146
-126
-272
-501
-606
-464
-394
-192
29
314
435
498
457
345
143
-27
-196
-359
-406
-383
-329
-256
-148
-91
-142
-183
-230
-287
-307
-326
-264
-204
-114
-41
-15
-60
-138
-365
-647
-930
-1190
-1426
-1748
-1887
-1936
-2010
-1982
-2031
-1896
-1935
-1427
-164
682
1168
1309
2424
2504
2560
3235
3286
2446
1119
1359
672
43
-132
-64
-616
-912
-151
-135
-481
-730
-664
-1357
-1578
-1259
-1060
-1208
-911
-306
101
709
1247
1314
1100
1279
1297
1181
1087
1237
1046
827
995
1196
1120
703
196
-385
-886
-1212
-1497
-1737
-1668
-1465
-1097
-612
22
402
531
582
663
716
655
623
489
483
513
646
688
643
554
310
23
-255
-482
-682
-896
-784
-590
-269
82
340
610
631
901
690
498
308
78
-59
-280
-157
-175
-66
44
216
305
320
243
96
-18
-119
-198
-313
-293
-220
-127
-71
-11
-12
-114
-234
-330
-410
-430
-435
-337
-188
-7
161
250
228
100
-110
-421
-771
-1140
-1348
-1561
-1734
-1885
-1897
-1902
-1918
-2016
-1981
-2030
-1622
-332
649
1279
1409
2585
2750
2662
3356
3322
2364
800
979
329
-362
-404
-225
-701
-990
-126
-30
-447
-746
-668
-1410
-1632
-1233
-860
-883
-477
276
714
1291
1695
1636
1227
1245
1141
981
932
1144
1037
855
1059
1214
1090
569
-74
-749
-1257
-1525
-1747
-1828
-1597
-1248
-805
-273
338
619
651
553
522
490
455
450
391
492
564
707
662
579
340
-38
-422
-746
-930
-1003
-897
-856
-537
-132
324
529
624
842
635
410
309
145
27
-68
-67
-60
9
205
188
189
208
147
-2
-70
-28
-54
-74
-6
85
108
141
73
-75
-266
-359
-500
-622
-584
-514
-366
-139
96
285
354
298
160
-117
-367
-721
-1104
-1347
-1486
-1539
-1645
-1662
-1642
-1699
-1796
-1977
-2045
-2158
-1174
236
1191
1559
1999
3165
2804
3114
3577
3156
1509
337
568
-380
-757
-624
-491
-1187
-899
-62
-200
-769
-829
-922
-1682
-1465
-841
-409
-433
283
897
1266
1711
1854
1385
925
980
834
756
833
1134
914
871
1128
1170
841
129
-602
-1301
-1681
-1752
-1809
-1664
-1264
-845
-377
183
645
679
535
386
367
382
520
571
549
653
747
772
544
320
-77
-545
-913
-1091
-1072
-982
-886
-682
-346
149
590
702
770
637
692
483
374
436
268
179
58
168
110
65
-41
-154
-179
-128
-50
-23
75
163
237
239
273
221
88
-92
-237
-353
-411
-444
-472
-471
-318
-168
-55
84
118
98
-6
-140
-295
-485
-733
-994
-1239
-1323
-1417
-1649
-1834
-1919
-1910
-2006
-2125
-2046
-1990
-738
859
1827
2076
2444
3358
2669
2919
3284
2699
976
29
361
-576
-732
-568
-626
-1420
-1111
-438
-691
-1090
-1054
-1166
-1659
-1109
-404
56
174
770
1126
1466
1820
1749
1196
859
908
830
926
1065
1235
924
799
785
746
404
-357
-1128
-1581
-1683
-1597
-1465
-1183
-837
-568
-139
278
577
550
448
340
418
631
866
899
839
804
689
577
237
-150
-576
-898
-1083
-1121
-931
-630
-497
-368
-34
323
551
492
559
579
530
621
544
580
550
421
223
23
-63
-256
-441
-500
-433
-297
-118
50
252
356
420
356
248
128
-23
-220
-372
-398
-393
-393
-384
-314
-279
-158
-122
-86
-104
-114
-171
-308
-405
-491
-679
-994
-1217
-1380
-1469
-1666
-1838
-1889
-2010
-2007
-2110
-1940
-1895
-1306
434
1599
2268
2135
3124
3034
2484
3146
2936
1820
-30
336
-92
-831
-742
-544
-1054
-1601
-740
-551
-872
-1139
-921
-1396
-1218
-482
183
366
726
1346
1470
1810
1932
1648
995
934
973
1036
1054
1270
1189
786
686
696
539
-136
-900
-1399
-1535
-1449
-1200
-987
-646
-339
47
408
708
760
573
430
443
626
737
856
779
673
447
291
80
-336
-762
-1080
-1187
-1167
-1006
-715
-540
-449
-145
175
442
397
488
471
520
641
628
613
456
431
166
3
-161
-318
-548
-596
-420
-263
-94
75
272
285
326
294
248
80
-25
-127
-180
-172
-159
-146
-147
-127
-153
-108
-100
-67
-146
-192
-266
-339
-457
-636
-845
-1133
-1341
-1495
-1556
-1652
-1773
-1897
-1881
-1884
-1897
-1945
-1832
-1800
-778
1000
2131
2325
2418
3254
2556
2505
2959
2465
683
-411
60
-716
-1037
-774
-650
-1546
-1492
-765
-756
-1133
-1196
-1250
-1648
-917
-76
425
517
1147
1410
1412
1696
1766
1193
623
736
881
1074
1218
1363
947
616
554
485
17
-693
-1270
-1506
-1411
-1081
-715
-512
-228
-1
313
541
687
555
367
364
654
894
996
1047
861
566
195
68
-241
-700
-1059
-1144
-993
-817
-555
-349
-307
-253
7
313
445
543
589
588
690
892
1041
804
610
336
14
-207
-375
-515
-704
-562
-324
-88
192
385
389
285
293
326
225
113
6
-68
-18
107
169
101
47
-10
-53
-33
49
-17
-131
-222
-330
-428
-592
-762
-1048
-1285
-1402
-1431
-1496
-1515
-1580
-1613
-1604
-1685
-1620
-1723
-1565
-1498
-316
1492
2457
2666
2628
3248
2384
2147
2585
2025
419
-552
46
-464
-801
-587
-595
-1415
-1571
-1007
-955
-1157
-1169
-1198
-1322
-493
345
673
679
1047
1135
1031
1276
1331
911
529
723
990
1249
1361
1245
720
296
146
-75
-432
-898
-1307
-1397
-1166
-742
-525
-455
-239
-86
126
338
569
546
469
610
903
1039
990
866
551
196
-191
-337
-546
-858
-1039
-977
-753
-594
-474
-367
-391
-199
37
173
451
634
899
825
1078
1191
818
644
324
81
-275
-464
-566
-703
-592
-361
-181
35
195
257
237
236
291
216
218
190
190
207
276
298
209
88
-20
-89
-112
-94
-127
-83
-124
-203
-273
-381
-568
-873
-1121
-1252
-1340
-1361
-1358
-1415
-1422
-1505
-1454
-1475
-1371
-1282
-1312
-1187
-806
839
2130
2598
2355
2418
2375
1424
1850
2092
1328
-70
-192
153
-502
-661
-666
-1086
-1772
-1477
-930
-801
-835
-694
-798
-599
185
572
513
434
698
633
745
1102
1155
752
600
844
1064
1141
993
724
286
-12
-134
-188
-344
-710
-1054
-1035
-789
-566
-510
-331
-90
42
208
498
675
625
626
694
783
674
661
507
235
-93
-357
-432
-628
-762
-908
-925
-903
-752
-553
-431
-346
-68
273
536
811
997
1057
884
980
888
535
167
-53
-292
-607
-587
-568
-510
-442
-235
-36
125
207
135
125
198
267
236
285
360
354
304
347
271
46
-150
-219
-239
-196
-60
-45
-70
-126
-197
-320
-503
-788
-1092
-1216
-1219
-1211
-1227
-1152
-1163
-1251
-1324
-1272
-1182
-1172
-1120
-1055
-959
-544
741
1993
2430
2194
2157
2037
1216
1400
1922
1446
291
6
286
-329
-607
-504
-880
-1456
-1223
-545
-401
-341
-264
-524
-610
-129
191
124
206
523
526
671
1194
1290
902
725
846
863
960
1072
920
417
89
-26
-119
-202
-571
-973
-1090
-901
-717
-521
-188
-8
-72
25
360
574
626
626
607
596
635
663
517
236
-96
-427
-568
-568
-594
-747
-856
-751
-544
-370
-158
106
191
347
588
818
928
888
937
662
430
293
-44
-191
-319
-412
-470
-386
-193
-224
-148
-45
-61
-69
57
224
276
357
448
470
379
300
140
-40
-157
-230
-259
-217
-94
-48
-34
-2
-71
-255
-454
-636
-790
-1009
-1144
-1149
-1127
-1058
-1039
-1087
-1152
-1258
-1296
-1302
-1211
-1150
-1286
-1108
-831
-139
1187
2173
2208
1740
1848
1455
884
1546
2039
1162
154
357
330
-481
-549
-345
-884
-1241
-715
-159
-214
-237
-421
-861
-841
-380
-145
-91
248
454
479
743
1103
934
595
572
697
855
1124
1320
1090
610
197
22
-77
-282
-715
-1015
-983
-835
-627
-328
-36
-126
-266
-95
255
454
502
577
613
636
676
707
553
265
-91
-374
-440
-460
-510
-649
-682
-654
-508
-92
131
243
329
414
376
345
547
468
211
161
86
-51
-63
-40
-150
-332
-295
-309
-319
-184
-95
-96
-79
104
238
330
350
269
192
145
62
-75
-139
-147
-228
-257
-158
-57
-31
-39
-34
-76
-174
-345
-538
-703
-807
-916
-1030
-1018
-944
-968
-1050
-1124
-1173
-1303
-1225
-1152
-1060
-966
-919
-685
-617
272
1466
2135
1870
1566
1702
1149
967
1775
2184
1105
454
608
296
-504
-312
-13
-752
-950
-436
34
-336
-470
-696
-1173
-1119
-614
-118
32
492
565
458
657
910
746
481
720
935
1173
1512
1662
1226
532
11
-241
-291
-341
-572
-764
-705
-645
-526
-337
-198
-356
-503
-247
110
360
521
610
533
396
427
489
408
174
-90
-278
-256
-205
-313
-323
-289
-159
-64
210
429
310
198
117
129
50
66
103
81
-47
-75
-29
-24
-124
-294
-321
-298
-164
-14
182
233
205
161
200
298
309
233
139
86
30
-69
-171
-195
-269
-356
-350
-179
-48
-33
-32
-24
-122
-285
-436
-569
-695
-773
-894
-946
-879
-943
-1085
-1352
-1306
-1366
-1328
-1250
-1139
-1052
-1060
-820
-590
509
1592
2095
1632
1552
1607
1013
1160
1852
1891
577
262
330
-241
-803
-399
-164
-848
-708
-242
-99
-428
-324
-424
-728
-441
56
411
579
878
652
315
354
435
308
393
753
758
697
850
935
543
163
-25
-116
-36
106
132
-83
-256
-427
-471
-288
-40
11
-27
90
112
88
122
162
47
-147
-132
-29
29
-74
-206
-291
-375
-473
-257
176
350
404
487
586
331
279
390
293
19
-99
-17
-45
28
-33
-117
-286
-288
-278
-239
-107
-124
-190
-163
25
111
180
257
315
288
358
418
310
99
-78
-218
-330
-291
-214
-139
-152
-146
-127
-117
-140
-192
-258
-362
-481
-583
-613
-699
-792
-909
-919
-916
-964
-1055
-1102
-1114
-1202
-1268
-1196
-1066
-1035
-918
-649
272
1196
1637
1347
1218
1169
677
940
1708
1982
1048
732
701
13
-568
-327
65
-373
-256
111
37
-412
-419
-264
-551
-457
-136
91
152
511
685
461
272
203
216
385
867
1038
968
878
797
548
361
459
397
241
145
133
-38
-271
-391
-449
-461
-383
-169
-15
52
-7
-87
-205
-251
-225
-193
-64
34
12
-152
-209
-250
-349
-322
-129
30
121
362
541
482
367
272
172
56
34
29
-33
-22
32
52
-37
-108
-222
-369
-415
-352
-247
-246
-189
-97
56
196
323
412
436
463
429
387
273
151
44
-19
-31
10
64
44
-1
-42
-89
-161
-233
-308
-369
-443
-497
-518
-567
-632
-699
-736
-745
-738
-767
-820
-869
-932
-961
-968
-908
-840
-779
-680
-508
-53
456
757
621
561
626
526
644
1043
1348
964
695
713
471
31
12
421
411
351
518
562
65
-417
-374
-276
-251
-210
-28
-35
-89
-18
64
15
-189
-233
-98
181
406
631
766
716
583
458
410
386
421
469
497
445
338
174
34
24
75
60
6
-59
-152
-238
-256
-242
-320
-391
-427
-498
-567
-549
-447
-363
-306
-248
-147
-54
83
265
441
501
453
400
362
380
339
321
339
394
368
303
253
44
-221
-419
-460
-455
-425
-340
-268
-151
-9
64
60
62
87
107
144
244
311
258
193
164
117
47
18
30
18
40
68
23
-60
-122
-179
-303
-381
-374
-362
-365
-347
-341
-437
-566
-673
-746
-797
-792
-769
-766
-743
-735
-748
-791
-842
-873
-846
-664
-465
-324
-268
-252
-258
-223
-64
101
240
299
410
535
713
848
880
900
898
960
1003
1084
1038
903
798
735
683
579
469
328
207
127
85
25
-87
-207
-291
-297
-219
-160
-144
-187
-263
-314
-293
-249
-217
-127
2
131
244
373
454
419
342
289
272
263
264
262
225
143
19
-110
-223
-305
-338
-350
-283
-190
-145
-129
-78
-3
-25
-30
-1
46
52
63
101
137
190
189
174
145
103
4
-51
-65
-107
-99
-27
79
157
233
273
265
278
366
435
420
361
288
207
139
109
49
-68
-174
-161
-110
-103
-152
-238
-332
-363
-336
-353
-384
-390
-380
-365
-327
-307
-380
-494
-577
-637
-649
-675
-702
-742
-744
-740
-756
-766
-814
-832
-779
-574
-361
-228
-178
-135
-91
-36
132
292
370
386
497
655
769
842
874
863
833
889
976
972
869
735
632
552
495
425
276
129
38
-27
-102
-194
-314
-430
-436
-353
-243
-179
-119
-106
-147
-133
-38
54
78
164
315
444
490
505
490
393
254
174
168
170
175
200
189
62
-96
-227
-304
-379
-428
-402
-324
-194
-128
-73
-57
-60
-70
-56
-10
18
40
-1
27
73
91
58
46
60
22
28
39
20
-61
-69
-23
41
117
182
239
222
223
247
261
231
169
109
46
1
-57
-117
-168
-220
-266
-283
-240
-209
-226
-227
-200
-184
-207
-213
-211
-245
-295
-311
-308
-304
-317
-382
-472
-533
-549
-600
-644
-681
-733
-793
-790
-743
-753
-765
-728
-596
-405
-180
-84
-120
-129
-83
73
239
428
494
492
590
756
907
862
854
858
892
960
1090
1158
960
763
673
638
496
367
239
82
-25
-58
-63
-216
-349
-403
-334
-244
-201
-148
-127
-94
-78
9
113
169
207
291
420
481
469
418
342
254
202
203
197
150
59
2
-87
-207
-259
-285
-286
-313
-269
-211
-131
-108
-117
-80
-58
-48
-67
-8
-8
-49
-76
-23
6
-19
-28
-52
-72
-117
-66
-14
-1
-28
5
96
161
229
259
281
245
235
260
269
208
114
57
0
-69
-162
-225
-271
-300
-303
-261
-221
-191
-168
-100
-56
-79
-90
-65
-27
-53
-70
-79
-92
-155
-224
-306
-429
-532
-609
-628
-654
-676
-730
-769
-783
-753
-738
-731
-689
-655
-589
-511
-331
-205
-140
-126
-78
12
109
283
426
545
545
591
646
704
758
804
898
927
959
970
1010
910
721
622
567
520
401
361
263
109
-6
-42
-44
-121
-168
-179
-128
-114
-83
-4
36
7
-28
78
159
192
218
239
241
165
144
136
106
13
-41
-26
-48
-107
-172
-151
-167
-212
-181
-86
-59
-106
-61
14
33
-3
-20
-31
-92
-147
-151
-98
-131
-189
-181
-158
-185
-211
-165
-124
-93
-48
37
86
79
64
121
201
212
223
258
285
232
197
172
69
-92
-231
-241
-232
-239
-228
-189
-170
-179
-145
-67
-29
-63
-66
-14
28
24
15
-6
-52
-109
-146
-191
-294
-422
-505
-547
-594
-641
-654
-664
-695
-696
-679
-680
-712
-712
-662
-579
-518
-466
-409
-318
-183
-71
9
50
114
176
320
510
619
621
614
674
714
754
752
772
783
785
814
824
765
550
427
382
339
238
152
134
54
23
22
31
-47
-128
-109
-40
42
34
43
30
-13
-40
-22
50
51
42
86
157
142
92
74
13
-74
-111
-64
-34
-17
45
86
63
-5
-17
19
68
104
120
144
143
109
21
-40
-133
-183
-157
-90
-39
-47
-53
-86
-72
-56
-26
-32
-12
57
119
182
199
205
160
155
204
237
207
119
38
-56
-147
-219
-257
-293
-314
-253
-188
-170
-195
-211
-204
-195
-170
-142
-79
-29
-17
-29
-66
-135
-240
-322
-366
-394
-459
-510
-505
-510
-562
-622
-650
-673
-681
-645
-564
-497
-474
-442
-405
-380
-390
-381
-351
-314
-262
-168
-20
63
76
92
190
274
363
502
600
603
570
654
737
767
748
767
790
757
727
682
593
381
209
168
175
126
67
63
11
-50
-76
-46
-64
-134
-126
-55
15
20
4
11
19
7
29
116
155
112
108
153
120
33
22
59
58
42
101
183
177
160
166
197
199
232
277
310
287
214
172
143
99
-5
0
37
32
25
65
80
-16
-53
-30
45
74
115
173
224
260
253
256
208
140
60
46
44
-34
-124
-165
-164
-206
-234
-216
-197
-208
-202
-146
-126
-136
-131
-82
-24
0
29
53
35
-24
-75
-109
-186
-273
-310
-322
-354
-398
-423
-446
-495
-544
-550
-546
-545
-532
-490
-442
-423
-437
-452
-445
-428
-389
-344
-288
-263
-249
-213
-161
-114
-90
-60
1
100
171
219
272
332
380
447
543
562
521
485
480
473
446
416
374
315
303
327
334
281
168
94
90
92
70
57
20
-31
-44
9
29
2
-25
-56
-47
-8
2
-11
-4
-18
-40
-17
46
78
79
114
171
223
247
259
253
241
227
254
280
266
226
170
142
97
51
17
29
5
-36
-36
-12
-32
-89
-73
-63
-69
-77
-36
7
0
-4
3
4
-34
-66
-85
-86
-128
-183
-176
-150
-163
-198
-181
-141
-136
-143
-146
-155
-166
-155
-109
-88
-91
-87
-86
-92
-115
-155
-195
-245
-295
-302
-285
-296
-347
-390
-415
-444
-474
-474
-450
-425
-384
-327
-281
-288
-309
-312
-289
-249
-225
-188
-121
-69
-38
-7
4
1
25
70
110
131
154
186
223
273
314
344
359
372
387
395
380
355
339
331
332
326
313
283
263
265
266
254
230
216
232
250
253
246
203
157
126
131
136
112
88
76
58
27
15
-6
-37
-56
-42
-5
23
46
50
52
53
56
68
87
105
111
117
111
93
71
53
50
46
47
61
90
101
99
82
74
68
51
60
74
78
63
59
65
54
36
9
-32
-87
-117
-126
-132
-155
-189
-200
-199
-183
-167
-184
-210
-219
-205
-166
-119
-92
-77
-73
-71
-54
-49
-68
-90
-104
-102
-93
-99
-113
-133
-158
-167
-162
-178
-211
-216
-211
-206
-185
-172
-184
-205
-204
-196
-196
-206
-214
-187
-166
-140
-114
-78
-30
10
39
53
67
81
134
183
236
279
306
339
362
390
386
379
368
366
386
413
412
372
338
303
275
238
213
200
173
157
165
189
164
108
72
40
14
-21
-40
-51
-62
-68
-60
-57
-77
-90
-98
-96
-96
-92
-86
-76
-42
8
47
41
18
0
-6
0
-4
-31
-60
-58
-41
-19
-29
-66
-98
-110
-76
-52
-48
-43
-29
-28
-21
-17
-32
-58
-70
-52
-26
-4
-16
-49
-88
-142
-174
-187
-197
-197
-195
-183
-189
-209
-243
-263
-283
-282
-264
-246
-211
-195
-178
-179
-191
-207
-198
-158
-129
-110
-99
-79
-70
-67
-69
-87
-112
-100
-60
-46
-45
-46
-62
-65
-49
-46
-64
-75
-72
-59
-36
-17
-21
-44
-48
-8
37
53
46
42
54
78
133
160
164
177
203
243
278
301
312
316
328
356
377
370
357
361
354
344
331
309
267
232
228
229
205
168
136
106
82
58
39
4
-36
-56
-58
-44
-32
-35
-50
-63
-65
-59
-69
-96
-102
-85
-52
-24
-3
-14
-49
-72
-70
-44
-43
-51
-59
-57
-40
-21
-10
-28
-44
-52
-39
-11
16
23
13
10
15
24
41
47
46
42
50
64
46
27
17
8
-11
-21
-28
-42
-68
-92
-111
-128
-145
-161
-166
-174
-182
-183
-171
-152
-151
-151
-151
-150
-149
-138
-117
-111
-95
-66
-42
-23
-11
-13
-22
-28
-19
-19
-14
-7
3
7
1
-1
-8
-19
-22
-18
-10
1
-5
-10
-11
-9
-16
-10
-2
8
14
15
22
31
36
44
57
74
92
110
123
141
155
165
181
190
194
193
195
190
182
167
161
149
127
107
87
63
42
26
-3
-38
-66
-80
-87
-91
-91
-89
-95
-97
-86
-86
-101
-119
-132
-134
-126
-109
-90
-87
-72
-58
-67
-82
-98
-97
-96
-89
-74
-63
-49
-58
-64
-67
-56
-50
-48
-26
1
25
39
57
78
89
98
105
119
133
124
117
117
126
122
117
111
97
92
89
101
103
85
58
36
19
9
3
-19
-40
-46
-42
-39
-34
-39
-55
-74
-86
-85
-75
-62
-56
-53
-36
-37
-45
-47
-48
-58
-63
-58
-45
-39
-28
-16
-30
-40
-37
-31
-31
-33
-26
-18
-3
7
8
-2
-16
-5
3
5
-8
-19
-18
-15
-11
-18
-28
-25
-12
6
34
54
57
63
84
102
115
113
116
125
144
156
153
132
99
80
67
66
48
18
-8
-26
-44
-55
-74
-92
-102
-96
-90
-103
-118
-127
-140
-145
-138
-135
-131
-134
-124
-113
-121
-136
-138
-137
-124
-112
-93
-74
-63
-44
-37
-38
-51
-55
-45
-25
-11
9
35
49
61
70
74
86
98
113
122
132
140
160
178
182
181
168
163
168
167
156
142
143
136
120
103
82
63
48
42
35
20
4
-4
-15
-22
-27
-37
-43
-47
-43
-41
-37
-35
-39
-48
-53
-50
-46
-56
-60
-54
-39
-30
-20
-12
-19
-22
-23
-18
-17
-12
-17
-12
-8
-9
-9
-9
-8
-13
-19
-23
-9
2
7
8
0
-6
-15
-20
-23
-26
-20
-21
-14
-5
-11
-11
-5
15
38
61
70
73
92
104
105
97
88
91
95
94
83
63
35
10
-13
-33
-45
-61
-79
-93
-93
-95
-98
-99
-103
-106
-107
-98
-85
-71
-72
-79
-82
-84
-89
-95
-102
-104
-107
-116
-123
-124
-128
-128
-116
-98
-79
-48
-19
0
17
39
57
74
94
108
118
130
144
151
139
120
102
88
90
84
76
70
72
72
61
61
59
59
64
79
89
90
77
59
54
38
21
-6
-20
-31
-42
-46
-53
-64
-79
-84
-78
-67
-57
-50
-45
-43
-36
-29
-26
-22
-14
-13
-1
-3
-16
-21
-20
-18
-21
-29
-33
-36
-34
-23
-16
-12
-8
4
17
13
4
3
4
8
17
21
20
9
5
20
26
16
8
16
29
42
53
63
68
80
91
99
97
91
94
96
98
92
80
66
55
51
38
21
5
-9
-18
-16
-21
-26
-31
-36
-44
-52
-63
-69
-72
-85
-85
-81
-79
-91
-103
-108
-108
-106
-104
-100
-99
-97
-87
-69
-63
-56
-47
-33
-6
10
22
36
44
54
65
72
73
67
62
73
80
76
64
57
55
51
52
50
39
28
30
42
53
53
40
33
31
26
18
10
-4
-21
-28
-25
-28
-46
-62
-69
-70
-66
-67
-68
-75
-75
-66
-52
-41
-44
-38
-26
-19
-18
-25
-23
-19
-20
-23
-21
-21
-28
-26
-27
-34
-42
-42
-34
-30
-29
-18
-1
1
0
-3
1
3
-1
5
14
16
21
28
30
30
29
32
36
38
48
63
66
68
65
70
73
70
74
74
68
65
69
67
58
41
25
23
23
24
14
-3
-13
-16
-18
-19
-31
-50
-57
-64
-60
-57
-63
-63
-59
-54
-54
-58
-64
-68
-70
-62
-62
-64
-58
-51
-37
-29
-24
-16
-11
-6
6
20
31
39
41
43
46
46
48
45
38
39
43
44
41
36
39
44
49
54
52
49
48
48
52
53
52
51
42
33
31
27
17
11
4
-1
-10
-15
-18
-27
-35
-31
-28
-32
-34
-33
-31
-28
-29
-30
-33
-38
-36
-33
-31
-38
-45
-43
-36
-31
-28
-35
-40
-43
-40
-29
-24
-20
-16
-9
-7
-12
-18
-20
-20
-17
-12
-4
-1
1
4
5
2
-2
1
7
12
19
29
35
39
47
57
61
61
62
65
62
61
63
62
57
48
44
42
38
31
22
