13
16
6
-3
-8
-5
-1
2
1
-7
-24
-37
-41
-38
-26
-14
1
15
24
27
24
13
5
3
7
24
40
51
47
35
24
21
20
26
33
34
29
21
21
22
26
34
51
61
65
62
48
27
4
-11
-7
3
10
21
23
14
5
-2
-6
-5
-10
-10
-13
-15
-9
-4
4
7
10
7
1
0
-7
-20
-30
-27
-25
-26
-26
-26
-38
-57
-78
-88
-98
-98
-89
-78
-78
-81
-78
-81
-85
-81
-66
-57
-51
-49
-41
-22
7
61
126
198
237
234
181
95
-6
-103
-171
-189
-173
-163
-158
-155
-165
-188
-177
-135
-84
-76
-109
-138
-203
-258
-274
-219
-151
-87
14
73
83
58
55
49
33
69
155
230
214
188
188
168
117
85
90
88
31
-11
-33
-56
-63
-59
-26
-13
8
18
24
6
-18
-32
-73
-62
-29
46
79
110
151
174
159
138
160
206
228
235
255
271
255
240
270
258
241
211
173
137
78
62
59
36
29
28
36
18
-22
-47
-70
-92
-96
-77
-71
-62
-51
-40
-30
-48
-61
-50
-49
-47
-67
-69
-73
-85
-94
-77
-47
-47
-71
-111
-129
-182
-229
-267
-300
-332
-354
-365
-409
-446
-500
-540
-585
-607
-622
-635
-631
-632
-612
-584
-530
-449
-357
-247
-174
-90
-20
77
185
262
357
436
558
651
741
810
856
901
900
912
890
882
838
764
698
602
528
426
349
249
151
68
-23
-73
-162
-203
-240
-248
-234
-225
-174
-142
-101
-62
-4
57
148
225
310
390
446
523
604
655
674
701
718
719
678
646
585
522
458
390
307
191
73
-30
-143
-267
-376
-454
-548
-620
-665
-758
-796
-835
-866
-886
-911
-887
-880
-878
-856
-829
-814
-809
-829
-855
-872
-915
-935
-1005
-1017
-986
-899
-608
-467
-365
-308
-6
139
77
258
458
458
235
381
697
628
603
822
1122
1129
1088
1361
1394
1234
1040
953
800
547
404
204
-12
-89
-139
-254
-358
-374
-444
-619
-676
-650
-689
-817
-805
-672
-631
-555
-320
-126
-49
-13
182
273
281
312
365
454
466
552
668
749
811
835
872
930
928
854
720
686
613
491
411
368
369
266
237
287
254
175
86
92
53
-49
-77
-115
-134
-159
-177
-175
-195
-182
-201
-188
-189
-208
-228
-244
-231
-227
-229
-206
-131
-93
-83
-61
-9
-26
-59
-71
-100
-156
-241
-281
-328
-403
-495
-576
-637
-754
-838
-983
-1150
-1315
-1466
-1594
-1795
-1551
-1306
-1221
-1294
-969
-425
-537
-474
-14
324
72
-117
506
702
448
523
1056
1380
1202
1491
1916
1878
1687
1600
1525
1202
903
685
261
4
-102
-262
-510
-593
-515
-728
-926
-876
-871
-1111
-1319
-1190
-1165
-1293
-1152
-849
-668
-678
-422
-64
65
165
287
468
566
659
786
849
995
1075
1138
1233
1318
1352
1223
1179
1175
1035
856
722
648
475
338
288
182
106
22
13
-37
-114
-72
-177
-259
-331
-335
-370
-496
-439
-437
-417
-398
-325
-192
-160
-44
47
90
155
192
243
242
259
296
297
294
306
300
277
227
237
234
180
150
72
14
-102
-168
-246
-357
-463
-553
-615
-705
-817
-910
-1027
-1106
-1205
-1275
-1373
-1435
-1526
-1569
-1256
-1103
-1023
-1107
-668
-337
-517
-323
105
310
-17
18
609
501
279
389
782
823
651
996
1204
1142
1107
1126
1040
834
666
488
120
37
-78
-293
-468
-450
-405
-615
-618
-471
-449
-614
-583
-437
-480
-575
-459
-292
-273
-291
-44
174
249
385
495
629
700
807
859
862
954
921
904
921
968
945
822
823
824
727
607
507
425
287
187
112
32
-42
-66
-61
-87
-94
-94
-76
-84
-32
-10
-36
-37
-65
-38
-70
-88
-58
-66
-17
27
90
102
90
115
107
127
97
90
29
-70
-122
-193
-265
-335
-375
-392
-418
-466
-489
-515
-539
-569
-549
-483
-486
-455
-428
-408
-371
-349
-304
-276
-273
-260
-292
-327
-378
-424
-496
-556
-636
-723
-529
-463
-473
-549
-300
-80
-347
-242
11
65
-154
-250
213
44
-67
69
298
371
279
597
736
777
844
909
863
818
809
727
452
444
391
212
51
56
72
-127
-130
-31
5
-131
-106
-16
-47
-93
-31
21
8
-19
77
138
151
265
277
330
395
488
496
451
555
500
439
366
369
328
182
200
182
136
86
58
46
-30
-64
-90
-152
-205
-241
-257
-305
-312
-299
-249
-264
-235
-123
-91
-70
-22
71
84
67
72
74
83
42
46
51
53
60
51
75
87
76
52
21
-19
-54
-125
-182
-218
-262
-263
-287
-272
-258
-248
-215
-185
-137
-111
-75
-46
-16
1
-16
-28
-80
-105
-153
-232
-300
-414
-465
-590
-665
-785
-916
-958
-1127
-943
-951
-1027
-1047
-871
-653
-890
-684
-331
-308
-376
-319
166
109
46
329
524
619
593
891
1040
1038
1130
1182
1163
1219
1189
1074
850
824
716
423
292
245
181
-32
-50
-4
-63
-183
-155
-97
-173
-210
-148
-147
-209
-249
-196
-174
-175
-112
-125
-17
82
150
237
330
468
425
432
473
473
380
293
311
250
160
123
126
116
70
44
32
-23
-47
-116
-156
-171
-246
-283
-301
-281
-261
-290
-212
-162
-108
-47
-47
38
-13
-15
16
-16
25
-76
-70
-59
-71
22
4
56
94
121
162
149
148
94
21
-1
-33
-73
-107
-160
-143
-130
-122
-74
-52
24
57
61
62
1
-23
-102
-177
-247
-322
-420
-523
-592
-665
-713
-840
-843
-974
-896
-747
-869
-800
-767
-422
-529
-477
36
57
129
11
492
561
365
605
757
906
825
991
1195
1177
1256
1306
1235
1276
1243
1122
849
713
640
312
55
-55
-168
-422
-523
-509
-527
-630
-672
-555
-534
-561
-463
-401
-436
-466
-465
-401
-461
-404
-419
-399
-226
-164
-54
-31
151
211
214
313
371
349
252
228
206
114
19
1
-81
-73
-74
-53
-52
-48
-1
-13
-1
-11
-46
-91
-77
-106
-53
-34
28
61
73
202
183
268
222
282
296
235
264
210
268
233
273
308
295
340
323
368
343
322
305
212
165
82
19
-46
-124
-134
-166
-149
-147
-125
-98
-111
-98
-116
-145
-206
-258
-383
-457
-571
-673
-774
-900
-1000
-1072
-1174
-1108
-890
-980
-903
-809
-392
-430
-511
9
44
144
-25
364
551
268
447
529
736
688
769
1052
1036
1167
1238
1208
1265
1204
1100
830
690
641
310
6
-142
-270
-528
-700
-714
-742
-812
-858
-736
-685
-685
-606
-522
-486
-473
-467
-415
-403
-365
-354
-328
-169
-103
2
49
273
395
407
565
611
644
588
585
553
428
335
262
167
113
83
67
15
28
75
60
84
78
133
79
38
35
-13
-33
-90
-84
-90
-73
-62
-33
20
45
82
62
105
116
106
113
76
154
118
92
117
67
101
62
70
39
7
-11
-82
-86
-138
-162
-182
-203
-167
-186
-186
-151
-195
-180
-200
-228
-248
-311
-305
-402
-462
-519
-612
-684
-782
-908
-983
-802
-852
-861
-861
-563
-413
-617
-163
31
74
4
148
529
259
274
360
453
492
420
708
721
794
919
912
995
1002
951
768
594
574
378
94
-54
-141
-328
-521
-514
-489
-542
-598
-488
-396
-362
-291
-201
-129
-109
-68
39
25
12
46
-18
99
81
105
150
199
345
334
465
506
545
568
505
511
446
357
294
159
83
45
-34
-42
-98
-59
-71
-41
-2
39
127
90
145
69
112
62
7
54
-27
37
-28
32
90
65
167
149
202
252
242
267
249
255
229
172
169
146
83
61
51
66
24
-32
-21
-46
-68
-90
-87
-62
-123
-135
-104
-122
-147
-183
-241
-293
-326
-411
-503
-580
-665
-783
-864
-956
-1040
-1175
-1188
-1017
-1114
-1094
-1059
-804
-774
-851
-425
-352
-252
-338
-75
181
8
147
242
433
467
528
766
832
968
1064
1109
1221
1221
1207
1042
920
936
671
448
308
218
33
-170
-197
-235
-302
-382
-324
-281
-277
-234
-194
-140
-134
-117
-68
-112
-80
-97
-149
-78
-122
-51
-60
15
122
133
243
284
372
361
384
416
378
330
243
205
132
46
4
-46
-69
-88
-40
-36
-33
47
31
63
53
86
102
35
34
-23
-45
-57
-106
-62
-30
-52
4
13
128
182
170
260
227
276
256
222
242
166
157
112
70
57
10
-15
-42
-38
-55
-83
-57
-34
-60
-63
-60
-117
-145
-220
-250
-293
-402
-476
-569
-657
-774
-868
-945
-970
-1092
-1162
-1229
-1141
-1100
-1234
-1175
-1051
-833
-994
-768
-447
-459
-342
-283
143
117
99
317
429
568
557
737
852
908
1025
1066
1100
1191
1163
1063
931
950
811
572
444
314
199
-63
-134
-208
-295
-425
-446
-383
-415
-391
-348
-265
-213
-177
-151
-130
-146
-90
-166
-131
-69
-71
-62
-34
141
117
170
228
316
370
377
451
460
449
390
351
276
239
199
136
64
58
56
5
69
78
131
121
139
219
193
230
179
215
163
136
114
42
98
20
47
50
79
117
96
157
171
221
234
251
255
245
241
190
166
108
70
-1
-69
-58
-98
-113
-134
-129
-81
-103
-86
-90
-86
-85
-145
-171
-250
-337
-427
-505
-626
-715
-795
-928
-997
-1100
-1147
-1227
-1092
-1075
-1122
-999
-864
-672
-792
-505
-257
-210
-102
2
361
245
321
485
598
698
680
899
956
1019
1112
1129
1155
1178
1125
1007
859
820
664
431
270
140
5
-219
-293
-369
-459
-553
-519
-506
-521
-457
-368
-295
-214
-142
-133
-73
-79
-38
-85
-42
-39
-71
-57
-35
98
92
166
251
327
379
407
463
486
459
406
374
322
270
172
101
51
20
-2
-34
-9
3
24
49
105
138
142
145
137
174
127
123
100
37
25
-27
-8
-22
-22
-37
-47
7
25
74
97
124
152
146
141
112
89
56
-12
-47
-79
-121
-145
-172
-140
-120
-78
-40
-19
13
8
10
-35
-95
-164
-268
-360
-461
-587
-717
-841
-926
-1035
-1106
-1159
-1194
-1211
-1130
-1108
-1121
-1011
-902
-770
-783
-509
-340
-285
-189
-51
235
190
315
452
578
664
692
848
918
1000
1068
1112
1151
1197
1139
1069
958
900
763
570
470
329
181
13
-54
-127
-201
-277
-275
-240
-263
-231
-152
-102
-97
-51
-10
31
3
5
-34
-28
-35
-78
-67
-81
-9
-8
69
134
201
254
269
342
336
333
303
252
194
124
58
12
-37
-55
-86
-97
-105
-142
-109
-107
-84
-52
-61
9
-40
-24
-15
-61
-40
-147
-128
-184
-229
-241
-305
-240
-272
-226
-178
-146
-86
-55
20
62
97
128
99
113
94
41
16
-36
-26
-3
4
39
72
91
133
193
225
239
215
184
143
47
-19
-130
-229
-349
-487
-568
-707
-778
-856
-903
-933
-910
-827
-840
-788
-733
-572
-504
-475
-239
-156
-61
23
161
343
334
432
551
651
729
793
927
985
1025
1073
1064
1087
1073
1017
950
878
851
719
574
445
328
181
17
-64
-173
-255
-314
-321
-312
-343
-285
-261
-231
-217
-216
-174
-226
-233
-259
-278
-237
-251
-238
-217
-166
-108
-96
-34
-7
75
97
109
188
211
246
224
234
222
190
171
131
140
110
60
50
-4
-13
-25
-34
7
11
38
48
30
39
18
-29
-58
-85
-88
-143
-184
-191
-215
-216
-250
-228
-219
-215
-167
-165
-110
-99
-70
-53
-54
-22
-41
-42
-56
-51
-61
-38
-10
-25
8
31
56
81
72
79
63
14
-53
-98
-177
-266
-350
-459
-523
-627
-720
-791
-879
-927
-973
-1007
-982
-948
-942
-890
-786
-666
-580
-467
-295
-143
-28
130
304
413
506
591
759
834
897
995
1046
1141
1159
1220
1233
1228
1211
1124
1093
992
897
771
598
497
347
180
32
-90
-211
-299
-375
-417
-462
-515
-497
-490
-490
-489
-449
-454
-437
-413
-393
-365
-361
-328
-312
-280
-226
-174
-135
-81
-19
38
78
143
193
226
247
258
272
240
231
201
205
210
171
171
137
128
118
78
115
99
116
123
117
143
96
102
85
57
33
-3
-34
-75
-80
-91
-82
-73
-34
-6
10
43
60
100
121
150
163
168
171
155
159
159
163
186
184
188
199
179
194
182
177
174
139
97
13
-56
-162
-255
-358
-464
-556
-688
-784
-887
-972
-1026
-1086
-1125
-1154
-1137
-1102
-1061
-998
-919
-775
-682
-572
-418
-287
-153
-49
129
291
383
488
591
696
789
856
950
994
1040
1058
1039
1042
1001
948
860
799
710
571
456
320
219
86
0
-59
-168
-224
-287
-326
-340
-359
-343
-333
-314
-295
-274
-216
-166
-127
-114
-76
-11
10
41
71
137
182
200
249
274
287
281
293
329
335
326
325
326
325
294
293
280
273
271
239
238
216
212
203
177
181
151
119
105
80
56
13
-16
-55
-82
-102
-131
-141
-178
-178
-186
-201
-205
-215
-204
-190
-168
-158
-129
-112
-98
-99
-95
-72
-66
-70
-57
-26
-14
1
9
17
15
26
21
-12
-31
-90
-141
-218
-289
-352
-467
-535
-631
-680
-751
-838
-869
-950
-954
-1012
-1034
-1015
-1028
-950
-943
-875
-793
-705
-601
-516
-340
-230
-113
13
169
314
401
501
614
712
770
839
904
940
956
960
943
933
894
849
788
724
662
570
474
385
303
211
115
47
-9
-85
-142
-181
-194
-231
-253
-238
-244
-239
-236
-200
-159
-127
-91
-50
4
37
67
88
126
147
159
180
202
219
224
251
264
271
279
288
262
250
231
224
209
199
192
178
179
133
128
112
102
76
33
20
-21
-59
-78
-105
-124
-147
-154
-182
-214
-212
-243
-240
-244
-228
-218
-213
-179
-166
-134
-118
-91
-73
-66
-41
-19
4
33
70
120
155
183
213
234
237
235
226
201
175
130
78
40
-39
-102
-159
-240
-317
-397
-463
-547
-640
-705
-749
-805
-839
-876
-880
-894
-904
-829
-827
-743
-713
-621
-546
-475
-309
-245
-62
20
206
319
428
584
622
751
780
846
874
890
900
893
884
861
827
774
708
620
578
477
424
321
252
165
65
3
-93
-140
-231
-265
-310
-359
-364
-374
-364
-331
-326
-282
-253
-226
-189
-138
-57
-24
33
73
135
145
169
219
244
266
276
301
297
301
296
301
320
326
300
305
259
226
204
158
168
129
99
74
46
21
-31
-47
-79
-102
-111
-160
-166
-183
-203
-216
-227
-221
-221
-232
-233
-224
-223
-224
-228
-196
-206
-186
-175
-172
-120
-99
-56
-6
44
76
111
136
158
182
190
195
191
183
159
135
105
81
27
-16
-59
-127
-176
-246
-307
-346
-398
-442
-494
-514
-549
-599
-610
-660
-659
-705
-693
-661
-661
-576
-579
-449
-411
-306
-151
-87
107
176
339
442
513
625
665
752
777
838
882
887
887
861
828
805
750
701
624
548
484
370
306
200
125
19
-83
-167
-275
-354
-451
-482
-516
-546
-543
-542
-541
-535
-513
-457
-413
-349
-291
-233
-172
-146
-85
-77
-34
21
39
65
74
110
123
149
180
216
253
265
278
281
264
252
235
214
232
207
194
174
170
153
107
128
91
76
31
-9
-5
-24
-37
-67
-70
-78
-110
-133
-137
-129
-119
-119
-84
-73
-60
-50
-37
17
27
57
93
117
149
154
192
217
229
245
245
273
271
252
264
249
242
206
153
114
45
-16
-82
-123
-168
-216
-268
-328
-371
-431
-475
-508
-544
-573
-613
-653
-673
-699
-684
-693
-668
-612
-608
-527
-495
-406
-341
-247
-90
-8
143
233
366
474
558
680
721
791
828
855
874
869
860
824
763
716
646
567
500
411
360
263
191
89
-9
-85
-195
-254
-347
-420
-504
-564
-596
-631
-626
-632
-620
-586
-564
-530
-491
-445
-390
-320
-246
-198
-136
-112
-85
-61
-31
16
22
51
74
87
113
141
190
229
237
282
291
282
290
276
293
280
299
269
236
212
162
148
110
101
63
45
19
-22
-29
-61
-72
-81
-96
-102
-105
-109
-104
-85
-65
-41
-3
24
41
79
112
157
200
241
283
304
344
356
390
424
430
459
430
411
368
302
259
200
153
80
17
-35
-116
-200
-291
-355
-413
-466
-531
-614
-650
-702
-753
-758
-768
-772
-778
-787
-753
-733
-675
-629
-556
-484
-409
-300
-231
-76
-1
131
249
356
475
513
615
634
690
724
723
740
713
694
648
615
573
511
450
404
334
257
187
104
38
-36
-106
-185
-271
-321
-379
-432
-464
-496
-502
-521
-524
-520
-481
-448
-413
-334
-271
-202
-164
-113
-60
-11
33
96
127
131
182
186
202
219
234
259
259
278
281
295
299
281
294
285
268
252
230
200
165
146
100
83
46
-4
-44
-100
-137
-164
-175
-192
-206
-214
-233
-228
-213
-227
-197
-166
-148
-144
-119
-88
-58
-28
11
54
93
140
178
231
262
304
329
360
362
344
334
301
291
254
223
181
118
62
-20
-98
-179
-242
-309
-364
-419
-473
-512
-553
-574
-587
-588
-600
-607
-594
-583
-587
-565
-537
-526
-473
-437
-391
-332
-261
-174
-96
42
103
202
288
356
449
469
551
563
577
567
530
521
480
451
423
376
340
303
257
218
145
108
44
0
-55
-124
-164
-236
-271
-315
-330
-354
-376
-379
-378
-368
-344
-306
-273
-235
-182
-129
-78
-14
47
116
164
210
264
298
328
360
385
403
425
441
460
480
479
485
508
501
502
492
473
461
442
428
372
330
256
196
136
49
-2
-76
-128
-183
-223
-273
-323
-339
-364
-388
-391
-400
-385
-384
-387
-344
-324
-294
-246
-202
-162
-125
-93
-48
-2
37
86
129
174
208
231
251
257
258
254
229
210
179
131
78
29
-8
-68
-132
-183
-238
-289
-344
-372
-391
-414
-410
-413
-411
-403
-396
-375
-361
-349
-340
-324
-300
-280
-231
-205
-168
-92
-25
55
115
210
291
337
393
437
495
504
521
525
525
518
485
463
412
369
313
261
210
142
81
32
-26
-75
-122
-170
-210
-263
-310
-362
-402
-440
-473
-502
-515
-508
-515
-500
-471
-426
-373
-315
-249
-178
-104
-42
29
106
178
239
279
332
379
412
431
438
455
456
469
476
501
500
486
487
468
458
432
406
363
322
280
215
150
86
33
-31
-91
-143
-192
-232
-275
-304
-322
-333
-333
-325
-314
-311
-304
-277
-254
-228
-203
-151
-93
-48
11
60
103
150
190
249
287
321
336
329
339
332
317
275
242
201
150
98
38
-25
-106
-157
-212
-247
-274
-310
-334
-366
-386
-406
-405
-400
-401
-380
-375
-370
-356
-357
-334
-315
-301
-273
-262
-238
-215
-201
-172
-139
-93
-66
-26
29
76
129
172
212
244
258
273
273
262
251
224
191
147
110
90
66
41
13
-18
-43
-77
-97
-109
-145
-177
-196
-221
-247
-263
-282
-293
-299
-285
-259
-226
-186
-163
-103
-54
1
62
118
184
229
277
333
372
414
443
461
498
510
522
529
540
533
520
516
495
469
445
423
387
340
292
247
187
115
60
5
-35
-100
-157
-213
-273
-314
-349
-363
-377
-385
-392
-381
-381
-353
-329
-311
-271
-231
-181
-142
-108
-71
-28
22
84
139
188
217
242
257
254
245
246
246
223
191
155
116
83
49
15
-34
-86
-134
-159
-177
-212
-248
-269
-269
-292
-286
-279
-277
-281
-278
-253
-242
-234
-224
-197
-175
-158
-129
-107
-82
-75
-62
-49
-22
10
31
69
73
80
88
90
113
123
136
135
133
124
122
122
111
110
94
86
66
57
33
-11
-49
-81
-95
-122
-142
-152
-183
-208
-212
-204
-205
-203
-196
-189
-173
-185
-187
-166
-152
-123
-84
-34
26
74
128
195
251
289
350
402
437
460
483
499
497
506
501
499
499
468
445
414
367
316
263
232
169
113
68
28
-10
-65
-120
-173
-221
-265
-296
-313
-335
-367
-371
-377
-366
-333
-296
-256
-206
-143
-84
-33
12
58
108
158
201
247
281
312
329
325
325
321
307
294
280
243
185
155
113
90
60
25
4
-50
-96
-147
-180
-217
-271
-318
-364
-395
-409
-420
-410
-401
-393
-382
-361
-342
-333
-313
-290
-277
-277
-270
-254
-252
-243
-219
-187
-148
-124
-113
-97
-62
-61
-60
-28
1
17
22
29
27
30
37
59
59
50
33
16
9
-15
-14
-24
-25
-16
-24
-22
-21
-27
-25
-16
-11
5
5
9
27
28
35
49
76
106
141
186
243
291
321
362
405
441
464
487
513
538
546
517
507
467
423
386
346
301
249
211
151
96
35
-29
-80
-128
-165
-203
-252
-308
-350
-399
-427
-443
-463
-468
-472
-469
-471
-448
-423
-379
-321
-265
-201
-146
-93
-48
1
39
93
140
170
211
238
247
258
256
256
251
241
234
226
219
207
203
187
170
152
127
113
76
45
29
-1
-35
-69
-90
-115
-137
-148
-153
-154
-163
-167
-166
-168
-184
-177
-177
-171
-169
-176
-185
-195
-188
-197
-197
-187
-185
-191
-201
-199
-199
-196
-190
-172
-155
-135
-120
-111
-82
-63
-48
-46
-46
-46
-35
-11
2
27
41
50
62
69
78
86
88
102
118
136
152
165
169
174
205
226
245
260
271
290
307
350
393
417
444
457
473
482
477
490
502
509
504
489
467
429
393
360
325
279
239
200
152
93
30
-31
-82
-126
-171
-206
-243
-271
-288
-311
-337
-365
-395
-433
-455
-467
-475
-485
-497
-474
-454
-436
-408
-375
-326
-280
-235
-195
-163
-140
-122
-95
-77
-70
-56
-46
-54
-63
-77
-73
-73
-76
-72
-83
-93
-97
-104
-102
-94
-99
-97
-104
-90
-79
-88
-92
-112
-114
-111
-111
-101
-90
-71
-52
-37
-3
22
37
60
84
104
114
128
143
144
135
128
131
139
146
160
166
171
173
182
195
205
211
204
203
189
177
167
154
153
130
112
92
59
36
4
-25
-42
-53
-48
-42
-31
-29
-24
-13
0
13
40
59
77
107
122
143
160
170
185
202
219
234
241
250
245
243
231
212
194
182
166
134
95
60
20
-17
-50
-75
-109
-134
-163
-207
-242
-282
-309
-337
-353
-369
-376
-375
-385
-398
-401
-397
-390
-373
-360
-345
-334
-313
-274
-246
-213
-184
-144
-113
-85
-43
-5
33
52
66
79
84
84
95
97
89
76
68
66
64
49
44
39
33
30
19
35
32
25
34
36
38
30
16
18
16
3
-2
1
-1
1
3
21
35
51
61
69
73
71
72
83
92
96
107
103
98
92
89
93
92
97
103
105
112
110
109
97
92
97
89
97
98
89
75
59
49
51
50
36
29
36
49
55
71
90
110
128
150
169
170
163
169
169
161
172
188
218
223
225
226
228
217
195
203
193
196
180
171
157
131
114
83
91
78
52
40
5
-38
-83
-107
-137
-165
-182
-205
-207
-234
-242
-248
-254
-230
-246
-255
-268
-280
-293
-305
-304
-306
-278
-264
-240
-231
-217
-195
-215
-201
-210
-204
-180
-166
-146
-140
-117
-106
-84
-58
-48
-19
5
21
26
28
20
12
20
19
24
33
40
41
29
24
23
20
12
11
2
-13
-23
-35
-41
-32
-15
-8
6
17
21
24
42
58
71
81
100
118
126
143
148
149
149
156
157
141
134
118
108
108
90
74
58
40
26
12
-1
-21
-30
-47
-67
-80
-94
-98
-96
-92
-97
-109
-121
-122
-122
-129
-117
-112
-112
-104
-97
-97
-85
-85
-84
-65
-54
-53
-45
-32
-23
-30
-29
-8
-4
8
30
58
70
58
48
40
33
26
18
15
13
3
-6
-19
-19
-30
-39
-37
-45
-45
-42
-42
-53
-53
-46
-43
-39
-33
-14
-8
-8
0
17
34
36
60
72
82
98
99
109
106
112
120
115
111
128
142
142
149
134
127
135
136
131
124
122
89
59
37
9
-16
-37
-47
-48
-51
-65
-77
-82
-85
-91
-98
-99
-97
-87
-82
-78
-66
-60
-45
-26
-6
14
3
4
19
18
14
15
15
21
26
23
29
40
47
36
33
45
54
58
62
63
55
47
42
51
59
70
81
83
77
61
55
55
58
49
38
38
41
24
10
9
1
-5
-15
-3
6
18
23
12
26
26
24
41
73
87
88
89
94
93
86
92
84
85
95
87
74
69
63
44
29
15
7
6
-5
-30
-45
-58
-79
-91
-85
-87
-105
-112
-124
-142
-146
-143
-143
-142
-119
-111
-106
-98
-96
-88
-72
-53
-59
-44
-14
-10
-8
-6
7
12
19
32
44
59
69
62
50
59
60
48
48
49
48
44
42
44
49
47
32
22
23
18
8
6
6
-4
-3
-3
-5
-2
-1
-12
-20
-8
0
-3
-7
-4
-5
-9
-3
2
6
25
38
26
19
24
31
26
15
12
13
17
16
5
4
1
-36
-64
-65
-70
-94
-116
-125
-129
-138
-159
-173
-171
-167
-187
-199
-191
-194
-200
-201
-183
-169
-165
-151
-130
-100
-77
-62
-58
-36
-11
-5
5
23
37
50
73
81
103
131
134
133
127
132
126
107
107
104
102
104
96
96
105
102
93
84
78
69
56
45
39
30
24
16
3
7
8
2
-12
-17
-19
-28
-35
-44
-37
-32
-34
-29
-11
5
8
7
18
28
24
24
21
17
20
19
27
32
36
36
16
8
11
3
-9
-25
-31
-24
-32
-40
-46
-58
-68
-65
-63
-74
-88
-86
-83
-92
-95
-86
-75
-69
-55
-41
-26
-13
-13
-11
4
17
19
23
45
74
83
98
128
142
147
148
146
153
145
130
132
130
129
124
118
122
112
94
76
65
58
46
22
7
1
-4
-12
-15
-18
-28
-23
-14
-18
-28
-37
-37
-40
-43
-44
-40
-26
-9
5
18
26
21
27
37
44
42
32
32
44
57
68
69
67
71
67
70
64
51
44
28
22
15
6
6
5
0
-8
-20
-26
-25
-33
-47
-59
-67
-75
-82
-87
-89
-79
-75
-74
-68
-68
-68
-70
-63
-54
-55
-59
-47
-34
-18
-5
-9
-3
1
11
22
24
24
15
3
11
17
12
10
3
8
12
2
-6
-13
-15
-25
-34
-37
-49
-57
-48
-40
-47
-62
-62
-51
-44
-47
-54
-49
-34
-36
-33
-19
-6
-6
-9
9
21
20
22
34
44
56
53
48
59
62
66
55
53
54
45
44
41
26
15
9
-5
-7
-19
-27
-32
-44
-54
-67
-73
-82
-93
-98
-98
-109
-122
-113
-99
-99
-106
-109
-105
-94
-89
-89
-84
-79
-70
-66
-50
-28
-24
-18
-4
7
16
27
30
45
59
57
56
55
68
77
77
75
69
71
82
76
68
66
55
47
38
34
25
15
17
19
19
13
11
10
13
13
-2
-14
-16
-17
-16
-13
-15
-15
-17
-17
-11
-14
-11
-16
-21
-23
-29
-26
-21
-23
-32
-22
-16
-17
-17
-7
11
4
-3
-5
2
4
-4
-12
-10
-5
-11
-12
-2
8
2
0
-3
-4
-8
-19
-19
-15
-3
0
7
29
36
42
50
55
57
62
68
69
72
81
95
90
94
98
102
101
95
95
90
92
85
80
74
68
54
40
40
33
28
15
7
5
-1
-18
-37
-43
-56
-70
-77
-80
-86
-78
-71
-75
-80
-78
-66
-69
-65
-57
-57
-49
-34
-14
0
13
17
21
29
39
37
32
39
41
39
41
53
50
42
39
39
36
21
17
20
26
21
12
15
11
4
0
3
2
-3
-1
4
9
8
3
-1
2
-6
-18
-21
-11
-7
-16
-12
-7
-8
-14
-14
-16
-26
-30
-28
-22
-17
-14
-9
-4
-3
-7
-9
-9
-12
-15
-15
-13
-9
-10
-16
-15
-17
-22
-35
-37
-34
-42
-43
-40
-40
-47
