-90
-94
-96
-102
-101
-101
-103
-99
-100
-100
-95
-92
-83
-65
-59
-47
-33
-24
-9
7
22
40
57
70
83
95
107
122
134
143
150
156
160
166
164
165
167
162
157
154
145
136
130
116
104
96
87
79
67
55
47
34
24
22
13
9
7
-2
-4
-4
-5
5
8
8
14
15
16
22
24
26
32
29
26
26
18
13
9
-5
-13
-23
-42
-52
-66
-86
-100
-119
-136
-148
-163
-179
-188
-206
-221
-229
-238
-243
-246
-254
-257
-258
-260
-249
-240
-232
-213
-198
-189
-164
-144
-120
-87
-58
-33
-1
24
55
85
107
136
156
170
188
200
207
215
213
205
200
192
176
163
145
123
107
88
71
56
39
26
11
-5
-13
-20
-21
-18
-17
-16
-10
-1
7
21
41
57
74
88
105
122
136
151
162
167
173
175
172
172
164
153
139
121
103
87
66
43
22
-4
-26
-46
-63
-79
-93
-112
-121
-130
-136
-134
-138
-135
-135
-134
-129
-125
-116
-106
-99
-96
-91
-88
-82
-72
-65
-62
-61
-63
-64
-68
-72
-68
-75
-78
-87
-93
-97
-109
-121
-140
-152
-163
-174
-177
-175
-171
-174
-174
-174
-167
-150
-124
-105
-92
-65
-37
-16
26
67
99
130
164
185
210
242
264
282
280
293
301
285
274
270
251
226
205
178
157
136
115
95
70
37
5
-10
-31
-46
-62
-68
-71
-76
-71
-64
-58
-61
-39
-14
2
32
70
97
115
139
165
174
185
204
221
212
215
228
218
212
206
190
175
148
109
107
73
45
30
-13
-33
-59
-75
-75
-108
-148
-149
-157
-186
-184
-169
-210
-214
-164
-194
-208
-171
-200
-212
-196
-178
-167
-197
-198
-143
-164
-220
-184
-188
-225
-220
-212
-195
-211
-256
-249
-231
-258
-285
-273
-288
-243
-222
-206
-203
-176
-178
-183
-103
-66
-55
-45
24
70
80
128
188
201
218
262
317
309
310
352
341
321
301
304
300
256
239
229
203
155
115
108
77
33
33
64
26
-34
-28
-28
-48
-55
-45
-18
-19
14
51
42
32
30
71
86
97
122
158
189
198
235
265
250
240
265
300
315
300
327
309
267
248
234
215
169
153
129
97
60
21
-11
-69
-119
-129
-156
-184
-213
-199
-226
-265
-243
-248
-286
-256
-264
-241
-164
-273
-215
-140
-271
-185
-143
-142
-151
-203
-46
-87
-227
-128
-48
-276
-209
-84
-226
-222
-181
-226
-254
-269
-292
-270
-352
-297
-254
-411
-346
-327
-423
-372
-365
-400
-393
-328
-295
-275
-269
-222
-209
-216
-124
-43
-15
20
74
142
134
140
240
276
308
365
429
474
472
460
491
480
437
444
477
439
416
390
360
323
252
240
211
185
161
180
174
119
79
77
81
52
59
99
108
80
109
131
111
88
120
153
152
198
214
232
242
241
263
251
243
233
253
254
227
237
196
158
128
99
82
45
16
4
-25
-72
-113
-138
-169
-226
-246
-229
-218
-263
-239
-256
-268
-307
-269
-202
-370
-168
-223
-273
-99
-298
-50
-233
-214
18
-321
-21
-140
-60
-35
-278
135
-154
-295
114
-260
-110
-25
-351
62
-267
-330
8
-360
-191
-155
-370
-73
-229
-345
-134
-220
-265
-285
-199
-131
-323
-186
-83
-158
-151
-104
46
-107
-65
153
70
142
128
235
247
142
299
298
271
354
336
384
386
266
341
302
267
290
275
287
266
199
205
209
86
105
85
65
47
24
68
-27
-46
-44
-75
-58
-85
-44
-15
4
-1
24
38
25
67
94
176
156
166
245
210
162
211
205
188
203
226
258
205
214
196
200
155
139
147
117
116
68
60
29
-34
-42
-76
-117
-153
-140
-150
-200
-192
-184
-272
-237
-255
-231
-275
-209
-265
-268
-153
-390
-81
-375
-193
-69
-463
16
-154
-380
-27
-68
-349
-40
-167
-246
-36
-352
-9
-110
-435
100
-196
-406
42
-204
-225
-192
-104
-208
-310
-142
-187
-252
-257
-180
-188
-306
-231
-220
-275
-185
-268
-153
-198
-124
-118
-197
-35
-124
-111
11
68
-21
107
161
109
197
178
280
287
255
408
405
371
450
430
409
384
368
417
389
369
335
342
282
219
209
201
195
135
190
169
129
116
86
61
18
-3
27
23
4
1
18
26
-25
27
64
39
47
52
105
79
60
143
117
69
106
117
135
114
119
170
135
81
98
107
74
50
54
57
-18
-28
-35
-66
-89
-59
-89
-92
-36
-126
-43
-148
-94
-56
-275
27
-73
-316
181
-212
-150
61
-321
141
-253
-125
292
-421
159
87
-405
324
-264
-31
148
-332
334
-199
-168
355
-434
50
79
-364
183
-215
-179
98
-364
-38
-85
-386
-62
-179
-353
-202
-181
-313
-333
-243
-317
-377
-310
-360
-233
-338
-299
-88
-362
-232
-104
-309
-96
-113
-86
32
-55
157
93
92
281
194
292
401
349
438
415
386
479
397
392
454
375
368
361
266
283
235
170
208
154
166
122
92
85
-5
-11
-26
-61
-68
-70
-76
-29
-80
-46
-12
-100
-35
-53
-50
53
-4
45
108
48
59
85
92
102
106
162
162
169
175
169
150
136
161
148
138
103
129
107
28
88
29
-5
-11
-29
-11
3
17
-69
23
-117
-61
-8
-153
89
-119
-72
51
-234
148
-299
16
36
-280
194
-287
118
-112
-233
250
-434
180
-10
-352
410
-365
1
159
-395
241
-254
-132
179
-472
139
-124
-367
127
-330
-263
-46
-445
-142
-291
-397
-137
-454
-391
-243
-422
-354
-374
-345
-360
-374
-213
-398
-202
-306
-268
-48
-302
-19
-39
-162
102
2
63
180
101
286
226
254
445
303
407
396
332
398
311
306
349
281
243
288
186
170
151
92
105
67
22
20
-21
-30
-1
-34
-10
-69
-17
3
-26
36
17
23
40
26
94
110
113
172
139
158
155
130
172
181
157
214
221
222
203
195
204
118
146
133
150
133
94
144
100
19
27
18
24
-10
0
-41
7
-52
-117
65
-213
-12
-107
-142
76
-313
168
-261
-109
108
-468
268
-366
39
37
-310
229
-377
148
-99
-230
304
-353
215
-72
-72
183
-317
269
-177
-3
115
-207
274
-287
71
22
-335
210
-306
-18
0
-414
89
-276
-390
36
-388
-326
-63
-476
-272
-212
-578
-134
-490
-388
-141
-479
-131
-239
-269
-140
-227
-111
-162
-26
-34
-81
166
-12
138
183
127
328
187
380
372
268
460
319
364
372
269
372
309
224
307
200
152
149
73
90
50
61
56
3
-35
-51
-26
-73
-67
-22
-38
9
-48
16
73
-76
32
117
28
105
132
141
150
110
173
132
125
185
166
192
170
166
171
114
118
123
77
73
75
72
55
-13
24
-49
-36
-74
-84
-54
-63
-243
32
-119
-371
173
-426
-26
-81
-241
122
-356
124
-228
-80
71
-349
353
-375
142
19
-222
193
-112
-59
-4
168
-228
226
40
-130
314
-308
303
-11
-121
258
-184
60
-69
-28
-85
-150
37
-330
89
-247
-254
66
-550
41
-348
-433
83
-592
-163
-166
-493
-131
-331
-287
-228
-295
-184
-183
-251
-120
-62
-276
2
-122
-71
59
-59
142
10
168
91
96
204
108
282
219
317
308
197
305
188
211
248
163
277
129
121
145
37
68
8
8
-10
-5
-23
22
-8
-1
5
-32
43
-23
67
138
-13
123
126
85
91
98
207
82
163
252
68
177
232
105
138
227
194
102
115
259
105
17
208
131
-37
77
209
-59
77
90
-83
122
-152
-49
239
-358
139
125
-408
371
-341
84
-23
-220
190
-225
136
-240
157
-165
-99
170
-261
127
-54
-94
-21
34
-271
220
-310
17
141
-320
195
-174
59
-161
54
-138
96
-195
-43
113
-411
256
-368
-60
82
-525
286
-365
-140
11
-478
190
-421
-86
-46
-327
29
-329
-146
-75
-359
-109
-57
-334
-38
-180
-149
-172
-103
-31
-173
-50
-102
5
-190
54
13
26
-5
75
172
-94
289
30
164
250
73
302
143
195
222
132
200
151
131
189
89
132
43
17
60
-17
33
-25
116
40
-105
89
67
-189
104
94
-86
186
-1
168
121
-107
372
62
-12
312
203
99
136
269
140
30
215
206
80
188
147
127
109
11
116
121
-1
95
140
38
-62
133
-96
-26
61
-219
226
-271
31
-48
-162
-101
-200
86
-363
75
-71
-193
-46
-205
-156
-55
-203
34
-231
85
-65
-312
115
-180
-115
-112
49
-135
-41
-146
112
-143
-339
435
-301
-38
171
-168
50
-126
-123
-37
-93
-188
-68
-179
-44
-219
-115
-180
53
-326
-141
69
-326
-64
-165
-65
-171
-262
-25
-72
-248
-27
-112
-71
-118
-161
-127
-50
-68
-75
44
-58
95
-58
18
129
9
118
202
178
75
247
177
191
226
239
313
255
233
248
206
216
182
145
262
139
156
124
115
115
14
33
140
49
8
74
76
52
-41
-63
201
3
-132
329
5
1
218
-42
140
84
1
183
39
48
197
-39
62
84
49
56
134
125
44
187
1
-23
-2
131
-19
-29
70
64
-61
-273
-63
57
-325
-217
151
-105
-356
-132
60
-237
-427
66
190
-497
-26
301
-348
-282
224
-175
-214
113
202
-271
-90
257
-304
-276
326
-26
-332
279
-11
-227
-99
77
-63
-125
46
146
-217
-102
13
-302
-232
124
-352
-106
88
-402
-197
-42
-368
-132
-226
-88
-15
-448
36
-123
-480
15
-205
-193
-78
-217
-91
-302
-132
-59
-254
24
-81
-128
-24
-1
6
-27
69
108
10
77
199
67
135
168
195
130
225
214
192
222
233
106
219
205
51
201
166
90
120
74
88
18
5
176
-49
79
96
-9
-35
44
130
-110
154
98
-18
137
45
102
55
79
276
33
151
366
47
144
202
134
166
131
252
138
141
186
109
80
142
153
142
45
160
166
-35
121
9
53
106
-118
73
140
-102
-121
180
10
-239
158
86
38
-161
147
147
-389
104
263
-400
140
197
-319
91
-109
12
-168
5
148
-251
110
-84
-102
-136
-81
75
-327
144
-48
-393
237
-263
-264
42
-257
-92
-301
-50
-87
-592
-69
-43
-472
-172
-223
-129
-332
-422
-86
-337
-407
-250
-277
-354
-217
-212
-140
-233
-175
-118
-195
26
-80
107
67
-57
99
11
151
147
179
441
221
316
414
194
399
319
388
398
270
361
198
182
206
79
184
185
129
70
109
70
-35
26
-7
16
-22
122
51
-64
63
-23
-12
23
65
70
108
111
85
105
56
90
41
138
209
66
124
99
29
77
30
88
120
80
55
19
123
-39
31
84
-32
12
-51
-19
-38
-64
-117
-67
-101
-127
-24
-152
-104
-67
-190
-165
-24
-157
-82
63
-104
-92
4
-1
-112
93
195
-60
10
163
-14
-162
114
338
-133
-5
340
-146
-261
133
121
-184
91
82
-149
-216
-124
-87
-343
-94
-33
-252
-441
-140
-426
-591
-247
-361
-494
-430
-384
-630
-611
-548
-501
-460
-363
-120
-258
-514
-257
-261
-381
59
158
218
55
39
195
99
220
467
576
618
524
560
466
412
450
543
678
593
506
366
298
101
94
234
277
229
115
86
-41
-185
-115
-68
38
73
87
91
-51
-100
-73
25
225
217
229
248
169
64
152
300
312
392
416
382
243
176
208
259
324
356
372
266
120
55
108
92
131
229
176
148
56
-101
-57
-87
-87
-3
-65
-125
-216
-287
-301
-246
-232
-199
-210
-217
-270
-374
-332
-318
-210
-193
-152
-172
-184
-363
-249
-125
-159
-68
-76
16
-128
-290
12
-6
-235
44
215
-186
-102
-163
-178
-127
-292
159
-230
-403
-117
-479
-392
-303
-293
-294
-576
-354
-466
-768
-571
-544
-685
-612
-603
-573
-386
-308
-308
-538
-355
-140
-244
68
331
269
-6
11
416
355
461
770
755
764
496
633
728
581
775
749
863
696
453
387
340
251
188
236
282
3
-201
-215
-238
-249
-262
-139
-174
-247
-325
-263
-252
-308
-176
-13
43
-49
-34
12
27
67
203
364
275
256
243
268
291
315
367
415
420
399
373
356
376
286
331
392
333
245
202
197
105
98
159
97
90
57
-50
-39
-38
-102
-93
-48
-136
-212
-222
-223
-249
-203
-184
-222
-200
-220
-271
-197
-196
-172
-7
-74
-81
-126
-53
8
-122
37
139
-7
-149
18
-88
-133
-46
-70
22
-275
-168
-242
-463
-275
-329
-430
-454
-453
-547
-737
-711
-672
-794
-870
-795
-946
-1071
-923
-914
-804
-458
-391
-497
-862
-550
-353
-342
178
404
287
-209
-29
430
446
751
976
1020
879
587
943
1002
1077
1170
1072
1209
792
548
530
575
470
408
466
275
-90
-302
-246
-134
-146
-154
-174
-302
-408
-449
-249
-212
-177
-203
-96
-118
-234
-99
-20
143
231
284
326
263
244
307
474
579
536
531
444
504
483
468
586
482
508
381
342
400
243
288
237
302
242
13
36
-21
0
-81
-64
-4
-261
-282
-299
-320
-365
-400
-285
-364
-387
-438
-409
-313
-303
-290
-242
-207
-269
-231
-128
-56
-89
-73
23
-17
-40
36
62
126
31
21
2
-50
-38
6
51
-136
-214
-266
-330
-340
-335
-346
-409
-552
-742
-704
-722
-784
-715
-797
-821
-1117
-1137
-999
-1027
-565
-303
-394
-749
-900
-462
-350
38
527
510
167
-288
177
665
845
1118
1141
1150
739
712
1110
1289
1309
1166
1194
979
604
540
601
663
481
338
212
-61
-296
-379
-169
-50
-189
-395
-478
-500
-539
-380
-165
-178
-285
-353
-240
-205
-119
45
151
200
138
111
206
319
406
474
573
453
351
344
453
519
530
621
511
420
264
275
334
346
388
320
259
83
-60
45
92
106
54
-56
-157
-297
-267
-235
-194
-213
-312
-340
-429
-439
-407
-313
-269
-273
-330
-372
-349
-268
-188
-152
-83
-121
-194
-152
-64
9
61
54
23
-79
-58
14
-21
11
-25
-119
-152
-189
-233
-305
-345
-413
-488
-504
-594
-685
-738
-769
-802
-912
-933
-986
-1126
-1093
-1072
-1086
-1149
-859
-438
-517
-723
-865
-466
-266
-90
411
577
198
-295
175
921
1045
1050
1164
1160
856
774
1388
1659
1500
1232
1146
1128
837
881
988
963
603
272
254
161
5
-134
-46
-9
-225
-451
-506
-426
-353
-316
-208
-291
-484
-536
-341
-139
-76
-60
-44
-43
0
114
273
363
389
360
375
424
398
491
571
604
547
454
423
445
462
507
403
359
313
206
175
230
192
59
2
-3
-88
-221
-169
-139
-170
-301
-348
-347
-401
-367
-370
-331
-407
-515
-480
-376
-353
-374
-307
-251
-308
-311
-201
-104
-73
-135
-70
-31
-38
15
70
101
84
59
81
87
13
-11
9
5
-103
-188
-261
-335
-359
-367
-365
-546
-682
-756
-838
-868
-824
-938
-1085
-1196
-1129
-1101
-1000
-516
-464
-665
-1032
-682
-149
-87
227
536
368
-177
-34
900
1324
1194
1143
1193
1114
901
1428
1910
1797
1371
1065
1163
1084
1042
1043
988
627
143
30
94
75
-103
-254
-291
-492
-707
-719
-612
-511
-601
-668
-762
-825
-797
-616
-356
-327
-379
-422
-377
-181
0
159
205
176
146
213
350
452
515
500
491
495
480
459
490
514
584
484
456
342
285
357
362
413
292
149
24
-34
65
45
-22
-90
-247
-266
-341
-281
-270
-329
-348
-485
-485
-490
-394
-337
-374
-401
-423
-394
-377
-261
-185
-166
-186
-182
-114
-62
-6
58
67
13
-25
-23
40
65
46
-10
-70
-134
-185
-186
-199
-306
-440
-565
-621
-693
-834
-880
-945
-1122
-1180
-1261
-1252
-1291
-1314
-797
-574
-709
-1196
-1137
-424
-203
4
245
218
-293
-585
516
1339
1263
920
877
1097
944
1348
2015
2109
1588
984
1121
1376
1396
1383
1233
895
267
88
323
413
215
-151
-301
-433
-599
-623
-476
-339
-489
-750
-846
-861
-714
-537
-320
-300
-474
-574
-510
-167
128
246
165
77
101
240
432
606
623
562
422
482
573
695
801
615
659
516
586
481
498
678
509
418
264
310
284
131
276
225
87
-89
-189
15
-105
-126
-172
-280
-322
-441
-333
-297
-288
-359
-382
-371
-424
-337
-255
-190
-200
-230
-216
-198
-97
10
37
62
-1
31
74
126
159
144
153
43
-11
-1
-52
-101
-194
-288
-383
-534
-666
-678
-725
-803
-1048
-1159
-1224
-1273
-1303
-1324
-1311
-1360
-833
-659
-794
-1317
-1006
-381
-245
63
320
211
-471
-282
906
1510
1274
1006
1038
1174
1090
1719
2261
2061
1437
1030
1371
1496
1574
1448
1155
691
227
275
475
440
85
-300
-409
-457
-555
-511
-451
-395
-605
-812
-899
-830
-635
-504
-389
-496
-625
-675
-505
-118
97
110
-41
-60
125
334
525
576
498
405
420
557
698
676
643
533
563
564
539
534
514
510
399
355
318
249
183
175
165
111
-32
-122
-138
-144
-191
-259
-296
-393
-442
-476
-453
-471
-525
-502
-501
-516
-477
-447
-370
-305
-307
-270
-254
-203
-134
-61
-15
-2
-57
-52
21
58
55
15
-41
-102
-130
-179
-175
-269
-379
-485
-555
-626
-692
-781
-881
-1051
-1103
-1276
-1343
-1390
-1426
-1460
-1507
-861
-704
-1021
-1599
-1196
-425
-307
-46
251
96
-573
-452
922
1625
1295
911
950
1219
1164
1767
2320
2128
1439
1002
1404
1660
1662
1468
1150
718
297
316
556
555
170
-262
-361
-331
-405
-444
-412
-353
-517
-761
-863
-802
-626
-484
-394
-421
-521
-592
-469
-96
197
199
19
-68
76
330
523
598
502
398
336
460
711
737
658
535
539
538
442
544
597
565
453
351
333
206
176
227
214
101
-117
-196
-195
-192
-190
-250
-315
-475
-515
-449
-418
-430
-479
-490
-541
-512
-439
-366
-305
-311
-324
-326
-298
-208
-134
-55
-12
-38
-51
-58
-4
68
89
50
-27
-88
-116
-147
-141
-154
-247
-379
-460
-558
-583
-652
-699
-869
-1078
-1129
-1247
-1205
-1238
-1234
-1365
-1038
-543
-651
-1092
-1170
-480
-174
-8
411
488
-54
-454
506
1553
1628
1255
1118
1273
1259
1523
2226
2353
1821
1182
1191
1566
1644
1556
1231
869
387
210
374
442
190
-268
-457
-384
-456
-582
-602
-520
-510
-691
-823
-902
-785
-640
-487
-417
-457
-574
-618
-343
55
241
150
-4
20
197
430
602
648
525
354
352
532
794
696
544
473
539
524
401
500
594
424
311
305
402
233
52
206
199
120
-133
-121
-37
-168
-180
-193
-181
-295
-394
-296
-261
-347
-371
-362
-285
-329
-357
-272
-194
-124
-212
-210
-205
-174
-122
-52
-29
-91
-148
-162
-103
-52
-95
-171
-198
-242
-295
-348
-323
-360
-434
-514
-572
-652
-740
-838
-879
-988
-1102
-1273
-1313
-1305
-1317
-1339
-1332
-742
-576
-825
-1296
-967
-287
-178
197
492
298
-430
-346
940
1610
1432
1106
1041
1157
1077
1699
2265
2112
1495
962
1245
1432
1485
1333
1035
677
223
138
267
257
-28
-384
-479
-486
-626
-742
-703
-547
-565
-743
-887
-887
-744
-608
-406
-306
-377
-512
-499
-146
197
298
167
108
193
324
487
610
630
505
398
513
613
651
527
458
611
541
488
352
425
428
305
390
362
217
-3
-28
182
157
20
-92
-155
-152
-249
-146
-99
-187
-272
-316
-230
-232
-206
-162
-148
-193
-233
-175
-102
-21
-57
-63
-77
-97
-69
-48
9
-2
-39
-67
-97
-82
-61
-93
-128
-204
-285
-366
-405
-362
-409
-489
-595
-673
-758
-837
-873
-902
-1073
-1208
-1340
-1320
-1310
-1390
-1357
-1383
-803
-507
-659
-1121
-1083
-394
-181
176
625
531
-74
-354
743
1581
1519
1370
1318
1410
1201
1530
2188
2257
1825
1302
1308
1402
1313
1266
1148
870
371
74
62
46
-131
-356
-418
-460
-676
-863
-859
-696
-626
-718
-803
-889
-844
-759
-507
-296
-268
-311
-357
-145
81
276
316
345
397
435
440
496
587
611
566
562
673
596
518
384
505
624
489
486
368
289
182
187
397
307
150
12
-65
-3
-100
-2
49
-59
-141
-275
-135
-108
-113
-64
-104
-130
-203
-138
-56
-46
-55
-49
-22
-24
-38
-8
24
80
73
10
-39
-63
-55
-65
-37
-82
-194
-272
-309
-292
-352
-398
-467
-543
-581
-677
-713
-828
-888
-904
-1000
-1101
-1230
-1347
-1405
-1460
-1407
-1408
-1403
-927
-587
-641
-1055
-1021
-459
-200
138
579
547
28
-266
642
1434
1502
1368
1287
1344
1202
1418
1954
2039
1721
1273
1197
1225
1058
970
829
622
254
-22
-138
-269
-453
-579
-575
-548
-718
-996
-1012
-861
-676
-663
-714
-786
-798
-670
-418
-164
-59
-93
-158
12
250
454
518
541
615
650
692
715
738
678
644
650
700
671
545
416
411
448
414
343
268
196
91
41
63
33
-87
-171
-192
-167
-169
-166
-113
-96
-134
-168
-113
-100
-108
-97
-80
-45
-64
-31
-23
10
20
57
63
80
27
-39
-32
-18
1
-72
-99
-168
-222
-250
-271
-266
-335
-442
-456
-483
-524
-566
-603
-535
-631
-712
-755
-791
-789
-927
-900
-961
-1085
-1217
-1260
-1185
-1217
-1201
-1206
-830
-287
-284
-558
-744
-229
63
238
846
1008
609
-74
518
1441
1649
1572
1543
1635
1353
1221
1741
2063
1848
1401
1208
1235
964
759
660
578
303
-44
-230
-367
-604
-824
-839
-658
-643
-935
-1107
-1015
-755
-656
-618
-609
-614
-603
-454
-171
54
108
40
114
356
559
596
566
597
676
717
751
748
725
586
495
535
593
524
374
306
315
179
73
77
100
-35
-175
-197
-151
-203
-233
-183
-162
-166
-241
-152
-85
-55
-47
-43
47
11
12
84
133
168
127
157
190
194
194
214
248
213
107
22
10
-28
-58
-112
-173
-263
-386
-422
-446
-471
-540
-627
-610
-605
-656
-686
-754
-783
-803
-825
-817
-925
-1042
-1104
-1251
-1236
-1260
-1286
-1290
-1361
-741
-357
-382
-659
-643
-52
-72
277
990
1076
617
67
816
1387
1430
1618
1735
1748
1217
1161
1635
1804
1610
1294
1225
1107
711
493
457
371
92
-199
-324
-464
-783
-1033
-987
-757
-665
-868
-949
-836
-721
-609
-440
-269
-211
-268
-154
47
268
399
386
517
637
707
710
724
801
733
654
682
672
629
451
318
310
191
121
-56
-67
-56
-241
-262
-323
-288
-382
-421
-318
-318
-291
-306
-264
-222
-228
-154
-22
39
69
63
136
220
275
352
374
364
341
323
338
333
290
245
164
117
86
23
-50
-129
-217
-255
-282
-303
-406
-549
-612
-655
-658
-709
-743
-781
-845
-838
-832
-844
-910
-919
-900
-877
-914
-966
-1046
-1151
-1139
-1115
-1053
-1163
-939
-344
-181
-330
-692
-301
-6
108
778
1140
1082
236
375
1160
1474
1502
1521
1792
1581
1136
1310
1586
1515
1167
1023
1209
889
431
182
191
87
-113
-183
-280
-601
-994
-1050
-795
-514
-571
-731
-741
-570
-409
-334
-266
-125
-20
137
307
467
549
434
497
701
889
884
716
684
677
629
585
555
490
324
146
93
-14
-106
-207
-232
-268
-397
-409
-433
-458
-443
-402
-354
-363
-320
-212
-146
-202
-148
0
116
165
219
351
360
308
352
438
493
397
370
437
367
284
221
255
202
57
28
-1
-77
-222
-273
-236
-284
-395
-465
-498
-523
-586
-645
-657
-692
-708
-700
-637
-634
-706
-760
-742
-702
-730
-759
-793
-849
-964
-991
-996
-1052
-1154
-1159
-1119
-837
-466
-212
-397
-669
-530
-197
130
388
646
727
324
306
680
1163
1266
1099
1313
1391
1312
1140
1190
1334
1126
923
926
986
783
371
223
214
143
-13
-105
-186
-407
-590
-572
-386
-341
-429
-398
-236
-128
-182
-202
-98
21
142
236
379
459
379
354
383
531
597
533
509
470
458
353
249
229
197
170
116
102
35
-119
-193
-173
-110
-165
-228
-213
-223
-202
-229
-185
-180
-228
-191
-160
-84
-120
-125
-69
-23
66
89
163
166
105
113
128
209
201
180
163
90
45
22
81
113
50
-19
-70
-72
-46
-100
-111
-93
-187
-280
-188
-136
-160
-258
-263
-178
-360
-284
-335
-353
-281
-446
-376
-291
-369
-448
-595
-546
-454
-673
-660
-609
-743
-790
-851
-832
-836
-854
-711
-535
-374
-256
-291
-344
-317
-195
-17
149
334
397
422
500
567
657
707
766
932
1017
1062
1052
1019
993
870
814
820
765
652
497
385
372
284
131
-12
-95
-70
-67
-57
-16
-72
-189
-241
-224
-218
-260
-264
-203
-149
-127
-135
-141
-87
-79
-74
-11
17
6
7
36
80
90
67
94
84
56
56
79
106
73
35
67
120
136
124
122
132
104
131
173
196
163
128
126
135
148
149
164
162
154
128
134
123
109
47
56
16
-21
13
92
152
135
171
87
101
46
68
145
142
192
96
53
142
132
80
100
89
126
-6
-28
-23
-67
-52
-108
-96
-223
-246
-375
-471
-426
-396
-428
-592
-539
-547
-676
-713
-729
-568
-598
-647
-550
-660
-663
-729
-654
-549
-544
-519
-501
-366
-323
-247
-157
-43
11
34
107
237
362
449
564
663
757
773
777
763
774
772
827
896
895
861
724
595
460
351
294
216
181
55
-124
-263
-395
-485
-606
-662
-683
-685
-674
-657
-655
-670
-668
-636
-520
-405
-328
-262
-165
-62
21
112
205
265
322
377
451
529
553
509
470
461
450
417
369
324
259
188
143
126
101
58
2
-38
-52
-76
-74
-40
-38
-39
-51
-38
-11
24
74
107
127
148
180
209
187
160
168
210
275
320
338
324
266
179
135
151
176
170
106
106
114
-33
-109
-173
-81
-127
-144
-74
-200
-284
-360
-326
-445
-431
-438
-468
-439
-531
-480
-573
-591
-517
-568
-519
-471
-474
-504
-477
-535
-659
-668
-664
-633
-636
-653
-528
-512
-412
-188
0
108
145
173
241
332
461
641
765
802
821
908
969
978
898
918
915
897
887
785
684
487
289
141
-2
-121
-270
-432
-630
-807
-929
-984
-987
-1010
-1015
-968
-877
-783
-691
-592
-489
-351
-208
-51
86
191
307
425
570
700
782
845
872
886
904
912
914
853
763
684
594
494
374
265
181
98
-18
-99
-172
-252
-305
-302
-274
-282
-297
-272
-207
-165
-110
-38
47
105
159
250
346
397
419
455
531
573
557
554
546
529
503
489
463
393
272
193
164
106
25
-55
-104
-144
-189
-223
-256
-293
-351
-384
-367
-359
-377
-430
-459
-432
-435
-455
-454
-464
-456
-478
-486
-471
-502
-570
-632
-649
-634
-677
-742
-838
-955
-1021
-1039
-999
-1037
-966
-690
-306
2
37
39
87
157
445
697
1024
1004
945
1022
1205
1340
1193
1159
1169
1255
1180
1077
860
555
248
102
34
-173
-475
-734
-888
-1024
-1156
-1235
-1249
-1343
-1389
-1312
-1060
-847
-695
-569
-350
-106
82
265
417
542
640
858
1052
1208
1236
1246
1312
1350
1336
1194
1028
895
768
706
596
417
220
26
-80
-210
-326
-465
-604
-659
-660
-636
-630
-610
-568
-498
-392
-311
-224
-141
-8
128
243
353
418
497
580
659
665
620
567
525
482
402
307
205
95
-1
-109
-207
-307
-418
-488
-519
-529
-576
-629
-641
-632
-618
-588
-574
-544
-523
-485
-410
-360
-315
-326
-287
-238
-229
-241
-279
-289
-338
-381
-467
-533
-687
-816
-962
-1057
-1125
-1254
-1238
-1317
-1081
-682
-249
-53
-108
42
223
435
723
950
1152
1061
1149
1477
1669
1715
1530
1645
1658
1573
1362
1227
1031
641
343
143
17
-334
-577
-778
-977
-1253
-1441
-1425
-1470
-1566
-1568
-1343
-1014
-815
-621
-373
-105
109
282
502
605
687
823
1095
1271
1357
1372
1407
1461
1377
1254
1044
866
668
492
338
146
-50
-228
-410
-567
-694
-816
-903
-971
-945
-853
-757
-615
-500
-341
-179
-57
114
246
396
505
620
792
850
914
954
976
965
868
770
648
516
353
203
54
-68
-216
-374
-499
-623
-705
-799
-829
-831
-845
-821
-773
-703
-599
-506
-392
-276
-174
-87
-7
84
112
129
137
153
137
73
11
-62
-180
-311
-458
-629
-798
-972
-1129
-1263
-1453
-1619
-1727
-1777
-1773
-1771
-1302
-810
-449
-313
-165
304
454
771
1025
1293
1329
1243
1527
1809
1949
1844
1848
1970
1905
1696
1580
1388
949
444
163
18
-261
-576
-738
-941
-1193
-1369
-1385
-1370
-1551
-1578
-1416
-1073
-773
-560
-255
98
410
667
880
939
973
1023
1203
1327
1383
1469
1486
1537
1470
1362
1158
816
528
244
60
-123
-339
-495
-662
-758
-816
-865
-933
-1028
-1022
-917
-791
-672
-502
-285
-47
151
370
537
624
712
759
847
871
856
836
792
755
656
534
386
178
-47
-250
-442
-625
-793
-928
-1003
-1051
-1050
-1031
-1004
-943
-886
-800
-735
-642
-517
-377
-201
-71
75
211
314
388
379
352
295
215
183
125
24
-106
-247
-357
-485
-672
-892
-1138
-1353
-1582
-1756
-1886
-1974
-1949
-1965
-1633
-1041
-543
-264
-97
348
739
882
1148
1387
1624
1557
1548
1907
2061
2097
1944
2018
2013
1758
1536
1338
1033
521
105
-181
-426
-804
-965
-1106
-1318
-1481
-1555
-1443
-1520
-1630
-1520
-1264
-949
-687
-394
14
405
764
1050
1167
1208
1216
1269
1346
1274
1321
1339
1303
1260
1175
1121
846
503
195
-69
-313
-561
-770
-893
-1007
-1048
-974
-920
-877
-879
-779
-623
-517
-378
-185
23
241
466
730
974
1071
1104
1106
1124
1092
971
870
751
610
501
380
227
23
-210
-386
-573
-738
-869
-986
-1032
-1051
-1021
-937
-823
-687
-572
-475
-363
-244
-117
9
114
203
292
382
455
456
426
360
292
235
121
-26
-197
-335
-475
-628
-797
-963
-1146
-1343
-1494
-1655
-1805
-1958
-2006
-1974
-1889
-1810
-1456
-806
-352
-9
264
815
1177
1314
1655
1830
1965
1718
1710
1986
2020
1954
1805
1911
1892
1650
1426
1210
811
312
-117
-403
-674
-1011
-1123
-1272
-1398
-1424
-1391
-1304
-1412
-1403
-1213
-982
-747
-525
-217
157
554
879
1150
1259
1308
1313
1289
1249
1071
1028
905
813
785
731
654
389
188
-21
-230
-475
-724
-897
-993
-1028
-1036
-964
-889
-765
-648
-436
-260
-120
38
152
370
488
684
826
942
1086
1126
1221
1164
1078
950
778
632
438
232
47
-121
-290
-423
-559
-667
-785
-841
-856
-901
-896
-885
-821
-704
-578
-467
-364
-227
-63
86
219
336
398
435
461
457
429
356
290
212
96
-13
-159
-297
-449
-595
-742
-907
-1074
-1281
-1425
-1518
-1592
-1683
-1749
-1754
-1687
-1616
-1528
-1418
-1166
-584
-218
121
409
882
1350
1399
1731
1882
2038
1856
1713
1892
1831
1712
1436
1523
1540
1405
1138
950
713
286
-81
-474
-705
-1114
-1316
-1493
-1643
-1645
-1581
-1398
-1352
-1214
-1029
-801
-632
-431
-189
68
326
512
797
969
1064
1130
1180
1250
1120
1011
907
786
651
467
390
248
120
1
-100
-234
-409
-581
-718
-812
-904
-890
-882
-749
-657
-442
-220
-37
199
336
551
597
714
800
821
893
892
912
895
863
832
772
633
469
289
132
-40
-253
-424
-584
-660
-712
-739
-721
-711
-643
-568
-514
-469
-410
-355
-265
-195
-90
29
124
272
352
424
457
425
388
284
184
73
-72
-192
-327
-435
-525
-663
-784
-909
-1031
-1124
-1265
-1344
-1396
-1422
-1396
-1439
-1396
-1392
-1303
-1208
-1152
-1001
-844
-312
52
370
666
1025
1451
1483
1778
1933
2049
1848
1637
1761
1719
1584
1292
1326
1312
1186
924
784
604
219
-147
-518
-713
-1071
-1306
-1498
-1572
-1539
-1450
-1273
-1202
-1037
-814
-551
-402
-262
-99
63
257
431
683
870
962
1071
1155
1262
1210
1109
1039
872
708
504
423
258
90
-21
-72
-160
-311
-399
-481
-522
-646
-657
-671
-625
-578
-456
-282
-137
65
213
430
508
625
710
763
797
780
804
750
686
602
570
468
365
246
150
43
-101
-187
-300
-416
-544
-579
-569
-590
-624
-598
-499
-408
-328
-251
-147
-76
-7
79
138
174
165
191
246
252
207
147
102
28
-54
-144
-294
-452
-637
-773
-906
-1034
-1127
-1217
-1212
-1235
-1175
-1142
-1146
-1126
-1138
-1080
-1098
-1061
-1014
-900
-789
-448
-42
231
546
856
1357
1452
1651
1846
1923
1866
1527
1568
1488
1357
1076
997
1043
935
724
576
529
199
-146
-551
-746
-1075
-1384
-1569
-1696
-1676
-1658
-1501
-1348
-1120
-885
-644
-492
-301
-116
37
204
356
594
768
893
1049
1240
1379
1362
1267
1268
1150
983
763
594
434
159
-11
-125
-192
-331
-429
-486
-495
-545
-528
-504
-492
-466
-435
-293
-197
-44
104
294
433
569
729
833
882
870
882
807
718
607
515
399
266
161
86
0
-129
-210
-292
-367
-495
-581
-632
-668
-704
-711
-656
-613
-514
-411
-272
-164
-66
37
114
195
207
215
209
177
165
122
69
-2
-84
-184
-279
-388
-508
-635
-774
-858
-955
-1022
-1107
-1113
-1054
-1039
-1003
-977
-896
-849
-808
-754
-734
-683
-633
-373
-24
228
476
753
1195
1413
1586
1804
1892
1858
1623
1553
1479
1291
996
823
768
633
434
286
245
36
-200
-466
-639
-899
-1190
-1392
-1545
-1579
-1582
-1474
-1348
-1117
-854
-556
-297
-39
225
378
530
675
841
929
946
1010
1109
1162
1149
1106
1129
1083
941
791
644
489
225
14
-138
-282
-439
-537
-578
-596
-593
-570
-485
-408
-314
-252
-164
-53
61
152
251
331
441
567
638
745
790
828
775
722
685
542
360
168
49
-42
-178
-310
-403
-469
-483
-511
-508
-525
-562
-556
-528
-482
-452
-388
-311
-209
-98
21
122
207
302
352
400
411
374
305
216
108
-9
-129
-253
-351
-430
-506
-600
-682
-735
-781
-826
-898
-933
-936
-951
-953
-944
-895
-851
-783
-709
-613
-516
-427
-301
-78
182
365
569
798
1090
1250
1376
1514
1546
1529
1402
1321
1184
974
720
560
436
291
146
14
-60
-224
-379
-555
-690
-859
-1033
-1123
-1197
-1230
-1218
-1129
-1004
-798
-548
-289
-55
190
419
585
731
843
921
951
937
962
994
971
903
827
827
759
667
540
428
300
107
-38
-158
-277
-454
-534
-550
-528
-513
-451
-349
-257
-148
-79
62
121
194
243
272
330
307
344
370
396
399
374
337
297
216
126
33
-100
-191
-316
-401
-479
-559
-601
-630
-604
-566
-539
-489
-412
-330
-232
-147
-63
25
104
182
251
304
350
360
372
363
335
297
214
140
25
-75
-207
-330
-437
-552
-642
-746
-791
-839
-875
-904
-907
-858
-832
-798
-744
-694
-633
-571
-527
-461
-441
-382
-319
-244
9
170
337
529
762
1042
1129
1297
1415
1414
1323
1167
1092
921
657
437
313
219
100
-46
-69
-103
-220
-316
-402
-483
-666
-813
-884
-954
-1008
-1007
-936
-790
-611
-412
-156
69
308
494
644
802
887
943
921
868
868
816
752
684
653
653
596
554
536
492
386
272
175
83
-76
-207
-272
-310
-312
-343
-255
-177
-71
13
77
182
194
245
245
244
212
171
148
114
86
57
16
-35
-41
-66
-77
-153
-226
-280
-353
-432
-518
-576
-630
-656
-638
-560
-488
-395
-285
-176
-67
39
121
171
187
193
191
180
173
130
118
96
65
33
-11
-74
-150
-229
-290
-366
-473
-578
-693
-764
-846
-903
-932
-937
-895
-840
-755
-651
-549
-465
-377
-285
-210
-151
-117
43
211
312
490
666
920
1047
1196
1384
1428
1413
1305
1280
1184
970
756
597
463
286
126
46
-2
-127
-211
-259
-316
-427
-558
-641
-728
-817
-858
-845
-809
-732
-585
-361
-158
79
320
507
682
817
925
935
892
874
836
735
622
543
492
430
370
367
346
298
247
199
149
42
-65
-168
-263
-346
-412
-408
-399
-329
-243
-135
3
80
210
274
313
315
256
228
144
52
-18
-83
-129
-156
-180
-171
-191
-211
-225
-277
-324
-382
-434
-504
-568
-587
-577
-549
-472
-356
-233
-119
-4
127
235
311
346
364
360
321
266
203
149
78
11
-35
-91
-148
-202
-263
-330
-428
-546
-640
-736
-834
-912
-987
-1028
-1044
-1035
-960
-873
-750
-649
-526
-384
-260
-139
24
227
303
450
582
781
871
923
1105
1140
1178
1094
1097
1068
887
715
594
488
297
100
-29
-83
-238
-342
-435
-478
-566
-673
-695
-784
-827
-877
-864
-814
-723
-623
-477
-316
-113
116
283
473
630
768
844
865
888
847
734
641
558
512
411
292
270
201
161
96
69
53
-21
-98
-141
-185
-254
-304
-333
-287
-268
-215
-143
-58
48
134
228
294
332
338
312
235
171
67
-19
-107
-166
-182
-234
-263
-294
-310
-347
-379
-405
-427
-475
-501
-507
-519
-501
-462
-358
-278
-181
-61
75
186
283
369
438
487
471
456
409
369
279
205
142
71
1
-76
-143
-215
-289
-392
-475
-578
-635
-727
-810
-845
-899
-906
-931
-904
-842
-762
-678
-540
-389
-159
58
241
483
675
906
993
1107
1217
1215
1188
1082
1061
969
816
692
631
540
412
302
244
198
48
-44
-146
-247
-404
-550
-633
-745
-840
-890
-864
-814
-739
-642
-473
-304
-107
94
256
452
575
673
723
740
762
725
658
577
514
462
378
322
321
295
239
182
131
81
4
-84
-154
-214
-275
-333
-307
-297
-267
-217
-160
-38
34
135
222
293
339
349
348
324
284
214
153
81
26
-38
-78
-105
-125
-143
-180
-208
-244
-273
-317
-347
-379
-406
-407
-378
-335
-291
-212
-129
-22
74
160
255
324
375
387
396
384
339
270
199
141
77
11
-60
-122
-202
-269
-345
-413
-482
-567
-660
-766
-839
-911
-976
-1023
-1021
-995
-949
-871
-755
-627
-445
-226
-49
185
365
573
722
839
997
1047
1082
1056
1037
997
892
758
672
589
477
372
292
254
124
47
-19
-88
-175
-303
-384
-485
-596
-676
-732
-776
-758
-725
-625
-513
-379
-197
-55
139
306
423
510
539
564
551
468
394
327
273
218
172
190
200
166
155
151
152
130
47
33
-31
-106
-141
-188
-158
-171
-155
-97
-39
39
108
193
287
315
336
359
346
335
272
215
165
98
40
-11
-45
-90
-130
-161
-190
-228
-248
-287
-310
-329
-362
-364
-375
-365
-348
-339
-288
-219
-155
-65
13
89
151
188
232
243
244
211
176
154
97
55
9
-24
-63
-125
-178
-224
-281
-351
-423
-487
-551
-610
-654
-698
-724
-752
-766
-744
-685
-598
-452
-297
-118
85
283
499
652
832
947
1001
1036
1026
1025
958
870
802
734
652
577
497
434
360
277
201
106
21
-94
-193
-283
-388
-470
-534
-585
-617
-631
-601
-544
-487
-390
-279
-152
-21
102
219
311
371
411
424
400
370
316
277
229
182
150
128
116
107
113
125
114
82
79
51
29
-16
-42
-54
-102
-103
-101
-85
-63
-31
38
117
179
242
308
352
366
338
326
293
233
165
113
77
6
-49
-85
-111
-142
-168
-193
-218
-253
-282
-276
-295
-288
-289
-275
-241
-224
-182
-152
-132
-118
-101
-75
-54
-45
-28
-22
-13
-5
-15
-36
-80
-112
-161
-207
-253
-291
-336
-389
-435
-479
-521
-575
-632
-680
-709
-722
-702
-685
-611
-550
-461
-316
-188
-16
117
285
441
563
658
723
775
776
748
697
668
621
565
519
506
480
420
385
330
262
167
72
-11
-109
-222
-310
-382
-451
-498
-514
-493
-452
-383
-306
-203
-90
3
89
169
219
252
254
241
226
186
163
122
102
92
78
80
79
87
89
100
100
100
64
39
1
-40
-81
-109
-102
-110
-82
-56
-15
35
69
122
165
195
224
266
282
295
285
264
246
203
157
104
68
36
1
-28
-48
-68
-98
-132
-176
-220
-263
-294
-312
-319
-310
-297
-276
-240
-197
-143
-101
-43
5
42
71
89
97
85
64
29
-4
-52
-86
-111
-140
-153
-167
-175
-193
-226
-258
-297
-343
-387
-439
-476
-502
-525
-522
-495
-442
-395
-317
-224
-121
-20
83
210
310
393
461
542
575
581
584
587
585
550
512
481
445
403
365
338
323
278
240
196
135
54
-25
-96
-180
-249
-297
-334
-348
-331
-291
-235
-176
-99
-29
49
110
151
172
172
159
143
117
64
28
12
-6
0
18
49
75
90
113
135
146
150
158
138
111
82
52
29
2
0
-1
12
37
60
97
133
155
171
193
216
227
220
202
167
138
118
97
74
51
32
5
-9
-14
-28
-60
-93
-124
-149
-173
-201
-217
-230
-246
-248
-243
-251
-245
-239
-232
-211
-198
-174
-151
-135
-127
-119
-116
-126
-139
-153
-188
-216
-217
-230
-228
-220
-203
-191
-171
-158
-154
-135
-113
-79
-57
-16
23
55
80
106
145
160
158
171
181
191
187
177
186
177
167
166
181
180
174
190
196
201
206
201
190
168
141
133
108
86
68
52
49
51
71
84
88
100
115
124
122
116
100
92
60
33
19
-19
-54
-82
-98
-126
-156
-167
-176
-193
-205
-206
-195
-193
-188
-167
-150
-134
-116
-102
-93
-95
-102
-96
-76
-53
-22
15
49
81
107
130
141
165
177
165
160
155
155
149
139
126
103
82
63
64
56
38
29
31
17
-11
-42
-79
-114
-157
-189
-193
-192
-192
-186
-177
-172
-159
-155
-138
-124
-123
-113
-110
-101
-108
-110
-113
-126
-133
-144
-152
-149
-142
-134
-124
-115
-98
-87
-79
-75
-73
-66
-67
-69
-72
-68
-66
-62
-55
-44
-21
6
40
63
98
134
159
181
189
194
197
190
186
180
168
165
157
169
191
202
225
258
277
292
293
291
283
248
218
195
168
140
115
96
77
54
34
29
18
7
-2
-4
-8
-21
-38
-58
-75
-98
-115
-136
-147
-159
-168
-175
-171
-168
-169
-152
-144
-127
-116
-98
-74
-66
-70
-77
-78
-89
-97
-100
-102
-108
-100
-95
-88
-76
-68
-56
-54
-51
-45
-41
-47
-54
-68
-87
-106
-121
-131
-142
-145
-136
-118
-95
-68
-50
-32
-25
-9
7
29
69
93
121
148
170
192
193
191
197
191
178
169
168
171
154
140
140
128
111
96
85
63
41
16
-1
-19
-42
-67
-86
-104
-122
-117
-106
-93
-79
-47
-13
6
37
68
90
109
125
143
160
164
161
167
163
143
138
150
155
154
153
163
172
178
170
169
162
152
140
114
98
76
44
12
-12
-35
-56
-72
-89
-103
-117
-122
-123
-121
-128
-139
-145
-149
-151
-149
-144
-147
-162
-167
-166
-162
-148
-140
-119
-100
-83
-61
-43
-23
-11
-6
-4
-5
-8
-12
-12
-22
-28
-27
-26
-24
-18
-23
-14
3
14
28
33
49
54
55
53
50
64
63
67
70
66
63
53
54
51
43
40
42
39
23
9
-10
-29
-47
-74
-91
-99
-114
-126
-130
-132
-136
-143
-137
-139
-131
-125
-121
-112
-100
-84
-71
-43
-20
1
20
31
44
50
63
70
63
54
45
36
27
19
5
3
7
9
10
3
2
-7
-10
-15
-14
-16
-29
-31
-37
-47
-55
-54
-53
-49
-53
-52
-40
-31
-16
-7
6
7
13
27
27
30
16
9
10
7
7
-4
-13
-21
-28
-39
-49
-50
-42
-44
-38
-33
-32
-30
-36
-27
-23
-19
-17
-4
5
12
15
21
31
28
38
51
66
78
84
86
81
68
55
40
34
22
9
-1
2
14
17
28
37
51
70
86
96
106
112
117
129
136
141
136
140
137
133
137
138
140
132
124
108
78
48
30
7
-18
-28
-42
-52
-71
-81
-93
-112
-118
-120
-105
-109
-107
-102
-97
-84
-75
-58
-48
-32
-13
6
23
32
44
53
61
65
65
70
65
59
52
49
49
38
29
17
3
-6
-9
-5
-6
-14
-14
-23
-32
-34
-37
-42
-54
-53
-50
-45
-46
-57
-65
-65
-64
-68
-70
-73
-75
-72
-73
-75
-86
-99
-117
-129
-135
-142
-139
-138
-141
-148
-145
-143
-140
-118
-98
-87
-78
-57
-36
-9
9
26
55
64
84
93
109
115
121
193
206
200
164
138
138
104
130
89
103
89
41
32
15
34
-16
4
17
12
16
13
55
34
42
60
81
100
88
121
120
127
139
148
154
134
132
114
100
102
102
74
38
20
9
-10
-31
-47
-67
-82
-93
-99
-94
-87
-95
-96
-95
-94
-98
-102
-81
-70
-57
-44
-21
8
4
16
29
46
60
64
70
62
55
51
50
44
32
18
2
3
2
1
-19
-31
-41
-52
-48
-56
-65
-73
-74
-79
-83
-84
-83
-85
-87
-78
-70
-51
-37
-28
-13
-17
-4
-3
3
-1
-8
-1
-6
-1
-9
-12
-27
-40
-47
-55
-62
-75
-77
-89
-89
-82
-73
-76
-89
-83
-75
-69
-58
-54
-41
-28
-17
-12
-8
-1
1
10
25
36
48
57
57
55
39
28
21
12
8
1
0
-1
1
2
-5
-14
-16
-10
2
12
21
21
32
42
52
62
74
87
93
109
113
123
128
129
122
109
100
86
76
56
43
29
20
8
0
-7
-20
-22
-30
-29
-28
-29
-31
-35
-30
-36
-31
-32
-25
-16
