-19
42
-90
21
98
14
177
43
-14
39
-67
39
-120
-46
54
-88
31
-5
-57
-2
-34
-71
-7
-76
-48
70
88
73
17
44
31
-68
56
116
89
65
-39
-60
-140
-90
39
83
178
69
-9
-29
-98
-36
75
143
135
87
52
-111
-157
-187
-186
-70
21
-12
-37
-51
-215
-225
-2
112
113
224
55
29
-38
-60
132
172
291
150
165
195
-59
41
208
178
189
202
144
60
-18
55
68
59
57
-76
33
-52
-152
-42
-47
-128
-160
-131
-195
-203
-129
-63
-174
-150
-273
-298
-148
-209
-158
-96
-120
-240
-149
-170
-176
-137
-137
-104
-122
-34
-79
-116
-50
-43
-79
-45
-66
-148
-71
-55
-111
-139
-99
-206
-196
-52
-52
-65
-102
-51
-175
-159
-139
-73
-160
-139
-147
-348
-256
-406
-310
-232
-208
-185
-232
-316
-402
-333
-196
-164
-157
-134
-317
-376
-452
-329
-285
-308
-209
-285
-258
-438
-285
-204
-164
5
302
312
169
385
352
488
675
1062
1037
1109
997
968
1058
1128
1317
1291
1422
1194
1068
985
987
845
905
869
820
639
347
274
169
137
2
107
-30
-210
-281
-290
-306
-360
-242
-179
-139
-160
-129
-77
-52
-7
66
203
216
204
185
202
113
89
94
105
53
-94
-219
-343
-431
-590
-512
-604
-704
-824
-910
-917
-966
-852
-753
-761
-759
-753
-816
-761
-627
-519
-438
-276
-251
-388
-359
-388
-386
-400
-340
-207
-264
-284
-498
-719
-847
-801
-759
-771
-665
-909
-1316
-1540
-1705
-1361
-637
-213
-465
-713
-574
-655
-378
785
1369
1034
940
1136
1003
1034
1696
2066
2085
2108
2084
1857
1559
1338
1243
1485
1616
1287
862
483
-32
-339
-275
-82
-156
-507
-784
-979
-1077
-1101
-903
-600
-512
-420
-186
-20
-95
17
431
927
1207
1388
1424
1345
1289
1334
1630
1787
1692
1421
1237
1058
816
615
508
380
153
-110
-304
-571
-907
-1030
-1002
-936
-1015
-1055
-1112
-1200
-1157
-997
-786
-654
-480
-527
-472
-241
-157
-164
-56
143
217
80
108
76
-142
-224
-258
60
-123
-350
-429
-563
-783
-794
-558
-735
-773
-991
-1059
-1045
-1050
-909
-799
-570
-771
-778
-670
-636
-602
-529
-376
-413
-570
-727
-657
-899
-704
-312
-5
-224
-512
-442
-449
-378
79
675
478
36
-94
226
264
443
935
1159
958
768
957
975
851
796
1000
1259
1040
847
762
539
116
23
353
392
138
-112
-144
-310
-477
-408
-112
-49
-66
32
137
101
16
50
313
603
602
729
779
755
555
589
979
1000
896
893
939
758
499
607
716
611
459
370
297
69
-33
-2
41
-4
-84
-134
-125
-166
-158
-158
-214
-155
-240
-346
-280
-10
-362
-294
-134
-225
-273
-241
7
-217
-239
-201
-182
-176
-210
-115
91
-265
-256
-199
-284
-89
-232
-273
-369
-263
-558
-552
-84
-409
-515
-339
-368
-591
-496
-245
-475
-473
-318
-403
-617
-580
-460
-446
-546
-488
-460
-548
-634
-603
-492
-683
-601
-638
-752
-717
-324
-157
-328
-443
-407
-363
-420
108
439
161
-110
5
45
83
505
905
911
687
579
675
822
862
948
1046
1023
881
766
823
708
523
510
579
577
388
227
123
-5
-140
34
221
69
-116
-28
-65
-153
-122
-15
107
-4
76
224
235
122
127
287
394
418
422
298
150
114
144
234
246
180
1
-41
-10
-13
25
78
178
173
143
7
33
132
138
320
365
143
-106
-234
-108
8
124
132
-52
-199
-452
-370
-230
-192
-260
-267
-320
-562
-749
-685
-569
-494
-365
-529
-528
-741
-835
-710
-426
-176
-420
-520
-315
-520
-251
70
43
-36
-214
21
-156
214
132
-128
68
44
45
-82
184
-27
-354
-57
-166
-265
-394
-444
-637
-713
-607
-862
-781
-478
-192
-234
-450
-659
-708
-566
-106
419
518
48
-410
-349
115
538
967
1168
784
392
459
910
1163
1138
1062
1053
946
803
770
732
510
323
444
629
403
-57
-289
-247
-84
127
282
93
-269
-469
-233
106
216
85
-3
7
-110
39
247
260
186
164
387
470
392
256
143
218
303
363
336
156
-145
-217
-165
52
247
222
58
-226
-254
-169
116
440
431
141
-216
-297
-123
75
363
358
137
-184
-336
-105
58
40
-92
-1
-130
-584
-644
-395
-540
-588
-280
-253
-526
-902
-772
-576
-521
-361
-72
-209
-856
-636
-387
-90
124
294
22
-342
-220
-140
136
220
418
-33
-156
-116
-225
-303
-327
-39
-162
-380
-581
-813
-1048
-1124
-728
-589
-913
-642
-396
-537
-842
-806
-461
-326
113
807
705
-145
-544
-63
568
1244
1699
1525
806
264
629
1431
1882
1748
1348
937
736
721
922
1038
812
485
368
342
81
-346
-460
-195
-35
-67
-200
-540
-994
-855
-206
231
185
-191
-471
-496
-297
197
634
540
256
104
227
391
469
545
579
504
391
317
151
-22
-50
37
193
95
-88
-57
20
-33
-159
23
59
92
292
351
119
-281
-254
167
418
536
312
-25
-290
-299
145
242
68
-161
-278
-366
-434
-296
-230
-380
-544
-394
-432
-748
-765
-589
-390
-456
-428
-503
-727
-520
-309
-77
-8
-171
-331
-547
-261
121
83
17
-148
-399
-615
-414
-249
-368
-500
-629
-944
-1196
-1388
-1542
-1474
-1405
-1005
-456
-440
-1462
-2154
-1568
-573
378
1216
1008
-707
-1930
-856
1190
2358
2467
1698
450
-425
491
2419
3135
2388
1163
722
649
863
1436
1711
1233
386
171
161
-173
-542
-349
97
67
-389
-882
-1265
-1371
-782
288
763
53
-967
-1169
-512
377
1103
1337
752
-88
-232
556
1339
1516
1281
926
543
321
492
742
840
612
452
287
-33
-299
-309
190
546
494
-49
-487
-600
-385
357
879
659
-227
-833
-593
61
634
757
332
-314
-784
-386
289
557
376
-81
-326
-553
-439
-98
130
4
-404
-627
-747
-793
-642
-313
-323
-571
-820
-960
-967
-781
-422
-313
-401
-605
-871
-917
-732
-453
-318
-397
-597
-992
-1173
-1043
-991
-924
-1174
-1482
-1840
-1774
-562
314
32
-1638
-2236
-1411
-36
1637
2227
963
-1730
-2298
96
2721
3632
2813
999
-637
-597
1805
3841
3528
1707
180
25
395
1367
1893
1550
377
-760
-805
-522
-381
-510
-450
-543
-1117
-1562
-1581
-1333
-1077
-511
27
-171
-1004
-1399
-717
372
1118
1240
838
122
-87
658
1838
2346
1906
1065
544
585
1097
1625
1630
1106
300
-119
-89
186
292
418
297
-173
-724
-786
-314
3
347
257
-217
-752
-808
-201
335
622
439
-79
-361
-406
92
644
739
504
-56
-298
-297
47
448
495
244
-357
-630
-535
-236
43
-79
-384
-756
-902
-734
-479
-358
-425
-589
-747
-884
-821
-664
-576
-614
-777
-881
-950
-869
-941
-977
-1231
-1426
-1638
-1662
-1659
-1631
-527
212
-256
-2150
-2421
-976
516
1847
2129
607
-2196
-2309
806
3528
3781
2459
571
-850
-387
2545
4537
3589
1238
-405
-317
448
1921
2535
1572
-320
-1694
-1405
-400
473
352
-465
-1495
-2166
-1893
-1009
-363
-400
-594
-709
-892
-1142
-772
257
1085
1208
855
524
338
741
1777
2647
2509
1724
1014
899
1310
1964
2292
1849
961
76
-136
252
742
784
-7
-679
-958
-887
-530
-288
-136
-768
-1042
-868
-743
-579
-683
-370
-329
-468
-371
-496
-325
-265
119
568
304
37
-333
-70
312
491
597
107
-273
-537
-312
140
138
-151
-707
-960
-904
-659
-382
-452
-740
-1100
-1162
-942
-706
-717
-792
-966
-1051
-953
-931
-825
-1035
-1118
-1302
-1333
-1473
-1613
-1647
-1352
5
633
-435
-2442
-1989
-168
1370
2300
2032
-83
-2449
-1133
2368
4177
3401
1821
90
-791
610
3710
4641
2777
337
-716
-95
1076
2581
2404
800
-1190
-1963
-1050
173
883
75
-1225
-2202
-2154
-1261
-335
11
-459
-954
-999
-766
-584
55
935
1215
670
176
323
912
1669
2256
2273
1635
1085
1012
1376
1667
1852
1644
1034
357
-42
85
404
588
162
-782
-1322
-1154
-807
-525
-611
-719
-1356
-1460
-914
-666
-594
-927
-731
-660
-548
-146
-172
-211
-408
-107
422
396
366
77
78
255
392
716
523
238
-95
-125
154
171
56
-360
-611
-618
-544
-432
-550
-712
-951
-1033
-896
-815
-776
-872
-949
-1056
-1072
-979
-842
-789
-1047
-1251
-1488
-1386
-1300
-1154
-1508
-1187
100
428
-941
-2467
-1127
373
1377
1895
1391
-703
-2250
62
2911
3533
2425
1100
-88
-525
1449
3962
3667
1500
-337
-430
345
1486
2459
1475
-186
-1635
-1508
-350
702
893
-588
-1750
-2159
-1386
-414
212
-9
-915
-1145
-689
-48
204
701
990
709
354
702
1422
1808
1885
1789
1657
1572
1643
1704
1646
1563
1547
1310
924
524
298
377
483
360
-325
-876
-693
-424
-324
-601
-697
-951
-1251
-873
-583
-487
-832
-1020
-860
-768
-380
-82
-189
-419
-607
-45
323
335
179
-113
15
-2
369
465
147
-309
-578
-210
81
53
-318
-753
-862
-790
-505
-400
-622
-1008
-1274
-1046
-787
-671
-771
-1033
-1298
-1392
-1097
-843
-823
-1148
-1567
-1710
-1475
-1204
-1169
-1568
-1653
-495
318
-404
-2230
-1672
-57
1011
1495
1230
-178
-2012
-584
2201
3325
2483
1221
155
-325
1150
3574
3750
1857
31
-267
598
1649
2542
1665
100
-1191
-1248
-236
763
1111
-227
-1614
-2061
-1263
-159
373
91
-899
-1298
-837
-54
297
591
838
518
106
478
1338
1833
1755
1505
1323
1375
1721
1884
1786
1559
1489
1354
1108
838
645
620
655
403
-114
-550
-494
-69
-76
-345
-896
-1009
-1074
-815
-211
-386
-867
-1446
-1167
-524
-181
90
-391
-857
-904
-261
729
640
183
-313
-326
208
629
1020
497
-234
-544
-245
466
523
167
-569
-950
-726
-333
7
-287
-789
-1309
-1283
-839
-488
-600
-1103
-1467
-1574
-1258
-893
-756
-1191
-1735
-1957
-1606
-1290
-1229
-1664
-1943
-736
188
-347
-2398
-1901
-39
944
1263
1011
-77
-1991
-845
2067
3284
2362
1119
154
-301
899
3474
3917
1917
0
-315
732
1649
2587
1886
239
-1177
-1387
-217
850
1248
-160
-1769
-2200
-1351
-132
337
-1
-1143
-1626
-997
-49
260
400
555
158
-330
153
1374
1930
1609
1049
864
1139
1759
2063
1839
1392
1287
1266
1128
1060
981
848
600
422
59
-255
-263
-28
67
-233
-586
-910
-953
-751
-349
-173
-659
-1190
-1274
-756
-282
-128
-310
-816
-992
-565
184
537
165
-305
-455
-195
297
608
568
6
-378
-244
164
465
220
-182
-534
-529
-341
-182
-168
-430
-833
-1043
-911
-611
-534
-824
-1135
-1329
-1221
-1093
-909
-1152
-1588
-1978
-1706
-1449
-1417
-1792
-1980
-611
-44
-737
-2608
-1724
165
799
1007
697
-159
-1736
-498
2191
3116
2276
1177
331
180
1472
3737
3692
1748
245
107
1204
1891
2574
1717
264
-818
-978
134
958
1144
-370
-1823
-2034
-1150
-70
143
-336
-1407
-1623
-977
-215
-9
217
410
-76
-484
59
1241
1683
1428
873
729
1085
1751
1948
1598
1242
1181
1223
1110
1180
1149
931
551
358
204
-32
2
-147
-27
-48
-368
-700
-1097
-497
-478
-161
-442
-1101
-1185
-1132
-275
-106
-124
-485
-1061
-739
-170
410
447
-252
-343
-476
72
549
542
370
-423
-277
-104
374
467
-8
-249
-610
-327
-151
30
-44
-542
-895
-998
-620
-336
-566
-1027
-1465
-1411
-1151
-1006
-1147
-1699
-1851
-2120
-1704
-1739
-1096
-94
-394
-1877
-2989
-632
782
984
593
207
-886
-1510
936
2820
2698
1456
786
330
682
2573
4060
2805
886
241
891
1627
1987
2237
973
-79
-859
-461
265
695
452
-1074
-1671
-1677
-735
-328
-292
-871
-1548
-1217
-700
-323
-550
-91
232
-8
-331
30
824
1276
1365
1128
932
998
1489
1801
1834
1527
1314
1146
1058
1187
1198
1111
628
333
128
167
156
113
44
-297
-450
-669
-504
-535
-400
-460
-929
-1115
-1028
-590
-646
-740
-825
-927
-888
-627
-225
-115
-437
-630
-499
-122
239
165
41
-228
-130
7
205
307
72
-204
-401
-113
100
27
-293
-529
-516
-455
-406
-513
-722
-944
-915
-974
-1053
-1328
-1414
-1627
-1639
-1624
-1755
-1910
-1874
-432
-18
-1053
-2893
-1734
400
928
731
407
-207
-1555
-177
2345
3134
1931
951
521
555
1876
3774
3510
1448
283
623
1666
2105
2406
1440
69
-654
-448
429
741
540
-793
-1728
-1652
-858
-123
-243
-892
-1800
-1517
-509
33
-374
-564
-147
-43
-58
343
978
1026
927
1046
1298
1405
1519
1640
1619
1612
1553
1426
1194
1267
1227
1043
777
656
414
139
140
146
331
-116
-367
-752
-420
-286
-414
-440
-1018
-1161
-1259
-615
-438
-718
-1027
-1307
-1123
-634
-226
-74
-614
-894
-693
-200
402
258
51
-498
-364
107
462
510
-26
-252
-345
-2
322
325
37
-458
-598
-484
-136
-116
-483
-1128
-1239
-1042
-738
-852
-1343
-1806
-1971
-1640
-1650
-1625
-1937
-924
-452
-1010
-2563
-1927
150
667
569
73
-224
-1375
-322
1903
2782
1880
871
469
460
1629
3429
3582
1598
185
342
1488
2017
2209
1487
11
-860
-771
282
650
402
-723
-1818
-1890
-1274
-233
-83
-592
-1691
-1895
-1002
-77
8
-339
-216
-247
-238
199
1087
1361
1076
769
988
1457
1855
1912
1694
1586
1469
1491
1472
1641
1593
1200
765
625
753
622
396
73
-6
52
-56
-365
-664
-462
-340
-455
-718
-1002
-1058
-966
-712
-611
-837
-1034
-1167
-984
-637
-355
-316
-711
-830
-575
-119
170
49
-138
-347
-198
132
337
294
-44
-250
-190
61
214
9
-197
-354
-408
-397
-331
-291
-631
-968
-1037
-961
-933
-1020
-1211
-1555
-1857
-1760
-1578
-1607
-1951
-1174
-228
-740
-2535
-2471
-142
834
551
99
-131
-1224
-857
1596
2989
2188
817
339
365
1348
3181
3679
1931
239
128
1154
1993
2389
1793
126
-884
-767
234
775
659
-320
-1728
-2077
-1324
-76
120
-573
-1656
-1853
-1020
-164
31
-197
-102
-320
-440
47
1126
1479
1063
757
857
1309
1755
2086
1929
1612
1326
1380
1535
1746
1608
1158
873
758
763
548
526
285
54
-251
-165
-54
-332
-456
-758
-528
-898
-827
-779
-780
-841
-1221
-986
-995
-744
-667
-671
-704
-793
-623
-213
-58
17
-206
-204
-99
45
453
319
214
-141
-67
195
383
532
124
-172
-326
8
214
29
-201
-515
-614
-686
-542
-603
-902
-1174
-1233
-1271
-1336
-1419
-1406
-1777
-2031
-2003
-1476
-162
-318
-1604
-3047
-1382
503
664
454
152
-549
-1793
-37
2419
2851
1383
413
144
467
2010
3717
3199
950
-69
424
1675
2173
2381
1183
-390
-1071
-492
731
1064
514
-1204
-2087
-1624
-379
196
-190
-928
-1734
-1511
-627
220
63
-227
-305
-444
-185
595
1473
1314
812
632
1094
1657
2041
1925
1483
1333
1525
1720
1469
1442
1384
1222
800
662
630
537
427
160
-45
-308
-268
-282
-230
-531
-807
-931
-896
-684
-627
-571
-1004
-1195
-1035
-721
-422
-448
-525
-776
-735
-263
102
195
-74
-197
15
225
479
449
345
200
16
177
354
576
361
-5
-137
-75
126
108
6
-238
-566
-696
-591
-388
-566
-988
-1220
-1190
-1127
-1242
-1266
-1444
-1602
-1958
-1920
-1883
-1368
-187
-289
-1716
-3089
-1233
645
783
289
2
-686
-1730
12
2390
2725
1226
256
55
501
1934
3492
2774
806
-99
465
1608
2060
2209
860
-533
-1046
-355
717
936
329
-1340
-2085
-1439
-204
233
-291
-1076
-1789
-1455
-368
379
-19
-548
-622
-432
-6
794
1391
1003
476
494
1160
1611
1785
1624
1324
1104
1165
1349
1343
1311
1085
760
350
346
459
455
226
-81
-327
-507
-490
-427
-373
-474
-743
-1035
-1127
-948
-606
-483
-628
-981
-1164
-942
-475
-65
-131
-382
-566
-461
-40
506
788
415
-92
-90
451
878
870
564
221
11
155
598
843
513
-122
-367
-153
256
278
-48
-564
-847
-772
-439
-223
-524
-1102
-1518
-1346
-1123
-878
-1077
-1503
-1896
-2052
-1594
-1659
-837
-83
-399
-2196
-2862
-523
835
860
293
58
-1158
-1622
757
2846
2498
979
194
-14
540
2390
3800
2462
483
-338
496
1552
2271
2280
541
-796
-1036
47
822
829
136
-1381
-1937
-1468
-332
29
-371
-1248
-1811
-1228
-262
46
-428
-337
-113
-172
-162
578
1204
1048
703
720
1102
1425
1612
1395
1239
1199
1280
1153
1102
1191
983
575
281
489
540
338
-80
-350
-418
-385
-286
-539
-577
-689
-816
-857
-807
-508
-755
-693
-612
-593
-589
-608
-182
-32
17
-68
-211
42
317
551
594
357
374
246
510
747
732
586
131
166
277
552
508
149
-79
-243
-176
-142
-64
-153
-518
-851
-853
-633
-585
-787
-1025
-1125
-1313
-1241
-1146
-1103
-1508
-1786
-1743
-1623
-1550
-1840
-831
-83
-535
-2447
-2228
-52
682
487
335
303
-1313
-1320
1092
2809
2225
893
168
-121
768
2775
3592
2077
346
-259
496
1681
2627
2115
177
-956
-862
203
900
1045
-4
-1713
-2201
-1248
195
295
-537
-1686
-1787
-885
33
109
-264
-196
-337
-311
192
1186
1174
576
410
942
1379
1373
1379
1247
1152
1056
1230
1162
1033
838
686
549
427
370
69
-102
-280
-305
-434
-507
-675
-947
-785
-546
-432
-865
-1066
-922
-696
-409
-278
-290
-600
-771
-441
109
416
235
-173
-135
155
591
715
578
392
162
294
528
827
730
315
-3
17
332
532
344
-92
-398
-347
-102
-95
-191
-481
-687
-781
-632
-478
-633
-930
-1171
-1068
-896
-825
-1106
-1454
-1556
-1424
-1375
-1389
-1719
-1333
-297
-102
-1510
-2487
-806
390
529
491
573
-734
-1868
107
2230
2457
1264
494
-117
54
1951
3538
2715
755
-184
110
1039
2059
2464
959
-699
-1255
-432
699
1185
638
-1188
-2112
-1597
-207
384
11
-915
-1649
-1264
-292
323
99
-56
-130
-184
27
743
1255
1153
893
792
940
1254
1599
1494
1166
1061
1144
1057
840
859
846
695
359
202
-18
-128
-126
-132
-249
-523
-609
-757
-537
-297
-295
-649
-925
-715
-538
-219
-17
-153
-527
-800
-440
182
557
352
-207
-379
-50
477
831
691
225
-212
-132
397
765
657
107
-330
-361
28
456
404
-98
-595
-656
-382
-25
34
-362
-917
-1069
-661
-308
-301
-712
-1014
-1169
-1036
-856
-892
-1054
-1364
-1493
-1628
-1466
-1606
-1052
-236
-361
-1842
-2427
-681
189
285
436
558
-970
-1925
118
2128
2225
1221
469
-311
-111
1837
3383
2543
829
-99
30
933
2143
2586
1043
-503
-1148
-472
679
1423
891
-1043
-1840
-1267
10
446
197
-675
-1489
-1127
-47
550
175
-19
-129
-144
125
937
1276
947
605
602
955
1328
1523
1112
688
648
975
971
734
589
364
230
172
270
-22
-239
-263
-201
-313
-408
-446
-596
-458
-391
-340
-603
-550
-503
-418
-209
-91
-98
-426
-479
-293
159
391
222
-143
-212
24
394
609
454
103
-181
17
311
559
411
32
-335
-343
121
375
317
-135
-375
-476
-263
58
100
-285
-821
-811
-512
-226
-375
-668
-915
-975
-876
-854
-850
-1043
-1255
-1522
-1573
-1478
-1482
-770
-299
-750
-2260
-2049
-425
107
96
350
203
-1485
-1580
633
2156
1776
1008
302
-347
163
2183
3156
2072
623
-103
195
1213
2503
2339
777
-497
-797
-67
1065
1712
726
-1090
-1640
-901
240
606
305
-708
-1393
-985
-7
508
295
6
-460
-471
154
977
1006
637
362
310
524
1023
1313
849
344
322
666
707
611
450
231
81
148
248
42
-172
-304
-265
-162
-36
-193
-638
-556
-215
40
-211
-471
-530
-511
-128
127
124
-198
-495
-497
-130
435
541
-21
-420
-317
132
437
484
294
-172
-311
-42
463
506
120
-285
-323
1
283
315
104
-142
-257
-197
31
213
41
-361
-573
-373
-111
-124
-364
-559
-658
-634
-623
-615
-796
-949
-1140
-1242
-1315
-1373
-1378
-1668
-1059
-435
-581
-1849
-1933
-657
-262
-68
364
262
-1409
-1669
307
1725
1484
1012
458
-423
-129
1776
3016
2267
1049
138
100
1122
2553
2613
1138
-112
-587
-66
1152
1968
1056
-835
-1500
-783
280
720
526
-432
-1223
-1095
-292
302
366
156
-493
-818
-348
717
1023
522
16
52
403
780
1055
882
487
259
461
602
677
665
449
133
62
285
316
206
84
-4
-196
-277
-174
12
16
-257
-448
-470
-245
-199
-91
-49
-211
-454
-630
-343
10
138
-124
-431
-495
-291
-40
146
131
-78
-377
-370
75
332
318
60
-124
-237
-60
337
456
203
-185
-258
-87
153
286
124
-228
-371
-207
-58
-80
-148
-221
-515
-771
-768
-504
-455
-790
-1167
-1370
-1273
-1207
-1233
-1414
-1596
-1632
-1047
-600
-874
-1758
-1500
-686
-449
-109
285
38
-1235
-838
633
1391
1232
1129
730
-10
561
2112
2737
1976
1165
567
571
1395
2416
2152
980
143
-136
227
986
1430
568
-713
-1129
-661
-4
394
204
-662
-1316
-994
-199
163
73
-189
-563
-659
-188
461
644
389
59
-19
290
740
965
765
478
399
519
660
749
702
470
219
233
408
450
256
12
-85
-56
24
54
-66
-224
-293
-274
-229
-181
-54
-208
-454
-490
-305
-233
-369
-398
-404
-411
-346
-218
-171
-268
-321
-248
-136
-1
37
-10
-78
-19
172
267
216
153
132
145
173
271
276
125
18
59
183
145
53
-46
-133
-251
-276
-269
-374
-584
-717
-726
-791
-866
-947
-1084
-1250
-1358
-1318
-1262
-1352
-1514
-1768
-1303
-648
-606
-1382
-1607
-787
-464
-206
334
478
-627
-1074
280
1366
1398
1335
1273
554
260
1435
2584
2462
1659
917
522
1001
2038
2303
1471
634
103
-124
457
1329
1130
-249
-1022
-765
-201
145
206
-275
-903
-961
-600
-267
-98
-25
-421
-662
-356
193
305
225
214
145
125
354
683
684
490
312
342
460
609
632
493
282
182
214
299
287
128
-88
-110
13
41
-113
-215
-161
-209
-278
-296
-223
-238
-373
-455
-404
-318
-302
-319
-300
-342
-350
-301
-210
-190
-194
-152
-106
-58
-6
81
78
40
56
139
170
164
167
186
140
128
196
240
155
67
106
101
8
-135
-191
-206
-241
-326
-453
-495
-540
-598
-757
-824
-918
-977
-1041
-1093
-1125
-1234
-1199
-1219
-1117
-1265
-1088
-714
-491
-888
-1164
-643
-240
-12
171
470
42
-267
303
1054
1331
1333
1347
899
681
1230
1938
1967
1646
1324
962
901
1289
1609
1383
961
526
151
196
615
762
265
-228
-461
-466
-304
-40
-99
-519
-742
-653
-473
-376
-200
-238
-430
-522
-283
-52
10
14
-53
-20
116
383
450
334
201
213
336
425
436
311
105
27
168
302
263
114
-23
-109
-76
61
90
-14
-172
-322
-339
-206
-64
-131
-293
-401
-398
-318
-192
-98
-233
-408
-412
-218
-100
-104
-165
-197
-152
-58
31
43
0
-31
14
122
206
211
190
157
171
226
283
309
227
116
38
30
58
86
65
-100
-257
-331
-343
-392
-396
-436
-633
-858
-902
-762
-764
-888
-1046
-1082
-1140
-1109
-1115
-973
-622
-448
-680
-1002
-628
-236
-47
144
510
380
-112
147
803
1204
1252
1407
1185
797
982
1630
1937
1755
1536
1157
883
1081
1541
1517
1112
692
279
93
353
685
398
-151
-487
-520
-461
-228
-150
-473
-791
-803
-623
-600
-477
-450
-585
-719
-572
-341
-291
-239
-194
-144
-80
94
203
169
144
164
171
223
348
307
118
18
152
264
232
188
107
36
-47
76
185
140
-78
-244
-186
-127
-85
-109
-163
-317
-407
-345
-227
-199
-252
-348
-467
-481
-359
-252
-244
-304
-373
-321
-170
-32
-23
-40
-26
-22
16
137
243
186
113
163
246
259
286
325
266
165
155
209
169
104
39
-50
-182
-256
-264
-287
-365
-493
-595
-674
-690
-753
-821
-900
-921
-1001
-995
-939
-862
-658
-547
-517
-705
-514
-292
-129
110
438
477
87
219
634
1013
1139
1356
1264
886
896
1286
1589
1575
1524
1225
864
855
1165
1189
947
699
371
74
46
249
135
-134
-341
-469
-578
-577
-537
-675
-734
-686
-711
-906
-865
-711
-665
-664
-546
-443
-495
-426
-238
-47
3
35
42
36
103
226
310
320
268
286
293
275
298
363
427
269
195
235
269
181
128
177
84
-37
-73
-8
-80
-213
-259
-227
-221
-252
-294
-337
-370
-384
-373
-366
-301
-313
-365
-396
-269
-104
-82
-100
-105
-46
-14
65
153
211
176
143
184
249
312
277
274
287
318
250
205
222
188
96
11
20
-44
-181
-286
-289
-313
-418
-483
-502
-559
-703
-774
-766
-760
-801
-803
-757
-746
-609
-503
-457
-601
-477
-225
-73
79
252
346
121
233
544
735
805
994
1061
781
740
1048
1246
1164
1121
1057
855
715
783
769
672
601
389
95
-23
95
10
-179
-254
-324
-468
-570
-541
-646
-714
-621
-589
-752
-823
-674
-565
-521
-404
-302
-312
-293
-173
-27
79
175
176
110
124
249
331
442
534
444
249
290
569
537
431
400
369
142
109
350
349
160
21
13
-88
-59
54
1
-194
-281
-262
-241
-218
-200
-268
-405
-386
-335
-241
-215
-209
-261
-274
-170
-94
-19
20
26
-68
-15
159
256
178
94
143
192
230
258
288
228
171
141
172
196
153
62
-24
-74
-108
-155
-229
-301
-344
-327
-380
-462
-530
-547
-567
-600
-593
-642
-732
-782
-703
-540
-378
-357
-477
-557
-384
-155
-21
166
282
162
-36
195
525
636
677
774
734
582
721
953
1001
883
828
722
635
699
725
603
472
395
228
91
104
71
-135
-271
-238
-246
-384
-499
-532
-572
-527
-488
-524
-555
-517
-463
-433
-255
-113
-103
-145
-61
44
101
187
279
336
301
357
451
507
464
423
421
376
350
414
458
308
147
118
184
183
178
142
10
-115
-119
-30
-7
-82
-203
-323
-378
-325
-234
-228
-296
-340
-350
-288
-177
-111
-162
-222
-182
-106
-50
-31
-55
-104
-93
14
95
71
11
-35
-57
-12
53
88
40
-18
-62
-87
-81
-73
-91
-156
-190
-169
-166
-231
-292
-303
-319
-375
-432
-414
-395
-453
-519
-497
-401
-411
-520
-564
-516
-491
-344
-196
-167
-346
-307
-91
14
166
344
381
121
165
459
616
619
761
817
626
634
878
970
821
815
780
612
525
572
447
227
185
108
-37
-82
-34
-166
-345
-336
-301
-356
-373
-390
-481
-470
-310
-218
-269
-209
-126
-121
-50
132
234
167
182
278
331
293
377
467
465
398
342
381
354
361
284
247
154
83
63
31
16
-78
-114
-157
-132
-144
-124
-120
-127
-131
-130
-113
-104
-65
-61
-49
-16
52
28
35
72
85
47
43
115
102
52
37
59
23
-16
-16
-36
-96
-132
-129
-147
-179
-224
-255
-260
-233
-216
-250
-278
-253
-238
-238
-212
-198
-215
-258
-258
-251
-226
-222
-263
-326
-352
-333
-322
-372
-450
-528
-593
-593
-577
-428
-335
-347
-479
-376
-190
-171
-105
81
200
-31
24
290
417
323
412
602
542
549
655
740
649
671
667
562
527
551
458
296
315
274
165
134
206
122
-55
-69
-44
-71
-101
-60
-103
-156
-140
-60
24
122
188
128
104
153
200
178
196
244
222
137
167
213
198
191
192
164
72
86
83
75
13
-72
-111
-95
-14
-71
-140
-115
-32
-22
-31
47
67
1
0
84
143
142
124
113
97
142
175
183
143
102
70
30
54
62
40
-37
-89
-124
-165
-180
-187
-213
-259
-307
-329
-314
-272
-255
-302
-310
-265
-213
-215
-213
-140
-112
-114
-130
-89
-73
-85
-95
-92
-92
-153
-189
-224
-208
-266
-314
-358
-389
-435
-529
-551
-576
-469
-422
-406
-476
-410
-320
-302
-161
22
58
-143
-72
108
215
253
399
466
344
377
529
607
542
546
505
429
414
446
366
263
276
226
159
158
200
95
-34
-14
-1
-49
-74
-38
-66
-94
-33
45
27
-14
-18
-24
8
108
161
73
-26
-47
1
26
93
120
30
-50
-54
11
-10
-13
-34
-99
-159
-131
-48
-26
-46
-67
-34
16
68
99
147
166
159
163
193
213
196
193
191
220
217
199
167
137
125
124
130
115
72
13
-12
-16
-30
-90
-117
-114
-135
-181
-203
-164
-152
-182
-194
-174
-158
-151
-116
-74
-61
-85
-118
-104
-56
-15
-11
-33
-41
-50
-54
-33
-41
-76
-140
-194
-199
-224
-264
-318
-358
-379
-423
-461
-527
-525
-467
-403
-415
-462
-365
-325
-283
-179
-19
-9
-93
-14
86
161
214
354
399
353
365
459
510
479
486
457
451
456
450
384
346
320
231
177
211
248
155
61
62
95
46
-6
17
14
-27
-50
-1
17
-22
-77
-90
-64
-54
-36
-52
-57
-66
-80
-80
-67
-15
-34
-53
-88
-75
-68
-110
-99
-86
-79
-123
-74
-10
13
-17
-6
23
11
22
47
98
78
69
74
97
122
116
139
174
207
166
127
152
195
188
159
145
119
93
72
63
48
38
19
-19
-48
-47
-57
-66
-77
-73
-68
-62
-67
-92
-104
-114
-108
-109
-103
-118
-142
-147
-138
-127
-115
-105
-123
-159
-191
-179
-177
-199
-240
-303
-352
-369
-332
-326
-369
-425
-466
-476
-482
-422
-340
-329
-339
-331
-263
-199
-121
-39
24
45
54
144
243
337
392
432
427
422
465
544
604
591
523
439
414
458
508
474
400
322
240
182
180
229
191
71
-1
-5
-6
-37
-73
-108
-136
-146
-129
-108
-94
-57
-48
-64
-67
-17
9
-6
13
25
31
-22
-27
-32
-33
-59
-81
-82
-103
-116
-151
-129
-131
-113
-127
-127
-138
-152
-120
-80
-42
-48
-42
-29
17
53
98
154
155
137
137
172
200
215
228
221
193
152
122
106
94
83
42
-5
-38
-58
-69
-97
-114
-149
-185
-212
-224
-244
-253
-242
-242
-229
-225
-219
-218
-204
-178
-176
-188
-194
-180
-146
-127
-133
-129
-136
-167
-191
-187
-161
-174
-203
-213
-216
-220
-223
-216
-198
-187
-190
-198
-186
-127
-85
-59
-37
16
75
129
209
299
369
398
414
452
515
572
621
657
663
650
642
650
654
630
601
547
507
469
423
384
319
285
247
219
183
132
84
39
-11
-49
-72
-107
-136
-161
-151
-161
-174
-175
-182
-186
-186
-172
-181
-196
-199
-194
-192
-211
-210
-181
-173
-196
-215
-215
-207
-208
-209
-205
-219
-246
-244
-234
-210
-192
-188
-185
-170
-156
-141
-113
-97
-89
-105
-92
-76
-46
-18
-8
-9
-24
-22
-8
15
4
-37
-73
-69
-49
-46
-63
-109
-138
-153
-132
-98
-101
-138
-190
-194
-163
-125
-107
-112
-126
-157
-158
-120
-92
-99
-118
-116
-107
-105
-92
-76
-86
-86
-80
-68
-29
-1
3
-15
-26
-13
12
26
36
50
70
95
100
119
160
204
232
262
290
310
346
378
420
427
432
439
460
485
509
523
512
483
463
490
503
473
429
414
409
382
335
299
256
207
178
150
146
128
86
19
-35
-47
-66
-76
-96
-113
-141
-172
-177
-169
-157
-175
-211
-220
-213
-191
-184
-195
-202
-215
-225
-222
-200
-173
-182
-196
-193
-185
-172
-191
-211
-207
-180
-174
-179
-159
-130
-117
-104
-103
-103
-97
-90
-70
-55
-40
-49
-56
-42
-11
6
6
-10
-29
-50
-77
-76
-80
-80
-78
-87
-98
-111
-116
-123
-141
-155
-159
-167
-176
-182
-193
-191
-203
-207
-199
-177
-161
-158
-143
-142
-135
-120
-94
-54
-20
0
21
37
43
23
13
38
57
75
73
83
93
99
111
125
143
156
175
201
234
250
249
238
223
234
251
267
275
266
251
234
248
269
290
292
290
282
270
260
258
244
189
168
160
164
148
123
84
41
16
-3
-11
-22
-49
-88
-131
-147
-144
-171
-213
-249
-251
-242
-251
-265
-276
-277
-282
-283
-281
-277
-269
-263
-262
-242
-232
-242
-242
-231
-208
-178
-154
-122
-85
-80
-84
-62
-15
23
37
58
86
107
126
131
129
124
148
181
201
226
228
209
185
177
185
175
154
147
120
94
80
69
39
-1
-19
-37
-67
-86
-93
-114
-140
-164
-162
-152
-158
-169
-165
-161
-143
-139
-159
-149
-118
-101
-94
-74
-46
-35
-36
-9
10
21
30
43
43
38
47
60
75
64
63
66
72
73
69
71
65
48
49
63
78
80
51
41
53
67
83
86
103
111
97
104
117
133
116
96
94
103
104
81
68
65
63
46
31
32
26
-3
-39
-48
-38
-60
-99
-126
-136
-165
-185
-185
-195
-220
-249
-243
-231
-218
-204
-205
-195
-167
-149
-153
-166
-163
-163
-145
-114
-88
-77
-62
-43
-37
-19
20
53
50
58
79
111
140
155
173
198
235
255
257
273
284
275
263
277
316
314
302
282
276
267
251
231
205
187
149
118
102
107
90
55
30
12
2
-17
-39
-61
-87
-110
-127
-135
-136
-134
-135
-129
-102
-81
-75
-81
-82
-75
-62
-47
-38
-23
-9
-18
-25
-22
-16
-27
-35
-29
-33
-32
-40
-47
-64
-71
-71
-74
-75
-82
-79
-85
-92
-88
-62
-32
-23
-28
-11
8
4
-6
5
17
12
-3
4
34
41
30
19
27
26
24
13
6
17
4
-22
-36
-41
-52
-83
-100
-91
-99
-117
-137
-150
-170
-183
-179
-170
-174
-179
-165
-162
-161
-162
-151
-136
-125
-96
-76
-78
-77
-80
-70
-48
-23
-3
2
23
48
59
67
82
100
118
128
145
174
193
203
211
217
233
238
235
231
230
214
201
195
193
192
164
149
142
151
133
100
82
61
28
-7
-19
-22
-54
-93
-109
-107
-105
-135
-163
-179
-166
-158
-167
-163
-129
-115
-113
-104
-82
-63
-62
-53
-59
-48
-29
-13
1
1
5
18
26
37
35
28
25
28
26
31
30
23
25
12
14
20
19
21
16
26
41
44
43
50
71
83
93
109
117
132
149
160
159
156
158
156
154
160
154
120
87
72
40
10
-3
-19
-35
-43
-40
-44
-71
-105
-120
-131
-135
-150
-161
-169
-180
-191
-204
-188
-166
-141
-145
-150
-133
-114
-110
-117
-103
-80
-70
-58
-30
-9
3
5
6
3
5
19
26
28
23
29
28
23
28
43
53
68
78
77
77
76
74
77
80
74
64
52
52
44
28
19
13
3
-11
-29
-36
-38
-52
-64
-70
-81
-98
-106
-122
-126
-125
-127
-131
-143
-135
-123
-112
-102
-98
-104
-104
-89
-71
-52
-36
-24
-11
5
24
46
58
71
80
82
87
92
95
101
102
103
105
109
120
118
117
117
123
134
137
134
135
150
149
138
133
142
140
127
130
149
154
134
126
138
138
128
117
105
93
82
70
61
59
51
23
5
-15
-30
-51
-61
-67
-91
-115
-132
-137
-140
-148
-159
-157
-149
-139
-128
-112
-97
-99
-90
-81
-69
-67
-54
-39
-36
-29
-23
-10
1
19
27
15
12
32
42
46
44
58
54
40
42
40
39
27
17
13
20
