-111
-108
-100
-93
-81
-79
-68
-69
-68
-69
-57
-45
-40
-15
-5
16
33
38
77
118
200
320
375
348
269
248
227
169
156
141
81
27
-3
1
-34
-62
-23
9
-6
-2
-1
-36
-162
-274
-222
-227
-135
9
49
57
-114
-4
42
-10
75
22
105
-56
-80
-16
-119
-70
-105
-83
-137
-176
-162
-245
-315
-331
-333
-289
-266
-211
-132
-108
-42
-3
26
70
90
160
207
250
311
344
358
373
405
432
447
425
382
292
238
193
147
137
51
6
-40
-70
-126
-179
-214
-279
-305
-342
-343
-330
-335
-328
-332
-301
-271
-227
-195
-186
-164
-142
-93
-69
-28
3
19
14
6
19
13
3
-4
-23
-65
-100
-118
-139
-184
-241
-296
-389
-469
-536
-555
-614
-645
-644
-656
-651
-678
-655
-653
-666
-622
-640
-583
-595
-540
-462
-374
-174
-27
183
312
479
649
735
900
967
1059
1085
1082
1214
1178
1253
1230
1221
1196
1057
1045
884
740
569
367
192
-27
-144
-278
-413
-513
-620
-640
-692
-723
-739
-773
-737
-709
-620
-520
-392
-245
-102
60
219
414
597
761
893
1068
1201
1306
1430
1513
1598
1552
1577
1545
1452
1348
1150
1086
874
702
549
348
203
-3
-128
-294
-470
-597
-725
-850
-958
-1044
-1071
-1078
-1072
-1044
-996
-900
-793
-678
-587
-482
-369
-312
-248
-172
-101
-61
-24
-13
-19
-76
-136
-270
-389
-610
-812
-1094
-1321
-1607
-1849
-2053
-2271
-1804
-1620
-1370
-1567
-1006
-526
-795
-417
-40
467
-88
-162
677
625
667
834
1647
1820
1571
2253
2429
2372
2036
1866
1604
1048
899
496
-1
-205
-329
-584
-853
-803
-836
-1328
-1526
-1461
-1625
-1900
-1885
-1681
-1723
-1600
-1098
-669
-525
-275
133
353
468
618
785
854
965
1145
1249
1496
1718
1864
1897
1968
2041
1847
1669
1540
1305
983
734
670
465
307
277
213
176
67
90
-61
-220
-302
-460
-533
-627
-584
-606
-617
-458
-380
-292
-234
-143
-91
-133
-85
-92
-143
-152
-117
-56
-26
27
105
128
127
108
43
-41
-181
-322
-455
-589
-672
-758
-841
-894
-995
-1089
-1203
-1307
-1437
-1623
-1783
-1996
-2149
-2449
-2297
-1860
-1643
-1464
-1303
-367
-290
-128
508
985
1185
523
1238
1357
1222
1164
1523
2039
1699
2025
2417
2513
2371
2195
2000
1582
1197
794
117
-324
-629
-1015
-1387
-1443
-1355
-1573
-1730
-1556
-1460
-1597
-1605
-1481
-1501
-1570
-1303
-972
-751
-563
-129
292
634
989
1251
1550
1701
1856
1850
1896
2011
1945
1861
1796
1842
1763
1612
1553
1401
1160
941
720
482
144
-75
-337
-609
-772
-913
-988
-1059
-968
-922
-883
-802
-707
-599
-624
-540
-519
-493
-439
-389
-294
-248
-104
34
183
348
478
586
656
670
629
566
454
326
174
28
-58
-188
-263
-330
-360
-452
-562
-636
-750
-859
-1042
-1171
-1326
-1516
-1636
-1819
-1876
-2052
-2093
-2194
-2193
-1712
-1573
-1252
-1257
-493
-217
-249
393
768
1217
760
1215
1605
1377
1419
1525
1980
1689
1745
2081
2123
2172
2023
1938
1649
1408
1099
559
164
-196
-677
-1107
-1235
-1338
-1558
-1719
-1550
-1446
-1411
-1297
-1165
-1049
-1060
-870
-711
-532
-414
-306
-30
191
486
721
1052
1358
1514
1695
1842
2037
1985
1882
1818
1749
1634
1468
1411
1299
1157
992
900
790
607
430
265
103
-113
-278
-431
-531
-634
-684
-666
-633
-576
-577
-528
-511
-452
-442
-445
-404
-429
-419
-410
-305
-246
-229
-141
-57
13
20
81
129
100
20
-35
-82
-184
-303
-415
-477
-572
-646
-709
-724
-769
-854
-880
-953
-981
-1123
-1240
-1356
-1476
-1540
-1692
-1730
-1870
-1888
-2014
-1803
-1458
-1333
-1144
-953
-202
-244
87
671
1061
1221
927
1694
1560
1516
1416
1624
1689
1293
1568
1630
1716
1613
1630
1564
1433
1258
940
516
201
-211
-751
-1092
-1332
-1553
-1810
-1815
-1663
-1579
-1403
-1150
-862
-652
-528
-257
-109
23
-18
89
272
385
562
690
1023
1212
1418
1606
1835
2027
2042
2062
2029
2008
1840
1649
1451
1210
911
623
427
243
27
-119
-195
-235
-259
-315
-292
-334
-408
-491
-578
-601
-723
-813
-886
-899
-893
-895
-789
-667
-511
-391
-207
-16
101
187
231
287
251
191
163
113
64
-15
-54
-75
-107
-166
-200
-201
-248
-325
-387
-442
-531
-670
-806
-934
-1019
-1194
-1273
-1384
-1450
-1525
-1599
-1593
-1699
-1647
-1795
-1566
-1403
-1291
-1152
-934
-336
-421
45
534
954
1074
1041
1755
1597
1657
1608
1837
1746
1456
1667
1669
1680
1552
1502
1404
1301
1121
850
510
304
-79
-491
-721
-939
-1204
-1511
-1554
-1542
-1597
-1535
-1394
-1176
-1041
-883
-548
-299
-64
-5
249
481
632
758
867
1101
1139
1245
1348
1546
1643
1657
1736
1785
1837
1747
1659
1527
1356
1089
804
588
314
-17
-251
-432
-534
-649
-731
-727
-724
-639
-661
-571
-557
-536
-582
-638
-599
-705
-723
-804
-740
-711
-659
-525
-410
-255
-162
10
169
310
386
417
466
446
363
267
190
94
-58
-153
-195
-206
-253
-273
-234
-233
-240
-279
-309
-351
-491
-610
-756
-899
-1093
-1230
-1343
-1507
-1584
-1697
-1643
-1758
-1496
-1280
-1095
-911
-678
-124
-232
200
517
799
824
767
1304
1079
1177
1125
1309
1256
1108
1341
1299
1348
1294
1275
1205
1134
1020
761
467
281
-73
-441
-657
-862
-1110
-1363
-1411
-1375
-1383
-1301
-1173
-965
-763
-574
-232
-12
239
310
508
693
769
827
844
968
935
985
1067
1230
1306
1349
1461
1558
1596
1545
1516
1400
1217
980
756
498
229
-27
-270
-443
-555
-680
-744
-763
-717
-693
-676
-592
-568
-538
-574
-560
-597
-683
-742
-800
-845
-860
-797
-721
-610
-485
-317
-178
-8
132
255
337
400
440
390
358
266
179
54
-42
-134
-233
-281
-331
-338
-342
-328
-332
-334
-323
-382
-430
-523
-608
-754
-890
-1044
-1183
-1301
-1404
-1487
-1556
-1578
-1609
-1313
-1218
-973
-925
-464
-209
-200
316
537
889
692
994
1269
1099
1181
1151
1367
1168
1173
1363
1350
1384
1341
1342
1328
1275
1181
955
777
627
270
6
-225
-404
-672
-885
-861
-917
-917
-886
-718
-532
-404
-168
71
281
391
468
658
720
763
728
748
754
719
750
734
823
831
859
898
975
999
919
877
785
638
432
240
46
-185
-412
-586
-727
-836
-904
-946
-936
-892
-816
-719
-662
-553
-505
-453
-444
-434
-399
-452
-421
-446
-408
-392
-346
-243
-197
-87
-6
125
235
322
434
477
493
474
434
369
257
113
-26
-149
-258
-348
-419
-438
-425
-392
-370
-324
-272
-292
-301
-369
-418
-549
-690
-813
-999
-1101
-1319
-1372
-1528
-1551
-1656
-1596
-1360
-1332
-1105
-1049
-493
-492
-234
221
471
690
558
1114
1095
1080
1106
1215
1284
1069
1227
1316
1345
1388
1411
1437
1455
1433
1332
1110
1037
841
497
230
-37
-313
-685
-856
-934
-1078
-1115
-1102
-964
-824
-693
-414
-247
-37
-6
136
289
334
387
335
429
377
406
415
474
560
559
649
736
838
856
879
924
933
860
744
619
485
291
84
-96
-268
-435
-617
-705
-741
-736
-740
-658
-522
-442
-340
-255
-146
-152
-199
-181
-219
-272
-363
-373
-354
-359
-296
-213
-69
53
152
276
422
556
584
584
572
499
383
258
155
15
-125
-233
-293
-327
-381
-404
-396
-356
-364
-356
-365
-405
-475
-552
-629
-734
-886
-1017
-1183
-1324
-1496
-1578
-1653
-1688
-1464
-1435
-1201
-1119
-600
-419
-278
230
474
780
667
1120
1236
1157
1212
1249
1374
1130
1227
1275
1266
1280
1269
1281
1262
1265
1140
956
843
708
382
139
-90
-350
-699
-948
-1078
-1239
-1330
-1379
-1312
-1202
-1067
-826
-559
-308
-143
56
312
449
529
560
662
663
637
654
676
723
683
711
767
867
926
948
1023
1045
1021
931
837
708
469
260
18
-204
-405
-619
-752
-908
-934
-977
-970
-861
-768
-657
-554
-407
-313
-253
-210
-154
-162
-179
-165
-158
-128
-135
-85
-24
60
130
203
344
419
483
536
597
598
531
487
396
281
149
17
-117
-230
-319
-435
-470
-479
-511
-543
-541
-477
-486
-487
-474
-479
-545
-655
-717
-859
-979
-1148
-1262
-1415
-1433
-1324
-1324
-1162
-1033
-564
-479
-177
320
583
858
840
1330
1331
1290
1327
1287
1286
1014
1089
1028
955
932
870
911
908
921
861
774
742
584
351
175
-52
-329
-672
-860
-1024
-1235
-1347
-1383
-1303
-1205
-1039
-766
-502
-231
-23
256
507
663
752
789
856
811
756
711
692
638
582
585
631
695
699
730
780
795
745
694
621
498
308
118
-65
-256
-453
-657
-791
-898
-959
-1019
-980
-905
-835
-721
-572
-446
-344
-223
-132
-46
-38
7
0
-19
-45
-81
-67
-63
-17
21
109
213
305
392
482
542
573
555
534
490
399
301
156
47
-93
-220
-302
-376
-422
-472
-475
-454
-450
-419
-409
-399
-441
-495
-587
-672
-781
-889
-1030
-1147
-1270
-1361
-1245
-1311
-1174
-1129
-777
-629
-485
6
213
525
524
951
1094
1042
1142
1144
1200
974
1012
985
906
855
795
771
771
766
692
614
587
513
307
215
82
-107
-356
-501
-582
-735
-825
-878
-846
-811
-760
-613
-443
-248
-111
91
362
518
642
737
868
901
852
820
739
669
524
412
343
285
198
130
136
144
131
144
159
153
106
27
-29
-113
-198
-341
-454
-532
-608
-668
-671
-597
-561
-495
-403
-272
-167
-65
47
124
169
205
219
220
207
143
90
37
14
-30
-47
-18
23
48
94
174
224
273
321
365
362
344
302
253
181
99
8
-70
-151
-247
-307
-332
-360
-373
-386
-380
-415
-471
-522
-585
-655
-782
-874
-1021
-1122
-1322
-1334
-1318
-1364
-1325
-1291
-943
-983
-698
-366
-98
140
245
779
825
990
1099
1245
1296
1167
1252
1169
1129
1046
970
897
885
840
770
711
753
690
579
557
440
317
118
41
-96
-286
-426
-575
-638
-708
-714
-669
-581
-439
-358
-171
27
182
305
406
519
503
515
492
443
354
268
189
111
54
-25
-49
-43
-11
-13
31
88
139
148
170
211
198
171
102
44
-48
-123
-189
-259
-300
-325
-330
-303
-263
-218
-164
-100
-33
5
39
68
87
61
16
-16
-73
-138
-178
-206
-210
-197
-172
-92
-25
62
131
203
267
308
354
342
336
299
256
188
106
18
-98
-186
-284
-370
-425
-475
-507
-547
-584
-575
-632
-659
-746
-802
-930
-1036
-1161
-1273
-1235
-1332
-1306
-1338
-1104
-1067
-951
-599
-373
-86
31
479
661
787
960
1088
1201
1122
1198
1164
1115
1059
997
953
935
923
876
818
827
795
672
640
565
456
269
144
32
-162
-316
-476
-536
-617
-666
-655
-608
-484
-445
-307
-155
-28
95
158
266
286
309
281
229
182
101
58
12
6
-28
-45
-11
49
124
209
312
393
444
504
535
526
504
450
388
318
254
194
111
47
10
-7
-30
-37
-32
-27
-7
-8
23
27
30
14
-11
-29
-75
-96
-152
-192
-226
-244
-256
-272
-240
-221
-172
-129
-51
18
65
110
130
146
140
142
113
71
26
-20
-61
-116
-154
-202
-263
-299
-350
-405
-487
-545
-638
-722
-834
-957
-1056
-1218
-1292
-1451
-1472
-1500
-1535
-1500
-1429
-1219
-1169
-948
-691
-453
-258
-38
307
455
641
808
987
1073
1105
1207
1226
1241
1241
1226
1219
1214
1178
1108
1060
1046
955
859
771
653
492
311
179
22
-134
-270
-373
-432
-497
-552
-558
-520
-460
-430
-335
-230
-178
-127
-57
47
83
120
143
163
192
187
205
210
224
238
260
328
382
424
477
518
583
604
632
627
603
573
507
455
385
313
195
120
54
-20
-101
-164
-210
-268
-301
-321
-317
-341
-352
-356
-358
-366
-381
-377
-394
-375
-342
-295
-244
-234
-205
-163
-99
-23
41
124
172
221
276
301
350
346
349
314
284
252
176
110
33
-22
-117
-186
-277
-372
-476
-587
-676
-806
-886
-988
-1093
-1184
-1287
-1338
-1455
-1476
-1441
-1441
-1377
-1325
-1111
-1015
-847
-556
-313
-69
93
423
631
795
974
1137
1255
1280
1361
1413
1418
1386
1347
1289
1253
1170
1080
970
878
768
622
526
400
284
125
1
-96
-210
-325
-440
-510
-569
-625
-627
-598
-554
-524
-448
-342
-267
-178
-104
1
62
136
183
205
233
236
256
266
305
302
306
322
329
331
343
363
356
361
366
361
342
315
261
199
163
112
43
-34
-87
-156
-223
-247
-264
-280
-288
-288
-283
-269
-228
-197
-190
-155
-158
-133
-121
-97
-75
-81
-59
-68
-44
-10
8
34
46
80
113
158
203
215
233
215
201
176
156
134
76
20
-47
-107
-187
-253
-315
-392
-486
-566
-647
-718
-806
-894
-935
-1011
-1039
-1113
-1145
-1169
-1239
-1182
-1190
-1112
-1059
-946
-781
-716
-479
-303
-78
126
333
595
726
903
1024
1144
1225
1267
1328
1324
1307
1281
1220
1178
1109
1038
965
871
802
686
597
478
390
299
190
103
-6
-98
-203
-276
-343
-405
-468
-496
-510
-496
-477
-407
-351
-314
-255
-191
-98
-60
7
47
87
103
112
124
133
141
136
154
175
214
228
257
274
299
294
307
311
291
279
231
200
155
113
67
43
9
-36
-55
-86
-102
-120
-133
-143
-162
-160
-150
-156
-169
-175
-185
-198
-206
-229
-229
-226
-210
-198
-185
-146
-131
-89
-45
30
96
149
178
183
215
221
211
197
183
148
102
75
28
-25
-107
-161
-220
-297
-334
-423
-487
-584
-686
-754
-850
-906
-1007
-1065
-1086
-1155
-1110
-1099
-1049
-996
-892
-716
-622
-395
-200
13
193
384
612
732
882
1002
1112
1164
1201
1221
1217
1213
1205
1169
1158
1130
1068
1012
950
907
775
671
559
433
303
157
48
-105
-235
-362
-489
-555
-624
-673
-698
-704
-671
-653
-576
-511
-436
-354
-282
-195
-145
-86
-53
-16
11
34
60
78
104
111
139
187
225
247
290
344
365
384
392
391
354
333
329
296
256
200
139
85
28
-12
-58
-72
-104
-131
-156
-191
-213
-259
-283
-323
-350
-374
-409
-441
-464
-477
-496
-470
-433
-400
-350
-285
-216
-174
-122
-62
-11
26
67
113
125
143
135
125
113
84
58
34
14
-35
-70
-129
-199
-275
-352
-398
-485
-539
-649
-709
-803
-883
-927
-1009
-988
-1044
-983
-947
-871
-790
-694
-542
-439
-252
-86
121
278
470
648
781
917
1024
1123
1190
1253
1292
1303
1293
1294
1253
1222
1185
1130
1053
968
900
782
668
538
409
267
119
-9
-137
-253
-359
-450
-507
-555
-592
-587
-574
-561
-534
-473
-407
-349
-291
-222
-163
-117
-76
-46
-7
19
55
80
120
145
175
203
249
282
307
333
365
400
388
391
377
364
323
287
250
189
147
83
32
-13
-73
-128
-180
-214
-256
-291
-318
-349
-362
-393
-410
-432
-447
-450
-449
-436
-419
-395
-375
-336
-279
-221
-161
-98
-25
49
110
177
221
251
267
293
308
304
304
288
281
241
208
166
115
59
-12
-59
-135
-214
-290
-375
-446
-533
-610
-690
-767
-802
-859
-890
-910
-907
-863
-833
-743
-664
-522
-397
-270
-70
65
231
365
532
662
753
893
967
1031
1071
1118
1152
1147
1146
1112
1068
1031
953
878
793
703
604
463
360
228
93
-38
-166
-276
-405
-489
-577
-626
-665
-710
-704
-691
-671
-647
-593
-522
-478
-422
-365
-306
-253
-196
-127
-86
-43
9
48
95
136
165
206
255
299
323
348
375
377
372
360
373
353
342
322
275
257
205
159
105
56
19
-27
-52
-99
-141
-179
-236
-269
-307
-327
-352
-376
-383
-404
-396
-406
-397
-368
-330
-269
-230
-174
-135
-78
-13
28
73
114
142
175
209
230
248
257
256
258
273
261
244
226
195
158
98
46
-14
-95
-182
-266
-347
-437
-514
-593
-642
-687
-741
-772
-784
-782
-766
-721
-687
-623
-545
-434
-333
-241
-90
14
142
267
409
544
621
729
809
869
916
940
965
953
933
915
870
840
775
684
602
493
404
284
177
77
-34
-128
-232
-318
-395
-464
-533
-586
-618
-649
-661
-663
-656
-638
-620
-573
-521
-481
-428
-365
-302
-252
-195
-123
-67
-14
40
92
161
191
234
269
299
327
325
351
372
395
406
396
398
388
380
356
333
326
284
234
198
157
98
31
-18
-81
-138
-174
-215
-234
-261
-276
-280
-276
-263
-244
-222
-189
-142
-111
-70
-34
-5
32
77
96
120
159
189
221
254
271
282
310
334
344
342
335
321
269
200
145
79
1
-90
-169
-249
-313
-375
-450
-519
-589
-647
-682
-705
-731
-750
-756
-757
-730
-682
-640
-576
-505
-405
-320
-205
-71
31
143
249
371
467
570
664
718
771
789
813
813
775
753
721
681
632
563
511
455
387
302
213
149
77
-9
-89
-173
-259
-343
-404
-443
-485
-506
-518
-515
-503
-490
-464
-432
-386
-345
-293
-224
-148
-97
-40
10
36
71
115
161
196
234
256
289
307
317
342
357
374
382
390
397
392
384
338
300
257
202
153
86
48
-3
-57
-93
-139
-163
-177
-199
-227
-248
-267
-293
-315
-322
-327
-339
-330
-315
-294
-279
-265
-241
-227
-200
-172
-131
-95
-51
-14
13
47
64
78
97
113
119
119
114
128
121
83
54
21
-17
-46
-80
-121
-156
-208
-260
-290
-327
-355
-381
-419
-452
-471
-492
-513
-505
-508
-466
-435
-388
-318
-248
-173
-108
-11
73
175
265
364
461
526
587
640
685
722
745
748
744
738
730
699
674
617
550
489
434
384
308
236
167
93
8
-67
-143
-212
-270
-318
-357
-367
-375
-387
-376
-367
-359
-354
-331
-292
-265
-240
-206
-170
-131
-97
-71
-39
-2
22
48
78
110
131
155
183
203
214
229
263
280
293
296
290
277
271
251
224
209
188
153
103
79
28
-15
-45
-76
-111
-129
-143
-171
-184
-208
-221
-236
-248
-251
-241
-225
-209
-193
-176
-160
-137
-116
-83
-52
-27
8
49
101
128
152
168
193
202
207
216
204
188
160
124
78
41
-3
-37
-72
-114
-161
-200
-231
-280
-322
-354
-392
-433
-462
-482
-499
-508
-519
-519
-492
-457
-431
-379
-316
-254
-192
-120
-41
28
102
182
263
339
407
475
534
589
634
654
671
672
673
669
668
657
606
577
534
482
420
356
297
230
165
92
20
-42
-96
-158
-208
-251
-285
-304
-309
-318
-332
-334
-329
-298
-288
-262
-233
-206
-179
-144
-104
-78
-42
-21
16
46
97
135
173
212
241
261
280
302
312
316
314
293
251
220
183
136
76
34
-14
-66
-113
-159
-202
-234
-264
-290
-303
-328
-344
-357
-357
-356
-362
-365
-360
-355
-346
-321
-290
-249
-200
-153
-96
-41
-2
36
76
121
153
173
201
222
234
228
222
212
197
176
150
120
84
56
24
7
-13
-52
-81
-125
-166
-202
-246
-282
-314
-353
-380
-387
-395
-413
-419
-421
-429
-422
-391
-351
-300
-241
-174
-96
-16
63
130
197
261
331
386
446
495
534
569
588
607
601
590
574
554
522
498
454
395
344
280
214
135
74
-5
-75
-138
-202
-266
-335
-375
-417
-451
-474
-478
-465
-455
-430
-412
-385
-332
-288
-251
-213
-157
-105
-40
19
70
126
167
208
230
249
274
283
289
305
311
307
300
291
276
253
238
209
176
134
91
60
31
6
-29
-52
-92
-125
-148
-164
-170
-181
-181
-173
-155
-137
-123
-114
-100
-80
-49
-22
4
23
39
63
77
99
113
126
138
139
147
153
149
141
135
121
107
97
75
48
33
6
-26
-60
-104
-142
-188
-219
-257
-281
-305
-350
-375
-399
-411
-412
-410
-403
-388
-367
-341
-305
-274
-245
-204
-157
-99
-37
10
73
130
178
236
292
353
410
470
509
541
565
593
616
626
630
615
596
571
539
491
431
369
302
231
163
108
61
11
-43
-89
-128
-166
-206
-240
-253
-278
-281
-288
-292
-293
-303
-294
-296
-285
-275
-245
-217
-194
-165
-134
-103
-82
-39
-17
6
16
20
16
17
25
17
17
6
-8
-28
-40
-59
-59
-58
-56
-70
-88
-94
-108
-117
-116
-108
-101
-86
-79
-75
-73
-76
-72
-68
-44
-24
-9
10
19
16
3
8
18
13
18
18
18
18
22
25
20
21
10
5
3
8
1
-3
4
-7
-9
-12
-10
-8
1
-10
-25
-48
-77
-91
-104
-115
-127
-131
-125
-121
-124
-122
-121
-110
-113
-94
-73
-70
-57
-51
-23
-1
20
51
85
124
166
207
230
252
278
298
311
323
336
342
344
334
315
299
275
248
222
200
169
133
99
57
16
-18
-51
-92
-117
-140
-152
-180
-206
-226
-255
-253
-264
-263
-270
-286
-289
-291
-289
-279
-265
-249
-220
-196
-169
-148
-131
-113
-92
-66
-50
-34
-15
3
5
8
7
4
3
3
4
10
19
25
36
43
41
37
35
27
27
32
46
52
46
38
31
26
24
22
16
3
-3
-13
-27
-36
-55
-56
-66
-77
-74
-69
-55
-47
-43
-42
-39
-33
-18
-13
-3
13
15
26
28
33
42
45
44
48
57
58
58
54
58
55
57
57
44
32
23
15
15
17
19
30
31
29
31
34
50
62
80
108
134
156
196
226
256
285
300
327
353
365
378
384
381
392
395
387
381
371
353
329
312
290
264
243
209
180
147
115
83
51
10
-20
-58
-94
-128
-166
-203
-226
-258
-283
-293
-312
-319
-338
-347
-359
-365
-346
-340
-337
-333
-319
-297
-280
-261
-242
-228
-214
-198
-174
-154
-134
-114
-103
-77
-56
-39
-11
16
28
44
61
68
79
84
92
94
93
94
91
87
81
67
47
33
21
5
-8
-18
-34
-54
-65
-87
-113
-134
-153
-170
-182
-187
-184
-181
-182
-176
-164
-151
-137
-119
-106
-81
-51
-34
-13
4
19
36
52
65
77
88
89
95
101
113
119
113
120
122
103
94
84
81
76
62
55
40
31
22
21
22
21
29
32
50
62
71
84
94
108
121
129
143
156
160
171
172
173
166
158
156
156
150
139
128
121
110
96
78
54
40
22
-3
-33
-68
-98
-125
-149
-171
-195
-223
-237
-253
-274
-282
-295
-297
-295
-286
-284
-274
-254
-243
-234
-231
-219
-206
-180
-154
-125
-104
-89
-69
-41
-18
5
28
52
77
102
128
147
160
169
185
192
193
195
197
207
200
201
189
190
184
164
154
138
125
95
72
46
15
-10
-39
-57
-69
-87
-97
-115
-134
-133
-131
-130
-130
-125
-121
-111
-93
-75
-64
-55
-41
-30
-14
-1
11
27
37
49
67
83
87
98
105
112
108
99
95
92
88
75
64
56
58
45
37
37
32
30
31
38
47
51
59
73
77
83
91
104
113
117
129
136
145
152
151
148
154
150
139
124
114
98
72
59
40
21
-2
-24
-44
-62
-79
-93
-113
-141
-162
-184
-207
-221
-230
-247
-261
-274
-280
-291
-298
-290
-287
-283
-273
-264
-254
-240
-223
-200
-181
-157
-137
-108
-77
-47
-21
-2
21
36
55
76
110
142
168
194
218
242
263
283
309
316
321
323
322
322
314
308
290
270
243
214
191
170
150
129
105
83
56
29
-2
-24
-46
-69
-84
-98
-116
-129
-134
-135
-139
-136
-133
-126
-117
-98
-86
-73
-56
-48
-32
-24
-18
-17
-10
-10
-12
-19
-26
-22
-21
-20
-22
-29
-36
-45
-60
-63
-62
-68
-64
-53
-54
-62
-62
-64
-69
-67
-57
-46
-36
-28
-29
-24
-9
2
5
18
41
54
59
71
75
73
69
67
66
67
56
45
35
23
15
-4
-7
-18
-24
-37
-49
-58
-75
-85
-101
-111
-120
-132
-129
-137
-143
-148
-148
-147
-146
-134
-129
-117
-105
-92
-85
-75
-64
-48
-24
-7
19
39
61
76
86
114
139
154
170
180
190
205
217
240
260
266
268
273
266
255
249
241
234
213
192
170
149
129
104
76
50
26
2
-16
-35
-61
-82
-91
-112
-134
-147
-155
-166
-176
-185
-189
-190
-191
-189
-177
-168
-159
-143
-130
-124
-125
-117
-100
-89
-76
-63
-43
-37
-35
-28
-30
-25
-29
-29
-21
-14
-9
-11
-16
-21
-19
-20
-19
-10
-9
-15
-13
-6
3
-1
3
1
7
14
17
28
39
49
50
48
52
59
64
60
64
62
53
51
48
51
43
30
20
7
1
-14
-20
-26
-32
-38
-43
-49
-63
-74
-84
-93
-99
-109
-107
-108
-108
-109
-117
-106
-95
-86
-77
-70
-58
-43
-34
-20
3
20
36
63
80
95
113
130
143
146
152
159
166
178
188
196
204
206
208
204
201
195
186
168
150
140
125
110
97
84
70
57
34
10
-14
-33
-47
-67
-80
-95
-113
-127
-147
-166
-176
-182
-187
-192
-195
-192
-189
-191
-188
-177
-162
-146
-130
-112
-95
-77
-64
-48
-36
-27
-15
-3
7
13
22
25
22
28
34
44
54
54
51
49
50
47
40
37
34
35
28
25
21
15
18
22
32
41
52
62
65
63
66
66
63
70
78
79
74
71
68
58
54
53
46
38
38
41
32
20
10
-2
-13
-27
-37
-45
-44
-45
-54
-62
-65
-64
-65
-67
-71
-75
-77
-73
-65
-61
-59
-51
-45
-39
-39
-41
-39
-34
-22
-16
-1
20
31
37
45
54
59
65
73
81
86
89
95
94
97
99
96
91
88
92
86
78
67
66
62
53
41
27
18
5
-14
-32
-47
-58
-69
-84
-96
-106
-119
-136
-148
-160
-165
-166
-159
-157
-153
-147
-140
-136
-133
-124
-114
-98
-81
-69
-63
-54
-47
-33
-26
-22
-16
-8
0
6
19
29
37
50
58
65
69
76
77
83
85
83
93
97
103
103
97
96
94
95
93
92
94
90
90
84
77
69
63
68
64
62
59
53
48
39
27
17
8
0
-5
-12
-20
-26
-29
-25
-21
-24
-22
-21
-29
-37
-43
-49
-59
-63
-66
-75
-82
-90
-94
-94
-98
-100
-99
-91
-90
-90
-92
-95
-93
-93
-89
-78
-66
-58
-58
-45
-37
-33
-21
-7
7
23
41
55
68
76
81
88
95
108
110
110
110
106
102
93
95
87
78
71
59
50
39
29
28
26
17
13
5
0
-12
-28
-39
-55
-60
-68
-75
-73
-72
-73
-77
-75
-77
-77
-67
-58
-49
-43
-36
-37
-33
-29
-26
-14
-3
7
13
23
28
30
34
39
52
61
67
69
75
79
82
89
91
96
97
93
90
86
81
80
77
76
73
71
65
61
53
46
42
39
34
31
28
23
22
13
9
5
2
-7
-9
-10
-14
-18
-25
-32
-37
-38
-38
-39
-41
-49
-54
-54
-53
-53
-52
-45
-42
-44
-47
-51
-56
-59
-67
-69
-68
-75
-80
-81
-78
-79
-77
-72
-65
-59
-51
-46
-43
-38
-37
-35
-28
-21
-17
-12
-5
0
-1
3
6
11
15
20
24
29
28
21
19
19
17
16
18
19
9
-1
-11
-22
-25
-31
-36
-38
-38
-41
-47
-47
-50
-51
-52
-47
-42
-40
-40
-39
-30
-26
-22
-17
-6
4
10
19
30
37
43
50
60
71
77
86
93
97
98
98
101
102
103
104
103
98
98
89
83
81
75
67
61
56
49
37
32
25
15
6
-3
-7
-15
-24
-31
-34
-42
-50
-55
-57
-59
-63
-64
-65
-65
-63
-62
-60
-58
-56
-54
-51
-45
-44
-43
-40
-35
-32
-30
-26
-19
-18
-17
-12
-8
-5
-4
0
1
3
4
3
3
5
7
8
9
10
8
4
2
5
5
2
4
5
5
