1
-12
-26
-7
-28
8
-40
4
-23
-20
-13
-14
-31
-1
-31
-27
-16
-24
-19
-27
20
-36
-3
7
-1
-3
-6
31
-5
-4
14
-5
28
-37
48
4
-30
67
-38
37
-15
49
-16
-11
55
-20
14
-5
68
-53
44
-5
-3
3
-49
60
-87
38
-27
9
-18
-4
17
-46
11
-23
-23
-29
1
-30
-13
-23
18
-28
38
-37
53
-2
-15
34
-29
58
-63
74
-28
31
22
25
36
16
77
-33
60
-2
48
-25
58
25
32
-1
65
36
-16
69
-8
37
-33
41
-15
18
-14
9
28
-50
52
-50
21
-14
-40
-10
-31
-24
-29
-47
3
-48
-35
-14
-20
-22
-51
37
-77
11
-42
23
-21
-13
31
-35
42
-37
37
36
32
2
63
65
-3
72
47
85
-30
87
53
3
78
37
73
3
76
35
60
23
45
51
23
27
18
66
-30
36
28
19
-13
48
28
-38
45
-31
47
-81
51
-10
-20
-47
10
15
-105
-5
10
-75
-89
47
-75
-29
-54
65
-74
-39
62
-35
-7
-24
68
-43
-9
22
73
-79
62
102
-82
82
39
53
-20
65
75
-8
16
98
11
5
61
51
23
-48
83
18
-109
62
53
-147
31
31
-68
-52
36
-9
-100
20
16
-97
-30
37
-59
-37
-31
27
-84
-97
109
-161
0
-44
-21
-70
-81
34
-170
22
-96
16
-132
-7
42
-152
53
-29
-26
-40
-19
76
-136
39
20
-91
-11
-45
-23
-76
3
-108
22
-109
-14
-33
-124
41
-88
-80
-35
-8
-110
-50
32
-91
-39
-54
70
-147
32
8
-67
34
-33
66
-28
-32
148
-90
20
154
-51
28
94
42
-50
60
87
-14
-5
84
1
-16
70
-19
38
55
-59
77
28
5
26
34
101
-3
20
135
21
-6
137
34
-13
106
23
-11
82
-43
-13
-50
81
-179
-67
116
-243
-53
11
-117
-123
-40
-62
-107
-128
36
-141
-67
-4
-105
25
-136
89
-172
75
-52
-116
92
-66
-42
-45
65
-61
-101
102
-2
-141
118
-40
-81
29
4
-53
54
-76
75
-51
-43
90
-195
201
-152
17
42
-19
14
-39
77
-53
59
-39
175
-188
206
-69
-23
157
-81
2
62
-4
-135
76
-15
-65
-107
153
-164
-35
-13
5
-160
55
-72
-23
41
-113
131
-66
10
-14
23
-42
21
-3
27
-64
31
11
-53
42
-17
-9
63
-87
59
58
-148
47
103
-204
96
101
-155
97
-15
96
-169
178
59
-167
305
-92
-38
245
-160
203
-63
118
3
69
66
-58
274
-215
116
73
-24
-129
254
-55
-155
260
-10
-102
185
10
25
10
108
-10
66
44
36
132
-10
50
175
-33
4
171
19
-115
205
1
-59
93
37
2
-8
105
-105
174
-158
94
-75
57
-151
124
-59
-45
12
49
-65
-4
128
-100
36
102
-75
54
36
-31
70
17
5
72
-46
56
-6
50
-24
-2
70
-89
86
-46
10
37
24
-29
129
43
-42
144
67
-58
106
65
20
-34
229
-98
97
63
19
-4
118
-51
57
1
25
-7
-30
59
-37
-16
47
-53
85
-83
106
-41
-24
34
-37
-19
-19
-46
57
-163
146
-180
135
-158
39
-26
-136
100
-215
40
-81
-78
-142
-16
-144
-50
-143
35
-105
-184
137
-267
-13
-144
-40
-101
-181
65
-115
-161
43
-88
-151
53
-157
-4
-171
41
-146
-51
-19
-171
79
-210
51
-125
40
-113
-38
20
-90
-81
73
-48
-125
129
-38
-70
40
48
3
-61
126
-12
-118
195
-110
27
65
88
-19
83
153
-23
84
120
72
-72
193
45
-125
185
22
-21
102
80
86
-26
167
83
-51
145
70
-33
44
125
-44
73
38
74
-20
10
77
-35
-46
69
-62
-53
41
-83
65
-78
94
-134
146
-128
68
-30
29
-18
-109
190
-297
177
-114
21
-77
-16
33
-146
94
-88
28
-117
77
-151
-23
-7
-106
-3
-99
63
-136
46
-30
-67
-59
8
-79
-161
67
-136
-101
41
-7
-110
78
7
9
-86
61
51
-133
105
-48
40
-61
84
-49
56
-125
136
-57
-27
117
-170
212
-212
127
-35
-17
-24
91
-35
47
37
81
-52
128
64
-35
132
47
29
16
171
-117
217
-97
175
-54
113
-86
56
43
-148
144
-69
57
-96
127
18
-125
222
-62
16
-26
125
-76
12
96
-15
39
-26
216
-119
126
123
26
-61
204
-81
43
-80
118
-121
-14
4
-18
-26
-49
18
-42
38
-150
111
-58
-129
152
-57
-81
234
-257
196
-108
103
-125
4
206
-210
1
196
-153
-39
-10
88
-143
-118
134
-32
-260
139
-11
-238
122
-251
167
-318
193
-192
-36
197
-366
273
-95
-98
110
-82
101
-134
110
-7
-67
122
-113
99
-13
20
-3
39
32
-106
181
-276
261
-198
-40
166
-183
73
-76
140
-135
104
-38
123
-132
172
-104
106
45
-115
166
16
-25
-67
341
-319
133
35
-29
-27
-99
249
-232
75
28
-10
-41
-1
-5
147
-325
320
-181
82
-79
71
74
-295
457
-350
282
-115
189
-24
-49
223
-170
222
-69
48
78
-43
-30
237
-145
26
131
15
-221
176
-61
-73
-60
59
49
-348
317
-160
-84
35
-16
-100
94
-214
100
25
-233
139
-186
103
-227
16
78
-152
-106
182
-209
41
-57
-20
109
-266
309
-130
10
118
-6
-34
51
169
-255
201
51
-67
-121
270
-206
23
36
93
-131
34
266
-375
404
-252
220
-89
89
160
-117
164
112
-148
183
89
-100
221
-126
309
-313
334
-152
29
140
-182
308
-276
314
-297
340
-162
-17
163
-107
-78
21
105
-205
80
51
45
-148
274
-100
26
63
172
-249
283
-88
-11
-5
57
93
-271
265
-119
33
-132
78
110
-398
184
60
-339
93
28
-57
-143
55
87
-278
161
-52
-124
43
-150
-100
39
-195
-137
30
8
-420
244
-14
-395
234
-108
7
-241
291
-147
-203
242
-63
-2
-149
291
-137
-137
165
52
-219
67
111
-186
-54
132
-110
-67
173
-142
44
171
-243
254
101
-222
295
-87
154
-252
389
-81
-174
416
-297
220
-138
239
-130
-15
283
-292
196
1
9
59
-80
327
-356
294
114
-307
459
-294
206
-141
138
59
-364
566
-350
143
65
126
-178
171
82
-208
253
-148
147
-194
161
-14
-235
271
-211
111
-123
22
20
-162
33
-40
27
-60
-108
113
-74
-167
127
-179
67
-195
41
-18
-156
62
-220
104
-129
-36
-94
112
-5
-276
324
-238
66
-109
71
16
-288
338
-351
197
-152
30
67
-283
289
-268
145
-52
-38
193
-232
142
85
-202
203
-15
64
-7
58
231
-279
461
-228
182
209
-94
197
-19
203
-251
311
-72
34
132
49
-12
19
87
14
9
-12
184
-141
19
204
-221
88
36
50
32
-161
426
-279
-4
275
-234
155
77
-121
274
-210
105
120
-234
323
-341
315
-168
21
72
-191
239
-300
2
113
-171
-88
35
17
-119
-167
240
-305
184
-343
257
40
-487
453
-239
-26
0
-124
180
-322
-126
371
-493
200
-97
-18
96
-373
337
-47
-310
189
166
-484
330
-59
26
-183
74
236
-620
491
-114
-222
268
-86
41
-110
166
-35
-139
227
-197
257
-321
372
-240
218
-139
-57
489
-605
508
2
-18
-12
58
288
-366
258
131
-148
79
-77
164
-125
-33
159
-115
133
-174
194
11
-146
182
-60
75
-170
228
-72
-79
78
-22
105
-258
216
52
-445
520
-337
132
15
-158
232
-286
127
16
-95
-45
46
-169
117
-159
-80
159
-328
245
-240
88
-19
-59
56
-173
127
-95
12
-27
127
-132
-54
183
-85
-170
291
-141
90
-123
183
16
-297
323
-225
32
26
3
125
-210
158
217
-486
476
-147
-173
145
81
-56
-50
343
-258
202
-92
96
84
-52
122
-140
297
-371
152
264
-396
200
64
-200
117
-49
-6
55
-99
53
10
-28
-76
200
-327
214
-114
15
-153
53
94
-520
540
-476
69
114
-300
183
-247
157
-209
10
172
-240
152
-30
82
-138
126
17
-30
41
-14
175
-274
326
-125
-163
392
-286
54
-27
113
-219
37
232
-446
383
-288
172
-49
-23
243
-326
457
-386
364
-204
14
227
-291
276
-118
144
-139
40
131
-229
151
6
-45
15
-89
271
-342
262
-6
-24
38
-86
315
-389
278
16
-83
46
-67
134
-169
150
-179
198
-135
-114
164
-90
19
-207
351
-319
6
208
-255
191
-168
171
-213
232
52
-396
644
-499
130
64
-37
127
-319
447
-329
-35
172
-164
164
-98
31
123
-356
326
-139
-57
91
-80
80
-136
-5
157
-238
146
-45
13
11
-195
192
-68
-187
130
-13
-196
73
36
-127
101
-49
-23
-9
-48
-8
-65
62
-84
-42
59
-97
-53
11
65
-167
38
18
-91
19
-69
162
-277
179
65
-152
81
139
-226
5
186
-296
124
-56
70
-181
190
-48
-157
189
-26
-93
186
44
-274
388
-320
220
-73
-6
242
-340
370
-82
-54
141
-23
65
-199
255
-90
-180
319
-234
-27
-35
26
-85
-186
313
-263
-14
133
-35
-27
-171
328
-236
-176
282
-125
-101
69
108
-25
-220
313
-179
11
123
-25
-20
132
-134
1
246
-144
26
172
-28
80
-106
297
-56
-113
301
-135
114
-16
114
-71
48
16
54
-48
194
-5
-141
339
-102
-20
47
178
-86
-50
154
118
-248
261
18
-26
85
-4
143
-174
183
-204
171
-212
173
-112
-66
298
-387
357
-309
222
-178
-76
53
-57
-140
78
28
-255
168
-150
-40
3
4
-136
60
-155
46
-323
314
-161
-57
180
-121
118
-262
311
-97
-158
183
22
-69
-132
239
25
-297
266
-59
-119
34
134
-65
-245
359
-343
-2
179
-43
-105
150
121
-377
360
-37
20
-126
367
-125
-344
598
-290
-23
201
-22
-18
35
-89
331
-235
42
235
-153
98
-86
55
95
-135
98
-21
30
138
-464
487
-140
-412
392
-62
-153
69
-32
153
-270
-9
283
-455
188
-141
-56
123
-346
219
-139
-131
186
-118
-65
185
-227
-150
246
-322
90
-117
238
-257
-135
347
-280
164
-37
84
-91
21
-16
118
-8
68
-142
197
-99
9
-44
158
-49
-204
186
21
-30
-146
300
-134
-131
184
-61
12
18
76
-153
169
24
-118
199
66
-220
190
23
-79
81
-104
138
-157
155
-209
432
-448
242
68
-199
136
-3
203
-480
593
-227
-26
258
-215
304
-144
172
1
30
213
-158
145
91
-103
161
-238
497
-413
68
310
-277
68
-201
548
-602
269
70
-47
19
-125
466
-675
436
-43
-123
116
-159
324
-543
524
-434
40
244
-412
138
50
-189
-194
243
-29
-470
352
-62
-419
247
6
-334
181
-91
-110
-267
538
-852
295
328
-868
514
-412
278
-409
13
376
-681
318
76
-587
871
-927
262
249
-598
571
-533
507
-425
208
-128
302
-293
94
29
0
171
-427
618
-536
375
-157
-27
231
-114
0
21
279
-290
118
-21
323
-298
-115
586
-636
402
-215
332
-142
-200
502
-379
210
110
-1
27
186
-153
369
-239
280
83
-136
245
44
146
-155
394
-256
153
-17
275
-316
222
203
-289
192
228
-134
-55
364
-335
404
-386
508
-286
166
50
-32
-3
152
-71
-25
437
-677
699
-603
388
-122
-86
388
-483
528
-424
372
-405
338
-264
101
247
-427
558
-345
52
232
-288
276
-213
182
-85
-212
464
-473
106
180
-170
-196
489
-444
66
150
-271
147
-273
266
-419
97
232
-493
324
-184
-50
-114
-32
-80
-146
84
-239
80
-169
-80
-68
-207
1
-217
90
-205
-108
122
-384
18
146
-417
96
54
-251
-16
-169
59
-381
-29
29
-239
89
-57
-179
107
-114
-163
121
-49
-135
12
105
-100
-49
21
54
-116
-15
137
-122
-11
38
182
-215
81
335
-444
386
-22
-24
-8
123
219
-249
425
-68
93
78
352
-32
199
237
-87
347
-216
330
206
-137
211
15
139
-92
50
441
-235
-30
229
58
-520
345
164
-389
303
-31
125
-298
158
220
-474
506
-147
44
73
-115
-42
-67
98
-61
125
-99
141
-255
-148
313
-307
71
10
37
-112
-256
252
-197
-208
72
-75
-197
-141
-8
-80
-7
-243
99
-66
-239
133
-146
65
-49
32
157
-23
64
-41
-4
101
37
50
246
161
-188
211
-79
78
54
236
314
-4
80
130
54
33
175
157
172
-4
150
256
-114
-8
119
79
65
-16
272
-65
-96
210
-14
96
-116
16
106
-160
106
53
154
-25
78
-20
-5
-111
41
93
-37
68
-252
-17
-167
-145
41
61
11
-9
-55
-59
-95
-136
16
16
78
-72
38
-36
-190
11
1
91
-69
16
81
-203
-27
53
30
-8
-45
-4
-40
-34
-9
43
74
56
-11
110
105
-55
140
173
53
95
156
68
20
103
102
112
127
126
131
52
64
-50
2
28
-61
115
-19
-56
-17
-129
-23
-68
-43
33
9
7
34
-12
9
-70
-8
85
84
68
99
16
-34
-147
-3
-68
-112
6
-162
-7
-177
-148
-120
-155
-181
-275
-163
-229
-199
-203
-203
-207
-250
-224
-176
-183
-192
-85
-170
-139
-207
-234
-168
-358
-274
-408
-376
-450
-417
-445
-559
-564
-593
-541
-508
-377
-237
28
134
272
422
498
532
704
950
1008
1077
1133
1148
984
928
944
879
833
730
703
613
452
219
140
32
-134
-83
-127
-166
-190
-284
-245
-314
-280
-160
-119
18
114
254
306
358
413
445
535
504
519
555
482
406
337
161
49
-101
-228
-242
-413
-531
-669
-748
-872
-903
-920
-946
-954
-970
-920
-882
-907
-866
-788
-820
-813
-814
-765
-884
-995
-1010
-1140
-1261
-1422
-1619
-1726
-2056
-1965
-847
263
803
252
475
572
-31
1335
2819
2821
1601
2134
2716
1161
1171
1947
1862
690
747
1955
1005
-135
-524
-751
-1320
-1839
-990
-835
-1358
-1758
-1816
-1396
-1776
-1685
-975
-348
-181
-68
1005
1399
1205
1341
1840
2173
2015
2080
2399
2395
1895
1576
1617
1208
542
521
571
292
-315
-523
-530
-912
-994
-845
-571
-721
-818
-363
-143
-220
-66
304
611
588
809
1170
1121
941
867
1113
914
633
640
463
144
-254
-231
-361
-668
-796
-912
-827
-1122
-1113
-1015
-976
-1031
-916
-610
-555
-516
-393
-212
-254
-278
-335
-279
-399
-600
-569
-715
-937
-1183
-1336
-1494
-1956
-2142
-2444
-2797
-3054
-3363
-3308
-3319
-1441
809
1700
865
675
1065
149
2017
4826
5253
3164
2551
3226
811
430
1959
2408
579
-286
1453
275
-1581
-2294
-2307
-3068
-3477
-1659
-1007
-1594
-2405
-2707
-2381
-2127
-1128
116
1021
1293
1054
1830
2657
2715
2519
2488
3001
2770
2355
2470
2284
1222
305
328
411
-28
-302
-351
-778
-1551
-1836
-1530
-1316
-1342
-1241
-586
-354
-413
-185
140
537
553
1376
2198
2326
1987
1866
2029
1388
1563
1684
1279
925
389
100
-511
-728
-887
-1121
-932
-1011
-807
-803
-770
-862
-889
-663
-470
55
257
512
609
524
536
353
326
210
166
179
175
193
-34
-212
-530
-814
-790
-785
-784
-756
-758
-982
-1129
-1292
-1366
-1279
-1229
-1181
-1188
-1259
-1486
-1721
-1923
-2205
-2382
-2490
-2591
-2636
-2917
-1817
562
2508
2121
947
1331
349
889
4004
5979
4449
1637
1752
324
-1346
-7
1731
1274
-1158
-541
-33
-1787
-2924
-2964
-2565
-3105
-1685
173
-49
-1137
-2378
-2390
-1657
-188
1521
2287
2372
1555
1184
1925
2747
2850
2224
2283
2636
2202
1714
1349
713
-535
-1039
-353
67
-30
-572
-921
-1325
-1694
-1371
-860
-350
-246
-108
412
814
847
570
559
829
938
1244
1785
1866
1468
950
878
577
415
349
459
603
96
-107
-482
-627
-801
-772
-187
-180
-72
-246
-308
-293
-540
-308
-66
454
548
647
752
382
54
-278
-179
-194
-203
-106
-211
-409
-850
-1031
-1090
-1062
-907
-728
-495
-544
-633
-777
-807
-880
-841
-572
-513
-572
-762
-962
-1293
-1812
-2153
-2394
-2616
-2833
-2869
-3026
-2884
-751
1820
2843
1530
912
931
388
2738
5921
6504
3256
1184
833
-1072
-965
960
2176
40
-1567
-588
-1201
-2447
-3229
-2727
-2610
-1919
89
783
162
-1403
-2155
-1471
222
2105
2825
2681
2062
1284
1371
2364
3050
2335
1360
1633
1817
1265
732
378
-442
-1209
-831
-59
167
-302
-919
-1210
-1200
-1034
-657
-174
118
86
185
544
574
254
-160
62
590
832
1032
1051
706
-75
-353
-170
40
252
446
582
192
-210
-759
-820
-442
-295
11
33
32
-329
-776
-660
-687
-584
-536
-34
392
410
428
325
193
-179
-31
66
227
210
38
84
-217
-348
-496
-535
-529
-588
-338
-192
-153
-251
-370
-382
-448
-469
-429
-469
-820
-1134
-1277
-1411
-1751
-2132
-2579
-3090
-3398
-3561
-3468
-3170
-1313
1508
3321
2537
1101
1053
566
2124
5465
7187
4951
1567
754
-885
-1573
16
1660
792
-1579
-1244
-1176
-2158
-3196
-3234
-2660
-2242
-397
763
672
-469
-1494
-1196
107
1874
2794
2834
2464
1928
1684
2202
2608
2066
894
695
1212
930
367
-124
-653
-1444
-1564
-766
-170
22
-274
-564
-642
-617
-272
196
656
783
628
692
859
682
217
104
394
527
635
794
708
126
-330
-218
70
189
244
207
19
-144
-156
-151
-399
-463
-429
-353
96
299
37
-517
-749
-703
-513
27
595
873
774
695
644
357
-19
-227
-64
137
338
336
-33
-512
-1119
-1280
-1070
-759
-398
-176
-36
-155
-266
-384
-516
-469
-319
-126
-237
-420
-789
-1279
-1878
-2314
-2386
-2534
-2716
-2951
-3162
-3449
-3801
-3591
-1504
1675
3662
3107
2122
1756
920
2293
5594
7246
4906
1993
1076
-650
-1459
-115
1492
389
-1555
-1175
-1118
-1946
-2777
-2711
-2655
-2156
-341
742
742
102
-557
-863
-191
1501
2652
2728
2477
2187
1704
1500
1634
1541
925
750
1130
916
461
-101
-793
-1580
-1554
-715
8
427
333
-181
-755
-836
-456
-161
68
313
369
307
313
244
6
-305
-279
28
346
538
387
107
-274
-208
83
409
522
574
564
191
186
90
-61
-318
-13
352
98
-84
-463
-688
-1040
-814
-185
275
599
525
500
252
128
31
57
307
348
377
254
3
-528
-989
-1009
-883
-621
-393
-167
-105
-181
-325
-452
-430
-503
-435
-303
-142
-268
-670
-1223
-1760
-2163
-2376
-2356
-2306
-2400
-2793
-3248
-3520
-3499
-3193
-1146
1877
4013
3558
2315
2068
1211
2426
5105
6664
4607
1596
679
-923
-1414
-508
929
37
-1865
-1616
-1533
-1849
-2447
-2223
-2170
-1929
-484
518
755
390
94
-26
416
1483
2296
2385
2121
1743
1380
1501
1789
1763
1096
657
564
168
-230
-561
-775
-983
-905
-502
-168
99
-79
-491
-602
-408
-56
47
279
395
288
340
407
433
254
89
-20
-96
27
247
224
79
-47
-68
50
210
484
279
59
-206
-90
424
736
782
235
-101
-474
-325
19
130
215
-46
-3
64
330
392
127
32
-2
285
403
383
104
-447
-705
-725
-568
-583
-496
-517
-670
-553
-349
-149
-252
-313
-254
-76
120
212
205
-159
-470
-691
-853
-1185
-1485
-1681
-1853
-1976
-2190
-2552
-3042
-3369
-3346
-3202
-2415
-97
2462
3629
2868
2383
1728
1115
2778
4975
5217
2758
1612
975
-692
-1171
-395
135
-1418
-1939
-1201
-1028
-1360
-1659
-1699
-2323
-2007
-937
1
658
987
816
464
671
988
1260
1727
2327
2163
1914
2311
2563
1995
901
491
117
-323
-403
-281
-246
-633
-919
-1200
-1242
-1113
-1141
-1031
-803
-457
-349
-212
124
247
346
524
768
726
538
612
733
864
820
633
248
19
139
144
129
94
163
-206
-314
-18
-50
-298
-531
-325
-423
-263
126
144
-104
-388
-130
26
274
528
573
542
419
538
495
452
250
-30
-20
33
102
-220
-503
-768
-945
-784
-542
-280
-286
-283
-311
-260
-170
-189
-191
-235
-197
-162
-192
-441
-932
-1498
-1792
-1831
-1875
-1983
-2309
-2746
-3232
-3341
-3096
-3029
-2224
-224
2168
3205
2724
2628
1761
1361
2524
4274
4252
2482
2157
1494
333
-216
257
65
-1506
-1653
-1031
-697
-754
-827
-1407
-2472
-2317
-1401
-742
-242
194
142
-20
383
1092
1437
1630
1728
1556
1801
2583
3276
2921
2017
1341
630
72
-240
-256
-437
-724
-764
-920
-998
-1183
-1501
-1809
-1797
-1370
-923
-284
300
593
598
609
669
622
637
848
1167
1364
1363
1224
1068
884
576
149
39
180
206
132
166
58
-432
-668
-713
-730
-801
-654
-329
-253
-76
56
130
74
122
213
166
318
508
684
759
737
525
138
-124
-396
-630
-744
-675
-554
-536
-452
-384
-451
-645
-685
-575
-442
-231
-17
78
-21
-96
-271
-491
-759
-903
-1100
-1276
-1393
-1475
-1638
-2023
-2484
-2890
-3031
-3006
-2693
-2385
-1224
357
1743
2006
1758
1845
1444
2011
3020
3778
3066
2225
2316
1652
1094
998
1322
621
-257
-141
-3
-134
-538
-795
-1366
-1735
-1549
-1339
-1301
-1279
-1316
-1352
-924
-196
432
757
1015
1060
1078
1601
2304
2647
2378
2105
1973
1471
844
346
54
-286
-510
-507
-628
-716
-852
-1055
-1424
-1683
-1719
-1571
-1078
-516
-109
28
116
60
-14
41
257
470
645
946
1188
1418
1413
1181
798
618
646
688
653
526
272
-138
-315
-433
-484
-560
-526
-453
-490
-367
-331
-324
-413
-358
-176
48
449
690
770
552
336
191
33
32
-63
-38
-6
49
45
-104
-177
-318
-405
-381
-234
-177
-244
-260
-306
-329
-353
-317
-410
-628
-872
-1076
-1249
-1348
-1340
-1446
-1596
-1757
-1823
-1955
-2053
-1987
-2019
-1954
-1848
-1110
-106
780
1172
1180
1444
1281
1501
1940
2263
1821
1194
1353
1267
1152
1154
1410
1110
456
381
404
290
-12
-280
-747
-1126
-1122
-1142
-1284
-1295
-1142
-1043
-871
-580
-342
-231
-56
208
406
758
1193
1487
1498
1415
1404
1182
958
818
770
701
615
613
556
597
570
429
137
-153
-316
-445
-463
-508
-537
-618
-629
-616
-597
-520
-430
-357
-354
-157
120
416
584
749
888
954
1152
1268
1302
1112
856
570
335
307
296
182
-73
-239
-364
-485
-562
-682
-885
-1036
-931
-653
-511
-485
-374
-218
-66
5
3
-86
-223
-316
-282
-6
361
624
684
670
566
332
55
-75
-90
-78
24
132
138
-109
-438
-775
-1063
-1274
-1428
-1502
-1555
-1522
-1474
-1410
-1336
-1297
-1250
-1164
-1076
-1019
-1106
-1175
-1195
-969
-358
381
934
1120
1343
1325
1176
1256
1441
1265
804
923
1165
1198
1184
1390
1417
1014
838
822
677
284
-35
-310
-546
-557
-456
-544
-747
-836
-961
-998
-916
-818
-875
-839
-523
-194
18
208
444
521
510
678
885
977
1023
1181
1306
1281
1293
1298
1277
1231
1157
1008
733
487
159
-219
-581
-836
-1018
-1158
-1147
-1043
-916
-851
-829
-844
-783
-645
-465
-274
-44
259
620
972
1186
1337
1285
1175
948
730
604
455
367
250
249
163
66
-22
-260
-555
-825
-819
-700
-569
-459
-413
-370
-379
-317
-265
-239
-180
-120
-40
-1
106
122
104
172
295
414
450
526
430
228
-3
-196
-359
-522
-578
-595
-645
-770
-903
-1018
-1061
-1100
-1062
-930
-816
-747
-725
-676
-707
-747
-775
-767
-784
-861
-958
-1106
-980
-601
-89
135
370
670
811
1027
1219
1390
1163
1030
1080
1107
1203
1315
1397
1175
1081
1118
1012
723
479
137
-428
-763
-750
-750
-999
-1098
-1024
-981
-1008
-996
-963
-1036
-1031
-987
-780
-431
-34
310
576
931
1181
1296
1367
1413
1446
1424
1478
1517
1396
1294
1217
1094
788
418
87
-294
-633
-888
-1013
-1029
-947
-815
-697
-574
-546
-624
-673
-573
-432
-284
-105
90
320
503
694
821
840
805
717
660
611
591
439
200
73
50
40
-19
-65
-172
-372
-539
-583
-602
-616
-537
-386
-181
0
142
157
127
73
43
59
80
146
153
187
214
255
234
161
123
17
-125
-258
-341
-384
-508
-541
-507
-488
-503
-535
-529
-577
-548
-497
-501
-516
-496
-512
-605
-713
-747
-801
-904
-995
-1102
-1188
-1295
-1128
-741
-220
167
467
785
909
1077
1200
1266
1064
898
975
1037
1101
1209
1319
1152
936
895
875
676
413
113
-302
-648
-776
-816
-993
-1113
-1151
-1161
-1131
-1000
-880
-891
-873
-781
-582
-229
279
702
931
1119
1353
1461
1417
1399
1417
1385
1287
1230
1133
1000
827
606
366
180
54
-160
-413
-647
-860
-1032
-1095
-1043
-946
-845
-696
-603
-569
-546
-529
-493
-423
-216
46
335
593
712
740
657
615
530
414
317
212
116
-40
-84
-63
-44
-80
-156
-221
-265
-248
-160
-37
56
103
145
228
284
316
320
276
196
126
101
71
16
-77
-136
-103
19
117
129
99
4
-115
-205
-225
-196
-167
-119
-125
-134
-145
-202
-334
-484
-544
-568
-549
-501
-486
-545
-694
-869
-959
-1034
-1096
-1195
-1241
-1213
-1158
-890
-477
-47
136
376
688
945
1167
1301
1266
940
843
910
926
954
1132
1231
1043
904
828
613
210
-87
-391
-715
-898
-902
-939
-1104
-1087
-1052
-1023
-930
-715
-605
-672
-656
-579
-369
3
478
805
937
1128
1311
1366
1297
1249
1179
1089
1099
1150
1158
1098
967
696
379
140
-87
-418
-728
-886
-946
-971
-926
-862
-832
-772
-680
-641
-639
-569
-455
-309
-162
127
384
556
684
807
881
835
846
781
618
375
237
158
94
167
280
301
185
64
-68
-224
-346
-360
-298
-205
-44
95
161
147
50
-84
-162
-182
-193
-168
-88
26
72
107
171
204
211
213
176
67
-90
-241
-385
-474
-490
-459
-444
-473
-518
-611
-703
-821
-867
-846
-864
-856
-878
-873
-914
-1038
-1147
-1226
-1214
-1259
-1048
-543
37
349
463
838
1054
1217
1430
1673
1513
1096
1130
1175
1039
918
1048
1003
757
726
757
543
152
-133
-544
-947
-1109
-1075
-1222
-1316
-1155
-1072
-1059
-1030
-867
-899
-932
-790
-585
-265
140
627
914
1115
1364
1507
1482
1442
1469
1382
1213
1138
1079
920
757
658
468
163
-123
-461
-850
-1239
-1455
-1536
-1531
-1400
-1216
-1030
-848
-630
-540
-506
-494
-364
-205
94
502
879
1134
1247
1347
1185
1105
977
792
550
382
364
270
251
230
216
110
21
-60
-187
-318
-351
-353
-350
-184
51
213
281
403
441
391
308
210
95
-4
12
100
176
244
277
201
18
-183
-325
-571
-757
-864
-938
-981
-954
-877
-865
-861
-903
-986
-1049
-1055
-1050
-1004
-1008
-994
-1001
-982
-921
-902
-875
-895
-635
-131
465
738
760
1025
1153
1285
1579
1924
1636
1006
960
993
775
612
799
670
300
261
364
138
-286
-492
-826
-1135
-1219
-1153
-1370
-1524
-1332
-1280
-1196
-956
-608
-538
-422
-63
184
461
842
1267
1436
1530
1753
1804
1679
1519
1436
1235
994
915
786
581
401
237
-51
-388
-641
-864
-1084
-1215
-1218
-1156
-1008
-782
-539
-351
-135
103
189
307
458
664
769
917
1187
1220
1252
1128
1125
915
649
559
309
92
-157
-177
-269
-317
-244
-185
-175
-161
-131
-150
-148
-101
13
88
314
528
642
629
581
486
278
167
104
33
-39
-44
-61
-224
-411
-543
-727
-886
-1022
-1042
-1100
-1162
-1141
-1201
-1208
-1237
-1208
-1205
-1150
-1088
-1055
-978
-929
-869
-927
-947
-971
-1024
-1057
-1133
-1146
-1178
-730
175
1021
1330
1270
1550
1506
1429
1704
2015
1481
701
922
1118
821
628
830
465
-192
-227
-23
-358
-819
-857
-1065
-1229
-1041
-751
-993
-1148
-832
-720
-631
-256
205
197
335
811
1105
1248
1508
1737
1551
1340
1367
1228
821
620
562
384
201
227
128
-135
-211
-312
-588
-798
-762
-766
-784
-583
-267
-128
-27
144
224
182
240
428
493
577
714
859
854
895
896
742
567
336
178
-80
-291
-428
-508
-485
-445
-311
-262
-230
-227
-234
-230
-178
-49
80
361
663
883
983
986
903
678
426
252
157
100
83
90
31
-71
-196
-369
-570
-776
-922
-1047
-1073
-1040
-1011
-941
-890
-853
-906
-979
-1014
-1072
-1161
-1203
-1155
-1102
-1032
-917
-865
-919
-1044
-1204
-1379
-1448
-1408
-1358
-1191
-193
1064
1827
1598
1580
1799
1345
1564
2236
2469
1163
756
1281
894
243
195
422
-503
-866
-469
-312
-847
-1059
-1025
-1293
-1161
-838
-682
-921
-469
-142
-99
219
628
686
436
802
1017
1036
1256
1639
1639
1294
1175
1043
549
116
89
58
-42
-10
240
162
49
58
-155
-421
-522
-361
-294
-97
205
319
329
399
435
324
227
284
372
375
558
690
631
561
563
508
235
147
63
-169
-293
-273
-305
-471
-417
-373
-526
-579
-476
-360
-272
-45
236
350
429
495
546
576
626
720
672
637
601
421
192
45
-91
-277
-356
-341
-368
-443
-441
-458
-527
-626
-663
-674
-718
-719
-674
-675
-772
-852
-948
-1060
-1144
-1198
-1268
-1296
-1257
-1287
-1262
-1235
-1227
-1352
-1433
-1390
-1495
-1214
-1075
-109
1265
2362
2317
1622
2118
1562
1475
2158
2995
1898
528
1293
877
-272
-758
-23
-709
-1511
-743
-177
-694
-1206
-817
-1157
-1196
-778
-333
-496
-162
441
163
280
568
585
136
438
847
652
779
1312
1341
815
556
478
137
-233
74
357
405
330
376
377
134
50
-168
-293
-233
-22
189
273
334
194
-35
-92
-13
-67
-33
152
444
597
670
770
530
359
244
300
254
204
344
181
50
-153
-357
-610
-729
-598
-549
-423
-223
-76
4
109
207
226
196
290
447
569
631
591
445
240
41
-116
-256
-280
-231
-242
-230
-234
-235
-327
-356
-307
-251
-165
-94
-2
-22
-101
-187
-350
-582
-718
-819
-905
-1004
-1036
-1074
-1187
-1220
-1233
-1157
-1227
-1266
-1327
-1418
-1551
-1457
-1286
-988
-819
-204
1113
2077
2244
1432
1775
1376
1074
1823
2762
2244
573
1123
790
-432
-1060
-255
-364
-1383
-712
-91
-422
-1202
-867
-914
-1129
-822
-427
-357
-313
157
-140
-231
6
107
14
453
1010
749
583
1008
1087
525
282
388
340
147
499
922
783
485
273
298
185
92
90
124
258
296
267
234
160
-117
-323
-222
81
148
198
411
538
452
267
236
179
170
238
499
577
519
336
192
62
-238
-227
-234
-107
-153
-129
-68
-196
-243
-233
-46
105
166
252
407
423
394
293
260
154
61
47
40
61
7
-2
-60
-91
-171
-172
-184
-164
-114
-26
85
77
49
-44
-103
-272
-464
-654
-751
-889
-991
-1064
-1093
-1101
-1168
-1057
-1118
-1110
-1211
-1094
-1044
-1030
-978
-956
-988
-998
-874
-798
-745
-645
486
1407
1866
1223
1379
1389
803
1528
2331
2178
398
562
756
-347
-858
-251
13
-1076
-751
-148
-441
-1238
-1088
-835
-1005
-696
-382
-254
-352
-33
-125
-246
-32
46
79
420
861
639
481
841
1073
766
691
965
914
676
726
1027
857
531
483
580
556
441
430
311
-6
-302
-326
-290
-327
-363
-259
-67
-24
-23
-123
-164
-179
-228
21
313
509
390
434
560
406
308
289
257
63
120
234
169
89
23
-99
-243
-243
-221
-188
-117
-10
65
177
275
254
217
236
293
314
384
420
367
235
137
78
-5
10
64
93
53
40
5
-89
-188
-220
-239
-299
-376
-452
-515
-609
-738
-861
-948
-1044
-1072
-1037
-886
-832
-809
-831
-846
-780
-775
-728
-810
-844
-877
-970
-933
-1064
-1029
-1241
-879
240
1069
1197
637
1128
755
548
1337
2164
1558
254
957
683
-358
-560
240
-5
-824
-113
199
-422
-961
-561
-617
-781
-466
-226
-235
-200
-4
-273
-221
-71
-90
63
701
1033
759
861
1221
1154
857
1093
1329
1134
979
1164
1294
980
712
603
475
161
10
11
-22
-218
-375
-342
-368
-425
-570
-440
-351
-342
-355
-252
-45
-56
-11
105
290
186
123
181
292
213
174
370
345
204
-5
-1
-104
-234
-192
-132
-95
-183
-204
-126
-37
-89
-67
124
366
418
466
617
571
425
355
398
299
147
124
116
-9
-144
-242
-305
-353
-428
-424
-418
-381
-402
-422
-357
-384
-453
-521
-486
-504
-590
-597
-568
-558
-534
-484
-453
-464
-496
-490
-500
-475
-510
-479
-526
-739
-902
-1053
-1154
-1234
-1234
-1023
-1093
-791
0
729
879
614
996
840
738
1189
1688
1284
514
860
748
139
-46
341
115
-349
-53
166
-204
-683
-551
-508
-513
-446
-239
-117
-159
-119
-123
48
75
72
284
682
805
730
912
1213
1211
994
1048
1091
907
684
854
1021
761
453
430
487
238
8
-90
-155
-349
-394
-282
-244
-352
-517
-443
-393
-415
-502
-416
-343
-373
-375
-325
-159
-211
-218
-166
2
54
53
253
244
132
-35
52
113
62
99
209
293
164
80
80
93
-61
-55
101
198
136
96
153
46
-76
-149
-109
-127
-164
-188
-164
-149
-189
-212
-200
-120
-97
-3
108
208
185
131
147
79
11
0
114
139
112
105
60
-21
-61
-57
-114
-79
-7
20
-5
14
-72
-288
-412
-429
-440
-507
-509
-507
-598
-745
-830
-870
-914
-936
-887
-826
-672
-475
-386
-476
-579
-535
-519
-382
-101
170
164
93
185
278
368
510
726
775
813
915
1031
991
768
548
393
361
311
292
263
187
51
-24
-4
-58
-173
-210
-99
2
50
144
242
261
231
251
303
327
362
429
540
581
482
412
392
398
357
367
368
288
193
114
21
-220
-432
-560
-580
-551
-539
-527
-539
-559
-574
-536
-479
-446
-368
-185
30
161
200
245
295
333
321
340
381
372
338
363
397
268
124
109
137
94
61
121
125
89
79
82
16
-89
-131
-132
-99
-48
-26
-24
-20
-9
-43
-100
-107
-77
-17
88
215
247
262
280
255
191
137
158
156
168
178
146
55
-16
-60
-116
-185
-216
-242
-306
-361
-426
-476
-615
-726
-769
-755
-736
-794
-902
-1018
-1046
-1063
-1095
-1084
-951
-805
-675
-618
-591
-585
-602
-472
-249
-18
50
115
248
411
538
596
658
669
689
722
839
877
731
571
575
616
478
351
280
197
93
103
183
134
43
1
43
54
41
54
108
163
184
228
252
221
143
156
239
233
191
222
299
305
260
245
205
152
106
111
130
91
50
38
71
49
-20
-33
-20
-17
-19
29
52
51
94
159
180
110
39
-22
-34
-24
-33
-36
-59
-59
-47
-15
-6
-62
-109
-101
-65
-55
-30
-32
-80
-137
-148
-158
-195
-184
-128
-18
65
115
163
199
229
258
343
407
422
486
582
638
563
435
311
231
186
122
91
74
46
-45
-104
-152
-240
-344
-377
-327
-330
-366
-381
-354
-377
-426
-464
-513
-565
-598
-585
-601
-661
-743
-798
-836
-855
-884
-931
-952
-942
-874
-788
-716
-731
-733
-666
-562
-402
-210
13
91
149
200
274
345
404
515
584
674
687
766
790
713
625
586
585
490
462
466
476
392
331
301
211
122
60
51
-20
-79
-83
-21
21
41
77
93
79
60
125
214
248
244
337
463
493
477
496
508
448
422
424
405
345
287
276
276
270
213
135
87
61
-24
-96
-130
-181
-261
-291
-259
-297
-334
-337
-305
-328
-332
-311
-323
-297
-240
-193
-189
-145
-105
-82
-20
38
80
124
199
236
267
317
351
343
375
448
485
452
383
348
309
248
178
102
57
5
-41
-62
-93
-132
-190
-226
-263
-273
-247
-224
-225
-219
-176
-176
-199
-235
-260
-254
-264
-267
-287
-308
-355
-425
-481
-510
-541
-589
-639
-719
-787
-841
-885
-946
-1009
-1025
-1010
-965
-900
-789
-667
-548
-503
-464
-389
-321
-195
-9
204
315
363
406
449
512
589
675
721
767
829
916
966
913
801
713
660
581
497
447
373
278
230
229
190
112
74
51
24
9
45
105
143
182
212
203
183
165
169
230
312
334
364
453
514
492
438
393
327
287
303
331
310
213
96
-5
-94
-225
-362
-411
-430
-479
-490
-445
-463
-593
-639
-612
-582
-578
-483
-339
-248
-194
-126
-14
11
46
116
218
285
338
409
459
472
412
399
425
427
378
360
396
355
295
281
284
212
129
129
150
138
126
130
92
38
13
14
4
-23
-26
8
20
-13
-29
-40
-69
-130
-157
-153
-163
-196
-220
-196
-203
-244
-282
-310
-342
-387
-410
-420
-422
-446
-470
-474
-498
-535
-564
-595
-638
-683
-715
-713
-724
-746
-734
-696
-600
-526
-507
-508
-434
-354
-255
-105
31
94
88
167
257
361
420
466
483
490
529
560
588
528
466
433
462
460
417
390
341
283
226
231
227
225
201
225
252
231
216
244
298
288
310
346
360
331
358
426
419
359
365
433
421
368
313
259
182
152
163
154
117
52
46
50
41
-12
-77
-92
-78
-31
15
33
-18
-61
-52
-29
-39
-74
-73
-59
-51
-58
-49
-52
-88
-93
-68
-54
-71
-56
2
23
30
53
70
59
57
70
56
38
25
28
61
70
5
-61
-68
-61
-86
-97
-96
-126
-162
-139
-116
-158
-219
-226
-194
-185
-176
-146
-119
-121
-135
-108
-105
-137
-162
-161
-132
-128
-127
-143
-153
-175
-202
-225
-245
-276
-293
-267
-261
-302
-367
-387
-417
-468
-481
-481
-496
-517
-480
-426
-357
-301
-273
-252
-223
-167
-78
35
124
162
172
227
284
323
345
379
434
463
497
533
543
437
326
319
338
295
250
261
214
141
88
88
47
-16
-48
-51
-43
-48
-34
-15
21
7
-10
16
65
76
93
152
179
175
186
263
292
297
308
314
304
284
295
312
289
222
180
160
128
42
10
17
-15
-60
-67
-33
-78
-145
-163
-132
-125
-127
-85
-35
-41
-59
-53
-40
-53
-93
-78
-51
-43
-71
-72
-86
-119
-146
-145
-135
-153
-153
-135
-109
-111
-105
-109
-130
-143
-114
-69
-61
-72
-72
-51
-63
-87
-93
-76
-52
-42
-26
-15
-12
-33
-15
31
50
49
67
109
113
108
91
72
22
-9
-12
-14
-23
-51
-92
-131
-163
-213
-248
-276
-316
-374
-411
-418
-443
-480
-511
-528
-548
-533
-477
-434
-401
-375
-324
-247
-152
-61
7
80
154
219
276
327
326
322
323
384
440
433
419
399
391
362
361
335
278
232
214
195
149
108
77
39
21
42
55
65
60
59
78
90
91
97
160
233
265
261
265
264
255
289
331
354
353
394
448
459
437
396
356
320
312
310
301
257
192
129
72
10
-68
-130
-163
-183
-222
-252
-303
-363
-399
-415
-419
-433
-421
-396
-375
-364
-375
-379
-385
-357
-309
-248
-200
-170
-135
-96
-77
-80
-63
-31
1
15
41
56
27
-10
-20
-6
-5
-13
6
50
74
85
80
77
88
76
105
133
157
174
177
181
167
132
97
98
113
123
124
134
130
104
83
58
19
-41
-64
-78
-90
-101
-132
-171
-211
-226
-246
-251
-253
-257
-269
-281
-292
-299
-299
-312
-315
-331
-327
-312
-275
-250
-235
-196
-156
-124
-114
-60
-16
-2
20
44
54
38
26
30
42
52
68
65
46
36
29
37
18
-8
-13
9
37
57
51
50
43
18
21
46
100
135
170
223
291
342
365
389
393
411
426
448
471
465
445
423
408
373
348
324
288
244
192
153
120
76
38
21
-5
-28
-36
-54
-90
-126
-154
-186
-207
-209
-200
-202
-201
-204
-202
-201
-191
-180
-172
-150
-153
-152
-149
-132
-140
-151
-135
-114
-82
-47
-17
-28
-44
-45
-22
9
36
52
62
67
67
73
71
62
32
24
37
48
50
45
46
27
10
5
9
18
19
44
80
96
98
81
69
52
31
35
39
35
22
4
-10
-28
-64
-99
-119
-145
-163
-172
-191
-205
-219
-228
-232
-226
-231
-238
-220
-204
-189
-171
-157
-143
-124
-103
-82
-62
-41
-25
-21
-25
-32
-36
-48
-63
-58
-60
-58
-60
-59
-56
-56
-62
-62
-52
-55
-42
-20
14
63
91
105
122
155
173
190
218
247
272
298
327
342
346
333
312
283
261
260
259
246
227
213
189
155
130
119
101
86
71
67
63
59
50
29
-1
-28
-51
-79
-90
-100
-106
-109
-100
-107
-108
-110
-128
-129
-122
-109
-104
-112
-120
-122
-129
-145
-157
-166
-179
-184
-173
-158
-154
-155
-166
-171
-178
-178
-158
-144
-134
-144
-157
-165
-167
-174
-179
-175
-157
-131
-103
-66
-45
-37
-32
-17
5
29
55
70
82
86
105
120
119
115
96
91
101
113
113
113
118
120
119
111
111
107
102
97
92
103
113
105
95
100
106
99
88
81
76
71
71
64
66
69
64
56
58
72
70
65
61
55
46
39
41
26
21
25
22
12
5
-2
-4
7
-7
-11
-9
-10
-10
-9
2
16
5
-1
10
15
21
19
34
51
65
78
93
102
106
115
131
144
146
145
155
173
179
163
132
115
96
77
80
70
55
47
37
18
4
-16
-31
-44
-77
-85
-90
-104
-115
-124
-133
-153
-174
-184
-189
-194
-186
-191
-186
-194
-209
-221
-236
-246
-267
-274
-277
-274
-262
-248
-245
-257
-265
-259
-249
-235
-215
-196
-191
-205
-206
-185
-169
-157
-146
-113
-93
-84
-68
-54
-45
-41
-21
19
69
96
113
131
158
180
203
239
263
277
295
315
336
351
345
345
343
346
353
347
329
312
280
247
215
187
172
158
146
127
115
105
80
64
58
43
38
47
53
48
28
2
-24
-31
-33
-21
-9
-8
-13
-21
-9
-4
-18
-40
-59
-68
-69
-69
-66
-70
-93
-115
-122
-120
-129
-130
-120
-117
-100
-91
-83
-88
-87
-77
-61
-33
-11
6
9
7
2
-1
9
22
26
36
40
37
33
22
20
28
33
46
46
41
43
40
18
-13
-33
-56
-67
-70
-73
-73
-88
-114
-139
-161
-175
-188
-204
-227
-251
-270
-280
-294
-317
-322
-317
-304
-300
-292
-283
-281
-282
-277
-256
-228
-205
-191
-162
-150
-148
-136
-104
-72
-54
-23
-1
6
7
15
21
22
30
43
64
90
114
127
146
167
181
191
207
243
269
299
323
328
343
356
348
344
353
366
359
351
330
311
300
261
233
221
215
199
197
197
192
168
142
127
125
137
139
146
145
142
140
138
142
136
121
105
94
88
85
71
42
1
-45
-76
-103
-123
-143
-154
-175
-187
-191
-195
-196
-202
-191
-177
-145
-124
-109
-104
-105
-99
-85
-57
-33
-30
-32
-28
-14
3
9
17
16
1
-1
14
20
28
34
41
41
38
42
48
60
61
62
50
42
34
19
14
5
-10
-38
-56
-73
-90
-103
-141
-170
-191
-200
-220
-238
-249
-253
-253
-241
-219
-210
-197
-190
-173
-150
-125
-107
-103
-99
-89
-75
-68
-64
-62
-69
-72
-75
-72
-65
-66
-73
-86
-84
-88
-85
-83
-78
-68
-49
-32
-14
12
25
43
55
72
101
122
142
157
155
159
166
169
175
174
167
165
169
170
174
184
191
185
178
181
186
183
179
182
191
182
180
172
153
134
116
99
85
75
68
50
26
15
-1
-20
-35
-46
-61
-68
-63
-58
-58
-49
-42
-44
-48
-49
-42
-25
-1
14
25
19
4
-14
-39
-51
-65
-75
-80
-95
-115
-126
-140
-157
-169
-173
-164
-156
-134
-118
-101
-90
-92
-91
-89
-73
-58
-27
7
45
71
84
84
74
81
76
73
75
68
73
64
42
20
-3
-26
-44
-53
-56
-52
-57
-69
-77
-77
-80
-90
-95
-93
-87
-82
-73
-60
-53
-60
-70
-74
-78
-80
-75
-66
-51
-48
-38
-41
-51
-57
-62
-69
-68
-66
-62
-47
-53
-49
-45
-41
-34
-28
-25
-16
0
8
13
12
11
-5
-17
-18
-17
-10
4
22
34
41
49
53
55
67
92
112
133
153
167
179
183
191
192
188
193
202
209
220
223
212
198
185
180
163
148
135
124
117
101
91
67
48
34
27
20
21
25
23
26
24
19
11
0
-6
-12
-9
-2
0
1
3
3
-13
-20
-26
-39
-50
-58
-70
-80
-90
-100
-115
-128
-136
-129
-130
-126
-104
-87
-70
-60
-47
-34
-19
-11
2
7
9
20
27
21
16
22
21
20
14
22
33
39
37
22
16
6
3
-4
-8
-7
-5
-4
-6
2
0
-1
-10
-3
6
18
28
27
28
22
21
14
6
-3
-12
-14
-13
-17
-22
-24
-34
-43
-43
-41
-36
-43
-51
-53
-60
-68
-77
-92
-96
-94
-97
-96
-96
-94
-98
-99
-97
-100
-103
-99
-95
-96
-93
-95
-95
-97
-95
-86
-74
-48
-33
-7
20
41
64
82
99
113
120
125
128
132
128
118
106
93
84
67
61
51
54
53
46
44
33
31
29
27
21
18
20
24
26
25
23
25
23
21
27
38
46
51
43
39
25
12
0
-21
-31
-39
-47
-56
-70
-87
-95
-110
-119
-121
-125
-123
-122
-121
-117
-118
-124
-125
-129
-123
-104
-86
-66
-54
-45
-36
-31
-36
-33
-30
-23
-13
-14
-16
-19
-19
-18
-19
-6
10
27
49
68
90
98
111
120
131
143
157
174
182
192
187
183
173
152
141
125
121
122
120
112
102
95
86
84
81
80
76
71
64
60
57
48
38
31
29
28
26
27
26
15
4
-10
-29
-38
-45
-59
-74
-89
-101
-114
-132
-136
-137
-133
-131
-132
-131
-133
-133
-134
-129
-126
-124
-115
-110
-105
-102
-101
-98
-89
-80
-78
-74
-79
-89
-93
-100
-103
-113
-120
-123
-122
-115
-108
-92
-76
-61
-45
-31
-10
16
37
58
79
85
90
93
92
94
98
104
109
104
99
94
81
75
68
63
59
60
61
59
56
54
57
61
61
67
72
71
70
68
64
62
60
53
47
37
34
30
24
19
10
4
-3
-11
-16
-13
-11
-5
6
20
29
29
36
39
49
66
78
82
81
79
79
76
78
81
80
79
80
72
65
58
40
28
14
6
-1
-5
-4
-1
-2
-8
-5
-1
7
20
35
48
57
61
62
58
47
35
26
21
18
15
10
2
-18
-37
-49
-56
-56
-51
-47
-44
-44
-49
-56
-60
-64
-63
-55
-59
-56
-55
-58
-67
-81
-89
-108
-112
-114
-114
-118
-127
-135
-151
-161
-169
-169
-160
-152
-134
-119
-106
-91
-82
-80
-67
-53
-38
-23
-12
-1
5
1
-5
-4
-2
-1
-3
-3
-3
-6
-8
-12
-11
-15
-19
-20
-11
-7
1
6
8
18
25
36
51
64
73
80
82
85
87
92
99
103
102
96
86
76
64
50
41
36
36
38
35
35
27
18
20
24
35
49
56
66
66
60
54
47
46
42
39
41
42
38
29
16
4
-6
-15
-18
-13
-7
-8
-4
-2
-2
-5
-6
-2
-1
9
18
24
28
33
33
30
26
21
15
11
4
-5
-14
-29
-36
-45
-57
-64
-68
-72
-71
-64
-58
-43
-30
-21
-17
-16
-13
-12
-13
-12
-8
-10
-12
-18
-23
-32
-40
-44
-46
-45
-47
-52
-53
-58
-66
-75
-79
-84
-84
-71
-52
-37
-25
-17
-15
-10
-8
1
15
28
37
38
40
34
21
9
1
-1
4
15
20
24
26
21
13
9
11
19
27
36
45
49
47
41
38
34
34
40
47
57
62
59
52
42
29
26
26
29
34
35
33
28
17
5
-4
-10
-15
-15
-11
-10
-12
-17
-21
-26
-29
-30
-25
-23
-27
-32
-40
-52
-61
-65
-73
-71
-70
-74
-74
-76
-75
-72
-65
-59
-53
-45
-41
-39
-32
-25
-17
-11
-1
13
24
37
49
59
63
62
66
68
70
70
72
69
64
60
54
52
52
52
59
67
71
77
81
80
78
80
84
83
83
84
79
72
67
60
53
47
45
40
36
33
25
19
10
1
-4
-12
-14
-15
-15
-13
-13
-13
-12
-11
-12
-15
-12
-12
-13
-14
-18
-20
-23
-27
-33
-40
-45
-51
-59
-64
-68
-69
-70
-67
-66
-64
-56
-51
-42
-33
-22
-13
-5
2
9
13
17
18
20
22
22
23
25
22
21
17
11
3
-1
-4
-7
-5
-3
-2
0
2
3
7
11
16
21
25
28
29
27
25
19
13
8
1
-8
-16
-25
-34
-41
-49
-56
-63
-70
-72
-76
-80
-80
-80
-78
-77
-73
-70
-64
-60
-56
-50
-43
-38
-30
-24
-18
-15
-14
-13
-13
-13
-12
-9
-8
-9
-9
-10
-13
-17
-17
-17
-12
-4
10
21
33
46
54
64
72
81
90
98
106
110
109
105
98
91
87
81
79
78
76
70
61
54
43
34
30
32
36
42
50
54
58
59
58
57
59
57
59
55
50
40
26
11
-8
-22
-34
-41
-45
-47
-48
-51
-55
-60
-64
-64
-63
-57
-49
-41
-34
-31
-30
-33
-35
-39
-40
-38
-34
-31
-28
-28
-32
-37
-43
-47
-50
-50
-43
-37
-30
-27
-24
-23
-26
-27
-25
-23
-17
-11
-4
2
5
8
6
5
7
9
14
17
21
24
21
15
5
-3
-13
-18
-21
-21
-19
-17
-19
-24
-30
-37
-42
-42
-37
-31
-24
-17
-11
-11
-10
-12
-12
-13
-11
-9
-8
-8
-12
-18
-28
-37
-43
-47
-47
-42
-35
-29
-25
-23
-19
-19
-15
-8
1
9
19
26
28
29
29
26
26
25
26
28
29
31
32
32
30
31
30
33
37
41
46
52
54
56
57
57
55
54
53
52
52
50
48
44
42
36
33
29
26
25
23
23
21
16
13
8
3
-2
-2
-3
-3
-4
-4
-6
-10
-16
-21
-25
-26
-25
-22
-20
-17
-15
-17
-19
-21
-22
-22
-20
-17
-15
-15
-16
-19
-23
-27
-28
-27
-25
-19
-12
-9
-8
-8
-9
-8
-6
-2
6
13
19
23
24
21
17
13
8
6
6
6
6
4
0
-5
-11
-14
-15
-17
-14
-10
-8
-6
-6
-9
-13
-15
-19
-21
-21
-22
-23
-25
-29
-31
-34
-40
-43
-45
-45
-45
-44
-42
-43
-43
-43
-44
-44
-46
-45
-42
-38
-33
-30
-25
-23
-21
-20
-18
-15
-11
-6
-2
2
7
11
14
16
17
17
21
24
26
30
34
36
37
35
34
35
36
39
42
45
47
49
50
50
49
49
50
53
55
57
60
59
56
54
49
46
42
39
37
34
30
26
22
18
16
14
13
14
15
16
18
18
18
16
15
13
13
12
10
9
5
4
1
-2
-4
-5
-5
-3
-1
-1
0
0
0
-1
-1
0
3
5
7
9
10
8
7
7
6
4
3
3
2
-1
-2
-4
-8
-10
-13
-16
-18
-19
-20
-20
-19
-19
-18
-17
-15
-16
-14
-13
-12
-13
-15
-18
-23
-25
-32
-35
-39
-43
-44
-45
-45
-44
-44
-43
-41
-40
-39
-36
-34
-31
-29
-26
-25
-25
-25
-26
-24
-22
-19
-17
-13
-11
-11
-12
-12
-13
-14
-14
-15
-15
-13
-10
-8
-6
-4
-2
1
5
10
14
18
22
23
24
25
24
22
20
20
17
15
14
12
10
9
8
8
7
6
6
6
7
6
7
7
8
8
8
8
7
9
13
15
19
20
23
23
22
21
19
18
15
12
9
7
2
-1
-4
-5
-7
-4
-1
4
10
17
22
26
29
31
33
33
33
33
33
32
30
27
24
20
17
14
12
11
10
9
8
6
4
1
-1
-1
0
0
2
5
6
8
10
12
12
14
13
13
12
10
7
1
-5
-11
-17
-23
-28
-33
-34
-34
-33
-32
-31
-29
-26
-24
-22
-21
-18
-16
-14
-13
-13
-13
-14
-14
-13
-14
-13
-11
-11
-9
-9
-9
-12
-13
-14
-18
-21
-23
-24
-26
-24
-25
-26
-24
-22
-18
-13
-7
-1
3
7
9
8
7
4
2
0
-3
-5
-7
-10
-12
-14
-16
-18
-19
-18
-16
-14
-13
-11
-10
-9
-9
-8
-6
-4
-1
3
7
11
13
17
19
21
22
