-53
99
51
-95
105
59
-2
61
-89
207
-80
-123
199
-82
21
-35
82
-9
-8
4
-31
61
-94
53
-53
64
69
-207
167
73
-194
112
30
-41
80
-159
183
-73
-33
34
-9
58
-82
76
-148
151
-119
-175
228
-135
-122
57
-87
63
-203
26
182
-301
94
-40
-9
-127
-37
53
-122
-64
24
-48
-161
121
-81
-158
145
-15
-147
153
-167
173
-184
-20
237
-361
206
-144
18
20
-274
280
-160
-127
123
-131
99
-130
3
106
-144
33
-107
122
-149
-81
84
-190
53
-97
-25
47
-79
-23
52
22
-88
103
36
73
-30
20
165
-63
73
-71
140
81
-234
214
98
-174
133
100
-80
149
-35
33
237
-275
159
207
-245
204
-50
84
9
-137
244
-138
21
-15
85
-23
-67
197
-46
72
-57
68
132
-182
177
-22
-30
62
-49
81
-24
-97
161
-31
-120
154
-15
-62
-43
108
-74
32
3
90
-3
-167
276
-156
-104
126
12
-88
-52
193
-135
-69
173
11
-53
54
214
-119
-73
169
67
-201
93
284
-330
134
122
-144
-48
128
-19
-124
34
231
-237
-8
305
-252
-54
284
-106
-105
90
138
-197
-124
252
-140
-136
4
242
-341
-100
384
-409
-16
209
-149
-28
38
70
-7
-239
221
-34
-396
251
-56
-367
226
-154
-81
-54
-39
92
-186
-92
307
-294
-71
275
-295
123
-116
8
-24
-252
282
-233
-63
102
-29
-137
15
40
-60
-7
-149
231
-166
-108
349
-332
183
-34
-102
288
-354
267
237
-363
312
163
-208
147
-22
225
-190
162
201
-87
65
148
52
-79
240
70
-61
179
55
71
-69
143
99
-177
194
140
-124
140
18
105
-15
-40
220
-49
-70
130
20
-134
96
33
-94
-54
102
-17
-125
94
116
-197
56
114
-268
278
-201
5
71
-139
118
-253
14
111
-402
37
152
-426
123
46
-224
-13
-5
-59
-93
-89
130
-236
16
68
-199
127
-161
-22
15
-66
-29
-88
133
-155
0
108
-56
-2
75
15
-51
97
38
-33
-94
167
86
-353
259
127
-332
196
34
-101
108
-60
-16
107
-68
36
23
67
103
-94
-3
317
-358
116
222
-239
164
23
-19
14
-109
190
-216
21
53
-129
110
-202
43
118
-238
-15
88
-73
-194
86
0
-207
16
-19
-101
-85
62
-131
-9
38
-144
134
-229
148
-72
-114
141
-109
-41
22
-10
-59
47
76
-187
142
34
-149
52
106
-108
21
219
-347
428
-258
11
171
-167
57
55
41
-92
158
-30
-54
76
-28
152
-250
328
-94
23
67
85
26
-22
192
-65
136
-50
157
28
-70
261
-102
51
194
-17
-27
212
-124
98
58
-124
296
-237
190
-112
154
-85
-29
96
-209
191
-223
70
4
-88
-78
100
-161
-138
233
-332
109
-48
-59
-38
-54
11
-123
7
-42
82
-259
139
-17
-51
-42
-27
214
-435
276
-55
-66
-39
-13
40
-130
-34
-58
232
-392
272
-114
-1
8
-139
135
-67
-108
105
56
-65
-57
-27
183
-384
165
141
-231
168
-122
45
102
-171
119
-29
-19
275
-368
262
211
-397
307
53
-37
98
-26
171
-18
-134
355
-38
-152
169
157
-54
-165
331
18
-39
-134
453
-60
-273
321
72
-158
-78
214
196
-415
131
473
-634
219
197
-241
16
83
-141
136
-201
120
102
-384
407
-199
-144
189
-47
-71
64
-73
285
-366
121
330
-417
325
-173
300
-213
12
298
-128
-18
115
185
-135
-31
360
-49
-208
461
-153
86
105
-71
337
-65
-129
345
50
-238
273
22
37
67
-107
218
132
-392
217
301
-501
267
91
-241
217
-219
19
105
-348
174
-69
-161
43
-20
-112
-40
80
-191
52
-114
-200
196
-364
-47
69
-354
73
-200
-133
62
-236
-85
82
-261
27
-46
-101
25
-124
-55
93
-295
106
-83
-238
186
-364
81
-13
-356
227
-290
35
6
-316
355
-333
56
39
-127
158
-355
77
193
-521
109
49
-218
100
-348
176
179
-482
150
268
-296
118
-45
9
383
-635
236
446
-818
461
-39
-61
212
-298
494
-283
22
441
-464
545
5
-168
396
-212
226
-47
-97
412
-261
-31
424
-318
54
246
-214
296
-330
355
37
-357
539
-393
285
20
-223
456
-239
87
168
-201
309
-184
123
75
13
227
-88
261
17
172
109
-161
465
-130
-118
389
-111
62
193
-34
203
151
-123
273
198
-191
412
-98
12
514
-579
464
156
-296
310
-54
98
-67
-133
358
-351
6
204
-340
63
-30
-95
34
-101
138
-239
127
11
-244
191
-167
64
-77
-300
246
-279
-261
183
-154
-226
210
-391
181
-176
-203
140
-252
51
-116
-82
15
-80
-145
47
-214
166
-521
224
12
-446
223
-127
-225
34
-279
0
-60
-386
271
-233
-239
189
-141
-270
174
-192
80
-301
188
48
-380
308
-193
-4
33
-171
240
59
-192
214
67
-192
280
-304
249
315
-732
833
-200
-147
407
-227
355
-68
-116
483
-228
-77
406
-354
331
-130
6
156
36
-164
139
135
-275
176
53
-198
177
49
-287
452
-306
90
172
-221
161
88
-311
302
0
-334
397
-269
18
263
-238
20
279
-348
143
67
-262
409
-276
-65
312
-224
-95
130
150
-100
-77
270
20
-407
350
-85
-115
9
5
157
-178
-149
345
-196
-187
275
-159
188
-353
245
164
-550
400
-41
-269
381
-416
155
152
-434
350
-173
-94
131
-235
139
17
-282
233
-158
-43
12
-80
64
-148
-49
20
-147
-68
-34
24
-155
14
-59
-91
112
-345
152
213
-595
318
149
-502
409
-238
91
-13
-164
229
-170
-75
200
-156
-76
213
-66
-120
237
-49
-75
52
120
25
-101
246
78
-210
240
47
-154
8
206
-106
15
149
-27
73
-82
147
-1
6
260
-198
-2
415
-311
-142
497
-140
-177
147
198
-198
-16
207
-33
-135
167
120
-442
616
-170
-273
451
-33
-56
-108
413
-29
-370
593
-116
-258
411
97
-247
65
423
-368
-142
476
-154
-333
355
118
-356
215
300
-356
143
307
-166
-31
248
96
-178
140
188
-113
166
-84
265
-27
-23
115
172
-82
-55
276
-245
238
-187
144
329
-540
560
-113
-258
541
-502
367
18
-298
368
-278
201
-186
-42
372
-449
167
197
-437
262
-36
-247
268
-272
284
-249
-155
446
-425
-152
562
-519
65
189
-431
394
-504
328
-113
-339
590
-551
100
328
-461
221
121
-442
288
-153
-109
50
1
93
-280
199
-147
-191
303
-419
236
40
-309
229
-333
222
-127
-351
605
-516
66
312
-420
116
-66
141
-233
-25
430
-508
246
118
-247
145
-36
173
-310
412
-110
-357
649
-491
50
273
-239
174
-143
136
331
-769
727
189
-792
746
-217
-68
302
-486
549
-140
-433
477
-313
112
-28
-186
614
-633
85
513
-529
141
316
-233
101
55
-86
99
13
-57
-34
203
-102
27
-181
303
-20
-393
493
12
-444
554
-229
-244
548
-273
-81
297
-333
329
-246
-110
782
-810
512
93
-468
733
-712
381
399
-785
627
-98
-186
90
-188
366
-350
-82
464
-325
-219
320
68
-491
254
268
-453
287
-146
239
-225
-128
408
-472
208
38
-318
186
124
-469
289
-15
-330
427
-586
337
13
-398
402
-401
254
-390
117
187
-532
248
119
-370
101
-275
400
-223
-454
823
-638
137
135
-322
489
-516
146
299
-631
304
97
-278
240
-273
367
-107
-398
614
-297
46
311
-332
302
-92
8
108
-203
393
-138
-238
529
-233
-198
449
-171
29
28
199
107
-353
488
-34
-361
464
-142
-97
174
-88
303
-294
105
356
-340
104
89
43
223
-190
278
147
-289
164
21
-37
134
20
101
-75
-220
295
-331
46
133
-193
319
-399
305
-188
-36
324
-421
273
76
-37
-185
108
104
-192
-30
29
138
-332
9
292
-354
8
206
-116
-173
40
277
-117
-234
468
88
-571
486
53
-295
105
56
242
-360
89
293
-237
-90
338
-98
-49
63
-15
104
-214
142
-29
-194
118
-142
-27
59
-104
28
-21
-196
172
-217
-84
337
-249
95
70
-38
13
-84
194
-88
-24
258
-80
56
4
-17
58
-138
212
63
-81
203
-80
-152
76
-245
232
-82
-153
334
-364
93
-126
-164
353
-338
154
98
-98
-21
-186
274
-288
-90
336
-258
-8
13
-37
-80
-222
162
148
-268
161
224
-279
-271
266
-60
-226
147
113
-20
-410
82
188
-562
-115
460
-463
-202
389
-421
-148
24
-236
-58
-44
-224
167
-454
-249
204
-825
9
308
-703
221
85
-586
57
-233
-264
-104
-201
22
-144
-529
81
-322
-734
51
-178
-466
-135
-70
-127
-367
-153
302
-215
139
563
77
259
386
318
366
399
675
664
656
730
856
570
748
832
625
870
783
611
625
538
428
286
343
277
192
132
-158
142
-136
-278
-225
99
-303
-416
76
-276
-117
-262
70
-189
-303
-152
124
-41
-324
510
-36
-721
216
176
-372
-155
199
141
-449
-422
-65
84
-747
-416
497
-468
-687
-150
-290
-690
-755
-238
-297
-767
-320
-371
-725
-907
-547
-515
-931
-354
-454
-893
-841
-804
-1073
-618
-115
-226
-412
-376
-381
-609
-354
296
448
166
58
565
451
-162
544
991
860
802
1139
1241
669
418
965
1135
787
936
1080
865
334
69
329
377
-73
35
350
-6
-627
-461
-190
-607
-480
-7
61
-226
-406
-180
-175
-325
-120
194
413
54
111
498
266
21
459
788
642
568
769
829
450
449
734
804
686
719
757
639
288
215
432
334
90
125
186
-110
-379
-187
-187
-362
-435
-500
-258
-656
-726
-239
-489
-834
-593
-311
-737
-768
-235
65
-852
-465
172
-630
-485
-160
57
-242
-606
113
-123
-630
-100
-470
-373
-336
-718
-321
-404
-777
-904
-860
-1013
-1131
-1133
-552
-204
-593
-896
-951
-775
-759
-453
454
534
-43
-375
78
339
78
652
1445
1458
919
953
1300
919
662
1368
1821
1419
946
960
801
201
46
629
734
115
-93
-47
-410
-779
-729
-190
-143
-628
-537
-418
-643
-1083
-674
-35
-200
-356
-69
50
-332
-290
273
577
390
480
640
587
398
371
729
967
709
794
949
723
514
546
930
746
701
814
661
607
246
491
476
369
309
200
244
-28
-157
-26
-79
-191
-318
-246
-361
-597
-519
-468
-563
-665
-549
-555
-664
-683
-580
-544
-638
-620
-481
-438
-414
-367
-395
-363
-475
-328
-220
-87
-213
-243
-192
-639
-425
-532
-395
-392
-759
-720
-997
-1290
-1223
-1137
-1130
-847
-559
-676
-1192
-1365
-954
-664
-351
238
348
-198
-931
-226
538
559
853
1245
1270
596
557
1197
1334
1199
1425
1675
1321
570
590
911
745
662
614
638
39
-574
-241
15
-135
-275
-152
-251
-690
-752
-232
-68
-373
-199
-23
-143
-299
-178
308
423
282
443
585
453
277
644
1003
837
752
713
739
661
611
850
950
848
534
533
650
426
381
544
729
358
135
178
184
98
43
308
119
-184
-334
-256
-142
-361
-304
-289
-456
-685
-776
-553
-582
-702
-610
-562
-761
-942
-754
-592
-573
-601
-495
-445
-645
-625
-314
-317
-331
-296
-296
-315
-579
-386
-241
-374
-366
-419
-541
-701
-775
-728
-607
-731
-1006
-1140
-1211
-1282
-950
-378
-291
-707
-1239
-985
-467
-144
241
736
359
-539
-358
767
1187
1023
1357
1580
927
622
1374
1944
1792
1514
1690
1444
812
816
1244
1388
881
449
492
155
-212
-71
323
232
-400
-545
-455
-537
-525
-187
98
-250
-692
-536
-117
-34
-60
221
300
-62
-94
326
649
587
514
676
641
382
440
738
913
722
534
617
614
407
450
805
881
502
286
338
286
211
273
522
432
-138
-330
-31
-49
-212
-118
-61
-390
-805
-647
-394
-600
-722
-719
-732
-975
-1123
-882
-734
-891
-1095
-926
-881
-1012
-906
-591
-511
-748
-704
-447
-344
-471
-321
-100
-160
-288
-300
-60
-209
-324
-203
-124
-347
-656
-584
-458
-670
-873
-876
-824
-1090
-885
-322
-401
-945
-1361
-742
-171
-191
-97
206
-137
-838
-309
1025
1053
467
507
876
784
612
1388
1886
1316
731
984
1321
1054
906
1254
1221
505
48
495
647
315
227
295
113
-468
-426
69
102
-159
-293
-117
-230
-404
-48
348
230
-158
-101
270
275
279
513
621
424
228
450
727
653
488
591
590
426
308
575
810
600
553
379
468
263
396
708
618
413
67
153
235
183
261
178
82
-221
-263
-54
-218
-265
-438
-470
-529
-747
-646
-642
-764
-890
-972
-1008
-975
-947
-836
-831
-937
-1012
-843
-685
-620
-477
-528
-423
-421
-341
-180
-85
-88
-147
-72
-74
-87
-116
-185
-202
-257
-308
-308
-473
-535
-598
-729
-640
-672
-476
-318
-558
-906
-935
-354
-195
-273
-68
-91
-453
-584
261
895
548
220
461
747
719
1006
1462
1361
729
711
1201
1368
1173
1068
1003
726
474
626
1001
783
332
167
226
258
109
254
328
38
-135
-31
182
70
40
183
157
4
-35
157
340
281
162
244
282
199
216
399
372
145
115
250
295
255
215
268
342
150
11
158
263
194
167
187
104
-117
-53
158
159
3
-193
-217
-150
-196
-177
-194
-325
-514
-525
-386
-401
-612
-700
-743
-881
-837
-813
-832
-885
-994
-965
-842
-816
-793
-735
-669
-622
-582
-416
-284
-309
-290
-239
-130
-73
-7
66
6
8
-40
-79
-18
-11
-101
-169
-299
-462
-476
-546
-516
-577
-487
-370
-628
-921
-943
-382
-200
-470
-360
-304
-636
-685
127
764
330
-127
214
637
681
900
1286
1097
559
652
1267
1489
1155
950
1002
841
687
916
1163
861
339
249
446
577
447
361
269
39
-5
135
377
238
-36
-18
115
100
97
241
251
88
46
231
312
228
157
154
207
149
108
248
239
44
-15
109
256
130
-10
-78
75
144
40
110
95
-138
-222
-16
258
106
-184
-189
-94
-53
-126
-37
-75
-344
-473
-308
-192
-459
-637
-590
-609
-708
-720
-614
-571
-822
-865
-697
-554
-520
-555
-405
-439
-491
-342
-67
13
-127
-143
4
82
98
159
199
140
-2
17
100
67
-40
-155
-218
-309
-492
-482
-557
-633
-708
-591
-441
-606
-955
-1037
-527
-279
-412
-469
-366
-533
-667
-28
679
479
-77
75
693
892
844
1112
1191
806
685
1250
1681
1295
866
905
995
922
905
1081
928
320
95
424
710
470
75
30
5
-46
17
244
112
-273
-337
-52
179
41
-126
-77
-44
-128
20
204
160
-76
-96
101
122
58
32
102
51
-15
69
212
139
-80
-3
228
240
72
51
155
26
-67
152
268
101
-171
-69
114
54
-34
-68
-68
-261
-308
-136
-110
-302
-487
-484
-458
-550
-564
-499
-539
-716
-780
-621
-476
-547
-637
-591
-488
-389
-265
-142
-209
-365
-276
-53
86
18
-76
-113
-75
-40
-10
21
-134
-298
-250
-192
-289
-436
-584
-612
-679
-773
-727
-766
-755
-657
-669
-816
-964
-573
-231
-346
-410
-291
-272
-365
49
654
506
74
307
906
1044
879
1014
1157
1024
993
1351
1529
1172
875
1005
1133
961
795
806
684
404
290
373
451
220
26
5
0
-25
-15
121
15
-162
-139
-11
76
33
2
28
23
67
132
188
173
49
42
104
193
164
92
72
-25
-37
50
273
191
-92
-233
-13
247
146
38
11
-130
-163
44
388
238
-204
-187
43
257
122
56
0
-205
-190
17
132
-120
-452
-428
-312
-328
-400
-497
-513
-624
-669
-506
-437
-446
-561
-528
-387
-362
-289
-208
-116
-226
-259
-65
109
99
17
-4
8
-31
0
64
19
-139
-252
-227
-257
-363
-560
-596
-644
-800
-820
-680
-562
-606
-885
-1005
-711
-288
-290
-527
-491
-380
-434
-272
358
525
39
-148
449
981
864
762
958
953
790
936
1357
1331
854
689
829
884
717
667
699
387
52
73
372
437
110
-139
-138
-29
29
141
145
-99
-289
-110
255
292
63
-75
-31
130
266
350
234
53
-23
129
326
298
104
-21
6
-31
94
169
107
-77
-201
-41
51
84
99
9
-64
-161
17
242
217
85
-58
-7
77
200
290
158
-20
-80
-19
142
101
-60
-250
-347
-286
-225
-233
-372
-548
-630
-551
-410
-356
-456
-606
-621
-467
-273
-126
-155
-284
-316
-188
12
127
57
-49
-132
-46
96
74
-84
-205
-207
-197
-192
-278
-400
-569
-609
-538
-575
-700
-812
-736
-523
-567
-779
-896
-595
-269
-359
-387
-257
-283
-418
-38
627
506
-9
164
793
981
780
832
1031
846
787
1130
1334
1071
680
752
923
804
628
622
564
326
166
276
374
271
56
-14
112
108
80
106
113
47
-13
137
237
112
0
23
119
133
90
86
79
-8
-93
-10
48
-68
-168
-173
-166
-192
-128
51
-51
-300
-298
-106
161
79
-17
-40
-89
30
189
441
294
-21
35
269
565
430
250
182
118
219
282
313
121
-199
-217
-86
-59
-214
-395
-433
-522
-542
-400
-327
-423
-609
-664
-471
-301
-214
-313
-392
-456
-365
-116
-23
-103
-289
-283
-155
-12
-13
-129
-252
-351
-253
-216
-205
-408
-610
-597
-584
-603
-694
-766
-882
-911
-813
-606
-623
-929
-1006
-641
-325
-409
-436
-295
-312
-322
-18
492
475
176
241
631
875
820
928
1019
908
803
965
1224
1162
888
748
783
749
726
782
745
516
236
299
495
510
277
101
136
179
215
221
224
59
-61
1
165
173
34
-53
-104
-52
-34
6
-50
-175
-256
-200
-146
-127
-150
-274
-251
-288
-49
-32
-150
-151
-170
79
61
127
189
-4
92
137
384
334
145
231
190
340
296
299
271
103
86
114
131
48
-123
-215
-260
-346
-330
-370
-405
-499
-601
-526
-466
-403
-485
-540
-508
-500
-369
-335
-289
-372
-354
-277
-190
-148
-182
-148
-190
-117
-84
-89
-126
-262
-208
-216
-286
-303
-392
-465
-597
-604
-589
-694
-824
-885
-824
-722
-613
-670
-839
-871
-596
-345
-294
-307
-272
-283
-252
136
561
527
277
378
752
948
973
1051
1093
955
893
1138
1348
1240
914
866
939
857
849
878
798
495
317
463
609
525
301
212
230
229
242
279
215
18
-75
22
166
106
-19
-103
-103
-92
-57
-35
-57
-165
-231
-214
-128
-111
-148
-216
-126
57
-149
-114
-48
232
210
42
302
234
212
266
525
691
219
213
423
567
444
184
356
250
81
146
224
130
-227
-278
-95
-222
-425
-462
-431
-489
-719
-659
-546
-589
-697
-741
-605
-657
-672
-544
-432
-487
-606
-485
-285
-250
-325
-297
-193
-202
-187
-150
-77
-221
-319
-233
-202
-268
-480
-523
-538
-637
-661
-679
-735
-893
-981
-812
-566
-589
-867
-953
-654
-386
-348
-276
-165
-309
-446
7
645
637
265
270
677
913
978
1172
1188
936
813
1139
1481
1336
994
826
885
877
872
865
749
442
211
318
474
435
203
59
45
60
76
105
95
-67
-206
-154
-51
-58
-134
-164
-170
-204
-201
-133
-90
-125
-194
-238
-184
-154
-70
31
-8
-61
-150
23
155
218
271
169
193
195
323
459
402
378
315
355
450
426
396
289
234
217
125
122
73
-25
-101
-220
-251
-322
-402
-388
-445
-522
-603
-598
-543
-565
-603
-602
-590
-556
-502
-400
-357
-425
-421
-312
-195
-149
-174
-200
-161
-159
-103
-81
-122
-174
-239
-236
-252
-333
-452
-530
-575
-660
-739
-825
-876
-891
-831
-677
-644
-804
-956
-808
-469
-254
-228
-260
-285
-356
-129
424
754
608
359
509
824
1041
1232
1349
1193
951
972
1257
1453
1297
1069
883
774
752
817
872
690
360
145
179
310
341
231
55
-82
-127
-44
107
121
-33
-155
-123
-40
7
0
-7
-29
-55
-4
32
80
54
27
-15
2
31
46
177
104
162
84
95
166
177
401
323
251
262
160
360
288
388
344
174
221
118
283
283
142
80
-82
-91
-58
-125
-102
-282
-392
-399
-443
-341
-397
-458
-516
-602
-569
-568
-485
-424
-434
-449
-493
-390
-280
-226
-220
-217
-224
-218
-185
-145
-84
-139
-215
-213
-237
-233
-323
-378
-397
-520
-593
-715
-763
-814
-949
-964
-992
-979
-887
-701
-642
-936
-1068
-714
-296
-126
-138
-122
-260
-350
112
773
951
640
452
723
1003
1211
1386
1448
1225
924
1065
1371
1464
1221
1017
893
709
630
707
758
549
194
13
53
104
75
39
-40
-168
-275
-223
-51
-14
-89
-147
-116
-113
-90
-13
82
120
22
18
45
130
147
192
154
80
-10
26
199
138
326
124
39
-29
34
424
186
233
162
-29
34
-118
296
212
-8
7
-188
2
-102
-9
101
-191
-298
-396
-284
-175
-322
-318
-442
-621
-570
-520
-329
-379
-530
-545
-560
-382
-297
-197
-170
-256
-281
-169
-19
4
-6
-91
-99
-151
-126
-78
-175
-207
-382
-419
-461
-488
-509
-667
-711
-836
-961
-1007
-1032
-982
-1037
-1050
-759
-659
-850
-1032
-749
-218
-187
-144
158
104
-136
-45
842
1265
915
774
984
1201
1186
1437
1836
1638
1113
990
1287
1476
1252
1042
935
657
403
422
610
497
55
-149
-134
-107
-206
-281
-167
-201
-302
-363
-267
-160
-128
-30
109
96
-15
6
203
426
478
436
349
326
387
489
598
509
365
173
219
269
312
353
194
358
106
133
24
51
285
-26
139
-46
-222
-243
-339
157
-70
-246
-300
-425
-211
-335
-148
-133
-440
-510
-474
-326
-303
-454
-375
-365
-522
-470
-430
-247
-313
-383
-279
-315
-281
-270
-107
-44
-109
-192
-186
-142
-226
-174
-230
-222
-380
-519
-467
-636
-603
-749
-748
-781
-1014
-1033
-1156
-1151
-1212
-1326
-1197
-1154
-983
-805
-850
-880
-911
-559
-171
-23
206
216
86
123
533
1123
1224
1124
1198
1223
1290
1412
1741
1875
1563
1291
1232
1301
1266
1169
1118
905
586
390
374
353
195
51
55
-32
-205
-288
-248
-116
-118
-125
-129
-180
-178
-85
126
283
278
226
213
258
387
511
591
556
463
394
393
408
405
385
314
243
152
84
46
74
83
-24
-123
-154
-180
-190
-244
-212
-244
-354
-409
-414
-364
-424
-467
-381
-376
-428
-436
-380
-318
-377
-394
-351
-361
-405
-406
-296
-270
-337
-338
-278
-191
-223
-194
-115
-86
-128
-147
-33
-38
-58
-88
-97
-46
-121
-202
-183
-225
-333
-388
-494
-489
-568
-642
-594
-680
-768
-844
-937
-986
-1014
-953
-896
-908
-934
-831
-677
-632
-570
-479
-340
-273
-176
60
220
238
228
316
534
722
808
898
979
1000
996
1016
1122
1161
1072
987
1010
986
870
704
630
660
569
474
343
218
109
66
154
201
142
3
-41
54
136
163
157
185
205
234
317
398
394
332
330
421
486
463
412
350
313
288
237
234
188
77
-27
-91
-99
-103
-153
-220
-299
-356
-328
-355
-353
-333
-323
-345
-373
-336
-312
-328
-328
-285
-199
-196
-215
-182
-125
-101
-117
-106
-79
-90
-124
-118
-100
-31
-91
-87
-11
-101
-76
-132
-181
5
-46
-104
-57
-44
-53
-274
-184
1
-114
-81
-137
-96
-229
-271
-153
-300
-325
-264
-387
-426
-384
-434
-447
-612
-684
-590
-549
-508
-618
-673
-588
-698
-775
-670
-515
-450
-465
-363
-247
-329
-372
-232
-43
162
214
211
273
343
453
546
683
754
815
845
857
908
885
912
900
925
946
912
793
667
635
601
589
533
445
301
204
199
213
191
150
124
113
115
66
39
12
15
65
100
142
92
32
-31
-17
98
88
16
-49
-38
-51
-115
-147
-178
-221
-217
-165
-136
-133
-180
-222
-208
-132
-78
-73
-61
-10
31
11
-14
15
79
130
153
169
180
151
127
157
186
160
71
60
72
54
24
17
3
-114
-83
-33
-67
-142
-139
-47
-108
-146
-132
-118
-174
-210
-91
-15
-62
-34
-75
-151
-121
-218
-122
-97
-37
38
-187
-237
-317
-444
-342
-267
-241
-240
-396
-372
-503
-680
-613
-684
-604
-485
-513
-539
-705
-765
-637
-500
-301
-240
-267
-187
-79
38
106
175
300
392
467
551
633
749
785
826
922
981
975
918
945
946
934
881
802
665
533
426
360
285
155
84
-30
-103
-148
-207
-262
-326
-384
-387
-380
-381
-384
-415
-416
-400
-375
-335
-329
-316
-288
-246
-200
-196
-154
-97
-62
-16
-32
-52
-70
-55
27
117
174
187
142
115
114
151
197
206
242
251
241
201
173
169
138
104
123
148
137
90
38
29
-16
-79
-66
-54
-59
-94
-123
-115
-150
-154
-175
-162
-232
-203
-136
-146
-74
-163
-179
-168
-177
-84
-139
-81
-41
-55
-120
-326
-198
-162
-121
-140
-173
-100
-255
-426
-424
-318
-333
-443
-466
-404
-493
-640
-731
-683
-678
-751
-735
-715
-678
-605
-421
-237
-160
-215
-248
-45
165
356
538
607
659
673
802
985
1051
1077
1126
1318
1404
1362
1300
1202
1106
958
875
842
757
619
456
289
126
-23
-154
-315
-484
-578
-605
-534
-556
-660
-699
-681
-640
-628
-632
-575
-486
-353
-228
-174
-167
-154
-53
60
183
259
284
316
327
382
427
438
387
326
364
419
468
406
330
295
245
258
216
189
115
51
67
78
43
-17
-78
-105
-128
-159
-133
-106
-80
-106
-137
-143
-145
-141
-122
-118
-134
-135
-119
-95
-112
-113
-90
-75
-74
-92
-98
-100
-140
-158
-182
-185
-177
-211
-237
-267
-294
-338
-362
-399
-448
-484
-521
-544
-581
-614
-652
-709
-756
-796
-848
-918
-1000
-1056
-1029
-1014
-827
-482
-112
-26
-212
-182
89
392
570
732
949
992
969
1120
1361
1479
1365
1342
1482
1564
1508
1423
1350
1187
901
719
610
439
246
62
-54
-265
-468
-632
-773
-936
-1077
-1036
-910
-877
-937
-903
-706
-515
-429
-394
-336
-225
-79
111
289
419
522
670
755
799
798
806
811
788
806
801
745
565
384
322
303
232
90
-62
-134
-225
-276
-294
-313
-338
-417
-431
-410
-380
-342
-282
-208
-193
-192
-104
13
60
81
140
205
199
229
294
313
273
202
207
204
130
38
-6
-44
-123
-229
-279
-340
-445
-504
-513
-530
-582
-622
-636
-664
-721
-721
-694
-683
-729
-711
-643
-602
-646
-673
-668
-681
-707
-738
-734
-788
-860
-921
-879
-864
-626
-235
143
112
-43
184
496
649
623
841
1090
1041
967
1211
1554
1546
1232
1212
1439
1503
1270
1091
1078
886
534
314
216
63
-163
-370
-489
-685
-797
-868
-946
-1059
-1072
-876
-743
-754
-716
-450
-132
5
58
226
417
522
620
801
980
1038
1007
1079
1135
1144
1077
983
864
710
609
470
279
38
-109
-221
-359
-551
-651
-671
-759
-864
-901
-833
-807
-810
-725
-591
-508
-449
-333
-148
-1
91
208
331
450
514
596
691
675
652
626
620
520
399
357
310
222
86
-37
-139
-277
-437
-542
-621
-711
-804
-811
-778
-794
-836
-803
-747
-731
-718
-658
-577
-558
-527
-471
-394
-384
-420
-434
-411
-427
-459
-510
-552
-639
-743
-774
-822
-804
-915
-756
-412
-55
46
-32
211
488
589
603
779
1017
934
835
1125
1484
1499
1211
1274
1558
1542
1266
1104
1098
851
413
209
227
80
-260
-519
-540
-629
-784
-927
-1026
-1077
-1089
-943
-793
-653
-497
-259
10
220
445
607
689
691
829
1077
1170
1146
1153
1300
1322
1257
1165
1083
882
615
426
283
96
-167
-347
-456
-490
-613
-664
-731
-811
-869
-920
-844
-819
-746
-622
-461
-278
-117
42
156
231
333
428
497
553
642
756
789
780
753
715
601
427
278
196
75
-100
-239
-305
-370
-498
-625
-717
-761
-831
-871
-889
-876
-864
-835
-743
-678
-617
-575
-499
-428
-397
-372
-363
-347
-353
-357
-403
-459
-540
-592
-671
-757
-886
-1042
-1134
-1202
-1189
-1211
-921
-575
-317
-260
-31
406
554
584
700
1089
1116
934
1050
1501
1648
1369
1344
1713
1882
1574
1368
1397
1241
681
295
283
153
-264
-573
-574
-572
-760
-889
-928
-986
-1083
-1071
-906
-777
-615
-424
-145
143
478
775
916
968
1074
1279
1285
1178
1123
1195
1190
1098
1133
1140
955
623
460
329
-7
-459
-727
-812
-966
-1111
-1125
-1007
-1023
-1111
-1071
-955
-951
-1036
-958
-745
-544
-366
-146
115
327
501
639
705
742
783
798
738
685
664
620
494
381
339
276
101
-114
-216
-318
-491
-684
-752
-786
-852
-893
-823
-732
-729
-704
-608
-480
-437
-433
-373
-275
-217
-208
-152
-61
-19
-39
-75
-130
-226
-362
-492
-614
-763
-914
-1062
-1173
-1207
-1219
-1163
-853
-549
-350
-258
65
509
547
656
907
1244
1156
1010
1311
1587
1517
1287
1519
1791
1666
1338
1353
1390
1021
499
233
153
-289
-693
-870
-898
-1042
-1206
-1119
-1093
-1107
-1112
-1000
-887
-784
-576
-377
-132
177
585
860
1041
1247
1483
1612
1503
1508
1525
1415
1192
1111
1177
1002
717
573
563
301
-128
-421
-577
-853
-1237
-1343
-1315
-1309
-1401
-1302
-1046
-921
-820
-718
-507
-397
-332
-159
19
197
348
564
751
868
965
1061
1060
1001
929
821
674
483
380
214
35
-115
-205
-304
-469
-560
-627
-712
-855
-930
-921
-924
-894
-825
-693
-580
-481
-316
-171
-90
-55
7
58
28
-10
28
2
-44
-113
-163
-215
-379
-497
-639
-807
-994
-1196
-1250
-1297
-1347
-1043
-777
-556
-430
-79
486
502
677
974
1299
1219
1028
1339
1531
1387
1188
1434
1659
1544
1271
1399
1430
1060
634
340
206
-337
-771
-1001
-1152
-1332
-1455
-1351
-1303
-1231
-1094
-921
-833
-670
-460
-337
-217
38
447
654
832
1175
1516
1668
1596
1681
1741
1531
1230
1089
1071
772
435
300
261
1
-342
-511
-646
-925
-1262
-1318
-1371
-1443
-1536
-1442
-1260
-1127
-872
-661
-376
-200
16
202
358
515
613
707
753
880
943
991
942
972
982
837
662
483
362
85
-157
-314
-448
-654
-840
-850
-861
-936
-1014
-991
-954
-950
-922
-831
-737
-665
-542
-365
-197
-79
17
124
209
252
244
217
152
65
-4
-88
-219
-342
-507
-651
-823
-983
-1129
-1274
-1324
-1288
-927
-756
-538
-345
89
490
507
848
1110
1360
1157
1210
1503
1534
1305
1213
1484
1526
1358
1170
1347
1171
846
485
298
99
-429
-731
-1014
-1161
-1393
-1479
-1425
-1395
-1253
-1081
-887
-671
-392
-167
-56
113
431
678
764
937
1253
1450
1518
1554
1748
1742
1537
1366
1278
1109
693
401
214
23
-330
-593
-722
-868
-1126
-1315
-1343
-1382
-1411
-1474
-1366
-1251
-1036
-831
-630
-332
-93
176
357
590
806
913
948
1049
1128
1133
1040
952
964
876
761
592
465
275
26
-162
-323
-492
-732
-869
-920
-978
-1048
-1097
-1052
-996
-942
-877
-771
-637
-512
-392
-259
-113
17
122
191
272
290
240
196
124
89
-40
-179
-308
-443
-564
-760
-920
-1089
-1262
-1384
-1452
-1485
-1184
-990
-730
-521
-164
362
395
767
1034
1350
1268
1163
1412
1420
1268
1122
1261
1314
1240
1115
1284
1168
963
672
454
294
-164
-465
-867
-1099
-1313
-1423
-1427
-1399
-1235
-1031
-820
-553
-199
29
158
318
648
851
879
995
1258
1397
1421
1462
1628
1620
1459
1373
1262
1105
741
432
175
-85
-410
-728
-919
-1079
-1210
-1365
-1352
-1311
-1280
-1214
-1162
-946
-824
-662
-525
-312
-44
109
322
559
783
904
995
1106
1221
1196
1150
1072
988
835
640
472
260
78
-156
-341
-494
-636
-791
-947
-1016
-1064
-1111
-1134
-1106
-1049
-995
-954
-815
-664
-514
-371
-220
-34
97
227
314
397
378
344
298
242
147
11
-114
-236
-344
-483
-617
-787
-944
-1077
-1257
-1339
-1464
-1418
-1141
-1028
-711
-556
-10
298
486
938
1180
1446
1242
1384
1562
1484
1279
1234
1335
1313
1122
1112
1186
1010
842
517
471
166
-199
-562
-882
-1062
-1349
-1489
-1537
-1414
-1307
-1138
-912
-529
-243
-36
160
451
727
807
899
1041
1190
1190
1239
1300
1379
1286
1244
1185
1086
931
625
426
147
-103
-469
-747
-956
-1183
-1382
-1495
-1402
-1389
-1301
-1254
-1017
-780
-641
-403
-245
28
161
305
494
638
754
817
921
1063
1115
1127
1110
1057
1004
824
683
463
242
-3
-262
-442
-632
-799
-933
-978
-979
-989
-1002
-935
-878
-829
-781
-690
-580
-492
-386
-270
-107
29
170
267
382
442
443
406
332
281
132
2
-183
-321
-458
-623
-749
-917
-1010
-1130
-1219
-1305
-1359
-1410
-1304
-1067
-888
-648
-439
32
269
532
916
1216
1406
1329
1543
1687
1622
1415
1360
1388
1295
1105
1045
1023
839
663
450
375
78
-238
-498
-734
-939
-1199
-1347
-1373
-1331
-1284
-1125
-898
-577
-360
-102
194
520
771
888
1030
1165
1255
1236
1245
1209
1184
1052
981
919
798
687
478
338
155
-34
-282
-581
-779
-1000
-1121
-1262
-1334
-1246
-1227
-1026
-892
-627
-366
-210
54
193
410
500
529
632
658
709
712
724
800
765
778
750
708
611
433
317
118
-93
-332
-541
-712
-886
-995
-1044
-1048
-1004
-932
-819
-703
-584
-464
-367
-253
-177
-67
-20
34
97
149
243
253
304
319
326
283
220
167
63
-67
-245
-392
-571
-765
-913
-1049
-1155
-1262
-1330
-1337
-1325
-1300
-1160
-864
-683
-487
-272
169
481
638
995
1278
1508
1460
1584
1753
1669
1482
1380
1425
1318
1081
959
926
791
586
366
258
23
-268
-514
-710
-885
-1117
-1245
-1304
-1287
-1250
-1133
-956
-684
-415
-167
105
417
705
874
1013
1152
1216
1154
1094
1029
989
842
703
627
551
451
291
215
111
-39
-230
-415
-540
-715
-852
-977
-999
-964
-959
-801
-676
-444
-263
-79
172
323
489
520
590
637
626
591
534
527
498
445
408
397
350
265
172
111
-20
-204
-365
-491
-624
-791
-903
-933
-916
-897
-822
-698
-552
-425
-284
-141
-41
10
51
100
145
139
146
168
170
189
168
195
164
126
43
-35
-149
-319
-444
-637
-775
-971
-1120
-1218
-1305
-1302
-1338
-1278
-1224
-1108
-793
-611
-363
-159
198
539
662
1025
1273
1460
1439
1511
1732
1643
1471
1368
1390
1298
1065
968
946
766
549
385
292
76
-241
-436
-602
-788
-1012
-1116
-1152
-1201
-1185
-1071
-905
-743
-532
-274
4
268
518
728
857
985
1063
1032
974
888
839
700
560
498
415
316
180
132
81
-25
-170
-261
-365
-462
-594
-679
-627
-688
-630
-601
-437
-254
-172
22
141
321
397
436
505
526
501
456
411
408
355
271
258
236
234
143
88
54
-59
-181
-302
-363
-436
-565
-638
-640
-638
-625
-599
-481
-370
-288
-172
-51
58
125
161
200
225
201
181
144
136
109
79
52
6
-33
-120
-193
-300
-409
-543
-692
-811
-961
-1098
-1206
-1288
-1286
-1307
-1273
-1213
-1087
-742
-607
-336
-129
238
527
593
983
1181
1367
1292
1368
1559
1410
1233
1166
1210
1083
851
785
822
621
437
318
271
69
-256
-383
-527
-717
-957
-1048
-1066
-1094
-1100
-947
-749
-564
-348
-130
149
367
577
706
804
893
936
837
775
718
671
570
455
459
371
313
214
220
192
65
-45
-122
-131
-249
-389
-437
-433
-442
-463
-392
-242
-186
-107
33
211
309
315
392
467
477
426
403
387
334
257
218
181
115
55
14
8
-75
-159
-239
-304
-370
-458
-505
-550
-581
-606
-586
-549
-478
-396
-303
-191
-101
-3
20
55
85
61
51
14
27
29
-13
-14
-23
-28
-76
-135
-163
-258
-350
-466
-557
-664
-802
-883
-963
-985
-1033
-1013
-997
-968
-908
-823
-553
-420
-244
-62
252
508
577
866
1083
1227
1189
1262
1400
1287
1095
1015
1007
859
639
550
560
415
266
201
159
19
-215
-304
-405
-577
-774
-867
-902
-969
-984
-903
-755
-618
-414
-194
29
224
406
555
615
676
700
636
544
480
434
342
242
225
234
207
180
209
239
210
148
162
116
41
-32
-78
-62
-153
-160
-147
-85
-41
-3
131
213
276
326
388
408
383
326
319
268
210
147
79
53
-13
-23
-48
-64
-91
-134
-150
-193
-251
-314
-390
-437
-463
-472
-452
-413
-338
-266
-194
-116
-34
9
59
77
93
74
12
-18
-52
-59
-102
-113
-112
-127
-151
-181
-214
-286
-358
-446
-530
-617
-715
-789
-853
-871
-910
-905
-881
-842
-761
-692
-453
-316
-140
46
301
578
652
899
1057
1154
1123
1124
1231
1102
935
863
860
768
612
589
639
532
392
338
298
151
-77
-173
-267
-453
-621
-689
-694
-755
-767
-677
-554
-432
-296
-128
27
193
317
421
471
486
500
440
406
361
312
252
185
212
229
248
254
300
314
302
265
231
189
54
-12
-103
-129
-202
-252
-237
-231
-182
-151
-75
-20
1
49
83
72
60
17
-24
-72
-117
-132
-171
-189
-190
-169
-159
-156
-146
-133
-152
-199
-228
-264
-303
-346
-349
-354
-330
-284
-221
-152
-102
-34
10
48
58
71
54
34
-3
-19
-21
-57
-71
-82
-80
-90
-95
-101
-121
-174
-214
-265
-311
-360
-423
-450
-480
-501
-506
-497
-486
-453
-411
-340
-291
-197
-40
82
226
344
526
658
710
838
912
933
869
858
877
754
614
561
534
435
341
333
340
249
172
157
113
-2
-124
-182
-253
-373
-484
-521
-557
-605
-607
-527
-432
-342
-225
-80
50
140
222
280
307
311
302
253
213
175
143
118
123
174
204
222
295
362
378
360
319
323
242
145
61
-9
-72
-164
-167
-165
-154
-150
-95
-24
6
11
31
49
13
-49
-95
-118
-180
-202
-189
-167
-157
-146
-106
-76
-57
-52
-57
-67
-97
-129
-155
-181
-206
-231
-220
-195
-156
-122
-95
-51
-28
-20
-37
-46
-68
-81
-109
-139
-162
-180
-184
-172
-145
-130
-114
-106
-76
-82
-106
-130
-170
-195
-244
-284
-299
-313
-313
-302
-260
-223
-186
-132
-78
-6
39
82
126
181
227
261
309
371
428
456
490
533
554
531
521
521
488
447
405
390
338
276
248
222
174
95
75
48
-7
-92
-150
-180
-256
-325
-342
-336
-344
-313
-244
-165
-103
-57
3
68
93
106
118
133
145
125
130
118
141
143
140
169
183
211
207
213
207
192
153
112
67
25
-32
-72
-99
-145
-162
-183
-160
-159
-158
-149
-138
-127
-128
-128
-134
-147
-169
-173
-174
-178
-184
-174
-155
-140
-141
-125
-115
-110
-117
-133
-121
-136
-141
-147
-151
-136
-157
-151
-159
-137
-126
-142
-116
-126
-107
-124
-131
-109
-123
-88
-97
-58
-38
-42
-18
-17
1
-8
4
-4
-3
-13
-30
-41
-63
-78
-105
-101
-101
-85
-63
-58
-28
4
39
72
91
129
168
195
220
231
241
236
215
222
212
206
207
223
246
239
249
254
254
250
238
207
172
130
84
36
-29
-71
-102
-136
-149
-143
-129
-119
-101
-75
-60
-33
-23
-4
10
18
26
40
61
72
97
112
136
161
183
203
212
221
236
236
227
222
206
187
161
126
88
42
10
-10
-38
-61
-83
-105
-127
-145
-151
-158
-166
-175
-181
-191
-191
-197
-215
-218
-219
-219
-235
-246
-241
-227
-219
-205
-191
-181
-171
-167
-152
-151
-146
-156
-158
-142
-150
-162
-175
-176
-190
-214
-221
-215
-211
-206
-195
-164
-129
-107
-76
-56
-29
-13
7
28
48
74
85
118
133
151
163
179
197
191
201
203
221
237
245
257
269
289
299
306
316
315
298
276
260
235
200
172
158
142
112
103
119
112
126
134
158
167
166
178
167
143
105
97
78
47
28
26
39
33
31
43
45
28
13
-1
-16
-47
-88
-108
-112
-120
-133
-147
-151
-149
-154
-139
-131
-116
-119
-113
-80
-71
-59
-56
-52
-37
-59
-76
-70
-84
-95
-122
-129
-145
-162
-178
-193
-185
-189
-191
-198
-182
-184
-197
-196
-195
-190
-206
-213
-200
-195
-193
-194
-164
-137
-131
-118
-99
-69
-66
-44
-30
0
9
8
13
9
17
-4
16
21
35
50
35
46
52
79
82
87
115
138
164
170
206
233
242
266
288
317
314
314
307
292
276
241
222
184
162
134
118
105
87
76
66
82
72
56
45
38
37
15
8
-3
-18
-22
-26
-23
-8
3
9
28
40
45
43
41
44
43
33
18
6
-12
-32
-44
-50
-61
-72
-70
-61
-52
-48
-57
-68
-72
-79
-97
-117
-132
-150
-154
-148
-140
-136
-137
-129
-112
-95
-78
-61
-45
-34
-25
-26
-19
-20
-26
-33
-45
-52
-61
-78
-98
-107
-115
-126
-131
-124
-124
-119
-111
-99
-88
-84
-82
-95
-95
-96
-106
-110
-105
-106
-102
-93
-84
-71
-61
-48
-39
-15
4
10
20
29
36
41
53
65
80
95
98
101
105
109
114
121
128
143
154
168
180
195
214
232
252
264
281
294
303
301
303
309
299
282
268
254
235
208
183
164
144
129
116
96
68
48
25
5
-24
-46
-77
-97
-106
-127
-135
-139
-133
-139
-133
-121
-110
-103
-97
-81
-75
-73
-76
-66
-64
-65
-61
-61
-61
-70
-68
-69
-68
-73
-70
-77
-86
-96
-100
-109
-129
-142
-153
-163
-181
-183
-188
-183
-192
-196
-184
-171
-153
-136
-116
-99
-79
-72
-68
-68
-68
-82
-92
-87
-84
-77
-68
-55
-41
-34
-34
-31
-30
-30
-40
-42
-36
-34
-25
-11
-15
-20
-29
-27
-16
-8
11
11
26
41
57
73
75
86
87
87
90
95
96
105
114
123
136
143
159
165
177
177
179
178
165
156
139
140
129
129
129
132
139
143
148
141
146
161
168
168
160
159
151
141
139
132
131
124
118
109
96
85
71
56
39
37
36
20
7
-15
-26
-47
-73
-88
-114
-134
-146
-156
-161
-168
-176
-189
-186
-169
-167
-161
-152
-139
-125
-118
-106
-100
-90
-86
-87
-76
-55
-46
-39
-37
-34
-30
-35
-43
-59
-69
-96
-119
-138
-154
-161
-184
-193
-190
-192
-192
-185
-177
-174
-171
-157
-138
-117
-111
-105
-97
-85
-77
-73
-69
-62
-48
-42
-26
-24
-20
-19
-16
-14
-16
-20
-17
-14
-10
0
5
21
24
34
48
57
71
81
96
103
122
136
148
162
174
