-48
-53
-54
-40
-35
-34
-31
-19
-13
-12
0
-7
-9
-14
-19
-16
-24
-23
-21
-18
-22
-26
-36
-37
-40
-46
-40
-48
-56
-64
-62
-65
-69
-69
-68
-69
-68
-63
-64
-54
-49
-43
-38
-34
-30
-24
-12
5
4
7
9
17
31
34
35
34
40
41
54
53
49
55
62
73
65
73
79
73
72
81
91
85
80
70
85
86
92
103
104
114
127
138
137
138
128
125
127
128
137
130
124
125
117
120
109
108
107
94
89
69
68
64
52
44
39
47
30
13
13
12
-9
-24
-28
-30
-32
-45
-47
-52
-60
-65
-63
-47
-52
-55
-51
-61
-47
-54
-41
-34
-49
-45
-53
-64
-73
-75
-85
-92
-83
-60
-42
-30
-3
0
-2
3
11
30
52
58
70
90
125
234
400
498
495
423
345
333
372
419
329
164
27
-38
-2
63
155
128
32
-29
-65
-49
-97
-152
-242
-363
-393
-369
-308
-270
-249
-241
-231
-208
-181
-147
-136
-189
-180
-152
-181
-207
-121
-117
-201
-150
-175
-215
-381
-390
-322
-430
-335
-328
-359
-395
-415
-253
-228
-230
-178
-194
-161
-133
-24
100
150
229
254
285
362
426
502
542
537
556
555
573
598
607
595
503
444
364
274
202
114
67
5
-34
-66
-132
-133
-169
-215
-237
-270
-255
-259
-269
-238
-202
-140
-93
-49
32
61
77
105
126
145
145
157
169
152
140
115
96
57
-30
-119
-226
-301
-396
-477
-531
-629
-696
-806
-870
-955
-1039
-1068
-1144
-1194
-1229
-1242
-1237
-1253
-1187
-1129
-904
-550
-299
-170
-80
338
432
525
819
1057
1092
833
1166
1391
1375
1413
1573
1738
1457
1471
1620
1451
1166
835
707
369
60
6
-217
-414
-632
-637
-711
-919
-920
-981
-1054
-1125
-1011
-826
-776
-642
-428
-194
22
254
487
563
652
847
1047
1207
1342
1543
1693
1753
1903
2007
2006
1851
1675
1579
1347
1104
885
666
441
222
114
-8
-164
-331
-521
-697
-904
-1044
-1156
-1277
-1337
-1319
-1244
-1149
-1015
-859
-732
-615
-485
-378
-288
-221
-146
-77
-16
64
149
184
197
168
111
-21
-238
-481
-709
-980
-1305
-1627
-1916
-2146
-2483
-2251
-1739
-1459
-1583
-1442
-593
-701
-612
-34
539
337
-340
531
927
881
901
1538
2074
1619
2041
2709
2769
2276
1855
1858
1303
737
594
251
-226
-700
-648
-738
-1037
-1109
-1275
-1571
-1892
-1877
-1908
-2142
-2167
-1994
-1787
-1528
-1010
-559
-479
-237
120
440
470
566
854
869
907
1138
1571
1744
1702
1880
1992
1973
1825
1774
1616
1220
942
791
706
512
445
382
298
211
206
172
-7
-145
-322
-432
-600
-599
-546
-579
-525
-413
-278
-186
-95
39
63
23
21
37
27
-46
1
82
131
195
302
388
378
333
307
203
17
-124
-264
-377
-550
-643
-699
-800
-858
-952
-1043
-1202
-1418
-1618
-1946
-2181
-2483
-2535
-2066
-1760
-1583
-1556
-582
-182
-263
306
1055
1305
390
868
1528
1254
838
1350
2200
1703
1695
2616
2974
2394
1989
2225
1745
835
505
165
-537
-1274
-1315
-1440
-1775
-1795
-1785
-1904
-2095
-1883
-1892
-2148
-2139
-1982
-1998
-1970
-1414
-882
-845
-495
213
690
806
1075
1616
1678
1569
1771
2094
2069
1866
2017
2129
2057
1968
1977
1939
1612
1353
1150
926
569
249
-18
-332
-449
-593
-643
-729
-664
-631
-708
-561
-516
-485
-628
-577
-396
-476
-436
-296
-144
-99
13
305
470
479
528
644
692
641
613
562
428
315
266
221
137
45
-49
-127
-181
-255
-390
-578
-724
-902
-1153
-1290
-1428
-1583
-1805
-1928
-1970
-2188
-2268
-2465
-2352
-1946
-1793
-1627
-1538
-731
-526
-531
240
833
932
412
1198
1718
1211
1057
1665
2053
1411
1543
2388
2329
1765
1792
2058
1553
820
777
400
-299
-828
-931
-1217
-1661
-1643
-1738
-1831
-1823
-1584
-1585
-1673
-1389
-1324
-1368
-1146
-673
-524
-672
-160
402
518
663
1133
1615
1547
1725
2134
2279
2160
2105
2258
2099
1922
1834
1738
1551
1349
1258
1075
962
779
588
367
189
76
-200
-331
-468
-488
-609
-668
-486
-486
-387
-327
-191
-121
-253
-170
-102
-143
-170
-187
-119
-146
-141
3
75
124
98
107
136
63
-48
-191
-352
-521
-718
-859
-899
-977
-1081
-1122
-1105
-1097
-1154
-1193
-1221
-1326
-1487
-1621
-1661
-1795
-1974
-2062
-2125
-2133
-2195
-1862
-1511
-1305
-1183
-664
12
-47
314
992
1350
1082
1102
1927
1750
1293
1577
2079
1861
1392
2019
2344
1861
1678
1903
1801
1098
873
754
95
-505
-789
-1042
-1525
-1753
-1848
-2081
-2105
-1890
-1790
-1786
-1485
-1165
-1197
-1025
-562
-322
-432
-264
266
301
369
762
1202
1317
1410
1936
2214
2254
2312
2435
2380
2142
2050
1879
1621
1425
1198
1002
820
717
495
240
236
77
-129
-300
-259
-378
-683
-584
-553
-608
-731
-621
-439
-604
-565
-411
-332
-347
-352
-157
-117
-93
15
56
152
196
220
219
240
251
153
49
60
17
-184
-302
-317
-377
-551
-613
-586
-702
-887
-908
-925
-1021
-1181
-1237
-1307
-1506
-1586
-1628
-1677
-1776
-1944
-1916
-2010
-1959
-1599
-1493
-1290
-1173
-517
-306
-273
479
917
1041
884
1541
1882
1399
1439
1872
1820
1271
1424
1969
1621
1301
1624
1759
1367
1020
1235
857
227
-108
-322
-793
-1353
-1458
-1670
-1814
-1788
-1658
-1544
-1326
-942
-793
-654
-238
-7
-40
-2
387
510
351
622
953
1081
1108
1479
1868
1865
2021
2255
2356
2268
2202
2202
1940
1709
1464
1162
885
601
323
14
-100
-184
-419
-465
-340
-330
-473
-485
-298
-431
-561
-476
-449
-578
-748
-641
-634
-756
-712
-596
-528
-468
-282
-49
22
117
249
272
249
218
155
22
-127
-221
-338
-438
-452
-478
-495
-465
-404
-388
-390
-377
-381
-490
-576
-598
-743
-921
-1085
-1176
-1309
-1420
-1456
-1500
-1573
-1597
-1615
-1515
-1235
-1075
-963
-814
-302
-141
-66
511
867
894
781
1318
1544
1121
1197
1541
1431
1005
1217
1645
1295
1040
1326
1360
952
720
842
458
-53
-268
-436
-809
-1164
-1249
-1472
-1614
-1591
-1554
-1542
-1377
-1105
-1084
-903
-456
-242
-239
-65
392
465
396
723
954
916
887
1194
1389
1284
1396
1606
1661
1619
1686
1741
1579
1493
1368
1151
918
719
459
126
9
-99
-318
-447
-345
-325
-438
-363
-200
-200
-316
-221
-143
-296
-393
-391
-450
-612
-679
-596
-635
-652
-557
-442
-329
-190
-27
46
116
194
183
114
64
10
-106
-226
-290
-353
-418
-416
-371
-355
-343
-299
-237
-246
-272
-262
-311
-405
-523
-661
-796
-976
-1122
-1272
-1388
-1473
-1583
-1634
-1596
-1343
-1225
-1118
-908
-460
-258
-246
240
576
579
484
878
1153
800
788
1151
1162
869
958
1371
1245
1044
1303
1400
1216
1017
1084
876
514
349
104
-170
-447
-618
-881
-1015
-949
-1019
-1081
-893
-612
-568
-443
19
255
223
347
710
811
630
804
963
846
766
900
1034
926
965
1106
1144
1153
1196
1211
1098
1020
893
686
527
320
44
-251
-400
-549
-801
-924
-900
-916
-965
-844
-655
-619
-579
-407
-269
-291
-316
-256
-317
-430
-491
-483
-501
-545
-471
-382
-247
-114
28
213
337
418
441
442
419
294
172
104
-12
-167
-274
-313
-370
-423
-399
-357
-353
-341
-253
-186
-181
-201
-199
-253
-378
-476
-617
-765
-957
-1096
-1227
-1359
-1448
-1450
-1286
-1228
-1124
-934
-599
-434
-324
113
374
393
405
717
818
555
623
837
708
513
697
964
818
816
1131
1203
1088
1097
1226
1031
818
748
548
263
21
-144
-405
-553
-564
-706
-768
-642
-509
-504
-371
-24
59
56
249
493
465
374
518
503
316
250
334
281
137
224
325
342
425
546
622
632
717
695
599
566
430
212
13
-70
-287
-497
-503
-464
-515
-533
-353
-253
-246
-132
44
101
62
104
137
71
2
-66
-126
-228
-297
-303
-315
-284
-260
-213
-96
26
88
125
208
261
213
185
176
87
-79
-196
-243
-342
-442
-477
-436
-424
-392
-292
-181
-112
-93
-34
0
-51
-172
-311
-452
-655
-890
-1067
-1231
-1391
-1559
-1522
-1377
-1390
-1317
-1084
-748
-682
-451
92
301
334
519
969
971
751
981
1107
885
732
978
1083
795
883
1133
1116
1016
1123
1250
1028
900
847
625
332
77
-159
-483
-656
-772
-991
-1065
-997
-937
-944
-742
-429
-383
-262
-17
197
184
215
392
354
305
338
403
332
267
353
385
421
516
618
684
743
864
900
917
943
852
746
637
535
277
48
-52
-215
-367
-427
-358
-369
-358
-199
-84
-17
28
132
149
78
76
26
-77
-195
-297
-371
-438
-454
-441
-407
-288
-179
-88
30
158
238
255
308
324
248
161
99
16
-143
-264
-317
-368
-458
-478
-430
-399
-385
-330
-256
-238
-261
-299
-341
-462
-596
-761
-933
-1117
-1307
-1432
-1559
-1512
-1435
-1390
-1259
-995
-647
-526
-224
234
432
500
724
1079
1026
866
1098
1189
976
890
1086
1087
816
906
1094
1015
905
982
1050
848
766
734
544
329
120
-75
-349
-526
-713
-974
-1041
-1038
-1054
-1058
-843
-600
-543
-335
-28
191
241
392
579
535
498
513
506
406
350
417
388
396
465
502
566
626
717
683
694
756
676
568
482
416
203
-1
-78
-234
-441
-520
-521
-584
-642
-563
-462
-447
-351
-214
-144
-127
-96
-104
-158
-182
-211
-287
-355
-383
-395
-416
-361
-279
-236
-144
-23
74
134
185
254
251
212
207
168
96
14
-50
-124
-196
-227
-248
-263
-266
-255
-257
-223
-219
-243
-273
-277
-331
-456
-559
-682
-830
-1015
-1133
-1224
-1252
-1254
-1270
-1177
-968
-761
-625
-301
78
253
390
694
967
923
904
1077
1046
834
789
893
809
623
689
764
698
648
719
741
641
589
511
400
240
37
-178
-364
-498
-707
-873
-890
-910
-973
-919
-686
-509
-406
-171
112
292
401
594
745
767
794
815
804
736
681
639
583
576
568
554
578
631
633
608
641
619
492
383
312
165
-50
-184
-256
-432
-582
-604
-618
-654
-646
-527
-433
-381
-274
-155
-35
50
112
169
201
199
158
139
130
86
40
23
45
14
-9
46
106
120
114
186
226
199
196
189
142
42
-33
-84
-173
-261
-312
-334
-365
-380
-361
-352
-305
-292
-281
-289
-309
-362
-471
-561
-680
-796
-961
-1072
-1186
-1251
-1244
-1252
-1186
-1073
-892
-786
-599
-263
-75
26
227
503
608
565
735
845
727
678
782
828
667
686
816
772
716
762
816
709
645
636
502
379
259
120
-35
-145
-229
-406
-483
-464
-482
-503
-419
-276
-226
-140
60
226
303
373
517
573
566
596
596
568
480
429
367
275
223
153
108
79
53
29
31
55
32
9
18
-15
-81
-140
-167
-211
-310
-320
-305
-326
-324
-280
-194
-145
-72
55
137
196
241
283
305
297
254
195
142
93
35
-8
-37
-73
-111
-126
-91
-66
-64
-40
15
32
45
71
83
61
21
15
3
-46
-74
-93
-97
-120
-133
-126
-141
-155
-178
-173
-203
-274
-337
-421
-521
-663
-792
-917
-1075
-1227
-1314
-1275
-1315
-1331
-1228
-1038
-920
-843
-510
-247
-152
5
333
556
506
638
877
837
741
809
921
788
688
822
802
712
699
742
688
613
635
541
437
387
275
99
-1
-32
-223
-399
-414
-468
-594
-614
-473
-436
-442
-261
-55
35
99
271
380
354
392
414
378
284
229
197
94
54
11
-28
-28
1
26
41
138
188
179
203
269
280
199
197
198
123
79
91
111
61
78
130
166
211
267
360
401
457
515
516
543
538
494
461
392
322
219
149
99
16
-36
-56
-72
-79
-44
6
41
57
97
126
89
58
26
-43
-120
-194
-260
-320
-364
-397
-430
-455
-450
-451
-467
-455
-446
-465
-509
-561
-604
-693
-802
-909
-1035
-1169
-1319
-1356
-1366
-1417
-1395
-1298
-1104
-1028
-881
-529
-309
-167
30
373
528
489
680
845
805
725
820
893
738
723
846
860
844
891
978
949
942
957
856
772
666
513
299
168
24
-214
-339
-374
-448
-570
-528
-386
-365
-302
-125
45
105
142
271
302
262
240
208
136
18
-28
-80
-130
-116
-113
-77
7
122
198
267
419
503
529
573
617
581
483
465
418
292
202
153
107
38
27
75
96
128
170
216
255
272
263
221
188
107
-19
-102
-196
-305
-439
-492
-508
-561
-562
-526
-474
-435
-361
-259
-200
-155
-114
-83
-71
-89
-116
-162
-200
-231
-254
-270
-286
-275
-284
-280
-237
-235
-263
-269
-272
-327
-415
-496
-604
-728
-861
-960
-1072
-1228
-1325
-1416
-1415
-1347
-1322
-1230
-1083
-868
-758
-588
-220
-24
61
253
572
710
682
907
1091
1044
1029
1173
1291
1150
1182
1347
1337
1296
1304
1346
1231
1132
1089
904
716
562
367
140
-15
-143
-369
-489
-496
-546
-632
-587
-428
-448
-435
-271
-150
-154
-147
-16
13
-19
11
59
76
45
92
132
166
238
283
354
444
533
565
607
708
715
660
636
634
538
394
340
264
97
-24
-81
-137
-238
-279
-256
-269
-262
-241
-191
-180
-200
-194
-232
-245
-289
-362
-399
-417
-432
-461
-429
-371
-352
-289
-210
-115
-48
18
118
182
222
251
284
274
243
193
149
108
79
27
5
-14
-28
-43
-47
-41
-87
-106
-140
-176
-241
-329
-414
-529
-662
-777
-916
-1023
-1119
-1191
-1212
-1234
-1140
-1055
-989
-872
-679
-481
-399
-160
118
239
349
589
821
828
866
1091
1149
1080
1121
1242
1208
1062
1136
1163
1062
966
950
887
716
638
517
345
180
18
-171
-340
-430
-567
-726
-750
-754
-803
-802
-671
-570
-571
-481
-332
-257
-241
-154
-37
-20
-1
76
144
146
156
230
270
292
327
365
419
455
483
467
465
478
422
370
338
287
176
106
79
-13
-116
-161
-167
-215
-253
-198
-151
-145
-100
-38
18
50
86
128
123
125
96
82
73
47
32
9
17
20
8
22
68
86
88
120
161
186
200
204
197
159
117
85
35
2
-37
-66
-135
-179
-204
-235
-259
-287
-307
-332
-349
-374
-399
-466
-523
-575
-671
-768
-852
-935
-1038
-1090
-1126
-1177
-1221
-1203
-1125
-1085
-1025
-890
-704
-601
-468
-207
-38
42
188
426
540
541
687
812
801
791
887
950
879
901
961
949
914
895
877
786
692
640
500
384
282
117
-44
-156
-250
-426
-538
-552
-574
-624
-579
-492
-472
-438
-328
-208
-154
-115
-30
30
86
129
180
226
227
262
300
336
398
425
454
517
576
602
596
630
630
585
563
541
489
393
343
284
208
146
82
72
50
58
56
75
89
113
106
112
115
80
42
28
-3
-85
-144
-196
-226
-282
-295
-290
-284
-266
-226
-163
-125
-84
-46
-34
-22
-10
-24
-50
-93
-128
-168
-192
-231
-278
-298
-327
-341
-349
-355
-399
-410
-407
-444
-455
-506
-559
-636
-697
-772
-852
-918
-981
-1030
-1061
-1049
-1049
-1027
-963
-861
-770
-633
-489
-315
-195
-47
155
300
428
539
709
831
906
1031
1129
1200
1234
1306
1373
1360
1353
1357
1351
1286
1220
1159
1015
886
753
588
431
253
101
-64
-172
-271
-386
-460
-506
-565
-597
-575
-540
-508
-482
-411
-355
-327
-288
-235
-176
-118
-90
-16
54
96
179
233
291
323
357
383
386
387
405
386
373
359
316
256
223
182
117
79
45
8
-27
-54
-67
-102
-133
-148
-167
-192
-205
-224
-250
-269
-306
-357
-384
-395
-403
-398
-381
-347
-342
-305
-277
-228
-210
-177
-116
-110
-94
-97
-69
-82
-66
-56
-39
-36
-19
13
21
41
32
61
44
43
22
10
-8
-39
-84
-157
-208
-279
-342
-397
-459
-508
-571
-619
-640
-665
-674
-684
-688
-670
-676
-644
-576
-523
-482
-427
-336
-224
-132
16
192
323
441
611
774
898
996
1070
1140
1182
1208
1214
1193
1139
1072
995
902
779
672
534
485
368
232
163
62
-42
-144
-235
-297
-390
-494
-532
-545
-568
-590
-573
-552
-560
-503
-411
-340
-246
-208
-104
20
135
221
305
363
391
407
409
444
394
386
354
370
338
301
307
267
219
162
151
140
115
17
16
-31
-82
-129
-189
-206
-302
-362
-350
-388
-426
-407
-397
-421
-434
-418
-388
-362
-294
-287
-252
-208
-188
-174
-145
-122
-147
-113
-119
-90
-48
3
50
64
85
138
149
209
238
255
279
279
290
286
274
261
236
171
160
100
59
-10
-49
-99
-176
-211
-244
-301
-353
-378
-381
-393
-435
-426
-447
-484
-477
-495
-510
-492
-474
-435
-396
-305
-223
-142
56
178
310
448
594
716
780
891
950
951
953
968
931
892
798
749
650
575
501
406
314
223
134
16
-43
-127
-215
-308
-359
-449
-537
-592
-627
-678
-718
-708
-694
-655
-629
-542
-446
-343
-219
-136
-21
55
135
201
262
278
296
315
313
309
307
299
286
295
259
286
270
317
292
285
285
267
242
187
169
114
60
35
11
-78
-93
-129
-166
-185
-165
-187
-226
-191
-225
-188
-185
-158
-136
-140
-135
-132
-128
-121
-100
-105
-76
-84
-41
-7
23
75
130
146
200
236
248
269
266
265
258
216
209
194
123
97
46
5
-24
-58
-68
-134
-165
-217
-250
-295
-309
-350
-404
-423
-454
-473
-504
-489
-535
-530
-547
-539
-530
-524
-466
-434
-382
-314
-234
-183
-89
26
162
208
323
452
505
558
646
705
668
708
699
673
588
564
526
448
358
285
229
122
56
-18
-78
-153
-209
-236
-295
-331
-363
-388
-434
-431
-456
-480
-452
-409
-378
-366
-281
-212
-150
-112
-8
77
117
164
243
245
270
299
288
288
277
275
222
227
185
171
156
155
146
118
135
111
120
115
129
105
94
34
48
27
-33
-25
-53
-88
-145
-134
-167
-178
-201
-206
-220
-188
-173
-180
-133
-155
-122
-97
-50
-34
-10
-49
6
41
58
128
111
163
172
201
264
275
323
332
316
320
317
302
301
253
211
156
98
51
-19
-74
-150
-190
-252
-273
-333
-359
-376
-403
-441
-453
-474
-483
-494
-477
-482
-478
-468
-428
-397
-371
-286
-249
-191
-93
6
91
185
257
408
465
512
580
623
626
610
626
591
515
443
415
333
226
187
136
51
-4
-47
-122
-163
-205
-262
-298
-327
-358
-406
-428
-435
-437
-432
-425
-436
-416
-388
-335
-305
-258
-206
-133
-43
-3
70
125
161
207
251
283
265
281
309
306
335
316
317
326
298
308
342
331
333
321
318
319
314
288
264
214
160
133
115
101
79
61
40
14
-3
-20
-61
-50
-90
-117
-118
-142
-124
-137
-79
-72
-57
-20
11
19
62
103
115
205
199
251
247
256
278
278
284
237
257
199
196
156
121
81
49
21
-72
-99
-183
-251
-342
-376
-461
-482
-550
-610
-605
-680
-649
-648
-644
-642
-631
-595
-568
-566
-505
-499
-462
-402
-380
-325
-245
-171
-118
-1
100
170
243
356
435
486
563
620
649
623
640
625
580
523
486
415
305
225
146
90
12
-29
-107
-167
-234
-264
-307
-328
-366
-419
-453
-497
-522
-540
-550
-557
-530
-517
-455
-399
-329
-268
-167
-90
-40
48
110
180
223
282
318
352
361
358
370
350
345
371
371
354
360
361
396
388
408
389
375
375
326
312
260
217
130
92
29
-41
-84
-118
-150
-196
-208
-212
-179
-177
-146
-103
-61
-29
13
56
79
107
130
160
174
195
203
233
246
275
293
308
323
332
354
354
366
306
271
245
177
110
22
-80
-171
-249
-323
-392
-474
-536
-602
-622
-635
-648
-649
-646
-654
-623
-561
-532
-485
-479
-456
-433
-398
-376
-329
-300
-278
-239
-177
-99
-32
58
131
222
300
381
464
507
520
549
590
556
512
482
448
359
334
320
231
178
129
117
38
4
-27
-51
-95
-102
-116
-196
-190
-231
-238
-262
-283
-286
-313
-323
-286
-237
-215
-133
-55
8
78
140
215
267
295
343
363
387
420
417
404
388
392
394
398
387
380
352
352
342
340
335
310
284
236
207
147
129
77
36
-20
-87
-144
-191
-188
-239
-252
-253
-261
-260
-219
-200
-180
-149
-150
-95
-91
-50
-32
-25
20
39
88
97
132
137
148
173
173
194
217
209
193
184
174
140
69
37
-38
-101
-126
-182
-228
-296
-352
-414
-461
-470
-513
-535
-546
-546
-523
-491
-456
-426
-382
-376
-343
-286
-276
-214
-210
-199
-139
-149
-118
-92
-68
-48
-49
0
44
56
145
183
220
295
290
300
266
288
268
209
190
125
77
28
-8
-40
-87
-119
-155
-178
-179
-176
-184
-192
-214
-213
-213
-218
-202
-188
-193
-210
-226
-211
-188
-165
-96
-55
-16
47
104
148
239
290
352
391
435
468
451
499
503
503
479
505
484
471
469
455
453
402
393
364
352
319
314
254
191
145
67
12
-46
-105
-175
-240
-292
-306
-323
-309
-300
-310
-304
-297
-277
-237
-195
-167
-137
-130
-112
-63
-29
1
40
66
103
104
132
140
163
204
180
188
147
132
111
99
76
38
-19
-88
-127
-159
-163
-173
-205
-274
-308
-326
-333
-321
-305
-278
-267
-225
-197
-168
-106
-91
-79
-61
-35
-19
-11
23
27
28
49
52
60
57
59
67
70
66
64
43
62
87
72
67
33
4
-47
-50
-45
-59
-97
-136
-185
-227
-225
-243
-241
-218
-244
-244
-188
-201
-157
-137
-147
-151
-136
-107
-86
-37
-22
-20
25
41
53
92
141
206
252
305
347
408
463
498
526
542
539
562
549
542
552
530
518
503
460
428
378
314
233
200
142
67
40
-29
-83
-135
-166
-225
-247
-311
-353
-363
-404
-400
-397
-360
-346
-325
-335
-322
-296
-275
-242
-230
-179
-155
-109
-81
-50
-24
-9
21
40
58
69
92
99
92
67
51
34
-20
-59
-94
-112
-122
-122
-143
-187
-190
-181
-177
-176
-156
-147
-125
-112
-85
-82
-59
-63
-58
-56
-48
13
31
71
96
118
114
138
157
126
143
171
193
213
205
200
191
183
169
128
89
48
16
-4
3
-6
-9
-41
-87
-92
-116
-105
-114
-148
-153
-176
-181
-158
-128
-139
-134
-127
-139
-145
-116
-102
-71
-29
-33
-18
14
53
97
154
166
159
187
205
261
326
361
380
380
381
377
405
413
414
408
383
353
335
284
232
199
162
121
79
30
-20
-66
-114
-169
-208
-232
-264
-287
-318
-315
-332
-326
-327
-324
-348
-354
-352
-344
-372
-363
-334
-333
-302
-289
-283
-282
-224
-247
-193
-164
-128
-76
-46
-1
0
18
-2
-12
-18
4
-32
-30
-15
-54
-9
-21
-23
-24
-38
-55
-55
-6
-3
43
62
63
66
74
68
81
86
113
139
147
188
191
247
245
256
253
259
268
261
234
225
220
176
204
182
175
136
121
88
73
67
40
29
0
2
-9
-5
-35
-79
-102
-143
-178
-173
-201
-231
-239
-281
-294
-267
-249
-254
-233
-215
-209
-180
-152
-103
-67
-19
-13
-6
19
14
46
87
100
135
176
163
178
170
178
215
261
291
300
335
324
297
289
254
216
178
127
130
108
64
32
6
-38
-77
-87
-120
-149
-162
-178
-169
-161
-165
-170
-189
-213
-228
-218
-229
-269
-261
-252
-222
-183
-194
-184
-157
-150
-126
-77
-65
-45
-14
28
45
46
59
27
11
36
21
30
51
20
26
3
-14
-13
-16
-28
-45
-53
-31
-23
-22
4
-18
-36
-42
-50
-30
-24
-28
-10
-13
5
25
71
82
103
99
83
114
109
137
128
129
102
81
74
59
99
86
87
74
76
57
61
83
49
19
12
17
26
51
49
50
15
-5
-11
11
1
15
18
-12
3
23
28
25
33
37
35
53
77
69
88
103
142
165
149
169
169
161
170
201
211
230
252
230
212
185
164
156
154
129
137
116
118
103
70
31
-13
-25
-78
-109
-152
-179
-197
-206
-240
-279
-313
-332
-346
-354
-358
-371
-346
-341
-312
-321
-321
-285
-285
-278
-251
-212
-186
-151
-128
-114
-115
-113
-97
-79
-61
-11
44
83
99
94
94
92
102
105
107
93
101
112
121
115
117
104
76
70
63
47
44
63
76
87
88
70
52
57
57
74
75
68
63
77
103
122
134
123
106
126
138
135
144
144
129
129
120
107
78
56
51
37
42
-8
-19
-22
-39
-55
-56
-93
-84
-67
-71
-71
-72
-68
-81
-88
-72
-53
-59
-29
-40
-31
-25
11
37
45
59
89
88
89
125
128
118
116
140
147
169
185
177
170
155
134
134
120
139
134
135
90
64
50
41
24
-3
-33
-49
-57
-99
-126
-149
-158
-183
-177
-235
-255
-272
-278
-260
-273
-263
-250
-248
-236
-222
-227
-206
-194
-182
-173
-160
-118
-118
-100
-90
-105
-83
-78
-38
-8
3
-11
-24
-7
-1
-2
19
28
40
45
29
52
28
23
29
2
8
0
2
13
20
14
10
14
35
33
58
66
34
34
20
25
34
58
69
59
38
40
60
60
63
68
72
53
65
68
66
75
77
97
87
88
57
29
18
30
11
-3
7
8
22
41
52
32
24
25
30
54
76
87
89
76
95
74
80
110
111
130
108
110
114
113
126
121
111
109
117
115
109
117
102
86
84
56
18
6
3
-8
-22
-24
-26
-48
-22
-30
-54
-73
-113
-132
-148
-159
-141
-140
-145
-131
-168
-188
-182
-173
-174
-198
-218
-224
-198
-165
-145
-189
-204
-202
-193
-164
-162
-145
-154
-140
-118
-90
-66
-34
-19
-43
-20
-1
10
38
65
76
85
105
103
104
115
133
135
153
164
151
157
156
145
158
148
137
129
122
130
139
122
106
91
76
74
60
95
72
81
69
50
39
10
23
20
27
28
26
18
28
24
17
19
1
16
3
14
-5
-3
-2
-34
-42
-75
-72
-80
-80
-92
-120
-135
-124
-109
-111
-129
-138
-143
-162
-134
-123
-135
-127
-146
-162
-146
-133
-124
-106
-93
-99
-96
-73
-67
-49
-42
-40
-20
-2
-4
21
50
54
71
82
79
60
77
61
87
126
125
108
116
128
111
116
96
93
96
90
77
77
72
54
56
49
15
-8
-17
-40
-27
-22
-56
-57
-67
-79
-64
-54
-52
-61
-102
-92
-80
-70
-54
-65
-60
-85
-65
-50
-28
-4
-16
-7
-5
15
10
23
57
40
43
35
47
38
16
17
-37
-37
-29
-16
-25
-54
-47
-64
-41
-57
-59
-72
-96
-67
-45
-35
-32
-21
-27
-28
-6
10
11
31
45
50
74
68
92
92
81
112
105
120
113
120
105
91
97
63
62
41
39
50
53
54
31
18
2
-22
-32
-30
-24
-25
-44
-41
-46
-83
-76
-98
-102
-87
-113
-99
-92
-89
-82
-74
-66
-83
-76
-56
-41
-21
-29
-30
-24
-34
-4
8
-19
9
16
22
27
43
60
51
66
53
52
46
44
59
64
59
47
45
32
26
26
20
19
3
0
3
12
21
21
16
3
3
-2
8
34
6
16
27
24
32
33
40
45
70
83
72
77
78
77
89
84
86
92
86
52
61
50
49
69
73
69
39
25
10
11
1
-4
-16
-19
-12
-23
-26
-57
-77
-96
-123
-128
-129
-118
-109
-99
-91
-84
-75
-61
-57
-55
-46
-17
-2
36
39
38
58
60
65
61
57
60
58
62
79
66
84
74
55
55
34
44
40
45
43
25
9
-2
-3
-21
-38
-58
-81
-89
-94
-86
-54
-71
-93
-88
-96
-87
-78
-80
-69
-61
-37
-25
-28
-8
-26
-22
-21
-18
1
13
17
40
41
42
71
70
90
73
77
84
79
83
53
47
23
27
29
11
22
-13
-21
-30
-29
-20
-33
-22
-32
-36
-24
-29
-25
-16
-38
-38
-34
-39
-47
-45
-30
-10
-1
-3
0
7
16
23
17
24
29
37
42
29
9
-9
-16
2
10
-3
-7
-19
-8
-8
-1
-1
-20
-14
-11
-11
-2
-14
-29
-43
-58
-68
-71
-80
-81
-72
-75
-80
-71
-70
-60
-53
-61
-30
-14
0
19
20
35
19
28
41
36
49
71
98
100
96
82
72
57
66
66
49
47
56
54
40
35
10
7
8
-5
-8
-24
-13
-11
-8
-11
-29
-34
-41
-32
-47
-50
-49
-36
-47
-48
-32
-44
-43
-51
-49
-45
-41
-30
-17
-20
-16
-19
-18
-10
-4
0
7
21
14
20
9
-1
15
27
13
8
13
3
-4
2
11
-8
-10
-6
-10
-3
-3
4
5
5
-9
3
16
11
18
21
26
19
25
33
37
44
44
41
41
39
43
48
44
38
32
23
19
26
29
14
-14
-17
-8
-4
-19
-14
-30
-38
-21
-34
-32
-36
-36
-42
-52
-50
-63
-61
-40
-45
-51
-47
-43
-34
-30
-40
-35
-19
-13
4
0
-5
9
11
12
20
21
30
38
56
61
54
49
48
60
60
64
69
78
66
59
