11
10
10
8
7
4
3
2
0
0
0
-2
-1
-2
-2
-1
0
1
2
1
1
1
-1
-3
-4
-5
-6
-7
-5
-2
2
5
10
15
18
23
24
25
24
22
17
15
12
6
1
-2
-7
-12
-16
-17
-20
-21
-22
-21
-19
-17
-13
-9
-7
-5
-2
-1
4
8
10
13
16
20
22
24
25
25
22
18
13
10
5
1
-2
-6
-8
-9
-11
-11
-11
-11
-11
-9
-7
-5
-1
1
3
7
8
10
12
13
14
15
16
18
19
20
22
24
21
16
10
5
-2
-9
-15
-22
-30
-36
-41
-45
-47
-47
-45
-41
-37
-31
-26
-19
-11
-4
3
10
15
20
22
25
26
26
26
25
22
19
16
13
9
5
2
-5
-10
-14
-17
-21
-24
-26
-28
-29
-30
-29
-27
-24
-20
-15
-9
-1
6
13
20
26
31
36
38
38
38
37
35
31
27
22
16
8
-1
-9
-18
-28
-36
-41
-46
-48
-48
-48
-43
-40
-35
-28
-21
-13
-7
0
8
16
28
37
43
47
50
52
52
49
46
43
37
32
26
19
11
5
-1
-8
-13
-18
-22
-27
-29
-30
-30
-30
-26
-23
-19
-14
-9
-4
3
11
17
24
30
35
40
42
43
41
38
33
26
17
7
-3
-15
-25
-36
-45
-54
-61
-66
-70
-72
-73
-69
-61
-55
-44
-35
-25
-14
-1
10
19
28
37
44
51
53
57
58
57
52
48
42
36
28
21
12
5
-3
-10
-16
-22
-26
-30
-36
-38
-38
-38
-35
-30
-26
-21
-13
-8
-3
5
12
18
22
25
28
32
32
30
28
23
14
5
-6
-18
-27
-37
-46
-52
-56
-57
-56
-56
-52
-47
-39
-31
-20
-9
2
14
26
36
46
53
60
63
64
63
60
55
51
47
41
35
29
21
14
7
-1
-7
-12
-16
-20
-23
-26
-27
-27
-28
-28
-27
-25
-22
-19
-16
-10
-3
3
9
16
22
26
28
28
27
26
24
19
13
5
-3
-11
-18
-25
-29
-34
-36
-38
-36
-32
-27
-22
-16
-8
0
7
13
18
23
26
26
25
25
23
20
18
16
13
10
9
5
4
2
1
-1
-4
-5
-6
-8
-13
-18
-21
-25
-27
-30
-32
-32
-32
-30
-29
-24
-17
-10
-4
3
9
15
23
27
31
33
33
30
27
25
21
15
9
1
-6
-11
-15
-19
-21
-23
-24
-24
-24
-23
-21
-17
-12
-7
-4
0
4
7
11
15
18
19
20
21
23
24
26
26
25
22
21
18
14
11
7
0
-5
-8
-12
-15
-19
-23
-28
-32
-36
-36
-33
-31
-28
-25
-21
-15
-9
-4
2
7
9
11
12
8
5
1
-7
-11
-21
-31
-39
-46
-49
-54
-55
-54
-53
-48
-40
-27
-12
3
18
31
43
56
68
80
90
98
100
102
105
105
104
101
95
87
80
72
63
55
45
34
23
9
-7
-19
-33
-43
-54
-65
-75
-82
-85
-85
-80
-74
-70
-62
-56
-47
-39
-29
-20
-13
-6
-7
-12
-16
-19
-21
-27
-37
-50
-63
-69
-71
-71
-71
-69
-67
-58
-48
-35
-23
-9
4
19
33
47
58
70
82
92
97
98
100
102
108
113
114
109
103
98
90
82
72
62
52
40
26
11
-4
-14
-20
-23
-27
-32
-35
-32
-21
-9
-2
2
5
15
27
39
44
44
43
40
35
28
17
4
-9
-20
-37
-58
-75
-89
-98
-106
-120
-135
-148
-154
-156
-154
-153
-150
-143
-135
-126
-117
-109
-93
-74
-52
-34
-21
-7
12
35
54
64
69
72
79
90
96
94
88
78
69
60
49
37
26
17
8
-4
-18
-29
-34
-31
-26
-26
-26
-21
-9
7
23
40
56
74
92
111
127
142
157
171
180
182
179
176
177
175
168
152
130
112
101
91
81
64
45
28
14
4
-6
-16
-28
-37
-43
-50
-58
-67
-73
-80
-86
-96
-104
-112
-117
-119
-120
-125
-133
-141
-151
-161
-173
-188
-202
-214
-224
-234
-241
-252
-258
-264
-268
-267
-261
-248
-231
-205
-172
-134
-97
-68
-48
-27
-4
28
63
92
108
112
120
133
147
148
135
115
103
108
123
131
123
106
92
86
82
78
67
55
48
50
51
46
37
33
34
35
35
41
55
80
112
140
159
173
192
215
238
252
263
277
293
305
306
289
268
255
253
249
231
205
188
185
190
182
156
119
88
76
76
65
40
12
-9
-26
-46
-78
-117
-148
-165
-169
-177
-193
-212
-219
-218
-224
-237
-259
-277
-282
-280
-284
-299
-317
-328
-339
-360
-396
-433
-444
-432
-411
-401
-409
-411
-379
-321
-266
-241
-239
-225
-172
-87
-5
39
46
50
78
123
154
159
151
152
173
203
218
204
177
156
147
135
112
87
75
72
69
59
32
0
-19
-26
-32
-37
-33
-8
31
68
89
102
118
150
198
240
265
284
312
348
378
389
376
348
323
308
295
277
256
237
220
194
154
112
80
63
55
43
17
-9
-22
-18
-14
-29
-61
-91
-102
-91
-68
-52
-50
-53
-47
-33
-17
-4
5
18
35
51
67
80
83
82
78
62
36
11
-11
-33
-57
-91
-132
-170
-206
-240
-272
-314
-350
-374
-387
-401
-420
-443
-468
-488
-498
-499
-495
-488
-476
-456
-425
-378
-322
-269
-235
-208
-170
-107
-27
54
115
147
179
206
244
266
267
254
237
234
235
237
209
160
112
73
33
-7
-45
-62
-72
-78
-84
-93
-101
-99
-76
-54
-46
-36
-7
40
95
144
174
185
195
214
249
282
305
331
356
376
404
430
436
421
395
363
345
324
312
299
277
253
224
204
176
144
114
92
93
105
123
130
117
99
87
96
113
131
133
126
121
131
138
133
121
110
101
71
57
44
31
5
-17
-28
-48
-93
-147
-197
-251
-297
-341
-370
-412
-476
-554
-627
-681
-724
-764
-808
-843
-838
-790
-715
-646
-618
-621
-606
-555
-449
-317
-198
-125
-65
14
92
134
151
183
223
274
339
388
381
337
301
286
250
193
139
99
57
31
13
-10
-46
-95
-135
-184
-209
-204
-159
-113
-74
-42
-36
-4
39
106
176
217
264
318
393
459
513
535
519
505
494
492
467
429
415
415
403
361
297
234
172
121
102
100
97
97
97
80
48
23
9
12
24
59
91
101
106
129
159
156
158
153
161
163
169
179
179
176
171
148
111
62
19
-13
-54
-86
-120
-163
-211
-267
-312
-346
-374
-386
-391
-398
-409
-415
-408
-399
-405
-411
-431
-452
-464
-460
-444
-435
-433
-449
-465
-483
-486
-475
-461
-438
-405
-361
-312
-269
-231
-203
-161
-119
-50
22
79
111
146
180
205
230
257
275
285
302
320
334
319
300
259
212
159
110
77
43
5
-34
-59
-85
-112
-131
-121
-103
-97
-78
-46
-10
39
79
123
176
243
302
354
395
439
495
524
549
567
572
548
504
469
460
452
431
394
335
276
228
192
153
94
26
-15
-56
-87
-114
-130
-162
-211
-246
-248
-231
-226
-211
-203
-190
-170
-148
-148
-143
-110
-70
-38
-28
-29
-30
-42
-69
-88
-105
-129
-175
-225
-261
-306
-355
-400
-434
-477
-523
-574
-626
-652
-672
-685
-715
-736
-757
-765
-776
-779
-742
-708
-656
-605
-517
-435
-365
-306
-240
-154
-50
55
151
244
316
378
439
506
564
610
630
650
673
690
684
646
594
531
463
392
342
296
266
238
206
180
173
169
155
149
144
152
166
190
234
280
299
304
304
318
343
380
423
474
520
543
543
525
515
491
476
477
462
433
403
382
356
317
263
208
159
108
67
29
16
12
8
-6
-32
-66
-93
-88
-71
-32
-16
-11
-31
-39
-39
-41
-53
-71
-65
-70
-49
-43
-35
-53
-68
-92
-109
-120
-138
-136
-150
-172
-212
-241
-268
-312
-367
-413
-460
-512
-546
-587
-633
-675
-713
-744
-805
-863
-878
-875
-882
-880
-876
-884
-903
-903
-881
-847
-782
-693
-575
-485
-413
-368
-306
-217
-82
71
195
273
333
431
527
595
619
645
668
704
731
747
713
630
557
495
436
347
258
176
119
73
54
16
-30
-64
-64
-50
-67
-71
-53
-3
69
133
180
221
255
306
368
401
412
438
502
561
583
586
564
547
542
533
525
489
453
430
417
389
333
268
218
178
138
134
98
59
11
13
38
37
17
-18
-32
-42
-9
33
73
68
47
15
3
29
43
53
20
-7
-29
-31
-53
-62
-45
-28
-14
-51
-69
-73
-68
-75
-91
-103
-139
-173
-198
-226
-275
-317
-368
-398
-430
-466
-504
-560
-615
-666
-682
-703
-733
-772
-787
-817
-870
-928
-989
-1025
-1037
-1003
-982
-932
-816
-654
-572
-576
-569
-504
-362
-174
55
180
210
241
378
522
565
552
529
538
601
750
831
774
620
512
449
377
296
214
149
73
61
64
46
-23
-46
-30
-57
-98
-100
-2
100
181
228
262
268
277
338
408
446
458
524
622
702
703
667
619
552
509
503
490
422
371
354
377
365
304
222
131
75
30
50
70
97
107
118
83
50
25
6
0
-16
12
58
120
126
100
38
1
-44
-77
-93
-98
-80
-73
-57
-66
-83
-111
-126
-176
-202
-178
-128
-93
-86
-94
-135
-196
-246
-253
-231
-232
-260
-289
-307
-323
-346
-369
-391
-403
-426
-440
-456
-467
-476
-474
-475
-498
-542
-586
-628
-678
-706
-724
-744
-784
-807
-820
-796
-686
-507
-366
-382
-452
-445
-324
-149
67
217
237
208
289
472
579
575
569
617
672
778
904
924
816
734
728
683
560
445
394
335
297
285
258
162
66
56
50
-20
-103
-56
72
177
190
178
183
180
206
285
369
355
346
441
564
589
536
479
441
401
375
371
349
300
302
364
342
228
118
66
39
0
-17
-9
1
-11
-9
-8
-82
-171
-180
-144
-157
-203
-181
-125
-101
-125
-150
-172
-211
-231
-203
-153
-132
-142
-126
-106
-103
-106
-109
-94
-88
-76
-55
-62
-100
-121
-106
-125
-173
-197
-166
-140
-123
-137
-173
-207
-232
-235
-219
-224
-248
-244
-255
-282
-331
-368
-402
-488
-587
-674
-743
-820
-890
-916
-943
-999
-1072
-1109
-1058
-896
-657
-537
-583
-634
-569
-418
-214
24
185
246
315
529
731
813
815
841
879
918
1048
1205
1221
1091
1031
1019
917
682
516
460
383
288
224
181
68
-38
-60
-81
-175
-238
-145
15
89
71
81
134
160
179
275
390
390
383
477
612
626
545
520
515
462
359
299
252
177
157
192
173
39
-94
-165
-235
-319
-397
-350
-270
-235
-241
-229
-223
-269
-279
-234
-198
-224
-196
-117
16
80
90
110
116
134
136
168
182
205
213
236
233
202
185
180
217
172
113
72
35
-12
-19
-5
-37
-89
-15
13
-57
-48
-129
-196
-194
-216
-336
-432
-434
-566
-683
-701
-702
-712
-773
-843
-905
-979
-1079
-1153
-1238
-1276
-1300
-1321
-1339
-1375
-1181
-644
155
636
723
720
812
953
1123
1353
1307
1155
1036
1010
915
638
416
230
64
-58
-94
-157
-350
-553
-583
-620
-744
-810
-733
-581
-559
-510
-374
-210
-119
39
278
452
559
712
966
1158
1241
1230
1193
1115
966
840
723
631
519
457
455
424
290
52
-127
-271
-400
-509
-530
-490
-451
-451
-423
-321
-357
-144
114
361
429
508
694
734
870
859
744
544
399
264
195
118
47
2
-69
-137
-198
-246
-293
-274
-254
-200
-200
-131
-95
-133
-129
-201
-179
-185
-130
-46
-1
26
23
-10
-16
-9
-25
-18
-36
-2
0
-34
-90
-195
-319
-405
-476
-492
-495
-554
-573
-599
-611
-667
-750
-789
-894
-928
-972
-1070
-1114
-1204
-1265
-1431
-1441
-1528
-1624
-1679
-1443
-441
899
1888
1841
1514
1300
1293
1437
1576
1364
781
453
338
6
-456
-645
-700
-711
-493
-77
85
-29
-30
-13
-113
-207
-23
177
241
168
42
-96
-152
-76
69
251
385
572
788
1068
1286
1356
1242
1070
928
728
499
339
292
247
102
-19
-109
-212
-351
-453
-522
-570
-540
-395
-234
-201
-231
-234
-118
32
409
686
889
869
828
845
745
816
537
408
256
258
192
69
55
-63
-127
-163
-63
5
66
137
217
186
139
58
35
-47
-125
-173
-247
-132
-120
-67
-108
-103
-57
-74
-26
3
62
31
-15
-47
-42
-108
-134
-186
-230
-274
-331
-372
-407
-436
-486
-559
-639
-765
-869
-947
-978
-1034
-1164
-1286
-1443
-1528
-1644
-1703
-1698
-1685
-1680
-1776
-1468
-192
1514
2408
2040
1525
1390
1395
1566
1605
1101
233
-27
1
-451
-920
-920
-679
-616
-202
289
247
31
54
162
0
-72
136
228
231
176
-53
-340
-413
-187
26
277
575
819
1032
1340
1599
1591
1355
1159
1050
825
511
285
226
134
-35
-199
-242
-237
-325
-388
-356
-282
-251
-134
63
193
117
60
95
123
200
320
400
448
694
837
786
542
378
244
233
259
68
-119
-235
-263
-382
-499
-483
-283
-56
126
225
243
218
134
71
-29
-48
-16
55
95
101
-2
-126
-152
-160
-121
-118
1
159
229
192
147
76
-2
-120
-175
-205
-292
-392
-578
-663
-772
-899
-1002
-990
-916
-925
-995
-1154
-1306
-1519
-1586
-1695
-1822
-1950
-2041
-1883
-1775
-1733
-1835
-1054
916
2542
2644
1737
1427
1377
1515
1840
1525
507
-263
-72
-312
-1007
-1119
-740
-424
-124
538
643
228
246
485
432
231
376
484
284
206
10
-437
-698
-479
-84
137
438
736
959
1185
1507
1676
1495
1241
1150
1080
746
305
-18
-209
-380
-528
-560
-503
-488
-510
-453
-340
-296
-263
-127
108
189
218
282
359
382
406
581
551
643
603
652
545
521
558
451
608
573
505
171
75
22
-25
37
91
157
166
201
117
-26
-128
-144
-175
-137
-108
-31
-75
-91
-123
-249
-264
-288
-139
-88
-4
13
-60
-136
-220
-186
-186
-153
-123
-71
-140
-278
-457
-663
-820
-903
-857
-853
-803
-881
-966
-1175
-1417
-1514
-1638
-1662
-1780
-1804
-1884
-1905
-1871
-1833
-1583
-262
1793
2953
2534
1631
1467
1477
1724
1773
1148
41
-453
-352
-944
-1449
-1279
-750
-530
-111
424
225
-26
141
362
253
296
581
546
365
237
-165
-615
-691
-369
-28
347
854
1142
1277
1422
1630
1674
1453
1243
1180
1197
905
373
-76
-361
-597
-773
-684
-503
-473
-520
-421
-324
-311
-289
-188
-30
137
406
551
557
446
353
255
314
494
557
522
465
666
627
616
431
428
341
255
149
-94
-66
-29
230
163
96
34
107
114
7
-51
-43
65
113
71
-84
-177
-286
-241
-217
-136
-126
-64
49
85
27
-213
-225
-162
-22
3
-26
-76
-211
-414
-627
-850
-1028
-1030
-962
-839
-1013
-1216
-1374
-1391
-1475
-1667
-1808
-1910
-1845
-1803
-1798
-1939
-1958
-1655
-53
2194
3211
2322
1313
1465
1718
2097
2179
1442
123
-202
-99
-1017
-1587
-1078
-323
-165
290
622
139
-179
99
188
-36
250
675
628
441
271
-341
-897
-911
-550
-193
291
803
1072
1243
1253
1237
1313
1428
1340
1268
1285
1055
592
133
-273
-708
-851
-667
-449
-386
-382
-378
-403
-378
-328
-246
-133
97
477
742
686
453
292
205
174
242
208
277
532
750
821
565
386
91
30
180
107
58
48
199
123
-28
-199
-295
-183
33
200
167
109
95
32
-100
-285
-357
-328
-273
-214
-291
-365
-474
-542
-450
-368
-281
-206
-72
22
18
-66
-154
-242
-311
-442
-681
-779
-874
-960
-1114
-1214
-1299
-1356
-1406
-1465
-1580
-1700
-1797
-1832
-1827
-1740
-1690
-1212
757
2790
3179
1660
878
1200
1637
2381
2318
1405
94
28
-277
-1396
-1613
-927
-160
151
761
624
-109
-308
-121
-156
-80
545
973
835
614
188
-622
-956
-731
-230
127
577
934
1054
1165
1106
1078
1098
1259
1301
1447
1455
1071
581
203
-115
-585
-756
-558
-319
-363
-521
-613
-729
-754
-743
-557
-411
-85
316
578
508
249
146
231
717
678
463
137
387
529
398
260
-173
-329
-302
-49
-231
-346
-214
64
247
310
311
259
314
372
335
197
174
191
228
98
38
-102
-272
-305
-374
-360
-422
-293
-88
45
-12
-82
-78
-105
-217
-372
-424
-510
-536
-554
-581
-732
-997
-1245
-1374
-1475
-1580
-1573
-1511
-1398
-1480
-1668
-1921
-1936
-1917
-1631
-1466
-311
1892
3192
2539
747
545
825
1671
2438
2222
1095
105
190
-747
-1616
-1419
-536
-77
243
698
175
-398
-343
-189
-305
-10
663
793
408
231
-237
-743
-703
-155
443
695
938
925
913
870
905
1150
1377
1478
1479
1508
1199
753
500
453
332
73
-97
-197
-257
-394
-604
-812
-769
-512
-274
-201
-218
-202
-80
120
302
520
847
1169
1221
1001
662
469
372
330
273
139
-48
-228
-317
-431
-561
-583
-412
-161
33
173
229
253
248
165
-22
-205
-236
-144
-122
-171
-223
-255
-339
-428
-461
-516
-538
-491
-271
-43
94
92
2
-103
-205
-355
-555
-605
-564
-538
-677
-901
-1108
-1314
-1399
-1519
-1511
-1473
-1453
-1347
-1442
-1590
-1868
-1838
-1620
-1440
-994
561
2544
2888
1558
462
771
1359
2276
2616
1732
308
-124
-220
-1085
-1195
-470
110
58
145
-140
-939
-962
-308
137
332
823
969
466
-15
-221
-648
-627
148
1022
1354
1118
809
521
653
963
1335
1673
1836
1744
1449
949
348
121
329
576
591
434
143
-285
-747
-1079
-1200
-1043
-713
-332
-101
-220
-524
-734
-607
-331
-66
208
622
1229
1464
1212
717
489
552
757
953
761
350
-32
-285
-589
-777
-653
-342
-39
82
40
-108
-93
136
362
357
234
191
169
24
-230
-425
-469
-303
-174
-204
-425
-615
-618
-492
-313
-106
158
361
387
221
-110
-471
-619
-576
-521
-597
-731
-955
-1257
-1536
-1790
-1833
-1701
-1472
-1430
-1673
-1809
-2055
-2108
-2057
-1698
-1214
502
2430
2510
860
-150
681
1571
2810
2874
1500
-244
-380
-137
-982
-880
-63
396
-3
-225
-826
-1701
-1363
-262
433
646
900
718
69
-253
-194
-353
-45
698
1329
1246
648
207
60
601
1259
1835
1988
1731
1327
1003
679
360
534
944
1128
929
549
79
-294
-446
-487
-443
-260
-67
-75
-148
-372
-548
-444
5
402
483
546
655
1097
1229
1194
927
862
1112
1183
1186
506
-72
-400
-432
-414
-607
-652
-712
-549
-461
-580
-640
-449
24
315
244
44
-202
-187
-158
-147
-235
-333
-175
-217
-332
-615
-794
-700
-377
-28
36
-13
-117
-70
-50
-89
-179
-236
-266
-439
-691
-1010
-1257
-1340
-1418
-1506
-1599
-1549
-1579
-1681
-1796
-2018
-2113
-2051
-1624
-1424
-1274
-86
1720
2414
1142
125
879
2057
3336
3669
2465
286
-331
442
108
-29
541
847
0
-694
-992
-1754
-1474
-231
618
456
201
-92
-759
-810
-152
124
268
796
1075
642
-22
-91
132
802
1486
1808
1685
1160
667
533
736
871
1001
1161
1075
676
133
-339
-451
-265
-168
-283
-515
-678
-863
-976
-947
-1004
-888
-545
-191
-278
-362
-245
191
499
816
1159
1038
1013
697
826
597
564
575
208
-105
-524
-477
-625
-491
-235
-197
-154
-111
140
279
262
320
330
347
351
241
248
113
130
-77
-291
-397
-593
-498
-439
-197
-174
-207
-274
-258
-227
-250
-313
-244
-162
-279
-538
-894
-1106
-1234
-1315
-1433
-1499
-1595
-1593
-1618
-1658
-1790
-1965
-1947
-1802
-1423
-1209
-447
1225
1998
1140
-108
685
1853
2763
3227
2148
393
-387
648
738
389
647
421
-499
-1224
-1155
-1380
-1169
-196
178
-303
-765
-940
-981
-612
218
554
446
626
642
514
356
609
1042
1540
1909
1812
1475
1066
859
1007
1288
1301
1219
1140
977
661
338
131
23
134
29
-267
-507
-637
-694
-701
-597
-795
-928
-725
-311
-89
67
376
598
808
826
919
864
1071
1189
970
667
319
268
132
87
-115
-456
-633
-707
-581
-527
-458
-281
-99
-71
-201
-311
-232
-105
-7
-82
-148
-180
-263
-344
-479
-504
-567
-565
-527
-475
-433
-466
-447
-380
-336
-396
-459
-439
-400
-481
-598
-658
-724
-819
-1135
-1278
-1441
-1533
-1620
-1620
-1461
-1660
-1670
-1774
-1550
-1367
-442
1223
1633
731
-247
980
2140
3102
3319
2057
246
-151
1419
1659
1464
1413
921
-305
-986
-734
-673
-282
303
136
-811
-1263
-1203
-815
-309
372
225
-234
-119
214
654
761
1025
1029
1253
1431
1494
1494
1311
1132
1140
1208
852
595
700
889
716
399
36
-232
-363
-475
-517
-489
-606
-902
-1084
-1092
-1168
-1168
-910
-535
-444
-402
-361
-89
761
1146
1212
666
958
1280
1456
1591
919
567
181
390
289
-51
-144
-380
-367
-561
-790
-756
-495
-98
27
-179
-307
-392
-94
47
24
-55
-216
-95
-151
-126
-299
-424
-352
-269
-284
-372
-388
-238
-142
-87
-188
-435
-442
-464
-480
-611
-755
-809
-940
-1082
-1430
-1678
-1808
-1866
-1913
-1945
-1885
-1886
-1867
-1363
238
1030
400
-668
179
1571
2367
3023
2197
710
-71
1306
2016
1540
1483
1000
167
-488
-198
-164
-230
123
-159
-1061
-1474
-1159
-662
-348
-186
-477
-1032
-702
-51
669
930
911
847
823
1158
1514
2065
2287
1869
1425
1260
1079
964
1138
1348
1166
695
173
-166
-34
-4
-377
-765
-960
-1068
-1148
-1122
-1025
-1103
-1101
-1217
-1198
-1085
-645
-244
303
898
771
601
486
1433
1813
2046
1642
748
442
446
891
652
380
8
-473
-725
-887
-779
-525
-376
-404
-600
-701
-515
-298
25
-51
-206
-454
-500
-161
53
89
-245
-432
-470
-344
-202
-57
-35
-111
-340
-356
-259
-211
-183
-375
-512
-832
-978
-1056
-962
-1056
-1261
-1496
-1753
-1788
-1926
-1679
-1710
-1587
-1678
-671
514
312
-525
-529
1153
1812
2347
1930
791
200
1161
2582
2060
1642
1365
859
247
308
621
417
217
-92
-700
-1107
-847
-491
-300
-469
-809
-1379
-1255
-379
411
673
437
216
186
604
1185
1749
1941
1696
1342
1454
1691
1689
1611
1437
1087
619
382
431
637
685
277
-449
-933
-1097
-942
-798
-871
-1171
-1450
-1371
-1150
-610
-445
-336
-362
-288
13
280
898
983
1308
1319
1153
1014
951
1073
878
658
306
-1
-74
-73
-253
-509
-862
-1063
-1125
-1029
-811
-720
-628
-623
-474
-364
-221
-98
-50
-5
-10
-46
-43
0
21
61
6
5
-172
-215
-240
-211
-180
-455
-728
-802
-713
-717
-964
-1276
-1541
-1752
-1786
-1953
-1962
-1922
-1839
-1943
-2000
-1918
-1170
22
70
-560
-916
571
1713
2362
2338
1318
662
999
2621
2722
2143
1703
1252
1015
996
1284
1011
594
83
-602
-958
-688
-445
-436
-746
-1134
-1553
-1620
-914
-274
1
-317
-543
-284
351
940
1321
1425
1220
927
1134
1745
2035
2045
1834
1584
1283
1178
1311
1405
1276
732
56
-310
-304
-217
-245
-580
-1121
-1648
-1790
-1609
-1525
-1274
-1459
-1455
-1470
-1061
-464
-307
139
27
247
343
674
1199
1324
1455
1081
821
699
680
778
637
333
18
-287
-312
-268
-204
-242
-505
-593
-612
-325
-79
-43
-129
-263
-175
-46
74
117
40
-72
-158
-135
54
74
12
-73
-179
-288
-552
-586
-438
-463
-658
-1001
-1177
-1191
-1266
-1344
-1777
-2067
-2055
-1971
-1808
-1894
-1731
-1171
-248
-118
-703
-708
567
1571
1906
1680
967
663
1331
2604
2416
1624
1038
716
707
816
941
487
128
-275
-806
-995
-681
-433
-585
-917
-1256
-1413
-1156
-391
60
7
-363
-393
152
790
1159
1237
1221
1095
1072
1519
1978
2038
1862
1709
1574
1463
1492
1549
1636
1520
981
348
245
444
449
189
-275
-750
-1079
-974
-912
-957
-1307
-1350
-1351
-1070
-637
-642
-435
-532
168
259
417
638
723
1120
1117
1318
1100
932
996
986
993
787
474
342
244
138
-101
-424
-537
-719
-748
-932
-1031
-1122
-1266
-1178
-1112
-1011
-1050
-988
-873
-796
-703
-513
-319
-155
-69
41
145
14
-138
-225
-160
-125
-303
-388
-517
-731
-1017
-1236
-1410
-1672
-1970
-1950
-2088
-2019
-2048
-1483
-626
-678
-1078
-1259
99
786
1195
1148
602
438
1051
2397
2296
1717
1285
1100
1098
1227
1257
909
649
268
-228
-495
-207
-195
-383
-684
-978
-1157
-920
-179
164
28
-378
-371
94
661
966
1106
1174
1098
1027
1368
1835
1837
1527
1304
1159
1032
949
996
1075
907
359
-180
-168
75
47
-218
-577
-921
-1021
-830
-605
-748
-922
-1239
-1231
-1010
-712
-499
-535
-320
-273
-83
253
588
784
676
633
674
723
809
841
950
937
682
462
409
472
397
116
-177
-326
-289
-275
-318
-437
-660
-819
-788
-604
-558
-598
-611
-665
-747
-738
-595
-380
-290
-181
-81
-4
78
90
157
201
147
-7
-107
-149
-243
-522
-756
-921
-1117
-1364
-1653
-1743
-1920
-2003
-2169
-1704
-1126
-1256
-1725
-1824
-651
-2
494
371
-58
-127
606
1862
1948
1654
1310
1242
1496
1791
1842
1510
1258
898
365
249
557
600
244
-241
-599
-838
-738
-293
-71
-253
-707
-857
-452
163
534
572
397
331
412
871
1306
1408
1326
1214
1204
1226
1343
1544
1709
1490
975
515
515
613
503
256
-166
-484
-682
-581
-575
-678
-896
-1077
-960
-933
-786
-850
-622
-539
-439
-305
-308
-23
155
437
390
303
338
437
710
755
579
313
96
71
62
23
-96
-228
-276
-233
-170
-190
-320
-349
-270
-187
-185
-236
-183
-119
-96
-156
-260
-274
-214
-130
-157
-275
-282
-220
-162
-271
-427
-536
-520
-600
-707
-833
-870
-942
-1056
-1130
-1281
-1369
-1525
-1615
-1645
-1582
-1444
-793
-493
-588
-1016
-612
123
374
702
436
139
-129
555
1407
1603
1459
981
861
1150
1447
1456
1235
1098
642
277
386
559
377
9
-186
-410
-666
-735
-420
-36
57
-215
-385
-187
35
130
240
354
285
173
462
895
1220
1266
1229
1236
1261
1284
1370
1515
1489
1274
973
858
710
517
285
73
-182
-509
-782
-943
-950
-1030
-1034
-1191
-1302
-1344
-1275
-1007
-941
-656
-603
-489
-328
-126
179
275
435
511
602
699
761
910
1047
1061
926
706
498
361
308
264
99
-82
-233
-272
-182
-166
-254
-418
-423
-374
-404
-476
-489
-396
-306
-319
-399
-460
-442
-395
-347
-271
-196
-150
-102
-91
-127
-219
-360
-476
-655
-863
-1026
-1114
-1141
-1198
-1254
-1272
-1323
-1380
-1380
-1015
-787
-769
-923
-757
-461
-236
119
281
273
23
54
318
634
812
798
834
852
701
577
705
879
665
359
323
397
307
181
255
401
401
242
192
356
573
593
612
665
629
485
460
601
581
405
230
219
285
404
495
495
483
460
488
516
598
606
509
425
380
334
189
54
-73
-165
-307
-505
-588
-509
-329
-225
-163
-176
-253
-317
-314
-264
-258
-298
-248
-91
32
34
-8
76
178
216
215
257
321
327
323
386
468
453
351
319
382
404
334
227
213
210
185
135
43
-5
-66
-142
-201
-267
-343
-438
-405
-310
-264
-225
-209
-117
-43
-18
2
35
78
-3
-113
-207
-305
-445
-640
-805
-969
-1173
-1422
-1583
-1627
-1622
-1643
-1606
-1403
-1239
-1218
-1202
-938
-686
-561
-365
-103
-7
-118
-45
234
469
475
505
755
965
941
892
1060
1124
927
778
852
939
790
563
499
558
549
488
567
679
568
363
380
497
454
265
217
363
504
548
495
455
397
323
241
250
335
294
155
99
164
131
-2
-121
-179
-284
-461
-578
-564
-421
-331
-297
-262
-177
-95
-25
136
243
209
41
-33
65
177
143
-1
-97
-182
-291
-384
-303
-120
-74
-137
-159
-22
91
109
177
296
390
282
165
213
326
314
244
238
191
99
20
67
136
134
75
97
179
170
42
-78
-85
-115
-231
-292
-173
-31
-61
-200
-327
-361
-400
-474
-544
-572
-604
-723
-758
-740
-779
-1003
-1260
-1361
-1355
-1355
-1341
-1185
-1021
-989
-1026
-927
-815
-771
-624
-358
-199
-221
-136
138
473
673
801
963
1085
1114
1131
1307
1368
1208
1090
1164
1205
1024
784
597
476
330
186
100
97
43
-56
-55
13
27
-34
-39
44
158
252
284
285
299
371
408
358
282
248
261
277
318
333
318
306
269
198
92
-25
-163
-240
-244
-176
-144
-169
-221
-281
-235
-195
-198
-254
-235
-182
-129
-65
-6
100
126
103
50
80
123
112
127
157
212
195
154
117
117
140
124
52
-5
-10
14
84
165
236
254
252
255
262
290
292
287
308
307
271
226
192
104
-43
-203
-359
-489
-546
-557
-570
-571
-639
-765
-847
-843
-847
-895
-912
-921
-911
-929
-965
-969
-1014
-1092
-1180
-1158
-1053
-967
-871
-715
-537
-478
-412
-237
-54
-116
-217
-78
234
455
460
527
666
710
660
781
1010
1048
940
953
1117
1197
1177
1118
1104
1017
822
652
576
559
427
311
313
331
257
151
154
172
100
-19
-25
62
190
262
311
356
352
286
179
225
330
349
262
221
278
309
201
19
-124
-272
-384
-451
-409
-357
-361
-374
-362
-331
-334
-313
-241
-102
-5
45
131
252
356
386
379
344
270
143
41
8
23
2
-56
-56
-35
-68
-171
-272
-335
-403
-428
-372
-282
-254
-281
-285
-217
-165
-167
-129
-46
60
114
161
250
292
245
152
103
42
-85
-239
-326
-333
-364
-446
-561
-642
-707
-804
-883
-943
-977
-1038
-1016
-950
-901
-890
-922
-909
-917
-852
-717
-533
-388
-300
-218
-154
-48
67
135
104
78
132
243
334
393
517
683
800
835
964
1132
1125
1044
1122
1330
1385
1280
1156
1137
1071
907
742
623
500
277
126
138
195
130
16
12
46
-33
-162
-195
-183
-224
-279
-237
-138
-94
-122
-149
-67
64
123
160
217
266
268
223
196
161
83
-38
-144
-185
-229
-305
-313
-233
-214
-296
-374
-375
-322
-266
-222
-166
-125
-122
-86
16
118
121
55
44
76
80
71
97
135
138
126
91
37
-22
-76
-119
-159
-200
-228
-176
-58
41
77
109
122
98
88
122
212
288
311
307
291
241
149
17
-116
-232
-344
-436
-460
-459
-465
-498
-541
-586
-662
-751
-838
-905
-978
-1031
-1046
-1034
-1035
-1048
-957
-778
-621
-571
-518
-389
-257
-117
49
209
269
285
323
387
430
463
548
678
787
802
841
899
876
787
768
854
884
836
754
725
704
661
605
532
442
311
233
214
223
189
149
173
174
114
3
-85
-155
-213
-243
-247
-188
-121
-56
12
107
163
125
81
115
197
250
270
277
264
212
110
14
-36
-79
-142
-196
-188
-156
-162
-170
-131
-73
-86
-133
-159
-201
-241
-249
-195
-132
-112
-121
-118
-87
-51
-13
40
86
107
121
147
178
167
112
39
-17
-50
-73
-79
-80
-60
-67
-90
-111
-139
-140
-143
-115
-84
-50
-43
-26
21
58
33
-39
-94
-140
-141
-139
-128
-111
-134
-177
-228
-264
-317
-383
-452
-511
-578
-626
-637
-616
-577
-559
-573
-592
-579
-507
-388
-272
-216
-185
-131
-69
24
118
179
163
124
177
300
435
531
611
662
689
685
706
746
710
612
541
567
570
476
345
231
152
88
44
11
-8
-10
-22
-21
-51
-146
-234
-271
-290
-328
-357
-372
-384
-399
-380
-335
-284
-274
-289
-265
-168
-20
61
78
95
139
152
146
148
138
146
144
154
178
174
134
82
84
110
80
2
-60
-72
-77
-46
21
68
34
-26
-9
53
78
47
53
114
149
132
163
241
238
147
60
41
41
40
75
109
107
44
-9
0
32
15
-13
36
88
85
24
15
32
1
-80
-146
-144
-109
-66
-34
10
23
7
-1
9
-16
-92
-169
-215
-228
-261
-316
-376
-418
-470
-542
-581
-607
-632
-635
-595
-535
-482
-410
-313
-222
-180
-135
-94
-33
45
132
217
254
306
379
466
490
468
470
495
488
445
471
498
471
415
397
394
329
206
102
116
157
154
115
97
68
-29
-128
-193
-223
-240
-209
-162
-128
-112
-99
-57
-34
-39
-50
-5
99
186
226
227
231
213
153
75
48
64
80
88
77
107
132
157
178
194
190
163
152
145
121
51
4
-20
-32
-80
-151
-183
-192
-205
-230
-201
-162
-148
-166
-145
-78
-45
-68
-106
-93
-74
-73
-62
-44
-26
-19
-28
-45
-74
-106
-124
-123
-123
-147
-170
-154
-128
-135
-174
-195
-209
-212
-201
-172
-108
-58
-60
-80
-67
-70
-102
-170
-225
-253
-280
-251
-190
-104
-58
-49
-27
-7
67
180
293
351
392
447
479
481
459
465
483
480
445
440
471
454
434
463
507
483
420
353
290
213
133
67
22
-26
-121
-213
-276
-315
-356
-366
-346
-328
-316
-301
-253
-179
-126
-99
-61
-15
12
22
60
134
166
125
75
79
121
104
50
2
-52
-117
-179
-211
-218
-249
-302
-339
-350
-357
-372
-364
-309
-238
-193
-154
-88
-12
49
65
66
75
81
73
102
177
228
246
249
263
275
247
210
222
223
180
134
125
99
-6
-115
-172
-176
-233
-318
-342
-310
-271
-253
-202
-144
-124
-141
-162
-140
-115
-123
-106
-61
-46
-77
-125
-137
-118
-113
-134
-143
-121
-103
-94
-80
-38
-18
-35
-46
-39
-23
-22
-15
-8
6
2
21
52
71
58
7
-9
-18
-46
-95
-108
-70
-45
-49
-72
-80
-67
-25
28
105
200
272
301
337
393
399
356
302
300
312
322
337
365
401
380
320
262
235
237
250
275
296
275
232
195
160
106
31
-34
-90
-112
-125
-130
-118
-110
-102
-92
-49
-26
-59
-111
-145
-126
-100
-87
-84
-77
-81
-112
-160
-207
-228
-256
-276
-276
-251
-243
-250
-248
-261
-281
-320
-360
-368
-347
-312
-296
-294
-284
-296
-298
-287
-285
-299
-327
-322
-316
-302
-286
-261
-229
-218
-214
-167
-66
36
120
200
291
360
384
374
358
343
299
260
271
299
298
284
286
282
248
196
172
196
235
252
268
294
314
303
280
259
240
220
195
162
150
154
162
192
227
233
229
211
168
117
70
65
84
82
71
85
101
82
31
-33
-90
-131
-172
-180
-165
-142
-131
-140
-140
-145
-160
-177
-169
-155
-122
-92
-64
-40
-25
-15
-18
-17
-9
-8
-39
-62
-78
-89
-82
-70
-68
-72
-65
-44
-23
0
41
83
124
134
121
100
76
54
27
2
-29
-38
-10
22
34
20
-18
-54
-59
-60
-55
-28
11
61
105
117
101
76
20
-43
-97
-129
-145
-136
-121
-121
-144
-179
-215
-262
-307
-342
-350
-337
-296
-232
-153
-80
-54
-62
-82
-88
-79
-49
-5
41
78
106
123
125
127
135
154
166
173
184
198
212
226
226
209
184
142
107
82
79
58
46
44
47
53
46
40
30
16
15
45
112
198
242
252
221
168
113
67
27
-21
-48
-39
-22
-24
-53
-103
-169
-235
-284
-308
-293
-257
-228
-197
-152
-114
-83
-77
-100
-122
-114
-85
-72
-49
-26
-12
-30
-64
-77
-76
-74
-88
-91
-73
-34
7
40
60
73
61
29
10
2
15
48
61
35
14
0
-7
-11
-34
-47
-23
1
8
21
47
93
101
79
47
24
12
0
-6
1
24
39
36
16
-8
-47
-86
-111
-111
-79
-13
58
90
88
53
13
-13
-26
-39
-38
-25
-18
-18
-21
-19
-22
-44
-68
-84
-77
-55
-27
2
41
79
104
114
111
105
109
128
146
147
143
144
131
114
84
50
34
30
36
52
77
93
113
145
193
224
215
186
162
165
180
197
209
200
155
93
24
-26
-72
-110
-134
-146
-138
-137
-128
-146
-162
-188
-211
-222
-223
-207
-178
-141
-121
-102
-95
-86
-95
-109
-115
-94
-60
-17
28
66
91
74
45
25
28
23
5
-22
-47
-69
-100
-117
-147
-179
-223
-271
-299
-309
-317
-306
-276
-226
-174
-145
-139
-140
-124
-100
-50
-14
9
24
34
42
30
2
-27
-45
-56
-57
-49
-29
1
34
65
81
86
95
102
116
131
152
182
219
229
205
170
132
110
93
81
87
114
150
170
184
206
229
257
270
275
276
279
297
315
330
332
323
296
258
208
160
135
133
139
143
140
127
112
95
83
62
23
-19
-53
-61
-66
-80
-111
-149
-199
-246
-286
-310
-321
-326
-321
-322
-305
-281
-255
-236
-229
-231
-234
-222
-203
-187
-170
-167
-175
-198
-225
-245
-252
-262
-269
-259
-222
-174
-127
-80
-38
11
57
105
137
173
215
252
275
288
287
262
229
178
129
86
77
78
81
78
64
61
68
81
86
75
54
31
25
36
49
56
50
32
-3
-52
-101
-118
-118
-110
-104
-113
-104
-103
-104
-107
-109
-126
-145
-165
-194
-216
-240
-264
-291
-318
-342
-354
-345
-323
-304
-286
-260
-210
-145
-72
-2
43
89
128
176
226
265
290
295
292
284
269
252
235
205
179
165
164
174
200
224
244
263
271
281
297
331
368
392
400
393
368
329
274
218
168
125
90
61
43
38
40
42
36
15
7
6
2
-7
-24
-34
-40
-47
-64
-102
-146
-189
-224
-232
-222
-215
-220
-243
-253
-242
-217
-188
-171
-166
-163
-173
-185
-194
-214
-229
-255
-285
-309
-315
-296
-269
-240
-218
-191
-145
-96
-53
-9
35
81
115
140
156
159
165
163
149
123
84
34
-22
-70
-91
-93
-88
-82
-78
-72
-53
-26
10
47
87
112
135
155
167
171
145
98
41
-15
-60
-83
-97
-96
-96
-90
-79
-58
-12
35
80
115
148
188
212
237
256
263
282
285
284
284
284
279
263
246
236
238
234
231
223
212
194
172
159
131
89
31
-27
-81
-128
-165
-199
-218
-235
-242
-228
-197
-160
-121
-86
-62
-42
-25
3
25
39
51
50
37
6
-33
-69
-110
-165
-231
-281
-316
-323
-317
-323
-326
-330
-325
-304
-265
-221
-169
-128
-98
-75
-66
-39
-23
-34
-68
-101
-108
-106
-86
-82
-88
-80
-56
-11
51
110
155
186
207
220
237
274
301
314
310
300
286
268
240
210
188
165
147
143
145
143
116
82
58
36
20
8
-16
-44
-80
-102
-117
-137
-161
-189
-202
-195
-175
-146
-98
-65
-39
-28
-12
12
37
53
60
61
37
7
-12
-28
-46
-84
-149
-197
-226
-240
-233
-213
-186
-144
-102
-58
-3
48
104
151
187
221
251
289
316
328
315
284
236
186
141
100
70
43
17
10
10
20
19
-1
-19
-41
-52
-53
-48
-39
-28
-21
-23
-33
-39
-42
-44
-52
-54
-42
-18
4
7
1
-10
-19
-37
-48
-50
-65
-81
-104
-125
-142
-151
-164
-187
-209
-226
-233
-209
-172
-139
-108
-70
-24
20
46
49
43
34
28
30
36
44
45
25
-7
-45
-82
-92
-82
-66
-40
-6
44
105
158
194
207
219
233
239
251
257
251
239
219
175
119
57
1
-41
-75
-97
-108
-108
-102
-93
-87
-85
-94
-105
-104
-104
-102
-90
-58
-18
18
40
41
30
27
26
35
60
80
107
134
151
161
163
165
160
136
107
67
34
24
22
22
7
-24
-57
-79
-92
-89
-70
-43
-2
29
44
40
26
8
-15
-36
-55
-64
-64
-65
-80
-117
-166
-210
-240
-262
-269
-253
-226
-194
-154
-116
-72
-35
-24
-22
-24
-22
-17
-14
-10
-9
-11
-15
-31
-52
-68
-77
-90
-102
-106
-93
-66
-25
11
28
37
42
38
48
75
107
149
190
215
228
224
217
211
204
202
199
211
224
232
224
210
195
179
161
134
109
90
77
70
68
62
62
55
31
1
-23
-31
-32
-36
-41
-45
-48
-57
-74
-108
-146
-181
-204
-213
-216
-235
-259
-282
-304
-321
-322
-316
-297
-275
-244
-201
-150
-91
-36
12
45
53
52
53
64
85
104
117
124
119
112
96
65
32
-3
-19
-16
3
25
56
89
112
116
104
95
98
112
121
133
142
156
177
187
174
149
132
121
117
116
113
105
97
87
77
66
64
67
44
9
-23
-37
-38
-47
-64
-89
-115
-151
-192
-216
-217
-194
-170
-156
-153
-160
-166
-176
-189
-195
-196
-180
-160
-135
-112
-92
-70
-63
-68
-68
-47
-8
35
77
123
156
186
205
216
223
217
203
183
163
148
149
140
112
70
20
-23
-68
-99
-127
-136
-126
-100
-72
-52
-37
-29
-26
-29
-23
-2
39
68
93
104
112
122
120
110
85
58
42
31
23
18
-1
-28
-53
-71
-85
-92
-94
-99
-105
-117
-132
-137
-136
-128
-131
-135
-141
-134
-108
-65
-16
18
43
63
73
90
115
131
141
143
140
127
112
100
101
96
88
66
45
27
15
16
20
27
36
46
51
47
24
-7
-28
-38
-39
-43
-52
-58
-66
-74
-88
-103
-129
-145
-150
-146
-122
-76
-31
4
8
-12
-19
-13
13
34
52
66
67
60
57
61
76
87
80
58
28
18
27
32
27
11
-7
-22
-44
-60
-71
-65
-51
-44
-47
-63
-67
-59
-48
-41
-29
-3
39
82
116
154
181
205
204
189
182
164
156
148
133
110
75
31
-17
-66
-110
-145
-173
-195
-207
-201
-186
-165
-155
-153
-155
-155
-147
-127
-94
-51
-1
38
57
59
53
57
70
78
84
77
66
57
46
43
45
47
47
37
21
10
16
37
61
74
76
70
65
62
61
65
64
58
32
0
-26
-45
-60
-62
-77
-95
-116
-137
-141
-128
-100
-67
-51
-60
-67
-69
-50
-14
29
68
96
112
102
88
80
82
96
100
76
31
-13
-49
-80
-106
-126
-148
-180
-218
-243
-246
-218
-171
-128
-91
-63
-32
4
52
97
141
174
196
208
208
217
231
243
240
211
170
128
82
42
24
14
14
-8
-51
-96
-117
-100
-68
-43
-22
-6
2
12
20
35
61
89
91
59
14
-16
-31
-44
-61
-89
-122
-159
-201
-230
-231
-207
-191
-188
-196
-202
-184
-152
-106
-47
13
60
79
85
99
128
168
199
219
218
199
165
135
108
86
67
37
1
-42
-74
-95
-102
-98
-86
-82
-83
-78
-58
-10
45
100
135
153
163
165
166
171
185
189
181
150
102
59
16
-6
-22
-57
-103
-149
-175
-176
-166
-148
-124
-100
-92
-92
-85
-58
-14
31
66
70
57
42
29
19
4
-20
-42
-80
-115
-138
-144
-135
-135
-151
-169
-182
-174
-139
-86
-28
15
41
59
69
76
92
116
152
187
205
202
189
161
133
102
75
51
33
16
-9
-31
-45
-52
-62
-79
-92
-91
-74
-43
-14
9
30
45
51
53
53
61
81
92
88
73
63
47
16
-30
-68
-84
-84
-82
-86
-93
-90
-77
-76
-75
-61
-29
18
60
84
115
143
167
179
172
158
135
118
102
81
57
23
-21
-64
-109
-161
-205
-232
-238
-222
-200
-169
-146
-123
-108
-92
-64
-20
38
80
117
147
167
172
156
131
103
84
63
37
14
-7
-21
-49
-95
-145
-187
-208
-214
-196
-166
-130
-97
-86
-85
-82
-81
-66
-38
-7
26
50
64
73
75
68
55
40
27
24
38
54
59
63
57
48
42
31
32
44
70
105
135
153
161
162
162
166
159
152
150
151
139
108
72
34
6
-17
-42
-68
-99
-130
-153
-169
-169
-157
-152
-149
-145
-137
-107
-68
-27
7
33
50
52
52
56
74
90
90
64
27
-4
-29
-41
-59
-75
-94
-110
-118
-124
-128
-136
-130
-118
-105
-93
-81
-62
-34
-5
6
9
7
8
17
15
21
33
54
71
62
42
31
36
42
43
50
72
108
133
146
158
166
174
165
144
139
155
181
184
167
144
120
92
37
-22
-63
-79
-89
-115
-144
-154
-151
-164
-185
-203
-202
-185
-173
-156
-125
-71
-21
3
9
9
19
28
35
42
64
92
101
85
52
21
-6
-43
-74
-94
-92
-77
-67
-73
-87
-94
-103
-106
-104
-100
-81
-56
-28
-1
17
37
46
36
13
-4
4
24
48
63
73
80
73
47
20
12
29
62
85
103
119
131
143
138
130
127
129
121
93
71
60
68
68
44
3
-48
-97
-141
-169
-176
-169
-160
-170
-183
-190
-188
-167
-143
-119
-102
-78
-46
-10
33
71
105
119
116
113
109
113
120
121
111
94
72
47
27
6
-15
-36
-54
-60
-71
-83
-93
-104
-110
-115
-114
-109
-98
-83
-71
-60
-52
-46
-38
-26
-11
0
7
11
11
13
22
27
36
47
63
74
76
78
84
91
90
83
77
84
91
90
79
72
63
48
20
-12
-27
-22
-14
-14
-19
-24
-33
-62
-92
-100
-75
-39
-8
5
8
21
45
71
96
108
116
114
105
107
126
154
165
148
106
61
29
12
8
6
0
-18
-51
-84
-113
-127
-131
-136
-146
-167
-180
-187
-187
-176
-159
-138
-127
-130
-134
-135
-119
-91
-57
-21
3
14
18
26
45
68
93
115
130
138
137
133
127
128
131
126
109
82
56
44
41
34
24
16
-3
-28
-52
-63
-50
-25
-10
-13
-28
-40
-34
-19
1
20
36
54
57
51
51
63
82
87
77
69
69
75
70
56
40
26
7
-16
-38
-51
-44
-43
-54
-74
-97
-112
-131
-145
-150
-140
-120
-112
-120
-136
-144
-141
-134
-128
-118
-106
-90
-74
-56
-34
-12
4
15
20
29
49
79
113
140
151
148
143
139
136
134
129
128
124
114
97
84
72
62
46
16
-17
-38
-41
-34
-27
-25
-30
-39
-56
-81
-93
-86
-62
-38
-30
-31
-27
-16
-10
-7
-9
-6
-3
-7
-13
-5
24
57
68
51
21
1
-4
-3
2
20
38
43
23
-10
-32
-41
-35
-33
-39
-46
-53
-58
-62
-60
-44
-27
-27
-46
-69
-71
-53
-26
-9
-1
-1
-5
-10
-18
-8
18
44
57
48
36
36
51
70
77
76
74
67
60
54
54
60
63
60
48
33
20
7
0
-3
-5
-9
-16
-29
-44
-53
-55
-54
-52
-56
-64
-72
-74
-63
-47
-33
-21
-15
-14
-14
-14
-1
23
48
63
67
67
71
77
83
85
80
75
67
53
40
35
42
51
47
32
8
-15
-35
-50
-51
-44
-31
-24
-27
-38
-46
-50
-55
-66
-74
-72
-58
-44
-30
-19
-7
2
-1
-13
-25
-27
-15
3
26
49
67
75
