45
41
34
25
14
9
13
15
11
11
25
28
36
42
30
18
8
12
13
19
25
24
25
25
24
16
15
23
24
28
24
24
32
26
27
22
12
9
-6
-13
-23
-39
-43
-50
-53
-61
-70
-68
-73
-69
-74
-72
-64
-62
-59
-71
-73
-69
-67
-51
-40
-34
-19
-15
-9
5
17
30
31
48
50
52
61
56
51
38
22
15
15
27
37
44
40
36
28
9
0
-12
-22
-33
-51
-53
-64
-75
-77
-73
-73
-87
-79
-64
-55
-36
-27
-27
-29
-22
-12
-6
13
35
45
52
56
54
50
58
77
102
157
268
378
456
434
303
185
64
3
11
43
92
67
97
114
70
77
37
37
21
13
65
-57
-156
-242
-430
-438
-334
-201
-116
-140
-140
-212
-310
-266
-245
-254
-279
-298
-297
-346
-267
-234
-282
-241
-249
-263
-254
-240
-200
-240
-226
-122
-87
-16
49
129
190
206
255
264
283
338
365
426
434
438
472
434
448
475
470
487
454
412
353
282
236
177
100
23
-23
-74
-142
-170
-204
-237
-248
-254
-248
-242
-226
-213
-220
-196
-174
-138
-75
-15
39
50
67
100
104
123
129
141
163
146
141
124
103
75
19
-21
-64
-105
-161
-217
-259
-329
-356
-398
-431
-467
-516
-519
-575
-585
-583
-594
-540
-533
-456
-447
-401
-334
-287
-183
-149
-54
-9
56
108
156
235
294
381
444
500
564
659
685
712
767
751
732
696
682
677
604
612
554
484
441
324
291
150
91
11
-69
-88
-153
-158
-215
-222
-214
-227
-203
-190
-153
-148
-134
-80
-83
-10
18
97
153
178
261
267
348
326
340
343
275
319
228
239
214
155
183
83
104
57
-6
9
-112
-87
-158
-153
-163
-231
-192
-245
-226
-253
-264
-238
-281
-252
-276
-282
-310
-346
-354
-400
-416
-436
-449
-455
-490
-519
-585
-624
-682
-756
-836
-938
-1012
-1161
-1218
-1331
-1371
-1488
-1259
-789
-656
-623
-436
230
196
158
703
1003
908
497
1231
1464
1191
1286
1679
1987
1667
1930
2201
1964
1748
1515
1347
981
705
482
-67
-190
-301
-486
-744
-800
-787
-1195
-1352
-1318
-1383
-1618
-1673
-1468
-1386
-1295
-923
-563
-357
-248
25
274
355
467
501
625
760
910
1068
1192
1399
1441
1419
1461
1500
1396
1183
1059
935
753
588
487
387
291
195
92
8
-109
-240
-417
-521
-606
-700
-741
-738
-661
-650
-568
-445
-376
-327
-300
-244
-246
-253
-209
-162
-92
-47
22
117
178
222
223
236
229
153
80
-19
-113
-265
-382
-476
-569
-670
-780
-864
-997
-1186
-1404
-1634
-1828
-2060
-2234
-1970
-1607
-1481
-1501
-1027
-362
-384
-191
407
786
515
351
1097
1108
929
1071
1664
1914
1796
2314
2528
2474
2301
2130
1809
1312
1027
483
-155
-334
-540
-880
-1182
-1107
-1197
-1584
-1611
-1578
-1733
-2013
-2031
-1961
-2005
-1867
-1511
-1190
-923
-617
-186
151
431
666
768
957
1114
1218
1287
1456
1697
1733
1826
2019
2126
2035
1869
1763
1514
1198
910
656
376
125
-36
-191
-285
-363
-443
-532
-524
-583
-669
-741
-755
-754
-847
-732
-669
-557
-445
-278
-56
1
183
301
443
527
550
641
648
737
737
726
770
737
714
634
608
518
341
207
77
-66
-267
-410
-519
-648
-735
-813
-843
-896
-964
-1039
-1151
-1237
-1360
-1533
-1682
-1861
-2005
-2120
-2321
-1955
-1602
-1449
-1398
-931
-99
-322
44
689
1055
771
457
1349
1065
825
912
1330
1466
1179
1801
1973
1955
1949
1827
1627
1262
1026
499
-185
-276
-676
-1069
-1290
-1166
-1185
-1522
-1261
-1153
-1159
-1279
-1216
-1140
-1296
-1185
-974
-804
-606
-434
-7
351
695
980
1078
1441
1495
1535
1499
1533
1571
1298
1324
1369
1400
1302
1245
1312
1177
1040
870
660
372
26
-219
-450
-674
-821
-929
-918
-861
-771
-671
-616
-483
-447
-405
-339
-274
-254
-286
-154
-74
9
82
221
424
463
587
706
816
811
720
699
570
440
266
138
15
-166
-291
-371
-401
-461
-561
-594
-636
-716
-809
-905
-955
-1054
-1129
-1178
-1165
-1153
-1171
-1178
-1152
-1161
-1165
-1241
-1256
-1348
-1519
-1113
-919
-776
-841
-284
279
3
548
1075
1397
1026
1038
1765
1258
1082
1125
1374
1234
967
1499
1430
1472
1490
1348
1268
1035
833
235
-231
-330
-939
-1293
-1467
-1455
-1648
-1846
-1431
-1411
-1320
-1272
-1062
-881
-906
-687
-575
-400
-256
-209
124
372
683
850
1031
1472
1537
1756
1829
1996
1998
1787
1815
1674
1578
1297
1106
982
749
584
396
261
122
-105
-222
-394
-503
-684
-862
-900
-1023
-1018
-1136
-1055
-983
-870
-744
-629
-397
-319
-165
-66
70
136
163
220
330
377
409
486
576
671
646
701
709
666
562
427
301
126
-105
-299
-457
-577
-696
-775
-784
-829
-842
-863
-814
-846
-881
-977
-998
-1065
-1137
-1211
-1275
-1299
-1418
-1404
-1460
-1453
-1581
-1132
-867
-804
-755
-279
242
-101
427
891
1083
747
786
1426
945
874
965
1137
1062
934
1424
1400
1463
1550
1375
1365
1208
1050
541
116
73
-537
-855
-1071
-1115
-1347
-1549
-1200
-1166
-1005
-923
-703
-495
-447
-269
-189
-43
79
24
271
451
685
803
923
1332
1386
1604
1653
1781
1786
1637
1660
1517
1419
1179
947
787
601
450
267
123
59
-114
-219
-369
-456
-606
-784
-822
-929
-944
-1067
-1015
-964
-903
-786
-702
-471
-388
-214
-83
24
184
185
322
352
397
447
424
556
549
602
647
637
642
552
531
464
318
158
-27
-163
-328
-492
-601
-699
-760
-844
-871
-833
-821
-854
-867
-847
-823
-887
-914
-994
-1037
-1140
-1225
-1304
-1443
-1448
-1705
-1363
-1167
-1108
-1070
-781
-91
-394
70
597
791
665
503
1289
878
676
743
852
862
616
1046
1086
1108
1292
1258
1358
1400
1250
931
484
529
10
-462
-669
-864
-1075
-1401
-1103
-1045
-989
-823
-614
-287
-199
-59
131
154
274
100
240
366
361
437
418
862
923
1086
1215
1378
1613
1519
1589
1548
1442
1187
856
750
495
165
-66
-244
-269
-454
-491
-489
-524
-531
-637
-624
-636
-732
-815
-927
-886
-876
-957
-808
-750
-553
-477
-298
-21
8
225
289
484
542
499
566
527
569
486
432
443
364
323
296
272
237
114
60
-15
-122
-264
-366
-443
-549
-609
-676
-686
-726
-755
-750
-763
-725
-762
-812
-828
-891
-942
-1076
-1127
-1252
-1381
-1548
-1431
-1184
-1263
-1193
-989
-381
-471
-224
460
668
751
642
1366
1276
985
1073
1155
1169
888
1046
1190
1094
1234
1252
1297
1462
1347
1250
869
899
573
48
-184
-507
-757
-1172
-1156
-1158
-1238
-1157
-991
-718
-502
-353
-81
73
281
250
270
404
304
296
144
358
367
357
507
672
925
970
1151
1269
1293
1242
1086
956
766
435
171
-116
-269
-487
-683
-727
-786
-743
-775
-676
-563
-529
-513
-451
-429
-425
-528
-495
-490
-532
-451
-437
-219
-176
3
218
372
588
640
782
889
914
884
808
781
696
542
460
381
312
185
139
129
64
-3
-46
-42
-114
-174
-265
-323
-410
-537
-641
-742
-832
-916
-973
-1033
-1036
-1083
-1077
-1102
-1069
-1105
-1175
-1175
-1314
-1062
-1070
-1057
-1027
-697
-373
-516
21
423
615
623
911
1441
1174
1212
1361
1380
1249
1080
1259
1114
1039
1085
946
1034
1011
902
710
575
595
126
-128
-322
-634
-995
-1278
-1277
-1485
-1561
-1502
-1394
-1172
-990
-719
-447
-191
0
45
313
430
421
406
463
591
511
605
704
818
923
982
1166
1241
1272
1267
1205
1179
998
786
580
338
103
-204
-370
-568
-716
-810
-878
-818
-828
-747
-656
-543
-432
-419
-292
-261
-250
-251
-284
-212
-297
-270
-194
-137
-14
32
200
341
441
560
634
721
711
634
584
451
309
109
-70
-195
-328
-403
-479
-483
-481
-455
-422
-385
-352
-376
-382
-401
-436
-511
-601
-652
-744
-819
-871
-913
-937
-1033
-987
-1038
-1025
-1102
-1031
-757
-816
-675
-572
-171
-203
-172
354
434
495
415
879
968
741
914
1026
1058
960
1034
1198
1111
1155
1168
1070
1189
1035
924
698
661
507
83
-1
-212
-418
-681
-751
-750
-898
-879
-833
-727
-551
-485
-252
-78
100
205
285
547
505
531
513
607
638
517
593
590
656
652
687
803
809
819
774
740
701
481
337
139
-50
-251
-488
-601
-747
-835
-914
-916
-865
-803
-719
-581
-451
-317
-209
-129
-30
-3
15
-22
-16
-22
-70
-77
-69
-4
37
121
252
369
451
512
575
596
568
505
408
303
177
37
-54
-145
-247
-302
-296
-276
-274
-266
-196
-150
-135
-130
-133
-143
-228
-298
-330
-422
-546
-705
-791
-915
-1021
-1096
-1185
-1224
-1378
-1219
-1086
-1060
-999
-839
-471
-554
-336
40
142
190
250
670
674
600
781
857
904
910
1013
1112
1072
1190
1147
1127
1214
1097
989
814
831
604
314
216
18
-199
-416
-505
-579
-731
-757
-758
-683
-567
-480
-240
-100
129
216
334
476
475
516
453
505
448
354
346
324
364
382
395
496
536
579
556
551
543
408
311
142
11
-177
-342
-466
-606
-674
-733
-723
-686
-610
-490
-380
-266
-136
-69
14
64
87
82
33
12
-49
-97
-144
-143
-126
-118
-50
47
142
203
284
390
430
450
446
439
406
297
199
91
-4
-125
-220
-247
-268
-269
-268
-218
-171
-122
-89
-78
-79
-105
-177
-274
-379
-501
-663
-856
-1013
-1154
-1324
-1462
-1577
-1599
-1421
-1403
-1330
-1218
-872
-731
-663
-187
26
141
160
491
670
491
616
738
766
763
817
987
997
1081
1192
1213
1380
1387
1304
1204
1170
1051
693
512
309
5
-271
-481
-608
-809
-913
-928
-905
-756
-704
-528
-338
-167
-36
26
240
236
244
236
213
187
72
64
22
40
78
101
205
313
381
455
528
631
612
596
603
501
359
196
105
-66
-220
-274
-319
-344
-305
-244
-129
-67
20
112
155
255
237
288
259
193
131
24
-17
-111
-168
-189
-174
-102
-23
66
174
288
436
529
605
635
612
562
481
408
272
151
41
-65
-159
-228
-264
-309
-321
-284
-260
-245
-230
-223
-210
-275
-324
-444
-602
-793
-998
-1154
-1356
-1530
-1680
-1816
-1815
-1653
-1624
-1527
-1334
-971
-820
-636
-137
64
198
291
630
732
597
690
750
749
731
810
902
942
1028
1116
1156
1319
1322
1242
1187
1154
989
640
450
201
-113
-430
-630
-787
-966
-1038
-1072
-1009
-898
-802
-612
-404
-212
-70
52
254
280
302
279
252
231
136
126
89
101
125
149
255
363
458
554
648
778
797
804
788
710
575
402
308
159
-9
-160
-259
-262
-290
-252
-185
-115
6
46
185
253
247
237
168
182
84
-26
-101
-195
-248
-327
-316
-245
-205
-114
-20
132
257
333
438
467
489
471
447
379
275
159
29
-66
-163
-225
-280
-289
-248
-228
-192
-127
-85
-74
-83
-100
-164
-295
-417
-614
-802
-1020
-1225
-1421
-1610
-1709
-1861
-1770
-1700
-1657
-1565
-1284
-963
-881
-515
-139
53
154
356
634
591
585
729
753
763
794
876
945
1005
1162
1178
1280
1402
1346
1286
1222
1187
929
678
505
230
-89
-354
-548
-755
-940
-1034
-1080
-1014
-925
-854
-643
-433
-227
-133
70
246
286
320
330
367
309
248
184
164
163
148
192
327
446
565
690
844
954
979
993
955
888
753
611
470
294
105
-60
-175
-223
-269
-269
-229
-163
-85
-24
45
63
72
31
17
-6
-82
-167
-262
-311
-359
-407
-407
-393
-354
-279
-158
-16
99
226
327
410
455
456
435
396
316
188
80
-28
-142
-259
-343
-374
-391
-399
-375
-349
-297
-282
-296
-317
-378
-462
-612
-746
-915
-1104
-1293
-1468
-1606
-1724
-1831
-1812
-1636
-1585
-1454
-1259
-909
-743
-593
-101
161
333
492
808
984
939
1067
1186
1198
1210
1243
1307
1336
1364
1402
1344
1458
1472
1365
1285
1203
1082
795
610
386
79
-188
-423
-624
-822
-944
-1022
-1027
-936
-884
-731
-517
-323
-185
-67
148
230
253
285
305
307
239
201
180
153
135
122
191
285
343
424
520
648
695
683
700
661
560
410
265
117
-68
-228
-363
-451
-524
-572
-570
-515
-420
-368
-291
-186
-92
-43
-18
37
16
-10
-62
-74
-83
-151
-164
-154
-108
-73
-18
96
177
267
373
457
519
527
554
550
495
428
313
197
63
-56
-149
-234
-298
-333
-343
-337
-315
-307
-326
-325
-344
-394
-475
-568
-667
-839
-976
-1111
-1261
-1395
-1520
-1577
-1661
-1584
-1444
-1399
-1256
-1032
-722
-598
-346
54
218
369
549
793
854
819
937
1000
991
1007
1010
1052
1058
1110
1128
1133
1211
1155
1101
1065
1019
867
659
524
337
75
-135
-313
-474
-632
-727
-756
-745
-674
-619
-455
-305
-163
-43
80
218
247
262
272
264
219
157
110
93
78
76
80
150
214
263
343
413
488
532
566
575
549
479
385
291
197
83
-30
-135
-226
-297
-323
-325
-317
-276
-229
-157
-105
-49
-7
24
47
32
12
-32
-66
-111
-174
-211
-220
-217
-205
-170
-99
-28
47
138
233
296
315
362
374
351
313
268
202
121
52
-29
-97
-139
-161
-206
-221
-205
-195
-209
-227
-236
-296
-373
-459
-569
-707
-840
-958
-1093
-1213
-1310
-1391
-1446
-1445
-1302
-1245
-1161
-963
-718
-508
-391
-50
199
322
476
688
881
881
913
1022
1046
1058
1079
1098
1144
1124
1170
1168
1201
1207
1105
1061
984
921
722
529
397
189
-27
-231
-389
-519
-659
-718
-737
-734
-726
-695
-576
-509
-428
-349
-251
-174
-167
-117
-66
-46
-44
-38
-8
30
64
106
162
250
307
372
454
535
581
582
600
594
548
469
398
319
226
132
32
-62
-120
-186
-234
-243
-235
-216
-193
-134
-106
-81
-83
-87
-98
-130
-164
-216
-258
-307
-332
-334
-326
-305
-244
-176
-73
14
99
188
252
316
331
348
346
290
237
186
134
71
12
-9
-54
-90
-109
-135
-162
-195
-229
-264
-308
-364
-439
-515
-585
-695
-786
-868
-970
-1063
-1118
-1160
-1200
-1212
-1213
-1188
-1098
-977
-902
-800
-614
-440
-326
-136
119
293
413
616
844
957
1035
1168
1269
1324
1391
1428
1439
1455
1466
1412
1374
1350
1237
1076
974
863
656
461
318
157
-51
-209
-342
-481
-584
-677
-745
-772
-772
-791
-785
-731
-687
-659
-603
-511
-448
-389
-310
-219
-142
-90
-21
53
124
171
224
293
364
402
420
464
480
455
424
407
363
291
221
185
117
39
-19
-82
-128
-172
-195
-212
-222
-210
-231
-245
-254
-287
-301
-327
-346
-378
-391
-365
-358
-343
-305
-247
-178
-122
-56
42
122
201
266
329
383
410
420
428
452
448
426
406
423
407
377
361
324
305
278
248
210
142
81
6
-72
-144
-254
-369
-472
-567
-662
-732
-790
-858
-906
-914
-899
-903
-901
-875
-852
-810
-745
-682
-616
-541
-414
-285
-165
-22
140
308
441
604
769
887
993
1099
1186
1230
1244
1225
1169
1106
1028
903
771
656
527
383
247
117
-31
-178
-294
-399
-507
-598
-658
-710
-766
-795
-834
-858
-863
-858
-837
-801
-740
-668
-583
-479
-360
-236
-124
-8
134
247
346
441
520
587
616
627
617
580
514
457
417
368
308
269
238
217
205
190
196
192
170
156
125
84
47
-23
-72
-119
-162
-204
-247
-255
-275
-279
-261
-237
-205
-160
-89
-13
48
102
161
208
235
248
247
235
222
204
198
192
182
185
192
214
240
240
259
267
267
235
205
177
105
34
-35
-94
-175
-275
-356
-426
-509
-577
-622
-662
-673
-693
-692
-680
-664
-633
-636
-610
-593
-591
-589
-594
-562
-531
-514
-462
-375
-292
-207
-65
108
254
393
557
729
842
932
1022
1060
1069
1066
1015
953
876
782
670
555
466
356
243
157
96
18
-64
-103
-151
-226
-297
-370
-456
-544
-613
-657
-694
-713
-722
-692
-644
-583
-500
-393
-272
-153
-38
75
173
253
311
352
387
397
380
361
336
295
245
212
197
186
174
180
182
187
178
183
189
174
161
124
91
54
5
-54
-97
-130
-158
-177
-193
-191
-180
-160
-125
-99
-69
-23
3
33
50
65
86
91
109
111
111
117
136
165
191
225
253
269
303
327
340
358
362
362
352
335
292
252
199
129
75
2
-67
-151
-221
-276
-339
-405
-453
-468
-505
-531
-543
-576
-596
-609
-612
-640
-658
-672
-697
-719
-729
-703
-697
-664
-593
-506
-398
-306
-180
-56
47
175
295
414
506
585
660
689
723
732
713
706
677
640
577
523
478
413
358
299
231
154
77
13
-58
-126
-191
-259
-306
-349
-379
-405
-412
-403
-384
-335
-282
-201
-140
-77
-3
70
137
184
244
288
326
349
373
392
401
402
392
376
362
339
315
303
292
276
253
231
204
185
157
121
86
72
50
-2
-49
-83
-128
-182
-224
-247
-280
-315
-325
-345
-366
-382
-393
-407
-389
-386
-384
-370
-345
-313
-295
-242
-207
-178
-133
-82
-39
1
57
104
155
196
237
267
274
300
300
294
304
302
286
252
218
180
122
75
25
-29
-102
-160
-225
-288
-319
-375
-416
-459
-473
-505
-532
-533
-537
-540
-540
-513
-497
-480
-455
-428
-395
-341
-273
-214
-132
-10
95
204
327
446
549
628
703
761
789
808
820
802
764
721
657
582
510
422
328
262
196
116
47
-5
-72
-156
-220
-265
-326
-391
-428
-463
-500
-510
-513
-516
-498
-480
-463
-424
-364
-299
-239
-162
-65
15
79
154
213
241
266
288
305
320
329
329
344
363
352
334
328
326
316
307
314
313
296
276
255
230
198
155
100
50
-10
-69
-110
-153
-199
-247
-273
-311
-326
-345
-345
-331
-331
-295
-260
-216
-166
-117
-74
-31
16
62
110
149
183
226
264
300
321
339
347
357
352
349
349
325
307
267
212
140
57
-33
-137
-238
-327
-411
-484
-558
-620
-673
-715
-733
-733
-727
-715
-690
-664
-634
-608
-573
-547
-528
-495
-438
-393
-330
-257
-159
-71
20
137
246
341
435
555
644
728
794
831
847
846
827
778
723
650
566
484
410
343
248
176
113
47
-2
-54
-101
-159
-206
-252
-292
-319
-362
-389
-409
-426
-449
-455
-415
-382
-335
-262
-178
-118
-49
29
101
158
217
268
312
354
383
399
399
395
378
359
343
319
282
273
259
248
237
216
196
175
161
134
91
59
26
-23
-79
-143
-203
-251
-296
-332
-373
-397
-403
-391
-368
-331
-292
-253
-206
-170
-120
-68
-17
27
78
123
156
188
217
246
256
269
290
296
316
316
308
308
296
278
238
191
128
61
-25
-99
-178
-269
-351
-435
-511
-577
-643
-683
-706
-718
-710
-679
-636
-604
-578
-536
-488
-453
-408
-366
-321
-291
-250
-188
-130
-85
-41
28
84
144
205
286
365
434
503
549
580
589
588
572
545
506
465
413
351
286
211
142
71
-3
-65
-100
-136
-161
-185
-195
-219
-242
-253
-267
-289
-304
-303
-303
-293
-272
-238
-200
-155
-111
-44
13
85
150
218
298
351
406
434
462
486
503
517
513
503
488
486
472
460
455
440
423
402
374
351
340
328
309
271
234
195
140
86
25
-36
-82
-132
-170
-196
-236
-253
-259
-257
-247
-242
-227
-209
-184
-148
-103
-70
-27
19
39
73
100
134
160
188
223
235
243
241
230
202
179
152
116
84
39
-12
-72
-123
-189
-260
-325
-385
-449
-500
-521
-548
-564
-567
-553
-539
-522
-494
-446
-399
-348
-288
-233
-178
-141
-86
-63
-30
-8
8
33
35
52
80
118
131
157
185
203
220
234
259
276
272
269
261
238
206
172
132
97
66
28
-1
-46
-77
-96
-116
-125
-140
-142
-159
-174
-181
-186
-186
-195
-206
-208
-210
-212
-213
-210
-196
-179
-152
-101
-34
33
87
138
195
248
300
332
373
413
435
466
484
497
506
502
501
495
481
469
441
407
383
344
298
250
191
135
84
27
-44
-105
-169
-226
-277
-310
-325
-341
-345
-350
-343
-333
-313
-288
-256
-221
-186
-156
-131
-94
-53
-22
5
37
68
97
102
110
120
123
115
107
100
83
56
28
-5
-49
-83
-127
-170
-212
-245
-260
-282
-303
-307
-318
-326
-324
-310
-283
-250
-218
-195
-167
-131
-116
-99
-78
-64
-43
-32
-13
-2
10
27
45
70
87
89
94
103
107
102
99
100
92
74
64
46
32
6
-23
-46
-79
-97
-118
-134
-152
-167
-169
-178
-193
-200
-202
-205
-212
-210
-196
-183
-156
-149
-135
-110
-80
-45
-17
14
40
68
93
157
191
219
264
312
359
379
414
445
469
481
500
522
534
545
540
535
518
490
454
414
370
299
237
177
107
38
-29
-80
-138
-181
-223
-273
-315
-355
-369
-384
-390
-401
-407
-410
-401
-381
-361
-335
-312
-291
-262
-220
-175
-134
-93
-51
-8
34
60
77
101
107
105
83
68
42
11
-10
-55
-92
-129
-157
-185
-212
-230
-241
-248
-252
-244
-243
-227
-211
-203
-172
-146
-116
-97
-70
-43
-28
-2
26
63
110
141
176
210
233
254
265
282
300
304
296
292
293
278
251
236
220
193
166
138
109
77
58
40
6
-21
-54
-86
-105
-132
-161
-182
-196
-207
-231
-238
-251
-260
-252
-252
-233
-218
-194
-164
-130
-94
-65
-28
4
34
65
97
134
172
199
230
258
283
315
337
371
403
417
436
443
446
450
441
422
393
359
324
288
240
185
132
75
17
-44
-95
-142
-190
-228
-254
-280
-302
-324
-337
-351
-375
-384
-392
-391
-389
-393
-389
-374
-354
-338
-315
-279
-246
-216
-176
-136
-94
-54
-16
13
40
52
46
43
38
26
17
4
-15
-33
-52
-63
-61
-78
-87
-88
-91
-92
-96
-78
-74
-59
-42
-38
-17
-2
4
14
29
48
73
90
119
146
168
187
201
217
227
233
235
246
246
240
242
223
199
182
156
141
134
112
94
72
49
26
-1
-29
-50
-62
-78
-89
-103
-109
-109
-105
-105
-115
-119
-109
-107
-105
-92
-93
-90
-85
-66
-48
-32
-12
6
23
46
74
99
128
155
187
217
241
249
262
268
267
262
251
248
247
236
228
217
197
176
147
113
84
39
-7
-54
-98
-138
-185
-218
-247
-283
-319
-349
-368
-378
-383
-380
-368
-355
-346
-332
-313
-298
-273
-259
-253
-233
-205
-188
-167
-136
-119
-100
-72
-55
-37
-14
6
17
36
62
78
85
93
88
85
78
63
52
51
56
47
46
44
39
43
37
30
35
40
53
63
68
85
95
112
119
124
136
137
144
141
142
149
157
161
165
166
155
159
144
135
123
103
88
80
71
57
45
18
-8
-35
-58
-84
-106
-127
-137
-144
-161
-171
-178
-181
-186
-186
-182
-180
-176
-155
-145
-131
-112
-91
-78
-64
-45
-24
3
24
47
65
91
118
150
177
201
227
246
267
281
288
298
310
295
278
266
247
220
189
169
136
121
92
62
48
27
-3
-41
-64
-100
-128
-147
-172
-206
-248
-268
-288
-287
-285
-297
-295
-284
-259
-247
-231
-216
-199
-171
-156
-140
-114
-98
-83
-68
-55
-47
-40
-22
-8
-13
-1
13
14
35
46
65
78
87
92
89
89
80
68
55
49
45
42
28
26
25
23
17
21
20
31
52
52
62
75
76
75
76
67
56
56
47
36
30
10
-9
-18
-13
-25
-21
-17
-19
-17
-18
-16
-29
-24
-35
-45
-52
-70
-88
-109
-124
-144
-153
-150
-146
-140
-135
-131
-126
-120
-114
-101
-86
-71
-44
-22
-1
13
30
51
71
87
103
118
135
151
165
187
206
219
238
250
260
272
275
263
253
246
238
225
203
193
177
163
148
128
112
94
77
67
51
29
18
2
-17
-37
-61
-69
-79
-95
-100
-106
-123
-140
-158
-168
-174
-184
-181
-184
-185
-174
-166
-157
-145
-131
-122
-114
-100
-92
-81
-74
-74
-61
-48
-33
-16
-3
10
8
14
12
22
25
17
18
19
18
7
11
6
-5
-4
-15
-12
-6
-8
-17
-21
-17
-17
-13
-7
-5
0
2
8
13
14
5
4
12
11
23
27
27
25
17
21
13
13
15
2
-4
-14
-21
-28
-31
-33
-40
-32
-37
-33
-28
-34
-43
-50
-48
-46
-51
-46
-37
-37
-31
-29
-25
-12
-8
3
5
7
11
13
25
30
44
49
62
79
91
112
116
130
136
136
147
146
147
155
152
156
154
154
152
151
147
137
132
114
98
84
59
47
27
15
6
-9
-26
-56
-56
-62
-78
-93
-97
-103
-111
-104
-117
-116
-127
-131
-127
-125
-114
-110
-101
-94
-98
-97
-87
-76
-61
-53
-38
-22
-19
-3
3
15
16
19
29
25
36
33
30
26
28
35
33
29
22
22
12
4
-8
-20
-27
-29
-31
-37
-42
-40
-41
-49
-52
-60
-56
-57
-57
-50
-51
-39
-32
-19
-5
1
16
24
36
45
47
56
62
65
64
67
63
62
57
54
50
45
41
32
30
22
17
1
-8
-10
-15
-24
-28
-29
-36
-36
-43
-45
-48
-45
-44
-43
-32
-27
-21
-9
3
9
12
18
25
28
30
33
40
43
49
57
67
79
81
80
80
80
81
73
69
70
61
54
44
32
22
6
-3
-21
-27
-33
-40
-39
-46
-46
-52
-58
-60
-68
-71
-72
-71
-67
-62
-56
-54
-55
-50
-45
-43
-29
-28
-20
-5
9
25
33
42
56
54
59
66
68
77
76
80
74
65
71
62
61
60
56
46
40
38
28
21
13
5
-7
-17
-20
-28
-33
-40
-42
-52
-61
-67
-69
-70
-67
-62
-59
-55
-51
-41
-42
-27
-16
-5
9
8
18
18
23
33
40
54
64
67
74
78
75
67
61
50
45
43
38
36
22
