11
7
-2
-3
3
1
20
3
-12
-18
-17
-30
-33
-20
-28
-33
-28
-33
-36
-32
-42
-41
-42
-38
-27
-29
-24
-17
-15
-4
1
4
22
19
31
31
41
57
64
62
48
44
28
10
-7
-5
-29
-51
-61
-86
-79
-72
-59
-30
-37
-31
-7
5
19
18
32
42
25
21
5
-26
-24
-33
-42
-21
-17
-20
4
7
17
16
8
29
23
18
15
17
6
-6
17
10
7
10
4
-9
-11
3
13
8
12
17
37
42
8
71
30
43
22
120
178
-10
37
1
-20
-40
12
97
-79
-87
-97
-125
-120
-62
5
6
-28
-39
-25
-62
-26
-23
-5
-7
16
-4
44
4
18
-27
-27
-5
-3
259
100
191
67
-80
-153
-104
130
-21
119
71
-223
-238
-179
-43
2
35
148
39
-120
-121
-110
-123
-39
-5
44
38
-1
59
-11
23
111
111
194
187
180
194
134
97
135
39
69
138
52
137
-16
-14
-57
-36
26
14
59
33
49
-13
72
-33
89
-27
-40
58
-20
-67
25
-12
-92
-5
-61
-46
-56
28
-19
-41
-31
-58
-83
-82
-37
-58
-27
17
-79
-48
-14
-58
-8
-27
6
-30
-45
19
-10
-26
34
24
-51
69
34
-15
79
34
13
9
15
8
-58
15
25
24
-4
-4
21
-110
-4
-79
-35
-103
-83
-12
-182
-97
-63
-131
-148
-84
-41
-70
-37
3
-110
-85
164
-16
165
222
126
149
76
121
110
190
68
170
-45
-17
-82
-227
-35
-179
-4
-83
-129
-167
-172
-180
-98
-32
-73
-58
-73
-21
-164
98
37
42
129
82
90
-9
130
55
85
171
124
79
30
86
-136
77
78
-115
155
0
-55
-78
-180
-101
-68
-57
15
28
-49
-178
-256
-86
-192
7
169
15
113
-95
-114
-82
45
278
234
259
124
11
-72
-16
52
261
189
118
55
-109
-108
-192
126
-11
104
5
-7
-98
-120
191
-77
49
87
93
23
253
42
-97
-25
-88
172
112
308
78
-111
-57
-179
33
236
216
248
16
-160
-171
-81
-38
275
306
98
81
-212
-289
-295
-123
99
67
29
-148
-428
-422
-395
-112
46
118
74
-100
-174
-314
-210
33
98
144
257
136
-70
-43
32
27
228
260
243
175
-36
4
-155
-76
78
-22
157
52
-31
72
-43
-139
-95
-94
13
51
67
90
-141
2
-113
-122
28
14
169
98
114
54
-79
-121
26
-2
140
168
109
-63
-160
-134
-80
-130
-51
206
-187
-44
-21
-211
-215
-128
13
-40
113
78
-149
-132
-172
-173
-14
125
91
-70
-200
-206
-296
-74
87
132
205
-123
-124
-218
-198
10
59
297
80
-165
-155
-235
-82
123
208
348
94
-50
-155
-188
59
62
250
280
128
-46
-38
25
-69
111
174
239
224
19
104
-4
-36
127
171
298
196
220
132
-32
83
19
130
170
277
166
132
221
25
85
175
115
77
119
153
66
109
96
38
93
-42
31
-1
-43
43
45
46
-120
-147
-130
-173
-68
26
20
-56
-242
-278
-366
-213
-123
-89
-62
-258
-287
-418
-372
-246
-233
-83
-111
-167
-163
-297
-208
-252
-143
-89
-146
4
-198
-222
-198
-240
-81
-4
112
28
-34
-31
-23
57
69
113
59
59
41
77
84
73
105
85
142
64
52
43
0
78
154
265
318
183
163
88
31
259
331
447
356
253
135
46
142
230
418
378
489
311
174
31
-100
174
279
522
400
258
-105
-272
-57
106
346
374
243
-57
-209
-243
-92
52
161
94
-32
-122
-294
-226
-268
-230
-118
-29
-53
-191
-223
-385
-416
-244
-129
-149
-96
-253
-417
-415
-436
-349
-365
-269
-401
-508
-554
-594
-613
-586
-428
-554
-516
-540
-695
-715
-676
-610
-615
-595
-601
-727
-803
-531
-276
-94
-27
-99
-23
-70
237
666
764
802
616
694
760
834
1219
1222
1299
1195
1121
1218
1076
1136
1043
1076
1006
857
769
472
371
227
199
248
117
-55
-263
-345
-360
-343
-192
-131
-150
-172
-95
-18
24
152
232
384
475
611
653
623
664
566
654
748
756
679
567
465
305
107
18
2
-83
-116
-370
-481
-742
-829
-856
-795
-623
-838
-930
-1055
-1030
-1147
-1000
-673
-709
-739
-695
-743
-802
-632
-436
-272
-304
-394
-602
-698
-488
-409
-296
-388
-496
-806
-1050
-938
-1009
-1010
-1291
-1232
-863
-780
-763
-1116
-952
-912
-834
-32
479
446
-88
-203
190
405
986
1487
1481
1310
933
1191
1410
1586
1615
1395
1490
1209
1002
859
654
594
444
412
407
23
-295
-613
-544
-245
-257
-125
-323
-527
-515
-233
227
351
423
432
390
518
679
1007
1212
1299
1312
1208
1246
1129
1043
1107
1158
1100
840
554
339
171
121
123
88
-58
-360
-569
-501
-436
-408
-423
-345
-416
-564
-414
-357
-260
-225
-281
-174
-76
-159
-204
-20
-47
-167
-91
36
-180
-310
-175
-236
-350
-258
-357
-795
-722
-900
-984
-774
-957
-1135
-1428
-1349
-1525
-1535
-1333
-1445
-1609
-1801
-1807
-1886
-1821
-1267
-715
-779
-1122
-1266
-870
-764
-434
655
740
159
-275
190
561
569
1434
1693
1226
870
950
1194
1157
1390
1470
980
966
717
251
351
351
127
-211
-103
-264
-824
-840
-728
-669
-686
-660
-456
-489
-487
-122
46
351
428
611
1043
1053
1218
1370
1656
1909
1892
2080
2055
1936
1843
1721
1947
1915
1696
1376
1066
942
604
539
472
146
-92
-389
-424
-458
-614
-634
-662
-503
-745
-773
-393
-401
-623
-424
-248
-292
-290
-123
136
-187
11
126
22
152
44
145
-50
-88
-64
-287
-381
-438
-452
-792
-842
-676
-958
-1020
-953
-1043
-1163
-1276
-1156
-1309
-1323
-1110
-1201
-1284
-1373
-1375
-1483
-1465
-1212
-1160
-1113
-713
-555
-1071
-1117
-537
-460
-495
227
761
84
-561
21
406
324
819
1400
1150
460
414
923
1091
1124
1228
1063
786
504
295
364
576
354
26
29
27
-298
-560
-315
-120
-187
-232
-133
-156
-177
28
381
654
577
658
814
1081
1304
1375
1555
1720
1734
1721
1854
2016
1819
1544
1599
1602
1435
1152
1076
996
634
399
351
334
10
-232
-141
-249
-398
-382
-458
-444
-614
-601
-392
-399
-490
-524
-206
-381
-221
7
10
12
-108
51
-11
96
290
95
-56
50
-129
-402
-229
-11
-265
-619
-586
-650
-1056
-891
-619
-847
-1157
-1097
-1095
-1414
-1250
-985
-1193
-1283
-1148
-1304
-1402
-1448
-1315
-1465
-1590
-1316
-1425
-1528
-1165
-798
-893
-1239
-891
-600
-774
-376
75
206
-406
-296
430
314
481
777
1071
894
559
948
1051
1076
1039
1042
1120
924
772
590
673
700
391
250
337
214
-153
-187
-22
15
-147
-172
-95
-251
-135
129
314
246
116
275
317
545
719
875
1017
944
1001
1078
1262
1434
1417
1342
1304
1233
1159
1050
1150
1139
917
654
504
409
253
178
68
55
-85
-370
-563
-449
-484
-634
-532
-469
-433
-785
-600
-556
-654
-490
-430
-69
-399
-232
-356
-464
-287
-173
25
-119
-5
-314
-442
-369
-333
-414
-296
-136
-573
-906
-843
-760
-870
-600
-512
-834
-1066
-1129
-959
-1103
-845
-726
-1026
-1239
-1252
-1116
-1290
-1061
-1053
-1275
-1138
-537
-306
-852
-1036
-515
-388
-455
277
792
275
-689
-34
683
589
905
1263
1350
555
587
1259
1321
1286
1207
1346
1106
798
717
697
810
692
414
292
241
-59
-317
-196
-15
-141
-383
-419
-456
-433
-222
-5
158
19
-36
82
336
547
629
885
1005
1025
1046
1180
1384
1432
1489
1623
1735
1561
1302
1250
1362
1315
1145
1009
826
609
318
273
296
167
-76
-212
-203
-351
-521
-524
-574
-544
-611
-637
-543
-657
-804
-855
-558
-602
-727
-373
-318
-614
-572
-374
-288
-417
-192
-31
-200
-277
-364
-396
-587
-422
-412
-493
-583
-687
-708
-979
-869
-779
-933
-899
-942
-1149
-1324
-1216
-1134
-1280
-1275
-1242
-1440
-1561
-1483
-1077
-578
-488
-913
-1243
-879
-441
-156
285
714
206
-654
-138
799
1002
1002
1296
1362
633
502
1339
1716
1545
1241
1265
1111
750
753
956
1072
734
324
207
174
42
-129
-66
20
-200
-451
-451
-370
-345
-180
10
-56
-190
-91
150
331
456
655
763
785
827
1018
1327
1547
1540
1434
1467
1507
1540
1545
1620
1545
1259
1058
973
973
839
657
561
260
27
-108
-91
-74
-253
-363
-594
-774
-753
-664
-711
-677
-722
-936
-976
-948
-650
-643
-899
-588
-481
-586
-689
-416
-190
-614
-435
-121
-269
-462
-336
-231
-377
-581
-536
-513
-672
-636
-550
-727
-1001
-1004
-1138
-999
-1160
-1077
-1194
-1507
-1411
-1649
-1323
-1372
-1479
-1554
-1554
-1038
-668
-647
-1084
-1155
-571
-285
-18
537
570
-40
-483
405
1209
1153
1152
1287
1262
683
987
1855
1874
1518
1302
1363
1178
889
1058
1318
1093
583
271
298
344
110
25
56
-99
-402
-487
-252
-256
-355
-216
-140
-209
-286
-40
219
240
451
627
676
720
806
1058
1309
1492
1492
1303
1345
1548
1585
1611
1541
1417
1137
979
1083
1106
943
568
349
201
74
14
64
-108
-490
-831
-860
-770
-855
-801
-949
-1212
-1474
-1368
-1114
-1034
-989
-1153
-1368
-1253
-1042
-780
-660
-736
-633
-761
-410
-292
-279
-131
-281
-206
-309
-274
-190
-231
-258
-328
-385
-642
-750
-417
-520
-663
-888
-937
-1058
-1133
-938
-1026
-1154
-1451
-1476
-1506
-891
-390
-527
-1275
-1419
-530
-387
-190
355
679
-67
-736
311
1154
1088
1004
1337
1474
687
749
1762
2017
1533
1190
1455
1184
783
1060
1366
1148
407
133
273
265
59
-39
-101
-403
-530
-547
-399
-435
-516
-337
-316
-336
-478
-105
250
225
263
406
711
701
826
1157
1282
1303
1315
1640
1730
1604
1576
1681
1718
1553
1548
1387
1146
988
994
959
638
404
249
134
-15
-177
-309
-503
-684
-780
-850
-884
-968
-1062
-1125
-1185
-1223
-1149
-967
-1054
-1088
-1174
-907
-767
-719
-454
-518
-463
-598
-439
-122
-144
-196
-154
-129
-281
-443
-222
-187
-402
-350
-550
-678
-867
-734
-763
-869
-865
-904
-1099
-1356
-1138
-1162
-1399
-1408
-1229
-1367
-1432
-878
-454
-975
-1481
-827
-194
-372
-133
478
305
-504
-292
858
990
647
983
1346
904
503
1226
1823
1503
1159
1168
1159
826
857
1250
1209
728
345
449
541
450
251
196
122
-174
-208
38
75
-118
-153
59
24
-179
-34
407
487
290
311
496
703
748
935
1120
1035
1076
1139
1253
1335
1337
1352
1170
1187
1168
1041
974
846
792
575
346
309
267
168
-24
-194
-350
-533
-631
-617
-702
-848
-999
-1010
-1028
-1014
-955
-1087
-993
-1110
-1019
-899
-762
-691
-680
-524
-603
-447
-481
-279
-261
-244
-142
-248
-187
-240
-231
-86
-86
-323
-356
-515
-432
-423
-528
-545
-733
-845
-889
-927
-1028
-1099
-1187
-1144
-1281
-1412
-1451
-1337
-767
-561
-872
-1268
-956
-441
-366
-200
151
173
-448
-323
504
764
571
641
1034
880
498
935
1416
1358
1169
1046
1095
981
1000
1165
1097
753
429
413
555
575
242
41
-11
-38
-46
-45
-21
-159
-199
-7
4
-116
-67
192
301
302
347
359
490
633
827
943
1004
996
896
1007
1270
1402
1253
1156
1202
1186
1069
1027
1077
956
735
600
544
444
317
299
99
-165
-325
-382
-337
-448
-607
-801
-955
-957
-956
-926
-979
-1124
-1118
-1022
-966
-893
-889
-845
-709
-670
-501
-473
-323
-393
-223
-196
-341
-68
-216
55
-54
-150
-185
-288
-154
-237
-207
-329
-454
-462
-485
-727
-711
-766
-858
-873
-852
-1042
-1320
-1235
-1314
-1273
-971
-503
-649
-1141
-1295
-764
-265
-287
-6
205
12
-505
-165
650
821
751
749
1063
775
599
1206
1590
1393
955
1049
1183
1059
1014
1076
1036
631
351
445
606
503
169
79
1
-107
-148
-130
-139
-265
-216
-182
-188
-229
-115
213
199
75
63
298
547
544
572
628
751
723
817
1012
1012
1021
929
1056
1123
1025
953
799
931
846
683
629
488
449
320
356
270
73
49
-32
-90
-308
-442
-400
-480
-574
-667
-685
-843
-879
-792
-719
-711
-791
-735
-738
-641
-643
-477
-417
-427
-361
-361
-317
-354
-251
-262
-91
-43
-263
-321
-241
-215
-237
-196
-132
-340
-507
-410
-499
-472
-558
-431
-654
-862
-774
-930
-916
-1000
-999
-1077
-1011
-632
-536
-854
-1091
-1016
-504
-201
-271
-145
-147
-327
-400
186
689
503
445
639
703
533
732
1248
1303
980
786
926
1010
1054
1102
1017
757
481
474
681
733
413
76
29
74
84
-25
-116
-152
-255
-251
-278
-254
-205
-172
-131
-243
-218
-116
34
212
238
189
125
269
515
559
563
561
550
491
425
612
764
763
628
533
532
524
530
613
650
540
387
281
303
320
210
41
-75
-197
-285
-338
-375
-473
-607
-724
-748
-682
-714
-749
-765
-694
-650
-575
-521
-545
-481
-468
-497
-247
-92
-173
-187
-233
-5
3
100
320
223
122
54
140
202
181
248
155
-87
-151
-131
-220
-331
-381
-489
-755
-702
-644
-817
-924
-1137
-1029
-940
-624
-487
-810
-1013
-1016
-418
-255
-215
-102
-282
-404
-451
155
586
492
437
517
626
504
815
1305
1236
991
805
952
1000
1024
1088
896
688
482
475
569
552
262
-51
-43
-20
-50
-184
-278
-340
-467
-328
-297
-356
-438
-343
-199
-331
-338
-224
-6
24
-34
7
-28
51
342
469
220
-10
281
605
409
373
519
483
399
538
834
636
399
572
710
628
349
383
511
324
221
203
213
70
-83
-107
-277
-381
-431
-388
-429
-638
-720
-739
-702
-639
-574
-609
-684
-573
-460
-322
-342
-307
-274
-147
119
-17
175
198
316
330
222
406
340
579
413
273
259
136
157
20
118
-57
-238
-238
-402
-549
-728
-821
-868
-916
-971
-1132
-1075
-688
-767
-1159
-1236
-828
-433
-557
-395
-235
-402
-593
-336
361
479
359
469
577
468
522
969
1264
1042
831
827
891
919
962
1005
787
507
360
383
438
376
116
-107
-171
-210
-193
-214
-340
-460
-469
-444
-539
-525
-384
-288
-390
-497
-364
-221
-122
-126
-154
-134
-76
163
263
244
189
276
459
504
595
622
576
556
587
728
781
758
681
623
672
739
713
644
573
440
325
286
297
274
104
-80
-156
-220
-263
-290
-318
-455
-619
-708
-640
-571
-607
-638
-700
-709
-632
-474
-357
-363
-348
-290
-113
35
229
152
8
161
270
444
399
305
249
54
138
178
53
-35
-151
-239
-436
-550
-424
-577
-817
-920
-1016
-1219
-1319
-1180
-1084
-908
-1007
-1218
-1430
-1029
-439
-468
-477
-411
-271
-402
-274
447
618
489
562
799
765
704
1187
1522
1311
957
957
1203
1184
1241
1216
927
627
520
675
645
489
249
-30
-144
-89
-22
-119
-309
-421
-397
-343
-397
-408
-314
-199
-302
-430
-324
-108
39
-23
-53
9
80
211
277
318
296
284
395
484
450
416
406
424
490
521
543
374
324
432
426
406
284
305
251
138
153
92
53
-65
-126
-145
-223
-223
-259
-373
-466
-540
-536
-553
-543
-510
-540
-595
-593
-487
-387
-344
-327
-259
-192
-150
-30
114
208
230
224
226
294
370
300
276
204
162
184
91
42
-203
-317
-323
-388
-402
-615
-763
-912
-1055
-1039
-1156
-1269
-1321
-1254
-861
-916
-1289
-1528
-1114
-437
-553
-620
-322
-279
-532
-441
393
678
399
493
715
679
550
984
1455
1205
813
745
900
1038
1076
1002
732
425
377
456
513
430
110
-184
-278
-155
-26
-91
-265
-419
-378
-203
-200
-190
-121
-4
-47
-191
-36
196
293
240
193
243
274
347
443
462
435
555
417
262
272
646
719
258
317
485
444
230
317
585
292
86
206
300
266
115
264
249
27
12
103
195
59
-27
-79
-166
-159
-134
-152
-309
-390
-402
-356
-342
-342
-351
-450
-430
-329
-184
-151
-241
-243
-147
48
66
-12
-20
72
157
103
74
80
53
-3
-135
-188
-169
-155
-242
-502
-594
-708
-814
-838
-904
-1076
-1325
-1313
-1131
-794
-862
-1272
-1513
-1089
-375
-506
-614
-405
-407
-608
-488
370
539
167
325
554
522
427
1013
1426
1059
733
723
904
976
1119
1053
568
281
378
575
449
297
148
-132
-226
-89
91
0
-190
-269
-187
-55
-78
-36
57
156
73
-47
119
329
446
322
191
274
417
483
448
417
380
382
412
441
434
330
289
340
315
234
219
300
245
170
261
308
280
217
227
262
182
184
226
208
105
4
54
75
59
5
-36
-73
-151
-176
-175
-180
-227
-261
-282
-308
-322
-313
-326
-342
-299
-277
-327
-303
-204
-111
-116
-184
-137
-73
-4
-21
-110
-121
-95
-92
-140
-193
-241
-390
-466
-498
-588
-670
-732
-805
-1027
-1163
-1099
-839
-534
-762
-1234
-1448
-804
-271
-496
-492
-422
-542
-837
-378
481
360
62
195
410
327
414
1005
1092
693
505
590
667
819
1036
786
271
161
402
529
453
313
-65
-303
-185
67
72
-146
-259
-358
-289
-144
-95
-77
-84
34
-32
-60
126
332
435
284
178
239
398
512
434
346
316
263
283
222
466
382
-18
-198
82
576
192
100
237
120
88
188
685
496
234
348
398
487
451
646
659
351
293
348
540
510
418
299
105
136
219
287
141
-16
-163
-291
-226
-121
-82
-321
-495
-482
-341
-181
-264
-275
-386
-356
-271
-204
-103
-190
-243
-283
-278
-229
-141
-104
-294
-472
-484
-420
-433
-494
-619
-853
-962
-995
-1015
-1061
-1132
-850
-784
-1131
-1566
-1363
-548
-538
-856
-774
-562
-719
-905
-198
323
112
-49
173
374
299
571
1032
918
632
623
762
845
991
1032
745
452
538
673
573
535
481
191
-68
75
372
287
-43
-171
-73
105
77
0
-24
69
125
11
2
209
382
284
92
120
287
376
298
220
186
169
152
125
197
67
78
142
-5
3
39
362
161
59
364
280
266
202
559
576
341
510
493
482
431
506
639
452
466
437
411
405
351
295
80
79
87
19
-43
-118
-250
-402
-343
-303
-344
-513
-575
-516
-499
-385
-419
-450
-452
-337
-219
-321
-302
-246
-209
-223
-280
-233
-229
-178
-264
-382
-394
-424
-468
-631
-693
-839
-927
-987
-1142
-1121
-1151
-892
-949
-1272
-1482
-1300
-625
-719
-895
-748
-701
-812
-871
-105
205
-118
-118
181
356
249
620
1048
826
569
660
964
975
1017
1060
844
608
581
808
814
689
491
254
242
383
530
380
142
118
187
304
248
228
235
300
319
185
202
353
527
447
247
229
328
480
446
382
326
275
291
256
257
183
125
114
57
216
174
43
-29
177
347
174
233
308
295
203
333
454
407
463
442
380
279
363
488
365
279
202
174
141
95
125
-117
-305
-290
-243
-244
-401
-446
-527
-559
-544
-532
-457
-489
-547
-609
-525
-334
-295
-369
-428
-323
-242
-226
-223
-186
-187
-244
-258
-256
-190
-220
-349
-443
-513
-524
-591
-705
-827
-991
-1091
-1195
-1127
-1087
-1080
-988
-1139
-1334
-1432
-889
-538
-876
-892
-665
-583
-802
-433
221
114
-32
224
469
471
650
1124
1068
847
972
1165
1186
1240
1384
1139
883
1000
1148
995
832
895
682
377
389
593
608
376
227
130
176
277
262
122
35
135
107
54
137
231
231
80
72
135
187
206
128
73
76
114
128
103
147
86
-6
-29
70
423
297
-15
-97
303
626
293
311
436
336
255
383
671
477
298
397
327
285
286
346
250
-9
-45
-88
-70
-48
-112
-368
-573
-441
-330
-380
-504
-559
-650
-623
-462
-389
-436
-570
-532
-432
-264
-128
-193
-256
-325
-176
-99
-137
-100
-120
-141
-231
-252
-173
-131
-185
-394
-509
-538
-519
-582
-747
-863
-1002
-1048
-1146
-1111
-1096
-1015
-945
-1142
-1321
-1234
-687
-591
-821
-665
-464
-493
-637
-123
320
151
160
394
545
537
771
1132
953
892
1057
1140
1129
1242
1355
1019
876
1051
1087
903
837
869
577
385
492
597
441
207
133
113
223
245
140
30
62
119
6
28
150
148
18
-93
-2
53
95
97
15
-12
-47
-4
33
78
51
-49
-35
85
175
124
197
218
152
131
271
460
320
217
254
322
342
278
365
326
228
164
158
250
203
57
-75
-104
-85
-152
-213
-309
-410
-483
-485
-438
-484
-546
-617
-612
-577
-513
-449
-451
-447
-457
-427
-341
-232
-165
-230
-284
-224
-67
-2
-69
-128
-60
-39
-90
-129
-131
-115
-226
-333
-407
-426
-434
-569
-705
-797
-848
-913
-958
-869
-866
-843
-800
-847
-929
-775
-358
-410
-595
-399
-194
-290
-303
210
411
217
328
631
708
694
980
1181
1025
1024
1208
1230
1144
1205
1203
1042
963
990
921
804
775
616
400
398
473
435
230
104
53
28
83
17
-116
-259
-249
-238
-295
-296
-273
-273
-362
-388
-318
-255
-199
-225
-234
-248
-204
-124
-53
17
-74
-68
18
134
132
102
209
173
173
284
451
478
350
401
478
490
486
473
486
385
307
265
261
283
171
40
-67
-93
-98
-129
-166
-285
-393
-437
-390
-382
-458
-525
-580
-545
-520
-490
-478
-474
-427
-447
-400
-323
-185
-117
-199
-180
-81
30
39
7
19
4
12
-23
-44
-66
-132
-212
-313
-338
-394
-460
-542
-630
-698
-793
-830
-850
-809
-861
-912
-706
-667
-807
-954
-619
-367
-522
-402
-174
-142
-286
23
485
444
460
686
807
801
968
1239
1151
1095
1217
1237
1146
1198
1295
1119
958
1001
1009
911
860
817
613
499
534
518
365
209
125
-23
-37
8
-98
-269
-297
-180
-273
-349
-249
-181
-220
-275
-205
-175
-129
-74
-109
-156
-119
-14
9
-37
-17
8
42
99
165
169
159
215
274
281
260
308
343
310
285
282
280
209
181
170
83
23
-2
-4
-47
-145
-221
-278
-295
-328
-397
-485
-564
-574
-581
-612
-652
-667
-677
-678
-649
-589
-531
-494
-469
-411
-348
-281
-222
-151
-74
-54
-71
-45
48
122
89
54
67
79
76
57
36
-49
-131
-158
-172
-211
-289
-361
-459
-514
-546
-579
-625
-650
-663
-677
-537
-487
-606
-703
-418
-151
-253
-219
-2
53
-71
139
525
516
474
672
763
716
839
1076
1021
939
1056
1087
979
992
1117
984
792
785
759
672
567
524
332
183
205
136
22
-102
-162
-267
-304
-246
-334
-453
-492
-434
-456
-487
-435
-400
-409
-395
-346
-322
-288
-238
-200
-179
-152
-138
-76
30
40
-1
22
164
190
140
201
226
220
204
271
315
252
223
236
270
268
179
123
134
154
84
-36
-31
-33
-99
-197
-229
-231
-304
-336
-376
-419
-416
-393
-396
-434
-416
-381
-376
-363
-293
-274
-295
-245
-144
-77
-71
-25
35
75
104
146
187
211
241
210
191
213
224
206
161
114
67
10
-33
-78
-174
-234
-283
-319
-387
-430
-467
-544
-580
-554
-510
-545
-482
-454
-534
-601
-405
-141
-202
-211
-54
-15
-72
140
494
461
348
526
673
625
723
936
907
737
818
865
754
800
869
714
498
554
587
409
308
289
139
-33
3
-7
-186
-275
-265
-358
-453
-394
-376
-473
-491
-405
-421
-438
-334
-254
-292
-307
-212
-154
-97
-22
-24
-40
36
161
167
149
191
228
269
303
327
310
351
375
342
344
369
336
279
310
323
277
229
212
186
132
71
14
-10
-42
-103
-211
-256
-246
-267
-337
-380
-386
-432
-453
-441
-436
-459
-465
-424
-402
-368
-321
-276
-224
-165
-93
-43
14
73
106
143
201
261
272
266
277
265
235
216
243
233
171
77
9
12
-13
-93
-175
-221
-305
-367
-392
-400
-433
-510
-564
-556
-483
-483
-476
-381
-384
-470
-456
-160
-37
-139
-79
54
64
38
316
496
399
401
535
559
554
694
758
614
584
693
611
534
581
547
346
247
306
220
94
36
-45
-201
-245
-205
-292
-396
-408
-450
-527
-463
-392
-468
-542
-452
-366
-404
-376
-283
-236
-262
-240
-159
-107
-21
31
39
86
164
186
239
338
308
201
247
401
369
308
369
357
291
311
437
403
267
242
264
276
307
294
223
165
161
148
79
71
48
-22
-97
-131
-127
-154
-156
-185
-253
-270
-227
-174
-180
-224
-256
-247
-182
-108
-89
-98
-93
-17
47
64
84
90
109
130
162
204
209
185
136
112
125
99
51
5
-70
-141
-189
-206
-237
-320
-372
-386
-403
-426
-463
-499
-543
-568
-548
-517
-520
-460
-393
-412
-454
-345
-115
-121
-172
-45
55
19
62
341
413
284
332
477
481
466
530
547
465
477
503
405
402
460
385
232
225
257
119
48
85
25
-129
-161
-115
-159
-207
-232
-288
-335
-259
-209
-265
-301
-234
-195
-211
-156
-76
-59
-85
-52
-7
22
61
82
77
69
162
162
128
165
221
237
168
248
300
234
193
241
295
232
254
300
244
187
189
191
163
115
114
75
25
17
-5
-31
-93
-147
-171
-186
-166
-175
-212
-241
-235
-218
-216
-218
-224
-222
-174
-134
-109
-66
-28
57
109
140
174
192
208
212
221
226
232
245
248
248
222
213
201
183
121
39
-7
-29
-69
-141
-194
-253
-309
-335
-342
-364
-413
-452
-460
-468
-463
-437
-419
-409
-423
-363
-294
-291
-281
-187
-82
-108
-67
64
114
86
174
323
297
260
382
436
364
378
485
459
379
403
429
349
313
346
252
146
138
119
27
-11
-12
-99
-193
-169
-154
-226
-241
-226
-284
-335
-284
-274
-334
-344
-293
-265
-292
-256
-209
-187
-152
-95
-60
-41
15
27
73
133
166
128
158
242
238
215
244
325
306
292
318
332
305
285
319
285
232
197
193
146
124
106
54
-5
-39
-56
-124
-146
-186
-236
-264
-263
-235
-240
-232
-219
-203
-178
-144
-111
-90
-39
-11
-3
37
113
177
198
220
252
289
319
347
344
326
304
301
301
277
224
167
121
75
47
-22
-107
-171
-201
-236
-283
-311
-346
-407
-441
-436
-430
-462
-493
-474
-452
-425
-398
-380
-353
-279
-221
-214
-214
-122
-11
-9
-3
112
215
208
223
332
374
343
354
406
395
360
385
401
370
350
338
300
255
220
175
110
68
13
-64
-125
-161
-191
-262
-336
-353
-352
-367
-393
-392
-367
-371
-378
-380
-376
-343
-310
-291
-273
-222
-173
-136
-82
-25
9
44
97
127
161
227
265
246
266
337
355
310
305
331
317
298
296
280
247
229
215
177
129
91
62
51
26
-2
-38
-69
-73
-106
-151
-177
-163
-148
-158
-151
-124
-118
-95
-57
-21
10
32
79
121
161
207
225
228
243
275
288
283
294
285
251
227
220
209
167
133
92
44
-6
-47
-86
-149
-215
-258
-294
-337
-346
-342
-365
-383
-377
-364
-370
-365
-351
-330
-309
-290
-253
-212
-179
-141
-105
-70
-25
6
28
61
95
121
137
172
205
215
224
233
250
248
240
244
230
205
194
195
155
124
124
100
31
-3
-10
-49
-97
-138
-171
-220
-240
-237
-259
-284
-290
-287
-291
-270
-251
-248
-241
-204
-164
-134
-95
-55
-27
-1
50
101
134
157
212
245
262
302
347
375
374
373
381
398
416
415
398
377
337
318
298
269
229
194
172
151
119
77
27
-14
-46
-77
-111
-142
-150
-174
-198
-203
-186
-183
-187
-185
-173
-144
-114
-86
-67
-49
-42
-30
7
48
69
69
77
82
86
72
67
63
44
19
-18
-50
-81
-114
-154
-199
-228
-250
-283
-317
-324
-332
-361
-383
-381
-358
-348
-339
-335
-323
-296
-267
-223
-173
-138
-103
-75
-16
41
92
112
113
147
179
203
228
265
283
267
263
267
280
265
245
221
167
142
114
94
80
56
11
-29
-26
-26
-69
-106
-117
-131
-133
-142
-142
-140
-135
-130
-123
-93
-76
-66
-67
-39
-10
19
57
85
133
157
193
241
288
322
332
345
364
390
396
393
410
415
410
410
403
383
365
357
344
301
262
240
203
165
131
99
44
-9
-33
-78
-116
-150
-179
-211
-240
-246
-254
-269
-285
-289
-284
-290
-290
-281
-268
-258
-269
-259
-246
-217
-201
-201
-180
-165
-155
-148
-135
-141
-151
-149
-147
-177
-195
-199
-226
-242
-251
-266
-304
-318
-311
-327
-348
-351
-343
-356
-353
-321
-298
-285
-265
-245
-222
-198
-172
-133
-99
-54
-13
17
71
114
137
149
176
199
213
240
235
249
258
286
307
303
299
283
289
287
287
275
262
249
234
220
192
180
167
143
103
89
87
80
78
68
50
45
44
49
56
64
64
58
71
88
93
90
92
103
115
126
133
140
164
189
205
221
245
258
271
292
317
326
330
340
355
351
337
335
332
319
294
268
234
200
170
131
96
59
13
-17
-56
-99
-140
-169
-191
-225
-275
-306
-325
-353
-378
-403
-411
-415
-429
-435
-414
-395
-396
-398
-381
-345
-321
-313
-307
-287
-262
-254
-245
-225
-220
-233
-237
-231
-219
-221
-213
-202
-215
-219
-215
-204
-209
-227
-218
-198
-195
-206
-181
-169
-176
-165
-155
-126
-105
-88
-58
-25
17
40
77
109
132
144
167
197
209
222
233
253
269
272
289
287
299
293
289
295
283
281
271
260
244
225
214
193
172
159
143
128
103
88
78
68
53
49
40
19
-1
-13
-21
-21
-19
-14
-10
-5
10
22
38
51
71
84
107
122
153
185
207
232
247
280
289
297
304
320
333
325
326
326
326
318
304
284
270
248
222
190
157
121
73
26
-16
-53
-90
-132
-172
-195
-217
-248
-285
-312
-336
-366
-389
-396
-400
-407
-413
-418
-415
-407
-408
-393
-382
-375
-355
-338
-317
-314
-309
-287
-274
-265
-271
-270
-270
-252
-237
-227
-224
-227
-220
-217
-205
-197
-187
-169
-161
-141
-127
-115
-103
-87
-79
-67
-49
-25
1
4
30
40
59
67
83
108
115
130
148
182
198
198
206
219
230
232
213
213
223
223
224
224
234
227
232
230
208
205
183
179
169
177
187
155
145
135
123
100
95
93
77
60
37
38
38
32
28
29
27
35
59
72
74
71
73
78
81
83
99
108
124
139
155
164
181
195
208
217
221
230
232
216
202
189
156
125
100
79
49
18
-13
-43
-67
-97
-112
-147
-178
-201
-230
-258
-270
-282
-303
-316
-340
-347
-357
-352
-343
-341
-330
-318
-316
-291
-256
-240
-220
-198
-167
-151
-126
-99
-84
-75
-77
-47
-45
-36
-23
-13
1
2
24
33
46
44
49
43
32
29
34
27
16
5
1
15
10
18
13
22
22
15
20
21
35
31
28
22
23
29
42
51
45
49
49
58
61
60
54
42
47
53
45
52
52
38
30
16
20
17
17
8
2
-8
-18
-16
-30
-41
-55
-60
-61
-54
-63
-64
-67
-66
-52
-43
-40
-22
-15
-5
17
29
59
81
96
108
124
143
162
182
190
202
208
218
243
246
251
258
262
263
255
236
222
204
198
180
145
115
86
70
43
15
-21
-50
-74
-100
-128
-147
-162
-181
-191
-203
-213
-208
-222
-223
-226
-230
-217
-219
-209
-203
-188
-184
-176
-164
-147
-136
-112
-87
-71
-48
-35
-3
2
4
17
11
24
35
43
48
49
41
42
39
31
32
26
35
38
35
24
26
18
24
18
14
18
19
37
34
30
32
29
20
17
7
16
16
27
25
30
40
45
56
60
65
59
63
61
62
56
51
44
39
35
36
42
28
16
-1
6
5
-21
-25
-32
-38
-52
-54
-55
-55
-65
-61
-52
-45
-35
-41
-30
-31
-9
-9
4
23
29
67
73
83
98
114
127
128
142
161
168
171
179
190
192
200
196
199
193
172
161
149
130
103
90
65
38
16
-7
-28
-52
-69
-83
-93
-107
-117
-125
-131
-135
-145
-149
-163
-166
-178
-175
-168
-163
-151
-147
-139
-139
-118
-106
-87
-70
-59
-52
-43
-33
-20
-17
-3
7
19
31
49
54
52
65
61
70
75
87
85
76
64
58
56
48
49
36
29
18
7
3
-4
-1
-10
-5
-1
5
7
16
17
13
19
20
25
23
21
14
27
29
38
38
34
30
23
28
25
23
28
14
4
-2
-12
-12
-27
-38
-49
-54
-71
-88
-98
-96
-99
-111
-99
-99
-97
-96
-96
-92
-82
-72
-73
-62
-62
-44
-44
-37
-21
-9
17
28
47
57
78
89
107
114
120
119
119
124
103
115
102
104
91
81
90
77
72
60
58
49
45
35
18
7
-16
-27
-44
-57
-59
-69
-83
-101
-101
-98
-97
-92
-94
-93
-98
-106
-96
-94
-97
-100
-99
-86
-85
-77
-63
-70
-61
-55
-44
-26
-23
-9
-9
6
21
28
43
46
49
49
46
44
51
55
58
58
57
68
57
61
56
62
65
56
57
36
41
19
14
7
-3
-8
-12
-14
-14
-3
-8
-6
-16
-8
-4
-3
2
3
-1
-3
6
7
12
7
2
8
2
8
3
3
-1
-10
-2
2
2
2
-3
-12
-10
-14
-11
-15
-29
-20
-18
-18
-13
-21
-16
-21
-15
0
6
6
9
12
8
11
12
19
17
18
15
22
26
20
21
14
21
21
21
18
12
9
1
-4
-16
-14
-20
-31
-31
-33
-33
-40
-49
-51
-49
-57
-56
-54
-64
-58
-62
-58
-62
-75
-66
-64
-59
-56
-49
-54
-47
-46
-34
-24
-27
-11
-18
-7
-3
8
19
9
15
26
43
48
56
57
72
63
71
83
83
89
80
82
81
82
81
77
66
62
62
66
56
45
40
32
24
22
16
14
-4
-7
-12
-26
-20
-29
-29
-32
-39
-32
-34
-35
-36
-25
-28
-18
-14
-9
4
-1
13
12
13
21
27
32
30
38
37
45
41
49
53
49
49
41
46
35
37
29
26
12
8
