75
77
79
76
66
58
55
58
59
61
59
63
58
61
61
57
61
59
64
62
55
51
56
54
51
39
26
22
18
16
14
9
-10
-22
-23
-29
-35
-52
-65
-63
-66
-61
-71
-83
-91
-100
-96
-92
-90
-97
-105
-103
-98
-98
-85
-91
-100
-90
-92
-95
-95
-101
-106
-102
-94
-101
-102
-93
-91
-82
-94
-80
-80
-79
-70
-68
-60
-49
-44
-32
-11
-16
-4
-4
3
34
52
57
71
81
91
99
121
138
137
149
161
165
173
188
188
188
174
190
195
177
178
179
179
160
164
166
152
141
136
129
113
104
103
101
66
55
61
53
49
39
40
23
-2
-13
-8
-14
-36
-44
-51
-64
-78
-75
-94
-115
-126
-128
-129
-150
-148
-163
-169
-176
-188
-184
-184
-206
-212
-205
-208
-219
-207
-204
-220
-220
-210
-216
-216
-196
-182
-199
-211
-185
-175
-195
-188
-160
-186
-192
-187
-168
-181
-189
-161
-157
-156
-131
-86
-92
-93
-45
-24
7
42
69
104
136
177
225
267
298
334
358
389
434
454
477
495
493
504
497
486
474
455
429
396
371
323
292
252
202
152
123
94
49
32
10
-12
-34
-42
-51
-41
-50
-69
-36
-44
-43
-23
4
13
-8
21
59
57
40
53
113
11
22
49
-37
37
-89
-50
-26
-154
-100
-184
-123
-244
-259
-108
-290
-261
-209
-215
-318
-232
-217
-244
-187
-293
-120
-204
-245
-113
-133
-164
-124
-122
-110
-89
-169
-91
-55
-225
-137
-75
-225
-174
-141
-171
-212
-206
-145
-213
-234
-127
-172
-207
-103
-74
-89
-88
-26
-17
-31
25
103
77
106
175
177
230
241
276
286
282
291
314
323
309
288
272
254
230
193
177
171
110
113
94
57
29
3
-16
-29
-25
-22
-32
-43
-58
-49
-39
-21
3
38
77
87
97
107
131
136
157
199
224
243
261
265
260
256
230
199
210
218
210
212
185
190
157
83
75
112
48
-2
86
40
-84
19
-51
-110
-81
-142
-72
-180
-143
-93
-192
-171
-168
-183
-225
-130
-175
-221
-81
-277
-98
-230
-200
10
-327
-139
19
-417
-124
-142
-416
-66
-314
-375
19
-474
-263
-126
-501
-183
-370
-416
-248
-358
-454
-352
-300
-547
-431
-356
-470
-433
-447
-339
-363
-438
-231
-212
-311
-186
-116
-120
-107
6
97
24
67
202
125
188
240
254
342
303
375
437
369
414
399
349
365
308
304
307
271
223
205
175
129
101
112
118
111
122
156
145
134
153
172
180
178
218
225
210
213
217
222
246
225
265
330
312
321
355
316
305
323
322
323
327
309
305
304
240
234
218
166
176
145
161
112
41
65
-27
-34
-94
-44
-84
-128
-72
-145
-157
-178
-181
-181
-192
-170
-146
-139
-164
-112
-80
-217
-13
-226
-52
-120
-92
-84
-175
43
-153
-155
-35
-151
-172
-77
-208
-150
-210
-205
-244
-230
-248
-213
-305
-216
-203
-333
-232
-240
-276
-310
-244
-215
-315
-224
-214
-267
-224
-240
-241
-150
-214
-183
-120
-109
-72
-62
-37
-9
-4
-16
93
100
134
160
190
222
248
266
313
338
336
367
414
399
411
397
383
370
291
311
284
220
208
150
141
98
19
48
6
-35
-10
-43
-63
-75
-111
-63
-90
-103
-39
-31
-48
-44
4
33
52
68
114
110
126
142
144
185
145
181
171
141
175
146
127
123
88
123
100
38
87
-3
36
-14
-52
16
-100
-57
-53
-130
-84
-108
-150
-152
-156
-89
-176
-140
-72
-155
-123
-133
-138
-57
-231
22
-120
-158
24
-174
11
-113
-78
4
-91
-22
-200
76
-142
-143
5
-115
-42
-121
-87
11
-203
-31
-84
-138
-68
-131
-24
-224
-88
-170
-233
-171
-214
-251
-254
-285
-275
-353
-337
-304
-422
-344
-348
-317
-313
-295
-240
-289
-310
-179
-226
-196
-26
-91
25
36
73
112
111
172
232
239
296
289
311
277
271
319
242
310
290
302
271
237
229
190
120
131
132
110
113
88
83
30
29
34
-16
-1
-6
-12
35
-4
32
26
-35
36
40
59
103
63
121
81
114
140
76
110
132
99
104
126
40
73
11
-15
98
-55
12
69
-117
8
-28
-88
-45
-147
-91
-93
-164
-102
-212
-131
-247
-161
-173
-208
-134
-171
-232
-149
-56
-245
-2
-200
13
-113
-189
56
-91
-160
10
-43
-73
45
-76
40
-43
39
-9
139
-57
168
66
51
84
3
226
-125
197
-49
197
-37
-2
106
-5
-60
-42
-2
-112
-149
-130
-132
-228
-193
-231
-201
-230
-231
-206
-69
-192
-89
-64
-109
-33
-5
134
152
115
217
271
200
243
320
366
330
389
443
394
401
366
382
345
311
287
274
237
151
113
101
60
-53
-26
-14
-131
-101
-44
-131
-153
-132
-133
-110
-134
-103
-42
-83
-112
-60
-47
-51
-1
-29
61
95
-3
77
90
51
1
75
133
65
103
145
162
48
9
223
54
21
148
149
70
55
57
0
25
-108
-1
75
-121
-19
-52
-159
-100
-130
-135
-84
-192
-49
-71
-270
39
-179
-111
14
-225
119
-156
-55
42
-185
49
15
-194
75
-13
-58
56
-142
192
-78
-270
349
-146
-108
104
-171
85
-172
-241
214
-291
-317
178
-287
-203
-108
-235
-125
-279
-241
-172
-168
-239
-242
-71
-238
-257
-194
-164
-111
-165
-84
12
-105
-92
51
29
88
99
186
164
167
279
179
286
368
277
394
417
363
373
337
352
326
234
336
278
198
222
143
147
45
46
64
-36
40
-24
-97
-4
-132
-122
-101
-176
-33
-97
-51
-53
-116
-25
-58
-20
0
28
53
1
6
72
0
-14
25
93
49
111
73
113
122
-43
113
128
-39
98
157
-33
172
-41
-7
143
-206
45
35
-24
-69
42
-34
-245
64
-63
-167
-48
-73
-40
-178
-246
57
-286
-35
-241
-50
-68
-366
123
-425
133
-53
-343
223
-93
-244
2
-128
77
-356
62
150
-361
53
17
-77
-142
-36
-54
-5
-334
64
-110
-230
-156
-55
-255
-203
-92
-330
-161
-276
-324
-311
-235
-400
-253
-262
-345
-218
-342
-140
-108
-203
-111
-5
-100
-56
56
93
57
165
213
239
275
294
375
376
427
429
483
410
444
415
421
410
458
353
421
344
229
282
217
189
122
161
168
159
-27
132
50
-12
49
9
143
-6
-18
158
-11
38
-67
162
29
-44
250
42
68
99
-13
190
33
16
189
39
136
111
72
111
146
-26
29
126
45
-65
-50
133
-106
-55
-39
47
-73
-329
71
19
-449
-22
-58
-387
-24
-345
-119
-294
-230
-99
-441
-116
-20
-485
-226
76
-461
-161
-98
-274
-33
-294
-160
64
-291
-118
42
-147
-105
65
-258
56
98
-258
51
164
-148
-134
78
-68
-141
-126
-46
-63
-213
-185
12
-250
-208
-116
-220
-235
-186
-260
-273
-115
-263
-307
-75
-258
-216
-154
-73
-17
-185
56
65
-60
121
190
157
180
280
315
293
295
398
393
283
404
437
377
413
402
334
363
308
302
229
222
172
80
118
69
60
82
0
104
-24
28
57
-94
47
34
-46
57
52
6
46
76
9
16
36
66
60
-7
145
38
-74
133
43
12
155
106
121
51
65
144
-64
15
196
-35
-80
223
-65
-85
66
-71
47
-59
100
65
-101
-102
82
-184
-200
42
-13
-203
-114
10
-312
-104
-116
-175
9
-142
-106
-227
13
-41
-420
305
-120
-172
80
-49
77
-213
-31
143
-126
-165
172
-20
-143
11
-187
-68
24
-215
-14
19
-356
-175
-173
-342
44
-326
-258
53
-531
-307
-170
-345
-227
-310
-84
-301
-459
-240
-340
-314
-192
-3
-72
-326
5
-78
-255
81
137
96
91
182
218
165
140
315
348
392
401
480
357
239
350
276
314
390
263
281
228
28
87
23
53
18
-34
114
-78
-81
-75
-117
-52
-82
-37
77
27
-106
-30
90
-101
51
138
174
207
7
159
145
48
170
239
233
221
158
116
197
155
176
313
249
231
260
187
197
162
160
251
212
197
214
93
37
47
44
-23
-15
33
-80
-155
-239
-45
-197
-298
-8
-66
-239
-249
-131
-170
-463
-65
133
-347
-112
41
-155
-302
-33
181
-134
-30
224
109
-512
336
270
-585
515
127
-96
-193
-33
403
-740
59
295
-627
-179
-190
-143
-437
-470
81
-441
-635
-258
-439
-627
-575
-502
-450
-597
-549
-401
-267
-219
-445
-260
-56
-314
-97
151
174
96
-73
406
257
180
582
459
615
432
581
676
417
621
495
575
658
400
391
351
174
39
44
72
-64
-229
-198
-214
-335
-290
-248
-256
-256
-307
-205
-187
-280
-261
-155
-4
-58
-61
135
119
14
140
288
267
239
266
356
318
250
358
378
277
315
351
378
315
275
286
228
187
202
232
170
152
111
42
17
16
39
3
-33
-74
-123
-150
-287
-111
-222
-240
-105
-414
-27
-218
-443
-67
-143
-299
-73
-90
-89
-24
-361
234
-35
-246
435
20
-192
274
-131
-78
29
71
314
-382
42
213
-480
-141
175
-167
-250
-197
-215
-488
-655
-115
-488
-588
-359
-545
-707
-848
-655
-575
-855
-621
-669
-750
-471
-414
-254
-607
-290
-154
-262
109
242
312
-15
-41
532
501
488
828
848
783
579
825
997
822
796
922
853
628
583
508
527
250
250
288
155
31
-207
-180
-138
-193
-260
-226
-216
-401
-398
-251
-271
-308
-270
-82
-119
-149
-56
-16
60
74
190
330
275
230
272
360
366
296
380
373
412
390
382
433
295
346
338
399
427
265
319
159
165
194
121
157
67
56
-47
-82
-38
-101
-63
-101
-135
-180
-286
-231
-288
-244
-269
-306
-205
-426
-391
-261
-367
-231
-146
-233
-189
-213
-157
-139
-134
15
17
-126
-103
-16
-179
-114
-61
-74
-81
-120
-154
-316
-252
-224
-260
-338
-304
-264
-496
-644
-524
-515
-560
-659
-584
-639
-893
-855
-853
-789
-754
-441
-253
-354
-707
-561
-298
-160
178
537
539
9
-184
293
710
785
1000
1161
995
527
691
1027
1113
1035
995
1127
714
444
469
607
531
309
381
277
-114
-411
-321
-107
-88
-249
-315
-464
-636
-608
-391
-231
-273
-380
-298
-243
-247
-197
13
171
139
164
216
189
177
269
480
563
426
388
334
387
374
467
646
535
361
218
382
366
335
432
424
329
7
10
164
46
66
34
52
-146
-321
-137
-160
-150
-223
-244
-250
-471
-459
-373
-290
-340
-349
-319
-340
-416
-349
-260
-139
-77
-196
-163
-125
-168
-65
115
48
76
-23
-71
-8
6
76
27
-54
-31
-228
-253
-264
-277
-278
-478
-363
-559
-666
-662
-687
-669
-783
-798
-870
-975
-972
-1005
-880
-663
-420
-314
-792
-851
-457
-283
-72
350
607
160
-324
264
886
991
1094
1295
1274
749
844
1353
1577
1419
1213
1255
1069
804
768
931
936
599
354
338
135
-142
-190
9
41
-240
-489
-526
-599
-595
-406
-311
-378
-576
-613
-439
-304
-198
-83
-60
-48
-105
11
141
212
313
374
410
382
310
330
456
488
485
414
435
369
327
329
394
424
311
268
287
236
119
79
140
97
1
-81
-84
-91
-231
-238
-226
-222
-337
-418
-346
-416
-463
-488
-379
-427
-502
-449
-375
-305
-354
-261
-165
-177
-189
-125
18
43
27
73
112
128
77
176
187
125
58
-21
39
10
-72
-70
-53
-239
-422
-416
-403
-531
-622
-576
-713
-973
-1048
-957
-917
-1038
-1010
-1124
-1112
-613
-441
-499
-1023
-690
-322
-265
134
566
523
-350
-213
740
1153
1132
1100
1284
1047
649
1259
1802
1772
1235
1061
1238
950
891
911
1025
601
178
157
180
19
-287
-209
-156
-379
-646
-740
-593
-592
-642
-503
-613
-701
-829
-612
-309
-333
-335
-329
-248
-185
-41
138
252
254
212
297
409
389
412
488
539
482
476
434
425
437
477
509
367
372
282
289
395
323
282
127
107
93
51
139
52
17
-177
-226
-175
-240
-188
-234
-254
-313
-427
-409
-377
-297
-360
-397
-355
-396
-368
-292
-178
-166
-160
-138
-116
-51
-32
94
144
88
85
86
128
148
133
124
73
44
-16
-30
-119
-162
-232
-326
-412
-499
-630
-655
-785
-843
-973
-1034
-1092
-1240
-1138
-1174
-696
-516
-638
-1161
-1043
-349
-217
-21
400
424
-251
-457
598
1324
1225
1117
1130
1188
845
1231
1923
2042
1519
993
1169
1134
1097
1099
1193
814
137
-17
84
133
-136
-283
-268
-512
-830
-839
-657
-530
-677
-733
-771
-855
-881
-678
-376
-314
-378
-461
-362
-190
3
188
296
259
200
285
418
533
595
576
609
555
553
584
596
629
557
608
572
533
343
324
431
392
401
291
191
96
-54
113
132
66
-44
-229
-200
-288
-236
-195
-203
-280
-454
-438
-351
-299
-310
-309
-296
-350
-367
-266
-124
-120
-174
-167
-157
-117
-104
-34
41
-3
-31
-78
-2
22
34
46
-39
-64
-202
-246
-234
-294
-325
-481
-535
-666
-757
-791
-927
-956
-1159
-1210
-1224
-1402
-1309
-1433
-1079
-608
-673
-1033
-1423
-694
-339
-203
249
419
80
-705
16
1224
1443
1167
1001
1221
933
975
1833
2237
1890
1060
1013
1280
1212
1268
1185
1065
346
-105
78
250
80
-351
-456
-536
-829
-910
-755
-577
-701
-915
-872
-915
-859
-777
-439
-293
-397
-471
-438
-170
12
230
324
301
256
290
451
641
706
687
642
641
617
663
743
694
653
510
610
585
494
452
336
399
259
294
358
226
151
-74
18
106
-19
-13
-146
-138
-217
-260
-78
-143
-187
-313
-296
-224
-279
-256
-242
-185
-240
-273
-173
-80
-112
-133
-74
-27
-39
-51
-29
8
-40
-60
-24
-41
-65
-123
-118
-158
-204
-262
-316
-378
-428
-575
-609
-667
-719
-805
-941
-1016
-1129
-1199
-1182
-1211
-1269
-1342
-1393
-858
-525
-595
-1164
-1076
-436
-293
-26
427
535
-125
-459
603
1419
1383
1160
1235
1279
906
1355
2076
2175
1587
1047
1265
1318
1267
1239
1161
812
200
64
281
298
-37
-325
-372
-466
-662
-681
-605
-544
-658
-682
-696
-719
-706
-582
-345
-267
-281
-299
-226
-42
134
288
363
375
347
415
516
626
651
659
650
607
635
594
650
591
528
415
452
487
376
324
271
221
100
71
182
111
-71
-172
-123
-57
-159
-175
-193
-272
-376
-306
-189
-223
-324
-371
-243
-249
-279
-238
-165
-184
-312
-260
-178
-125
-188
-184
-115
-109
-151
-139
-87
-90
-120
-112
-76
-112
-157
-164
-160
-162
-211
-289
-322
-387
-422
-503
-530
-616
-717
-754
-861
-881
-987
-1087
-1144
-1158
-1224
-1234
-1336
-932
-401
-428
-942
-1173
-495
-264
-106
488
766
207
-567
276
1365
1521
1316
1329
1406
966
1097
1960
2284
1827
1130
1109
1244
1118
1138
1076
887
251
-107
15
111
-131
-452
-513
-498
-700
-924
-906
-788
-725
-732
-700
-751
-799
-758
-491
-236
-122
-132
-185
-71
106
324
486
576
547
509
531
622
747
773
793
681
662
574
569
605
568
495
379
455
310
256
220
264
175
9
78
56
-44
-189
-134
-8
-154
-208
-207
-190
-227
-297
-117
-142
-202
-278
-217
-98
-208
-129
-106
-70
-200
-233
-75
-37
-111
-166
-109
-83
-128
-125
-86
-120
-159
-190
-87
-128
-189
-243
-188
-159
-264
-295
-339
-375
-469
-527
-565
-604
-722
-765
-790
-857
-973
-1074
-1060
-1074
-1140
-1161
-1214
-963
-492
-391
-653
-952
-509
-220
7
599
847
536
-166
291
1199
1530
1557
1469
1450
1100
1122
1807
2139
1891
1313
1055
1092
1012
1028
888
693
286
-103
-187
-170
-321
-647
-719
-620
-711
-973
-1136
-1051
-858
-759
-686
-705
-761
-794
-616
-243
-11
65
-44
-15
191
409
609
707
729
672
648
753
851
853
818
736
702
579
607
500
482
358
294
408
177
164
-45
42
26
-108
39
-112
-176
-319
-296
-73
-216
-173
-230
-255
-203
-307
-73
-101
-94
-146
-146
-33
-130
-66
-51
-26
-129
-176
-108
-119
-164
-198
-179
-162
-198
-181
-198
-233
-267
-238
-132
-178
-238
-287
-290
-282
-316
-341
-373
-443
-484
-519
-513
-560
-686
-662
-754
-767
-924
-991
-1001
-1093
-1140
-1174
-1234
-1206
-594
-303
-535
-1123
-750
-266
-144
410
945
801
-151
-103
1012
1579
1572
1557
1585
1277
900
1536
2080
2014
1421
1014
1066
859
809
674
634
267
-215
-402
-417
-558
-911
-1000
-813
-750
-1002
-1243
-1243
-985
-822
-637
-575
-623
-710
-620
-210
150
322
249
205
347
584
784
921
956
929
861
897
959
960
898
819
806
703
595
455
531
393
267
256
239
268
-19
7
14
-112
-67
-119
51
-119
-270
-146
-151
0
-65
35
72
-105
-11
5
140
106
74
144
40
49
30
88
39
-46
-91
-127
-126
-236
-245
-233
-175
-164
-245
-272
-315
-278
-205
-186
-176
-291
-356
-372
-331
-314
-367
-401
-482
-490
-536
-534
-661
-719
-793
-811
-861
-1032
-1121
-1207
-1213
-1187
-1202
-1171
-732
-454
-515
-899
-703
-226
-114
230
831
976
329
28
911
1524
1540
1596
1771
1677
1103
1325
1882
1958
1551
1168
1156
917
616
451
422
231
-189
-416
-479
-649
-1034
-1195
-1000
-828
-948
-1184
-1267
-1153
-1012
-830
-641
-595
-639
-619
-332
31
220
259
313
441
582
688
808
866
886
914
942
947
841
758
708
676
654
605
467
332
167
141
137
83
71
-17
-64
-191
-217
-124
-138
-90
-155
-109
-135
-169
-36
40
130
67
66
100
79
117
138
194
167
75
74
58
45
-18
-21
-7
-57
-107
-163
-200
-250
-254
-220
-209
-284
-367
-333
-299
-297
-323
-339
-356
-375
-344
-315
-326
-403
-459
-440
-437
-495
-615
-666
-718
-764
-816
-933
-1025
-1170
-1146
-1140
-1056
-1081
-1026
-615
-345
-362
-686
-479
-125
51
367
789
998
464
310
926
1530
1604
1496
1751
1692
1327
1363
1716
1855
1333
1018
1060
921
526
188
247
75
-305
-517
-522
-716
-1149
-1235
-955
-756
-884
-1097
-1072
-961
-867
-712
-535
-455
-461
-322
-62
181
290
337
422
582
752
854
868
825
852
874
889
837
795
699
564
481
478
491
332
190
63
98
54
2
-44
-97
-152
-276
-193
-141
-145
-200
-250
-153
-118
-85
-61
-33
22
-18
19
37
58
58
33
103
62
50
12
19
31
-53
-56
-46
-54
-123
-163
-169
-148
-160
-173
-155
-192
-198
-188
-159
-173
-207
-218
-211
-223
-274
-299
-332
-353
-361
-364
-383
-493
-567
-611
-642
-665
-764
-801
-935
-972
-1014
-1064
-1068
-1107
-768
-404
-155
-417
-640
-472
-173
212
494
820
832
507
544
930
1419
1507
1424
1549
1542
1550
1454
1545
1481
1206
1048
973
938
647
377
211
19
-163
-350
-486
-741
-991
-991
-826
-748
-940
-1116
-1065
-912
-825
-780
-712
-628
-517
-320
-105
13
34
43
175
398
561
656
659
619
625
672
728
692
665
627
617
572
483
424
311
218
134
147
128
71
-18
-59
-66
-108
-164
-193
-197
-208
-230
-211
-177
-206
-241
-234
-159
-130
-138
-177
-154
-152
-175
-171
-161
-155
-171
-187
-182
-192
-199
-192
-169
-166
-214
-225
-197
-163
-172
-168
-140
-104
-106
-110
-129
-125
-134
-160
-140
-142
-181
-241
-312
-372
-351
-412
-514
-533
-554
-602
-627
-666
-689
-703
-851
-894
-873
-927
-928
-925
-753
-484
-257
-203
-293
-328
-184
105
413
648
804
754
767
892
1111
1272
1247
1287
1348
1462
1452
1406
1287
1062
824
702
737
671
504
288
24
-174
-346
-421
-489
-666
-788
-828
-802
-797
-820
-841
-819
-785
-724
-609
-513
-437
-334
-172
-33
32
121
219
362
469
556
659
671
654
633
684
720
690
632
578
553
511
449
382
280
195
101
60
49
8
-32
-85
-111
-126
-126
-117
-105
-139
-167
-161
-142
-137
-124
-89
-89
-73
-56
-16
24
10
16
28
43
48
19
-3
-19
-15
15
26
-1
-49
-69
-29
-24
-30
5
-3
-22
-26
-11
15
-69
-90
-146
-191
-188
-249
-236
-314
-373
-410
-470
-487
-554
-615
-616
-568
-571
-596
-755
-844
-904
-977
-869
-843
-783
-808
-852
-671
-347
-82
-94
-115
-46
99
402
711
1045
952
810
850
1103
1339
1318
1374
1376
1394
1325
1280
1212
981
743
592
568
485
209
-8
-214
-402
-572
-697
-779
-964
-1121
-1090
-924
-863
-943
-1032
-945
-816
-660
-480
-360
-296
-231
-44
194
369
430
492
601
727
848
908
882
840
830
907
925
856
735
635
590
528
492
395
246
83
19
34
57
-16
-122
-172
-192
-187
-190
-156
-169
-230
-229
-165
-94
-117
-161
-109
-62
4
25
55
42
8
21
20
26
-20
-30
-16
-5
-17
-62
-76
-95
-142
-170
-128
-61
-62
-94
-128
-129
-148
-137
-113
-99
-167
-256
-299
-355
-387
-422
-437
-445
-491
-559
-642
-694
-701
-725
-738
-801
-905
-1003
-1062
-1036
-1008
-1061
-1088
-1076
-824
-420
-35
38
-89
-137
-11
342
707
1075
1124
1012
1015
1218
1464
1506
1432
1404
1410
1462
1424
1353
1112
771
539
423
322
56
-170
-386
-534
-765
-954
-1116
-1250
-1374
-1399
-1251
-1102
-1045
-1039
-940
-781
-604
-432
-274
-162
-11
201
452
638
739
811
920
1037
1135
1154
1138
1110
1075
1079
1045
963
835
726
641
555
443
285
150
29
-34
-67
-113
-183
-272
-280
-270
-265
-238
-191
-161
-172
-155
-70
-8
14
26
93
141
160
200
220
227
163
128
121
83
22
-24
0
-7
-64
-99
-123
-152
-225
-259
-226
-208
-227
-251
-222
-221
-248
-269
-264
-254
-296
-324
-331
-368
-411
-446
-454
-516
-644
-728
-750
-754
-837
-907
-964
-1093
-1201
-1291
-1272
-1275
-1337
-1253
-913
-414
-132
-137
-194
-114
58
394
759
1150
1132
1092
1209
1503
1719
1629
1647
1633
1661
1604
1583
1489
1151
760
524
377
192
-125
-364
-622
-911
-1127
-1210
-1261
-1475
-1646
-1617
-1375
-1207
-1091
-992
-830
-653
-438
-209
-33
100
250
521
819
1022
1104
1194
1268
1337
1390
1432
1386
1263
1161
1107
1032
876
665
504
352
179
32
-102
-226
-395
-472
-487
-453
-465
-474
-466
-431
-381
-329
-216
-154
-80
-25
103
241
300
329
343
391
409
403
418
378
309
224
192
141
5
-111
-217
-270
-374
-450
-502
-552
-610
-676
-669
-663
-634
-620
-563
-480
-431
-390
-345
-303
-314
-338
-328
-314
-278
-268
-274
-306
-409
-529
-654
-758
-872
-988
-1133
-1216
-1309
-1398
-1437
-1549
-1379
-1041
-525
-286
-310
-260
-149
120
452
834
1117
1014
1113
1374
1731
1902
1808
1916
1812
1841
1708
1749
1618
1255
928
649
502
170
-83
-378
-657
-1036
-1233
-1245
-1308
-1484
-1608
-1455
-1216
-1048
-938
-810
-591
-371
-90
155
248
322
464
796
1058
1227
1270
1342
1387
1424
1427
1333
1185
961
882
815
727
527
297
99
-116
-267
-371
-475
-626
-761
-761
-678
-564
-482
-401
-327
-248
-132
44
208
298
363
467
610
706
764
762
774
740
715
692
632
507
331
208
91
-57
-215
-340
-445
-557
-671
-716
-739
-806
-863
-865
-819
-764
-695
-589
-471
-390
-314
-209
-108
-51
-5
73
129
132
68
32
10
-64
-169
-295
-453
-642
-848
-1042
-1240
-1421
-1588
-1744
-1800
-1932
-1815
-1397
-826
-477
-519
-435
-248
-16
397
736
1158
1053
1146
1438
1831
2086
1917
2042
1930
1953
1786
1796
1651
1208
797
507
397
64
-220
-566
-880
-1228
-1433
-1470
-1610
-1828
-1936
-1735
-1403
-1209
-1070
-922
-663
-378
-50
214
299
373
558
933
1150
1293
1298
1366
1435
1452
1463
1313
1127
856
734
644
509
286
26
-188
-364
-498
-592
-730
-888
-978
-975
-840
-705
-548
-412
-302
-128
42
234
420
480
611
664
826
958
1001
1017
904
861
739
652
519
362
182
-7
-148
-294
-432
-587
-700
-812
-916
-977
-997
-992
-996
-960
-886
-803
-695
-593
-464
-327
-184
-35
83
153
177
217
251
288
267
218
126
14
-119
-284
-470
-704
-945
-1138
-1353
-1507
-1678
-1822
-1876
-2016
-1739
-1339
-738
-509
-449
-187
49
387
673
1071
1331
1275
1395
1717
2061
2195
2107
2205
2098
1987
1790
1715
1460
990
603
374
226
-113
-340
-666
-958
-1326
-1461
-1467
-1586
-1741
-1770
-1485
-1166
-905
-696
-443
-173
116
396
618
682
750
936
1209
1377
1483
1495
1521
1476
1399
1306
1086
834
518
345
204
71
-117
-313
-506
-692
-801
-877
-958
-1073
-1108
-1033
-875
-678
-473
-241
-56
125
341
535
702
790
859
994
1068
1167
1187
1191
1120
964
864
678
516
278
60
-135
-328
-478
-633
-748
-870
-956
-1026
-1031
-1036
-1040
-1023
-961
-824
-664
-494
-363
-225
-84
64
198
293
322
314
313
333
321
250
151
40
-75
-229
-376
-583
-801
-1047
-1238
-1417
-1595
-1772
-1921
-2016
-2072
-2096
-2095
-1655
-1089
-516
-363
-168
233
515
931
1157
1565
1536
1534
1744
2096
2318
2210
2190
2171
2091
1876
1728
1445
954
387
93
-45
-308
-666
-909
-1160
-1399
-1593
-1610
-1632
-1807
-1851
-1694
-1281
-971
-726
-446
-106
224
505
717
809
823
918
1111
1251
1336
1356
1415
1442
1396
1259
1016
716
421
189
16
-143
-327
-464
-577
-655
-730
-800
-833
-903
-898
-849
-701
-523
-340
-74
183
459
672
829
976
1072
1122
1168
1196
1216
1172
1119
1057
930
768
550
332
96
-138
-353
-526
-704
-837
-955
-1002
-1014
-1026
-1003
-984
-955
-934
-857
-722
-570
-396
-223
-67
100
247
368
428
431
400
358
311
208
70
-53
-178
-310
-465
-605
-799
-1015
-1221
-1388
-1534
-1690
-1842
-1915
-1951
-1996
-1952
-1964
-1665
-1119
-499
-145
18
403
844
1145
1437
1694
1916
1802
1847
2088
2258
2258
2092
2151
2059
1917
1633
1405
1003
500
53
-240
-467
-844
-1045
-1246
-1393
-1555
-1591
-1540
-1606
-1664
-1579
-1320
-989
-706
-384
-11
337
635
880
1043
1088
1090
1125
1176
1143
1189
1209
1247
1174
1064
947
731
484
165
-111
-376
-591
-794
-896
-948
-967
-987
-946
-881
-864
-803
-751
-649
-501
-274
10
291
536
764
975
1163
1282
1289
1274
1195
1092
966
850
738
600
475
339
184
-18
-206
-399
-565
-738
-872
-962
-979
-942
-904
-822
-739
-637
-510
-386
-267
-154
-25
139
277
397
480
548
577
563
516
437
320
152
9
-150
-302
-503
-674
-828
-971
-1105
-1246
-1378
-1472
-1608
-1694
-1784
-1873
-1878
-1915
-1765
-1718
-1354
-777
-180
201
396
874
1241
1436
1581
1837
1995
1865
1801
1943
2117
2042
1904
1836
1772
1608
1302
1068
626
148
-306
-601
-822
-1148
-1303
-1458
-1548
-1623
-1577
-1433
-1426
-1442
-1356
-1060
-690
-396
-158
166
566
899
1173
1300
1403
1421
1425
1421
1318
1303
1204
1147
1028
936
827
633
399
115
-129
-378
-602
-841
-953
-1037
-1082
-1086
-1013
-900
-815
-700
-564
-448
-300
-92
128
338
486
718
911
1101
1235
1280
1281
1149
1001
836
666
464
263
105
-27
-180
-310
-396
-515
-646
-805
-894
-927
-971
-981
-966
-858
-697
-554
-390
-265
-154
-24
119
253
289
272
281
322
338
300
242
199
138
36
-115
-297
-517
-754
-950
-1089
-1212
-1358
-1435
-1476
-1457
-1488
-1528
-1580
-1633
-1575
-1514
-1425
-1335
-827
-241
237
471
838
1347
1548
1767
1914
2150
1982
1779
1763
1898
1892
1675
1607
1596
1593
1332
1087
742
318
-177
-613
-891
-1234
-1488
-1636
-1712
-1711
-1622
-1433
-1310
-1304
-1234
-1020
-706
-476
-307
-62
318
706
1037
1301
1468
1558
1548
1575
1503
1383
1229
1051
929
818
740
588
381
150
-58
-264
-487
-751
-963
-1085
-1177
-1194
-1151
-991
-850
-718
-549
-356
-164
13
201
397
564
700
850
1024
1181
1228
1243
1246
1203
1090
914
722
501
269
76
-91
-250
-378
-477
-525
-589
-638
-683
-738
-790
-820
-774
-687
-599
-511
-367
-214
-33
98
231
309
331
367
368
355
289
225
164
93
10
-105
-255
-420
-592
-743
-903
-1089
-1249
-1363
-1459
-1524
-1588
-1586
-1554
-1543
-1482
-1407
-1331
-1218
-743
-260
103
298
678
1202
1389
1619
1834
2098
1917
1715
1734
1831
1703
1422
1394
1435
1409
1117
972
736
363
-158
-579
-845
-1203
-1501
-1711
-1766
-1714
-1591
-1443
-1312
-1206
-1016
-774
-514
-307
-95
158
457
750
1060
1310
1466
1551
1598
1690
1600
1462
1263
1078
906
713
578
400
202
-16
-182
-356
-524
-749
-908
-1040
-1156
-1212
-1192
-1050
-965
-839
-638
-418
-235
-12
186
407
535
640
797
863
948
945
990
1007
932
839
719
558
389
185
-2
-192
-412
-509
-608
-687
-760
-828
-798
-782
-755
-721
-696
-614
-537
-428
-290
-180
-44
74
210
314
374
434
463
438
415
359
266
147
0
-113
-296
-451
-616
-753
-847
-972
-1085
-1186
-1290
-1358
-1423
-1442
-1446
-1461
-1405
-1343
-1235
-1130
-703
-249
74
321
703
1189
1356
1558
1830
2079
1937
1695
1719
1814
1636
1330
1274
1334
1236
962
887
737
379
-130
-492
-734
-1111
-1464
-1679
-1734
-1747
-1668
-1519
-1339
-1184
-964
-700
-442
-213
-17
189
398
628
902
1134
1216
1317
1453
1585
1547
1427
1350
1180
951
725
581
386
83
-151
-266
-362
-510
-680
-761
-828
-905
-951
-927
-876
-875
-779
-576
-355
-161
55
326
546
707
827
944
1020
1021
997
976
921
826
715
611
488
322
180
14
-146
-305
-427
-546
-664
-766
-833
-829
-814
-785
-756
-669
-575
-466
-334
-226
-130
-25
104
230
301
361
425
471
500
456
377
278
172
62
-65
-215
-404
-578
-737
-862
-981
-1110
-1200
-1316
-1358
-1363
-1377
-1350
-1387
-1314
-1265
-1232
-1150
-1089
-624
-315
-20
287
683
1174
1259
1594
1891
2011
1815
1611
1707
1651
1360
1111
1141
1131
939
729
768
667
269
-71
-290
-496
-908
-1263
-1380
-1502
-1569
-1551
-1376
-1176
-1031
-768
-430
-89
132
304
432
642
809
959
1025
1044
1200
1291
1392
1359
1356
1333
1149
967
813
650
322
-20
-207
-298
-496
-687
-752
-742
-758
-834
-781
-693
-668
-672
-614
-441
-307
-196
3
226
421
566
732
898
961
957
942
892
819
693
531
383
223
93
-38
-146
-238
-334
-393
-442
-490
-551
-609
-660
-677
-678
-631
-568
-477
-345
-238
-104
36
189
297
388
461
501
510
489
427
321
210
91
-18
-125
-240
-340
-435
-535
-639
-788
-923
-1059
-1179
-1249
-1297
-1304
-1291
-1256
-1186
-1089
-996
-918
-866
-771
-680
-427
-100
110
357
615
1022
1235
1389
1658
1787
1782
1562
1558
1535
1298
1001
806
770
584
390
271
222
24
-205
-387
-556
-787
-1078
-1201
-1361
-1437
-1446
-1349
-1214
-1063
-763
-450
-198
32
296
502
669
781
906
951
947
992
1031
1060
1014
987
1004
942
805
696
560
340
84
-98
-229
-435
-615
-702
-747
-762
-763
-658
-562
-496
-399
-269
-97
-15
56
158
277
396
481
576
670
749
808
819
778
724
605
463
305
149
3
-186
-317
-401
-467
-543
-603
-625
-616
-621
-605
-543
-507
-472
-444
-353
-253
-182
-82
47
193
301
393
492
553
556
509
444
365
251
114
-17
-146
-286
-446
-573
-704
-800
-894
-963
-1012
-1077
-1104
-1135
-1123
-1118
-1111
-1067
-1022
-952
-889
-790
-654
-495
-222
21
284
533
828
1104
1252
1489
1657
1747
1670
1594
1567
1385
1151
936
820
632
396
233
179
34
-166
-349
-509
-660
-900
-1040
-1179
-1284
-1362
-1333
-1214
-1078
-890
-677
-416
-159
149
358
554
724
871
1002
1033
1096
1107
1076
1023
974
960
878
751
660
581
467
287
125
-24
-215
-418
-552
-636
-719
-764
-712
-611
-533
-416
-295
-147
-66
53
152
238
327
356
442
470
547
585
615
609
575
550
461
361
236
107
-55
-194
-290
-379
-492
-580
-608
-605
-601
-587
-522
-444
-364
-289
-178
-75
1
72
151
223
269
331
398
439
459
463
452
411
320
214
88
-63
-235
-390
-536
-686
-820
-906
-960
-1037
-1074
-1113
-1107
-1081
-1065
-1022
-999
-951
-894
-818
-721
-608
-486
-256
-16
239
466
687
981
1131
1330
1487
1586
1565
1437
1411
1281
1066
847
695
527
328
160
74
-74
-278
-413
-538
-642
-846
-974
-1070
-1204
-1275
-1286
-1221
-1145
-1031
-831
-588
-337
-37
218
431
625
803
944
986
993
986
920
867
822
768
689
569
536
491
407
296
164
54
-101
-264
-398
-514
-626
-701
-709
-623
-560
-453
-302
-145
6
94
259
364
433
474
498
545
525
518
511
495
450
399
366
328
238
130
37
-82
-189
-319
-430
-525
-600
-610
-611
-596
-540
-473
-376
-270
-150
-26
58
152
229
276
321
362
410
414
402
409
384
358
299
236
150
9
-128
-287
-436
-606
-758
-849
-948
-1021
-1084
-1111
-1108
-1114
-1073
-1035
-966
-907
-806
-700
-539
-268
-78
165
396
726
983
1132
1406
1570
1653
1588
1597
1610
1422
1188
1037
915
714
489
342
270
62
-109
-231
-350
-530
-757
-867
-996
-1138
-1246
-1285
-1268
-1203
-1085
-898
-704
-468
-187
44
300
533
730
863
939
1030
1030
947
901
855
764
644
564
548
454
353
294
225
141
-1
-126
-239
-379
-499
-590
-654
-684
-689
-635
-536
-413
-255
-75
93
254
412
513
568
582
613
583
518
467
414
341
249
203
154
77
-29
-100
-179
-280
-382
-478
-558
-639
-684
-687
-668
-633
-568
-473
-362
-248
-130
-11
98
195
276
353
421
464
482
474
458
430
358
283
199
118
20
-89
-202
-349
-496
-630
-738
-847
-945
-1015
-1064
-1094
-1108
-1108
-1056
-1010
-911
-815
-671
-373
-180
60
287
593
855
966
1221
1375
1426
1387
1418
1479
1338
1159
1072
982
810
641
528
444
246
82
-31
-185
-382
-593
-723
-874
-1019
-1119
-1168
-1197
-1181
-1106
-970
-805
-622
-394
-206
32
278
454
588
678
774
787
730
713
686
620
519
462
440
372
304
268
232
162
69
-25
-110
-224
-335
-405
-466
-495
-498
-460
-393
-302
-170
-26
116
233
347
434
492
505
496
458
404
350
266
208
143
95
32
-26
-67
-126
-195
-272
-333
-416
-498
-574
-617
-648
-657
-622
-575
-500
-418
-299
-171
-57
62
163
254
330
390
435
458
443
412
354
299
247
170
91
29
-38
-105
-193
-291
-379
-494
-588
-692
-778
-868
-951
-998
-1010
-993
-954
-901
-758
-569
-399
-175
69
343
528
728
983
1127
1181
1198
1261
1257
1139
1064
1019
908
761
672
628
524
372
275
198
69
-89
-232
-360
-540
-707
-802
-901
-980
-1019
-1004
-935
-838
-683
-501
-315
-87
127
301
437
536
608
605
599
591
540
465
397
368
345
315
300
296
290
274
223
159
78
-28
-124
-222
-305
-371
-421
-422
-376
-299
-196
-75
53
176
282
382
444
467
463
446
430
356
296
254
201
136
81
61
26
-35
-97
-141
-208
-294
-362
-420
-495
-559
-594
-609
-597
-568
-512
-431
-344
-253
-150
-54
36
116
189
243
269
279
262
225
187
133
64
16
-43
-107
-178
-231
-277
-344
-423
-498
-571
-650
-748
-824
-899
-968
-1010
-1012
-916
-826
-690
-511
-275
-34
169
428
668
837
946
1070
1159
1154
1090
1059
1020
911
817
762
710
602
512
473
411
318
199
98
-28
-200
-361
-485
-608
-731
-810
-831
-810
-758
-674
-563
-411
-243
-84
75
220
345
428
474
523
516
465
419
376
342
286
260
258
248
229
219
214
190
145
92
46
-41
-133
-222
-293
-363
-417
-419
-385
-322
-233
-107
41
182
299
421
514
559
582
573
534
471
399
335
252
169
116
75
37
0
-32
-73
-117
-180
-231
-294
-377
-449
-514
-550
-577
-578
-554
-508
-439
-346
-238
-132
-24
70
158
212
257
286
281
261
235
188
130
73
12
-39
-111
-159
-214
-283
-345
-424
-491
-560
-626
-695
-764
-809
-837
-852
-824
-760
-663
-543
-404
-223
-42
145
346
528
669
765
842
903
903
878
846
784
698
617
544
474
380
319
267
196
116
17
-69
-182
-295
-383
-444
-500
-549
-566
-560
-521
-456
-369
-263
-156
-28
87
191
278
341
373
380
386
365
324
286
247
197
149
110
83
68
44
39
16
-2
-18
-40
-57
-87
-113
-130
-134
-140
-138
-108
-57
2
88
188
293
373
465
532
579
613
613
598
548
481
399
300
200
99
-3
-79
-142
-206
-266
-315
-346
-372
-392
-389
-389
-394
-398
-385
-370
-356
-334
-283
-234
-178
-120
-59
17
82
141
158
173
164
148
122
83
21
-52
-109
-177
-241
-312
-352
-412
-463
-492
-524
-540
-564
-560
-571
-546
-487
-430
-356
-278
-170
-67
33
138
213
276
324
385
423
440
453
454
451
424
421
398
364
324
294
264
209
168
107
57
-2
-61
-102
-154
-200
-238
-267
-285
-282
-262
-220
-170
-125
-63
-9
49
84
114
131
108
90
48
16
-24
-68
-97
-119
-116
-96
-65
-40
-27
-4
15
27
28
18
8
-1
-12
-18
-22
-18
-9
19
62
100
143
173
211
252
279
300
316
307
279
247
215
191
167
160
149
142
124
119
116
99
89
70
54
31
2
-31
-64
-89
-113
-136
-137
-135
-131
-121
-104
-78
-42
-6
23
55
76
102
122
137
140
138
132
118
110
99
100
84
75
71
72
71
55
36
5
-18
-47
-90
-127
-173
-219
-248
-254
-252
-256
-239
-201
-174
-142
-110
-90
-59
-27
6
33
49
85
121
158
200
239
281
317
341
366
370
368
365
349
313
258
211
147
78
15
-43
-92
-135
-163
-185
-209
-221
-207
-188
-164
-148
-134
-123
-124
-128
-137
-132
-136
-138
-136
-124
-101
-79
-44
-4
21
53
81
103
102
82
66
27
-11
-60
-119
-165
-206
-237
-253
-250
-230
-208
-183
-157
-134
-110
-87
-90
-92
-95
-112
-125
-125
-120
-125
-110
-96
-85
-74
-74
-85
-100
-95
-83
-71
-54
-44
-39
-31
-15
7
27
50
66
92
133
160
174
184
196
216
232
247
244
242
246
244
244
244
237
229
208
189
182
158
146
141
136
123
101
95
74
44
18
6
3
-8
-11
1
20
37
54
69
84
89
91
88
73
69
62
62
67
73
94
105
135
162
183
200
210
214
203
194
147
93
41
-14
-74
-137
-180
-222
-243
-263
-267
-269
-263
-256
-254
-239
-235
-226
-228
-238
-226
-230
-233
-237
-231
-215
-205
-181
-160
-141
-124
-98
-78
-57
-45
-40
-40
-49
-58
-72
-84
-100
-114
-116
-123
-114
-107
-90
-70
-46
-14
14
38
52
68
80
83
82
80
82
79
66
62
67
79
90
99
103
98
91
67
44
20
-15
-47
-78
-102
-125
-151
-167
-171
-158
-154
-132
-110
-91
-65
-49
-22
-4
22
53
76
95
116
132
147
162
172
189
196
194
181
172
159
139
125
116
112
94
78
71
61
44
25
26
30
32
35
40
49
55
61
65
77
87
94
103
107
130
136
138
150
162
174
183
206
208
213
196
181
173
131
89
40
0
-53
-91
-121
-161
-181
-195
-191
-186
-181
-186
-183
-176
-183
-171
-166
-151
-140
-132
-107
-96
-88
-76
-56
-37
-23
-10
0
6
12
12
9
6
-9
-14
-22
-35
-47
-63
-68
-70
-69
-76
-82
-83
-70
-54
-49
-29
-10
8
19
29
48
59
61
65
65
63
60
54
50
46
44
46
41
31
14
-9
-34
-57
-86
-107
-125
-148
-153
-164
-161
-159
-138
-112
-89
-58
-36
-15
8
31
48
71
96
112
128
149
142
140
132
118
114
98
84
67
46
28
10
-10
-19
-27
-34
-37
-43
-49
-58
-75
-87
-92
-96
-96
-93
-84
-75
-72
-62
-41
-19
-1
22
45
60
66
72
73
73
68
61
46
29
9
-13
-33
-58
-75
-94
-102
-113
-127
-133
-139
-130
-124
-110
-93
-75
-50
-34
-12
3
14
25
33
48
59
71
87
102
113
121
135
142
143
135
125
114
97
86
67
59
46
38
40
38
43
51
63
74
83
91
105
115
130
147
161
169
173
179
177
173
173
166
155
150
139
123
101
72
46
23
2
-18
-37
-63
-90
-122
-150
-168
-180
-189
-196
-207
-217
-214
-207
-191
-183
-160
-129
-107
-87
-72
-55
-39
-28
-13
0
4
2
-2
-8
-17
-28
-37
-44
-49
-56
-58
-64
-71
-78
-82
-79
-82
-83
-88
-94
-100
-105
-111
-106
-106
-104
-94
-92
-68
-54
-33
-10
6
30
45
73
91
99
109
107
98
84
66
46
28
10
-7
-19
-29
-34
-41
-36
-28
-25
-18
-19
-21
-20
-24
-30
-37
-34
-20
-15
3
24
36
52
65
79
91
93
91
85
80
63
47
30
16
-6
-29
-36
-52
-64
-67
-69
-68
-69
-64
-42
-19
7
28
46
56
61
61
59
63
74
80
92
100
98
110
114
122
129
133
138
131
122
102
79
55
34
12
-7
-22
-44
-55
-63
-67
-69
-71
-74
-82
-77
-71
-69
-65
-53
-34
-12
8
