120
-57
28
75
-22
53
35
52
66
18
47
100
-18
34
102
-53
83
29
-41
61
-53
0
8
-62
52
-44
-38
-6
-23
-8
-37
64
-76
60
-70
-58
145
-198
124
21
-74
90
-81
42
39
-37
43
84
-59
18
89
-71
10
43
8
45
-40
133
40
-6
98
21
102
-21
102
79
-45
125
-33
-26
95
31
37
31
154
7
-11
122
-24
97
-29
17
111
-48
-37
53
-19
-41
-2
-12
-3
-22
-4
-92
17
-47
-79
-2
-143
53
-96
-141
73
-121
-80
-5
-141
12
-141
-94
39
-212
55
-96
-138
53
-217
7
-71
-140
17
-126
-40
-95
-74
-74
-148
31
-137
-107
114
-296
101
-106
-170
160
-272
100
17
-180
204
-105
57
111
-141
244
-116
57
48
-26
108
-123
202
-75
18
132
-100
141
47
-18
179
36
66
142
-29
219
-39
68
181
7
19
150
97
-79
217
15
-35
155
-42
42
151
-93
128
115
-96
110
-32
-10
52
-73
98
75
-110
44
56
-193
74
-37
-88
220
-257
130
132
-324
205
-90
-52
22
-81
128
-166
-87
103
-166
-124
157
-177
33
39
-212
208
-205
-24
106
-144
23
-36
11
-105
4
26
-136
47
-13
-88
-16
77
-100
106
52
-111
354
-269
165
137
-163
159
-60
226
-183
137
195
-225
259
18
-10
219
-57
145
142
-77
104
155
-57
95
126
-58
177
-84
111
84
-103
205
-37
-25
116
-15
-7
124
-88
49
164
-317
247
-9
-219
299
-203
67
18
-101
119
-163
65
-64
-94
122
-231
90
44
-221
148
-42
-128
239
-292
187
36
-323
303
-319
109
-111
-173
275
-405
105
24
-211
94
-118
53
-9
-160
14
98
-310
194
-65
-182
243
-368
242
-66
-180
352
-306
96
118
-142
66
4
-2
72
-82
30
50
-55
51
-69
178
-138
-26
237
-282
137
60
-162
162
-106
114
42
-37
26
202
-169
3
201
-223
144
-103
29
-39
-76
83
-155
73
80
-216
119
23
-257
279
-179
-73
257
-387
193
-3
-259
124
-50
-16
-145
32
51
-260
24
129
-323
140
26
-268
331
-444
144
72
-488
272
-53
-261
59
129
-323
115
-70
-16
-70
28
106
-294
314
-386
113
90
-439
339
-107
-240
251
-54
-251
310
-87
-145
248
-125
31
127
-14
51
121
13
-188
334
-189
-57
275
-177
60
75
-37
44
139
-232
260
91
-373
426
-59
-227
265
41
-205
268
18
-95
168
-13
88
91
-35
186
126
-276
341
20
-321
323
-31
-165
127
102
-75
-88
166
-26
-109
84
203
-123
77
231
-111
82
-64
233
-128
-128
341
-268
-79
194
-75
-124
54
99
-161
43
166
-62
62
-28
196
-190
45
103
-79
-28
71
47
-208
139
-9
-90
-83
261
-142
-115
306
-132
-123
154
-44
-94
128
-229
380
-448
114
235
-531
306
-100
-97
-69
195
-168
11
25
-50
-15
-55
7
40
-68
-157
175
-299
50
40
-153
4
33
-227
125
-58
-199
359
-360
133
110
-288
221
-106
-178
172
-165
2
0
-16
-1
-15
8
-134
106
-136
-25
88
-146
-21
134
-331
139
102
-302
260
-85
7
28
-65
173
3
-192
370
-154
-59
186
-30
92
-223
333
-197
28
138
37
65
-94
366
-245
70
305
-258
337
7
-31
293
-313
278
61
-321
394
82
-349
457
-31
-229
455
-278
59
368
-422
292
187
-497
595
-278
-241
576
-516
170
253
-352
272
73
-337
422
-83
-357
623
-401
-134
523
-640
233
123
-544
404
-115
-431
546
-378
-202
498
-563
153
168
-347
134
10
-386
425
-493
-93
493
-856
400
-91
-332
135
-195
-63
-47
-225
68
-91
-162
134
-138
-65
-34
-76
-81
8
-206
252
-284
68
-4
-287
132
-190
-19
19
-129
66
-75
-171
279
-350
342
-218
135
151
-272
410
-289
53
141
-166
-72
352
-495
348
-160
-272
524
-710
568
-180
-175
414
-300
58
267
-284
206
-19
-101
208
-219
152
-113
68
-25
-77
-7
82
-184
163
-131
30
52
-121
133
-73
237
-205
211
8
-4
84
-13
104
221
-235
314
174
-365
594
-224
85
336
-324
432
-30
-106
451
-245
219
157
-138
391
-162
237
125
-152
519
-300
168
336
-270
237
64
-63
177
-165
176
80
-336
599
-447
193
288
-465
646
-499
364
120
-462
687
-425
27
442
-537
394
-79
-170
401
-487
431
-225
-101
180
-263
93
-83
-81
-13
23
-271
166
-118
-118
75
-94
-53
-52
31
-205
20
30
-364
151
-112
-194
111
-331
232
-231
-119
176
-264
70
-127
-36
-17
-58
-95
-65
79
-246
38
-20
-177
72
-237
172
-157
-164
304
-302
144
-40
-27
98
-120
183
-200
231
-94
-208
497
-522
398
-147
-12
337
-437
494
-254
223
47
-94
344
-231
217
11
-103
233
-84
-14
203
-181
242
11
-86
287
-66
1
52
251
-342
393
-139
-41
277
-289
228
29
-49
1
112
19
-169
269
-198
94
168
-360
549
-335
-82
487
-465
248
91
-120
193
-186
208
-81
50
33
-82
222
-277
280
-134
-76
221
-247
148
-197
276
-222
-77
350
-297
150
-28
114
-100
-59
259
-377
297
-195
-126
436
-602
517
-230
-68
336
-450
478
-273
34
238
-396
582
-536
252
389
-692
621
-292
70
-30
-154
307
-295
160
-19
160
-192
137
136
-261
255
-82
152
-218
209
58
-324
459
-304
121
154
-293
342
-262
123
18
-115
154
-209
155
-165
67
-67
-149
190
-244
66
-5
-103
128
-247
211
-145
-77
23
-18
-130
22
21
-156
155
-187
124
-121
22
-37
-55
13
11
-76
75
17
-59
80
-136
293
-383
221
13
-242
201
-266
256
-190
-8
171
-76
18
40
-81
124
-193
95
51
-140
125
-83
73
-72
23
-31
139
-183
49
162
-188
72
3
-27
96
-147
81
174
-318
374
-271
88
121
-313
467
-422
268
42
-185
263
-180
202
-139
59
20
45
-91
69
77
-109
-30
74
75
-146
120
28
-4
-23
49
-81
93
-194
86
10
-296
321
-316
53
56
-175
176
-200
58
49
-158
77
-75
-85
118
-196
-12
-18
-24
-199
61
-167
-8
-44
-248
283
-421
134
-41
-150
110
-108
-32
62
-4
-126
148
-122
-17
-14
73
-193
126
-71
32
-2
-130
212
-209
47
-89
96
-118
-105
108
41
-255
274
-135
-58
132
-232
189
-172
-23
-4
55
-264
162
-85
-106
-12
-33
-3
-177
88
-114
108
-214
208
-22
-80
94
36
-7
-43
133
-96
98
-31
23
10
-9
-29
143
-152
234
-70
101
191
-187
389
-128
62
187
-83
108
107
-165
256
-75
12
39
156
-114
115
67
-66
122
-109
173
-77
32
121
-57
47
52
-10
-9
-32
148
-155
158
-10
40
39
-39
195
-172
117
188
-243
340
-53
42
95
63
12
97
44
-50
256
-300
205
-27
-226
191
-35
-233
311
-257
162
-90
-3
237
-225
114
111
-63
-63
140
-157
65
-104
-50
12
-81
-136
46
-109
-38
-65
-108
78
-139
-71
47
-2
-165
40
-9
-97
-91
23
-73
-51
-55
79
-116
-15
62
-143
-32
128
-187
51
31
-72
54
-228
235
-169
-125
128
-39
-79
-24
72
-103
-49
52
-90
65
-157
91
-37
-108
9
9
-114
69
-1
-106
146
-41
-181
225
-156
36
-18
-27
228
-228
105
166
-152
88
86
14
89
-105
259
-151
-11
196
-181
108
-47
151
-105
45
83
61
-94
270
-12
59
116
127
26
-20
251
-64
22
83
163
-74
5
182
-12
-50
-7
252
-208
91
82
-138
210
-282
198
-42
-134
196
-137
135
-159
83
66
-232
156
-105
41
-47
-135
231
-192
-163
243
-122
-127
140
-104
82
-117
23
44
-128
44
-29
32
-121
69
79
-241
69
120
-243
72
73
-152
127
-139
34
85
-287
255
-94
-165
129
23
-189
91
22
-220
214
-296
182
-46
-290
319
-243
-132
197
-323
69
69
-344
240
-109
-203
289
-182
-123
293
-283
146
-45
-113
168
-115
12
15
14
65
-175
164
-68
-9
44
-150
230
-150
-58
202
-104
6
67
81
-128
53
127
-150
164
-41
82
19
-45
71
-53
105
-58
77
63
-104
98
-90
89
-6
-58
90
21
-8
15
23
32
12
-30
120
6
-33
154
-15
1
108
-45
218
-110
188
152
-179
299
-75
19
254
-179
274
86
1
98
94
145
-8
116
28
194
-224
189
111
-202
230
-109
63
-53
-30
60
-63
-70
25
73
-190
-102
185
-129
-212
124
-230
132
-153
-190
167
-47
-274
98
-155
-35
-46
-300
183
-134
-201
-37
-102
-45
-236
-136
167
-244
-74
-53
-19
-90
-216
132
-90
-66
-140
112
-219
-125
3
-219
43
-143
-159
27
-110
-197
18
-85
-76
-148
8
-31
-224
108
-136
29
-88
1
57
-45
40
42
37
52
96
85
210
-1
238
146
98
224
136
216
240
72
326
192
82
338
132
189
245
84
328
108
70
282
112
45
124
186
69
-78
230
153
-218
237
61
-40
-106
114
-59
-41
-126
167
-194
-42
-46
-108
44
-240
57
-67
-223
2
-235
-33
-214
-162
-129
-110
-337
-39
-233
-223
-86
-411
148
-304
-271
126
-240
-183
-173
-111
25
-637
104
-42
-524
-31
-223
-68
-393
-263
94
-547
-183
-76
-406
-176
-206
-240
-120
-276
-199
-9
-191
-79
-13
-77
-18
4
-103
96
-4
91
22
155
191
86
285
209
315
272
360
432
323
367
451
321
389
363
311
335
263
274
147
213
200
81
148
126
49
103
75
-14
98
27
13
73
41
98
30
156
135
55
207
184
112
212
171
140
318
62
309
233
124
304
122
329
94
264
245
87
234
55
229
-18
152
81
13
153
-206
202
-216
-7
-143
-158
64
-373
-78
-89
-196
-364
-53
-201
-363
-251
-159
-272
-275
-273
-241
-86
-628
-35
-341
-353
-265
-449
-33
-579
-299
-300
-505
-321
-540
-343
-447
-502
-499
-527
-379
-534
-388
-253
-418
-301
-362
-130
-249
-132
76
-1
41
133
236
139
270
406
422
444
622
495
658
473
584
529
507
628
409
581
376
386
291
248
189
131
77
121
86
-14
10
-63
-88
-137
-95
-67
-48
-71
-13
-44
-3
-24
-6
99
103
198
140
201
173
117
259
230
239
403
266
395
366
357
411
356
428
396
374
381
347
296
315
302
217
270
234
171
218
132
48
69
-69
-9
-94
-118
-98
-162
-346
-249
-236
-632
-168
-527
-413
-162
-884
69
-451
-780
221
-618
-391
23
-622
-38
-215
-426
-14
-395
-341
-230
-432
-323
-231
-523
-432
-338
-731
-598
-597
-673
-820
-769
-644
-692
-500
-467
-543
-655
-596
-504
-471
-256
-90
-129
-158
-141
116
169
3
472
541
581
674
732
769
642
561
764
865
736
798
692
651
437
297
305
297
124
120
179
122
-23
-131
-129
-185
-115
-121
-51
-7
-97
-144
-59
-70
-104
-36
85
116
126
168
179
176
168
201
327
392
457
465
533
503
452
513
473
578
521
526
577
441
476
399
383
390
354
376
315
312
187
86
33
-77
-119
-186
-249
-281
-385
-464
-544
-572
-631
-650
-610
-615
-616
-666
-621
-618
-634
-560
-545
-423
-519
-431
-379
-389
-372
-384
-231
-350
-306
-134
-361
-290
-282
-536
-466
-536
-627
-667
-754
-702
-857
-705
-340
-441
-654
-716
-431
-502
-461
0
127
21
-221
50
383
320
445
754
1000
989
904
1054
1096
1041
920
1147
1338
1151
985
884
831
511
443
485
508
305
109
49
21
-173
-327
-308
-227
-140
-291
-197
-259
-414
-400
-284
-125
-83
-46
-11
90
59
84
169
210
311
328
395
402
391
319
498
616
545
515
551
658
505
576
692
615
536
504
620
555
396
332
311
268
170
-33
41
-54
-268
-292
-346
-400
-585
-637
-553
-639
-794
-757
-789
-748
-820
-831
-768
-723
-811
-777
-649
-613
-619
-579
-475
-451
-405
-438
-367
-344
-404
-354
-308
-308
-406
-493
-537
-532
-670
-746
-806
-820
-958
-595
-246
-534
-802
-1036
-495
-464
-328
191
262
-73
-528
15
523
609
636
1041
1268
1105
759
1073
1327
1180
1189
1437
1575
1070
682
682
657
508
459
494
457
18
-272
-304
-187
-208
-369
-296
-225
-361
-547
-533
-479
-404
-370
-173
-77
-163
-257
-141
58
200
290
400
438
421
419
462
577
644
641
671
725
773
738
664
647
629
679
732
728
735
553
431
391
368
452
344
286
195
15
-54
-192
-194
-228
-360
-374
-477
-579
-720
-758
-746
-761
-807
-781
-825
-915
-948
-941
-849
-859
-817
-727
-740
-692
-645
-582
-533
-474
-484
-439
-394
-410
-382
-438
-435
-509
-544
-630
-633
-746
-817
-944
-980
-1003
-754
-207
-365
-793
-1154
-609
-331
-242
290
502
117
-623
-161
810
1021
906
1037
1352
1154
737
1175
1750
1667
1367
1390
1610
1223
754
868
1086
962
610
544
426
32
-272
-180
135
146
-283
-528
-431
-411
-428
-397
-241
-248
-383
-364
-172
-80
-88
-42
223
324
319
281
336
538
597
721
792
783
657
619
701
849
968
775
746
692
640
608
584
696
717
488
369
342
253
244
170
267
92
-135
-326
-347
-227
-444
-462
-502
-683
-835
-962
-882
-860
-957
-928
-905
-998
-1048
-1049
-896
-804
-794
-765
-739
-727
-744
-627
-477
-387
-397
-395
-390
-390
-328
-295
-242
-322
-364
-472
-513
-564
-665
-781
-864
-931
-984
-1025
-629
-262
-600
-986
-1117
-407
-216
-93
324
362
-212
-651
205
1135
1163
802
930
1068
974
838
1512
1937
1521
1134
1137
1391
1083
891
1074
1051
712
328
243
210
-30
-153
-66
20
-192
-597
-639
-408
-243
-335
-420
-416
-491
-451
-258
20
65
-14
-105
71
268
340
392
490
625
582
552
566
638
683
729
741
771
668
715
641
659
734
574
521
452
595
549
305
189
192
262
92
-11
-50
-242
-403
-481
-339
-404
-655
-768
-742
-755
-849
-871
-786
-823
-949
-948
-889
-886
-961
-899
-783
-715
-790
-812
-659
-592
-491
-419
-340
-335
-376
-307
-153
-94
-100
-168
-216
-224
-268
-336
-392
-445
-564
-705
-802
-873
-970
-1033
-885
-185
-147
-778
-1381
-950
-107
-58
180
441
89
-724
-619
886
1638
1134
571
805
1103
917
1178
2002
1905
1130
703
1102
1438
1054
997
1094
879
250
60
276
394
115
-107
-114
-146
-429
-646
-368
-69
-76
-382
-527
-477
-300
-109
118
157
-39
-198
-119
262
584
574
420
412
534
576
644
715
763
679
553
535
587
553
543
591
573
426
301
262
393
432
372
308
91
18
25
71
73
-114
-223
-282
-290
-368
-462
-447
-561
-599
-638
-694
-696
-751
-730
-713
-789
-836
-837
-779
-660
-648
-557
-522
-573
-514
-415
-252
-178
-162
-160
-127
-76
10
57
55
-5
-40
-41
-126
-147
-343
-371
-429
-440
-526
-720
-867
-942
-902
-537
15
-466
-1130
-1304
-418
32
-68
144
93
-449
-935
118
1316
1205
346
292
845
979
881
1452
1924
1221
518
660
1403
1384
1020
1036
844
334
-17
317
712
465
-106
-336
-221
-176
-327
-275
-52
-75
-370
-526
-346
-121
30
54
82
-44
-126
-68
267
594
592
428
249
372
429
553
695
677
492
289
345
479
586
497
363
359
192
141
188
364
449
145
18
15
-15
-38
-3
109
-39
-380
-428
-327
-175
-364
-430
-347
-523
-601
-624
-428
-419
-612
-630
-611
-645
-683
-580
-454
-471
-634
-608
-443
-315
-311
-271
-194
-195
-190
-123
28
22
14
-79
-43
-19
-68
-77
-163
-175
-337
-416
-429
-514
-632
-780
-855
-932
-1038
-939
-369
-317
-982
-1499
-1006
-229
-252
-192
-21
-260
-894
-678
790
1391
727
82
431
991
1036
1250
1845
1606
775
509
1160
1670
1377
1089
878
650
249
359
766
754
213
-236
-265
-10
8
-125
-128
-171
-293
-513
-394
-110
48
-77
-188
-169
-99
-22
100
352
447
306
32
79
374
516
508
398
328
219
196
323
505
468
134
-50
39
284
426
216
235
111
26
5
57
330
121
-129
-162
-97
9
-158
-157
-93
-313
-373
-412
-170
-182
-453
-439
-456
-430
-477
-433
-305
-399
-567
-514
-440
-311
-353
-342
-253
-319
-298
-266
-70
-31
-102
-78
-64
-52
-67
-44
6
4
-92
-221
-282
-214
-332
-405
-568
-623
-751
-952
-972
-955
-940
-719
-367
-722
-1245
-1310
-486
-112
-190
-149
-229
-592
-787
224
1196
976
213
160
769
1163
1224
1576
1678
1025
585
976
1642
1599
1147
867
621
444
467
705
689
234
-210
-293
-68
67
-91
-296
-318
-372
-412
-399
-331
-255
-264
-279
-279
-249
-195
-91
111
245
211
71
72
286
476
471
337
220
241
352
448
458
347
134
33
137
374
459
220
48
21
109
126
137
156
61
-203
-276
-142
-42
-125
-300
-268
-255
-362
-426
-323
-195
-318
-475
-476
-458
-415
-396
-310
-293
-475
-540
-439
-278
-220
-307
-304
-273
-187
-71
0
30
-24
-9
66
97
124
75
64
59
7
-54
-144
-203
-274
-332
-413
-580
-699
-836
-874
-987
-1077
-1094
-797
-367
-708
-1239
-1374
-591
-233
-222
-81
-79
-481
-759
221
1266
1190
449
318
835
1218
1293
1631
1796
1250
736
960
1643
1672
1248
991
720
475
356
523
573
249
-203
-434
-324
-166
-262
-435
-489
-566
-640
-676
-518
-339
-270
-336
-395
-308
-146
-24
96
225
267
192
166
388
527
508
394
367
456
447
369
361
391
350
230
224
185
360
288
222
183
48
92
-36
86
177
23
-188
-303
-161
-25
-126
-173
-267
-276
-300
-304
-42
-153
-309
-409
-300
-150
-228
-251
-282
-318
-341
-285
-221
-127
-245
-222
-158
-53
-36
-75
18
51
51
-3
34
19
55
-14
31
-57
-147
-293
-347
-314
-445
-508
-799
-860
-1046
-1107
-1160
-1281
-1260
-956
-481
-990
-1522
-1475
-576
-231
-348
-155
-178
-601
-758
363
1379
1125
307
312
929
1304
1365
1717
1806
1144
683
1040
1752
1730
1223
944
650
402
361
543
588
150
-307
-534
-348
-137
-246
-422
-441
-458
-557
-550
-312
-110
-95
-178
-175
-26
136
207
346
545
607
486
380
592
757
731
602
589
648
585
490
488
536
413
225
175
235
298
179
41
38
-63
-131
-138
-115
-33
-227
-373
-311
-299
-214
-386
-341
-291
-360
-354
-389
-216
-255
-350
-275
-271
-222
-263
-247
-114
-205
-229
-212
-149
-25
-73
-68
6
24
82
75
131
93
53
69
102
94
26
-73
-94
-87
-224
-255
-442
-508
-623
-709
-789
-908
-1135
-1255
-1433
-1372
-1350
-1032
-510
-963
-1512
-1664
-691
-128
-224
-81
-146
-534
-723
254
1494
1445
554
309
891
1419
1544
1817
2025
1363
690
858
1626
1864
1333
879
467
208
164
420
514
121
-532
-857
-645
-319
-306
-597
-713
-749
-752
-670
-477
-261
-204
-294
-283
-135
50
166
292
527
581
414
332
547
827
822
658
574
552
511
454
552
590
389
107
37
116
241
247
121
-9
-132
-195
-135
-54
10
-98
-328
-398
-358
-191
-129
-171
-201
-291
-343
-341
-126
-8
-94
-207
-197
-158
-106
-13
97
91
-90
-138
-77
117
175
161
123
77
27
77
184
181
81
-52
-56
-75
-119
-191
-256
-275
-416
-568
-683
-714
-736
-891
-967
-1152
-1276
-1456
-1465
-1448
-1478
-1538
-1093
-725
-1141
-1636
-1443
-541
-267
-222
77
47
-451
-607
588
1605
1396
642
594
1121
1444
1557
2003
2071
1296
677
984
1672
1641
1183
827
555
231
136
314
445
125
-347
-596
-437
-252
-393
-496
-409
-327
-481
-506
-335
-6
104
99
112
133
154
210
554
889
854
554
396
618
838
869
790
696
513
353
339
519
573
348
42
-83
-101
54
206
25
-64
-364
-396
-301
-204
-9
-238
-431
-612
-526
-292
-251
-210
-301
-400
-408
-374
-82
-13
-142
-174
-185
-115
-63
9
138
92
-50
-85
-30
121
103
69
43
37
14
-19
3
23
-32
-82
-107
-257
-300
-377
-338
-348
-520
-699
-772
-793
-735
-813
-947
-1117
-1298
-1288
-1316
-1312
-1378
-1367
-964
-571
-789
-1179
-1268
-555
-129
137
420
273
-155
-341
548
1597
1645
1088
795
1077
1387
1493
1882
2009
1495
891
891
1309
1398
1125
907
633
258
-14
-40
144
102
-209
-536
-595
-570
-627
-630
-413
-287
-418
-641
-668
-335
-8
175
172
71
-27
34
364
778
854
668
460
483
595
715
757
725
565
409
305
349
436
311
210
20
92
64
-100
-77
-114
-48
-196
-306
-181
-227
-320
-353
-325
-198
-325
-361
-240
-241
-181
-257
-82
-29
-175
-126
-90
19
4
-33
51
35
-42
-7
15
149
90
16
25
16
78
87
100
4
-145
-195
-114
-136
-184
-352
-438
-440
-541
-585
-694
-747
-793
-874
-960
-1066
-1260
-1284
-1265
-1274
-1328
-1506
-1365
-1031
-555
-718
-1083
-1128
-668
-242
144
538
461
-53
-341
441
1364
1603
1203
982
1139
1174
1280
1724
1983
1629
1016
919
1143
1126
952
869
737
355
-78
-204
-81
-79
-191
-319
-370
-548
-779
-736
-421
-144
-172
-388
-502
-392
-135
131
330
375
225
121
274
600
786
793
704
650
614
570
602
685
732
577
437
315
280
111
131
264
109
45
-254
-194
-182
-196
-104
-209
-263
-394
-452
-343
-381
-379
-306
-284
-274
-466
-414
-289
-250
-128
-145
-125
-194
-252
-92
54
81
35
-56
-30
-5
17
155
147
73
-33
-11
55
42
-38
-85
-124
-140
-240
-339
-365
-444
-467
-573
-608
-719
-820
-845
-807
-878
-1064
-1200
-1198
-1131
-1227
-1298
-1360
-1264
-884
-510
-508
-909
-1001
-641
-110
329
654
611
169
-57
474
1365
1628
1394
1169
1247
1269
1277
1611
1858
1682
1238
1041
1060
918
759
773
757
461
-18
-276
-328
-335
-333
-312
-389
-625
-860
-843
-553
-279
-191
-265
-337
-319
-149
101
343
452
410
373
454
624
797
855
864
864
832
728
630
637
654
632
526
403
262
196
73
27
-6
-118
-112
-222
-236
-277
-462
-443
-463
-344
-279
-469
-546
-639
-475
-312
-281
-241
-379
-433
-374
-278
-66
-54
-84
-51
-74
-21
-36
28
161
105
50
41
45
78
24
40
61
-23
-97
-196
-224
-201
-284
-313
-373
-522
-549
-670
-642
-684
-844
-816
-978
-945
-1046
-1148
-1188
-1257
-1255
-1309
-1373
-1428
-1352
-1062
-434
-434
-718
-1028
-760
-133
186
643
805
473
75
158
1047
1604
1514
1287
1312
1412
1251
1247
1653
1811
1452
1106
954
967
672
519
633
589
286
-186
-406
-411
-435
-475
-447
-397
-508
-784
-784
-484
-227
-142
-179
-143
19
101
231
363
525
670
658
779
848
874
828
874
1015
994
839
652
543
511
498
396
408
280
82
-124
-254
-255
-320
-251
-292
-369
-585
-746
-657
-518
-337
-422
-577
-654
-604
-424
-263
-180
-228
-270
-251
-155
-31
82
100
127
154
191
213
189
197
167
178
227
228
166
65
-41
-58
-19
-48
-175
-313
-420
-473
-497
-512
-587
-684
-757
-806
-796
-886
-926
-988
-945
-971
-1073
-1170
-1229
-1208
-1194
-1180
-1193
-1169
-1009
-482
-255
-325
-644
-502
-46
335
699
907
880
509
383
915
1511
1670
1449
1377
1540
1468
1339
1415
1600
1491
1151
933
884
672
393
295
341
317
-10
-340
-547
-603
-626
-583
-435
-335
-481
-606
-490
-239
-35
5
99
302
424
490
461
592
779
883
936
944
970
893
846
876
916
809
612
409
347
269
140
63
-31
-61
-255
-381
-473
-534
-567
-609
-613
-654
-738
-773
-683
-610
-612
-664
-592
-445
-336
-276
-250
-217
-180
-127
4
115
166
137
129
221
318
334
269
186
127
86
72
105
55
-56
-178
-223
-186
-265
-382
-469
-511
-540
-626
-654
-746
-852
-908
-835
-773
-822
-942
-1009
-896
-919
-922
-1021
-1067
-1074
-1119
-1056
-1110
-1093
-980
-515
-87
-76
-390
-487
-151
256
547
800
913
794
501
707
1153
1493
1407
1294
1482
1604
1526
1293
1317
1370
1274
1044
938
836
613
345
231
305
239
4
-309
-469
-479
-456
-380
-292
-280
-336
-324
-167
2
28
46
227
486
619
590
558
604
684
758
867
967
918
746
620
625
604
502
357
270
195
44
-74
-159
-199
-292
-428
-467
-516
-522
-566
-579
-559
-606
-574
-512
-449
-428
-489
-469
-364
-252
-139
-124
-104
-98
-101
-25
59
158
176
157
191
202
191
158
141
109
67
20
19
-35
-151
-240
-252
-208
-264
-373
-479
-524
-544
-562
-579
-638
-710
-777
-706
-681
-699
-811
-870
-801
-787
-811
-905
-959
-982
-997
-951
-932
-1015
-1032
-852
-412
-84
-155
-400
-451
-145
217
477
625
677
627
622
815
1101
1249
1197
1193
1407
1554
1522
1315
1250
1204
1121
1014
893
773
572
409
327
255
76
-129
-282
-360
-430
-448
-374
-292
-288
-298
-204
-36
39
-8
8
199
437
531
507
510
578
668
723
762
780
739
643
578
539
485
375
257
165
56
-12
-108
-196
-296
-392
-436
-461
-452
-491
-554
-577
-575
-497
-450
-411
-392
-406
-367
-318
-218
-143
-100
-64
-30
34
90
156
172
189
194
197
199
219
232
197
150
93
52
5
-51
-107
-173
-229
-250
-253
-301
-393
-475
-496
-503
-535
-580
-618
-653
-690
-675
-662
-654
-729
-794
-786
-791
-822
-910
-908
-928
-948
-1003
-1081
-1075
-1028
-723
-304
-54
-90
-313
-208
89
444
650
742
867
867
968
1104
1293
1356
1300
1333
1497
1591
1493
1318
1224
1141
984
781
587
416
233
87
-46
-162
-337
-527
-667
-742
-790
-753
-643
-516
-482
-427
-267
-54
75
73
145
347
562
659
679
766
893
1005
1008
970
916
815
714
619
566
448
276
99
-10
-130
-257
-416
-538
-637
-704
-738
-770
-760
-825
-814
-781
-688
-641
-570
-472
-371
-254
-150
-41
67
186
288
370
421
463
510
598
659
662
616
543
508
453
393
289
178
91
-24
-117
-232
-345
-446
-518
-558
-612
-705
-778
-787
-773
-745
-731
-744
-780
-778
-741
-625
-555
-538
-534
-526
-511
-549
-597
-617
-639
-666
-749
-870
-950
-1065
-1011
-902
-454
-175
-109
-262
-256
71
271
467
478
682
793
839
971
1141
1347
1252
1178
1299
1463
1448
1191
1093
1054
948
660
395
270
165
-22
-206
-325
-415
-549
-718
-766
-787
-734
-641
-464
-354
-260
-91
178
407
451
448
548
743
831
839
875
1058
1130
1097
1004
974
901
695
513
334
228
15
-159
-309
-418
-549
-730
-844
-937
-1008
-1046
-1026
-1002
-939
-867
-716
-599
-484
-359
-214
-30
62
179
295
468
615
702
772
793
814
770
737
712
641
544
425
338
233
68
-112
-266
-356
-465
-604
-713
-780
-805
-828
-834
-830
-869
-863
-802
-681
-571
-512
-460
-414
-339
-253
-191
-113
-78
-60
-70
-105
-150
-207
-232
-331
-478
-667
-828
-972
-1083
-1170
-1234
-1183
-841
-509
-301
-381
-282
-25
158
349
438
779
906
987
1107
1370
1701
1635
1560
1607
1772
1748
1489
1367
1293
1144
841
588
477
352
93
-210
-395
-465
-602
-789
-909
-902
-782
-688
-538
-468
-323
-84
172
393
437
510
601
748
865
905
987
1055
1054
1016
939
917
785
556
323
124
8
-190
-374
-549
-620
-717
-845
-940
-978
-961
-1000
-960
-902
-778
-686
-551
-388
-224
-64
20
167
293
440
535
640
727
792
828
811
795
746
699
572
441
285
150
0
-153
-294
-451
-585
-728
-822
-915
-934
-922
-893
-865
-876
-842
-782
-658
-543
-435
-352
-292
-188
-104
-25
4
37
72
44
13
-82
-135
-210
-314
-391
-546
-690
-911
-1046
-1140
-1258
-1398
-1564
-1534
-1270
-837
-544
-440
-340
-72
228
421
631
803
1062
1105
1302
1524
1791
1876
1733
1832
1915
2013
1716
1449
1260
1101
835
506
310
152
-42
-383
-630
-808
-896
-1058
-1161
-1198
-1123
-1001
-843
-646
-442
-150
133
359
455
512
623
764
863
907
918
1036
1087
1064
988
924
834
587
353
138
2
-169
-370
-514
-604
-698
-835
-924
-979
-1007
-1038
-1007
-922
-811
-673
-487
-257
-70
69
159
309
444
566
639
718
777
780
792
772
797
721
620
466
301
121
-58
-177
-308
-430
-580
-654
-728
-767
-826
-852
-848
-841
-827
-828
-742
-616
-491
-379
-278
-144
-33
55
113
150
169
156
152
87
29
-52
-125
-219
-360
-493
-639
-794
-1009
-1213
-1377
-1446
-1619
-1721
-1787
-1538
-1007
-691
-364
-370
126
386
626
863
991
1510
1394
1639
1623
1958
2102
1971
2073
2084
2228
1846
1593
1367
1285
879
404
40
-100
-205
-517
-762
-1038
-1041
-1197
-1237
-1359
-1404
-1323
-1203
-887
-689
-365
-62
230
494
589
775
867
875
889
818
1010
1077
1112
1034
962
1023
841
650
318
121
-119
-352
-546
-663
-697
-789
-835
-865
-796
-845
-857
-893
-796
-689
-537
-346
-197
34
181
456
603
730
730
727
784
765
766
704
721
709
655
545
395
228
30
-169
-355
-523
-673
-786
-837
-819
-828
-816
-797
-749
-715
-704
-655
-585
-488
-403
-272
-94
55
179
254
314
340
282
208
107
21
-96
-207
-321
-426
-598
-734
-893
-1015
-1168
-1392
-1490
-1679
-1713
-1795
-1652
-1303
-869
-427
-216
121
446
765
954
1152
1384
1596
1608
1635
1771
1986
2132
2039
2057
2011
1961
1642
1366
1117
788
378
-109
-319
-496
-675
-975
-1192
-1255
-1292
-1368
-1459
-1505
-1446
-1337
-1129
-850
-599
-289
-15
362
644
849
961
977
995
967
984
1013
1031
982
968
983
990
823
555
266
13
-211
-484
-696
-865
-919
-952
-931
-838
-782
-750
-742
-676
-565
-489
-398
-287
-119
91
285
506
655
782
858
875
884
804
750
670
601
518
375
282
181
88
-55
-231
-393
-538
-637
-692
-734
-764
-775
-740
-669
-579
-484
-413
-310
-218
-134
-57
19
100
143
208
267
318
332
285
263
194
130
-9
-178
-339
-564
-722
-918
-1054
-1203
-1372
-1473
-1588
-1628
-1672
-1635
-1483
-1153
-759
-377
-97
236
600
922
1231
1442
1700
1779
1795
1817
1891
2028
1954
1831
1775
1763
1677
1428
1194
931
578
133
-260
-541
-760
-1032
-1311
-1444
-1454
-1418
-1437
-1440
-1394
-1295
-1164
-981
-786
-586
-357
-44
344
647
830
942
1053
1170
1201
1146
1085
998
950
861
836
787
633
446
236
111
-95
-342
-610
-783
-880
-959
-998
-994
-908
-851
-724
-608
-460
-355
-281
-143
-26
138
241
378
507
603
688
742
810
805
783
723
644
538
376
212
70
-45
-178
-325
-418
-487
-529
-549
-585
-585
-590
-567
-519
-463
-387
-297
-193
-99
-13
95
235
335
405
404
407
383
337
257
149
52
-60
-190
-340
-462
-594
-711
-874
-1039
-1196
-1326
-1438
-1546
-1599
-1593
-1545
-1433
-1202
-797
-345
15
288
568
959
1230
1469
1611
1769
1845
1820
1840
1872
1930
1818
1684
1606
1588
1445
1169
855
557
217
-185
-540
-825
-1050
-1358
-1582
-1654
-1610
-1552
-1566
-1498
-1350
-1155
-980
-772
-544
-306
-58
222
517
745
900
1047
1175
1241
1229
1174
1145
1057
943
809
729
609
395
198
45
-80
-291
-523
-678
-761
-858
-959
-1013
-958
-905
-881
-803
-658
-477
-343
-207
-34
141
267
357
447
560
626
661
697
723
759
714
667
574
472
348
170
4
-189
-324
-449
-514
-561
-601
-629
-630
-581
-529
-472
-444
-402
-362
-306
-245
-179
-91
5
109
205
302
363
378
347
279
197
100
2
-138
-287
-410
-525
-591
-747
-852
-975
-1098
-1159
-1348
-1334
-1438
-1401
-1347
-1308
-964
-700
-210
74
374
754
1043
1392
1543
1721
1849
1863
1801
1751
1717
1701
1567
1427
1389
1335
1251
1012
770
525
225
-141
-501
-824
-1125
-1396
-1611
-1652
-1638
-1573
-1506
-1382
-1126
-894
-706
-521
-351
-105
94
320
568
721
930
1045
1204
1311
1336
1340
1286
1233
1120
981
791
597
358
182
26
-135
-304
-506
-622
-692
-751
-824
-888
-927
-900
-903
-799
-674
-538
-380
-282
-43
126
279
393
463
590
629
640
633
591
577
520
446
400
294
201
82
-26
-116
-254
-365
-453
-512
-561
-584
-587
-568
-528
-465
-366
-279
-165
-90
-27
52
112
178
215
245
282
286
305
289
241
191
89
-21
-153
-256
-387
-533
-729
-859
-960
-1083
-1182
-1304
-1310
-1353
-1362
-1340
-1290
-1140
-972
-726
-400
-87
231
525
843
1201
1409
1618
1707
1755
1758
1661
1620
1511
1393
1249
1147
1077
978
765
551
350
113
-156
-491
-752
-1029
-1289
-1508
-1631
-1653
-1640
-1591
-1470
-1239
-982
-699
-452
-188
68
282
500
676
836
959
1029
1120
1204
1280
1323
1292
1273
1202
1103
939
720
506
276
71
-159
-356
-531
-634
-691
-746
-766
-776
-715
-680
-649
-577
-503
-380
-282
-175
0
130
268
362
474
638
696
740
738
712
675
560
445
323
203
71
-60
-161
-237
-319
-384
-419
-460
-488
-515
-525
-527
-521
-505
-460
-401
-317
-228
-121
0
83
199
274
350
379
362
341
271
212
95
-16
-108
-193
-304
-431
-561
-680
-770
-900
-1016
-1138
-1202
-1267
-1335
-1358
-1334
-1262
-1179
-1022
-759
-382
-73
235
526
877
1208
1369
1527
1597
1674
1663
1578
1519
1433
1336
1190
1063
999
886
688
497
313
95
-201
-504
-761
-1004
-1253
-1470
-1600
-1622
-1585
-1515
-1343
-1131
-874
-617
-343
-44
213
446
650
825
978
1081
1132
1207
1244
1276
1284
1265
1251
1146
1019
838
639
432
204
-23
-249
-461
-630
-731
-827
-863
-878
-828
-759
-703
-595
-504
-373
-273
-181
-71
37
137
219
323
436
531
586
626
667
687
626
543
430
327
192
26
-111
-231
-322
-419
-474
-500
-490
-476
-461
-427
-371
-311
-282
-232
-175
-106
-38
45
132
216
283
329
374
406
419
374
301
217
106
-30
-159
-298
-429
-568
-698
-793
-908
-995
-1102
-1159
-1213
-1292
-1323
-1348
-1287
-1262
-1160
-947
-651
-311
-40
304
640
967
1209
1368
1533
1599
1585
1499
1415
1327
1176
1009
873
803
722
582
452
343
188
-51
-316
-538
-765
-1023
-1261
-1415
-1456
-1467
-1441
-1334
-1122
-838
-555
-254
39
314
550
734
893
997
1055
1086
1104
1153
1169
1150
1092
1051
1030
951
843
664
481
284
65
-141
-374
-551
-726
-861
-906
-906
-829
-777
-673
-522
-377
-246
-184
-81
31
118
149
196
284
363
420
469
550
602
609
551
505
438
311
135
-43
-184
-344
-481
-575
-599
-593
-601
-563
-489
-412
-355
-306
-234
-172
-125
-79
-19
37
79
107
156
229
283
314
324
330
292
224
139
38
-82
-244
-390
-557
-669
-788
-898
-956
-1039
-1037
-1081
-1104
-1100
-1109
-1046
-1036
-921
-745
-513
-221
4
344
666
963
1218
1399
1588
1638
1616
1517
1418
1292
1094
910
761
686
569
436
314
240
143
-40
-227
-415
-595
-824
-1050
-1215
-1292
-1338
-1329
-1227
-1023
-732
-465
-167
136
441
685
852
990
1081
1129
1092
1022
980
945
881
805
763
751
713
632
521
402
246
39
-161
-372
-541
-730
-859
-904
-903
-823
-771
-603
-456
-293
-139
-37
100
166
224
225
245
272
299
331
364
424
464
478
476
451
404
295
149
11
-143
-286
-441
-535
-587
-614
-606
-566
-460
-362
-287
-229
-133
-31
30
42
68
108
138
154
163
220
268
285
266
263
243
179
84
-19
-107
-252
-400
-539
-657
-759
-870
-956
-1003
-1035
-1041
-1047
-1029
-986
-972
-927
-885
-770
-616
-417
-187
57
330
598
883
1128
1361
1503
1528
1487
1411
1305
1124
914
711
568
448
331
244
197
166
95
8
-98
-217
-394
-599
-784
-923
-1014
-1077
-1077
-977
-801
-577
-323
-29
273
541
776
968
1102
1153
1117
1027
937
851
763
652
558
499
466
425
373
308
225
133
-29
-191
-344
-506
-646
-775
-817
-819
-756
-645
-535
-368
-204
-34
112
198
255
288
290
275
250
248
265
265
265
271
276
279
238
180
108
-1
-106
-257
-398
-511
-610
-655
-675
-644
-584
-494
-400
-303
-187
-67
18
56
88
111
122
95
70
57
59
70
75
88
104
96
39
-48
-130
-235
-368
-537
-659
-784
-883
-966
-1056
-1065
-1087
-1032
-991
-939
-865
-835
-736
-676
-560
-408
-228
-10
175
405
614
861
1068
1220
1321
1368
1369
1276
1157
986
824
678
538
421
316
258
197
144
83
19
-51
-157
-299
-459
-584
-696
-779
-840
-833
-737
-603
-404
-180
93
362
575
775
916
1030
1049
989
905
811
705
565
446
343
286
238
186
147
96
76
21
-45
-156
-286
-385
-498
-577
-638
-626
-572
-493
-384
-249
-84
69
190
275
348
388
379
328
267
234
194
173
152
138
151
160
166
138
78
18
-64
-154
-236
-304
-360
-413
-434
-411
-340
-254
-156
-55
46
130
186
217
213
213
181
139
95
46
15
-17
-43
-76
-90
-97
-139
-207
-287
-374
-467
-579
-674
-757
-832
-915
-979
-997
-997
-972
-944
-901
-828
-753
-686
-623
-541
-407
-264
-113
48
221
431
611
792
944
1060
1114
1101
1070
1002
921
794
657
545
454
378
318
267
238
213
177
151
72
-13
-120
-236
-346
-467
-559
-606
-579
-527
-414
-248
-37
161
341
536
698
815
831
810
777
702
572
433
323
244
192
127
102
95
105
83
59
32
-37
-95
-198
-267
-340
-404
-428
-449
-414
-376
-282
-165
-61
51
142
223
243
249
223
195
151
104
76
32
38
35
46
64
69
60
31
-12
-57
-112
-160
-189
-229
-231
-222
-194
-146
-99
-20
48
114
158
167
183
173
144
98
49
33
-1
-47
-103
-125
-130
-154
-186
-193
-231
-291
-333
-398
-451
-528
-601
-669
-719
-737
-746
-754
-745
-720
-689
-626
-590
-524
-476
-410
-291
-200
-54
54
209
356
474
614
717
823
859
883
885
863
787
696
602
530
481
405
366
319
311
282
237
190
119
22
-103
-218
-338
-436
-534
-579
-571
-514
-425
-309
-142
22
179
319
441
532
569
572
541
483
412
337
271
225
185
159
151
170
215
215
210
203
189
148
61
-4
-78
-153
-213
-250
-272
-265
-230
-172
-113
-53
14
68
109
128
126
119
112
81
61
49
44
49
43
61
84
102
94
80
88
78
49
19
3
-7
-21
-39
-40
-26
-9
4
15
33
45
39
31
7
-13
-52
-98
-138
-183
-215
-254
-266
-280
-302
-308
-315
-328
-353
-384
-428
-471
-521
-564
-595
-630
-666
-697
-698
-683
-673
-636
-597
-522
-459
-384
-252
-155
-16
83
230
371
450
587
656
746
755
761
770
754
720
647
621
572
536
463
432
398
354
310
226
152
40
-71
-203
-307
-421
-497
-546
-567
-529
-485
-392
-286
-152
-30
89
185
264
321
348
372
350
330
313
290
256
237
214
204
209
221
219
198
210
187
147
62
-24
-88
-182
-274
-345
-373
-397
-406
-370
-295
-207
-124
-52
24
95
133
139
132
127
124
115
102
103
97
120
118
131
150
159
174
157
159
144
117
75
26
-5
-33
-83
-111
-129
-131
-115
-138
-131
-140
-138
-128
-141
-137
-157
-172
-190
-202
-209
-222
-246
-262
-274
-282
-288
-308
-316
-323
-337
-354
-383
-417
-447
-480
-487
-514
-543
-555
-556
-537
-511
-448
-375
-257
-130
-10
128
255
391
504
606
692
753
794
812
825
801
759
707
661
622
577
549
520
486
417
339
255
170
63
-71
-207
-324
-415
-520
-577
-597
-580
-546
-500
-399
-305
-204
-100
5
91
154
192
200
220
220
209
186
154
157
157
140
157
161
187
203
194
204
162
133
49
-49
-113
-210
-274
-322
-336
-314
-298
-242
-177
-114
-28
59
120
156
177
187
183
165
143
113
101
90
81
91
95
113
128
123
126
108
71
37
-18
-67
-114
-177
-220
-278
-296
-287
-297
-293
-279
-245
-223
-200
-179
-169
-156
-153
-147
-146
-148
-151
-149
-144
-137
-121
-140
-146
-154
-169
-193
-232
-248
-268
-292
-328
-359
-376
-381
-389
-373
-357
-335
-281
-247
-176
-109
-37
71
157
268
357
445
537
617
706
755
812
837
857
874
849
821
779
738
678
588
503
430
333
229
123
15
-83
-173
-253
-332
-397
-445
-478
-510
-503
-463
-436
-388
-325
-244
-169
-92
12
79
142
184
214
239
250
263
252
239
229
217
217
205
191
165
130
85
37
-20
-81
-134
-204
-258
-287
-295
-298
-285
-247
-203
-155
-109
-57
-5
43
78
101
115
128
136
136
142
141
149
157
160
155
135
116
93
56
10
-24
-69
-126
-177
-211
-255
-291
-312
-328
-317
-308
-287
-259
-241
-203
-167
-140
-128
-126
-111
-97
-81
-83
-68
-58
-68
-77
-85
-75
-91
-117
-143
-173
-199
-242
-267
-298
-336
-354
-378
-378
-376
-352
-312
-265
-210
-175
-128
-56
12
69
112
170
253
303
362
421
490
558
582
628
679
706
701
681
656
621
562
486
424
365
290
225
158
100
50
-2
-48
-96
-121
-150
-169
-182
-185
-169
-168
-148
-131
-106
-67
-29
7
22
65
105
129
151
170
203
213
215
211
190
154
113
67
36
8
-39
-77
-108
-118
-127
-124
-126
-134
-125
-123
-121
-99
-84
-63
-43
-38
-34
-24
-8
11
29
33
40
35
46
51
31
1
-29
-46
-80
-115
-145
-178
-217
-256
-277
-290
-307
-339
-367
-354
-324
-309
-291
-268
-235
-213
-211
-181
-152
-118
-90
-64
-43
-31
-10
-4
15
32
42
40
38
30
6
-4
-33
-69
-98
-128
-137
-141
-136
-111
-105
-77
-44
-18
13
36
79
104
128
156
193
233
263
304
346
382
399
425
442
462
461
450
438
407
368
324
282
225
169
102
52
3
-53
-94
-133
-166
-206
-225
-228
-244
-264
-279
-270
-248
-245
-216
-175
-157
-146
-137
-112
-73
-34
-3
24
54
85
87
69
69
71
56
39
42
37
29
17
3
-10
-28
-34
-35
-44
-48
-38
-36
-38
-28
-18
-14
1
15
12
20
39
56
68
73
78
66
44
25
5
-3
-20
-42
-75
-98
-125
-162
-180
-203
-201
-220
-225
-261
-204
-149
-180
-185
-239
-200
-227
-168
-156
-167
-79
-127
-99
-85
11
39
35
101
89
139
123
150
130
104
101
65
85
30
30
9
-20
-8
-26
-1
-15
1
0
-4
16
22
36
20
30
58
92
113
131
177
209
269
298
338
396
412
432
423
440
425
380
343
288
240
192
138
73
26
-32
-83
-120
-145
-181
-233
-267
-291
-296
-311
-318
-308
-303
-297
-282
-264
-239
-203
-167
-133
-96
-56
-10
29
58
75
84
91
99
92
72
45
27
20
13
-3
-28
-29
-29
-30
-24
-13
2
10
14
13
24
35
45
48
60
73
77
82
73
72
79
88
92
94
98
96
83
67
47
19
-14
-53
-82
-103
-134
-161
-182
-202
-206
-203
-193
-186
-179
-161
-158
-145
-127
-111
-93
-70
-31
2
34
51
73
96
112
129
142
146
147
153
125
97
71
32
15
-15
-45
-68
-100
-123
-140
-157
-158
-149
-138
-128
-111
-84
-56
-25
-3
20
48
70
87
121
154
173
194
205
217
225
228
229
214
192
158
128
87
48
-1
-44
-83
-132
-159
-194
-224
-252
-275
-294
-294
-282
-295
-287
-269
-239
-206
-183
-147
-99
-58
-41
-6
24
42
58
79
97
120
126
121
131
146
147
133
128
116
103
90
76
75
59
55
47
39
36
39
58
73
87
95
111
120
134
152
157
180
195
207
202
188
192
180
155
129
118
105
68
45
24
10
-21
-53
-65
-81
-105
-133
-135
-146
-162
-163
-160
-137
-120
-102
-75
-50
-39
-18
11
36
60
88
120
148
168
182
182
169
159
140
120
101
92
70
26
-9
-37
-53
-77
-96
-104
-112
-109
-106
-98
-80
-69
-48
-35
-22
6
34
57
95
131
156
179
202
213
218
232
235
221
199
169
133
103
46
3
-40
-88
-117
-155
-183
-213
-238
-260
-284
-293
-294
-287
-282
-273
-277
-260
-239
-221
-205
-189
-164
-138
-104
-70
-40
-23
-2
17
34
36
40
36
32
28
15
9
5
1
-13
-21
-34
-46
-46
-47
-39
-28
-10
0
11
25
44
76
99
109
131
138
144
162
173
186
198
198
202
203
183
150
129
117
86
64
39
15
-4
-36
-63
-74
-76
-95
-104
-99
-88
-77
-77
-57
-40
-21
1
23
43
69
90
98
115
129
133
135
147
155
159
157
149
133
110
86
71
58
35
17
1
-28
-55
-79
-102
-119
-128
-129
-115
-108
-105
-85
-68
-50
-32
-5
14
30
52
71
96
107
118
109
95
87
75
46
26
17
3
-23
-53
-75
-97
-126
-147
-160
-179
-195
-224
-231
-234
-237
-249
-257
-240
-223
-203
-184
-155
-131
-112
-96
-62
-26
-12
3
16
36
53
52
69
73
63
49
39
35
27
21
17
18
21
27
20
24
27
32
36
35
49
61
55
59
74
82
96
116
144
168
165
154
158
158
140
125
121
111
79
47
16
-11
-35
-68
-89
-106
-126
-151
-173
-174
-168
-165
-160
-141
-120
-104
-87
-74
-57
-47
-23
7
32
54
63
87
105
122
122
121
130
119
106
91
85
80
76
64
52
37
2
-20
-36
-52
-65
-77
-79
-85
-86
-83
-78
-68
-64
-58
-44
-26
-9
9
19
38
50
56
70
83
76
64
49
33
22
0
-18
-30
-39
-52
-68
-79
-82
-98
-106
-107
-104
-106
-108
-107
-104
-95
-88
-78
-68
-62
-59
-45
-36
-21
-9
7
30
45
48
53
62
60
62
70
78
70
63
51
51
51
41
33
34
39
41
43
45
48
50
53
54
65
70
66
67
80
82
77
72
76
80
76
69
65
61
44
34
24
20
6
-20
-33
-47
-59
-80
-105
-123
-139
-147
-154
-164
-165
-162
-156
-146
-122
-103
-94
-80
-57
-31
-11
10
22
36
48
51
47
54
61
67
61
55
56
48
42
31
24
25
20
10
-2
-7
-15
-38
-45
-41
-44
-45
-44
-41
-32
-30
-25
-16
2
23
39
52
68
88
97
108
120
127
130
117
114
119
118
108
91
77
59
43
16
0
-2
-16
-25
-31
-30
-23
-21
-26
-20
-21
-15
-10
-4
4
16
33
36
44
57
66
73
79
79
86
90
90
88
83
79
74
63
56
53
46
31
18
4
3
6
1
4
10
15
12
13
23
27
30
33
40
52
57
57
60
57
50
46
37
24
15
8
-11
-26
-42
-54
-63
-89
-106
-116
-129
-138
-149
-164
-162
-162
-169
-170
-168
-153
-140
-125
-110
-89
-63
-43
-23
-6
11
26
35
47
53
53
48
44
36
30
33
28
26
13
0
-10
-25
-36
-45
-46
-49
-60
-71
-77
-80
-85
-86
-85
-76
-68
-62
-56
-43
-21
-1
14
23
38
45
50
58
61
66
75
72
73
75
70
58
47
39
34
28
7
-13
-28
-35
-37
-40
-47
-46
-44
-48
-47
-43
-40
-33
-21
-19
-14
-11
-7
-5
-2
5
15
17
18
22
30
42
46
43
44
47
49
44
34
38
45
40
33
31
38
40
36
33
38
43
48
47
49
59
60
58
55
57
57
42
38
34
35
33
18
5
-10
-17
-23
-32
-41
-50
-56
-66
-72
-76
-79
-81
-86
-84
-86
-79
-73
-67
-54
-38
-27
-14
-2
11
25
33
41
43
43
44
52
54
57
54
54
45
37
26
13
14
-2
-15
-28
-38
-39
-57
-68
-65
-65
-71
-74
-75
-71
-64
-63
-64
-52
-40
-31
-29
-26
-16
-6
-2
-3
7
16
17
19
17
15
16
12
5
-1
0
-8
-17
-24
-23
-23
-27
-34
-39
-37
-37
-36
-35
-27
-11
-3
-1
7
22
28
30
38
43
47
45
46
50
51
54
54
53
58
59
57
56
47
39
31
30
26
22
18
18
17
13
14
13
13
15
18
23
31
32
34
36
46
45
43
42
42
46
38
32
25
19
16
6
-3
-4
