31
17
24
27
38
44
39
39
45
42
28
18
9
-3
-4
-2
-5
-10
-11
-10
-20
-22
-29
-17
-14
-21
-18
-17
-30
-25
-26
-24
-17
-11
-5
-10
-6
-9
-14
-20
-8
1
13
38
50
48
58
37
67
26
116
251
100
82
-16
-100
-80
-24
90
18
-60
-92
-151
-131
-55
9
43
8
-22
-54
-77
-90
-46
-73
-60
-19
-28
26
33
32
27
14
24
49
62
105
87
66
84
63
39
37
1
51
78
19
24
-55
-64
-62
-60
-49
-4
-57
-44
-34
-57
10
-12
12
0
-18
-22
32
14
46
20
-4
13
-28
87
78
25
13
-46
-69
-55
-14
16
42
-68
-72
-1
-68
3
19
42
41
-18
52
44
34
39
40
58
65
5
88
57
-20
73
2
32
50
4
57
2
-40
37
37
-20
12
-18
-9
-26
-17
-5
-120
-94
-64
-84
-34
18
-90
5
39
4
106
102
88
93
200
46
79
86
-34
-15
5
-4
-131
-7
-62
-113
6
-158
-132
-20
-179
-37
-26
-34
-62
-82
-66
-46
-63
56
34
-75
213
-171
121
138
-57
162
129
43
79
260
-6
170
31
227
-52
-52
78
-219
98
-84
-9
-54
-277
-259
-64
-230
-47
-9
-117
-33
-240
-77
116
-321
62
156
-254
225
-127
76
91
-85
229
58
101
209
29
155
126
-58
114
-25
99
-32
79
-86
73
3
-233
77
-251
15
-102
-39
48
-273
-76
-152
-247
-86
-106
-8
4
-173
-15
-50
-190
98
53
60
192
22
125
84
91
13
64
50
73
-10
97
173
-132
164
116
77
112
351
127
241
136
-74
-32
-89
52
-79
-68
-114
-298
-438
-198
-309
-196
-95
-99
-32
-223
-207
59
-48
36
140
110
109
23
149
128
141
134
163
110
237
78
161
204
-80
47
4
-56
26
-20
-68
-61
-197
-147
-181
-130
-116
-184
-52
-102
-183
-112
-110
-101
33
45
30
26
-33
14
123
104
150
41
22
-22
-72
80
24
62
97
-80
-49
-66
-127
-32
18
-23
-9
-27
-15
-53
-48
23
1
80
41
46
61
-2
-14
56
61
37
72
58
57
30
41
26
16
20
35
43
39
24
-7
-16
-65
-7
38
9
39
0
-70
-46
-9
18
84
76
50
10
-14
15
29
69
63
26
-17
-70
-69
-15
-27
8
2
-11
-50
-72
-5
-48
-29
14
45
57
31
29
-31
0
29
35
66
80
42
22
59
35
15
13
31
16
44
75
28
-52
-87
-80
-62
30
52
19
-52
-117
-154
-133
-39
13
-18
-71
-76
-147
-87
-69
-39
16
2
18
-35
-81
-108
-100
-26
44
52
29
-26
-47
-74
-47
12
69
76
79
58
44
16
-7
56
76
94
89
123
77
29
21
71
102
109
151
165
145
120
119
121
164
129
152
196
169
154
113
75
74
54
78
142
113
75
33
24
-9
-20
40
72
72
30
-49
-83
-116
-149
-57
-28
-49
-140
-199
-220
-230
-262
-159
-119
-189
-184
-257
-237
-255
-253
-201
-191
-214
-275
-349
-338
-371
-400
-360
-325
-367
-442
-419
-437
-425
-412
-383
-388
-425
-450
-408
-420
-437
-390
-380
-361
-393
-426
-446
-417
-408
-262
-46
75
71
78
183
305
478
728
901
945
896
927
999
1062
1102
1142
1221
1138
1117
1078
990
806
688
717
731
720
557
399
227
105
124
193
148
18
-61
-86
-60
4
51
73
62
101
231
375
469
452
465
496
568
626
643
583
515
417
370
338
259
144
-19
-87
-211
-259
-384
-522
-629
-743
-780
-826
-904
-992
-1070
-1067
-1044
-1041
-1029
-1047
-996
-968
-865
-840
-792
-765
-722
-604
-582
-560
-657
-766
-859
-888
-874
-893
-948
-1043
-1328
-1452
-1441
-1291
-852
-530
-425
-713
-676
-468
-284
147
769
952
649
622
818
884
1052
1467
1705
1660
1550
1607
1485
1329
1197
1205
1255
1183
970
637
316
-77
-243
-180
-120
-275
-532
-732
-912
-936
-740
-547
-454
-437
-281
-48
135
215
318
559
803
993
1225
1454
1335
1231
1254
1516
1540
1480
1446
1238
1000
798
791
672
390
107
16
-93
-306
-520
-609
-750
-905
-866
-789
-801
-924
-913
-799
-672
-551
-482
-389
-387
-356
-169
-28
21
-82
-91
-101
-3
52
-38
34
-126
-269
-319
-204
-192
-414
-465
-531
-669
-773
-825
-758
-825
-881
-948
-873
-788
-998
-891
-842
-677
-706
-671
-516
-589
-601
-489
-3
131
-46
-98
73
30
-55
264
501
400
95
161
373
249
173
361
504
361
323
411
375
179
47
167
298
329
237
197
166
69
-39
80
256
211
127
107
174
155
144
214
303
338
358
491
521
447
404
479
530
559
612
610
583
467
460
474
544
572
487
443
407
380
342
320
289
240
208
179
171
134
67
49
30
39
13
15
-7
-41
-52
-58
-33
-30
-81
-113
-88
-105
-72
-57
-42
-53
-87
-89
-95
-52
-13
-15
-20
-5
-12
2
19
9
-6
-49
-72
-81
-125
-180
-206
-200
-219
-238
-242
-272
-319
-347
-339
-309
-284
-288
-309
-320
-340
-349
-347
-332
-327
-347
-332
-317
-317
-305
-285
-273
-249
-245
-204
-170
-173
-170
-192
-165
-173
-197
-195
-210
-253
-267
-250
-241
-257
-286
-289
-283
-263
-257
-217
-198
-194
-159
-109
-66
-29
-25
-5
40
57
96
144
184
184
214
225
269
297
306
333
350
371
350
361
365
366
361
349
341
331
288
268
284
254
238
223
246
227
205
220
210
206
196
200
192
169
150
140
114
93
115
122
121
130
137
134
142
152
145
113
77
82
47
-8
-93
-90
-111
-172
-164
-199
-201
-247
-239
-296
-317
-310
-373
-404
-389
-211
-307
-368
-240
-279
-337
-332
-178
-186
-234
-204
-147
-133
-269
-173
-105
-140
-92
-28
38
-69
-71
-6
0
34
109
151
106
105
114
167
151
125
245
222
139
147
177
118
39
181
182
55
43
101
71
0
-23
45
51
-134
-70
-79
-98
-156
-135
-29
-123
-107
-107
-43
-66
-40
11
37
89
23
29
139
149
123
196
218
220
163
218
226
169
184
228
206
175
211
162
144
157
187
55
57
131
8
-59
-35
28
-158
-222
-19
-52
-171
-132
-186
-134
-71
-127
-57
-128
-58
-122
-148
6
-49
-52
-54
-28
55
-18
-77
32
-38
72
76
85
82
-84
57
123
18
81
291
21
29
5
103
16
-20
185
-39
57
-217
139
135
-178
-43
-186
5
-224
-197
-6
-211
-226
-248
-168
-132
-233
-137
50
-188
-325
-59
-92
-54
-138
60
62
-265
-167
17
306
104
-39
166
16
-231
-30
168
154
-68
23
-63
-247
54
-201
29
7
-131
-22
-286
40
-34
-137
-16
15
110
-66
0
101
134
84
238
266
175
297
205
367
394
368
408
427
391
360
496
438
305
273
388
341
276
263
213
146
122
49
74
239
30
-103
-57
6
-40
-176
-59
83
-130
-191
-26
-20
-75
-82
10
-47
-57
-9
21
-121
-63
41
-88
-27
36
22
-105
-22
16
-85
-117
-39
14
-101
-50
-27
-90
-83
-75
-70
104
-43
-165
-34
-137
5
-142
-136
97
-164
-213
-162
-34
-196
-301
-4
-42
-377
-201
-42
-235
-164
-180
-111
-216
-333
-154
-318
-194
-171
-221
-340
-496
-146
-331
-325
-407
-368
-351
-485
-377
-598
-475
-468
-576
-589
-445
-542
-398
-203
-214
-422
-482
-98
-96
42
159
264
10
-214
146
439
526
531
683
609
411
550
694
776
645
652
654
541
484
346
398
349
276
228
180
101
22
-16
-46
-51
-133
-101
-122
-171
-103
-22
48
-52
-114
48
156
164
161
250
337
309
346
497
522
431
439
592
601
489
494
569
503
403
555
520
370
241
369
451
261
248
167
181
61
62
180
37
-19
-76
-45
-95
-208
-99
-151
-143
-135
-298
-281
-395
-399
-311
-176
-242
-350
-338
-301
-383
-478
-267
-294
-169
-326
-279
-381
-550
-387
-526
-381
-505
-492
-592
-702
-705
-858
-803
-876
-974
-1092
-1226
-1091
-1143
-789
-339
-593
-1304
-1590
-596
-1
73
24
-48
-480
-1040
9
1105
1129
615
498
839
631
852
1487
1670
1241
761
1056
1104
948
978
1009
942
382
195
249
266
89
-36
-77
-446
-693
-625
-417
-496
-675
-595
-479
-615
-781
-577
-193
-124
-192
-169
-41
-26
136
452
579
615
510
613
752
892
1019
965
921
835
900
970
928
936
846
814
700
686
730
656
571
392
357
258
158
134
26
-53
-186
-226
-257
-382
-419
-443
-493
-595
-558
-476
-500
-545
-542
-487
-503
-442
-386
-330
-328
-324
-261
-261
-277
-288
-270
-372
-414
-346
-323
-400
-655
-733
-818
-888
-946
-1052
-1318
-1562
-1554
-1590
-902
-366
-681
-2043
-2443
-795
126
62
-201
-162
-737
-1481
92
1737
1566
547
480
1293
961
1243
2123
2327
1407
671
1317
1555
1332
1217
1178
775
-67
-73
284
233
-180
-506
-684
-1157
-1216
-810
-565
-1073
-1413
-1021
-693
-879
-1063
-682
-320
-291
-212
-76
36
133
487
822
796
791
825
966
1000
1328
1688
1518
1013
888
1412
1596
1321
1226
1214
1019
618
820
1145
903
509
348
503
236
95
214
163
-203
-462
-290
-296
-500
-578
-593
-772
-959
-751
-572
-769
-996
-938
-759
-808
-728
-538
-519
-681
-658
-370
-212
-284
-413
-408
-353
-285
-231
-257
-458
-574
-565
-589
-721
-916
-1081
-1203
-1470
-1544
-1576
-1529
-791
-564
-1218
-2582
-1945
-211
20
-244
-404
-159
-1175
-965
1106
1905
1121
299
1095
1504
1130
1954
2572
2173
1111
1229
1922
1619
1532
1440
1205
417
87
445
428
112
-212
-448
-975
-1293
-791
-402
-836
-1401
-1278
-845
-760
-827
-757
-516
-367
-169
-9
77
224
564
877
825
847
1033
1179
1197
1334
1597
1508
1424
1429
1680
1532
1341
1389
1442
1468
1098
1102
901
789
838
786
732
291
116
59
-18
-40
-246
-256
-593
-791
-772
-760
-710
-1001
-969
-1073
-1114
-1130
-1048
-891
-987
-1000
-987
-914
-770
-628
-533
-599
-654
-541
-397
-295
-351
-342
-443
-519
-540
-451
-431
-642
-955
-1135
-1207
-1277
-1385
-1591
-1736
-1877
-1166
-543
-1056
-2463
-2326
-415
45
-475
-481
-54
-787
-1305
737
2114
1285
302
990
1842
1241
1759
2740
2489
1397
1178
2004
1888
1684
1707
1349
613
215
640
619
183
-80
-388
-949
-1254
-744
-356
-824
-1463
-1453
-996
-756
-807
-869
-817
-531
-239
-104
-132
53
516
672
609
678
1024
1123
1058
1195
1389
1316
1081
1308
1614
1554
1195
1147
1424
1495
1428
1186
945
839
983
1151
844
481
250
263
264
212
164
-141
-396
-563
-471
-442
-630
-796
-901
-951
-1052
-1080
-989
-943
-988
-1079
-1045
-950
-870
-734
-651
-661
-746
-682
-449
-219
-165
-264
-441
-485
-294
-75
-109
-458
-670
-753
-820
-834
-935
-1092
-1513
-1712
-1712
-1262
-404
-592
-1859
-2766
-1237
173
-231
-513
-318
-357
-1411
-273
1731
1655
523
445
1579
1320
1224
2259
2536
1701
992
1494
1698
1494
1799
1525
732
22
248
422
157
113
-187
-952
-1545
-1006
-317
-631
-1429
-1612
-1188
-883
-805
-864
-1015
-828
-514
-221
-212
-36
383
534
430
489
980
1195
1147
1111
1279
1343
1272
1394
1504
1578
1376
1132
1133
1351
1508
1129
862
911
944
827
700
765
529
141
63
157
142
-152
-325
-437
-585
-589
-592
-655
-905
-1030
-1060
-1020
-917
-900
-986
-1065
-1028
-918
-840
-719
-630
-649
-732
-639
-420
-326
-289
-304
-338
-466
-330
-150
-77
-343
-693
-694
-692
-625
-927
-1142
-1278
-1573
-1432
-1607
-942
-336
-749
-1938
-2472
-491
316
-194
-430
-236
-320
-1158
481
2031
1479
528
687
1765
1308
1606
2544
2367
1460
983
1676
1731
1694
1801
1122
259
34
552
449
-80
-251
-549
-1206
-1455
-760
-411
-1019
-1703
-1562
-1050
-739
-737
-946
-1005
-740
-350
-225
-176
165
504
403
292
633
1227
1335
1165
1101
1274
1441
1572
1713
1611
1346
1183
1448
1586
1437
1180
1114
1090
906
968
1037
866
474
260
388
285
150
49
-86
-293
-519
-444
-485
-648
-871
-995
-994
-1014
-971
-1067
-1097
-1091
-1025
-996
-1028
-927
-832
-819
-810
-712
-618
-608
-611
-545
-379
-338
-428
-444
-366
-205
-391
-557
-644
-702
-804
-960
-951
-1098
-1397
-1582
-1634
-1403
-557
-490
-1466
-2673
-1463
240
-163
-639
-399
107
-1010
-655
1492
1796
699
333
1473
1559
1072
2069
2540
1866
1073
1369
1760
1563
1875
1568
632
130
481
633
214
146
18
-785
-1277
-660
-105
-614
-1390
-1329
-932
-709
-559
-649
-931
-925
-384
33
37
100
366
475
383
674
1195
1422
1208
1041
1228
1522
1711
1625
1433
1348
1295
1247
1290
1396
1398
1097
820
780
836
926
761
573
297
64
95
64
97
-125
-397
-620
-788
-647
-633
-754
-1039
-1189
-1129
-1171
-1129
-1068
-1041
-1196
-1374
-1222
-959
-798
-818
-897
-900
-833
-643
-452
-334
-318
-399
-445
-243
-19
68
-218
-424
-378
-293
-334
-565
-645
-798
-1003
-1142
-1121
-1228
-571
-151
-731
-2100
-1932
100
213
-564
-614
-35
-563
-1222
786
1760
814
23
848
1607
844
1396
2199
1900
1068
985
1515
1411
1577
1566
760
188
378
636
221
52
81
-493
-1254
-943
-244
-404
-1151
-1427
-1011
-769
-578
-634
-898
-971
-543
-40
-23
-53
200
460
419
475
936
1329
1226
987
1046
1358
1574
1507
1348
1206
1207
1199
1077
1122
1244
1327
845
389
539
780
905
523
375
83
-219
-27
65
137
-367
-700
-751
-722
-439
-600
-802
-1074
-1118
-980
-986
-762
-786
-985
-1222
-1124
-735
-585
-600
-764
-808
-718
-545
-306
-164
-149
-317
-400
-165
165
195
-30
-187
-177
-159
-173
-217
-357
-602
-871
-967
-1033
-985
-1233
-935
-286
-704
-1880
-2214
-194
361
-676
-833
-274
-249
-1254
220
1435
703
-3
489
1337
677
1055
2038
1724
979
805
1356
1322
1426
1624
780
115
326
800
442
85
192
-205
-927
-795
-107
-121
-789
-1098
-817
-593
-321
-241
-544
-781
-341
238
266
188
433
670
571
613
1047
1352
1259
1047
1093
1227
1300
1315
1225
1154
991
802
645
756
1122
1018
472
48
205
569
534
370
87
-260
-415
-248
29
-128
-507
-780
-861
-662
-506
-604
-875
-1033
-921
-922
-909
-801
-721
-919
-1147
-1019
-764
-590
-651
-736
-752
-717
-579
-399
-196
-176
-378
-513
-282
127
173
-106
-258
-214
-206
-229
-199
-233
-534
-859
-941
-866
-850
-1012
-1361
-858
-340
-786
-1910
-1717
111
81
-816
-789
37
-274
-1053
448
1357
723
43
722
1399
926
1321
1903
1654
1105
1092
1445
1431
1705
1644
806
341
704
1002
572
381
356
-130
-646
-284
241
-73
-625
-751
-469
-300
-127
-128
-442
-468
17
373
262
208
434
549
471
616
934
1062
938
813
823
907
1002
1013
885
694
496
414
519
686
545
243
80
29
124
191
251
54
-358
-379
-245
-52
-128
-451
-501
-595
-507
-473
-461
-445
-695
-811
-815
-652
-526
-629
-718
-844
-812
-695
-592
-516
-576
-612
-707
-661
-404
-206
-234
-429
-493
-324
-157
-27
-38
-145
-327
-321
-168
-40
-69
-294
-621
-819
-624
-476
-727
-1170
-1310
-934
-160
-335
-1275
-1908
-712
265
-424
-707
-220
10
-882
-390
1079
953
203
422
1198
926
681
1612
1913
1306
821
1062
1307
1441
1687
1174
384
380
865
805
455
374
108
-488
-512
80
196
-308
-690
-648
-463
-187
98
-122
-526
-413
44
130
54
308
562
409
162
336
608
832
830
720
532
530
727
673
494
404
483
438
311
315
237
76
-30
169
461
157
-150
-234
104
133
-30
72
-151
-164
-236
-120
-106
-272
-220
-373
-358
-317
-302
-265
-351
-270
-360
-419
-374
-328
-312
-411
-440
-524
-475
-346
-305
-423
-450
-376
-333
-322
-287
-215
-268
-362
-349
-162
-124
-334
-554
-525
-363
-469
-649
-846
-837
-941
-1015
-1016
-912
-227
-397
-1165
-1836
-606
471
-326
-639
-241
-9
-1005
-425
1138
817
-67
102
1061
784
538
1421
1533
923
675
1161
1310
1237
1328
848
332
616
1035
655
226
412
367
-224
-308
246
302
-262
-601
-407
-116
8
18
-268
-473
-207
168
134
-58
30
212
193
141
280
439
541
431
307
294
483
600
413
261
202
155
22
152
273
160
-139
-167
9
167
164
8
24
92
126
51
169
186
25
-20
43
159
32
-56
-13
-86
-116
-125
-2
-40
-249
-323
-320
-183
-180
-302
-449
-477
-387
-408
-428
-417
-377
-424
-462
-349
-223
-208
-213
-107
-91
-190
-240
-59
32
-81
-235
-279
-222
-342
-450
-550
-587
-648
-666
-783
-533
-44
-401
-1213
-1312
36
174
-637
-510
-37
-232
-964
171
936
263
-105
485
997
468
724
1300
1069
776
888
1087
982
1194
1255
578
339
801
912
366
260
453
102
-445
-183
250
-15
-497
-602
-353
-272
-189
-240
-436
-451
-193
-44
-165
-103
98
147
35
36
205
334
442
318
122
99
340
480
268
43
18
108
52
81
66
18
-103
-96
39
62
227
127
101
15
48
300
298
323
110
69
72
177
383
236
25
-148
-43
30
-30
-38
-152
-318
-466
-355
-203
-291
-502
-642
-604
-543
-505
-527
-496
-473
-504
-506
-378
-211
-172
-218
-267
-168
-59
18
-32
-77
-37
-109
-167
-168
-141
-252
-468
-514
-472
-484
-740
-355
-38
-531
-1450
-1171
266
-28
-780
-580
17
-402
-992
339
785
141
-59
628
882
351
829
1277
968
730
940
1074
1025
1290
1196
450
410
945
885
368
333
438
-53
-348
98
294
-104
-472
-488
-368
-265
-28
-111
-430
-430
-137
-43
-116
28
134
-41
-151
101
314
342
196
9
-4
215
405
231
10
-8
26
-14
-38
107
60
-127
-135
-23
72
58
261
193
-63
-124
172
435
300
184
74
30
100
279
352
92
-99
-40
26
3
-45
-61
-263
-418
-344
-179
-212
-400
-521
-533
-465
-391
-348
-385
-405
-395
-370
-309
-156
-63
-118
-205
-103
61
122
147
141
115
-12
-28
146
198
66
-322
-428
-344
-339
-494
-760
-705
-769
-355
-413
-848
-1298
-759
-26
-594
-684
-316
-151
-880
-711
475
397
-119
33
601
414
224
890
1064
701
550
791
837
872
1050
805
364
485
777
562
346
386
308
-94
-144
184
181
-95
-310
-283
-175
8
140
-147
-473
-325
140
236
-2
-112
-12
102
117
189
211
282
219
90
89
258
423
254
103
125
167
98
87
291
228
26
-55
121
327
265
213
10
48
151
247
236
76
103
1
-30
8
124
157
-2
-120
-161
-104
-38
-69
-165
-273
-326
-311
-218
-180
-306
-443
-467
-360
-262
-281
-367
-375
-280
-159
-148
-153
-104
-33
-29
-35
76
148
139
15
-22
45
82
102
-41
-121
-248
-254
-276
-380
-503
-693
-698
-847
-330
-233
-722
-1421
-1057
-32
-506
-792
-552
-270
-864
-987
300
359
-164
-196
332
359
104
768
953
642
480
680
787
894
1148
868
344
527
920
718
407
536
564
112
-57
312
459
126
-224
-308
-139
87
191
-60
-366
-324
8
122
79
69
44
7
51
276
336
289
226
196
160
158
324
357
148
-52
-29
142
186
158
20
-102
-98
-12
112
50
42
-90
-228
-142
86
204
-103
-215
-102
-81
-37
-4
108
-62
-220
-153
-80
63
40
-102
-252
-215
-26
-43
-145
-158
-167
-244
-273
-43
47
-85
-206
-166
-34
52
110
95
46
8
75
171
246
216
168
102
104
121
167
130
56
-50
-179
-266
-310
-363
-473
-658
-796
-864
-901
-485
-590
-1090
-1619
-959
-338
-908
-971
-654
-510
-1133
-723
239
-29
-405
-147
365
214
286
849
751
476
625
940
902
972
1059
730
490
824
930
531
474
607
355
-73
105
392
181
-105
-213
-190
-123
64
82
-232
-328
-79
154
98
38
71
113
182
223
262
273
408
354
194
200
341
395
191
77
63
70
-1
-64
-36
-109
-193
-219
-105
-30
-142
-197
-147
-46
-85
-86
23
35
29
14
83
136
138
153
97
75
159
259
266
157
89
87
121
189
174
69
6
46
103
71
4
-10
19
63
36
36
48
76
79
37
56
129
206
129
46
67
113
93
11
-73
-108
-208
-278
-333
-327
-430
-660
-819
-837
-818
-943
-1047
-1131
-777
-760
-1089
-1486
-1093
-452
-833
-944
-630
-385
-827
-776
165
170
-211
-72
460
488
290
701
843
689
678
825
819
815
952
770
484
583
750
554
393
482
393
103
72
293
272
46
-32
-6
56
98
186
118
-35
-6
150
259
255
245
147
81
134
273
258
177
65
-23
-41
22
104
-10
-210
-339
-292
-237
-293
-333
-359
-372
-398
-363
-169
-118
-143
-219
-63
80
94
180
208
199
140
278
403
381
348
370
389
389
438
475
391
292
267
283
320
326
253
150
123
105
59
78
123
13
-150
-112
59
72
-55
-86
12
51
26
15
49
50
8
-37
-51
-52
-96
-201
-255
-268
-304
-384
-440
-458
-627
-725
-716
-689
-813
-954
-1031
-833
-598
-783
-1202
-1215
-553
-519
-811
-616
-376
-581
-864
-146
216
-141
-199
173
347
128
417
724
555
411
532
638
682
846
793
407
429
729
651
368
432
534
244
99
375
548
319
95
59
80
165
290
204
-85
-155
66
183
94
1
-51
-131
-107
25
46
-80
-155
-198
-225
-188
-83
-94
-232
-285
-252
-188
-143
-55
-53
-200
-224
-26
145
223
172
133
123
267
496
509
490
419
441
501
594
665
547
444
453
467
415
394
434
330
110
55
138
201
108
-13
-97
-91
-63
-63
-92
-155
-205
-231
-202
-151
-139
-194
-223
-205
-170
-150
-107
-75
-107
-151
-134
-68
-78
-133
-195
-216
-236
-267
-338
-468
-510
-566
-591
-704
-733
-777
-893
-968
-948
-590
-664
-1023
-1264
-816
-418
-734
-735
-535
-527
-891
-588
103
19
-215
-52
255
243
301
692
698
511
523
693
852
930
884
561
512
821
876
651
597
673
441
220
393
600
441
138
16
38
139
199
118
-104
-222
-136
-22
46
-53
-203
-257
-160
-61
-71
-64
-47
-86
-128
-66
91
138
31
-56
-19
84
98
156
227
201
95
100
273
425
471
374
332
351
494
556
519
494
429
407
357
472
502
336
206
193
272
242
179
125
48
9
-39
-51
-28
-45
-122
-246
-219
-142
-154
-221
-244
-210
-223
-205
-147
-109
-142
-156
-111
-54
-14
-2
-35
-64
-76
-56
-64
-82
-111
-213
-264
-270
-265
-370
-471
-504
-582
-668
-730
-741
-804
-917
-963
-985
-1046
-945
-754
-799
-1082
-1120
-711
-558
-655
-553
-415
-491
-573
-88
252
126
106
314
451
438
683
880
740
702
822
890
923
1037
1006
702
658
835
832
665
604
558
344
267
362
349
185
45
-30
-53
-17
-14
-111
-229
-246
-209
-188
-124
-95
-173
-256
-204
-83
-50
-68
-97
-115
-114
-39
68
85
31
-6
50
149
189
181
126
112
113
174
240
249
256
123
129
174
304
315
222
203
70
138
241
301
206
68
49
77
150
191
111
-1
-67
-14
63
25
-30
-138
-159
-141
-72
-89
-150
-163
-198
-228
-178
-70
-117
-222
-267
-189
-150
-152
-161
-203
-253
-251
-186
-154
-185
-248
-309
-335
-284
-258
-350
-424
-435
-454
-490
-489
-483
-606
-674
-656
-617
-668
-738
-714
-742
-605
-452
-418
-584
-587
-288
-220
-223
-79
61
-50
-81
288
497
443
472
639
685
660
831
993
927
853
861
880
935
1008
967
760
725
770
704
617
631
585
350
199
276
342
215
37
-58
-62
-20
22
-14
-161
-234
-177
-87
-66
-90
-138
-200
-185
-100
-56
-74
-77
-113
-162
-124
-30
-6
-64
-115
-119
-92
-42
35
2
-73
-39
50
56
-1
76
93
39
3
77
107
32
86
91
50
-15
41
101
36
6
-17
-39
-30
-16
-43
-138
-152
-109
-168
-210
-225
-223
-314
-336
-258
-248
-268
-279
-241
-222
-218
-203
-170
-121
-75
-91
-127
-107
-27
15
-22
-11
11
-9
-2
39
43
-27
-77
-57
-60
-98
-142
-203
-262
-299
-297
-310
-361
-386
-406
-456
-434
-405
-336
-295
-275
-298
-365
-206
-63
4
19
47
81
44
237
401
414
401
483
575
568
652
794
767
651
646
699
762
747
698
564
489
484
440
407
355
242
81
23
65
37
-54
-153
-235
-263
-239
-200
-238
-308
-344
-330
-279
-217
-189
-220
-258
-220
-154
-87
-61
-103
-131
-88
3
51
54
50
18
12
16
63
94
96
58
28
78
75
116
109
163
121
56
126
104
94
43
84
71
-8
22
38
8
-68
-120
-102
-149
-166
-164
-215
-246
-315
-281
-268
-260
-277
-307
-269
-253
-207
-211
-209
-178
-137
-116
-101
-53
-29
-32
-26
20
52
51
79
104
77
25
30
71
86
57
15
-35
-48
-46
-34
-89
-187
-196
-187
-198
-224
-223
-239
-274
-283
-281
-269
-239
-217
-216
-186
-170
-166
-153
-46
6
-32
14
97
123
70
183
328
315
304
370
441
445
466
496
454
471
501
432
382
386
388
293
237
238
141
66
88
98
-32
-148
-140
-159
-179
-178
-207
-303
-305
-205
-194
-239
-247
-210
-185
-127
-65
-64
-93
-65
-36
-35
-14
47
52
-11
-13
36
77
37
26
9
22
31
65
114
30
-8
-34
69
64
33
56
20
19
-15
74
76
37
-17
-39
-6
-8
-52
-85
-113
-129
-140
-144
-110
-152
-174
-198
-145
-116
-131
-124
-117
-83
-88
-46
-5
29
26
6
45
86
127
142
145
146
188
270
270
236
231
253
241
242
265
250
180
133
134
138
104
45
20
-1
-4
-23
-64
-127
-133
-134
-187
-208
-200
-191
-228
-231
-231
-231
-240
-193
-101
-126
-180
-181
-78
-70
-96
-36
4
-39
-69
62
112
43
31
121
108
75
143
179
117
82
131
128
124
147
108
28
34
85
50
-15
-13
-16
-74
-94
-63
-85
-122
-138
-147
-172
-163
-141
-138
-143
-153
-157
-129
-78
-44
-47
-94
-65
6
43
22
21
51
35
42
102
139
93
113
150
136
98
128
179
158
156
144
101
63
89
105
54
24
11
-5
-3
2
-23
-37
-54
-26
-26
-20
-8
-45
-53
-68
-44
-40
-52
-34
-11
-7
-16
-4
33
48
42
34
47
103
130
129
104
102
130
178
215
191
128
105
158
202
178
128
85
49
54
90
75
-7
-85
-99
-74
-73
-110
-155
-171
-175
-166
-160
-157
-162
-201
-233
-207
-181
-193
-210
-221
-198
-194
-203
-195
-177
-173
-194
-196
-142
-104
-127
-162
-167
-118
-91
-65
-22
-18
-45
-45
23
61
53
32
8
26
76
115
104
85
91
110
112
124
135
126
105
115
146
152
138
131
127
110
112
141
148
122
82
85
141
154
131
116
138
187
205
213
201
211
217
208
227
260
276
228
208
227
216
176
139
137
111
76
70
62
21
-31
-46
-54
-53
-59
-76
-112
-133
-132
-144
-131
-109
-95
-127
-116
-65
-31
-30
-41
-40
-56
-32
10
14
1
-3
15
26
37
69
72
39
2
6
22
28
7
-23
-34
-25
-8
-61
-122
-133
-126
-145
-178
-174
-182
-220
-233
-221
-205
-223
-217
-197
-186
-188
-193
-167
-170
-171
-170
-168
-144
-129
-115
-120
-125
-118
-126
-113
-106
-123
-133
-149
-115
-60
-57
-87
-109
-96
-94
-97
-79
-80
-94
-107
-92
-73
-68
-75
-80
-69
-59
-57
-68
-71
-69
-77
-81
-61
-46
-34
-42
-45
-36
-20
-11
4
42
60
78
87
119
138
135
140
144
179
213
206
184
182
209
226
237
254
257
249
235
236
234
212
194
186
172
140
86
34
23
37
27
-19
-28
-22
-38
-66
-87
-71
-55
-59
-68
-51
-27
-33
-25
16
46
28
32
67
87
97
95
114
138
137
131
126
140
133
99
70
42
30
27
10
-16
-32
-45
-74
-73
-67
-86
-97
-126
-154
-151
-126
-133
-172
-171
-145
-162
-170
-159
-147
-148
-153
-106
-88
-79
-67
-57
-45
-40
15
69
76
59
60
84
70
70
103
110
97
79
108
110
115
153
104
66
79
101
75
53
83
47
9
3
0
-34
-54
-68
-117
-130
-119
-126
-159
-172
-155
-179
-193
-155
-159
-177
-176
-121
-87
-87
-76
-72
-28
18
78
111
114
146
182
182
173
216
237
184
175
239
228
171
188
240
205
183
221
215
179
173
193
164
131
141
120
66
88
108
50
14
57
50
-32
-42
10
-4
-61
-57
-47
-46
-37
-16
-19
-51
-1
35
23
27
48
46
-10
-10
16
12
-5
2
4
-6
-2
11
-4
-51
-66
-69
-77
-80
-58
-52
-109
-110
-66
-55
-62
-57
-28
-57
-58
-27
-33
-30
-29
-3
-5
-4
12
8
1
1
23
1
-16
-2
21
10
-32
-24
-3
13
10
-21
-45
-48
-33
-46
-73
-73
-77
-98
-124
-147
-128
-137
-133
-121
-137
-160
-196
-174
-194
-220
-237
-243
-227
-232
-219
-232
-225
-209
-205
-208
-217
-189
-193
-218
-204
-168
-149
-130
-80
-41
-5
35
44
60
110
134
135
158
189
185
198
229
224
238
274
296
279
270
273
247
235
254
246
216
213
230
209
155
136
111
80
71
80
57
30
31
12
-5
5
32
11
-2
26
39
27
19
33
9
-11
16
27
20
34
51
34
2
21
16
-16
-32
-48
-64
-79
-51
-54
-74
-68
-52
-31
-30
-1
17
11
21
43
58
46
38
57
65
71
87
85
86
94
98
97
106
108
92
73
67
73
50
42
30
11
-3
-26
-24
-29
-33
-62
-89
-94
-101
-118
-146
-161
-173
-183
-188
-178
-184
-195
-211
-222
-216
-208
-213
-233
-232
-220
-217
-208
-193
-161
-153
-162
-148
-121
-106
-111
-98
-81
-52
-42
-14
18
36
58
59
79
116
135
125
130
171
194
201
202
209
216
211
221
233
245
251
234
224
208
193
177
164
157
146
123
113
119
104
72
44
30
22
22
4
-12
-22
-29
-42
-44
-37
-48
-62
-65
-60
-62
-80
-92
-77
-63
-65
-71
-61
-59
-78
-94
-89
-67
-52
-58
-62
-65
-56
-49
-49
-34
-15
-4
-11
-6
13
17
15
32
44
56
55
44
30
38
62
68
77
83
76
62
55
50
56
51
31
13
-20
-35
-37
-45
-58
-71
-73
-79
-105
-125
-133
-155
-163
-174
-181
-183
-176
-167
-174
-179
-168
-163
-175
-179
-173
-166
-148
-141
-133
-107
-87
-68
-51
-32
-23
-19
-9
2
32
52
58
63
82
100
108
134
159
181
199
231
261
262
256
262
282
299
320
327
327
335
332
323
312
316
309
270
241
232
218
190
171
162
148
125
92
58
30
-5
-38
-63
-78
-92
-115
-142
-158
-167
-186
-196
-194
-193
-209
-222
-220
-219
-234
-230
-214
-211
-209
-212
-200
-200
-208
-202
-197
-191
-174
-170
-165
-145
-120
-111
-113
-101
-91
-77
-58
-37
-27
-11
6
9
17
28
40
49
64
65
67
73
67
69
71
75
79
83
93
96
103
97
88
80
63
46
35
27
27
22
11
11
6
17
23
17
13
-8
-33
-39
-36
-46
-58
-55
-42
-33
-36
-43
-51
-58
-59
-67
-72
-71
-69
-76
-74
-40
-10
-5
-6
1
9
25
51
71
99
132
148
160
169
183
189
196
209
229
241
249
266
261
252
237
232
229
222
233
221
202
176
149
121
100
83
61
44
23
9
-2
-17
-28
-49
-86
-103
-122
-145
-143
-148
-152
-159
-172
-177
-184
-184
-180
-176
-182
-188
-187
-197
-203
-213
-220
-217
-210
-195
-180
-179
-179
-159
-154
-147
-136
-129
-113
-114
-105
-100
-101
-96
-80
-59
-50
-40
-42
-39
-36
-35
-30
-32
-24
-24
-16
-9
1
5
14
29
35
31
27
40
46
47
42
49
57
65
76
80
78
76
80
74
71
65
70
70
61
58
47
35
23
9
-8
-20
-26
-35
-44
-44
-46
-52
-54
-51
-40
-39
-36
-35
-23
-15
-2
6
10
25
36
48
64
86
90
100
111
128
156
166
163
158
176
186
178
182
192
197
194
192
197
190
182
177
164
153
160
149
131
116
97
75
54
57
52
43
27
10
2
-20
-46
-78
-100
-113
-125
-138
-151
-168
-186
-196
-210
-217
-216
-210
-202
-193
-191
-206
-204
-198
-187
-171
-161
-149
-138
-124
-112
-100
-93
-84
-78
-76
-62
-47
-37
-32
-13
-12
-7
-3
-5
6
13
20
17
13
9
1
0
12
7
0
3
12
14
3
-5
-5
-11
-15
-8
1
18
26
30
25
24
28
14
1
3
1
-6
-15
-12
-5
6
13
24
28
26
29
29
34
46
44
38
38
35
22
16
22
38
45
37
37
36
40
43
48
47
41
38
44
40
40
45
43
41
43
48
49
49
44
40
34
25
28
40
49
53
56
63
55
43
25
16
7
2
7
-3
-15
-29
-31
-33
-34
-33
-43
-51
-55
-53
-49
-49
-61
-69
-74
-72
-71
-77
-76
-76
-75
-73
-71
-73
-83
-87
-82
-65
-58
-53
-45
-41
-30
-30
-22
-15
-15
-13
-10
-1
13
23
29
29
34
49
55
69
72
68
62
53
45
41
43
38
37
34
32
32
26
23
21
24
17
12
13
15
4
-11
-21
-26
-25
-25
-24
-18
-13
-17
-21
-27
-26
-29
-20
0
8
6
0
-9
-8
0
5
0
1
8
18
18
18
29
32
33
37
47
41
34
36
33
38
31
22
24
21
20
20
17
20
30
26
23
24
23
20
10
11
13
3
5
14
7
-2
-2
-2
-5
-8
-18
-32
-46
-53
-52
-50
-50
-57
-69
-74
-75
-80
-89
-87
-87
-95
-93
-85
-77
-78
-79
-80
-81
-80
-72
-50
-34
-22
-16
-13
-8
-5
0
-2
-2
5
5
9
13
19
29
41
52
59
66
68
75
91
107
118
118
114
118
118
108
103
101
97
95
96
101
96
91
80
72
69
66
54
35
26
16
6
-6
-13
-17
-38
-51
-56
-62
-63
-69
-69
-64
-52
-43
-39
-43
-39
-30
-30
-22
-20
-9
2
0
3
10
13
13
18
26
38
41
53
67
69
65
55
52
53
50
46
47
49
51
39
35
30
22
22
24
29
29
22
8
-4
-9
-20
-31
-40
-46
-58
-80
-93
-96
-100
-105
-108
-113
-129
-141
-151
-159
-157
-149
-142
-140
-134
-125
-115
-110
-108
-100
-92
-85
-79
-68
-51
-37
-24
-16
-9
-2
2
6
15
27
36
45
55
62
60
52
54
61
74
82
91
97
94
98
97
94
96
97
96
101
102
99
98
99
102
104
92
82
68
62
59
58
56
48
47
45
48
43
29
13
-4
-16
-19
-17
-21
-26
-31
-36
-38
-36
-35
-34
-41
-44
-37
-36
-34
-44
-52
-48
-46
-39
-26
-20
-16
-11
-2
2
12
27
35
36
37
48
54
48
51
62
72
75
78
71
61
58
56
57
63
