-34
-30
-22
-16
-4
19
22
19
31
32
26
22
21
2
-10
-17
-17
-13
-17
0
-1
-1
-8
-16
-34
-52
-62
-53
-34
-17
5
24
39
58
61
59
50
44
33
14
15
12
20
36
40
36
34
32
25
20
24
31
32
22
19
16
11
-5
-22
-29
-35
-34
-35
-26
-12
-1
20
13
4
-8
-15
-15
-18
-14
-16
-17
-17
-26
-36
-36
-42
-40
-45
-49
-42
-27
5
38
84
135
198
241
253
227
292
261
67
64
-42
-95
13
-74
-65
-175
-222
-240
-221
-58
-2
-31
20
-47
-210
-147
-157
-19
-256
1
48
-238
81
-101
24
-92
-46
237
-80
191
145
-4
32
-3
104
-13
217
-25
55
-31
-206
-75
-378
-14
-301
-70
56
-233
153
-108
52
90
212
250
249
342
-67
-105
-77
22
-111
-125
-163
-216
-404
-253
-80
-133
-118
-95
-99
-212
-197
-78
-188
-286
-52
-258
-68
-30
5
75
52
183
221
133
335
187
261
287
209
379
222
327
267
285
91
104
94
-195
-80
-79
-105
-90
-275
-142
-235
-309
-62
-95
-209
-27
-191
-152
-90
-72
162
-94
150
47
66
109
33
110
157
206
68
347
63
94
107
-63
123
-12
62
54
-53
78
-138
-129
-49
-100
-66
9
-33
-36
-36
-139
81
-8
11
88
30
35
52
-45
78
-99
6
-25
-4
123
-131
50
-79
-33
-111
-50
48
-178
2
57
-180
-73
-233
-113
-31
-81
125
-42
51
160
-81
105
316
45
173
245
175
123
-73
12
55
-235
-20
94
-138
-69
-257
-115
-159
-278
-9
98
116
-40
-1
80
-185
35
73
243
165
12
256
-150
71
17
101
289
6
-9
-53
-80
-54
-59
59
116
-229
9
104
-65
30
-103
32
-103
-240
195
158
42
68
-68
93
-120
-129
260
142
146
52
187
-2
-214
122
121
150
-2
94
201
-38
1
85
5
26
-10
60
201
43
11
-97
-1
-27
-124
172
180
-34
74
15
75
122
-23
272
38
-109
-61
-176
110
60
-55
123
-42
-205
-139
33
-1
43
91
144
-63
-179
34
-36
53
-55
45
19
-96
-35
-163
32
-33
-99
-13
-11
-52
-195
-39
30
-109
-67
-89
-94
-56
-143
-10
-52
-188
-142
-195
118
-45
-186
20
-84
-105
-103
35
106
-14
-55
-16
-49
-11
15
297
104
-123
-15
-63
140
138
160
265
91
-120
26
89
80
104
25
192
-74
-93
4
-49
92
-53
52
47
-47
-123
40
94
5
79
31
-13
-102
123
65
178
215
38
-36
-7
14
96
220
137
11
-226
-113
-261
-184
8
15
-117
-264
-171
-315
-156
-96
-66
-34
-131
-146
-141
-71
-168
-106
-82
-8
-103
15
-18
-270
-121
-127
-43
-4
41
-87
-231
-221
-229
-168
5
-26
-140
-252
-268
-323
-178
42
50
-111
-191
-165
-362
-153
54
57
98
-69
-150
-181
-102
1
4
223
66
-148
-107
-108
-44
76
302
234
64
76
48
169
326
431
496
477
414
272
368
498
565
581
625
577
403
456
444
481
503
551
529
407
404
263
172
244
251
251
273
312
83
-60
-21
-48
6
17
130
84
-157
-85
-172
-297
-4
6
208
-71
-76
-72
-406
-61
113
34
-72
35
-195
-475
-344
-155
-409
-248
-152
-371
-457
-482
-517
-602
-532
-404
-496
-314
-417
-727
-603
-786
-719
-512
-340
-403
-557
-735
-863
-1039
-697
-537
-634
-398
-789
-983
-1156
-1113
-612
-190
104
-38
-467
-507
-484
-138
641
1054
966
515
391
382
390
878
1381
1517
1255
1053
993
778
756
834
1114
1192
901
664
360
-19
-219
-44
162
108
-110
-408
-615
-649
-457
-242
-9
118
-62
28
269
392
508
634
1001
1028
1003
1114
1088
1116
1027
1222
1334
1176
976
705
714
528
466
523
309
138
-245
-361
-478
-489
-581
-609
-649
-708
-782
-955
-805
-571
-463
-740
-230
-280
-536
-600
-93
82
-446
39
126
-127
-436
-91
147
-349
-281
-128
-549
-592
-516
-530
-643
-835
-790
-845
-1130
-931
-893
-1215
-954
-907
-953
-1253
-1089
-1084
-1319
-971
-590
-254
-532
-698
-594
-415
-375
22
689
714
187
-90
310
448
464
871
1316
1137
638
754
946
885
735
814
1218
891
446
302
150
58
-107
139
362
71
-441
-546
-321
-408
-351
-52
-8
-238
-438
-229
-21
31
101
222
433
369
309
492
686
689
665
863
1024
876
805
873
930
955
809
814
757
577
465
443
475
351
164
28
1
-154
-124
-109
-104
-105
-206
-175
-355
-278
-198
-252
-183
-271
-229
-270
-461
-160
-281
-241
-149
-174
20
-273
-157
-210
-204
-148
-156
-42
-112
-280
-340
-229
-309
-264
-262
-127
-321
-459
-352
-377
-327
-373
-124
-215
-551
-474
-543
-508
-388
-437
-352
-527
-691
-769
-838
-693
-694
-696
-754
-710
-435
-462
-635
-535
-259
-364
-329
75
244
-48
-285
175
294
179
391
698
705
324
426
659
688
584
537
780
633
483
348
339
426
147
249
392
223
-86
-142
36
47
77
144
173
0
-176
81
339
351
277
283
371
295
320
487
602
551
501
500
712
837
693
636
574
717
588
631
832
635
416
180
345
368
209
306
271
244
-72
-153
14
-15
23
-68
180
-59
-323
-240
-82
27
-355
-94
-105
-393
-580
-346
-51
-379
-516
-156
-466
-688
-344
-205
-248
-392
-165
-380
-516
-432
-135
-451
-342
-110
-550
-739
-623
-469
-632
-667
-400
-343
-967
-740
-683
-730
-744
-520
-411
-789
-857
-837
-803
-1072
-752
-898
-908
-419
-132
-230
-889
-502
-207
-294
233
922
856
-239
-217
440
620
651
1090
1662
914
396
776
1027
1128
1004
1350
1394
751
439
400
664
637
569
661
411
-140
-534
-255
79
81
100
-1
-277
-616
-550
126
449
274
103
64
75
78
320
717
859
673
507
530
549
694
927
991
878
705
488
433
496
655
727
498
259
18
-6
27
41
194
78
-163
-353
-322
-294
-334
-205
-234
-376
-626
-539
-448
-437
-439
-432
-452
-645
-639
-519
-345
-570
-454
-576
-465
-495
-722
-281
-269
-471
-600
-201
-334
-665
-399
-151
-403
-521
-396
-385
-541
-448
-123
-433
-496
-424
-588
-629
-505
-385
-484
-767
-899
-1062
-1120
-1091
-1147
-770
-223
-29
-782
-1322
-703
-390
-11
672
1241
628
-844
-300
694
1157
1209
1645
1875
526
256
1015
1739
1715
1403
1675
1168
415
285
786
1255
874
674
211
-293
-708
-552
273
199
-144
-445
-672
-920
-819
1
574
353
-199
-360
-87
159
616
969
1063
724
440
607
749
1005
1141
1361
1080
715
677
717
833
837
956
692
263
81
92
222
118
116
-75
-244
-358
-443
-225
-282
-271
-446
-564
-585
-706
-509
-405
-320
-399
-535
-568
-729
-562
-369
-299
-392
-582
-540
-748
-701
-390
-285
-384
-622
-569
-669
-741
-465
-298
-486
-674
-614
-612
-606
-441
-361
-721
-824
-712
-707
-786
-882
-938
-1203
-1476
-1331
-1359
-1494
-817
8
-61
-1514
-1687
-636
-198
354
1080
1385
-198
-1330
19
1312
1807
1799
2191
1658
235
582
1735
2540
2132
1860
1671
618
130
543
1520
1546
725
100
-579
-956
-778
15
266
-389
-950
-1262
-1332
-1143
-428
225
145
-414
-860
-668
-150
507
1125
1256
893
470
505
971
1525
1933
1908
1405
845
744
1245
1762
1770
1277
747
452
287
436
831
817
289
-316
-400
-326
-292
-139
-83
-246
-762
-964
-856
-689
-581
-568
-646
-916
-1069
-983
-750
-574
-527
-592
-693
-703
-565
-344
-270
-285
-320
-348
-427
-381
-207
-171
-274
-423
-514
-737
-633
-503
-430
-570
-772
-826
-1112
-1133
-946
-913
-1172
-1347
-1471
-1743
-1967
-1954
-1497
-365
199
-878
-2465
-1825
-431
245
942
1666
1039
-1437
-1239
1078
2496
2277
2190
2484
945
-55
1322
3041
3191
2105
1793
984
-100
216
1347
2167
1141
-52
-969
-1369
-1027
-182
394
-313
-1365
-1849
-1700
-1335
-811
-132
95
-492
-1170
-1201
-382
479
1060
1140
811
416
473
1007
1706
2163
2233
1768
1118
1047
1463
1916
1845
1693
1570
1016
457
442
949
1139
714
525
69
-373
-599
-251
213
-157
-541
-924
-1013
-1072
-901
-439
-594
-958
-1235
-1174
-1050
-1067
-721
-674
-780
-991
-1007
-738
-607
-285
-234
-341
-505
-528
-245
-65
37
-93
-300
-314
-308
-302
-339
-323
-383
-713
-850
-909
-943
-1131
-1318
-1360
-1641
-1941
-2180
-2245
-1533
-175
-111
-1665
-3005
-1554
-107
270
1065
1377
428
-1859
-635
1911
2670
2347
2236
2481
722
354
2261
3586
3394
2120
1761
720
120
1122
2027
2168
565
-490
-1242
-1267
-344
174
-72
-1339
-1975
-1847
-1575
-1162
-810
-421
-502
-1034
-1293
-1025
12
767
892
525
196
463
995
1538
1807
1811
1550
1199
1238
1640
1927
1859
1538
1466
1108
860
1062
1219
1267
624
502
98
-47
219
182
290
-529
-620
-675
-675
-403
-581
-469
-960
-961
-734
-715
-557
-861
-757
-876
-854
-680
-786
-665
-787
-591
-551
-564
-468
-489
-390
-365
-261
-265
-374
-373
-316
-280
-300
-475
-514
-447
-474
-595
-899
-984
-1157
-1135
-1260
-1617
-1870
-2208
-1924
-1867
-930
-202
-859
-2370
-2714
-586
235
380
610
568
-607
-1741
575
2442
2533
1823
1819
1681
272
1256
3108
3707
2499
1242
1047
430
908
1976
2171
1026
-602
-1048
-1091
-462
174
-52
-1119
-2156
-1973
-1440
-1119
-968
-814
-846
-1203
-1463
-1110
-386
370
538
263
2
233
1002
1518
1780
1743
1652
1531
1548
1780
2047
2087
1875
1623
1448
1266
1077
1149
1484
1280
609
43
274
518
352
351
50
-355
-878
-545
-64
-212
-573
-863
-825
-942
-768
-457
-495
-722
-1015
-887
-749
-534
-314
-406
-508
-694
-601
-481
-238
-36
-163
-355
-545
-508
-352
-309
-276
-397
-563
-664
-696
-525
-502
-610
-852
-1066
-1094
-1266
-1242
-1394
-1530
-1906
-2190
-1991
-1888
-631
-263
-918
-2672
-2404
-115
399
636
584
757
-826
-1505
1150
2687
2588
1626
1808
1448
221
1685
3282
3656
2148
1050
826
467
1483
2126
1831
488
-659
-919
-989
-230
228
-387
-1473
-2028
-1636
-1440
-1224
-796
-609
-851
-1204
-1111
-788
-283
467
693
467
199
520
1218
1521
1727
1789
1924
1738
1579
1858
2301
2359
1967
1657
1549
1368
1164
1096
1210
1228
707
143
-181
77
196
102
-46
-473
-776
-1009
-736
-471
-623
-785
-989
-1071
-1112
-987
-732
-806
-916
-1013
-1002
-907
-688
-398
-537
-747
-816
-642
-403
-255
-160
-399
-711
-749
-518
-268
-242
-342
-581
-779
-695
-512
-459
-653
-828
-968
-1085
-1174
-1125
-1206
-1416
-1733
-1931
-1741
-1786
-761
-121
-583
-2363
-2633
-210
622
649
560
779
-369
-1511
957
2758
2642
1654
1741
1748
336
1503
3350
3774
2250
923
959
646
1413
2206
1887
609
-725
-875
-901
-235
335
-273
-1416
-2241
-1820
-1392
-1092
-708
-744
-1023
-1378
-1265
-884
-373
513
675
265
-103
302
1112
1408
1622
1645
1624
1370
1422
1843
2145
2024
1600
1450
1383
1266
1088
938
1223
1239
774
38
-134
373
331
312
60
-220
-793
-1041
-415
-194
-352
-820
-925
-994
-1085
-781
-601
-626
-971
-1111
-1003
-844
-539
-491
-599
-821
-815
-602
-395
-155
-161
-382
-666
-574
-253
-39
-60
-179
-382
-508
-492
-353
-307
-424
-576
-950
-1129
-1177
-997
-1085
-1528
-1771
-1741
-1653
-1320
-330
-192
-1591
-2755
-1049
573
301
37
496
300
-1422
-258
2052
2535
1469
1270
1808
688
780
2589
3490
2446
1060
1061
741
980
1943
1951
937
-440
-535
-689
-415
189
75
-965
-1937
-1650
-1186
-998
-847
-715
-921
-1205
-1143
-808
-485
99
418
244
4
278
971
1287
1358
1387
1447
1502
1526
1670
1809
1836
1667
1349
1253
1292
1181
940
768
1081
1012
407
-109
-79
399
209
143
-55
-515
-874
-1026
-295
-243
-543
-953
-1167
-1013
-1084
-727
-662
-691
-882
-1102
-942
-768
-399
-383
-548
-629
-646
-436
-324
-77
-54
-313
-536
-485
-98
187
94
-191
-470
-401
-227
-94
-36
-322
-604
-1005
-910
-781
-733
-974
-1443
-1712
-1750
-1554
-1392
-360
-189
-1333
-2812
-1515
550
346
103
297
489
-1182
-800
1829
2572
1731
963
1461
892
550
2367
3273
2624
988
591
801
1057
2078
1791
835
-262
-501
-446
-333
372
202
-926
-1798
-1575
-960
-942
-813
-700
-1000
-1221
-1095
-636
-495
-84
410
311
8
107
839
1268
1157
1165
1318
1535
1380
1371
1558
1709
1578
1238
1156
1123
1056
791
726
698
868
537
-18
-338
-20
399
18
-94
-450
-782
-919
-641
-12
-404
-796
-990
-998
-867
-851
-342
-452
-744
-1107
-1134
-701
-413
-98
-458
-757
-816
-640
-268
-93
-11
-353
-752
-643
-223
177
55
-243
-421
-445
-224
-162
-69
-289
-533
-776
-785
-531
-592
-902
-1328
-1454
-1367
-1354
-1503
-684
-154
-892
-2535
-2033
317
514
-190
-212
408
-601
-1260
1048
2408
1670
629
1188
1453
622
1704
3003
2870
1445
769
1121
1191
1855
2077
1257
192
-250
-16
-26
348
541
-404
-1412
-1478
-747
-590
-677
-590
-839
-1149
-1050
-539
-269
-201
209
221
-25
1
578
1139
971
880
920
1216
1238
1276
1403
1392
1292
1072
1053
1067
1003
773
649
646
709
524
163
31
57
287
148
-15
-175
-539
-404
-338
3
-235
-589
-570
-713
-484
-537
-338
-447
-738
-779
-862
-610
-491
-354
-509
-819
-721
-594
-375
-348
-336
-432
-755
-661
-297
29
-103
-390
-424
-415
-257
-95
27
-145
-586
-663
-539
-245
-363
-722
-1085
-1305
-1275
-1244
-1253
-1083
-261
-356
-1569
-2583
-888
699
96
-444
-153
160
-1224
-530
1592
1901
870
487
1336
855
554
1955
2734
2095
667
574
945
1265
1875
1466
737
-112
-146
-56
103
574
199
-783
-1399
-996
-443
-460
-498
-630
-945
-1027
-683
-252
-329
-144
114
68
-134
77
754
1000
787
598
757
1062
1078
1028
1041
1063
967
830
872
814
656
470
561
721
526
228
41
192
287
220
262
56
-168
-373
-153
59
-130
-275
-390
-327
-561
-515
-244
-208
-458
-751
-691
-543
-441
-371
-417
-615
-751
-708
-524
-407
-382
-479
-690
-727
-488
-229
-218
-411
-460
-477
-367
-214
-169
-302
-562
-570
-497
-402
-504
-745
-1002
-1097
-1008
-1175
-1244
-1418
-932
-140
-441
-1610
-2228
-287
606
-225
-557
55
256
-1178
-173
1522
1505
575
561
1430
649
707
2085
2550
1692
533
925
1200
1496
1825
1283
667
8
233
225
357
539
-55
-822
-1037
-446
-191
-412
-490
-623
-853
-744
-360
-158
-367
-146
76
-40
-112
251
877
829
475
424
720
1075
999
960
912
883
834
773
913
784
619
420
490
358
279
330
147
98
65
262
-58
-202
55
-32
-35
-237
-130
-203
-390
-265
-348
-279
-334
-362
-514
-621
-472
-428
-419
-399
-443
-622
-750
-638
-487
-413
-394
-594
-765
-744
-503
-313
-355
-399
-477
-576
-471
-177
-3
-246
-452
-333
-197
-308
-458
-466
-449
-595
-809
-964
-1056
-1011
-1130
-720
-32
-255
-1406
-1981
-274
551
-76
-126
372
122
-1315
-122
1634
1602
839
830
1272
382
730
2334
2712
1692
584
739
1001
1499
2068
1445
551
-43
128
236
414
663
112
-747
-1089
-688
-240
-271
-436
-778
-966
-615
-355
-341
-458
-86
95
-162
-218
162
696
634
379
430
675
905
850
786
709
679
775
756
649
457
414
295
143
141
257
274
53
-21
-73
-94
-77
94
238
-94
-358
-316
-163
-115
-156
-150
-312
-479
-511
-414
-301
-261
-322
-479
-586
-546
-442
-443
-490
-544
-575
-622
-616
-535
-461
-464
-559
-524
-367
-258
-320
-410
-318
-152
-2
-43
-155
-189
-170
-138
-118
-128
-277
-507
-583
-624
-655
-810
-836
-915
-944
-235
-76
-805
-1792
-762
470
-58
-315
92
322
-967
-640
1200
1447
725
531
1195
733
475
1802
2336
1728
799
870
1102
1178
1662
1363
759
245
205
213
289
667
327
-521
-918
-543
-170
-316
-516
-640
-721
-605
-450
-422
-465
-229
27
-149
-317
-94
465
750
451
206
375
834
877
651
616
687
639
490
535
521
334
212
307
287
84
-84
96
140
-12
-11
-41
97
-67
53
-35
-264
-25
-100
-4
-305
-340
-200
-280
-115
-360
-327
-358
-374
-390
-617
-402
-389
-460
-645
-683
-491
-527
-481
-527
-530
-574
-632
-396
-221
-190
-278
-305
-116
-16
38
11
13
81
47
-50
-205
-148
-102
-195
-358
-592
-688
-696
-810
-861
-1065
-669
-15
-335
-1371
-1829
-313
340
-249
-304
69
-146
-1191
-57
1392
1153
431
584
1136
513
722
1984
2233
1389
595
845
1138
1366
1676
1178
581
157
231
402
556
593
-108
-736
-665
-282
-176
-385
-447
-616
-853
-575
-275
-229
-480
-284
-36
-206
-276
74
605
397
-30
78
656
933
554
299
425
580
489
389
548
541
290
83
149
295
272
91
146
172
145
-24
26
250
108
91
-90
34
-15
-158
-76
-147
0
-149
-259
-325
-406
-230
-302
-298
-420
-519
-459
-480
-335
-436
-503
-551
-487
-339
-388
-362
-294
-233
-226
-237
-64
49
32
31
-32
55
110
191
105
0
8
-35
-109
-252
-247
-334
-573
-729
-741
-781
-918
-1141
-651
-76
-498
-1713
-1807
-195
133
-479
-428
52
-554
-1415
123
1425
967
186
528
914
278
854
1986
1967
1017
484
840
1044
1415
1570
878
259
63
286
318
513
580
-197
-879
-740
-99
-2
-399
-609
-832
-895
-565
-186
-208
-618
-529
-297
-258
-215
110
434
109
-176
38
539
626
420
379
406
350
311
489
579
415
171
102
238
351
343
174
363
429
267
111
276
560
166
157
190
187
-22
-143
229
-26
-188
-253
-174
-200
-405
-182
-244
-348
-494
-541
-340
-270
-161
-404
-495
-351
-292
-223
-264
-134
-130
-180
-80
27
124
148
165
214
205
300
313
246
171
150
201
85
20
-122
-173
-314
-515
-588
-673
-797
-941
-1072
-940
-363
-372
-1191
-1860
-830
74
-398
-551
-182
-204
-1257
-654
967
1034
238
176
828
526
418
1485
1821
1200
541
755
1061
1122
1484
1109
546
191
331
484
477
556
80
-581
-673
-258
-19
-282
-554
-798
-945
-608
-259
-381
-861
-822
-412
-263
-361
-270
21
49
-68
19
297
478
436
427
414
396
477
613
706
561
372
204
294
445
498
247
200
321
201
183
161
357
59
-25
204
21
-174
-362
-44
-79
-356
-242
-250
-300
-564
-429
-210
-303
-319
-463
-406
-398
-271
-192
-268
-189
-222
-210
-210
-106
17
-45
-57
62
174
146
85
250
385
347
259
200
259
246
220
150
52
-4
-169
-205
-329
-488
-601
-737
-780
-1065
-1224
-1255
-606
-362
-1073
-1989
-1433
-139
-314
-656
-430
-173
-990
-975
626
1159
462
140
793
867
471
1237
1906
1631
899
782
1042
1184
1564
1419
803
367
478
610
462
416
247
-268
-591
-400
-121
-279
-639
-785
-755
-577
-449
-514
-705
-711
-400
-193
-156
-194
-85
140
171
220
301
565
661
537
389
433
618
728
742
607
406
236
361
568
580
300
99
129
220
116
72
91
-34
-197
-250
-133
-218
-312
-293
-366
-418
-418
-263
-265
-408
-373
-318
-290
-303
-187
-102
-219
-244
-134
-14
-9
-9
69
53
22
67
187
319
328
255
146
200
407
481
373
203
198
194
144
143
103
-22
-206
-221
-214
-356
-537
-627
-678
-907
-1116
-1186
-1112
-1381
-1314
-738
-696
-1476
-2160
-1026
-252
-607
-745
-406
-392
-1254
-442
895
869
262
284
826
501
624
1581
1780
1250
686
864
1040
1207
1585
1183
615
278
379
388
337
457
65
-583
-770
-416
-143
-405
-697
-794
-742
-517
-404
-418
-590
-447
-157
-10
56
121
298
331
336
490
679
794
666
541
536
635
742
684
570
427
330
241
311
403
319
42
-136
-44
38
4
-100
-150
-253
-322
-189
-65
-108
-221
-184
-158
-143
-49
85
92
-114
-152
-75
88
135
70
10
-99
-60
4
183
243
99
-30
-27
207
267
209
185
192
254
188
186
226
281
244
46
4
52
102
11
-130
-243
-385
-389
-387
-483
-700
-911
-936
-1055
-1097
-1183
-1323
-1410
-1525
-1046
-838
-1080
-1716
-1621
-648
-545
-587
-480
-303
-729
-928
333
885
525
168
494
764
450
974
1510
1329
792
628
941
975
1101
1125
731
382
169
282
398
456
236
-342
-519
-261
-43
-152
-378
-454
-502
-399
-138
-122
-293
-346
-12
208
131
66
226
531
475
319
362
623
680
463
392
467
488
418
358
330
243
135
94
87
135
68
-37
-145
-46
92
75
27
19
97
90
110
215
226
191
211
296
364
284
243
255
325
369
324
306
260
202
169
186
208
117
32
53
69
39
-26
-14
2
13
32
-31
-74
-68
21
36
-24
-89
-103
-69
-23
-46
-157
-260
-302
-303
-368
-446
-568
-698
-806
-831
-875
-1013
-1142
-1151
-1225
-1094
-741
-783
-1382
-1665
-764
-337
-633
-587
-243
-424
-1036
-145
794
550
14
219
683
363
590
1230
1189
666
478
808
878
906
1008
661
379
348
429
371
396
469
37
-342
-151
195
63
-288
-398
-327
-247
-38
34
-210
-457
-245
169
203
36
-40
122
151
59
104
301
337
75
-73
11
132
123
79
36
-67
-203
-191
-18
59
-49
-172
-69
59
49
45
156
263
200
156
266
327
321
387
387
352
364
454
428
327
376
405
329
246
284
265
107
41
70
63
-12
-58
-62
-153
-162
-147
-147
-143
-176
-184
-196
-127
-55
-85
-119
-56
6
-35
-93
-7
86
4
-143
-184
-75
-112
-246
-423
-405
-422
-541
-695
-758
-795
-1009
-1016
-1087
-697
-555
-842
-1443
-1382
-421
-411
-591
-476
-318
-763
-1051
183
668
126
-194
214
493
84
626
1200
972
470
431
862
910
999
1002
654
520
465
556
561
635
504
-27
-129
113
283
99
-43
-84
-194
-198
48
87
-146
-311
-97
57
-38
-33
-21
4
-130
-54
80
141
54
-71
-96
-39
59
114
80
-70
-128
-126
-14
88
122
50
46
130
109
147
302
491
401
303
361
426
458
433
532
446
346
341
318
323
235
238
148
90
108
14
-78
-138
-43
-92
-275
-308
-271
-240
-319
-305
-240
-250
-235
-215
-149
-122
-61
7
8
28
68
94
132
156
166
105
70
92
48
-19
-102
-156
-196
-267
-365
-459
-532
-564
-728
-832
-882
-934
-1076
-1114
-646
-604
-1072
-1528
-989
-427
-713
-641
-326
-346
-975
-596
478
529
74
93
483
442
458
1091
1227
883
715
881
1103
1144
1333
1066
758
797
848
753
689
843
589
86
96
422
496
176
-86
-181
-191
40
192
13
-353
-404
-167
-28
-33
-90
-183
-269
-293
-127
29
63
-86
-250
-223
-107
33
59
-12
-121
-173
-132
62
231
216
23
15
129
202
235
320
322
144
149
259
324
249
181
121
49
62
144
62
-61
-115
-79
-135
-207
-154
-238
-373
-436
-324
-285
-336
-390
-439
-441
-346
-219
-193
-257
-263
-218
-142
-60
12
27
2
43
38
30
66
183
162
2
-104
-101
-17
-12
-103
-231
-323
-370
-441
-465
-480
-599
-750
-847
-808
-854
-990
-1023
-1009
-863
-700
-722
-994
-1100
-621
-334
-354
-213
-35
-235
-528
97
761
638
362
568
810
661
862
1374
1346
959
893
1138
1225
1156
1214
1032
814
790
841
774
676
671
437
218
298
414
303
32
-60
-90
-108
14
4
-226
-483
-365
-141
-123
-161
-219
-269
-337
-253
-41
60
-8
-178
-198
-69
62
120
96
62
-35
-64
52
221
236
55
17
134
155
125
171
289
174
23
108
192
187
70
68
50
-24
-17
-50
-66
-119
-171
-199
-252
-183
-171
-224
-313
-347
-228
-193
-193
-278
-306
-275
-237
-167
-156
-168
-210
-208
-151
-115
-80
-52
-26
-6
-48
-43
3
94
90
26
-35
-53
-39
-56
-112
-179
-203
-274
-343
-408
-405
-444
-518
-586
-580
-597
-675
-703
-704
-707
-825
-661
-444
-453
-753
-814
-368
-168
-197
-153
36
-31
-172
233
656
647
473
551
752
785
924
1116
1076
941
879
948
996
1053
1023
756
635
676
707
592
501
471
251
77
84
125
-9
-137
-191
-310
-405
-315
-227
-326
-464
-467
-381
-349
-290
-273
-283
-304
-236
-141
-83
-61
-82
-50
30
86
110
141
175
163
163
200
237
252
271
263
198
225
304
360
247
226
241
243
167
133
213
158
70
-27
10
42
-26
-71
-99
-123
-174
-193
-118
-154
-286
-379
-278
-145
-216
-320
-344
-240
-229
-257
-203
-159
-173
-230
-190
-85
-43
-69
-114
-85
-43
-10
5
-18
-56
-106
-89
-80
-111
-154
-167
-190
-231
-262
-281
-335
-376
-433
-469
-483
-472
-503
-592
-624
-636
-567
-538
-525
-537
-443
-320
-322
-392
-261
-67
-42
-15
115
238
130
225
453
534
466
536
689
666
652
781
836
797
802
806
771
733
782
685
530
470
451
362
242
212
93
-25
-48
-51
-100
-203
-244
-301
-317
-219
-185
-256
-352
-301
-215
-166
-126
-109
-106
-133
-96
0
86
105
50
26
78
189
258
228
183
141
162
178
231
235
194
119
83
175
169
135
91
110
62
-5
69
85
21
-22
-34
-42
-72
-21
-10
-97
-127
-101
-70
-134
-124
-66
-120
-169
-137
-84
-122
-162
-121
-121
-105
-81
-74
-97
-104
-46
-40
-32
-3
8
-19
-31
31
47
-10
-5
31
-3
-74
-83
-46
-36
-70
-113
-128
-107
-122
-153
-158
-140
-159
-226
-234
-221
-235
-273
-284
-245
-261
-290
-262
-222
-257
-265
-108
-5
-78
-201
-67
122
115
161
252
207
32
180
462
435
289
325
413
336
365
532
497
353
340
366
318
278
335
213
39
51
82
4
-65
-41
-132
-276
-237
-167
-212
-286
-272
-286
-341
-260
-163
-171
-249
-247
-158
-89
-30
-8
-66
-75
-39
43
102
117
90
37
71
148
186
157
115
75
53
86
139
153
110
10
15
57
133
109
67
82
30
13
-34
32
26
-26
-66
-78
-65
-59
-61
-84
-138
-137
-110
-96
-94
-139
-118
-142
-93
-82
-71
-74
-96
-71
-67
-22
-5
7
4
18
80
115
110
134
126
157
169
190
168
112
128
140
151
92
61
55
20
-8
-19
-3
-36
-95
-116
-110
-94
-97
-120
-129
-126
-113
-103
-106
-106
-113
-135
-128
-114
-93
-81
-26
11
-23
-44
-3
85
114
126
118
114
94
98
155
200
160
95
99
126
122
118
110
62
-10
-46
-11
-10
-51
-104
-148
-153
-156
-131
-143
-178
-202
-218
-197
-180
-160
-146
-141
-133
-116
-61
-4
19
12
9
22
54
103
105
74
87
123
152
145
156
189
183
156
144
177
189
179
158
129
103
86
107
116
91
25
3
-3
6
-11
-50
-83
-111
-115
-108
-101
-142
-181
-182
-170
-182
-173
-166
-172
-182
-162
-104
-83
-78
-65
-18
13
30
76
122
137
130
136
166
185
224
252
232
195
174
189
212
186
124
68
51
65
46
16
-19
-47
-80
-70
-47
-91
-157
-177
-142
-116
-132
-149
-149
-139
-111
-75
-54
-77
-86
-68
-47
-44
-23
-7
-5
-2
16
50
65
67
73
51
47
75
80
49
41
69
58
32
35
78
71
32
18
34
45
15
-30
-48
-35
-23
-32
-55
-74
-76
-82
-88
-64
-58
-90
-113
-85
-75
-86
-88
-52
-42
-70
-62
-20
24
16
-3
-18
1
53
60
34
22
54
65
44
54
39
16
11
15
0
-49
-54
-51
-58
-85
-111
-131
-158
-174
-195
-215
-198
-194
-239
-266
-260
-235
-217
-200
-181
-164
-174
-144
-97
-66
-40
-20
-14
10
72
114
127
122
152
176
200
226
234
211
183
211
237
238
202
181
167
163
184
170
123
60
43
42
35
25
10
-10
-26
-19
-26
-21
-4
5
-21
-43
-4
33
42
37
47
38
54
83
115
109
101
113
114
134
142
137
123
141
152
141
114
103
106
103
107
117
84
45
48
66
59
36
31
14
-9
-8
-1
2
-25
-77
-113
-98
-68
-97
-140
-145
-108
-109
-130
-138
-155
-199
-202
-154
-135
-166
-178
-144
-110
-105
-98
-82
-71
-70
-63
-40
-19
0
4
10
28
48
46
41
64
63
35
11
15
21
3
-15
-32
-42
-63
-70
-85
-96
-124
-152
-156
-157
-154
-182
-186
-176
-166
-163
-156
-136
-124
-101
-81
-56
-34
-35
-27
1
47
88
91
86
100
118
149
181
196
180
173
194
212
214
209
212
193
165
134
133
139
113
64
34
34
33
26
18
11
-22
-37
-22
-3
-7
-25
-26
-25
-11
-1
12
31
40
49
58
85
115
143
150
154
170
171
181
197
206
207
200
205
228
220
193
170
166
161
143
119
97
72
40
37
30
-5
-55
-88
-107
-125
-142
-150
-183
-213
-233
-234
-240
-246
-237
-256
-282
-285
-250
-229
-236
-237
-214
-185
-164
-151
-130
-99
-81
-70
-52
-17
18
31
21
41
87
107
91
62
68
88
80
69
78
80
41
19
32
42
19
-7
-20
-28
-36
-50
-62
-58
-83
-107
-108
-72
-46
-64
-64
-48
-21
-20
-2
37
59
63
64
103
134
139
139
161
178
178
168
168
162
155
148
136
116
104
81
46
32
22
7
-13
-29
-54
-89
-98
-85
-85
-120
-132
-125
-130
-128
-122
-104
-85
-69
-52
-51
-27
-10
14
36
40
57
59
72
73
100
123
116
115
113
116
108
110
125
114
90
61
51
50
29
13
-19
-39
-56
-69
-82
-90
-99
-131
-145
-153
-159
-162
-176
-188
-197
-206
-214
-211
-200
-194
-183
-168
-134
-137
-152
-133
-95
-79
-80
-56
-34
-21
1
37
67
78
81
99
109
124
150
170
164
165
175
163
168
176
175
163
149
134
125
130
135
124
100
88
89
88
80
74
70
62
55
68
72
63
53
59
59
50
52
59
52
41
46
67
77
69
54
39
42
64
71
51
23
13
12
-4
-38
-52
-60
-85
-102
-122
-136
-142
-138
-144
-164
-172
-168
-166
-175
-166
-140
-131
-119
-91
-75
-67
-56
-31
-16
-3
17
32
44
47
60
73
90
91
83
75
69
77
80
81
57
28
21
20
8
-9
-29
-59
-86
-100
-119
-130
-145
-153
-165
-193
-209
-211
-198
-194
-207
-221
-216
-198
-185
-174
-156
-151
-151
-152
-128
-104
-96
-85
-63
-38
-33
-27
-13
27
48
54
73
105
129
134
144
168
197
204
198
200
216
220
224
232
241
233
220
217
225
232
211
196
188
184
163
141
137
126
101
72
56
49
42
24
7
-9
-21
-22
-31
-29
-22
-19
-38
-50
-52
-55
-62
-67
-57
-63
-73
-80
-79
-81
-85
-85
-81
-81
-85
-94
-99
-93
-82
-75
-83
-85
-87
-83
-80
-71
-62
-63
-56
-50
-41
-37
-37
-28
-7
12
13
15
21
41
63
75
74
67
72
71
70
73
78
73
51
48
52
49
40
21
-2
-28
-41
-39
-45
-64
-84
-104
-116
-126
-138
-151
-156
-167
-176
-186
-185
-172
-171
-172
-188
-188
-170
-158
-155
-157
-159
-150
-131
-111
-93
-88
-82
-64
-37
-12
12
27
49
72
91
112
140
171
182
183
203
232
244
244
254
274
293
292
282
283
282
287
275
265
257
246
231
211
193
176
155
136
125
97
73
56
48
41
17
-2
-17
-25
-37
-50
-58
-80
-99
-101
-98
-106
-113
-119
-127
-128
-126
-119
-111
-113
-111
-104
-93
-93
-96
-96
-105
-100
-105
-104
-104
-113
-109
-99
-83
-86
-88
-80
-73
-70
-71
-67
-51
-45
-50
-27
-14
-5
0
5
12
10
14
29
42
40
38
44
62
65
64
60
56
58
46
29
15
13
2
-11
-25
-38
-44
-54
-66
-78
-94
-104
-116
-124
-136
-149
-154
-159
-155
-162
-178
-181
-177
-179
-168
-165
-167
-163
-157
-134
-107
-86
-73
-58
-35
-7
15
23
31
53
77
95
119
138
152
169
192
217
234
237
242
260
272
285
287
289
287
278
270
270
267
242
216
192
183
171
153
133
112
97
67
43
33
16
0
-26
-51
-63
-75
-80
-87
-90
-108
-119
-118
-119
-121
-126
-131
-143
-135
-130
-130
-136
-143
-137
-125
-126
-134
-131
-128
-113
-101
-106
-108
-106
-96
-85
-70
-57
-59
-65
-60
-44
-40
-44
-35
-16
-18
-14
9
34
43
47
57
75
88
84
85
91
97
91
91
83
77
76
62
52
43
41
31
26
22
13
13
10
13
6
-5
-11
-22
-29
-36
-43
-57
-75
-82
-87
-92
-88
-87
-97
-103
-93
-82
-83
-95
-87
-70
-68
-73
-69
-55
-50
-45
-36
-20
-10
-3
15
34
44
50
70
95
115
127
144
172
188
189
186
202
229
227
216
217
221
217
205
199
192
182
164
142
128
106
83
62
40
12
-12
-30
-44
-61
-87
-102
-113
-132
-145
-159
-174
-191
-207
-215
-218
-231
-241
-232
-224
-219
-219
-212
-196
-188
-172
-155
-142
-131
-118
-97
-70
-54
-50
-44
-36
-26
-13
1
11
20
29
42
55
67
72
81
88
93
97
93
92
85
75
76
82
79
61
47
49
56
48
39
41
37
37
34
31
36
28
18
7
3
6
14
7
-7
-6
-5
-7
-6
-5
-8
-11
-15
-10
-2
-5
-12
-16
-15
-10
-10
-14
-19
-26
-26
-28
-25
-23
-27
-27
-18
-2
9
10
14
19
19
25
41
54
66
71
81
90
98
111
112
115
113
121
135
144
148
144
131
123
123
122
119
107
91
73
59
47
33
11
-5
-17
-30
-41
-53
-65
-83
-102
-118
-119
-126
-143
-153
-164
-169
-173
-175
-179
-189
-187
-174
-150
-134
-136
-132
-122
-105
-89
-72
-60
-51
-50
-48
-30
-10
1
3
8
17
28
44
57
65
64
65
78
92
98
96
92
98
104
94
84
76
67
53
46
45
46
41
33
27
28
27
23
17
6
0
-4
0
-4
-12
-21
-33
-27
-15
-10
-17
-26
-24
-16
-9
-8
-7
-9
-9
-5
-4
-2
-3
-2
-2
2
8
17
23
24
22
19
24
34
39
40
36
38
50
55
57
55
52
47
54
66
63
56
59
66
70
71
73
73
65
53
48
43
39
32
18
11
8
0
-7
-12
-22
-29
-35
-46
-55
-75
-83
-93
-99
-101
-107
-105
-113
-123
-123
-117
-112
-112
-113
-110
-96
-86
-82
-76
-70
-70
-70
-69
-61
-55
-56
-57
-59
-54
-53
-41
-18
-11
-11
-4
15
27
31
37
40
41
41
47
47
49
47
48
53
53
48
50
55
60
59
65
72
70
68
64
57
54
49
34
24
17
6
1
-2
-3
-7
-11
-8
-9
-10
-12
-15
-19
-14
-13
-19
-22
-21
-17
-22
-22
-25
-28
-29
-29
-20
-15
-7
-6
-10
-1
8
20
24
27
26
22
27
26
25
18
17
16
18
23
23
29
34
37
38
38
40
34
27
19
14
17
9
-3
-12
-16
-20
-23
-30
-39
-44
-44
-44
-46
-45
-43
-45
-44
-45
-48
-46
-47
-54
-58
-59
-58
-54
-49
-50
-53
-50
-39
-31
-28
-25
-23
-19
-20
-26
-26
-20
-17
-19
-16
-12
-7
-1
2
6
11
17
24
31
41
45
52
60
60
53
49
53
58
61
57
56
59
54
54
56
65
67
66
71
72
65
59
58
53
44
35
28
23
16
11
7
7
3
-8
-9
-10
-10
-13
-17
-17
-25
-33
-35
-37
-40
-44
-49
-53
-54
-51
-48
-40
-32
-28
-27
-18
-9
-11
-8
-2
3
6
6
8
9
7
6
6
8
9
10
14
17
24
31
33
33
31
31
30
31
31
23
21
18
17
14
10
4
1
3
6
11
14
13
10
10
9
6
4
-1
-9
-14
-19
-22
-27
-30
-33
-35
-34
-29
-28
-29
-28
-23
-20
-18
-16
-17
-19
-21
-21
-23
-24
-28
-29
-27
-23
-18
-10
-2
4
6
11
17
23
25
28
31
30
27
25
22
22
21
22
21
23
27
31
38
41
41
42
42
42
39
33
26
23
17
6
-4
-7
-12
-16
-17
-17
-19
-20
-19
-20
-21
-22
-24
-28
-33
-38
-44
-44
-47
-53
-56
-57
-56
-53
-52
-51
-46
-41
-36
-33
-26
-21
-16
-12
-9
-8
-8
-5
-3
-1
1
8
14
20
26
37
42
50
54
59
64
66
69
68
65
61
60
62
60
54
52
52
51
52
50
50
47
43
40
37
29
23
14
6
-4
-13
-20
-26
-36
-46
-49
-52
-50
-51
-52
-51
-50
-48
-45
-47
-49
-53
-55
-58
-57
-57
-56
-50
-49
-44
-38
-31
-23
-18
-10
-5
2
8
12
16
15
15
18
18
16
16
18
20
22
27
32
36
38
39
41
43
41
40
36
29
23
19
18
12
6
1
-2
0
-2
0
-1
1
1
-3
-3
-3
-5
-11
-16
-20
-24
-25
-29
-33
-37
-40
-39
-39
-37
-37
-35
-30
-26
-24
-25
-24
-23
-23
-24
-24
-22
-21
-20
-17
-11
-4
4
12
17
24
32
40
44
47
51
51
56
55
56
56
54
55
53
54
54
57
59
57
57
55
53
51
45
40
33
27
19
9
1
-7
-13
-20
-24
-28
-32
-33
-34
-34
-38
-38
-39
-40
-43
-47
-48
-49
-53
-56
-56
-56
-55
-53
-49
-45
-39
-35
-29
-24
-20
-16
-10
-6
-6
-6
-4
-1
-1
0
0
1
5
9
14
18
24
27
32
35
37
39
40
41
39
37
36
34
31
29
27
26
25
25
24
24
23
23
23
20
16
11
7
1
-6
-12
-18
-24
-31
-35
-38
-42
-43
-42
-44
-43
-44
-43
-42
-41
-42
-42
-42
-42
-41
-40
-39
-38
-34
-31
-25
-17
-9
-1
4
13
20
26
32
36
40
