23
17
22
16
12
-2
-19
-17
-21
-11
-19
-24
-36
-43
-35
-37
-35
-50
-54
-66
-74
-71
-75
-77
-99
-104
-116
-120
-124
-129
-127
-143
-144
-150
-148
-153
-157
-153
-161
-159
-161
-150
-156
-151
-139
-136
-135
-134
-117
-118
-102
-90
-81
-79
-80
-68
-63
-50
-41
-37
-38
-43
-32
-24
-2
6
14
25
27
48
64
97
116
143
175
200
234
263
295
318
348
380
408
434
458
470
465
459
448
441
435
420
399
364
328
286
257
228
197
163
129
95
57
36
8
-17
-41
-53
-68
-87
-86
-87
-83
-87
-75
-56
-46
-29
-17
-4
-7
-14
-15
-18
-23
-37
-38
-59
-90
-109
-131
-156
-184
-199
-222
-246
-264
-277
-305
-330
-347
-366
-384
-389
-385
-383
-374
-368
-353
-354
-352
-345
-325
-318
-318
-304
-301
-308
-323
-309
-321
-347
-346
-336
-332
-309
-233
-201
-189
-155
-111
-102
-68
49
100
134
180
270
283
299
382
405
435
461
552
557
556
549
522
482
428
422
367
324
258
205
156
99
40
-12
-26
-75
-96
-74
-69
-84
-74
-34
-23
-17
8
46
54
85
156
210
229
249
304
323
336
363
398
404
411
437
444
409
375
338
313
265
225
216
166
123
68
45
-46
-115
-153
-187
-202
-235
-226
-236
-238
-263
-263
-267
-262
-239
-213
-149
-136
-103
-95
-110
-93
-102
-109
-92
-76
-66
-88
-103
-124
-173
-187
-234
-219
-264
-330
-332
-385
-388
-442
-474
-495
-560
-593
-582
-568
-593
-610
-595
-578
-620
-610
-586
-636
-557
-442
-355
-375
-293
-205
-276
-196
-1
79
13
163
322
268
321
444
516
421
506
683
647
643
656
697
548
534
550
461
396
294
295
212
160
67
23
-19
-126
-121
-72
-84
-157
-122
-49
-82
-97
-15
22
-9
14
136
172
153
205
267
249
207
260
285
257
259
295
307
269
238
261
241
177
149
159
145
97
99
105
62
16
16
19
-46
-58
-22
-27
-45
-43
-8
-35
-53
-42
-1
-9
-25
1
21
17
-23
18
30
-21
-37
23
17
-26
9
52
35
-13
29
46
-13
-25
-64
3
-69
-152
-68
-75
-145
-207
-140
-133
-285
-238
-200
-187
-321
-334
-156
-290
-350
-278
-202
-293
-376
-239
-209
-373
-335
-230
-345
-391
-305
-350
-357
-339
-282
-229
-275
-226
-153
-197
-176
-95
-41
-3
-21
114
162
138
182
287
318
284
380
452
450
430
484
490
431
417
452
415
377
370
370
324
269
239
221
153
114
138
136
117
85
127
125
58
59
121
95
74
108
147
116
99
121
97
75
50
72
72
59
49
57
57
25
1
-6
-36
-80
-38
-26
-44
-34
-62
-42
-75
-91
-73
-86
-86
-90
-34
-45
-56
-44
-58
-88
-91
-72
-124
-112
-86
-183
-112
-109
-230
-98
-159
-249
-23
-192
-190
87
-289
-31
16
-333
130
-142
-125
200
-248
136
8
-221
273
-190
24
197
-216
241
-24
-97
318
-193
19
243
-189
58
156
-136
29
90
-153
67
-47
-186
77
-135
-206
3
-178
-268
-111
-191
-233
-240
-327
-193
-257
-298
-102
-206
-217
-159
-161
-127
-126
-21
-58
-34
131
14
18
229
113
159
299
293
332
318
327
386
330
273
369
313
236
307
277
183
187
146
101
101
49
32
67
6
-67
-2
9
-86
-77
-60
-42
-145
-122
46
-43
-122
-37
-2
-125
-125
-22
-52
-89
-61
-68
-44
-70
-90
-19
-73
-110
-56
-84
-56
-43
-101
-26
-53
-113
-2
-12
-83
-52
-27
-45
-75
-1
22
-78
11
-32
-40
31
-55
-51
53
-55
-73
81
-161
35
-3
-169
283
-230
19
177
-318
242
-121
92
91
-74
278
-157
198
87
-116
335
-134
38
286
-148
138
37
16
78
-102
92
80
-198
69
18
-202
16
-70
-33
-159
-32
-84
-169
-27
-134
-78
-124
-160
-72
-174
-184
-61
-209
-101
-127
-139
-36
-106
-74
-58
-45
-12
-23
42
106
9
109
133
94
152
163
228
222
200
338
272
244
327
269
273
241
270
241
207
199
140
171
88
92
67
-7
-25
-9
6
-60
-66
-39
-30
-142
-50
-18
-90
-98
-40
0
-72
-31
-16
-1
-68
-16
11
-7
19
-9
28
-17
11
-40
33
5
-53
1
-24
17
-49
-9
21
-41
-32
-11
50
-9
-34
34
34
-37
-92
35
-6
-138
-25
57
-32
-140
31
85
-232
-8
127
-270
23
-1
-163
-32
-66
-60
-141
-20
-115
-88
-53
-136
33
-71
-112
76
-116
-90
70
-190
-16
37
-138
-58
-31
-80
-72
-134
-84
-59
-98
-140
-55
2
-213
-44
-27
-122
-70
-23
-132
-42
-74
-127
-7
-101
-148
-101
-104
-165
-141
-63
-133
-94
-59
-81
23
-101
-48
26
-96
-11
30
-2
25
32
40
25
64
78
111
135
120
158
162
141
174
141
103
142
105
79
108
94
36
88
60
-4
39
21
39
-22
23
138
-49
46
139
22
135
73
157
185
11
143
123
90
114
22
175
-2
-31
152
0
48
47
26
4
6
-12
4
-46
35
3
-106
77
-14
-134
6
16
-98
29
36
-39
36
41
-123
79
-79
-40
25
-105
209
-209
115
83
-187
125
-27
-129
126
-38
-89
88
-136
21
-129
-62
7
-148
-49
112
-179
15
108
-310
124
-61
-193
64
-136
-80
-109
-6
-121
-203
70
-260
-132
-8
-187
-9
-101
-72
-141
-85
-83
-123
-58
-9
-136
-90
-93
-136
-169
-190
-62
-243
-213
-74
-202
-281
-95
-156
-172
-75
-190
-62
-105
-172
24
-40
-62
-20
23
16
19
92
128
149
183
244
273
270
257
329
318
274
300
360
335
257
322
257
229
254
187
339
165
129
334
104
242
117
176
291
-46
262
161
162
129
158
303
-45
237
114
36
157
-30
180
68
-34
128
66
-25
28
84
12
26
35
44
75
-84
77
4
-46
6
16
-5
-54
55
-6
30
-69
59
20
-33
-2
99
-46
-8
124
-102
-15
31
-17
-142
59
1
-142
-16
-71
-26
-88
-146
132
-108
-236
256
-159
-129
172
-199
18
27
-293
225
-128
-222
205
-222
-112
52
-106
-125
29
-129
-109
-77
-126
-104
-160
-106
-150
-113
-278
-147
-151
-312
-185
-208
-147
-367
-241
-250
-301
-251
-317
-287
-147
-349
-247
-54
-331
-157
-149
-193
-84
-115
-77
7
-102
18
73
18
46
175
138
125
273
200
237
297
212
202
324
190
195
256
127
180
158
86
166
88
78
139
69
71
125
115
48
148
74
97
128
42
218
134
21
263
162
26
106
164
80
18
173
188
102
56
101
180
30
28
115
187
-26
-16
83
31
-60
23
-44
82
-59
-17
30
27
-51
-187
188
-65
-180
16
134
-289
-138
346
-324
-38
159
-342
195
-206
-164
355
-426
149
49
-365
182
-32
-355
227
37
-381
199
-134
-147
54
-199
68
66
-335
129
-3
-326
45
-114
-23
-202
-245
234
-302
-379
290
-306
-367
42
-217
-188
-238
-91
-161
-288
-170
-215
-139
-360
-187
-227
-316
-145
-329
-311
-56
-349
-243
7
-161
-179
-37
-95
-81
-10
-70
74
21
64
154
134
164
209
280
257
283
366
310
320
389
304
322
329
280
242
346
207
255
286
49
247
188
68
276
115
75
270
-24
197
143
-96
296
51
-60
392
-113
76
245
-219
241
57
-133
321
-83
-105
286
-169
-126
162
-140
-86
52
-49
-57
-50
-22
-166
-11
-89
-187
103
-198
-49
67
-167
-17
-47
88
-151
49
-2
60
21
-279
391
-222
-162
204
30
-9
-278
430
-156
-479
621
-462
32
247
-529
542
-366
-226
546
-726
312
-9
-508
538
-324
-259
387
-292
-130
164
-372
314
-234
-256
320
-311
-88
-45
-273
223
-306
-254
311
-253
-252
-23
-197
-70
-236
-349
41
-220
-428
-115
-287
-302
-258
-455
-36
-85
-420
-54
-48
-201
-288
-58
75
-153
-48
134
107
-109
155
195
96
194
319
379
244
250
427
259
174
411
269
250
399
109
258
207
-25
161
82
-35
275
-113
18
271
-258
85
110
-124
130
-87
156
114
-224
214
-20
-246
61
131
-122
-33
82
134
-232
-58
327
-310
-13
93
149
-16
-101
306
-118
-205
125
138
-85
80
171
88
-182
40
329
-314
102
386
-116
13
271
-50
-149
223
-250
180
-85
-142
329
-370
-76
162
-176
-271
294
-66
-60
-17
109
-62
-2
-54
-42
485
-512
456
74
-237
321
-166
108
255
-377
367
102
-463
553
-334
74
80
-361
278
14
-487
242
-116
-410
-293
-15
-269
-523
-117
-273
-462
-497
-193
-512
-515
-322
-172
-463
-233
-15
-587
-141
-152
-241
-56
29
-39
-50
25
135
-11
146
359
151
407
383
362
325
263
355
369
225
344
378
124
159
164
-3
-4
71
10
0
172
-65
-25
100
-221
150
-79
70
249
-191
278
57
-230
281
-34
-87
328
-79
106
220
-141
119
106
-28
95
119
64
161
98
0
154
43
-9
129
117
126
88
125
109
29
94
31
92
194
-153
414
-162
-12
322
-348
208
110
-85
105
133
-150
37
-142
68
-250
86
34
-69
-55
24
-197
31
-97
36
-38
227
-155
119
-175
19
26
-242
68
220
-361
179
-151
-100
78
-354
72
-47
-230
-7
-183
-218
-156
-298
-202
-173
-350
-101
-404
-450
-230
-467
-497
-337
-456
-478
-519
-388
-155
-466
-369
-212
-275
-365
-84
-7
41
-166
9
189
90
93
423
403
424
508
553
575
405
400
560
536
466
594
468
404
293
116
271
138
56
131
121
41
4
-92
-164
35
-128
-135
138
106
-127
-95
112
-75
-180
167
147
44
112
212
157
-50
161
130
156
158
117
242
146
25
74
176
190
-8
221
285
0
70
149
77
69
59
178
83
-54
124
31
32
-52
-111
197
-194
-34
26
-209
10
-208
-316
99
-230
-320
-1
-190
-266
-305
-22
-239
-325
45
-294
-409
266
-508
-189
40
-184
-83
-282
147
-7
-547
157
166
-715
335
27
-518
-17
-12
-245
-334
-159
-72
-444
-413
-278
-179
-672
-557
-208
-603
-557
-553
-538
-431
-587
-291
-131
-475
-412
-275
-361
-184
-25
238
85
-112
219
244
140
381
603
672
611
592
831
543
465
622
783
666
660
545
502
312
96
211
370
130
91
173
54
-194
-171
-41
-106
-71
16
89
-98
-146
-106
-151
42
40
81
111
162
111
-16
203
251
83
196
399
252
181
136
196
99
76
297
245
138
205
165
-45
109
160
117
208
254
183
42
-21
86
30
125
191
175
57
-73
-32
-160
-67
-46
-81
74
-259
-83
-340
-340
-76
-381
-226
8
-412
-310
-147
-428
-285
-257
-118
-215
-346
57
-208
-517
105
-92
-240
20
153
-177
-84
13
-172
-79
62
-138
-116
-96
-275
-386
-251
-179
-356
-567
-105
-499
-828
-463
-494
-739
-767
-454
-424
-611
-345
-380
-592
-406
-243
-128
47
268
3
-77
164
402
302
522
914
789
458
817
842
672
679
903
952
766
694
560
489
376
242
406
400
181
-109
-64
-102
-273
-204
-34
-65
-286
-216
-162
-280
-317
-207
-8
12
-73
-21
67
-36
-52
221
338
224
204
294
261
134
165
312
359
253
226
233
309
79
202
272
374
198
121
318
224
169
101
240
259
-5
129
204
107
-42
-78
146
-83
-135
-152
-102
-137
-429
-18
-185
-440
-203
-294
-373
-288
-329
-213
-433
-272
-92
-483
-156
-113
-191
-15
-242
88
-5
-278
147
45
-118
36
31
-88
-43
-19
-58
-151
-313
-21
-334
-539
-85
-514
-575
-362
-575
-560
-725
-801
-635
-836
-799
-627
-640
-376
-527
-819
-558
-366
-416
-62
96
170
-184
-367
232
432
480
638
838
783
460
639
1004
1051
882
929
1039
708
543
605
716
612
356
406
341
11
-219
-63
95
-112
-196
-204
-236
-490
-432
-169
-141
-308
-311
-210
-184
-275
-151
74
119
50
43
238
181
93
275
462
395
283
343
409
336
286
466
570
389
350
325
442
385
320
582
515
266
146
322
350
206
276
299
157
-84
-16
135
2
-40
-108
-51
-194
-370
-271
-187
-291
-450
-428
-367
-551
-508
-323
-419
-536
-463
-320
-444
-369
-52
-266
-356
48
-124
-357
3
264
-283
-81
171
-148
-128
-49
61
-194
-257
-36
-318
-317
-351
-405
-530
-449
-519
-808
-653
-754
-971
-832
-812
-824
-694
-530
-366
-793
-845
-343
-214
-138
139
336
-153
-335
280
780
679
719
909
798
622
832
1339
1460
1133
1044
1110
964
919
997
1138
934
544
463
476
333
232
262
347
96
-198
-197
-160
-144
-171
-147
-205
-451
-525
-391
-182
-175
-203
-222
-256
-267
-184
-6
80
9
20
61
60
49
91
233
272
213
146
326
287
289
258
511
501
229
347
359
468
221
317
497
179
92
41
217
152
-22
129
-48
-164
-322
-226
-66
-357
-415
-460
-478
-642
-649
-387
-554
-578
-699
-612
-472
-638
-372
-427
-210
-498
-447
75
-254
-99
-135
34
82
-319
142
137
-24
7
-43
200
-239
-216
69
-186
-225
-341
-408
-464
-683
-623
-554
-772
-927
-849
-1059
-1003
-819
-690
-522
-686
-938
-899
-507
-185
-166
45
-35
-376
-236
456
905
761
616
737
805
813
1218
1587
1496
1102
969
1164
1239
1197
1200
1210
866
405
459
656
575
321
214
161
-108
-283
-115
22
-118
-357
-458
-493
-553
-435
-265
-187
-420
-604
-479
-311
-180
-129
-43
-130
-250
-165
83
201
149
123
109
180
140
335
640
543
366
218
511
497
589
699
607
456
60
383
600
503
303
150
250
-30
-12
207
109
-122
-463
-294
-373
-522
-464
-533
-517
-887
-854
-637
-645
-756
-756
-658
-744
-762
-584
-332
-331
-388
-341
-171
-285
-139
-6
5
69
-37
-1
0
118
94
30
76
24
-179
-247
-61
-153
-407
-368
-411
-646
-805
-683
-612
-840
-922
-958
-989
-1001
-728
-481
-675
-938
-897
-367
-187
-122
-6
-80
-265
-157
499
1049
833
572
738
1023
1164
1291
1627
1520
1195
1083
1453
1625
1402
1298
1121
947
748
736
902
785
411
181
195
149
41
59
34
-142
-386
-463
-296
-313
-329
-352
-374
-487
-529
-389
-177
-183
-296
-315
-281
-199
-73
79
49
-5
-132
24
185
319
452
381
353
202
510
616
624
637
502
520
306
575
629
447
364
206
363
229
179
225
35
-56
-262
-155
-186
-387
-406
-539
-607
-849
-735
-648
-752
-871
-986
-841
-776
-738
-663
-625
-643
-667
-481
-311
-292
-239
-245
-89
-105
-84
57
38
73
-89
13
124
-8
-3
4
-85
-208
-353
-264
-382
-556
-590
-719
-732
-913
-933
-996
-1046
-960
-831
-698
-875
-1045
-899
-489
-274
-314
-281
-233
-308
-118
578
894
604
399
755
1159
1208
1343
1534
1369
1092
1241
1608
1642
1398
1160
1111
1030
863
916
946
690
291
212
373
308
82
-63
-132
-225
-388
-318
-266
-404
-498
-483
-450
-457
-486
-406
-331
-332
-412
-316
-234
-246
-196
-77
-83
-101
-72
68
147
198
325
361
355
324
632
594
607
624
704
708
558
692
721
600
491
580
601
441
310
293
283
119
-2
7
-138
-315
-388
-394
-502
-739
-751
-767
-826
-911
-896
-847
-840
-867
-840
-748
-726
-655
-534
-453
-459
-371
-310
-177
-107
-74
-114
-18
-51
-3
147
85
54
-31
23
-46
-47
-148
-219
-338
-483
-521
-649
-709
-861
-948
-984
-1032
-984
-787
-787
-980
-1184
-832
-468
-448
-406
-282
-294
-491
-65
584
749
412
405
897
1115
1192
1398
1561
1406
1169
1370
1757
1716
1406
1228
1262
1101
988
1071
1066
703
335
361
500
425
157
16
-46
-169
-191
-125
-173
-379
-494
-435
-359
-430
-441
-436
-390
-424
-425
-319
-306
-318
-291
-158
-157
-132
-158
24
-15
129
255
338
408
187
590
454
716
612
652
761
407
741
655
802
654
446
648
415
530
406
325
294
-55
79
-129
-71
-250
-504
-420
-711
-616
-752
-685
-776
-961
-866
-864
-723
-703
-708
-659
-681
-526
-391
-331
-264
-346
-152
-152
-79
-11
-52
-25
-10
116
117
15
-46
18
30
-95
-223
-248
-378
-500
-583
-520
-691
-953
-974
-894
-778
-848
-792
-894
-1055
-1050
-681
-395
-417
-472
-501
-445
-300
213
576
458
249
354
752
1055
1234
1278
1111
967
1071
1412
1602
1433
1166
912
906
940
1022
984
675
331
175
314
419
314
16
-215
-302
-281
-171
-141
-321
-558
-610
-522
-393
-385
-435
-526
-565
-500
-374
-302
-322
-383
-353
-250
-170
-130
-95
-46
36
185
203
246
224
413
519
547
529
540
612
500
676
710
597
458
435
589
483
405
326
270
175
17
96
-17
-188
-294
-326
-346
-550
-575
-571
-611
-739
-825
-693
-678
-689
-645
-584
-570
-591
-456
-317
-288
-291
-260
-159
-116
-70
-26
-23
9
24
42
70
52
-17
-50
-67
-47
-153
-179
-316
-403
-535
-557
-596
-768
-815
-950
-875
-874
-660
-613
-871
-1000
-776
-335
-321
-361
-246
-233
-369
-34
616
796
384
332
841
1141
1151
1291
1531
1265
1034
1277
1729
1654
1298
1136
1061
970
895
1021
987
622
194
208
422
405
132
-24
-125
-263
-257
-139
-154
-406
-538
-513
-365
-381
-396
-395
-400
-462
-405
-239
-233
-278
-308
-193
-154
-144
-130
-43
-11
-49
75
249
182
246
357
531
493
320
651
552
634
535
671
701
383
571
561
668
438
298
465
294
258
166
149
52
-211
-119
-196
-288
-470
-530
-486
-664
-652
-715
-653
-631
-647
-535
-553
-507
-463
-365
-254
-330
-243
-192
-141
-102
-148
-68
-139
-106
-88
2
-58
-189
-193
-198
-173
-323
-360
-511
-562
-683
-690
-774
-893
-1034
-1111
-964
-848
-715
-862
-960
-1037
-651
-400
-282
-264
-290
-308
-292
255
746
810
475
515
856
1159
1323
1481
1462
1172
1005
1209
1594
1579
1290
937
830
751
767
889
813
391
-20
15
235
239
36
-162
-310
-382
-367
-206
-197
-369
-553
-552
-439
-386
-368
-373
-353
-405
-402
-268
-176
-186
-192
-132
-123
-81
-80
73
53
98
186
229
363
194
436
373
553
524
429
565
401
521
478
523
523
294
350
317
355
310
154
220
-26
-11
-39
-83
-106
-342
-338
-489
-474
-519
-562
-578
-684
-698
-659
-548
-471
-541
-528
-468
-403
-279
-265
-194
-272
-240
-191
-142
-106
-169
-172
-210
-168
-118
-198
-225
-350
-325
-359
-429
-518
-607
-711
-812
-848
-927
-1059
-1151
-1086
-960
-697
-672
-992
-1157
-783
-274
-176
-86
58
-115
-340
105
969
1121
689
580
948
1184
1305
1637
1839
1418
1050
1182
1639
1765
1521
1273
958
712
591
844
981
587
53
-132
14
93
11
-70
-211
-433
-506
-364
-185
-271
-401
-479
-432
-394
-351
-195
-126
-121
-167
-116
-60
8
100
189
221
142
80
167
276
328
301
288
378
395
435
507
567
585
422
425
573
520
489
372
439
318
130
239
239
274
40
-35
36
-105
-94
-143
-136
-259
-469
-371
-394
-402
-512
-549
-473
-610
-563
-493
-368
-411
-505
-397
-336
-259
-231
-180
-174
-264
-247
-189
-177
-229
-326
-302
-355
-341
-359
-432
-441
-572
-584
-656
-668
-774
-980
-1004
-1047
-1146
-1272
-1340
-1226
-1213
-941
-713
-892
-1087
-962
-373
-185
-158
174
197
-87
-89
740
1287
1011
914
1150
1332
1228
1454
2001
1892
1412
1179
1404
1569
1404
1382
1211
791
333
311
625
548
156
-183
-287
-303
-420
-318
-234
-347
-596
-664
-499
-426
-429
-416
-323
-338
-407
-349
-107
55
84
80
98
78
77
237
431
454
295
172
191
280
406
529
438
224
116
334
452
384
314
282
179
-12
133
317
186
-55
-143
17
-64
-192
-103
-23
-105
-302
-243
-126
-214
-260
-230
-148
-257
-343
-242
-160
-167
-291
-249
-169
-169
-152
-99
-56
-123
-160
-91
-30
-43
-87
-127
-171
-292
-326
-300
-293
-444
-533
-545
-617
-635
-687
-649
-798
-922
-1000
-1009
-1019
-1153
-1172
-1274
-1329
-1446
-1369
-1179
-997
-697
-665
-759
-923
-553
-87
199
422
564
377
149
498
1277
1577
1337
1267
1368
1415
1412
1818
2103
1816
1260
1086
1257
1263
1163
1076
848
337
-27
5
194
63
-220
-382
-440
-554
-688
-589
-466
-451
-518
-504
-505
-522
-409
-188
7
-1
-68
-96
82
311
509
578
497
389
402
521
680
670
550
433
365
384
323
439
323
412
275
242
177
33
212
75
129
23
-128
-140
-292
-61
-74
-157
-132
-278
-104
-188
-87
9
-81
8
-113
23
5
-17
101
87
130
40
42
67
60
156
178
164
61
-43
-11
-9
37
-29
-99
-193
-293
-312
-349
-373
-476
-561
-592
-617
-642
-728
-795
-823
-885
-895
-938
-982
-1063
-1155
-1130
-1198
-1208
-1283
-1297
-1261
-1135
-836
-504
-496
-671
-697
-302
49
205
546
745
587
277
689
1354
1473
1284
1406
1623
1404
1216
1569
1862
1556
1102
1097
1216
925
657
689
656
259
-87
-81
-139
-471
-671
-485
-344
-545
-827
-823
-698
-625
-565
-406
-344
-449
-477
-311
-69
-14
17
90
228
308
308
334
403
485
566
595
601
461
374
358
462
515
349
379
272
290
89
91
196
122
138
77
65
-98
-310
-135
-42
-6
-173
-262
-141
-235
-185
-106
33
-42
-194
-77
-33
-28
-78
27
143
77
11
10
66
49
52
126
147
62
-37
-56
-16
-48
-70
-85
-122
-214
-281
-303
-366
-468
-495
-482
-505
-577
-607
-688
-735
-731
-703
-773
-836
-877
-905
-980
-1072
-1019
-979
-1022
-1069
-1046
-885
-713
-539
-406
-411
-366
-245
-26
148
389
543
553
512
661
952
1097
1133
1254
1411
1468
1356
1358
1392
1313
1148
1075
1146
1041
781
507
408
334
186
46
-73
-213
-349
-383
-334
-357
-455
-488
-503
-447
-425
-403
-357
-337
-286
-225
-133
-100
-46
41
163
264
304
290
287
317
407
427
424
403
386
415
459
518
442
402
319
337
332
305
340
250
250
136
122
84
-11
15
-25
3
-70
-176
-170
-219
-205
-254
-251
-227
-248
-189
-179
-144
-190
-241
-193
-102
-69
-51
-2
0
46
28
13
-29
26
139
18
-1
63
-1
-57
-215
-119
20
-176
-235
-277
-192
-246
-540
-450
-416
-479
-446
-515
-448
-571
-694
-625
-740
-689
-627
-703
-795
-883
-835
-774
-827
-856
-663
-566
-490
-410
-374
-289
-284
-221
-70
117
289
371
414
452
526
707
833
885
936
1030
1123
1133
1132
1103
1058
1004
929
918
885
794
659
478
359
262
150
38
-48
-131
-126
-141
-248
-358
-437
-446
-430
-407
-378
-347
-377
-361
-272
-189
-171
-200
-174
-84
20
109
115
110
89
93
146
173
200
194
224
279
336
334
272
231
265
302
271
233
223
213
187
184
119
52
4
31
100
95
40
-20
-37
-114
-106
-113
-89
-103
-193
-137
-162
-173
-165
-127
-130
-107
-63
-85
-100
-65
-28
7
-10
-110
-61
13
67
84
-9
-113
-78
-40
-26
1
-118
-61
-89
-204
-155
-261
-289
-355
-326
-335
-436
-459
-456
-454
-504
-496
-564
-652
-605
-496
-499
-578
-541
-493
-553
-627
-610
-504
-440
-369
-288
-215
-102
-2
62
92
134
296
436
460
495
542
663
735
752
801
800
853
895
933
896
821
767
706
629
473
347
249
188
127
24
-108
-240
-360
-433
-459
-495
-538
-555
-512
-484
-443
-439
-397
-361
-325
-186
-91
-67
-40
85
158
167
194
259
347
410
442
463
434
407
432
455
439
466
431
367
304
289
285
217
166
168
181
159
113
68
37
-22
-30
-8
18
-22
-70
-84
-75
-79
-97
-135
-137
-100
-116
-114
-158
-87
25
25
6
-78
-7
8
41
175
159
67
-3
-1
79
90
94
121
126
14
-16
-24
-176
-151
-182
-129
-178
-331
-272
-355
-408
-435
-551
-567
-534
-495
-450
-477
-569
-570
-579
-612
-547
-568
-571
-557
-575
-491
-523
-498
-347
-150
39
111
143
233
346
452
521
570
626
705
785
813
832
820
846
831
832
830
755
657
493
332
196
122
35
-75
-245
-463
-592
-679
-762
-855
-930
-962
-924
-884
-857
-825
-759
-651
-513
-398
-336
-281
-181
-19
120
258
367
470
567
679
763
801
826
830
846
832
795
747
751
723
678
602
527
429
352
299
236
177
126
80
7
-51
-136
-173
-203
-193
-200
-191
-222
-277
-275
-236
-173
-188
-190
-157
-112
-79
-67
-77
-73
-60
-26
6
10
25
43
21
31
32
16
-10
-39
-37
-64
-92
-142
-181
-274
-304
-327
-351
-363
-413
-471
-546
-620
-665
-673
-688
-647
-608
-657
-710
-761
-813
-826
-868
-858
-868
-909
-894
-898
-874
-713
-431
-102
83
107
185
341
515
668
815
981
1089
1185
1282
1395
1406
1398
1451
1490
1472
1326
1139
949
781
595
453
275
44
-193
-437
-636
-815
-973
-1119
-1214
-1300
-1309
-1223
-1097
-985
-905
-801
-629
-426
-254
-131
-9
146
352
564
693
804
926
1090
1217
1252
1211
1163
1124
1108
1070
985
902
772
693
608
510
394
234
135
15
-74
-134
-197
-216
-288
-306
-284
-315
-323
-353
-276
-226
-219
-158
-126
-45
19
71
127
153
147
186
209
197
144
98
127
141
121
65
18
-44
-108
-157
-211
-283
-365
-415
-435
-478
-533
-561
-578
-610
-626
-666
-688
-743
-784
-777
-752
-724
-717
-719
-714
-707
-757
-800
-902
-969
-1026
-1058
-1089
-1131
-1097
-941
-614
-300
-65
9
134
358
547
675
796
959
1017
1047
1127
1339
1470
1487
1490
1563
1583
1464
1291
1132
949
689
467
250
36
-200
-364
-496
-674
-881
-1034
-1141
-1243
-1322
-1278
-1125
-1006
-883
-691
-378
-115
69
204
327
459
586
720
838
959
1080
1207
1291
1321
1328
1305
1206
1036
864
703
545
347
205
107
8
-99
-200
-229
-360
-479
-585
-612
-618
-644
-551
-443
-363
-266
-142
22
124
175
265
348
398
427
483
564
629
639
648
612
502
386
287
191
30
-118
-211
-298
-407
-506
-576
-626
-702
-774
-807
-854
-898
-917
-882
-837
-807
-739
-665
-608
-559
-501
-438
-425
-406
-356
-337
-360
-366
-394
-387
-432
-525
-624
-770
-906
-1028
-1112
-1196
-1264
-1240
-1033
-754
-501
-374
-180
73
327
457
568
759
879
890
961
1203
1380
1404
1399
1612
1743
1674
1476
1376
1288
1014
706
487
327
101
-129
-309
-421
-576
-699
-829
-945
-1006
-985
-910
-874
-786
-580
-280
-35
159
385
589
677
740
833
927
928
929
1047
1150
1174
1128
1137
1113
964
758
563
353
90
-121
-243
-314
-463
-522
-495
-489
-542
-611
-552
-532
-582
-537
-444
-300
-267
-133
127
261
350
398
585
720
695
658
652
647
602
540
541
450
319
243
135
24
-148
-270
-385
-543
-666
-738
-770
-820
-865
-825
-782
-776
-764
-708
-647
-618
-566
-494
-433
-402
-326
-238
-184
-177
-168
-125
-128
-177
-231
-276
-371
-509
-624
-727
-857
-1024
-1133
-1213
-1280
-1351
-1316
-1063
-786
-565
-447
-196
171
358
484
678
948
1008
914
1084
1370
1434
1320
1422
1696
1705
1501
1424
1464
1283
881
606
473
178
-195
-424
-519
-667
-876
-931
-939
-1000
-1052
-1017
-941
-887
-732
-505
-275
-69
176
421
558
659
828
971
944
904
973
1034
960
885
957
941
781
625
576
465
191
-39
-177
-281
-481
-647
-666
-642
-651
-679
-609
-466
-377
-318
-252
-127
-18
24
72
208
414
519
584
677
845
912
832
791
774
728
568
436
365
240
33
-117
-179
-245
-385
-509
-562
-623
-696
-790
-808
-805
-821
-823
-778
-686
-594
-520
-444
-314
-198
-142
-138
-111
-39
-56
-94
-116
-108
-128
-237
-278
-302
-389
-547
-729
-856
-1033
-1215
-1367
-1462
-1521
-1554
-1439
-1189
-854
-587
-352
-43
315
553
703
958
1184
1258
1210
1363
1605
1627
1570
1666
1901
1860
1679
1620
1617
1377
943
638
411
90
-315
-550
-695
-883
-1072
-1127
-1114
-1148
-1161
-1121
-1007
-910
-772
-626
-450
-187
83
282
403
571
767
869
872
906
963
905
793
775
799
693
491
394
353
236
27
-119
-234
-450
-633
-770
-742
-781
-832
-765
-677
-511
-468
-321
-163
-57
63
142
292
408
473
542
660
776
876
880
910
940
889
795
660
588
421
223
65
-60
-177
-346
-446
-496
-528
-599
-671
-677
-693
-736
-792
-764
-704
-645
-606
-550
-416
-303
-201
-143
-77
-34
-52
-76
-110
-126
-221
-309
-375
-410
-475
-597
-692
-795
-922
-1099
-1248
-1373
-1485
-1574
-1568
-1436
-1156
-857
-585
-260
121
482
628
889
1200
1367
1276
1247
1527
1582
1419
1383
1662
1779
1608
1513
1633
1545
1144
836
656
369
-158
-487
-644
-827
-1096
-1208
-1143
-1147
-1138
-1078
-925
-836
-706
-579
-443
-247
-14
200
332
515
718
842
862
940
1036
995
847
786
832
728
497
376
341
215
-13
-161
-219
-396
-590
-676
-701
-787
-887
-843
-733
-653
-566
-444
-294
-171
-25
144
277
389
468
593
680
744
826
854
892
914
909
847
749
678
583
417
254
113
-45
-238
-380
-440
-526
-609
-672
-641
-602
-627
-620
-576
-532
-516
-481
-411
-362
-312
-234
-139
-65
-17
20
25
1
-23
-75
-165
-254
-351
-439
-579
-712
-842
-977
-1121
-1245
-1323
-1460
-1549
-1605
-1544
-1526
-1315
-975
-702
-435
-137
365
571
791
1106
1394
1424
1293
1539
1668
1555
1403
1601
1755
1620
1516
1651
1654
1286
1041
882
672
133
-242
-432
-701
-994
-1174
-1126
-1212
-1208
-1106
-943
-837
-738
-568
-456
-320
-90
131
194
294
486
632
666
738
896
947
854
848
932
895
700
563
520
375
147
-15
-93
-278
-454
-532
-522
-601
-688
-664
-634
-587
-592
-493
-415
-307
-178
-95
50
155
308
403
482
599
666
699
725
752
751
677
595
568
496
383
250
191
96
-56
-127
-199
-271
-387
-446
-441
-467
-491
-495
-454
-410
-380
-320
-256
-182
-136
-78
-11
24
36
20
-5
-24
-55
-115
-163
-236
-298
-404
-508
-593
-731
-862
-1022
-1149
-1260
-1432
-1537
-1609
-1660
-1646
-1623
-1239
-954
-682
-432
-43
466
505
825
1161
1447
1339
1261
1601
1620
1419
1318
1578
1617
1403
1324
1521
1369
1014
803
686
406
-182
-423
-696
-966
-1284
-1380
-1324
-1418
-1341
-1230
-1050
-918
-721
-543
-411
-226
23
147
225
418
603
672
712
896
1054
1018
982
1124
1177
1054
865
848
761
512
271
132
-3
-264
-415
-484
-530
-621
-624
-635
-617
-592
-563
-537
-526
-374
-295
-211
-135
38
174
232
371
520
617
644
711
772
738
647
620
581
471
328
266
215
85
-12
-62
-115
-219
-297
-309
-339
-391
-417
-423
-420
-412
-387
-337
-297
-231
-180
-110
-68
-33
-19
-50
-41
-53
-93
-165
-231
-275
-341
-429
-492
-568
-660
-771
-864
-945
-1057
-1157
-1222
-1266
-1301
-1308
-1267
-1210
-1141
-786
-517
-290
-89
242
670
732
1031
1315
1520
1414
1367
1651
1604
1398
1311
1488
1442
1228
1181
1304
1092
792
634
498
192
-308
-468
-729
-1004
-1271
-1355
-1352
-1455
-1356
-1230
-1053
-872
-630
-438
-281
-76
122
183
235
398
531
552
596
769
885
903
947
1082
1076
969
873
825
649
388
227
73
-110
-330
-435
-509
-571
-577
-542
-524
-527
-477
-429
-416
-359
-290
-278
-236
-113
77
150
261
437
565
648
706
814
795
697
657
624
509
344
245
191
100
6
-35
-66
-123
-174
-175
-218
-284
-344
-396
-448
-489
-462
-469
-449
-381
-306
-251
-211
-141
-79
-60
-47
-30
-41
-92
-148
-168
-228
-305
-356
-414
-471
-547
-601
-664
-723
-768
-797
-824
-871
-883
-877
-863
-863
-814
-806
-756
-726
-563
-293
-174
40
239
627
773
889
1208
1421
1499
1333
1508
1580
1370
1161
1162
1188
933
730
743
722
471
289
189
96
-252
-521
-670
-874
-1088
-1319
-1289
-1294
-1262
-1183
-1052
-821
-647
-490
-345
-146
42
117
200
368
514
539
590
743
862
861
856
961
965
878
765
711
593
383
245
100
-33
-195
-292
-375
-398
-428
-424
-419
-422
-337
-318
-255
-250
-177
-143
-140
-20
93
175
232
347
473
539
556
612
614
575
514
466
395
272
196
94
27
-49
-107
-145
-194
-210
-217
-239
-282
-303
-296
-307
-313
-315
-331
-311
-276
-222
-185
-148
-66
4
50
75
91
73
9
-50
-116
-219
-327
-417
-482
-540
-593
-602
-588
-584
-562
-534
-527
-544
-562
-553
-574
-600
-610
-615
-600
-571
-491
-330
-112
70
268
513
789
949
1077
1283
1396
1376
1239
1229
1185
964
760
680
644
446
300
290
230
57
-72
-132
-243
-464
-650
-736
-879
-1036
-1155
-1151
-1123
-1082
-952
-778
-550
-345
-151
67
277
448
550
646
745
796
795
794
830
821
778
760
750
706
641
569
477
357
218
66
-87
-212
-337
-424
-492
-508
-491
-476
-429
-365
-265
-219
-176
-110
-51
-35
-17
37
78
114
167
274
345
376
418
463
446
390
331
259
140
5
-82
-173
-267
-334
-341
-331
-316
-288
-241
-192
-168
-140
-121
-111
-120
-124
-118
-99
-63
-37
-1
40
79
108
118
121
105
51
-19
-89
-170
-267
-355
-407
-454
-496
-522
-522
-505
-515
-496
-479
-451
-461
-479
-444
-430
-421
-432
-420
-387
-372
-320
-215
-92
100
231
384
546
676
820
856
970
980
908
806
709
644
439
261
174
105
-8
-97
-104
-94
-188
-238
-266
-337
-462
-581
-625
-709
-770
-810
-760
-673
-592
-455
-252
-53
109
293
469
613
688
740
776
778
761
742
693
671
620
584
552
511
490
418
367
283
207
117
31
-62
-117
-190
-231
-255
-284
-235
-236
-181
-172
-130
-83
-89
-80
-56
-23
-8
9
40
97
103
120
110
126
102
63
43
-36
-82
-131
-164
-203
-247
-271
-272
-269
-227
-194
-153
-104
-57
0
22
63
90
114
115
112
100
86
56
29
4
-19
-23
-38
-21
-31
-43
-67
-102
-161
-237
-307
-366
-435
-488
-521
-555
-560
-561
-495
-455
-412
-350
-313
-271
-258
-226
-225
-245
-270
-271
-245
-171
-54
50
175
324
493
600
685
794
832
768
671
615
509
298
142
53
-31
-155
-216
-162
-162
-201
-199
-154
-172
-257
-311
-322
-387
-467
-499
-495
-467
-449
-330
-175
-41
115
278
444
582
685
760
782
791
782
714
652
607
570
511
455
461
446
401
362
350
319
239
193
129
52
-56
-126
-148
-197
-195
-190
-149
-132
-108
-40
-13
4
3
13
-4
-38
-48
-56
-90
-124
-111
-91
-111
-113
-89
-95
-94
-101
-86
-96
-133
-143
-145
-139
-140
-100
-43
7
76
127
179
218
235
253
240
224
182
114
55
15
-21
-60
-96
-127
-129
-142
-165
-182
-211
-249
-302
-334
-373
-435
-469
-481
-480
-481
-459
-406
-351
-304
-249
-212
-191
-172
-152
-135
-156
-171
-171
-186
-204
-172
-84
0
57
162
297
373
435
521
587
552
475
440
377
239
105
51
2
-86
-131
-96
-59
-71
-58
-15
-14
-68
-115
-150
-229
-336
-402
-418
-428
-402
-342
-238
-118
-3
139
259
388
477
529
537
536
544
509
453
415
404
358
323
330
343
340
325
351
347
302
259
217
192
103
41
25
-31
-77
-109
-107
-138
-198
-178
-149
-161
-187
-177
-139
-166
-180
-143
-115
-116
-126
-81
-43
-46
-29
21
59
62
79
116
123
113
146
174
186
180
194
224
229
234
252
241
215
185
147
115
27
-53
-125
-194
-248
-314
-349
-381
-405
-422
-430
-411
-386
-369
-353
-323
-305
-299
-302
-266
-233
-231
-198
-175
-120
-90
-70
-23
-7
-6
-22
-32
-52
-97
-150
-180
-220
-266
-301
-313
-276
-270
-227
-158
-79
-2
36
112
179
182
156
157
154
79
22
22
22
-7
-20
27
79
88
85
105
94
54
11
-17
-60
-135
-179
-209
-234
-232
-191
-136
-69
12
98
193
265
326
369
397
410
419
409
394
384
362
365
359
371
368
381
401
406
396
361
331
274
200
121
27
-70
-163
-221
-262
-312
-346
-354
-337
-332
-314
-257
-215
-191
-168
-131
-89
-54
-12
24
76
118
153
204
240
261
279
299
310
305
298
273
249
209
167
131
87
50
-4
-62
-109
-162
-203
-248
-296
-323
-364
-396
-419
-429
-428
-415
-370
-330
-292
-241
-187
-126
-65
-19
23
53
74
91
95
93
79
71
48
21
2
-7
-15
-45
-62
-85
-119
-150
-192
-232
-286
-336
-372
-393
-403
-399
-388
-363
-313
-262
-213
-169
-116
-66
-25
16
41
74
92
113
142
149
158
167
200
211
202
213
209
191
162
140
107
62
25
-4
-28
-46
-70
-70
-63
-51
-10
39
85
132
189
244
273
308
355
382
392
399
393
378
365
350
345
315
288
255
218
178
121
93
46
-2
-48
-95
-128
-171
-197
-215
-234
-250
-251
-235
-214
-172
-125
-78
-32
16
69
117
161
199
229
246
260
267
265
257
231
199
165
130
85
31
-16
-61
-108
-157
-199
-234
-262
-291
-314
-335
-353
-365
-360
-345
-343
-309
-267
-215
-163
-116
-62
-16
28
71
106
123
140
144
146
142
129
123
117
100
64
34
25
4
-27
-55
-84
-112
-143
-162
-173
-173
-176
-179
-170
-161
-159
-141
-111
-98
-96
-74
-46
-34
-14
15
35
46
46
70
83
84
101
111
120
119
122
131
124
136
143
146
162
157
168
186
196
200
201
208
208
212
224
231
242
245
263
293
307
316
315
321
319
303
277
245
212
174
136
94
60
21
-13
-46
-67
-85
-102
-111
-119
-125
-150
-172
-195
-211
-228
-242
-244
-244
-234
-226
-199
-161
-130
-91
-53
-25
-2
19
38
34
21
16
-7
-13
-30
-60
-86
-115
-130
-136
-151
-160
-171
-178
-198
-213
-213
-225
-227
-229
-219
-207
-192
-177
-147
-96
-54
-11
27
66
94
115
137
142
144
151
151
146
131
112
105
94
79
70
64
48
15
-14
-33
-55
-68
-98
-120
-136
-149
-152
-147
-138
-134
-114
-96
-81
-61
-46
-31
-12
-7
-5
12
18
6
7
27
31
32
29
35
48
53
61
61
61
63
65
73
79
81
92
99
113
125
142
152
163
173
190
206
213
218
213
222
221
223
215
204
192
178
160
126
97
64
34
12
-17
-51
-82
-109
-139
-159
-166
-176
-186
-191
-196
-207
-208
-211
-215
-210
-215
-206
-199
-192
-192
-186
-160
-140
-130
-125
-117
-116
-121
-127
-130
-138
-154
-158
-165
-177
-193
-206
-209
-209
-207
-208
-207
-197
-198
-196
-182
-171
-159
-133
-107
-77
-41
-14
30
63
93
113
133
159
169
180
186
186
178
172
152
140
121
98
81
65
48
35
30
26
18
12
17
6
-9
-17
-16
-19
-33
-33
-29
-30
-20
-16
-9
-7
1
17
24
29
25
29
21
16
16
5
-1
-14
-11
-8
-1
13
23
44
54
66
75
77
79
86
98
109
112
116
139
157
172
189
206
226
235
242
228
214
193
163
150
117
91
58
34
20
-1
-19
-41
-50
-53
-71
-91
-93
-104
-112
-125
-141
-146
-161
-160
-143
-133
-108
-91
-74
-43
-33
-32
-25
-14
-16
-23
-30
-43
-57
-70
-77
-80
-83
-84
-80
-71
-67
-65
-68
-70
-72
-75
-79
-96
-101
-98
-97
-88
-84
-68
-48
-33
-14
-3
12
26
37
57
68
66
73
82
85
88
91
95
86
87
94
98
109
108
103
87
73
57
39
34
22
12
5
-4
-13
-21
-26
-29
-27
-21
-18
-16
-18
-20
-25
-20
-16
-21
-25
-25
-25
-16
-13
-13
-8
-7
-4
3
9
15
29
41
50
70
85
97
110
126
152
159
166
170
167
162
152
150
149
139
138
142
140
134
128
123
120
113
92
70
44
10
-26
-50
-66
-88
-101
-104
-115
-110
-109
-100
-90
-80
-71
-75
-75
-81
-89
-92
-93
-88
-80
-66
-52
-40
-24
-8
1
7
11
10
0
-14
-26
-38
-56
-70
-81
-86
-84
-83
-76
-59
-50
-40
-32
-25
-19
-25
-27
-31
-40
-43
-48
-39
-33
-21
-7
5
26
41
56
64
76
82
78
70
67
57
45
32
22
18
16
19
20
28
29
31
30
28
24
19
13
-1
-10
-19
-21
-20
-23
-18
-14
-7
-2
7
3
-1
-9
-19
-30
-42
-47
-59
-74
-74
-71
-68
-70
-61
-57
-49
-42
-33
-23
-19
-15
-12
-6
-2
3
10
23
36
44
59
77
85
91
99
110
110
108
110
104
96
87
75
62
50
39
27
17
10
-5
-22
-35
-51
-65
-79
-92
-97
-103
-105
-100
-89
-72
-60
-47
-26
-15
-4
8
14
22
24
28
30
28
28
22
16
13
9
1
-14
-23
-26
-38
-48
-50
-50
-55
-64
-64
-62
-59
-56
-51
-38
-23
-8
2
16
24
29
30
38
42
41
37
31
28
29
23
32
39
47
55
55
58
54
50
46
43
39
30
18
12
10
10
18
24
35
42
47
53
58
67
71
74
70
66
56
46
39
34
28
28
20
16
15
2
-3
-11
-20
-34
-44
-53
-64
-71
-73
-72
-72
-70
-64
-56
-47
-35
-25
-16
-1
9
10
15
20
25
35
45
59
69
73
88
92
88
83
81
71
59
47
31
17
8
-7
-18
-29
-42
-50
-62
-69
-77
-79
-81
-82
-86
-90
-86
-87
-76
-64
-55
-42
-32
-21
-10
1
11
21
19
19
17
14
8
5
7
1
-8
-20
-25
-27
-23
-19
-10
0
8
14
18
18
16
11
14
16
15
13
10
4
2
-1
-1
9
13
12
5
3
-7
-23
-36
-43
-51
-63
-71
-78
-82
-76
-72
-63
-51
-38
-25
-18
-3
11
24
27
41
44
49
52
57
66
72
84
90
95
102
105
109
110
107
100
89
73
55
31
7
-11
-29
-40
-52
-60
-68
-71
-70
-75
-77
-80
-86
-88
-91
-96
-102
-105
-99
-94
-86
-74
-59
-45
-30
-19
-4
10
19
29
35
40
39
36
32
23
18
8
2
-3
