-7
-12
-16
-14
-14
-13
-21
-20
-18
-26
-26
-35
-38
-49
-59
-59
-66
-67
-79
-88
-95
-105
-109
-117
-109
-113
-112
-117
-118
-126
-139
-143
-153
-149
-158
-151
-159
-160
-162
-177
-180
-204
-205
-227
-232
-238
-243
-233
-238
-217
-197
-158
-126
-83
-32
13
65
109
160
196
232
262
294
329
349
374
387
399
397
387
385
370
362
346
334
317
283
262
229
205
173
144
111
81
56
34
21
11
12
7
29
41
67
91
122
153
178
224
245
270
287
307
319
319
328
322
308
280
252
215
177
125
85
43
13
-25
-73
-103
-148
-180
-216
-233
-250
-282
-292
-306
-300
-307
-300
-288
-278
-261
-245
-217
-205
-191
-193
-196
-207
-227
-239
-260
-261
-280
-296
-322
-351
-374
-400
-413
-443
-478
-516
-543
-569
-591
-601
-614
-626
-592
-516
-414
-320
-214
-105
-12
118
249
386
458
516
544
579
626
632
640
585
573
520
505
506
463
409
301
264
189
133
69
-25
-102
-187
-210
-235
-242
-250
-274
-272
-245
-191
-142
-87
-28
19
91
185
270
340
387
434
465
499
525
525
494
451
411
350
290
234
163
100
43
-9
-55
-108
-151
-203
-237
-267
-275
-270
-254
-216
-209
-156
-130
-62
0
60
140
163
211
214
255
254
277
278
255
262
215
224
169
164
119
77
42
-21
-37
-94
-107
-139
-149
-169
-205
-225
-241
-223
-228
-227
-216
-210
-205
-202
-174
-153
-143
-126
-125
-131
-171
-217
-273
-333
-397
-457
-526
-591
-655
-732
-797
-855
-882
-955
-907
-827
-699
-584
-459
-269
-154
54
230
436
508
550
579
565
622
579
583
482
475
428
392
454
436
443
323
302
222
134
49
-83
-173
-290
-305
-335
-314
-287
-283
-257
-213
-103
-38
40
129
221
323
467
601
685
737
759
769
743
735
687
602
505
420
346
273
219
145
79
14
-32
-80
-118
-170
-240
-313
-369
-404
-436
-440
-440
-433
-385
-302
-214
-90
20
138
209
328
445
506
581
573
580
542
540
489
440
362
276
204
114
124
16
-24
-88
-133
-158
-217
-203
-260
-285
-323
-341
-339
-351
-354
-376
-359
-319
-267
-212
-169
-134
-113
-86
-59
-62
-81
-120
-167
-212
-294
-379
-494
-592
-683
-782
-837
-925
-987
-1046
-1010
-887
-720
-576
-436
-201
-27
189
378
571
665
678
705
693
712
654
617
540
525
500
476
499
479
457
340
303
223
111
-17
-151
-243
-358
-380
-405
-410
-407
-353
-301
-240
-102
5
128
232
356
491
629
754
847
896
909
910
866
830
759
657
525
416
336
236
165
79
5
-75
-142
-190
-254
-319
-394
-463
-518
-553
-587
-609
-613
-602
-543
-470
-356
-268
-156
-13
105
256
314
421
443
471
505
455
407
286
219
99
16
-80
-118
-173
-228
-216
-279
-239
-269
-246
-265
-297
-275
-330
-328
-352
-321
-296
-239
-184
-143
-76
-26
32
68
127
170
181
181
131
58
-14
-93
-187
-302
-428
-555
-672
-782
-879
-963
-1046
-1120
-1188
-1130
-934
-690
-435
-220
26
185
392
673
873
980
957
930
855
805
747
643
497
431
396
332
365
349
300
126
39
10
-107
-201
-342
-446
-544
-524
-487
-460
-380
-342
-262
-146
70
242
368
518
620
737
856
973
1013
990
952
875
763
660
537
367
240
136
53
-28
-75
-110
-169
-207
-236
-264
-293
-326
-362
-405
-433
-421
-412
-379
-321
-267
-209
-133
-24
160
324
464
536
595
676
660
684
625
503
362
188
66
-48
-165
-282
-360
-447
-441
-452
-426
-374
-380
-343
-338
-276
-268
-273
-271
-268
-215
-163
-112
-87
-45
-21
1
40
69
79
61
58
35
-21
-90
-186
-286
-408
-527
-670
-792
-950
-1043
-1144
-1230
-1286
-1398
-1448
-1485
-1203
-801
-366
-118
152
535
715
1032
1333
1561
1418
1194
1056
890
753
561
419
178
131
111
150
205
219
152
-98
-99
-111
-207
-395
-524
-587
-638
-497
-370
-254
-144
0
142
353
643
800
885
934
1023
1088
1140
1182
1096
931
799
685
498
344
189
13
-138
-203
-224
-267
-281
-299
-331
-358
-375
-396
-409
-437
-464
-473
-446
-385
-330
-265
-175
-82
16
133
261
421
484
549
557
576
594
527
525
415
265
134
-11
-113
-197
-314
-404
-456
-468
-393
-379
-296
-231
-190
-126
-74
-1
14
0
-32
-44
-44
-1
0
9
34
36
69
91
112
82
48
4
-55
-151
-256
-383
-524
-678
-804
-901
-1014
-1149
-1254
-1345
-1423
-1510
-1555
-1649
-1573
-1038
-499
-49
159
676
1019
1048
1501
1815
1775
1353
1073
881
579
357
185
-117
-326
-202
-170
-48
74
123
-154
-385
-208
-273
-459
-604
-644
-702
-563
-260
-89
70
266
461
591
908
1156
1144
1104
1100
1101
1090
1116
1058
830
616
538
377
206
119
-56
-242
-340
-305
-312
-364
-379
-426
-465
-420
-380
-385
-366
-341
-302
-279
-197
-101
-86
-43
27
73
97
174
320
366
430
441
441
439
382
402
281
139
9
-180
-306
-368
-438
-502
-508
-474
-370
-286
-139
-19
25
78
120
160
153
124
64
24
1
41
26
8
49
39
70
92
77
20
-44
-109
-194
-297
-389
-501
-612
-715
-805
-872
-961
-1031
-1138
-1221
-1312
-1350
-1532
-1589
-1753
-1599
-817
-206
309
447
1136
1414
1364
1961
2199
1942
1216
902
633
187
-19
-153
-468
-634
-289
-196
-61
136
129
-299
-576
-317
-484
-796
-884
-810
-790
-420
98
345
609
841
1020
1033
1288
1410
1125
945
887
861
824
931
927
700
585
617
467
251
178
-71
-327
-442
-412
-459
-489
-358
-318
-258
-94
30
33
58
111
80
1
20
17
-62
-50
35
69
101
196
328
514
636
680
594
539
473
274
166
26
-186
-393
-499
-487
-476
-501
-480
-420
-343
-192
-99
-63
-13
-42
-80
-55
-8
-14
-114
-138
-107
-73
-13
-9
-27
-45
-92
-126
-149
-173
-217
-267
-287
-282
-328
-393
-486
-598
-719
-918
-1077
-1206
-1375
-1452
-1586
-1528
-1575
-1687
-1604
-1640
-767
101
676
882
1248
1935
1626
1850
2309
2144
1336
704
677
220
-79
-135
-243
-566
-300
22
-72
49
129
-173
-769
-588
-386
-701
-806
-571
-338
-112
497
810
906
1042
1122
1027
961
1147
936
652
658
727
781
894
1076
898
571
472
292
-110
-340
-495
-736
-829
-712
-536
-458
-274
-123
-113
-59
9
-17
-133
-177
-237
-358
-360
-278
-182
-91
49
135
160
252
247
313
367
319
244
102
213
129
78
141
-60
-186
-295
-325
-346
-424
-485
-463
-424
-261
-36
32
173
233
238
281
322
322
200
70
38
-20
-42
-1
-72
-80
-72
-54
-5
11
0
-35
-77
-85
-161
-274
-380
-513
-705
-882
-975
-1169
-1219
-1396
-1420
-1562
-1576
-1536
-1752
-1877
-1489
-293
489
968
1140
1979
2104
1657
2320
2464
1900
807
467
324
-247
-336
-313
-520
-629
-171
-74
-70
97
-9
-598
-1028
-576
-575
-786
-568
-134
123
535
1114
1190
1149
1076
942
646
675
769
533
546
677
852
966
1166
1199
690
288
101
-266
-688
-749
-765
-838
-739
-396
-115
47
253
225
61
-34
-116
-281
-384
-373
-409
-435
-296
-35
61
89
128
36
-64
-41
26
49
62
146
216
315
480
531
412
196
18
-222
-402
-443
-561
-663
-647
-461
-233
2
224
374
363
365
415
347
258
138
30
4
55
129
160
148
90
-5
-92
-119
-178
-233
-232
-205
-114
-61
-22
-76
-197
-371
-634
-888
-1092
-1302
-1452
-1568
-1667
-1653
-1637
-1601
-1556
-1773
-1465
-297
524
1143
1214
1869
2181
1555
2082
2460
1931
860
317
228
-257
-424
-266
-466
-743
-339
-194
-216
-18
-65
-603
-1069
-603
-330
-464
-298
134
325
611
1097
1087
928
709
488
208
284
605
519
567
753
868
998
1170
1111
504
-65
-277
-541
-809
-677
-572
-554
-363
-9
265
324
370
162
-138
-244
-248
-329
-318
-196
-178
-89
103
297
245
102
-42
-249
-366
-248
-145
-65
188
303
463
465
617
602
176
50
-209
-450
-509
-496
-431
-402
-309
-112
66
153
309
220
114
199
204
241
244
271
293
264
306
280
136
10
-172
-351
-381
-373
-342
-258
-159
7
110
155
82
-142
-367
-681
-995
-1234
-1363
-1440
-1507
-1542
-1518
-1461
-1414
-1483
-1527
-1768
-1213
0
846
1324
1409
2291
2100
1658
2301
2319
1426
183
-34
-238
-696
-631
-360
-658
-784
-243
-185
-207
-120
-286
-967
-1143
-459
-219
-201
92
518
593
913
1201
965
685
375
225
87
386
734
728
870
1009
1094
1156
1170
779
4
-463
-583
-735
-732
-404
-264
-192
60
372
462
364
201
-141
-388
-366
-291
-258
-102
28
6
68
180
168
-61
-274
-414
-520
-459
-196
-51
232
542
626
705
558
564
199
-186
-234
-489
-577
-501
-383
-291
-218
-135
0
28
64
125
-32
26
150
202
309
398
454
422
356
263
106
-108
-265
-450
-510
-414
-326
-175
8
152
252
254
163
-73
-378
-649
-973
-1195
-1351
-1461
-1403
-1441
-1417
-1421
-1396
-1376
-1537
-1689
-1688
-532
622
1299
1427
1882
2489
1731
1835
2345
1869
626
-131
-32
-415
-582
-350
-338
-766
-476
-125
-293
-180
-125
-532
-1062
-601
25
67
169
580
738
741
1099
969
642
401
221
150
271
749
852
850
989
976
924
969
861
214
-369
-501
-495
-521
-312
-31
-39
-3
185
298
223
119
-73
-322
-328
-140
-14
18
136
116
-14
-40
-15
-104
-364
-475
-490
-432
-209
79
259
514
557
498
377
268
200
-98
-193
-293
-362
-302
-188
-132
-190
-255
-286
-225
-202
-82
-47
-35
134
268
385
453
409
307
172
60
-31
-138
-236
-313
-351
-265
-157
-59
42
61
62
82
7
-135
-333
-526
-719
-943
-1110
-1202
-1284
-1340
-1413
-1492
-1517
-1447
-1524
-1548
-1689
-1566
-233
931
1657
1550
1936
2378
1483
1625
2182
1734
433
-151
57
-282
-463
-221
-303
-902
-640
-316
-469
-332
-189
-546
-949
-339
333
330
289
664
705
658
1015
861
562
356
295
285
468
931
968
870
879
800
716
794
734
158
-344
-356
-219
-222
-31
138
6
-56
44
90
-3
-31
-175
-323
-211
36
153
166
173
3
-178
-207
-173
-230
-366
-379
-335
-194
22
168
346
481
426
333
262
252
77
-50
-38
-193
-222
-161
-129
-148
-236
-349
-355
-305
-235
-104
-72
68
212
262
393
410
277
184
101
45
-13
-71
-103
-220
-251
-209
-200
-162
-85
-64
-55
24
-19
-158
-360
-541
-767
-1056
-1248
-1334
-1425
-1423
-1426
-1426
-1359
-1270
-1358
-1461
-1523
-1463
-217
996
1672
1526
1884
2294
1375
1551
2120
1636
259
-214
3
-436
-545
-262
-333
-983
-668
-274
-430
-236
-38
-434
-877
-179
418
348
336
699
702
602
1028
890
533
324
243
249
467
926
945
820
806
728
615
695
645
48
-409
-375
-205
-209
-30
77
-87
-136
-7
82
-13
-74
-205
-289
-120
100
182
165
152
-24
-219
-197
-142
-215
-291
-242
-184
-74
74
98
181
280
229
143
70
168
17
-52
73
-9
-120
-161
-145
-223
-340
-475
-442
-385
-251
-28
18
176
330
346
380
365
259
157
52
11
-4
-51
-71
-166
-242
-222
-234
-232
-142
-109
-63
-6
-49
-171
-391
-618
-830
-1105
-1284
-1285
-1326
-1246
-1192
-1179
-1160
-1199
-1142
-1335
-1341
-1465
-764
733
1673
1963
1755
2253
1762
1136
1682
1815
857
-177
28
2
-277
-154
-16
-546
-893
-392
-334
-315
-60
-11
-550
-396
470
641
458
465
689
441
515
750
472
252
197
291
412
815
1101
909
677
566
518
484
490
246
-242
-402
-176
-60
-16
53
-67
-207
-258
-80
-44
-166
-194
-234
-119
32
165
180
53
-120
-299
-344
-294
-273
-291
-315
-231
-119
-18
-44
-50
189
139
138
98
205
160
-23
155
103
-64
-181
-191
-327
-411
-508
-577
-466
-352
-108
-62
99
295
292
261
307
302
196
179
84
61
-13
-65
-157
-292
-287
-310
-333
-216
-67
-30
-16
-42
-160
-378
-588
-755
-897
-1059
-1073
-979
-959
-890
-902
-1003
-1089
-1158
-1151
-1184
-1154
-1102
-669
535
1685
2054
1761
1801
1561
880
1011
1523
1249
375
225
351
49
-143
-142
-498
-973
-708
-326
-176
144
318
-46
-240
242
534
333
275
451
389
378
674
645
404
318
252
258
550
895
852
638
618
576
408
375
318
-51
-330
-237
-80
-100
-102
-39
-137
-196
-125
-152
-247
-194
-106
-124
-67
46
21
-187
-333
-376
-475
-503
-415
-341
-319
-268
-165
-187
-76
187
97
-29
-97
44
31
22
320
258
35
-160
-216
-430
-514
-571
-645
-550
-372
-25
79
280
442
385
264
302
358
297
316
237
232
134
33
-39
-144
-187
-231
-228
-90
70
129
139
72
-85
-259
-401
-542
-597
-756
-865
-822
-733
-736
-800
-934
-1072
-1144
-1143
-919
-917
-880
-866
-507
500
1553
1900
1560
1452
1178
796
985
1594
1507
680
405
353
8
-285
-349
-641
-1032
-804
-334
1
154
203
-143
-439
-73
228
200
144
294
335
314
529
561
372
166
186
351
616
908
859
718
518
327
200
200
225
47
-150
-139
-15
-104
-157
-154
-175
-221
-228
-139
-69
34
62
14
-69
-123
-158
-243
-269
-280
-251
-227
-172
-75
-69
-203
-355
-101
55
136
117
189
222
86
266
309
271
38
-99
-285
-381
-327
-411
-367
-411
-295
-192
-41
159
228
257
239
261
231
317
332
228
153
80
1
-109
-120
-111
-185
-223
-154
-83
4
67
7
-138
-239
-351
-482
-591
-638
-722
-806
-783
-754
-802
-905
-952
-1069
-1085
-993
-880
-860
-817
-867
-489
684
1623
1703
1221
1207
944
495
1066
1880
1644
616
509
392
-198
-468
-359
-493
-951
-458
104
233
237
134
-392
-781
-297
39
36
84
405
465
331
563
538
226
73
260
500
767
1076
1032
798
498
302
212
202
232
-11
-179
-136
-93
-216
-269
-154
-166
-208
-158
4
16
-58
-106
-200
-287
-296
-205
-151
-127
-143
-162
-180
-240
-231
-220
-285
-151
30
257
380
377
366
234
251
198
162
76
-23
-109
-272
-209
-277
-252
-286
-279
-163
-113
65
118
217
264
300
297
316
404
373
341
278
214
88
-46
-99
-146
-202
-193
-185
-175
-139
-119
-171
-246
-246
-324
-458
-565
-617
-679
-733
-749
-802
-865
-937
-994
-1035
-951
-837
-857
-906
-895
-976
-706
258
1128
1224
870
995
876
523
997
1678
1510
573
444
320
-197
-474
-297
-256
-648
-288
145
157
-86
-302
-591
-889
-562
-191
-28
106
352
440
312
369
261
101
129
406
715
943
1124
1070
863
598
363
267
280
262
120
83
139
48
-157
-187
-115
-131
-147
-47
28
-17
-3
26
8
-54
-28
16
26
45
48
-21
-108
-113
-86
41
106
207
304
353
393
294
333
247
171
62
-34
-42
-170
-150
-254
-236
-270
-315
-274
-306
-246
-235
-171
-113
15
172
225
239
227
214
147
87
73
39
-52
-95
-115
-146
-185
-249
-289
-367
-387
-335
-322
-289
-288
-382
-540
-616
-671
-733
-826
-855
-825
-878
-832
-823
-827
-880
-886
-870
-874
-863
-687
36
759
1131
948
974
909
613
878
1411
1610
953
702
609
230
-59
-49
125
-180
-164
79
153
-8
-335
-449
-658
-540
-298
-76
78
119
219
193
201
142
111
261
521
836
1021
1149
1074
868
663
517
457
383
390
286
216
158
23
-178
-352
-382
-372
-306
-193
-134
-171
-243
-209
-144
-159
-179
-141
-80
-93
-136
-91
-53
-48
-40
40
178
194
194
241
281
268
203
191
148
40
-80
-185
-176
-203
-248
-289
-267
-272
-357
-344
-291
-229
-208
-157
-36
77
175
244
248
234
221
226
263
270
256
148
31
-21
-79
-140
-191
-212
-249
-245
-221
-234
-279
-386
-535
-691
-751
-742
-797
-800
-779
-779
-838
-830
-776
-816
-903
-972
-903
-881
-441
189
679
692
592
676
488
542
843
1235
1085
704
752
598
441
169
255
231
-16
39
102
200
-126
-324
-400
-458
-435
-405
-176
-135
-120
-51
88
156
45
160
350
593
699
875
1019
924
796
710
787
758
770
710
531
385
198
122
0
-62
-160
-256
-206
-135
-97
-142
-175
-258
-307
-296
-277
-263
-211
-209
-233
-173
-77
-4
-28
14
72
93
138
203
299
303
302
295
265
169
74
-9
-140
-208
-226
-210
-235
-269
-334
-444
-475
-463
-418
-403
-365
-274
-173
-51
26
89
109
110
152
215
259
252
222
162
99
25
-19
-52
-78
-63
-35
-1
-35
-116
-218
-350
-433
-489
-544
-583
-604
-592
-617
-602
-598
-625
-695
-730
-681
-662
-623
-567
-369
-130
39
86
90
138
118
216
359
543
553
471
478
427
431
367
403
433
448
508
577
656
521
393
288
199
137
82
112
64
75
117
139
126
78
80
46
87
160
254
314
305
307
298
319
314
271
213
150
155
189
250
274
259
261
267
270
216
156
89
32
17
17
20
-17
-93
-207
-317
-364
-371
-420
-467
-471
-449
-397
-317
-239
-163
-129
-99
-53
20
66
57
34
-2
6
15
53
63
46
24
-31
-46
-50
-55
-93
-103
-51
25
91
95
95
78
81
110
144
156
106
39
-23
-56
-104
-152
-175
-175
-132
-95
-68
-71
-103
-174
-243
-312
-397
-452
-491
-477
-471
-454
-463
-521
-621
-728
-766
-778
-769
-781
-678
-513
-372
-294
-265
-232
-259
-167
-54
85
202
304
381
402
496
499
505
519
549
614
686
818
832
761
656
570
525
454
403
327
282
234
201
206
148
106
64
53
36
33
38
4
13
31
68
63
70
77
44
41
68
137
174
193
241
293
316
281
235
171
132
99
66
68
24
-32
-121
-167
-215
-309
-382
-426
-432
-408
-328
-304
-303
-285
-244
-207
-161
-93
-95
-114
-138
-113
-75
-34
-4
-16
-18
-20
9
16
18
21
20
40
53
108
143
161
179
199
221
226
246
271
263
186
102
60
6
-64
-82
-53
-38
-63
-66
-57
-86
-170
-251
-301
-340
-347
-362
-383
-414
-433
-478
-527
-557
-623
-669
-712
-691
-659
-607
-513
-449
-370
-358
-299
-267
-219
-87
42
189
232
346
393
414
456
467
550
537
586
630
707
752
667
641
533
494
405
348
328
235
220
167
201
158
95
52
-3
-1
-67
-54
-56
-47
-55
-63
0
19
47
45
59
75
90
147
226
286
289
310
334
322
285
243
186
96
33
17
-8
-56
-107
-166
-243
-328
-367
-385
-401
-379
-369
-329
-290
-237
-226
-199
-160
-129
-76
-78
-46
-50
-45
-26
-4
23
4
21
45
70
68
58
47
-8
-25
7
61
94
123
162
164
163
142
132
84
14
-28
-48
-65
-95
-88
-86
-91
-117
-123
-131
-139
-145
-187
-202
-213
-226
-268
-299
-327
-358
-416
-451
-468
-526
-585
-636
-614
-626
-584
-496
-401
-372
-354
-279
-250
-121
-5
119
175
234
325
359
444
436
459
477
516
580
632
706
617
560
498
440
389
332
331
249
267
277
245
201
117
55
-41
-24
-24
-37
-11
-2
6
-25
21
60
78
105
110
138
137
176
226
278
312
321
356
348
338
306
253
191
132
97
52
-1
-83
-152
-216
-285
-307
-328
-315
-308
-319
-258
-224
-196
-194
-161
-137
-100
-23
-21
-16
-55
-45
-47
-31
3
-8
33
53
87
84
76
51
20
29
69
133
161
196
214
219
196
147
131
106
65
35
63
64
18
-9
-49
-98
-152
-168
-182
-179
-141
-145
-168
-216
-238
-268
-309
-358
-418
-471
-523
-550
-579
-632
-697
-714
-722
-673
-580
-514
-503
-503
-454
-412
-270
-132
-22
49
149
255
304
407
392
409
435
520
596
624
681
577
513
470
451
405
331
328
269
298
323
297
230
138
108
57
86
102
94
89
70
109
112
140
135
130
146
157
210
221
252
283
322
344
345
357
314
303
279
228
166
112
83
20
-30
-94
-186
-261
-304
-316
-330
-339
-331
-350
-317
-272
-236
-206
-215
-159
-115
-69
-39
-42
-74
-124
-108
-111
-104
-99
-95
-87
-87
-48
-54
-85
-103
-104
-57
-1
44
68
86
114
100
82
48
16
8
9
2
-26
-58
-112
-155
-186
-227
-269
-306
-325
-323
-292
-274
-299
-325
-345
-363
-392
-420
-445
-477
-508
-517
-550
-560
-575
-533
-453
-404
-391
-401
-311
-276
-164
-52
26
67
98
216
260
347
377
387
422
461
559
604
651
575
495
488
443
433
381
374
318
317
382
377
355
271
238
182
177
196
194
220
204
228
233
246
251
222
232
228
243
246
243
266
287
288
250
235
216
200
225
242
204
155
142
120
57
-14
-102
-198
-216
-225
-211
-222
-259
-293
-323
-274
-271
-256
-241
-235
-178
-105
-20
-10
5
-24
-48
-21
4
21
-2
5
-18
-34
-38
-60
-115
-147
-119
-72
-6
39
61
73
64
44
39
27
-6
-17
3
23
-4
-67
-129
-216
-283
-332
-382
-417
-421
-421
-421
-395
-409
-441
-471
-485
-498
-510
-505
-508
-520
-505
-497
-485
-415
-336
-298
-310
-254
-194
-126
-12
89
162
172
246
283
355
452
479
531
546
615
627
655
659
552
507
446
426
358
351
366
306
329
336
357
330
318
294
250
279
266
308
335
349
339
329
375
344
333
319
315
301
259
260
241
226
168
139
118
52
34
36
50
40
36
13
-47
-95
-153
-208
-247
-265
-263
-269
-278
-311
-330
-333
-358
-350
-316
-297
-284
-241
-222
-202
-155
-153
-138
-133
-115
-106
-96
-59
-54
-49
-62
-66
-78
-91
-80
-78
-53
-13
15
35
60
78
56
46
32
7
11
30
43
47
19
-48
-109
-173
-227
-280
-333
-374
-389
-369
-359
-358
-369
-403
-429
-447
-440
-450
-462
-456
-469
-425
-373
-288
-208
-163
-177
-154
-89
-84
6
78
129
138
193
241
254
315
310
348
391
463
492
507
515
414
363
351
333
270
253
266
224
255
291
277
224
189
179
150
197
213
203
210
252
291
301
356
348
320
303
320
333
292
259
210
178
132
101
64
7
-38
-51
-25
-25
-29
-46
-92
-132
-173
-194
-227
-237
-257
-275
-259
-271
-296
-329
-330
-344
-337
-308
-291
-287
-270
-225
-210
-195
-178
-152
-149
-127
-101
-91
-75
-71
-75
-82
-80
-99
-95
-84
-80
-57
-5
39
59
77
73
68
65
69
57
63
83
78
64
45
-12
-98
-157
-209
-275
-322
-339
-367
-381
-379
-396
-399
-409
-428
-455
-456
-455
-459
-446
-432
-412
-382
-340
-274
-212
-166
-165
-126
-85
-59
18
97
184
224
296
320
348
403
419
457
487
540
524
541
555
481
439
413
376
319
332
342
307
305
330
340
307
285
251
221
235
243
270
300
313
295
286
313
308
290
255
224
190
166
177
167
132
65
6
-23
-36
-28
-36
-65
-116
-123
-125
-118
-148
-224
-275
-288
-266
-259
-251
-283
-317
-352
-332
-301
-300
-319
-361
-325
-289
-234
-201
-185
-202
-203
-147
-101
-65
-74
-68
-57
-43
-24
-22
-19
-16
-8
31
84
102
100
113
141
165
182
183
175
157
150
161
169
154
115
52
6
-41
-98
-145
-198
-241
-282
-307
-330
-343
-361
-381
-394
-407
-424
-439
-430
-428
-408
-396
-370
-357
-302
-232
-174
-153
-145
-93
-56
40
116
189
223
264
311
329
387
372
385
411
456
483
466
464
364
292
253
237
198
178
199
172
212
239
255
226
196
185
159
223
242
253
277
330
351
347
358
308
269
254
266
261
233
218
178
137
93
61
41
4
-6
-19
-23
-54
-71
-80
-106
-126
-196
-237
-269
-259
-232
-215
-198
-212
-212
-215
-202
-217
-242
-252
-258
-224
-185
-144
-145
-173
-181
-158
-111
-94
-90
-94
-85
-74
-61
-56
-66
-66
-58
-15
14
34
43
52
65
68
70
48
22
9
1
18
25
20
5
-23
-48
-104
-166
-221
-276
-322
-353
-367
-394
-428
-450
-459
-462
-469
-457
-458
-447
-422
-410
-375
-346
-278
-202
-145
-123
-105
-52
-15
70
140
203
224
280
340
350
394
402
398
417
476
506
503
502
415
336
302
279
217
177
177
147
147
179
181
142
113
111
111
142
171
183
212
261
299
300
305
284
259
249
250
247
236
229
208
189
152
111
87
64
60
66
61
39
16
-3
-21
-42
-89
-148
-193
-205
-186
-171
-155
-158
-178
-169
-150
-150
-188
-215
-218
-213
-173
-116
-112
-122
-103
-74
-38
-24
-29
-19
-2
33
59
71
67
41
46
63
81
79
60
53
56
64
45
18
-35
-76
-81
-68
-36
-52
-55
-59
-74
-95
-142
-187
-255
-296
-315
-336
-362
-376
-391
-417
-427
-443
-447
-440
-429
-415
-407
-378
-348
-323
-272
-212
-180
-171
-151
-100
-53
-3
51
108
133
149
187
212
242
249
275
306
351
392
404
427
396
355
322
313
279
232
237
228
223
226
258
264
243
246
224
220
225
245
252
266
287
291
299
300
290
259
260
250
223
233
238
231
211
187
173
154
140
133
110
87
48
30
20
-20
-73
-141
-190
-230
-252
-256
-262
-264
-278
-280
-274
-276
-312
-321
-293
-275
-256
-237
-210
-194
-177
-156
-141
-144
-143
-133
-115
-91
-103
-114
-105
-110
-104
-99
-79
-69
-50
-20
-17
-9
-17
-31
-44
-54
-63
-67
-72
-80
-86
-78
-81
-107
-113
-132
-161
-180
-205
-222
-239
-250
-243
-263
-280
-283
-284
-271
-273
-285
-309
-301
-282
-267
-253
-247
-235
-228
-194
-139
-86
-57
-44
-3
38
79
131
188
218
222
261
300
340
362
380
391
409
414
403
404
380
357
338
332
319
298
294
291
283
287
291
287
276
272
278
297
298
286
288
283
276
264
262
255
236
228
237
225
202
177
153
144
117
84
49
23
-7
-26
-33
-60
-112
-154
-189
-216
-233
-259
-286
-315
-317
-314
-300
-297
-320
-340
-330
-310
-294
-268
-259
-263
-253
-227
-204
-209
-218
-213
-198
-161
-135
-119
-117
-134
-153
-153
-130
-119
-114
-102
-92
-76
-55
-37
-37
-38
-32
-19
3
20
37
50
55
52
40
21
-5
-14
-33
-48
-58
-86
-105
-112
-123
-126
-125
-130
-131
-106
-80
-54
-25
-19
-12
1
22
38
52
57
63
89
110
128
134
146
147
157
175
193
208
219
248
263
274
290
287
268
268
279
281
286
264
233
226
218
204
191
177
166
172
193
204
201
194
179
170
184
187
177
164
152
135
119
113
79
37
7
-11
-17
-25
-43
-78
-112
-122
-114
-110
-113
-138
-162
-173
-183
-189
-197
-221
-235
-233
-222
-212
-222
-232
-249
-255
-249
-235
-233
-246
-241
-229
-218
-218
-221
-228
-240
-229
-223
-214
-208
-209
-207
-186
-167
-171
-171
-169
-148
-115
-83
-60
-58
-53
-32
-17
0
11
16
30
61
94
108
109
95
78
79
88
88
80
69
59
64
68
64
41
16
0
6
29
33
29
36
51
67
85
96
98
104
133
175
201
215
218
211
216
227
228
215
186
173
184
211
241
245
238
219
224
234
232
222
196
178
171
169
173
163
133
104
89
99
99
100
94
88
87
84
77
64
52
22
-2
-5
-6
-28
-46
-51
-78
-100
-115
-126
-138
-141
-141
-145
-152
-165
-172
-183
-192
-204
-216
-226
-236
-230
-222
-221
-220
-223
-214
-214
-207
-204
-202
-190
-174
-161
-157
-138
-129
-118
-112
-107
-99
-95
-92
-86
-80
-77
-77
-84
-78
-64
-47
-39
-24
-20
-6
20
35
53
56
64
67
71
91
104
117
124
135
147
154
152
143
142
137
130
128
119
115
110
102
91
78
61
44
28
21
18
5
-5
4
6
8
14
12
13
6
17
31
34
34
40
47
55
76
80
85
75
59
60
66
79
90
96
101
105
105
89
69
48
40
36
37
40
28
9
-16
-26
-25
-28
-47
-53
-53
-42
-36
-46
-60
-88
-108
-112
-103
-94
-94
-104
-101
-94
-92
-97
-105
-118
-122
-110
-96
-86
-82
-91
-94
-92
-93
-95
-103
-105
-113
-114
-106
-112
-121
-126
-128
-117
-111
-108
-101
-93
-77
-55
-40
-33
-20
-11
-2
8
14
10
8
16
19
27
29
25
22
25
41
45
54
67
79
106
124
133
132
117
113
113
130
136
130
127
135
143
144
141
123
110
100
97
97
108
98
81
73
70
66
50
38
24
20
19
25
26
22
17
13
11
6
2
-2
-1
6
16
23
24
19
20
25
24
13
10
16
25
34
36
42
37
36
33
32
30
26
26
25
33
31
25
11
-6
-2
-7
-12
-12
-8
1
6
0
-10
-21
-38
-41
-44
-42
-51
-62
-76
-81
-82
-88
-98
-110
-115
-111
-95
-78
-66
-68
-70
-80
-88
-88
-92
-96
-110
-111
-105
-100
-103
-104
-107
-111
-103
-101
-85
-74
-54
-37
-25
-2
9
27
32
34
33
23
22
16
23
31
34
43
53
62
70
72
74
75
80
93
112
129
144
146
134
133
129
122
117
108
96
96
104
104
96
86
77
63
58
59
64
57
42
34
30
19
2
-15
-25
-37
-41
-42
-47
-55
-67
-65
-72
-89
-98
-105
-111
-109
-95
-82
-80
-77
-71
-66
-67
-72
-81
-78
-77
-59
-46
-35
-28
-31
-26
-28
-32
-42
-52
-52
-53
-46
-37
-35
-31
-26
-19
-10
-7
0
9
21
32
33
33
35
29
31
29
20
10
1
7
11
12
12
8
2
8
18
22
16
3
-1
8
9
1
-19
-43
-60
-71
-73
-78
-91
-103
-108
-103
-92
-89
-91
-91
-73
-54
-38
-22
-11
-2
4
16
20
5
-4
-5
0
13
23
29
38
57
77
92
93
90
88
95
122
145
153
141
127
128
135
133
116
102
84
83
95
101
104
86
80
78
80
90
83
77
74
79
81
78
65
50
41
32
29
27
16
8
8
9
10
-2
-14
-23
-22
-18
-12
-10
-17
-31
-36
-36
-40
-52
-70
-76
-75
-57
-49
-49
-54
-68
-67
-71
-68
-69
-80
-81
-74
-64
-57
-52
-65
-71
-64
-50
-35
-28
-23
-25
-16
-3
8
1
-15
-14
-8
4
15
20
17
9
18
32
34
22
6
-1
1
5
14
9
2
-2
-2
-1
-11
-26
-42
-48
-48
-43
-50
-66
-79
-79
-68
-64
-60
-65
-63
-49
-36
-27
-33
-43
-53
-51
-40
-32
-33
-31
-23
-6
7
8
5
-5
-3
12
25
25
19
22
39
50
50
47
36
34
38
46
49
35
24
17
30
41
39
30
14
13
24
31
27
17
11
12
23
30
26
12
6
9
19
25
17
8
8
16
24
28
20
4
1
10
20
16
0
-13
-14
-6
-3
-13
-29
-37
-35
-16
-5
-7
-14
-21
-18
-6
-3
-10
-23
-24
-5
12
21
17
8
11
21
38
45
36
35
47
70
88
84
71
58
58
73
83
88
72
59
59
63
63
42
18
-1
-6
0
2
-7
-24
-29
-24
-20
-23
-38
-57
-69
-66
-58
-59
-73
-89
-91
-84
-76
-76
-86
-97
-98
-82
-66
-63
-66
-66
-57
-46
-34
-31
-35
-35
-29
-9
6
7
-5
-14
-9
-4
4
-2
-7
0
18
40
48
46
31
23
30
41
49
48
42
45
57
67
61
42
21
10
17
30
36
29
17
17
24
27
18
6
-2
3
18
31
33
16
4
-2
2
1
-16
-36
-44
-31
-21
-15
-24
-46
-57
-54
-42
-36
-41
-49
-47
-32
-12
-7
-14
-28
-33
-23
-11
-6
-12
-19
-19
-4
11
13
6
2
15
38
56
65
65
62
68
80
83
77
57
48
52
61
66
58
45
34
31
32
24
8
-10
-20
-16
-7
-7
-16
-28
-33
-34
-31
-40
-56
-65
-70
-62
-60
-66
-80
-94
-93
-87
-76
-77
-80
-75
-63
-44
-36
-36
-41
-47
-37
-22
-11
-10
-16
-16
-9
3
4
-2
-7
-4
8
20
28
26
24
26
35
46
47
45
42
52
66
76
79
70
60
54
59
63
59
48
37
41
45
48
44
35
32
31
36
35
27
20
10
9
10
5
-6
-18
-24
-25
-25
-28
-37
-46
-52
-53
-53
-55
-61
-65
-61
-55
-50
-50
-49
-47
-40
-31
-25
-24
-27
-27
-20
-11
-6
-8
-8
-5
4
13
19
22
27
36
46
54
58
53
50
53
59
64
61
55
48
50
55
55
50
37
25
18
16
14
5
-6
-16
-16
-16
-21
-29
-35
-40
-42
-41
-44
-53
-65
-71
-70
-68
-70
-76
-80
-80
-75
-69
-63
-64
-64
-59
-48
-39
-31
-27
-24
-16
-8
-2
1
3
8
16
27
33
35
35
35
39
44
45
46
49
55
63
69
72
71
73
76
81
85
83
78
73
77
75
69
58
47
42
42
43
38
31
21
12
10
6
-1
-10
-19
-19
-18
-16
-23
-32
-41
-45
-48
-51
-58
-68
-73
-76
-73
-74
-78
-82
-85
-80
-75
-70
-63
-60
-52
-41
-32
-26
-24
-20
-16
-10
-3
-3
0
5
13
20
25
26
25
30
38
45
51
52
55
61
69
72
71
67
66
64
65
62
55
46
35
29
23
16
5
-5
-10
-12
-12
-15
-21
-28
-33
-36
-38
-44
-51
-58
-59
-58
-59
-64
-74
-82
-85
-83
-82
-81
-81
-77
-71
-60
-50
-46
-43
-38
-27
-15
-5
5
15
20
25
33
36
37
38
44
49
54
57
59
60
65
70
71
73
75
78
85
88
89
86
80
75
75
74
65
55
44
40
38
33
21
7
-4
-8
-10
-10
-15
-26
-33
-35
-35
-35
-42
-51
-60
-60
-58
-61
-67
-75
-79
-78
-74
-74
-77
-82
-79
-69
-59
-52
-49
-43
-36
-26
-14
-9
-9
-5
4
14
23
23
19
19
23
31
36
35
31
31
40
52
59
59
54
53
60
69
71
65
54
50
52
53
47
34
19
10
10
11
6
-8
-19
-24
-23
-21
-25
-36
-43
-43
-36
-30
-33
-42
-51
-51
-47
-47
-54
-64
-69
-63
-52
-48
-50
-56
-56
-47
-33
-22
-18
-18
-11
2
18
25
22
21
24
33
46
51
47
41
42
51
58
57
52
48
51
61
69
70
62
57
58
64
65
60
51
42
40
41
37
24
8
-2
-4
-4
-9
-20
-30
-36
-35
-30
-31
-41
-49
-49
-44
-39
-39
-48
-54
-54
-45
-40
-43
-53
-60
-59
-53
-50
-50
-55
-56
-47
-33
-24
-23
-23
-19
-10
3
12
14
14
15
23
32
34
28
24
26
30
36
38
32
28
31
39
43
42
39
36
40
46
48
43
34
26
26
28
23
13
2
-7
-8
-6
-9
-21
-31
-35
-32
-29
-29
-35
-39
-38
-33
-27
-30
-36
-42
-38
-33
-31
-32
-39
-43
-40
-34
-30
-32
-36
-34
-26
-15
-8
-6
-6
-2
8
20
25
22
23
26
35
42
43
38
34
37
44
47
46
38
33
35
42
48
47
41
37
41
45
43
36
27
21
20
21
18
7
-7
-15
-18
-19
-25
-35
-43
-44
-41
-38
-38
-45
-49
-46
-38
-33
-32
-36
-38
-35
-29
-25
-27
-35
-38
-32
-23
-19
-20
-24
-23
-16
-5
1
2
1
6
17
29
36
35
32
34
41
49
50
45
39
40
45
48
47
40
35
35
40
42
40
34
28
30
35
37
31
22
15
13
14
10
0
-11
-20
-22
-22
-28
-36
-47
-51
-48
-44
-44
-49
-53
-51
-45
-36
-34
-38
-41
-39
-33
-27
-26
-31
-33
-31
-23
-18
-19
-22
-22
-15
-5
5
8
9
12
20
30
37
39
38
40
46
51
53
50
45
43
45
47
46
38
33
32
33
36
33
28
20
18
22
22
20
13
8
3
2
-1
-9
-18
-25
-29
-30
-33
-40
-48
-54
-54
-52
-50
-50
-53
-52
-48
-44
-41
-39
-38
-36
-30
-26
-23
-24
-24
-24
-22
-19
-17
-16
-16
-14
-6
-1
4
9
14
19
26
32
37
41
44
48
50
50
50
49
46
45
44
43
41
38
36
33
31
30
31
31
29
26
23
21
19
17
14
9
4
-4
-8
-14
-22
-29
-34
-38
-41
-45
-48
-51
-54
-53
-51
-49
-48
-49
-46
-42
-38
-34
-34
-34
-32
-28
-25
-24
-24
-23
-20
-14
-8
-6
-5
-4
0
7
16
20
24
27
33
40
45
46
46
45
48
51
51
47
43
39
39
40
37
33
26
21
22
24
24
20
15
13
14
14
9
2
-6
-10
-11
-12
-19
-28
-38
-41
-40
-41
-45
-53
-57
-57
-53
-49
-48
-49
-48
-41
-33
-28
-30
-34
-34
-29
-22
-18
-20
-24
-22
-17
-11
-7
-9
-9
-3
7
17
23
22
23
28
37
47
49
46
43
47
53
59
56
46
39
38
41
42
39
31
26
28
34
35
30
23
18
21
27
25
16
4
-4
-4
-3
-5
-16
-29
-37
-40
-40
-45
-54
-61
-60
-55
-48
-47
-52
-56
-51
-39
-28
-26
-30
-32
-30
-23
-16
-16
-19
-22
-17
-8
-1
-1
-3
-1
7
20
30
31
28
27
34
45
53
51
44
42
46
50
49
41
31
27
30
33
29
21
12
7
12
19
20
14
9
7
10
15
13
4
-3
-7
-3
-1
-5
