113
120
125
124
127
130
131
126
126
124
121
114
110
112
103
101
97
91
91
83
75
80
76
66
69
66
64
63
54
56
54
45
47
45
36
33
31
21
15
10
-2
-10
-21
-26
-41
-53
-59
-72
-84
-96
-104
-114
-126
-130
-147
-149
-146
-164
-157
-161
-164
-164
-159
-150
-156
-147
-142
-139
-131
-127
-118
-114
-105
-95
-97
-85
-78
-77
-71
-71
-61
-60
-59
-53
-55
-45
-47
-44
-34
-38
-31
-30
-18
-7
-1
9
17
32
48
54
68
88
98
111
121
139
150
160
175
190
203
206
217
220
224
219
212
223
215
204
202
197
189
178
166
152
138
123
115
101
92
88
71
65
51
43
28
11
22
11
4
16
15
7
4
-6
-6
-13
-26
-37
-40
-34
-54
-63
-72
-78
-103
-126
-125
-145
-153
-158
-190
-182
-194
-230
-200
-220
-240
-229
-225
-222
-239
-219
-201
-216
-210
-175
-168
-173
-139
-126
-105
-94
-118
-54
-38
-69
-29
-21
-11
-2
-16
26
-1
-41
16
0
-34
-6
-3
-9
2
-15
-16
-2
-18
-5
2
-11
22
27
29
61
68
86
111
147
166
174
211
235
233
263
263
259
294
293
294
294
278
270
266
246
225
190
177
164
133
103
72
39
14
1
-33
-33
-40
-52
-63
-90
-59
-74
-96
-79
-73
-81
-76
-56
-39
-44
-23
-31
-9
-24
-5
-7
-128
37
-40
-77
-16
-100
76
-130
-224
164
-225
-149
-36
-223
40
-294
-103
-29
-199
-181
-143
-76
-185
-184
-150
-29
-149
-219
-83
-43
-126
-224
1
-128
-150
-134
-130
-27
-143
-132
-47
-30
-160
-52
-39
-142
-92
-38
-115
-151
-22
-131
-83
-67
-148
-23
-80
-106
-109
-42
-123
-83
-105
-59
-15
-146
17
1
-33
-3
61
72
44
119
96
153
144
144
203
214
204
229
265
241
293
276
262
278
260
221
237
220
171
204
201
159
159
143
109
138
127
87
80
136
108
65
107
161
83
24
208
146
58
87
261
108
20
206
61
87
105
102
-24
157
125
-229
275
-4
-186
113
-36
-36
-204
-21
9
-228
-239
51
-158
-381
-181
-11
-367
-324
-127
-205
-191
-451
-88
-69
-528
-312
63
-396
-454
-28
-197
-335
-313
-145
-180
-314
-325
-126
-68
-433
-201
-73
-183
-284
-191
-36
-293
-196
-96
-151
-106
-272
-40
-85
-255
-56
-128
-88
-84
-156
52
-1
-116
115
85
-11
54
162
93
111
239
215
255
257
312
300
311
316
421
419
366
424
387
410
382
361
345
382
338
319
339
276
270
285
217
195
247
153
159
196
120
155
109
125
185
73
156
207
114
149
206
139
156
130
187
186
42
226
167
82
160
151
114
6
82
75
-21
-79
37
-129
-74
-123
-168
-41
-394
-104
-148
-468
-60
-359
-298
-232
-524
-18
-433
-528
-51
-285
-411
-279
-95
-244
-419
-152
-204
-130
-455
-234
225
-614
-233
68
-391
-160
-377
41
-121
-560
24
88
-550
-162
24
-261
-250
-245
90
-237
-338
102
-136
-258
-89
-67
-63
-141
-83
-45
-58
-114
-40
-73
-34
-42
-100
74
116
-53
63
194
63
57
195
179
198
174
235
307
211
214
386
289
299
353
373
368
292
357
360
292
245
262
247
213
138
152
172
63
41
83
61
1
-29
16
16
-82
-58
44
-31
-91
-11
30
-70
4
32
20
41
43
102
82
45
119
144
123
95
124
172
134
101
131
196
56
59
114
155
22
-6
92
6
-24
-25
-50
18
26
-287
90
16
-370
82
-80
-213
-61
-157
-62
-133
-184
58
-248
33
-166
-73
-28
-264
68
-186
-109
-56
-104
-131
-186
115
-331
-57
-54
-251
41
-410
14
-10
-495
8
28
-363
-120
-98
-107
-205
-189
-14
-258
-188
-92
-204
-115
-204
-147
-60
-269
-101
-49
-397
-5
-160
-380
-43
-173
-334
-92
28
-225
-74
46
-83
-66
34
93
100
49
159
256
101
121
315
227
226
332
342
304
302
329
290
297
253
252
301
217
217
197
181
112
81
113
93
47
67
124
61
3
120
96
-7
50
94
15
-21
135
88
2
70
114
76
73
142
134
92
151
154
103
125
123
101
80
130
145
60
93
130
109
54
38
74
58
27
-67
25
126
-284
-31
168
-334
-97
57
-283
-42
-201
-81
-48
-303
63
-177
-165
-115
-104
-43
-250
-20
-43
-211
84
-319
122
-37
-455
224
34
-378
-57
146
-151
-377
176
-15
-288
-37
9
45
-350
-93
259
-375
-273
174
-77
-431
-80
89
-286
-390
-52
-2
-432
-311
-104
-161
-477
-307
-162
-304
-373
-213
-124
-161
-281
-214
5
-98
-263
108
151
-103
57
329
68
121
298
264
261
247
383
397
290
311
367
324
273
307
367
254
156
207
168
34
41
69
53
30
29
27
36
-37
-2
46
-18
-57
8
53
-76
57
88
-6
117
77
94
102
146
103
125
211
76
142
132
151
141
106
201
104
135
186
110
131
84
107
103
-2
104
95
-36
-24
80
-47
-167
85
-9
-257
-46
53
-274
-74
-16
-172
-149
-129
-54
-159
-102
-152
-9
-134
-138
-32
-148
-93
-150
-103
106
-272
-130
183
-325
-116
45
-180
-233
-53
-24
-293
-137
52
-364
-160
6
-156
-143
-203
-101
-114
-423
-140
74
-451
-311
76
-434
-281
-305
-170
-211
-598
8
-240
-510
-219
-255
-248
-225
-152
-96
-152
-120
-77
-60
69
33
-22
176
195
102
227
311
247
342
349
453
495
372
481
502
378
348
441
380
285
326
260
284
124
97
144
51
49
2
121
47
-63
17
84
-33
-67
71
30
14
-1
45
104
-15
25
169
60
88
101
177
136
106
196
116
211
114
142
195
168
128
112
188
104
76
82
86
108
18
35
-28
145
-114
-135
215
-288
21
-102
-108
52
-320
43
-53
-163
-138
48
-205
3
-114
-196
217
-387
-7
183
-402
156
-243
-118
233
-506
254
-188
-58
92
-410
122
169
-541
61
143
-290
-141
-124
-40
-172
-251
-5
-76
-360
154
-205
-234
-100
-20
-389
-168
22
-324
2
-398
-20
-228
-489
-9
-289
-293
-138
-281
-291
-68
-259
-94
-84
-52
-54
-39
25
89
73
104
114
184
304
90
294
353
290
373
371
479
422
356
439
412
356
218
426
216
161
233
54
108
-62
15
16
-44
-103
-35
-7
-180
-84
-63
-2
-150
-69
114
-115
-33
59
1
78
-58
92
91
42
121
68
259
141
84
232
263
105
135
355
215
52
253
281
39
51
265
65
-5
214
7
143
-58
73
98
-267
272
-281
14
-3
-205
95
-355
60
-64
-375
62
86
-545
221
-126
-347
155
-180
-55
-7
-198
275
-403
19
261
-446
23
-21
52
-213
-173
317
-245
-299
300
-331
68
-162
-321
220
-262
-300
-100
-15
-385
-239
-162
-168
-180
-472
-47
-99
-396
-305
-80
-162
-576
-84
-116
-396
-196
-358
-39
-332
-526
89
-164
-335
-46
-39
-150
-77
-128
135
76
18
95
328
185
54
349
314
229
241
466
374
340
290
356
361
126
197
317
202
107
178
192
97
14
15
72
-21
-98
104
-51
-66
37
-100
-98
22
-54
-123
69
101
-103
40
156
-13
-9
137
213
-20
175
322
79
71
217
251
2
98
348
177
2
205
270
6
5
147
256
-114
154
274
-38
170
-8
100
-4
0
-39
163
-210
58
24
-284
213
-376
34
164
-425
179
143
-320
200
-78
-79
33
59
-277
321
-173
-34
-58
87
10
-312
40
338
-353
-237
414
-260
-46
-328
152
102
-711
165
101
-432
-40
-386
-3
-58
-848
263
-223
-481
20
-524
-45
-300
-425
-326
22
-395
-486
-120
-194
-466
-400
-109
-296
-444
-83
-183
-160
-279
-135
-20
-347
24
23
-5
-13
58
145
66
83
185
279
228
225
376
331
191
338
266
331
243
251
309
238
228
99
265
35
87
115
99
45
69
130
-17
71
88
13
115
34
79
187
-65
165
177
-35
252
82
116
314
79
235
262
209
198
201
301
258
197
276
255
195
134
324
57
87
272
-3
129
190
18
38
89
-102
-45
42
-150
71
-207
123
-185
-292
224
-597
120
-178
-449
420
-753
107
147
-891
440
-371
-308
182
-344
-45
-8
-356
-115
247
-728
182
312
-755
270
-57
-116
-240
-151
201
-384
-123
-59
90
-339
-348
346
-439
-306
136
-226
-151
-86
-151
-86
-199
-147
-208
-86
25
-407
-41
30
-374
-220
-52
-150
-234
-193
-56
142
-336
28
171
-257
47
13
149
-2
177
36
139
156
-12
297
133
217
296
252
303
265
197
262
260
207
271
250
235
168
115
142
62
106
56
39
160
31
16
55
51
7
-72
155
114
-97
132
139
-48
-13
9
108
-2
-4
182
169
-66
186
82
52
95
32
286
26
36
196
-12
47
-15
27
162
-125
108
160
-127
139
-175
111
56
-236
142
82
-85
-73
53
-33
-125
-28
11
-52
45
-24
-55
21
-24
-176
127
-119
60
12
-115
170
-315
123
-54
-213
112
40
-100
-87
69
-27
-259
111
75
-163
-26
27
24
-301
16
-53
-75
-278
-60
48
-370
-41
-139
-179
-209
-111
-216
-88
-247
-279
2
-241
-349
-129
-60
-445
-95
-226
-122
-164
-466
125
-168
-181
69
-109
-4
23
-109
91
153
-6
89
161
128
142
127
222
139
268
248
286
336
246
242
280
255
164
327
219
180
237
122
126
24
116
-14
154
35
15
169
-61
-13
21
144
10
50
106
228
8
-81
199
111
-68
83
239
99
-43
113
97
61
-26
98
211
9
59
153
22
47
13
14
152
-42
-58
267
-131
-50
61
-47
69
-178
90
160
-190
-66
76
-16
-310
-13
237
-267
65
-6
4
-131
-78
50
-116
113
-36
-10
3
20
-55
-166
78
135
-174
96
202
-309
143
27
-167
56
92
-60
-86
23
-59
-213
-89
96
-284
-71
166
-351
-215
66
-297
-176
-393
189
-163
-665
151
-106
-735
-149
-59
-414
-226
-346
8
-470
-539
-30
-309
-378
-167
94
-320
-236
-120
-169
-71
-149
74
174
-126
16
94
2
35
91
294
301
135
314
331
84
251
256
368
228
296
300
204
93
51
101
45
168
-54
255
24
-113
69
-72
7
-8
211
-29
78
68
38
-87
3
265
-116
184
253
-28
77
20
260
-53
138
405
-12
133
115
180
-17
54
227
90
43
106
133
-15
-32
73
68
10
112
-53
138
-123
-64
-14
41
-89
39
-29
-96
-30
-244
91
-227
101
-67
-27
-258
113
-96
-294
211
-39
-14
-138
43
-26
-149
-14
180
-226
82
107
-365
87
25
-209
26
-204
117
-249
-283
290
-419
-155
13
-219
-298
-33
-215
-112
-325
-101
-71
-496
-67
-184
-234
-367
-248
-112
-475
-396
-90
-441
-370
-193
-186
-118
-247
-185
-202
-133
-45
15
126
199
-80
40
227
160
158
389
482
370
360
423
469
262
409
610
506
452
364
422
258
131
274
319
120
32
141
16
-131
-74
-51
18
-24
-87
24
-2
-224
-148
29
-12
-70
-10
101
6
-62
22
56
215
7
207
220
140
140
-109
276
229
46
145
266
84
-120
59
186
61
-98
236
166
-230
-75
158
8
-273
151
140
-154
-254
-4
93
-463
-1
-13
-149
-267
-108
-104
-434
-8
-21
-252
-252
191
-307
-393
279
-158
-211
-91
29
-83
-195
22
157
-39
-403
136
-40
-272
113
-166
29
-102
-331
-111
-64
-345
-55
-230
-256
-126
-351
-348
-186
-100
-612
-177
-184
-575
-270
-305
-269
-517
-311
-312
-347
-231
-196
10
-371
-307
24
-90
-108
187
332
-187
9
299
173
278
361
603
488
299
463
535
419
549
567
602
497
301
325
394
269
155
374
213
39
-7
4
36
-102
-59
31
-13
-211
-169
-65
-135
-160
-32
104
-64
-138
-1
71
-6
64
239
177
104
139
227
275
145
272
328
301
257
177
324
282
133
243
299
196
59
99
161
40
30
56
58
-26
-68
-146
-138
-119
-217
-146
-199
-160
-209
-314
-146
-129
-373
-224
-116
-327
-194
-304
-256
-40
-509
48
-39
-538
200
-358
-136
188
-428
106
-50
-184
-138
-89
22
-177
-185
73
-131
-365
0
-99
-387
-111
20
-360
-308
-200
-188
-424
-361
-13
-478
-513
-277
-433
-514
-387
-370
-282
-492
-301
-3
-278
-270
-158
-96
-11
64
261
325
84
-1
392
587
447
580
710
746
554
630
996
839
727
854
908
716
547
640
666
525
302
356
305
38
-22
0
102
-38
-178
-124
-149
-230
-209
-52
-123
-215
-226
-145
9
-168
-9
11
38
93
8
200
213
196
287
391
375
292
253
343
416
317
351
446
271
152
162
243
224
138
196
157
33
-69
27
42
-92
-120
-102
-192
-343
-300
-218
-283
-280
-319
-372
-454
-509
-270
-343
-376
-177
-377
-521
-341
-266
-213
-192
-246
-80
-323
-328
-75
-29
-118
110
-86
-211
-41
-199
16
129
61
-57
-149
-198
-184
-149
-62
-75
-346
-313
-345
-457
-377
-432
-406
-551
-761
-471
-780
-680
-565
-715
-666
-721
-417
-244
-489
-650
-260
-134
-230
57
380
122
-231
96
653
636
459
750
946
747
557
1074
1134
918
911
1005
1096
658
737
853
776
567
306
470
305
110
130
192
125
-217
-228
-142
-183
-251
-202
-89
-304
-423
-274
-100
-103
-186
-83
3
-46
-88
122
279
231
211
323
372
232
294
491
526
424
341
470
433
359
398
454
389
243
235
319
257
132
98
152
40
-121
-103
-92
-141
-304
-255
-278
-431
-474
-418
-395
-492
-548
-477
-481
-537
-494
-413
-321
-483
-354
-212
-456
-280
-128
-117
-181
-78
-67
-27
-85
2
72
-100
59
-2
33
1
-20
-93
-190
24
-265
-265
-129
-352
-394
-360
-533
-532
-637
-810
-632
-885
-848
-875
-965
-883
-942
-589
-433
-403
-878
-723
-216
-147
-14
179
295
-277
-247
583
980
751
520
936
985
794
1048
1537
1416
964
942
1187
1108
881
987
1009
680
171
282
474
269
146
37
-16
-301
-427
-270
-92
-250
-480
-481
-544
-557
-476
-219
-172
-344
-443
-283
-126
-28
93
161
164
64
140
316
471
424
446
406
476
492
590
706
648
634
478
620
562
568
585
445
483
286
242
209
163
169
-45
-33
-137
-311
-268
-352
-361
-484
-576
-583
-642
-668
-762
-715
-710
-779
-695
-641
-575
-526
-535
-369
-393
-262
-193
-116
17
-195
42
-8
-37
164
143
165
44
-15
95
-12
-8
116
-50
-194
-198
-320
-356
-395
-495
-456
-648
-726
-759
-931
-903
-934
-1048
-1053
-982
-589
-496
-809
-944
-688
-253
-151
69
192
1
-341
-61
956
1109
696
589
973
1193
1068
1410
1822
1455
1030
1151
1557
1419
1044
1085
1008
601
265
526
646
276
-126
-212
-115
-283
-352
-181
-205
-511
-725
-585
-483
-489
-497
-416
-427
-583
-487
-230
-90
-114
-129
-52
2
51
174
349
356
215
335
459
516
460
518
721
590
496
594
742
611
479
692
625
388
279
449
472
229
144
131
53
-123
-173
-100
-226
-418
-486
-438
-480
-628
-597
-600
-662
-760
-736
-594
-577
-607
-645
-510
-455
-419
-305
-231
-209
-209
-77
9
-4
-14
24
102
127
111
59
12
-7
-59
-52
-51
-105
-230
-278
-289
-496
-578
-623
-658
-750
-989
-1063
-1080
-1187
-1159
-1015
-675
-650
-1078
-1298
-793
-238
-307
-284
-60
-122
-495
-103
990
1173
452
303
1042
1392
1167
1376
1803
1455
948
1192
1842
1663
1140
1073
1072
752
478
768
897
393
-223
-269
-42
-74
-230
-315
-445
-709
-732
-496
-387
-492
-667
-675
-601
-508
-407
-320
-271
-333
-302
-138
-1
43
50
94
136
211
266
393
421
309
484
561
533
435
550
781
585
406
596
613
528
452
621
532
155
223
361
371
58
-72
82
-30
-150
-209
-210
-351
-545
-481
-421
-557
-708
-728
-640
-737
-748
-687
-613
-572
-583
-539
-505
-394
-325
-240
-207
-190
-165
-51
48
39
-33
-51
32
90
112
37
-3
-115
-107
-128
-166
-236
-501
-520
-639
-700
-815
-937
-1014
-1136
-1126
-935
-595
-785
-1228
-1269
-677
-271
-358
-341
-174
-250
-400
203
1013
884
249
492
1305
1441
1211
1390
1658
1394
1185
1588
1920
1560
1155
1169
1222
948
741
874
801
327
-40
17
208
74
-175
-327
-396
-465
-460
-339
-386
-575
-730
-600
-417
-385
-391
-439
-418
-299
-161
-62
32
-39
-51
-4
134
267
300
278
260
265
332
470
504
577
410
415
453
736
724
411
548
472
469
371
502
569
72
94
255
341
152
-160
66
-43
-246
-256
-222
-262
-553
-512
-436
-579
-667
-687
-521
-651
-762
-635
-578
-479
-554
-507
-422
-398
-286
-205
-189
-252
-180
-87
-66
-51
-93
-85
-93
-88
-34
-142
-229
-287
-291
-320
-452
-487
-687
-749
-826
-891
-1024
-1137
-1106
-821
-559
-885
-1299
-1208
-422
-208
-400
-375
-212
-382
-385
574
1097
568
75
752
1496
1420
1213
1498
1626
1305
1374
1844
1918
1418
1205
1277
1242
1029
961
969
624
231
90
232
360
135
-207
-432
-336
-198
-241
-301
-454
-511
-537
-431
-264
-276
-481
-556
-347
-174
-149
-170
-149
-154
-192
-134
32
159
79
44
-15
77
195
245
256
108
353
301
355
188
420
601
261
319
356
483
240
190
478
293
51
-23
229
385
-18
-58
-3
-51
-145
-237
-85
-307
-469
-484
-422
-437
-588
-516
-510
-600
-634
-584
-385
-387
-491
-508
-430
-251
-209
-139
-209
-225
-176
-134
-41
-70
-147
-179
-164
-90
-126
-241
-315
-362
-312
-451
-562
-712
-740
-797
-964
-1027
-1091
-1079
-1038
-618
-630
-1071
-1373
-795
-52
-268
-471
-290
-116
-358
-6
955
925
178
256
1183
1565
1169
1165
1545
1488
1347
1508
1835
1653
1265
1203
1193
1136
922
895
785
440
221
161
355
312
8
-317
-382
-168
-126
-212
-426
-550
-568
-514
-340
-284
-476
-648
-529
-285
-154
-243
-336
-324
-214
-127
-35
59
-26
-73
-11
190
278
248
157
280
406
391
460
526
662
407
361
568
680
591
419
551
447
267
343
525
436
118
53
198
183
22
-56
-112
-235
-326
-253
-249
-421
-585
-559
-456
-477
-509
-537
-538
-550
-506
-416
-352
-329
-346
-301
-202
-127
-112
-127
-97
-98
-71
-89
-57
-75
-174
-164
-202
-219
-312
-429
-521
-637
-752
-804
-860
-964
-1121
-1257
-1226
-1217
-920
-702
-891
-1298
-1387
-598
-165
-329
-493
-389
-302
-301
382
968
609
133
498
1363
1556
1231
1270
1407
1382
1360
1628
1829
1456
1110
1012
1118
1124
916
808
541
292
146
260
425
184
-222
-488
-322
-79
-131
-372
-606
-618
-515
-404
-291
-402
-612
-659
-432
-126
-177
-366
-434
-259
-87
-38
-14
-16
-17
33
157
283
231
163
136
259
506
474
434
375
489
471
397
603
691
485
307
363
503
384
334
410
270
114
6
198
228
-52
-213
-260
-188
-164
-205
-255
-448
-541
-462
-320
-279
-466
-587
-566
-395
-263
-289
-322
-357
-305
-205
-76
-77
-135
-185
-103
-51
-71
-87
-140
-126
-214
-221
-298
-301
-352
-490
-543
-634
-729
-824
-833
-854
-1026
-1189
-1215
-1241
-1078
-1037
-795
-865
-1193
-1155
-696
-106
-271
-385
-241
-115
-59
267
944
872
437
656
1323
1596
1411
1389
1583
1490
1470
1645
1763
1561
1209
1118
1069
1086
986
773
543
263
179
161
198
109
-250
-512
-554
-350
-279
-486
-710
-813
-741
-621
-543
-542
-639
-710
-588
-392
-279
-340
-385
-265
-160
-62
-57
114
145
119
164
247
393
367
422
293
569
528
552
578
534
701
318
639
673
554
453
276
571
331
321
376
182
202
-18
115
120
-189
-141
-278
-188
-253
-346
-283
-511
-434
-436
-399
-420
-560
-420
-416
-337
-334
-339
-209
-217
-103
-109
-20
10
13
91
53
64
-4
26
32
6
-145
-209
-184
-244
-353
-489
-573
-683
-787
-806
-808
-1013
-1173
-1234
-1146
-1218
-1226
-1063
-881
-886
-1156
-1088
-683
-306
-326
-254
-76
-87
-112
360
1033
941
584
783
1385
1573
1509
1595
1600
1467
1482
1727
1838
1555
1208
1071
1044
1071
955
693
417
211
88
34
60
-71
-421
-701
-683
-490
-478
-663
-808
-848
-814
-726
-607
-588
-674
-738
-603
-335
-199
-233
-235
-149
-61
83
200
289
269
281
348
485
540
598
466
600
766
669
695
510
898
547
549
701
572
521
204
548
450
144
137
120
197
-29
-123
33
-188
-229
-278
-218
-239
-508
-423
-459
-444
-515
-543
-465
-542
-493
-453
-359
-321
-345
-240
-192
-106
-113
-74
-7
-10
83
6
52
-25
-18
-8
-6
-61
-201
-210
-276
-278
-395
-514
-639
-723
-789
-841
-885
-1045
-1116
-1202
-1214
-1224
-1169
-996
-749
-831
-1088
-1107
-629
-153
-205
-104
2
-26
-47
534
1243
1019
583
777
1435
1674
1583
1614
1551
1357
1394
1732
1856
1511
1041
892
943
995
812
492
184
-113
-235
-182
-106
-295
-743
-980
-891
-647
-598
-790
-976
-1068
-950
-747
-593
-556
-689
-754
-550
-249
-68
-133
-146
-71
64
203
340
418
365
297
393
537
606
606
500
712
641
653
592
720
790
473
480
581
550
368
283
389
189
-28
129
165
86
-182
-198
-89
-221
-275
-314
-333
-445
-489
-377
-388
-483
-513
-488
-422
-423
-363
-344
-320
-306
-272
-147
-94
-77
-119
-57
-9
57
55
38
15
-39
-35
-29
-17
-163
-273
-331
-315
-394
-484
-614
-737
-821
-956
-884
-1035
-1158
-1346
-1322
-1193
-1164
-901
-744
-835
-1169
-1065
-380
-24
-114
-69
74
38
75
777
1361
993
679
1015
1655
1758
1657
1760
1627
1444
1478
1807
1870
1469
1084
868
876
853
728
450
103
-186
-303
-201
-145
-330
-738
-945
-871
-680
-632
-759
-889
-964
-887
-716
-504
-449
-543
-599
-399
-123
7
42
53
128
164
254
457
550
505
379
457
542
624
596
561
533
395
691
526
625
355
386
431
233
571
291
210
18
12
222
-9
-6
-105
-225
-118
-250
-99
-191
-401
-302
-388
-211
-296
-356
-366
-460
-343
-372
-315
-285
-334
-312
-325
-166
-117
-137
-135
-188
-104
-104
-42
-74
-71
-74
-145
-120
-163
-138
-243
-313
-373
-384
-405
-592
-601
-695
-736
-869
-973
-937
-1014
-1124
-1190
-1164
-1130
-1114
-805
-503
-768
-1057
-875
-148
61
-57
177
255
79
180
1031
1502
1036
742
1160
1656
1745
1715
1870
1666
1328
1351
1697
1857
1428
924
669
735
761
620
372
11
-376
-505
-324
-151
-393
-855
-1034
-932
-734
-743
-769
-838
-885
-882
-730
-451
-374
-444
-444
-239
-50
39
123
256
322
258
298
495
657
635
564
527
569
642
664
709
569
639
573
558
540
439
486
217
321
349
223
138
15
152
69
-84
-79
-131
-89
-153
-143
-114
-278
-302
-276
-178
-164
-279
-273
-260
-214
-171
-198
-215
-243
-191
-130
-82
-71
-100
-92
-67
-36
-60
-67
-105
-119
-94
-124
-173
-249
-243
-283
-339
-421
-454
-508
-607
-637
-733
-727
-901
-955
-1025
-1034
-1077
-1275
-1228
-1252
-1161
-1068
-656
-503
-877
-1174
-681
-40
63
153
381
289
-110
396
1396
1565
1007
863
1315
1564
1691
1945
1954
1439
1099
1351
1752
1711
1266
806
477
405
433
419
225
-245
-637
-785
-569
-416
-605
-915
-1156
-1097
-997
-843
-777
-804
-890
-911
-724
-464
-287
-284
-242
-131
-12
101
258
451
449
388
415
593
660
684
672
678
593
562
605
629
626
392
621
448
487
200
224
403
80
272
130
121
-133
-248
101
-29
-137
-205
-211
-38
-244
-97
-1
-182
-173
-269
2
-21
-77
-33
-93
-75
-191
-90
83
29
-91
-190
-62
36
-2
10
-65
-62
-150
-89
-38
-50
-177
-327
-270
-285
-329
-454
-485
-522
-570
-616
-669
-738
-814
-895
-922
-1013
-1078
-1169
-1251
-1209
-1242
-1154
-1104
-687
-502
-791
-979
-685
-68
73
279
566
409
11
346
1348
1644
1225
1054
1359
1562
1668
1938
2058
1625
1176
1229
1488
1571
1240
831
458
197
81
51
32
-243
-662
-935
-867
-717
-766
-999
-1107
-1083
-1089
-1025
-922
-736
-687
-692
-590
-431
-260
-156
74
253
317
298
350
537
679
727
707
703
667
674
727
778
699
591
492
476
460
452
464
334
256
122
89
70
5
145
31
-72
-250
-271
-103
-155
-97
-169
-201
-190
-194
3
51
-14
-107
-142
-25
24
70
117
34
-52
-126
-51
90
79
22
-60
-57
-37
-37
1
-37
-119
-198
-195
-155
-190
-245
-301
-314
-349
-471
-554
-563
-527
-521
-624
-666
-800
-875
-877
-857
-864
-1072
-1185
-1214
-1182
-1105
-1106
-913
-499
-459
-686
-842
-373
30
103
469
747
513
71
544
1503
1645
1313
1318
1553
1574
1546
1955
2127
1665
1185
1103
1343
1298
1062
823
489
117
-204
-238
-186
-390
-758
-1002
-1001
-974
-1087
-1131
-1074
-1017
-1075
-1116
-977
-789
-648
-487
-356
-274
-286
-172
121
414
556
509
528
598
661
715
820
881
778
671
673
716
646
616
593
589
443
217
167
192
256
117
31
-41
-236
-297
-183
-43
-141
-369
-370
-311
-265
-190
-122
-76
-198
-233
-103
-25
18
-15
19
38
-17
29
71
110
67
52
103
75
22
-28
-2
27
-47
-142
-220
-257
-274
-246
-207
-280
-432
-512
-445
-427
-515
-601
-669
-682
-756
-734
-752
-824
-954
-1064
-1027
-1034
-1113
-1224
-1206
-1155
-1132
-836
-346
-305
-697
-792
-220
156
257
664
949
613
205
761
1601
1635
1395
1556
1724
1542
1484
1933
2106
1680
1274
1180
1211
1018
868
796
508
40
-336
-426
-485
-653
-833
-951
-1007
-1126
-1240
-1187
-1039
-950
-991
-953
-843
-723
-593
-366
-123
-24
-31
53
293
504
647
754
830
849
790
774
844
879
827
735
694
631
480
456
443
400
302
138
147
10
-11
-19
-54
-71
-273
-283
-247
-212
-194
-237
-154
-130
-177
-99
-27
49
40
38
117
128
152
165
203
218
156
140
146
139
74
36
40
-10
-78
-133
-149
-187
-231
-293
-347
-396
-475
-475
-432
-404
-500
-595
-594
-566
-593
-624
-644
-671
-785
-816
-775
-821
-896
-1057
-1048
-1042
-1121
-1134
-1177
-973
-645
-366
-319
-561
-532
-238
54
450
743
789
522
458
940
1303
1422
1417
1474
1561
1542
1570
1669
1726
1634
1346
1134
1021
873
698
519
399
140
-216
-486
-660
-762
-838
-871
-872
-952
-1062
-1105
-1024
-857
-834
-830
-783
-634
-418
-273
-129
-17
95
213
347
514
628
641
675
764
869
842
736
668
646
674
634
583
472
365
289
258
233
143
55
-4
-8
-23
-83
-82
-98
-113
-142
-156
-124
-98
-66
-11
46
70
69
101
154
168
160
191
211
215
208
208
195
138
90
59
38
-4
-84
-137
-144
-168
-196
-238
-272
-313
-369
-355
-378
-442
-516
-531
-474
-481
-558
-634
-617
-593
-597
-594
-617
-692
-767
-780
-745
-791
-898
-1032
-1076
-1054
-1048
-1047
-915
-644
-420
-368
-462
-453
-344
-140
133
342
498
500
574
731
898
992
1016
1163
1383
1508
1531
1493
1422
1281
1131
1082
1051
997
851
640
431
229
64
-90
-229
-380
-496
-522
-525
-575
-666
-692
-646
-625
-659
-673
-624
-503
-383
-250
-181
-178
-158
-71
93
199
236
256
298
398
501
552
496
371
319
385
462
488
420
332
323
311
333
257
182
168
150
165
113
84
66
14
22
-25
-57
-74
-50
40
67
60
35
19
48
34
10
-23
-14
46
41
27
-2
-72
-121
-112
-40
-38
-110
-112
-112
-126
-189
-184
-187
-222
-199
-181
-133
-195
-241
-260
-249
-141
-90
-69
-135
-196
-186
-196
-238
-240
-376
-361
-261
-235
-337
-549
-542
-541
-575
-577
-563
-546
-569
-560
-594
-621
-663
-677
-547
-408
-270
-278
-227
-104
-50
-38
-9
163
317
424
496
606
716
766
802
820
849
905
979
1007
973
860
804
763
681
538
407
330
233
132
22
-69
-153
-274
-407
-517
-592
-616
-617
-606
-616
-647
-659
-601
-526
-495
-475
-448
-367
-266
-159
-75
-14
35
68
113
163
215
274
324
380
414
397
387
355
346
335
335
327
314
340
370
367
311
249
251
299
361
370
321
275
232
237
237
205
148
104
107
136
153
71
4
-1
20
6
-44
-91
-113
-108
-118
-110
-135
-168
-229
-210
-115
-109
-159
-174
-30
22
-23
1
-16
-23
-106
-62
24
81
40
-116
-193
-290
-331
-352
-359
-258
-195
-352
-473
-635
-688
-669
-627
-494
-419
-409
-531
-707
-801
-736
-585
-494
-397
-327
-286
-239
-161
-8
133
209
272
391
542
601
648
671
709
766
858
871
793
741
736
803
829
808
735
607
414
248
108
29
-60
-185
-335
-462
-559
-683
-785
-841
-813
-764
-759
-765
-761
-699
-579
-446
-344
-269
-184
-58
67
156
229
300
423
558
665
711
676
655
665
711
741
724
651
571
487
425
419
410
366
260
192
164
136
68
-3
-21
-37
-38
-46
-73
-140
-177
-155
-121
-99
-108
-121
-118
-103
-96
-109
-113
-101
-75
-43
-59
-71
-95
-98
-102
-96
-89
-98
-100
-103
-90
-97
-98
-89
-96
-109
-104
-141
-145
-127
-174
-188
-229
-251
-302
-332
-339
-374
-392
-440
-394
-430
-490
-543
-621
-598
-579
-558
-603
-660
-686
-711
-690
-707
-713
-720
-661
-470
-198
89
215
252
330
467
604
664
779
941
1035
1089
1155
1211
1189
1097
1107
1161
1135
981
778
619
451
300
130
-83
-327
-560
-706
-805
-958
-1098
-1178
-1230
-1264
-1275
-1219
-1123
-1040
-910
-724
-498
-368
-281
-144
34
238
407
558
683
807
961
1108
1207
1223
1243
1260
1230
1157
1045
960
856
759
656
559
457
334
237
139
64
-17
-121
-193
-237
-257
-264
-299
-318
-338
-344
-317
-293
-238
-198
-161
-127
-95
-43
-5
42
50
29
17
7
-4
-17
-35
-52
-89
-124
-139
-156
-166
-208
-219
-227
-236
-265
-311
-316
-333
-337
-323
-336
-340
-366
-365
-376
-429
-426
-423
-409
-448
-475
-502
-577
-632
-700
-710
-801
-901
-999
-1031
-1029
-1082
-1070
-1068
-739
-350
28
76
131
443
622
789
840
1195
1333
1270
1317
1517
1751
1615
1571
1704
1787
1562
1198
1098
1000
713
318
73
-111
-357
-571
-792
-982
-1227
-1303
-1412
-1514
-1582
-1509
-1291
-1183
-1007
-795
-447
-257
-104
111
378
551
633
875
1101
1288
1371
1502
1615
1602
1539
1441
1386
1233
1066
917
735
560
344
221
10
-217
-390
-452
-543
-714
-767
-719
-640
-672
-569
-458
-374
-342
-262
-71
-13
14
69
219
329
361
435
517
514
454
435
413
296
149
41
-46
-187
-295
-374
-460
-596
-722
-743
-797
-887
-962
-914
-852
-823
-764
-669
-587
-561
-506
-395
-323
-326
-281
-193
-127
-111
-86
-69
-109
-160
-243
-325
-469
-644
-756
-917
-1007
-1156
-1266
-1304
-1374
-1216
-854
-476
-329
-333
7
425
484
607
885
1276
1150
1040
1464
1789
1713
1434
1690
1991
1812
1420
1409
1423
1024
501
314
298
-129
-506
-672
-717
-932
-1194
-1220
-1327
-1433
-1448
-1321
-1163
-1008
-751
-458
-186
125
474
622
669
782
1053
1191
1068
1147
1356
1460
1325
1302
1454
1312
986
749
678
424
24
-210
-280
-420
-677
-753
-773
-759
-881
-891
-793
-769
-648
-604
-374
-190
49
265
344
504
656
755
680
704
804
845
758
759
866
774
564
346
296
124
-184
-395
-532
-655
-901
-1002
-1024
-1073
-1149
-1162
-1032
-1007
-1013
-971
-825
-688
-569
-412
-265
-95
58
211
258
294
330
367
339
241
227
112
1
-145
-193
-303
-552
-771
-955
-1085
-1326
-1490
-1606
-1656
-1759
-1382
-876
-601
-497
-263
482
532
621
917
1322
1310
932
1424
1799
1756
1433
1724
2144
1899
1482
1434
1512
955
461
205
158
-342
-767
-779
-919
-1079
-1357
-1253
-1354
-1488
-1397
-1288
-1161
-1068
-712
-454
-153
252
724
893
931
1214
1342
1291
1051
1221
1352
1171
1030
1073
1255
925
654
563
449
1
-452
-531
-685
-944
-1198
-1099
-1049
-1094
-1076
-911
-730
-673
-520
-358
-175
4
220
425
610
806
986
1066
1102
1148
1138
1018
870
819
745
551
368
301
162
-116
-354
-458
-652
-927
-1110
-1145
-1206
-1330
-1334
-1238
-1132
-1069
-923
-740
-614
-488
-300
-103
42
159
321
450
522
577
609
573
496
443
340
175
18
-110
-264
-481
-624
-713
-997
-1208
-1413
-1508
-1651
-1909
-1816
-1918
-1689
-1200
-818
-429
-353
374
765
809
1180
1487
1775
1352
1508
1965
1890
1545
1527
2005
1938
1518
1378
1554
1140
576
208
39
-389
-998
-1062
-1234
-1395
-1579
-1476
-1395
-1499
-1337
-1185
-1100
-1008
-637
-386
-238
97
626
921
928
1231
1488
1507
1293
1301
1432
1140
889
818
889
652
323
305
192
-81
-424
-538
-695
-1002
-1219
-1241
-1253
-1317
-1205
-1036
-726
-529
-297
-56
115
454
516
692
876
1050
1168
1085
1279
1324
1238
1098
1039
1051
805
521
362
222
-53
-334
-491
-602
-826
-1003
-1050
-1067
-1114
-1167
-1107
-1021
-897
-773
-674
-526
-344
-142
-2
173
389
532
600
652
741
707
576
429
395
299
88
-22
-181
-298
-541
-712
-810
-1025
-1203
-1391
-1564
-1691
-1846
-1890
-1888
-1871
-1784
-1458
-814
-474
-183
101
813
1051
1092
1572
1848
1950
1462
1846
2067
1820
1486
1503
1846
1480
1282
1235
1267
761
330
97
-168
-648
-1105
-1220
-1476
-1544
-1599
-1453
-1443
-1319
-1015
-907
-790
-536
-191
-100
49
505
889
951
1028
1397
1556
1456
1392
1426
1337
974
859
749
598
267
63
26
-161
-309
-551
-670
-848
-943
-1035
-1090
-1099
-1043
-1002
-844
-547
-332
-61
8
473
674
825
989
1075
1296
1084
1185
1166
1088
978
882
899
721
552
423
297
45
-180
-412
-624
-861
-1018
-1081
-1173
-1174
-1108
-1016
-938
-831
-656
-562
-461
-332
-169
-31
65
231
349
454
513
615
622
574
494
409
284
49
-87
-291
-424
-592
-735
-845
-1016
-1111
-1249
-1365
-1482
-1553
-1607
-1640
-1672
-1585
-1532
-1393
-767
-413
-38
149
751
1372
1237
1695
1951
2211
1793
1650
2129
1816
1433
1185
1540
1439
1054
1031
1145
852
378
184
-69
-480
-1051
-1199
-1467
-1691
-1715
-1654
-1537
-1497
-1083
-793
-710
-476
-128
90
97
349
696
778
739
1014
1276
1226
1201
1269
1345
1070
954
887
648
364
69
39
-201
-366
-493
-630
-735
-828
-799
-911
-937
-932
-704
-719
-631
-389
-258
51
53
539
671
713
948
959
1175
934
957
914
755
705
570
510
327
219
126
-31
-209
-319
-477
-630
-751
-831
-921
-1044
-992
-893
-786
-702
-553
-307
-182
-60
71
224
306
309
407
431
437
391
401
402
346
288
136
56
-93
-225
-423
-641
-749
-963
-1122
-1228
-1349
-1395
-1560
-1543
-1519
-1526
-1486
-1482
-1308
-1141
-639
-356
-68
185
696
1181
1197
1640
1861
2056
1734
1754
2012
1700
1359
1200
1436
1212
959
923
994
694
372
265
18
-380
-863
-1021
-1328
-1572
-1646
-1639
-1596
-1532
-1195
-951
-800
-491
-113
104
170
477
783
809
754
963
1187
1088
1059
1121
1209
1043
967
993
831
615
352
230
-43
-278
-485
-677
-802
-901
-900
-955
-954
-888
-809
-704
-588
-454
-314
-225
17
194
330
489
652
848
853
904
953
898
806
739
640
480
291
189
92
-93
-194
-306
-410
-522
-554
-590
-698
-767
-769
-738
-766
-737
-650
-543
-416
-251
-84
37
147
264
361
387
376
360
304
252
192
123
9
-118
-132
-252
-367
-494
-625
-677
-926
-1008
-1101
-1278
-1303
-1473
-1373
-1349
-1392
-1171
-1175
-961
-910
-679
-137
2
334
551
998
1300
1327
1723
1904
1914
1731
1755
1834
1580
1273
1238
1216
1002
807
695
673
364
144
-43
-309
-594
-905
-1102
-1332
-1479
-1534
-1554
-1525
-1290
-1062
-869
-632
-256
140
243
459
769
920
909
898
1104
1133
1008
1042
1132
1145
996
952
935
755
563
375
195
-44
-296
-501
-699
-826
-886
-967
-1020
-923
-807
-722
-684
-485
-246
-206
-83
60
301
324
329
583
693
728
700
829
948
810
711
667
560
407
207
90
-33
-220
-349
-452
-508
-559
-641
-677
-635
-587
-595
-637
-560
-449
-403
-367
-265
-101
-35
36
175
302
340
328
378
412
325
210
110
65
-71
-220
-293
-384
-446
-607
-684
-770
-916
-996
-1107
-1103
-1171
-1240
-1227
-1232
-1160
-1116
-1034
-899
-645
-326
-50
163
469
823
1026
1257
1496
1702
1655
1547
1630
1616
1401
1148
1099
1058
853
670
645
561
318
95
-67
-255
-605
-884
-1114
-1328
-1480
-1609
-1554
-1483
-1304
-1090
-894
-566
-252
24
195
430
692
803
816
900
1053
1069
1045
1104
1217
1188
1099
1076
1013
865
648
490
306
61
-212
-460
-613
-753
-857
-976
-944
-850
-774
-625
-525
-267
-205
-100
64
180
313
287
424
517
586
634
713
810
809
778
769
719
588
436
266
109
-70
-202
-344
-483
-566
-619
-645
-661
-645
-615
-613
-548
-474
-433
-407
-353
-246
-192
-116
2
116
172
225
330
388
375
326
303
272
110
-23
-151
-279
-432
-608
-675
-814
-908
-991
-1025
-1058
-1111
-1131
-1111
-1122
-1141
-1081
-1052
-920
-721
-434
-127
87
436
762
1030
1301
1482
1699
1681
1640
1663
1542
1364
1129
1036
936
761
629
574
449
280
88
-53
-256
-583
-808
-1068
-1239
-1444
-1558
-1559
-1527
-1361
-1156
-900
-622
-301
-28
231
455
700
838
884
993
1062
1111
1087
1107
1150
1119
1085
1053
997
858
667
501
329
90
-163
-398
-590
-744
-870
-916
-935
-888
-773
-627
-452
-312
-137
-11
93
214
285
358
403
466
545
585
624
696
734
757
730
692
647
515
372
189
4
-176
-340
-442
-543
-648
-699
-689
-656
-620
-567
-516
-448
-362
-305
-255
-197
-135
-77
-16
68
158
213
275
344
389
390
362
306
203
45
-127
-292
-478
-623
-764
-862
-930
-1009
-1027
-1022
-1037
-1030
-1046
-1010
-1004
-1031
-956
-928
-837
-675
-473
-185
46
333
669
919
1240
1427
1569
1668
1609
1601
1448
1277
1084
881
754
612
480
396
289
198
82
-86
-227
-489
-693
-903
-1111
-1276
-1440
-1471
-1467
-1356
-1181
-948
-660
-355
-68
202
455
622
787
869
955
989
972
1005
998
1011
986
969
955
884
808
698
549
370
164
-36
-263
-463
-609
-703
-753
-776
-696
-608
-493
-363
-230
-95
-20
85
149
168
196
230
280
292
321
408
457
480
512
535
516
427
325
211
49
-128
-305
-442
-545
-661
-706
-705
-677
-629
-566
-475
-386
-283
-226
-193
-162
-138
-122
-108
-59
-15
44
110
212
288
324
336
317
284
154
5
-173
-335
-502
-687
-803
-920
-991
-1058
-1047
-990
-1001
-943
-916
-849
-822
-819
-748
-711
-514
-348
-133
118
394
738
962
1261
1505
1678
1691
1652
1654
1513
1312
1108
970
818
631
505
454
363
232
117
14
-148
-383
-596
-827
-1045
-1243
-1366
-1425
-1438
-1355
-1188
-950
-661
-335
-39
237
511
723
850
919
994
1026
980
946
938
927
866
821
836
814
739
633
530
366
172
-12
-188
-388
-548
-662
-747
-773
-772
-659
-572
-447
-305
-173
-28
52
149
192
202
221
238
251
279
323
378
416
451
492
486
420
314
219
75
-86
-248
-397
-526
-639
-684
-697
-673
-619
-543
-446
-347
-258
-187
-130
-78
-47
-20
-28
-26
-5
29
104
148
203
222
241
236
203
111
-16
-148
-321
-474
-668
-790
-924
-1004
-1033
-1079
-1054
-1068
-1018
-979
-936
-854
-822
-692
-511
-339
-157
21
362
648
873
1144
1393
1570
1572
1601
1628
1495
1264
1085
970
807
585
477
438
316
190
92
-8
-196
-408
-580
-774
-985
-1183
-1308
-1361
-1372
-1291
-1154
-956
-669
-365
-77
190
472
726
854
935
1029
1039
967
894
879
852
748
709
719
709
641
573
523
396
231
94
-74
-264
-422
-564
-619
-695
-681
-630
-581
-458
-354
-202
-105
-14
101
152
191
216
251
272
235
242
256
260
266
249
261
222
170
116
21
-86
-222
-337
-458
-559
-617
-664
-666
-638
-568
-482
-394
-293
-196
-121
-70
-22
6
18
30
68
105
137
165
215
249
259
266
233
179
87
-5
-120
-279
-429
-582
-694
-820
-932
-969
-1028
-1026
-1026
-986
-913
-901
-809
-671
-460
-308
-161
78
368
608
785
1055
1291
1396
1414
1513
1566
1431
1254
1177
1117
913
737
661
598
450
322
243
113
-79
-271
-418
-617
-826
-1011
-1151
-1232
-1245
-1191
-1114
-968
-727
-467
-219
23
295
504
621
734
842
860
772
750
757
705
603
582
606
574
521
514
493
389
287
182
71
-86
-225
-344
-430
-516
-573
-566
-555
-463
-410
-300
-187
-101
24
94
163
216
244
269
284
299
299
290
307
321
304
275
241
209
139
38
-46
-158
-270
-365
-417
-471
-520
-513
-490
-436
-398
-335
-253
-204
-143
-98
-85
-68
-31
-18
14
44
83
108
109
157
176
161
122
91
45
-74
-193
-315
-452
-567
-701
-804
-883
-962
-992
-1001
-992
-961
-922
-743
-551
-401
-215
-7
292
437
637
914
1062
1131
1139
1280
1304
1144
1076
1098
1040
896
789
771
673
493
412
312
158
-61
-228
-382
-603
-789
-937
-1044
-1121
-1134
-1088
-1004
-875
-685
-491
-310
-64
170
323
412
512
609
569
530
553
560
498
432
486
504
460
426
451
425
339
250
163
71
-104
-187
-295
-376
-420
-481
-453
-459
-390
-332
-293
-188
-107
-40
16
79
138
157
179
228
253
253
239
273
296
251
219
222
199
136
68
8
-73
-174
-246
-301
-356
-396
-406
-388
-364
-337
-306
-282
-231
-195
-177
-156
-143
-98
-82
-41
16
59
79
96
145
168
168
146
117
62
-4
-94
-190
-295
-418
-505
-594
-668
-729
-794
-830
-836
-840
-820
-816
-738
-562
-442
-299
-147
103
309
401
637
820
927
948
1025
1180
1102
1010
1024
1039
943
773
757
747
574
450
388
281
99
-101
-205
-382
-585
-719
-838
-914
-974
-952
-886
-817
-660
-461
-319
-144
64
231
319
368
484
502
425
412
431
418
350
374
453
451
435
473
522
485
400
350
272
144
29
-63
-161
-281
-333
-349
-368
-347
-289
-216
-152
-70
22
83
124
168
189
202
217
221
229
219
218
242
271
265
267
265
217
161
97
27
-72
-152
-205
-272
-340
-387
-365
-350
-344
-335
-312
-267
-239
-206
-190
-182
-157
-111
-50
-14
22
56
80
124
147
145
124
111
92
34
-35
-124
-191
-294
-386
-468
-559
-629
-710
-739
-752
-778
-769
-728
-680
-617
-480
-345
-227
-97
82
258
355
513
669
778
834
908
1015
1013
981
984
1012
949
848
805
752
641
506
406
286
126
-27
-156
-294
-441
-576
-665
-737
-782
-777
-745
-682
-562
-417
-300
-180
-34
109
195
240
313
355
343
342
368
382
355
365
415
432
418
431
450
404
335
273
201
95
-40
-137
-223
-313
-379
-409
-394
-383
-336
-263
-197
-139
-63
13
55
92
120
146
160
174
191
203
196
211
215
210
208
192
182
130
77
19
-50
-129
-220
-289
-348
-381
-394
-406
-411
-393
-366
-336
-314
-274
-230
-202
-173
-151
-128
-113
-94
-65
-38
-26
-32
-17
-2
-9
-49
-81
-126
-183
-256
-329
-373
-459
-504
-553
-608
-633
-667
-653
-654
-604
-552
-510
-424
-338
-186
-94
24
143
269
394
470
617
715
789
824
885
945
905
880
873
855
769
672
608
515
382
267
161
38
-119
-253
-337
-449
-543
-604
-621
-631
-621
-573
-516
-423
-333
-215
-117
-18
88
151
217
255
319
358
371
422
447
481
482
526
540
507
492
455
426
315
227
145
34
-69
-174
-228
-300
-361
-363
-345
-337
-307
-254
-203
-163
-119
-71
-22
9
32
47
41
58
70
72
80
85
104
108
97
92
76
33
-26
-78
-134
-207
-261
-299
-346
-389
-411
-396
-377
-358
-315
-260
-212
-172
-131
-100
-76
-49
-32
-17
-2
15
44
59
61
61
39
18
-6
-48
-94
-156
-213
-278
-347
-400
-437
-463
-489
-491
-479
-443
-401
-346
-278
-203
-116
-55
30
101
166
246
324
411
480
549
622
694
758
816
860
873
866
833
780
702
605
491
370
238
110
10
-83
-164
-221
-273
-308
-333
-351
-347
-333
-333
-308
-269
-247
-220
-180
-113
-67
-14
50
124
194
249
310
336
372
372
357
348
304
273
225
173
114
43
-21
-79
-135
-182
-207
-227
-228
-230
-230
-223
-215
-198
-193
-171
-145
-103
-60
-30
6
44
73
93
110
111
124
117
96
73
48
21
-20
-50
-91
-129
-170
-214
-255
-295
-321
-355
-369
-376
-375
-367
-354
-320
-281
-232
-180
-121
-65
-23
7
44
78
111
133
157
169
154
150
127
105
76
39
12
-25
-52
-87
-113
-132
-160
-191
-199
-188
-186
-175
-148
-116
-83
-49
-12
21
59
89
140
190
243
289
318
370
396
421
448
458
475
481
480
460
426
397
351
300
253
196
149
99
49
-5
-42
-66
-98
-124
-149
-167
-166
-155
-146
-127
-108
-95
-78
-62
-43
-13
15
44
82
112
150
169
178
187
184
171
155
136
102
63
27
-8
-40
-81
-125
-138
-154
-168
-176
-187
-179
-169
-148
-129
-122
-99
-96
-83
-55
-25
-6
-1
1
9
6
-5
0
-3
0
-10
-14
-30
-61
-87
-120
-142
-169
-196
-213
-238
-256
-272
-288
-285
-287
-291
-268
-245
-218
-197
-175
-133
-98
-65
-40
-24
2
13
23
45
57
70
71
73
68
58
50
35
9
-16
-28
-46
-55
-63
-66
-71
-74
-66
-57
-39
-17
7
28
43
71
89
116
134
160
199
232
274
303
338
351
368
379
387
396
390
381
363
339
304
265
222
173
135
89
37
-1
-31
-65
-86
-110
-117
-126
-140
-143
-155
-160
-160
-141
-129
-126
-99
-76
-53
-27
8
37
56
76
90
104
99
104
86
73
65
49
34
2
-17
-51
-71
-88
-105
-121
-134
-128
-117
-113
-112
-107
-91
-74
-62
-50
-38
-34
-34
-25
-30
-35
-41
-67
-83
-94
-104
-116
-136
-151
-159
-175
-192
-219
-239
-259
-281
-287
-301
-302
-308
-304
-298
-279
-247
-223
-195
-150
-111
-71
-34
5
53
79
111
143
175
186
199
208
213
213
208
210
198
181
156
132
110
78
52
28
7
-16
-22
-34
-41
-46
-39
-21
-19
7
36
74
101
132
176
208
241
269
292
308
332
356
365
361
356
354
330
313
276
250
202
151
115
62
29
-6
-36
-77
-118
-142
-163
-192
-216
-226
-236
-245
-248
-237
-229
-216
-200
-178
-157
-127
-104
-86
-68
-56
-36
-14
-7
-2
-6
-10
-19
-24
-29
-43
-50
-68
-73
-82
-93
-98
-108
-111
-109
-107
-108
-100
-94
-82
-62
-38
-9
7
30
62
76
87
98
95
90
78
77
62
44
23
-7
-31
-50
-68
-96
-127
-141
-147
-170
-189
-203
-205
-199
-199
-194
-171
-146
-120
-86
-44
3
39
78
106
132
153
173
184
192
203
202
203
189
190
182
165
149
129
113
81
63
34
14
-8
-33
-52
-80
-102
-122
-122
-121
-118
-114
-103
-84
-69
-40
-14
24
57
92
129
159
181
191
192
181
178
159
144
113
80
55
19
-3
-24
-45
-76
-106
-121
-136
-159
-169
-181
-194
-214
-220
-219
-222
-213
-200
-178
-154
-131
-94
-68
-31
-15
7
35
43
47
39
35
24
19
3
-17
-26
-35
-42
-40
-38
-42
-43
-42
-39
-47
-54
-47
-42
-48
-44
-27
-18
-3
6
28
44
63
91
114
129
135
146
153
144
130
122
120
104
87
59
34
17
-5
-26
-46
-56
-82
-89
-97
-102
-101
-97
-75
-59
-48
-27
-4
21
55
82
104
139
169
186
201
209
223
218
217
218
203
186
169
151
127
101
82
60
23
-3
-25
-38
-63
-82
-95
-96
-100
-112
-110
-122
-119
-118
-112
-97
-85
-53
-21
8
28
56
79
99
116
120
125
121
114
88
64
36
12
-20
-50
-67
-102
-126
-149
-161
-177
-188
-182
-181
-189
-208
-213
-215
-207
-198
-183
-162
-147
-126
-97
-75
-48
-20
4
23
39
55
60
60
57
53
57
48
40
27
15
14
5
12
11
14
21
25
27
21
31
35
39
42
55
70
78
86
90
107
127
141
155
159
162
168
165
161
150
135
110
81
52
25
7
-19
-33
-46
-62
-66
-70
-75
-76
-78
-76
-75
-72
-69
-59
-50
-40
-20
2
25
48
74
96
108
122
123
131
139
134
133
129
128
123
101
80
61
51
30
4
-16
-39
-50
-72
-85
-91
-95
-101
-106
-95
-82
-69
-54
-43
-20
6
29
54
73
99
116
132
144
156
163
163
161
150
123
96
67
37
9
-14
-38
-63
-83
-99
-109
-123
-140
-149
-163
-167
-172
-169
-160
-156
-150
-140
-131
-111
-88
-72
-56
-50
-45
-28
-15
-2
4
5
8
1
1
-4
-9
-12
-16
-18
-16
-25
-31
-34
-44
-44
-45
-45
-37
-22
-19
-12
2
9
27
32
48
65
70
83
84
89
94
85
81
68
54
33
4
-28
-51
-72
-100
-111
-128
-148
-155
-161
-162
-160
-157
-148
-139
-119
-101
-70
-39
-10
23
54
78
106
121
134
142
146
150
155
164
159
162
159
146
142
136
122
105
86
68
52
29
9
-1
-13
-31
-46
-50
-53
-56
-54
-58
-45
-48
-46
-40
-29
-5
11
30
50
66
90
105
106
122
118
114
106
97
91
73
51
37
23
6
-6
-16
-28
-49
-55
-64
-73
-83
-84
-81
-80
-73
-64
-37
-24
-11
3
8
16
20
18
21
17
11
9
6
2
-1
-5
-4
-5
-17
-26
-30
-41
-45
-45
-51
-48
-49
-47
-43
-39
-38
-30
-19
-12
-5
-1
1
5
7
6
17
26
25
30
32
37
34
30
26
18
14
-5
-17
-27
-47
-57
-74
-83
-87
-100
-98
-102
-108
-110
-116
-111
-108
-97
-88
-75
-57
-43
-27
-10
10
24
31
45
60
57
62
68
68
64
54
49
39
30
15
7
2
-8
-20
-30
-40
-42
-48
-50
-56
-58
-59
-55
-41
-33
-16
-8
1
21
33
42
44
60
77
87
100
108
116
119
118
112
109
102
99
95
84
69
45
26
3
-18
-35
-47
-61
-70
-76
-78
-70
-66
-63
-56
-48
-38
-25
-16
-11
-5
-1
3
10
16
24
38
50
56
61
68
66
58
52
44
36
26
20
16
13
9
-3
4
2
3
9
12
19
17
18
18
22
26
27
29
27
29
29
23
15
10
8
-2
-4
-14
-26
-28
-40
-51
-58
-69
-78
-87
-98
-107
-118
-128
-130
-131
-138
-141
-137
-130
-118
-95
-79
-63
-43
-25
-10
2
13
13
14
15
20
24
31
32
32
31
29
22
17
11
0
-7
-22
-35
-53
-73
-93
-109
-122
-127
-127
-127
-115
-102
-88
-73
-58
-41
-19
-1
14
28
48
64
72
74
81
89
92
94
91
92
85
76
62
50
37
29
16
8
-5
-11
-12
-15
-16
-21
-19
-22
-18
-14
-12
-11
-9
-2
0
5
11
17
26
33
43
48
55
59
57
61
59
58
61
65
67
62
59
63
66
71
72
67
64
62
56
50
48
46
45
42
49
57
54
58
69
72
70
75
76
73
71
71
65
56
45
34
22
5
-11
-26
-44
-57
-66
-80
-92
-103
-112
-114
-114
-110
-99
-88
-78
-62
-47
-35
-21
-10
-2
1
2
5
9
12
16
17
20
25
30
30
