-116
-127
-143
-157
-167
-167
-162
-152
-141
-130
-114
-85
-49
-9
26
53
82
109
139
157
167
166
162
158
152
144
121
95
61
35
6
-23
-57
-94
-129
-156
-168
-177
-183
-188
-183
-169
-143
-113
-86
-66
-45
-15
23
59
87
106
124
146
172
190
194
184
166
148
131
106
70
23
-25
-63
-92
-116
-146
-182
-215
-237
-242
-242
-241
-245
-242
-218
-169
-108
-59
-17
22
66
120
174
215
224
222
222
237
250
247
227
192
163
137
123
93
43
-23
-77
-114
-140
-165
-202
-235
-257
-252
-230
-203
-187
-176
-154
-111
-58
-8
36
68
103
150
203
250
276
281
276
273
269
252
220
173
123
78
45
13
-26
-73
-119
-151
-175
-194
-217
-239
-254
-255
-238
-210
-182
-155
-122
-79
-28
25
70
105
135
165
195
223
237
241
236
230
222
207
177
134
86
37
-10
-55
-103
-154
-196
-225
-240
-247
-252
-253
-248
-229
-202
-171
-143
-116
-82
-40
12
60
101
134
165
199
230
250
249
235
214
197
178
149
107
53
3
-38
-72
-116
-166
-224
-267
-292
-304
-310
-325
-329
-308
-256
-189
-131
-78
-38
13
76
153
207
233
244
256
292
323
346
331
302
270
253
248
218
158
73
6
-45
-73
-110
-163
-225
-274
-290
-279
-260
-267
-281
-278
-241
-183
-119
-68
-38
2
66
147
222
265
277
279
293
313
327
311
265
208
168
149
126
84
15
-54
-106
-132
-151
-180
-227
-274
-295
-286
-258
-240
-233
-229
-202
-148
-82
-24
9
37
74
135
198
246
263
263
265
278
292
282
244
183
128
90
58
17
-46
-114
-168
-194
-202
-212
-234
-261
-269
-252
-212
-178
-158
-146
-121
-70
-6
53
84
103
126
168
217
249
251
230
212
207
210
195
151
87
23
-16
-44
-81
-142
-216
-274
-304
-306
-312
-327
-356
-360
-323
-251
-181
-138
-103
-67
2
85
170
211
218
226
257
312
345
353
317
282
262
270
272
234
161
78
31
5
-14
-64
-135
-208
-249
-251
-236
-236
-267
-293
-286
-236
-171
-122
-97
-82
-42
31
121
184
207
203
212
248
287
302
272
222
178
162
164
148
95
20
-39
-68
-72
-90
-132
-190
-233
-239
-217
-193
-196
-213
-220
-189
-134
-80
-50
-42
-27
15
83
143
175
175
173
188
222
243
231
186
134
101
86
70
28
-37
-96
-129
-135
-136
-152
-184
-213
-214
-187
-151
-133
-130
-129
-103
-54
1
39
53
63
88
132
176
195
187
169
165
174
181
165
122
71
30
8
-13
-51
-109
-169
-211
-228
-233
-248
-272
-296
-294
-266
-223
-183
-157
-131
-93
-32
30
84
114
133
158
194
236
256
259
246
239
240
242
231
199
160
121
95
72
39
-9
-58
-100
-127
-142
-161
-182
-203
-208
-198
-176
-156
-139
-119
-93
-54
-13
25
50
71
93
119
143
155
156
149
145
142
136
119
95
69
48
33
15
-7
-35
-56
-71
-80
-87
-95
-105
-109
-102
-90
-77
-68
-58
-46
-25
-1
20
36
46
60
75
93
102
101
92
83
74
62
47
20
-9
-35
-50
-61
-75
-91
-106
-110
-108
-101
-95
-94
-90
-79
-60
-39
-18
-4
12
30
54
78
96
106
109
117
123
129
125
112
94
77
64
49
26
-6
-40
-69
-92
-115
-140
-169
-193
-208
-212
-210
-206
-201
-194
-171
-143
-107
-75
-45
-15
18
54
87
114
134
147
161
178
190
196
192
180
169
161
150
135
110
79
48
22
-3
-27
-54
-82
-104
-121
-127
-130
-132
-135
-131
-118
-99
-76
-58
-41
-24
-3
23
47
64
72
76
82
92
101
100
90
76
66
60
56
44
25
5
-8
-13
-14
-19
-30
-41
-45
-38
-29
-24
-23
-24
-18
-4
17
30
39
41
48
59
73
81
77
67
54
51
48
36
14
-14
-38
-53
-62
-75
-94
-114
-126
-124
-116
-109
-106
-105
-99
-78
-54
-33
-16
-3
16
42
74
101
115
124
133
149
165
174
166
151
135
124
115
97
67
29
-6
-32
-52
-78
-111
-149
-179
-193
-197
-202
-214
-224
-225
-209
-186
-161
-144
-129
-105
-70
-27
12
43
65
89
118
150
174
187
190
192
198
205
205
192
170
148
133
120
101
73
35
2
-21
-39
-56
-80
-106
-126
-134
-133
-131
-134
-137
-137
-126
-110
-95
-84
-76
-67
-51
-29
-10
2
9
16
25
39
50
55
53
52
53
59
62
61
56
52
50
53
54
52
48
44
43
45
48
48
45
40
39
38
38
35
29
21
12
7
0
-10
-22
-36
-48
-60
-70
-79
-91
-100
-106
-109
-112
-110
-106
-103
-95
-82
-68
-53
-35
-17
3
23
43
63
81
99
114
131
144
155
160
160
156
150
140
128
111
89
63
37
9
-21
-52
-80
-110
-139
-162
-182
-200
-214
-225
-230
-230
-225
-214
-199
-179
-153
-126
-94
-57
-16
23
59
97
130
161
188
211
231
243
255
261
258
250
240
227
208
186
159
130
97
65
30
-5
-41
-71
-100
-127
-150
-168
-183
-193
-199
-201
-200
-193
-181
-166
-150
-128
-107
-85
-62
-40
-20
0
21
39
56
70
86
100
109
119
126
130
133
138
139
135
131
127
121
112
103
92
80
71
63
52
39
30
18
6
-6
-16
-31
-48
-63
-78
-95
-110
-123
-140
-153
-162
-167
-172
-174
-173
-170
-161
-145
-128
-112
-92
-68
-41
-13
15
43
70
97
127
156
179
201
220
236
248
257
258
252
240
223
201
170
139
100
55
11
-31
-76
-121
-162
-203
-243
-275
-298
-322
-344
-358
-363
-361
-353
-332
-310
-284
-242
-193
-143
-88
-25
35
92
155
217
264
301
340
367
381
392
402
392
371
355
330
297
266
231
182
127
83
36
-21
-74
-121
-173
-219
-248
-273
-303
-320
-324
-322
-316
-295
-269
-246
-217
-173
-135
-99
-57
-17
12
41
78
107
126
147
168
177
190
206
213
211
210
211
200
188
179
159
132
111
96
71
48
31
14
-5
-18
-23
-36
-47
-52
-61
-74
-84
-92
-106
-123
-133
-142
-155
-163
-165
-171
-174
-169
-158
-151
-139
-121
-106
-88
-64
-38
-20
4
32
57
82
115
144
167
195
220
239
254
269
276
268
259
243
217
181
147
104
51
3
-39
-90
-143
-183
-222
-263
-299
-326
-355
-385
-397
-404
-414
-411
-391
-370
-339
-283
-221
-166
-96
-4
75
147
228
306
355
392
440
469
477
484
487
464
436
423
392
345
303
261
194
123
70
2
-89
-169
-231
-308
-379
-424
-460
-497
-510
-494
-479
-451
-396
-338
-291
-225
-144
-86
-37
27
86
118
155
206
242
260
292
325
344
360
381
378
363
352
328
277
224
177
110
36
-19
-65
-121
-163
-180
-192
-195
-184
-163
-147
-123
-100
-89
-82
-71
-70
-91
-102
-103
-114
-129
-129
-121
-121
-114
-97
-79
-74
-63
-57
-61
-63
-65
-73
-87
-78
-64
-56
-32
18
75
119
180
254
315
358
402
434
434
427
407
361
299
249
181
94
30
-19
-93
-173
-208
-250
-325
-383
-417
-473
-551
-587
-622
-670
-688
-663
-645
-612
-498
-374
-273
-136
59
209
325
485
639
705
739
811
827
787
759
735
654
571
535
457
351
282
226
107
-17
-86
-190
-347
-469
-546
-659
-769
-812
-828
-849
-820
-731
-643
-533
-377
-225
-106
41
202
294
350
431
495
492
489
518
513
475
464
469
442
411
393
350
277
220
150
32
-82
-165
-269
-394
-463
-486
-518
-538
-486
-404
-333
-236
-111
-4
83
176
243
273
300
310
275
232
216
185
122
85
79
53
14
2
-8
-42
-83
-120
-171
-223
-264
-316
-363
-371
-355
-344
-301
-206
-101
-11
103
241
354
435
508
562
580
578
549
487
417
351
264
153
78
24
-59
-156
-203
-244
-335
-426
-480
-553
-661
-739
-788
-849
-885
-860
-820
-754
-583
-385
-221
-37
235
460
589
775
952
1018
989
1034
1043
931
842
784
681
536
494
418
262
151
97
-48
-245
-321
-426
-640
-829
-875
-970
-1102
-1114
-1062
-1036
-965
-761
-586
-418
-186
46
191
354
569
656
654
705
770
716
655
674
659
576
534
542
494
434
378
280
143
28
-91
-283
-450
-564
-679
-805
-841
-806
-784
-727
-594
-408
-246
-58
126
280
414
534
616
620
627
593
519
422
345
264
144
58
-5
-61
-130
-182
-241
-310
-372
-433
-487
-542
-567
-593
-587
-536
-453
-355
-243
-79
92
244
390
537
657
724
785
836
843
807
759
691
579
457
336
215
90
-42
-179
-324
-439
-558
-698
-802
-945
-1052
-1176
-1257
-1311
-1367
-1279
-1315
-1111
-795
-440
-184
112
705
924
1185
1467
1797
1735
1559
1666
1498
1285
1047
964
624
459
474
311
58
-47
-72
-507
-719
-793
-965
-1432
-1645
-1605
-1761
-1751
-1618
-1362
-1205
-836
-380
-58
330
710
946
1043
1272
1454
1390
1241
1219
1144
957
839
748
633
431
322
193
38
-78
-290
-519
-746
-829
-976
-1173
-1249
-1229
-1215
-1199
-1000
-772
-570
-409
-82
195
440
675
830
1020
1044
1196
1144
1090
1043
878
746
479
426
196
-41
-198
-340
-447
-640
-681
-770
-845
-882
-872
-867
-823
-730
-661
-552
-401
-186
-82
103
308
471
599
689
849
894
939
948
946
930
863
774
653
512
341
129
-73
-188
-341
-508
-711
-759
-819
-928
-993
-1005
-1053
-1192
-1199
-1223
-1242
-1275
-1168
-1162
-852
-317
122
355
783
1516
1635
1842
2157
2443
1990
1619
1654
1269
884
527
429
-51
-82
73
-118
-350
-329
-369
-952
-1106
-1097
-1401
-1996
-2022
-1853
-1882
-1665
-1243
-818
-518
116
646
967
1335
1601
1569
1450
1588
1563
1204
939
868
709
493
411
357
145
-63
-232
-449
-636
-813
-1097
-1406
-1481
-1398
-1418
-1394
-1169
-899
-691
-433
-61
215
358
525
650
818
950
1054
1103
1129
1305
1251
1211
1119
1011
768
364
150
-227
-556
-917
-1157
-1278
-1367
-1293
-1226
-1041
-775
-529
-344
-148
28
145
149
220
339
398
479
546
699
829
920
992
970
962
870
695
524
330
160
-94
-244
-346
-477
-570
-637
-591
-638
-629
-702
-713
-727
-755
-795
-877
-885
-956
-970
-1044
-1063
-1104
-1059
-1123
-579
123
551
585
1006
1924
1864
2106
2411
2733
1895
1297
1438
977
602
156
117
-428
-270
32
-199
-504
-421
-553
-1360
-1466
-1391
-1685
-2372
-2146
-1731
-1517
-1007
-406
81
398
1097
1526
1610
1785
1847
1478
1207
1349
1394
955
670
685
519
287
130
-34
-461
-857
-1146
-1423
-1604
-1677
-1823
-1927
-1672
-1249
-967
-725
-310
52
231
439
696
818
777
780
794
886
964
1076
1120
1100
1195
1042
958
707
523
211
-269
-475
-800
-934
-1167
-1179
-1057
-1005
-784
-596
-355
-162
-34
73
134
221
328
305
409
555
650
731
772
888
826
689
592
401
259
36
-117
-210
-285
-228
-248
-232
-197
-221
-253
-394
-469
-569
-776
-870
-985
-993
-1062
-1092
-1022
-1032
-998
-1057
-1129
-1194
-1312
-894
-133
452
671
1005
1957
2163
2312
2695
3007
2371
1375
1393
1027
572
77
-61
-461
-532
-54
-157
-473
-554
-594
-1418
-1777
-1631
-1743
-2340
-2319
-1671
-1255
-618
54
612
921
1467
1911
1885
1921
1933
1564
1127
1147
1280
939
492
338
118
-195
-496
-802
-1270
-1651
-1821
-1959
-1967
-1754
-1562
-1459
-1096
-517
-79
122
361
599
682
748
852
871
815
787
812
858
878
984
905
800
690
457
221
-174
-320
-569
-762
-794
-849
-734
-678
-417
-258
-153
29
143
197
233
286
355
375
428
537
576
694
703
678
612
485
361
119
-65
-222
-400
-469
-463
-369
-275
-211
-60
13
77
65
-109
-224
-408
-507
-642
-736
-730
-800
-692
-649
-588
-567
-670
-761
-1060
-1199
-1499
-1710
-1822
-1663
-572
320
994
1128
2128
2903
2748
3022
3202
2963
1330
831
748
286
-142
-361
-390
-671
-57
141
-239
-651
-666
-1382
-2163
-2085
-1929
-2239
-2373
-1490
-737
14
805
1369
1508
1730
2047
1885
1589
1543
1252
716
734
1024
1011
503
287
-16
-486
-847
-1267
-1761
-2248
-2272
-2215
-1999
-1502
-970
-638
-246
336
715
824
830
794
645
614
722
737
698
755
848
812
762
687
386
-11
-377
-540
-763
-818
-714
-581
-264
-6
429
592
681
700
511
406
152
29
-168
-271
-112
68
311
487
610
696
640
502
252
-77
-298
-577
-734
-704
-604
-395
-277
13
263
362
404
258
224
53
-139
-335
-490
-526
-566
-536
-516
-518
-526
-588
-802
-940
-1253
-1461
-1817
-1872
-2026
-2108
-2099
-1588
104
1103
1693
1639
2901
3207
2773
3129
3305
2693
638
627
561
224
-227
-355
-603
-873
-129
-229
-809
-1199
-1102
-2052
-2481
-1913
-1416
-1689
-1593
-472
276
1027
1540
1711
1504
1608
1743
1467
1252
1356
1061
704
966
1291
1057
271
-161
-777
-1356
-1779
-2154
-2499
-2561
-2096
-1602
-980
-246
319
493
746
1064
1142
880
661
561
481
586
768
833
745
694
594
345
-30
-395
-921
-1287
-1370
-1223
-887
-589
-156
201
647
1100
1115
1064
795
593
352
68
97
1
97
171
317
631
670
559
260
38
-52
-359
-588
-744
-707
-494
-357
-74
138
261
201
72
76
19
-178
-317
-315
-111
55
68
164
170
218
-48
-413
-684
-1015
-1184
-1529
-1493
-1476
-1424
-1434
-1477
-1332
-1536
-1580
-1900
-901
536
1438
1414
1734
3260
3181
3243
3499
3750
2114
392
387
2
-471
-1044
-1089
-1442
-910
-121
-226
-795
-780
-1053
-2087
-2111
-1547
-1343
-1749
-1031
122
964
1720
2085
1984
1707
1783
1615
1099
902
794
340
291
763
1074
547
-145
-570
-1142
-1609
-1987
-2298
-2493
-2197
-1496
-773
-10
711
992
1043
1250
1393
1149
714
491
343
276
458
642
547
338
174
-52
-437
-762
-1124
-1550
-1704
-1478
-1130
-558
43
602
1003
1420
1840
1568
1418
1148
899
521
184
302
118
129
94
89
146
14
-162
-489
-631
-620
-754
-778
-600
-350
-139
-38
143
276
204
95
-101
-93
-112
-193
-132
-36
243
242
164
106
21
-222
-606
-960
-1156
-1306
-1419
-1382
-1353
-1237
-1363
-1378
-1320
-1369
-1569
-1635
-1645
-577
1042
2132
2291
2435
3734
3425
3060
3008
2832
1213
-703
-543
-594
-825
-1110
-1000
-1045
-675
-46
-186
-908
-1107
-1366
-2028
-1755
-999
-460
-585
147
1218
1798
2114
1981
1491
970
848
802
577
581
755
523
623
935
927
160
-826
-1418
-2003
-2261
-2311
-2222
-1901
-1181
-262
467
1025
1362
1285
1029
915
820
578
334
264
313
478
687
649
237
-208
-590
-1016
-1407
-1568
-1567
-1457
-955
-305
250
723
1207
1462
1358
1424
1256
893
489
398
470
251
280
216
185
72
-102
-256
-507
-614
-722
-765
-506
-208
-46
46
198
406
288
92
-108
-268
-364
-435
-312
-109
96
250
358
524
563
240
-122
-426
-590
-879
-1141
-1238
-1194
-1078
-995
-860
-927
-964
-1357
-1574
-1772
-1953
-1900
-2071
-918
1047
2511
2749
2510
3695
3595
2746
2631
2540
1397
-741
-673
-189
-369
-576
-644
-826
-817
-276
-373
-1278
-1625
-1525
-2090
-1791
-724
122
43
404
1476
1857
1914
1712
1113
541
440
648
592
583
943
775
645
820
725
-41
-1168
-1688
-2127
-2336
-2093
-1694
-1286
-657
228
934
1194
1244
1053
694
594
612
563
473
573
693
685
655
532
-33
-764
-1289
-1549
-1715
-1769
-1610
-1054
-288
379
829
1059
1358
1066
918
890
846
676
360
579
732
831
705
374
143
-69
-423
-738
-908
-839
-811
-735
-232
192
374
304
241
291
87
-186
-521
-665
-588
-501
-275
-10
290
326
230
232
255
-50
-490
-782
-819
-854
-971
-941
-984
-927
-861
-1026
-1091
-1268
-1387
-1716
-1891
-1647
-1694
-1665
-864
1311
2767
2800
2364
3066
3198
2387
2414
2446
1544
-495
-514
7
-91
-437
-725
-1043
-1204
-512
-539
-1209
-1447
-1145
-1586
-1360
-166
654
351
450
1419
1794
1779
1582
1153
501
443
703
711
663
798
520
223
509
583
-175
-1329
-1695
-1823
-1913
-1701
-1214
-799
-446
241
918
1273
1219
940
572
572
766
754
503
434
558
391
154
-35
-357
-1058
-1603
-1666
-1406
-1311
-1062
-350
170
774
1002
1378
1324
973
1080
755
819
660
509
440
263
472
111
-296
-366
-586
-728
-845
-664
-413
-386
-75
159
349
476
339
163
7
-37
-129
-434
-424
-311
-237
-171
-98
139
70
26
40
-72
-112
-458
-679
-828
-961
-1015
-1401
-1431
-1465
-1386
-1441
-1416
-1272
-1395
-1613
-1772
-1429
-1243
293
2051
2878
2463
2499
3502
2679
2420
2709
2469
412
-816
-24
-186
-767
-1037
-1146
-1775
-1451
-781
-1076
-1686
-1177
-1018
-1338
-515
745
1065
644
1297
1879
1825
1732
1583
941
454
613
860
690
596
452
-92
-92
142
4
-948
-1634
-1695
-1683
-1477
-1156
-730
-390
31
545
1045
1321
1217
792
593
740
905
864
680
550
381
174
-147
-525
-961
-1427
-1751
-1644
-1260
-690
-438
-89
333
675
914
852
1102
914
729
551
612
666
547
524
331
203
-28
-200
-533
-646
-687
-677
-590
-349
-64
78
184
271
347
317
283
137
49
-4
-66
-141
-231
-239
-222
-278
-244
-185
-83
-69
-214
-244
-426
-615
-838
-1009
-1071
-1342
-1456
-1497
-1402
-1222
-1226
-1059
-1138
-1268
-1505
-1561
-1300
-152
1879
2887
2663
2312
3099
2633
2002
2387
2443
797
-887
-75
97
-546
-956
-978
-1812
-2029
-1049
-957
-1681
-1452
-797
-1046
-569
820
1549
954
1153
1810
1921
1770
1640
1213
622
703
926
859
674
428
-266
-519
-303
-281
-909
-1514
-1595
-1620
-1282
-836
-511
-438
-191
259
636
954
1078
858
567
635
938
999
787
480
226
-11
-285
-637
-958
-1161
-1367
-1204
-951
-524
-415
-188
120
488
902
888
810
644
819
717
725
723
607
339
66
75
-187
-385
-547
-619
-587
-399
-213
-208
-248
-89
33
84
123
155
270
349
438
397
266
91
-174
-345
-363
-353
-364
-391
-187
21
26
-101
-298
-479
-736
-961
-1153
-1274
-1379
-1266
-1233
-968
-918
-968
-1142
-1429
-1345
-1521
-1241
-1107
641
2445
2942
2331
2192
2811
1610
1623
2440
2364
228
-402
707
218
-795
-895
-1018
-2339
-2186
-1046
-791
-1460
-950
-603
-810
-263
710
996
575
976
1268
1526
1849
1911
1175
812
1079
1150
779
612
454
-328
-514
-230
-76
-823
-1453
-1554
-1429
-1083
-779
-498
-396
-191
121
571
871
842
490
364
667
1086
1203
945
599
241
-149
-458
-679
-1039
-1314
-1354
-967
-640
-240
19
23
-63
-12
280
302
379
366
549
678
799
745
479
296
-15
-271
-389
-353
-398
-415
-286
-132
-185
-199
-178
-172
-126
-77
116
316
517
557
496
418
203
-53
-178
-176
-238
-321
-274
-130
-134
-235
-352
-524
-771
-999
-1041
-1115
-1186
-1263
-1251
-1225
-1218
-1167
-1145
-1187
-1215
-1237
-1076
-945
-67
1908
2918
2589
1826
2495
2199
1259
2191
3115
1953
-347
206
807
-473
-1411
-1120
-1472
-2383
-1747
-751
-890
-1345
-1099
-1203
-854
-47
538
613
972
1624
1521
1682
1984
1587
743
645
1204
1388
1207
1085
624
78
-118
-269
-628
-1319
-1753
-1901
-1526
-849
-508
-457
-493
-422
-217
145
491
543
491
717
1101
1506
1567
1172
523
-25
-295
-435
-469
-612
-918
-1098
-921
-579
-380
-422
-518
-589
-305
183
586
777
682
694
613
698
686
441
184
-79
-78
-82
-83
-188
-424
-528
-406
-309
-254
-240
-171
-123
-155
63
191
224
126
98
277
314
302
117
-48
-176
-346
-431
-529
-550
-541
-599
-556
-587
-821
-1204
-1519
-1489
-1533
-1655
-1600
-1571
-1339
-1263
-1029
-817
-613
959
2382
2792
2035
2034
2351
1349
1805
3186
3029
683
-180
779
33
-1171
-1006
-980
-2113
-2264
-1101
-872
-1641
-1751
-1775
-1717
-694
409
753
836
1455
1650
1486
1868
1835
1061
654
1229
1861
1834
1686
1214
316
-181
-231
-313
-874
-1363
-1417
-1286
-942
-704
-654
-757
-826
-647
-247
226
525
670
853
1088
1200
1203
1038
754
487
259
200
177
84
-270
-738
-873
-791
-704
-639
-418
-282
-387
-314
-40
25
-215
-263
-23
192
359
572
638
418
135
52
-6
-170
-363
-390
-223
-73
2
26
-3
-219
-469
-503
-307
-228
-242
-90
185
381
404
425
403
200
-44
-121
-148
-231
-420
-408
-462
-583
-764
-951
-1035
-1226
-1287
-1386
-1496
-1550
-1748
-1733
-1606
-1325
-1173
-629
1437
2845
2596
1724
2214
2232
1045
1937
3700
3060
614
531
1273
-92
-1181
-523
-760
-2093
-1971
-983
-1339
-2143
-2213
-2502
-2460
-1313
-189
276
907
1430
1186
1099
1786
1740
1145
1358
2054
2286
2141
2266
1692
602
-5
-31
-123
-525
-792
-1027
-1226
-1276
-1257
-1325
-1361
-1310
-1104
-701
-61
461
646
622
698
834
985
1115
1145
1036
826
851
795
571
42
-335
-592
-683
-702
-581
-404
-512
-656
-723
-590
-671
-770
-649
-319
23
343
668
831
645
336
152
134
172
178
255
261
188
50
-73
-204
-412
-611
-635
-468
-296
-197
-144
-110
-104
-50
47
102
179
155
146
111
129
-31
-291
-441
-573
-838
-1126
-1182
-1217
-1447
-1614
-1685
-1775
-1930
-1830
-1663
-1398
143
1767
2038
1243
1738
2248
1453
1873
3820
3906
1552
918
1487
395
-970
-157
63
-1211
-1529
-730
-1099
-2140
-2211
-2616
-3034
-2432
-1145
-569
101
727
591
380
950
1387
1084
1559
2373
2781
2657
2800
2421
1385
715
598
577
365
266
-119
-582
-1072
-1322
-1698
-1903
-1886
-1661
-1212
-785
-386
-183
9
57
216
476
853
1048
1233
1336
1265
1205
837
577
335
362
284
-6
-105
-263
-368
-621
-775
-893
-974
-1075
-1009
-923
-797
-767
-574
-240
-144
-12
115
463
637
697
656
631
560
465
357
328
193
-89
-241
-357
-374
-509
-528
-550
-540
-431
-356
-304
-311
-337
-396
-313
-185
16
58
74
-64
-233
-414
-796
-1146
-1492
-1463
-1485
-1429
-1475
-1383
-1368
-1177
230
1546
1648
690
1091
1501
1067
1615
3299
3290
1356
1110
1516
417
-827
39
301
-565
-833
-481
-1165
-2122
-1913
-1966
-2087
-1887
-1235
-799
-12
460
264
116
466
661
818
1855
2563
2490
2049
2142
1813
1128
831
856
710
366
322
197
-184
-824
-1122
-1178
-1010
-1001
-863
-575
-358
-394
-512
-376
-217
-13
221
623
802
716
476
454
404
357
330
485
541
503
545
433
208
-162
-331
-554
-573
-507
-417
-441
-421
-492
-735
-866
-829
-620
-484
-207
-31
141
215
282
305
329
341
346
456
565
505
287
87
-160
-367
-486
-387
-283
-232
-176
-178
-339
-614
-810
-894
-893
-741
-499
-266
-198
-285
-553
-882
-1019
-1137
-1153
-1126
-923
-884
-1087
-356
930
1464
702
602
1275
849
701
2106
3133
1589
449
1064
748
-627
-404
757
276
-329
-130
-342
-1549
-1884
-1630
-1660
-1492
-1110
-802
-411
144
-10
-369
-148
226
237
811
1795
2140
1913
1821
1792
1290
999
1110
1282
1079
867
671
299
-306
-736
-795
-804
-816
-758
-499
-481
-639
-732
-674
-679
-670
-342
93
353
469
567
623
419
236
149
237
445
599
771
785
706
374
26
-126
-211
-315
-343
-190
-95
-258
-547
-741
-821
-826
-726
-416
-108
-64
-198
-239
-225
-329
-370
-160
191
473
667
756
598
223
-177
-378
-427
-427
-334
-123
-26
-183
-363
-523
-763
-1024
-1036
-844
-772
-766
-826
-942
-1146
-1177
-1103
-1057
-1070
-822
-677
-363
668
1496
1383
636
1111
1123
690
1170
2483
2301
870
1068
1213
125
-831
8
245
-411
-313
176
-324
-1256
-1209
-1181
-1299
-1333
-933
-523
-217
-89
-145
33
114
35
187
895
1314
1363
1460
1718
1525
1069
1055
1275
1351
1099
1108
1012
563
-48
-246
-237
-502
-625
-423
-185
-320
-444
-518
-765
-974
-848
-539
-284
-69
61
56
207
389
349
248
360
496
470
641
878
753
379
185
161
-22
-134
-92
-73
-147
-262
-382
-610
-796
-922
-933
-811
-607
-469
-370
-221
-169
-288
-402
-328
-219
-184
-54
147
229
161
113
122
57
-24
-18
29
40
-36
-149
-293
-432
-568
-750
-883
-923
-967
-1063
-1108
-1045
-1089
-1253
-1216
-1135
-772
-119
495
556
421
880
911
876
1171
1833
1525
892
1229
1409
1004
400
706
588
142
-45
116
-138
-830
-967
-839
-788
-1130
-1038
-750
-708
-807
-623
-223
-295
-387
-116
384
546
630
934
1225
1145
1026
1189
1345
1217
1013
1109
1161
1031
849
868
785
369
20
-46
5
-213
-317
-214
-191
-433
-509
-379
-418
-668
-742
-527
-423
-319
-260
-77
-111
-106
-38
58
94
53
206
315
455
419
394
243
144
91
73
81
35
5
-65
-64
-138
-266
-413
-469
-528
-510
-415
-333
-376
-432
-440
-443
-447
-413
-348
-330
-248
-156
-37
17
39
21
-14
-13
-4
32
47
35
-6
-69
-200
-400
-572
-706
-829
-919
-957
-955
-982
-737
-539
-482
-673
-669
-512
-414
-72
235
567
522
705
832
947
921
819
888
853
984
899
1021
884
600
377
309
238
-62
-78
-99
-157
-271
-206
-198
-314
-311
-267
-197
-209
-67
110
210
124
114
280
402
424
442
546
464
439
498
648
580
379
329
414
538
424
380
321
262
190
288
407
305
149
3
26
-23
-102
-248
-253
-159
-151
-161
-206
-284
-479
-507
-417
-347
-366
-314
-167
-68
-19
4
-17
-121
-210
-157
-17
65
106
110
99
12
-98
-199
-270
-278
-223
-153
-130
-149
-193
-239
-297
-348
-357
-318
-225
-156
-124
-184
-290
-352
-395
-448
-519
-477
-436
-423
-463
-495
-630
-785
-771
-685
-496
-459
-386
-440
-347
-289
-237
-88
20
177
148
415
549
703
639
660
789
813
889
887
1110
984
810
712
717
503
191
178
123
14
-157
-158
-245
-405
-549
-612
-580
-643
-628
-453
-227
-235
-225
-52
73
75
174
404
469
546
689
889
874
769
694
693
734
713
766
742
683
549
513
391
175
19
-35
21
64
167
92
-78
-265
-365
-447
-509
-488
-498
-452
-370
-286
-349
-447
-521
-596
-569
-400
-215
-139
-44
89
138
118
126
155
164
214
313
380
353
238
109
-7
-83
-122
-143
-182
-232
-294
-365
-441
-468
-505
-535
-503
-461
-453
-497
-498
-584
-667
-726
-672
-637
-636
-639
-638
-640
-694
-510
-364
-332
-464
-268
-44
62
236
427
538
383
563
695
820
731
738
838
870
922
812
851
627
466
407
441
285
52
59
-40
-122
-225
-236
-348
-429
-433
-450
-413
-457
-460
-360
-152
-96
-58
90
196
170
211
367
400
442
575
818
886
893
857
854
834
743
691
618
651
602
608
578
485
213
-62
-115
-155
-241
-329
-251
-301
-411
-437
-387
-470
-577
-528
-443
-406
-392
-294
-261
-298
-368
-336
-293
-279
-241
-138
-53
-61
-36
26
71
49
70
144
225
266
261
221
147
48
-50
-74
-97
-166
-244
-236
-259
-402
-505
-538
-587
-700
-642
-509
-484
-539
-541
-496
-538
-591
-602
-565
-549
-553
-436
-174
-61
-119
-225
-160
-184
-107
125
353
441
399
563
609
690
555
540
588
636
675
680
816
589
403
327
359
162
-34
16
-51
-160
-290
-297
-413
-521
-533
-477
-381
-379
-346
-240
-103
-124
-139
16
202
279
387
557
609
582
636
769
750
650
592
680
755
753
696
629
579
486
472
433
328
92
-20
-19
-16
-86
-179
-225
-329
-357
-419
-462
-572
-581
-517
-421
-332
-330
-308
-292
-223
-237
-228
-194
-163
-115
-11
95
83
53
60
70
42
37
73
112
155
186
211
187
114
32
5
-35
-125
-143
-104
-97
-178
-239
-314
-427
-534
-596
-612
-623
-621
-600
-535
-537
-602
-651
-605
-602
-570
-504
-379
-220
-99
16
-21
18
-35
82
271
459
536
508
624
553
602
529
525
478
502
585
578
678
488
324
206
200
45
-73
38
-12
-86
-146
-119
-284
-436
-466
-477
-445
-427
-315
-209
-106
-166
-166
-59
58
115
247
434
478
534
617
739
665
593
567
654
742
734
684
569
496
363
315
263
190
39
-8
43
32
-102
-236
-295
-383
-399
-373
-317
-351
-316
-284
-253
-269
-330
-356
-319
-200
-182
-156
-107
-85
-121
-118
-85
-123
-148
-101
-27
11
7
18
34
44
25
14
57
76
71
75
80
32
-42
-37
-33
-68
-142
-180
-186
-249
-311
-386
-405
-456
-471
-448
-435
-470
-514
-466
-452
-458
-460
-414
-340
-189
-59
-20
-55
-3
39
149
296
377
383
376
483
453
481
404
361
343
396
420
338
376
219
106
59
98
-34
-127
-17
-46
-93
-133
-120
-239
-297
-267
-267
-219
-190
-125
-59
8
-53
-97
-5
55
71
180
340
371
414
526
577
477
425
435
484
534
563
569
544
532
418
332
230
122
-18
-36
18
-30
-108
-177
-201
-318
-369
-393
-378
-364
-319
-251
-216
-197
-251
-229
-175
-117
-132
-85
-12
-15
-23
-20
-11
-82
-90
-47
22
33
10
13
12
1
-47
-12
12
20
26
79
103
33
-15
-40
-30
-84
-105
-89
-82
-143
-191
-189
-251
-359
-405
-368
-376
-389
-389
-336
-377
-396
-401
-325
-285
-284
-128
-29
55
-24
110
161
189
268
367
482
394
486
437
480
381
319
343
331
342
223
324
220
69
-24
-10
-85
-223
-117
-107
-134
-173
-128
-167
-205
-193
-220
-170
-121
-87
-51
80
61
-10
41
140
110
107
226
217
211
266
353
301
284
278
258
321
355
337
298
319
239
162
191
147
18
-24
14
-31
-115
-119
-210
-315
-358
-326
-311
-316
-294
-313
-269
-269
-263
-261
-223
-209
-173
-55
12
26
9
36
14
-6
-2
41
60
68
95
124
118
53
19
1
-3
-18
6
55
74
56
24
31
2
-53
-72
-46
-44
-90
-79
-62
-106
-200
-246
-229
-229
-238
-246
-231
-250
-305
-285
-217
-188
-237
-161
5
53
30
50
140
105
146
266
347
313
278
362
375
354
217
190
198
181
142
165
195
4
-75
-32
-18
-179
-200
-114
-131
-131
-97
-77
-152
-157
-151
-102
-43
-47
-53
42
94
-1
-10
69
48
-20
87
149
108
113
194
173
98
107
96
157
198
228
193
238
241
152
156
124
58
-23
96
120
56
5
-45
-101
-188
-180
-257
-252
-244
-214
-173
-134
-155
-264
-217
-173
-151
-135
-30
35
44
96
111
106
59
64
83
138
153
127
147
152
89
14
27
24
-16
-19
19
19
-14
-27
-22
-36
-74
-86
-45
-6
-32
-58
-63
-70
-113
-125
-120
-137
-155
-146
-111
-128
-175
-210
-196
-169
-149
-125
-106
-63
-9
30
51
74
92
92
161
240
253
233
252
277
252
237
196
175
159
138
102
96
62
-50
-74
-42
-90
-183
-156
-121
-172
-179
-145
-154
-175
-142
-106
-84
-58
-66
-42
28
30
-19
17
77
56
63
140
125
72
90
134
107
79
100
97
134
141
158
134
132
96
68
107
69
45
12
65
20
-16
-32
-75
-119
-169
-133
-167
-174
-196
-175
-171
-185
-173
-172
-133
-124
-85
-45
-7
-4
7
58
86
83
92
133
135
116
121
131
97
71
72
74
60
33
28
12
10
-25
-30
-29
-40
-64
-54
-16
-50
-61
-60
-46
-83
-88
-89
-106
-114
-119
-98
-95
-85
-119
-107
-92
-107
-118
-83
-53
-58
1
58
64
55
88
96
94
130
146
152
171
184
169
174
159
90
72
80
39
2
28
6
-63
-54
-53
-111
-137
-106
-121
-133
-92
-90
-98
-65
-53
-78
-49
-14
-36
-5
54
39
19
66
76
41
59
77
51
64
112
98
77
81
70
48
78
90
62
66
84
79
62
67
14
-24
-15
0
-14
-27
-20
-59
-72
-70
-86
-129
-145
-120
-107
-82
-72
-68
-72
-60
-42
-34
-8
3
19
50
90
93
71
87
100
89
83
98
96
70
68
62
38
9
-3
-2
-8
-14
-40
-41
-37
-56
-82
-81
-62
-75
-62
-30
-28
-60
-65
-46
-50
-61
-60
-45
-28
-14
-12
-19
-29
-53
-61
-26
-7
-16
-6
32
46
39
51
44
30
37
75
93
97
101
91
86
74
63
31
19
7
3
13
1
-20
-48
-51
-80
-91
-76
-73
-85
-79
-45
-55
-59
-42
-20
