39
43
37
41
40
41
37
36
40
39
37
39
35
36
33
23
23
21
22
21
21
19
12
15
19
23
19
20
19
18
20
14
5
0
-15
-18
-16
-15
-8
3
12
24
32
38
44
37
17
4
-11
-24
-26
-26
-24
-31
-34
-39
-51
-54
-46
-48
-55
-66
-75
-77
-81
-82
-77
-72
-84
-84
-78
-74
-74
-93
-96
-95
-96
-97
-99
-100
-92
-80
-59
-20
-4
35
52
148
276
234
205
89
-6
-68
-162
-64
-14
93
212
238
274
166
112
54
-8
-21
-87
-90
-155
-164
2
153
356
487
551
544
411
266
61
-67
-173
-187
-100
-15
121
193
262
274
183
144
22
-97
-225
-368
-400
-470
-414
-332
-323
-242
-257
-265
-309
-377
-357
-382
-386
-346
-286
-212
-139
-75
-30
-73
-103
-132
-125
-61
-20
119
190
236
304
316
355
378
405
403
385
394
407
421
431
437
394
353
258
164
97
38
24
-17
-37
-32
-35
-33
-71
-123
-180
-271
-329
-362
-361
-323
-279
-216
-148
-71
-9
16
26
26
15
32
38
85
152
203
270
295
302
253
176
106
20
-37
-78
-92
-94
-108
-124
-150
-189
-250
-281
-311
-370
-419
-469
-494
-505
-531
-548
-542
-543
-583
-629
-614
-617
-608
-591
-545
-483
-473
-377
-319
-259
-224
-152
9
90
181
265
376
456
494
625
721
749
752
781
825
805
798
807
764
684
623
589
521
432
362
260
135
40
-17
-93
-184
-283
-350
-417
-455
-471
-458
-444
-428
-334
-240
-100
-17
90
245
362
517
655
797
857
871
993
1025
1063
1064
1048
1057
955
957
906
815
736
569
466
302
140
18
-184
-307
-473
-578
-648
-753
-805
-896
-954
-986
-1021
-985
-978
-939
-849
-758
-661
-572
-500
-432
-378
-315
-262
-268
-258
-311
-382
-465
-604
-674
-856
-986
-1179
-1341
-1511
-1594
-1061
-801
-841
-1038
-494
-81
-493
-275
206
467
-247
-248
713
860
814
982
1634
1759
1540
2110
2208
2014
1626
1427
1262
927
976
807
321
124
155
123
-257
-566
-576
-960
-1404
-1519
-1367
-1305
-1549
-1447
-1162
-995
-769
-609
-391
-475
-460
-235
-130
10
153
424
560
693
1030
1275
1336
1309
1346
1356
1224
1145
1123
1059
898
820
799
870
837
737
638
515
470
286
214
113
-46
-134
-251
-196
-241
-259
-239
-290
-247
-272
-260
-248
-296
-298
-338
-315
-236
-206
-123
-58
57
146
177
251
259
249
209
131
119
55
17
14
6
32
-42
-92
-191
-362
-573
-810
-994
-1275
-1542
-1754
-1880
-2085
-1998
-1485
-1277
-1296
-1319
-636
-485
-809
-344
128
307
-349
80
875
775
888
1173
1891
1777
1758
2356
2278
2091
1726
1581
1243
806
786
405
-62
-198
-257
-457
-879
-1022
-1020
-1518
-1821
-1880
-1806
-1993
-2202
-1919
-1817
-1645
-1371
-1009
-749
-694
-367
-137
-6
136
369
640
725
973
1267
1461
1599
1750
1895
1904
1878
1885
1811
1668
1480
1310
1165
994
917
773
689
575
479
419
242
158
-38
-203
-399
-614
-663
-826
-833
-857
-819
-705
-669
-493
-459
-413
-393
-402
-344
-376
-311
-227
-159
-32
66
234
364
447
493
466
457
360
243
163
69
-49
-184
-241
-308
-418
-555
-695
-910
-1163
-1457
-1747
-2045
-2315
-2025
-1878
-1862
-1909
-1373
-778
-1058
-572
10
330
-117
-200
704
471
471
709
1271
1496
1324
2148
2316
2307
2285
2133
1939
1455
1355
939
224
67
-76
-377
-698
-738
-535
-943
-1131
-1050
-1117
-1306
-1595
-1447
-1573
-1702
-1479
-1267
-1049
-967
-556
-223
-37
252
481
640
689
859
999
1015
1162
1296
1317
1385
1510
1620
1599
1619
1616
1508
1385
1251
1137
926
709
526
368
297
181
106
52
47
26
-78
-83
-99
-172
-331
-459
-510
-605
-667
-659
-602
-509
-461
-354
-243
-162
-83
-33
-4
-21
-29
-31
-72
-102
-135
-130
-88
-41
1
22
9
-40
-77
-143
-247
-410
-544
-707
-841
-957
-1078
-1215
-1373
-1525
-1740
-1909
-2079
-1897
-1724
-1673
-1608
-1286
-672
-758
-455
165
444
407
263
1029
1034
903
1158
1373
1619
1409
1875
2090
1977
2095
1917
1752
1496
1376
1091
430
225
-10
-503
-781
-972
-1034
-1403
-1557
-1349
-1428
-1423
-1435
-1273
-1287
-1329
-1102
-1036
-945
-879
-685
-495
-260
76
321
524
794
1062
1229
1324
1500
1548
1477
1507
1503
1466
1383
1419
1401
1267
1249
1186
1044
859
724
545
304
195
58
-121
-266
-294
-326
-426
-442
-460
-533
-627
-639
-656
-734
-747
-734
-747
-739
-644
-516
-479
-385
-277
-194
-85
-1
81
97
123
184
192
238
277
261
237
223
251
184
132
90
35
-54
-176
-260
-401
-568
-743
-952
-1121
-1293
-1464
-1667
-1845
-1954
-1978
-1733
-1711
-1590
-1393
-928
-699
-714
4
337
504
442
873
1284
945
1173
1283
1378
1245
1281
1679
1579
1727
1825
1706
1662
1561
1376
923
502
341
-193
-604
-811
-1049
-1212
-1534
-1396
-1397
-1373
-1220
-1146
-972
-971
-817
-744
-720
-613
-599
-507
-377
-158
29
190
534
849
1057
1278
1538
1733
1722
1793
1896
1803
1684
1562
1475
1274
1125
1032
845
767
697
600
504
471
442
265
128
126
-28
-206
-352
-433
-568
-768
-773
-868
-913
-909
-857
-789
-743
-595
-533
-469
-377
-314
-329
-333
-289
-266
-273
-217
-149
-140
-59
40
142
148
197
271
254
247
223
186
73
-49
-133
-261
-379
-499
-673
-814
-913
-1015
-1183
-1353
-1459
-1581
-1743
-1692
-1482
-1480
-1448
-1277
-815
-717
-532
68
276
438
443
923
1013
865
1116
1092
1150
1073
1289
1455
1369
1555
1547
1410
1417
1350
1139
759
574
403
-110
-343
-553
-809
-1086
-1270
-1198
-1342
-1301
-1201
-1130
-1010
-854
-589
-512
-362
-171
-90
19
131
264
291
335
542
633
712
868
1072
1180
1201
1414
1466
1450
1409
1355
1258
1046
965
756
512
356
225
71
-57
-83
-144
-196
-115
-53
-108
-98
-119
-177
-349
-426
-441
-650
-723
-770
-778
-819
-817
-655
-617
-485
-304
-159
-38
31
106
103
73
97
32
-29
-51
-62
-92
-146
-100
-86
-64
2
64
119
108
102
68
-25
-135
-295
-470
-649
-786
-947
-1089
-1209
-1302
-1421
-1485
-1503
-1505
-1268
-1267
-1158
-1033
-704
-490
-558
-13
177
294
264
513
804
522
728
841
875
930
988
1204
1157
1251
1387
1204
1233
1230
1048
790
544
508
86
-175
-299
-571
-749
-920
-844
-899
-874
-737
-614
-457
-312
-102
36
140
268
305
346
447
445
472
466
602
681
686
813
914
1031
1029
1160
1263
1207
1184
1102
1022
871
691
509
264
108
-47
-275
-388
-431
-511
-609
-522
-412
-407
-364
-273
-260
-344
-328
-376
-474
-547
-582
-602
-697
-637
-618
-586
-449
-293
-133
-36
177
318
346
393
457
417
334
283
240
146
38
6
-51
-67
-33
-16
25
73
130
167
158
161
68
-60
-167
-302
-460
-658
-816
-991
-1184
-1317
-1419
-1533
-1570
-1341
-1313
-1261
-1112
-796
-622
-658
-153
49
117
129
335
543
325
533
600
546
612
705
858
854
1023
1175
1063
1138
1228
1087
890
727
645
296
81
-29
-303
-470
-629
-651
-764
-763
-667
-613
-477
-322
-118
-18
106
250
263
252
304
273
219
151
199
205
160
254
350
461
530
667
765
772
826
843
768
692
607
472
293
189
59
-137
-223
-266
-266
-315
-233
-139
-135
-9
39
113
88
92
84
-44
-39
-132
-238
-330
-376
-381
-446
-366
-269
-280
-157
-41
69
150
194
300
245
234
216
138
43
-61
-98
-193
-233
-234
-266
-264
-197
-101
-46
9
109
97
32
-39
-118
-256
-483
-673
-876
-1101
-1303
-1484
-1570
-1686
-1626
-1496
-1501
-1331
-1146
-804
-710
-484
-7
87
251
338
650
667
565
776
719
741
770
848
971
980
1122
1217
1197
1376
1332
1269
1148
1002
900
516
345
26
-266
-499
-725
-792
-908
-919
-891
-796
-619
-480
-311
-139
-9
100
133
234
265
225
196
188
231
159
166
209
241
304
409
569
640
717
842
913
955
983
927
803
660
541
344
118
-1
-151
-270
-314
-267
-248
-238
-125
-62
0
53
78
45
-44
-113
-202
-325
-424
-535
-627
-688
-704
-676
-650
-552
-425
-302
-157
-31
76
128
167
189
169
124
53
-29
-99
-169
-224
-240
-229
-196
-176
-118
-57
-15
0
12
23
-51
-148
-240
-414
-606
-848
-1042
-1256
-1455
-1565
-1620
-1473
-1473
-1294
-1074
-746
-490
-322
197
375
564
733
968
1074
973
1085
1060
1011
1048
1082
1095
1123
1161
1245
1190
1321
1372
1256
1215
1110
1036
717
516
280
-55
-320
-578
-756
-989
-1122
-1159
-1168
-1089
-931
-787
-609
-404
-175
-58
64
219
241
218
196
273
188
92
111
152
179
218
353
457
525
655
776
815
881
875
835
747
657
525
280
151
-11
-173
-307
-414
-459
-531
-476
-422
-357
-246
-195
-116
-88
-43
-44
-130
-166
-255
-331
-409
-490
-506
-550
-532
-451
-365
-244
-139
-8
102
221
311
323
357
341
325
255
202
171
87
13
-38
-66
-117
-149
-133
-129
-123
-115
-99
-128
-212
-266
-384
-538
-704
-887
-1086
-1289
-1492
-1510
-1561
-1620
-1527
-1356
-1067
-988
-625
-235
-47
202
423
750
763
851
970
888
892
849
826
793
782
863
787
801
931
860
836
775
786
682
494
418
201
7
-227
-414
-588
-774
-849
-934
-953
-882
-786
-650
-473
-243
-4
144
359
539
650
713
755
811
704
668
632
582
534
502
543
517
571
654
710
739
763
756
703
629
549
384
221
92
-85
-225
-349
-457
-572
-612
-601
-606
-584
-506
-459
-416
-330
-257
-185
-180
-126
-134
-171
-196
-254
-304
-377
-388
-387
-380
-342
-268
-203
-117
-23
86
158
218
275
281
273
256
194
94
17
-38
-88
-175
-192
-200
-233
-213
-181
-170
-204
-215
-248
-351
-421
-555
-700
-878
-1014
-1148
-1244
-1170
-1264
-1241
-1143
-947
-859
-729
-325
-184
6
242
564
710
766
973
983
946
981
1002
932
900
889
858
756
820
809
715
705
680
661
487
412
282
108
-40
-193
-324
-468
-558
-606
-618
-606
-529
-470
-363
-253
-102
17
131
293
379
460
502
598
580
526
525
469
377
288
256
194
151
135
125
76
76
86
53
34
41
19
-64
-73
-125
-188
-252
-283
-311
-352
-328
-305
-284
-230
-177
-118
-27
71
160
168
240
255
254
246
196
189
105
73
58
34
13
-5
-9
-9
21
73
78
84
127
158
171
154
171
155
104
106
98
79
26
-12
-58
-105
-142
-180
-228
-283
-353
-421
-497
-599
-713
-853
-985
-1111
-1233
-1223
-1242
-1313
-1259
-1175
-1019
-981
-765
-492
-382
-186
4
253
336
434
578
606
671
732
754
772
779
799
748
696
739
635
559
515
490
445
328
315
234
145
50
-18
-74
-150
-196
-222
-219
-226
-215
-178
-99
-17
74
145
255
335
382
434
489
532
481
463
453
401
327
291
262
213
170
132
77
38
32
-19
-44
-37
-41
-68
-97
-80
-83
-109
-107
-116
-116
-119
-113
-84
-50
-6
19
56
97
123
145
146
172
173
160
153
133
109
67
50
35
-5
-32
-51
-81
-99
-114
-90
-82
-74
-29
-1
37
46
67
95
94
104
106
78
63
32
-8
-57
-105
-166
-234
-289
-359
-447
-531
-605
-691
-793
-871
-951
-1023
-1093
-1048
-1039
-1070
-1001
-933
-821
-785
-587
-394
-297
-136
33
237
310
439
567
607
679
732
755
787
769
741
708
671
679
619
599
568
528
484
398
371
296
218
150
75
14
-49
-116
-147
-178
-177
-161
-150
-100
-51
20
61
131
188
219
243
263
276
224
195
155
105
47
-1
-62
-129
-165
-196
-208
-207
-173
-156
-121
-81
-35
-1
22
84
99
111
126
132
165
154
167
178
184
209
216
246
253
263
278
292
317
297
280
259
216
165
101
52
-3
-61
-99
-135
-155
-178
-192
-192
-187
-179
-149
-125
-84
-38
7
39
56
95
102
100
106
106
71
27
4
-28
-75
-115
-179
-247
-315
-404
-502
-608
-687
-803
-904
-1014
-1060
-1061
-1129
-1126
-1087
-993
-950
-834
-599
-479
-346
-184
25
158
249
390
459
503
578
616
648
685
703
712
692
752
744
710
701
682
653
575
524
460
376
287
206
131
54
-44
-127
-179
-217
-247
-273
-247
-219
-178
-155
-126
-70
-44
-37
-27
-11
-29
-82
-103
-124
-161
-184
-184
-177
-162
-129
-86
-27
53
117
171
227
282
313
338
363
379
391
398
418
412
395
383
370
351
350
345
308
277
260
228
175
138
108
51
-22
-70
-129
-207
-271
-315
-336
-353
-350
-336
-323
-278
-229
-179
-125
-59
4
66
123
172
208
215
233
260
276
275
294
281
247
207
159
87
1
-76
-170
-280
-404
-534
-673
-813
-950
-1068
-1177
-1262
-1256
-1320
-1335
-1296
-1220
-1116
-1021
-783
-612
-436
-240
-35
149
251
411
529
614
712
784
833
877
895
928
927
957
972
938
936
897
871
799
732
646
505
402
282
156
33
-65
-151
-228
-275
-284
-316
-313
-283
-264
-215
-171
-107
-78
-51
-25
-17
-23
-50
-61
-77
-109
-119
-112
-113
-84
-51
15
81
145
202
247
309
339
363
355
352
346
308
285
246
195
139
89
69
60
52
38
34
26
-1
-17
-46
-74
-101
-138
-157
-178
-198
-225
-251
-259
-253
-249
-237
-217
-179
-148
-108
-57
-6
51
90
135
173
197
202
211
221
235
227
212
194
168
129
64
14
-63
-122
-186
-276
-358
-484
-597
-736
-866
-976
-1085
-1178
-1261
-1311
-1315
-1320
-1312
-1236
-1140
-1029
-923
-721
-523
-379
-205
-43
143
271
416
553
632
728
794
836
868
902
935
928
937
964
935
901
868
814
739
652
576
466
369
265
151
47
-39
-114
-195
-219
-223
-230
-207
-164
-113
-72
-34
0
19
32
56
70
62
63
52
39
41
49
66
77
101
140
190
242
267
285
296
311
317
316
312
277
263
237
211
196
162
134
110
101
100
103
96
88
85
80
88
88
62
48
24
-5
-18
-41
-74
-106
-123
-130
-135
-131
-119
-96
-70
-48
-26
3
1
13
12
11
15
7
6
2
-5
-13
-26
-43
-56
-86
-98
-121
-157
-224
-287
-343
-441
-522
-638
-740
-830
-937
-1024
-1128
-1211
-1288
-1329
-1294
-1267
-1242
-1156
-1034
-917
-782
-579
-393
-258
-93
95
244
352
471
579
641
716
800
843
882
907
920
920
919
920
889
849
813
762
688
604
517
444
364
305
228
138
84
16
-34
-60
-74
-78
-77
-45
-19
-3
0
9
37
55
67
85
86
83
68
81
99
95
111
127
155
194
221
226
240
253
246
253
280
287
268
255
264
251
218
219
207
187
178
181
188
173
176
172
153
145
126
107
79
64
38
-8
-43
-86
-123
-160
-185
-191
-223
-253
-262
-263
-260
-259
-256
-267
-271
-264
-258
-248
-236
-219
-205
-189
-159
-131
-119
-118
-108
-114
-125
-142
-176
-222
-302
-360
-427
-509
-590
-683
-757
-833
-900
-971
-1032
-1063
-1116
-1114
-1072
-1044
-964
-889
-781
-670
-542
-381
-249
-85
58
206
347
457
566
645
726
802
854
912
947
967
983
966
960
934
907
868
826
792
729
669
592
519
457
375
312
243
170
116
51
7
-36
-70
-102
-111
-96
-97
-91
-77
-84
-85
-73
-81
-56
-52
-40
-33
-27
-7
-10
2
16
42
52
62
78
85
97
117
141
168
189
216
249
259
277
284
274
278
281
279
261
244
217
185
169
148
131
104
79
52
12
-28
-73
-115
-151
-166
-175
-197
-222
-223
-251
-266
-263
-260
-246
-231
-220
-206
-192
-188
-172
-156
-127
-100
-73
-52
-26
-14
-29
-38
-71
-115
-166
-219
-265
-335
-425
-503
-576
-654
-731
-797
-869
-931
-977
-1007
-1016
-989
-968
-928
-853
-772
-664
-560
-406
-263
-116
34
182
329
432
545
641
742
817
885
938
988
1019
1032
1035
1023
1015
983
950
910
870
798
729
652
561
471
386
306
210
133
46
-28
-95
-149
-198
-229
-239
-253
-264
-271
-255
-254
-240
-214
-192
-170
-164
-151
-130
-116
-101
-81
-64
-41
-25
-5
15
31
50
65
90
127
155
176
198
210
219
225
235
247
245
240
237
215
198
190
173
163
139
97
63
27
-18
-58
-91
-130
-173
-198
-230
-264
-280
-303
-318
-310
-305
-283
-263
-240
-206
-179
-141
-96
-65
-28
25
51
73
95
104
117
120
109
98
56
24
-14
-51
-106
-161
-212
-281
-341
-414
-478
-549
-606
-675
-727
-768
-806
-846
-877
-859
-856
-820
-754
-665
-569
-453
-318
-203
-72
59
186
315
434
541
629
715
784
824
852
861
854
848
826
809
788
744
712
662
604
532
463
379
291
202
116
28
-58
-129
-222
-275
-333
-379
-409
-435
-428
-427
-403
-378
-352
-327
-307
-280
-248
-218
-187
-165
-147
-124
-114
-93
-70
-52
-30
2
31
66
101
122
160
201
228
254
285
300
312
316
323
317
296
294
273
258
231
208
183
148
117
85
56
19
-14
-61
-106
-140
-174
-210
-232
-245
-252
-258
-253
-220
-197
-182
-144
-111
-75
-51
-9
28
50
93
125
165
182
199
211
206
204
197
187
177
153
126
84
24
-39
-104
-169
-237
-306
-388
-463
-529
-601
-658
-706
-750
-774
-764
-750
-716
-651
-578
-490
-382
-258
-134
-19
111
238
354
462
563
642
714
774
818
840
857
871
867
859
841
808
746
687
624
554
466
377
285
169
62
-34
-135
-234
-315
-375
-429
-478
-505
-526
-542
-547
-545
-532
-524
-505
-481
-452
-424
-394
-350
-326
-287
-247
-207
-158
-113
-67
-17
31
78
120
166
210
240
285
317
337
343
347
363
365
361
365
356
342
332
324
313
275
244
205
167
131
83
36
-29
-79
-130
-178
-212
-249
-260
-276
-285
-267
-255
-242
-217
-183
-154
-134
-113
-89
-64
-39
-13
12
20
28
48
76
111
144
159
177
180
166
150
123
100
50
-8
-70
-146
-221
-289
-354
-413
-478
-537
-577
-608
-626
-646
-645
-636
-607
-568
-524
-457
-382
-308
-223
-126
-35
56
151
251
345
436
514
588
651
705
751
775
800
810
804
791
760
717
654
592
531
450
355
266
172
73
-19
-106
-189
-260
-331
-400
-447
-483
-510
-528
-535
-539
-537
-516
-485
-442
-404
-372
-341
-299
-255
-212
-172
-128
-79
-33
5
35
66
91
114
133
161
180
204
221
242
251
252
264
262
256
260
261
247
240
218
204
191
160
138
103
60
28
-11
-54
-87
-111
-150
-166
-175
-190
-190
-202
-205
-201
-199
-185
-163
-133
-97
-80
-60
-30
-9
17
49
82
119
158
187
209
235
243
238
225
208
202
180
146
116
61
6
-53
-129
-196
-255
-307
-365
-425
-463
-500
-539
-556
-571
-569
-570
-548
-492
-439
-381
-315
-242
-175
-84
10
88
176
258
340
408
472
542
601
630
664
689
690
695
694
677
644
595
543
491
430
375
305
216
137
60
-25
-97
-165
-235
-288
-332
-377
-403
-421
-438
-430
-426
-411
-381
-346
-311
-273
-242
-211
-168
-136
-103
-72
-53
-43
-20
-1
16
28
38
54
72
92
112
139
164
187
192
198
218
230
237
237
244
234
205
183
176
157
139
111
84
52
21
-7
-50
-81
-112
-145
-168
-178
-187
-196
-214
-215
-211
-210
-203
-191
-169
-157
-130
-104
-78
-47
-22
1
39
66
104
145
169
190
203
197
196
192
178
158
132
96
58
17
-34
-93
-148
-197
-252
-297
-342
-363
-394
-417
-438
-463
-473
-480
-489
-481
-464
-438
-409
-373
-316
-264
-191
-116
-43
26
104
189
261
332
402
461
514
548
574
598
599
607
594
576
559
533
496
452
405
355
294
231
180
122
69
18
-32
-76
-118
-156
-194
-224
-238
-245
-241
-238
-224
-201
-190
-170
-158
-143
-128
-119
-103
-89
-80
-68
-55
-42
-35
-29
-23
-15
-5
4
31
48
73
95
119
143
170
185
198
207
204
199
178
149
126
100
64
31
-8
-53
-96
-130
-156
-186
-203
-210
-204
-203
-201
-198
-193
-189
-185
-189
-187
-168
-153
-131
-96
-71
-32
11
48
89
127
165
199
227
249
279
293
298
296
282
259
216
177
128
64
4
-49
-105
-167
-228
-277
-324
-381
-415
-436
-473
-489
-512
-529
-552
-554
-549
-547
-531
-506
-451
-406
-340
-259
-188
-105
-18
74
161
253
331
405
463
502
542
574
583
588
593
582
565
549
519
484
444
399
352
295
239
177
124
70
20
-27
-68
-105
-134
-153
-164
-182
-188
-189
-196
-196
-189
-169
-162
-149
-139
-127
-113
-90
-68
-44
-19
-8
10
24
44
78
100
140
183
217
258
289
318
341
347
348
334
317
289
255
225
184
140
93
45
-7
-56
-105
-137
-170
-193
-203
-231
-249
-271
-295
-306
-315
-316
-308
-302
-295
-281
-276
-250
-223
-190
-146
-107
-49
7
64
108
153
187
209
239
253
269
275
264
244
214
177
136
86
42
6
-40
-86
-124
-168
-201
-237
-282
-317
-355
-384
-405
-432
-448
-459
-469
-466
-451
-431
-406
-347
-291
-226
-160
-80
9
82
162
240
309
364
418
461
495
525
553
561
557
546
527
501
451
412
372
327
274
220
161
106
50
-15
-78
-134
-186
-243
-306
-335
-355
-377
-389
-388
-380
-379
-368
-355
-338
-313
-290
-274
-248
-211
-175
-146
-113
-76
-35
0
36
72
105
148
190
233
270
300
318
329
336
340
341
329
314
299
280
256
231
203
174
145
114
90
70
38
15
-18
-37
-46
-63
-78
-87
-92
-107
-116
-115
-90
-71
-44
-18
1
19
32
47
69
96
125
148
173
196
203
203
193
190
181
160
142
123
97
68
33
-10
-45
-83
-128
-173
-231
-285
-337
-384
-418
-456
-478
-494
-510
-521
-523
-515
-517
-505
-485
-454
-410
-366
-316
-246
-171
-105
-36
35
103
160
218
272
324
366
402
432
447
459
459
442
439
425
408
373
327
274
213
158
106
56
-3
-53
-100
-139
-179
-219
-246
-270
-284
-296
-315
-321
-325
-317
-303
-289
-264
-249
-221
-195
-164
-133
-94
-49
-10
30
62
97
137
166
196
234
268
284
303
310
303
298
284
276
270
266
271
254
239
216
183
154
128
101
80
66
50
29
4
-19
-36
-46
-60
-64
-74
-87
-80
-79
-68
-51
-32
-18
-10
10
18
24
29
39
46
48
58
67
76
86
90
89
88
77
69
49
21
-9
-43
-72
-101
-130
-159
-187
-214
-243
-268
-291
-317
-332
-343
-351
-355
-353
-346
-344
-344
-331
-308
-280
-239
-204
-159
-115
-69
-25
16
65
109
152
205
247
294
332
359
382
388
401
411
412
406
382
354
328
298
269
236
200
161
117
69
24
-26
-68
-100
-141
-178
-208
-235
-258
-280
-290
-301
-317
-325
-339
-347
-346
-343
-332
-323
-308
-283
-260
-237
-219
-194
-166
-131
-100
-67
-43
-17
11
27
52
55
62
77
90
99
103
115
127
142
159
165
167
174
177
175
177
168
171
175
180
193
199
194
192
203
210
210
202
202
197
193
188
177
167
149
133
127
126
112
100
94
89
85
77
73
62
51
37
26
16
-3
-16
-24
-35
-58
-79
-104
-126
-148
-165
-185
-194
-198
-207
-220
-229
-225
-219
-214
-219
-213
-213
-209
-200
-175
-157
-132
-101
-73
-43
-17
3
18
49
77
98
119
139
159
173
183
193
197
200
202
208
214
202
195
184
182
167
147
132
110
93
73
54
34
14
-11
-20
-31
-49
-63
-77
-85
-88
-92
-102
-119
-130
-133
-148
-157
-163
-162
-160
-158
-145
-138
-137
-132
-129
-128
-122
-114
-104
-93
-80
-68
-56
-49
-44
-36
-18
-7
2
9
16
35
39
49
54
54
49
55
54
51
45
27
7
-4
-16
-27
-36
-50
-56
-73
-86
-95
-114
-126
-141
-143
-143
-151
-156
-162
-168
-171
-166
-153
-137
-119
-101
-86
-68
-52
-33
-10
9
30
52
69
77
85
99
104
109
112
113
113
108
104
103
104
106
103
98
92
91
91
92
101
101
95
98
98
101
112
124
149
162
176
191
194
199
195
198
201
197
198
200
195
189
169
146
129
107
86
62
45
29
18
-1
-18
-41
-66
-95
-126
-151
-174
-192
-211
-236
-256
-265
-280
-294
-302
-298
-295
-286
-270
-249
-225
-203
-185
-161
-140
-125
-94
-70
-39
-1
31
64
86
111
136
154
178
191
211
235
257
286
311
329
350
352
355
348
338
339
329
312
295
281
263
238
204
173
140
105
79
50
19
-14
-44
-76
-108
-133
-162
-186
-203
-214
-231
-247
-257
-255
-252
-254
-256
-261
-255
-249
-248
-246
-235
-229
-225
-223
-214
-201
-187
-163
-150
-133
-115
-106
-94
-85
-79
-66
-55
-47
-38
-41
-41
-40
-44
-43
-39
-34
-25
-15
0
20
37
61
85
111
140
167
192
212
235
256
280
296
307
312
320
322
315
307
303
298
292
282
263
248
229
209
185
157
130
95
59
34
8
-15
-38
-57
-81
-110
-134
-165
-187
-198
-210
-219
-228
-226
-224
-219
-212
-199
-186
-175
-155
-133
-117
-100
-86
-68
-46
-27
-5
4
27
38
46
60
74
88
99
111
122
134
145
153
156
157
152
148
139
136
123
109
97
80
61
34
8
-19
-40
-62
-88
-106
-132
-147
-169
-194
-206
-221
-229
-239
-236
-235
-240
-241
-239
-234
-228
-218
-206
-180
-159
-141
-118
-93
-70
-56
-43
-28
-8
4
24
35
48
60
64
74
79
88
97
106
116
122
129
130
137
135
126
124
119
121
122
129
135
137
146
150
152
153
159
163
159
162
159
155
146
132
114
90
76
58
44
32
13
-3
-28
-52
-73
-92
-110
-134
-150
-164
-176
-188
-203
-208
-217
-234
-260
-273
-277
-280
-278
-271
-260
-252
-244
-242
-229
-208
-193
-174
-145
-123
-108
-88
-65
-38
-18
3
27
55
86
114
136
165
188
209
233
255
279
295
311
322
341
359
359
360
352
340
322
305
287
271
252
221
196
169
143
116
92
67
45
21
-5
-37
-66
-86
-107
-123
-136
-153
-165
-173
-183
-180
-177
-178
-174
-177
-174
-166
-160
-148
-139
-134
-125
-128
-125
-123
-127
-128
-127
-122
-125
-125
-124
-126
-125
-128
-127
-128
-123
-128
-135
-134
-136
-128
-119
-109
-99
-91
-91
-79
-64
-46
-22
-3
15
25
37
45
56
68
76
84
80
81
79
79
82
77
78
72
68
60
59
59
57
62
65
61
56
52
45
39
26
21
17
10
2
-6
-15
-21
-24
-24
-22
-19
-18
-14
-19
-20
-17
-9
-1
-1
4
7
9
11
23
35
44
54
64
77
83
93
101
106
112
110
107
109
114
115
115
117
113
101
89
77
62
48
33
24
2
-20
-46
-67
-78
-96
-116
-135
-143
-152
-158
-160
-162
-158
-161
-157
-154
-147
-134
-120
-98
-75
-57
-39
-23
-8
3
13
33
54
75
88
92
108
119
139
151
166
178
176
171
159
152
144
135
129
122
109
90
80
77
75
63
53
38
23
9
-2
-4
-5
-3
-6
-12
-24
-30
-39
-47
-44
-50
-56
-64
-73
-80
-89
-90
-91
-88
-91
-96
-99
-105
-109
-119
-118
-124
-132
-143
-146
-147
-157
-155
-155
-147
-144
-145
-148
-146
-141
-134
-124
-120
-114
-112
-110
-97
-78
-61
-42
-23
-10
2
10
27
42
65
83
99
123
137
153
164
185
201
211
217
222
229
230
232
234
239
242
238
228
220
215
200
187
170
152
126
100
80
56
36
16
0
-17
-43
-69
-97
-120
-136
-147
-158
-165
-173
-179
-181
-184
-185
-185
-180
-179
-175
-170
-161
-149
-138
-125
-118
-112
-103
-97
-83
-70
-54
-38
-28
-17
-10
2
12
21
28
30
38
46
56
66
76
87
92
96
95
93
94
94
100
106
113
118
121
122
120
120
122
123
120
115
111
106
104
102
101
97
96
84
72
59
47
40
30
23
15
3
-10
-22
-34
-44
-50
-57
-63
-73
-84
-96
-104
-107
-109
-107
-112
-115
-115
-112
-108
-101
-94
-87
-78
-73
-69
-63
-53
-37
-22
-9
1
10
20
29
40
51
61
68
73
72
73
77
83
91
95
96
89
84
76
68
59
48
42
32
23
8
-4
-13
-21
-27
-38
-48
-61
-72
-82
-88
-93
-93
-94
-96
-99
-101
-98
-94
-87
-81
-76
-70
-66
-57
-53
-43
-35
-20
-7
2
9
17
25
33
40
43
48
50
49
47
47
48
50
51
51
46
43
41
39
38
37
32
