-30
68
-78
141
109
69
264
-78
-56
-18
-132
67
-80
121
187
-182
19
-47
-173
8
-40
74
62
-38
-46
-137
-99
-71
-222
132
32
19
144
-176
-6
-195
-99
25
-83
107
-37
-216
-67
-208
-161
-66
30
0
-43
92
-59
-151
-267
-26
-238
-167
115
-167
-10
-218
-231
-159
-229
12
28
141
81
-55
-2
-128
-110
127
76
124
229
123
-58
10
19
-32
133
65
199
51
103
137
-91
39
37
-52
125
240
122
176
-8
80
-49
-55
147
-19
226
93
118
-75
-105
40
-185
152
145
64
204
-60
3
-52
-83
123
25
170
24
-27
-38
-78
93
-32
-26
145
112
-33
48
-66
-49
-132
-105
112
-117
-33
-81
-137
-10
-164
-166
-75
-122
-98
-12
-135
-41
-202
-137
-33
-194
78
-26
-109
-52
-160
-117
-72
21
69
31
-65
100
-105
57
157
8
147
-64
-17
149
101
22
30
-51
-106
-192
107
134
130
104
-73
-136
-154
-37
60
168
141
179
-142
36
-35
-141
153
31
125
38
160
102
65
171
73
37
-24
173
148
91
65
-30
-11
-156
-58
-63
43
65
45
6
-145
-50
-39
49
65
187
-67
-56
8
-137
-7
-219
-9
55
-157
-57
-168
-214
-95
-3
-9
1
-104
-99
-13
-3
89
-73
-48
-50
-110
-23
-1
39
45
29
52
-50
-75
-37
52
175
40
26
8
-21
-118
202
140
40
74
-76
-97
-168
-20
-13
9
62
154
-135
-74
-7
-160
24
105
171
67
60
-43
14
-62
41
173
167
145
127
79
-69
-41
-23
138
107
125
29
-44
-234
-150
-85
-35
164
-10
-57
-138
-141
-205
18
104
-132
-92
-63
-134
-72
73
2
-82
3
6
-9
92
219
-10
-39
161
-31
47
136
186
102
-127
-105
-97
94
234
221
173
3
-189
-158
18
109
192
109
39
-136
-238
-69
-54
60
170
67
67
20
25
-58
-34
106
189
182
177
234
-96
-63
-143
-64
105
92
276
15
-95
-258
-304
-110
60
192
219
24
-172
-257
-307
-116
44
221
120
115
-106
-266
-202
-200
149
182
316
131
-138
-242
-260
-168
-27
297
215
79
-132
-215
-277
-110
94
153
173
42
-93
-274
-105
-118
-27
89
108
61
-130
-147
-342
-56
2
18
231
-5
-44
-133
-11
23
63
95
57
10
-97
33
-47
28
84
72
58
60
34
19
57
109
167
166
235
77
32
-49
-3
19
30
199
147
69
-94
-189
-252
-103
81
221
112
-50
-126
-337
-129
23
28
88
71
-79
-146
54
-33
47
68
77
96
-5
150
-32
-21
-60
-208
-49
-2
-1
-44
-101
-73
-206
-107
4
-36
-119
-161
-49
-129
-135
-75
-9
-117
-235
-34
-198
-48
125
134
92
-147
34
67
69
155
264
166
98
68
86
-45
-45
58
37
130
154
36
-99
-127
-102
-8
148
310
187
139
-91
-221
-183
-100
243
333
253
82
-176
-308
-321
-39
246
353
293
76
-125
-294
-127
-40
160
182
183
46
-173
-173
-382
-148
-47
96
19
-74
-32
-323
-179
-164
-145
-45
-110
42
-61
-5
-16
-279
-141
-179
-177
-12
141
182
-94
-86
-123
-170
-43
221
190
122
211
-31
23
-138
12
8
98
317
53
26
-65
-52
-80
75
170
114
73
-50
-1
-96
-135
72
203
154
47
-40
-138
-170
149
392
169
197
71
-112
-134
57
335
218
214
262
58
-142
-142
14
225
179
331
203
-145
-245
-288
-72
-43
155
145
-62
-161
-337
-247
-167
-36
-32
101
127
-261
-263
-196
-244
-190
101
267
72
-55
-128
-181
-243
36
248
223
177
31
-177
-360
-121
19
74
3
97
-22
-280
-167
-69
3
-92
17
52
-74
-109
34
-91
-56
-24
14
61
-31
101
-136
-3
25
39
212
169
128
-100
-101
-97
-6
213
204
230
-78
-240
-211
-221
-18
169
195
137
19
-324
-394
-131
30
156
259
258
67
-295
-302
-17
110
86
324
329
25
-300
-148
71
-188
102
456
101
-109
-29
-94
-194
-140
237
196
7
101
48
-40
-28
121
225
218
182
276
189
173
102
89
422
219
216
386
169
-36
93
175
148
271
368
276
-110
16
126
-28
225
410
289
143
78
-58
-55
63
181
294
254
177
5
-156
69
8
-78
194
154
-46
-194
75
-238
-358
108
-43
-212
-161
82
-297
-585
26
-207
-507
-249
137
-78
-490
-68
-315
-409
-171
-79
129
-42
-245
-352
-379
-230
-192
-23
262
-287
-475
-227
-338
-243
-159
-2
-185
-317
-270
-233
-190
-320
-65
67
-139
-184
-160
-178
-277
-225
127
92
-6
-34
-132
-137
-234
-10
38
109
21
-102
-49
-79
-20
-20
135
93
25
77
171
15
-168
118
308
-15
92
335
90
-14
95
407
101
50
403
280
137
131
400
213
73
322
370
245
194
307
199
5
152
303
140
246
302
192
85
65
184
141
171
266
240
78
26
20
15
27
61
133
12
-88
-193
-15
46
-129
12
-101
-173
-254
-42
3
-143
-9
-157
-280
-213
-100
-142
-68
-56
-217
-223
-115
-122
-190
-67
-67
-233
-228
-32
-138
-282
-84
-62
-388
-244
122
-68
-270
-65
76
-440
-392
70
-62
-197
-109
82
-332
-416
-38
-155
-50
61
-113
-279
-357
-176
-279
-54
118
-113
-214
-341
-311
-380
-199
5
-154
-181
-159
-390
-505
-355
-125
-91
-163
61
-178
-496
-343
-185
-84
-64
243
109
-226
-201
-89
28
219
515
495
315
215
233
287
471
746
794
708
731
505
408
680
722
704
723
838
696
419
501
608
548
518
650
627
331
217
259
215
227
311
333
192
119
123
73
175
250
244
300
189
145
57
54
250
352
337
187
132
34
-211
-41
331
207
-37
121
-70
-521
-255
-71
-116
-165
-141
-213
-592
-563
-584
-550
-340
-267
-382
-630
-749
-950
-766
-482
-272
-302
-529
-489
-886
-783
-525
-383
-261
-469
-377
-688
-724
-618
-500
-397
-375
-323
-520
-632
-767
-580
-578
-589
-420
-401
-680
-788
-811
-673
-359
-137
-62
-361
-228
-227
-199
157
525
636
364
474
673
713
728
911
1103
1006
990
1155
1179
1053
922
849
1070
1130
939
731
656
434
144
271
420
352
-4
-128
-82
-169
-245
-213
-80
-169
-189
-75
-5
-37
16
200
331
440
444
544
584
607
714
786
865
808
671
678
722
649
638
619
516
325
206
95
-18
-52
-110
-282
-390
-491
-580
-580
-657
-637
-676
-769
-697
-667
-620
-580
-707
-463
-479
-627
-285
-197
-365
-454
-263
-143
-341
-258
-51
-215
-381
-345
-289
-430
-430
-271
-344
-514
-659
-643
-670
-587
-593
-572
-688
-920
-924
-979
-759
-727
-806
-872
-1041
-1195
-1027
-441
-236
-449
-716
-444
-444
-425
293
797
470
-199
214
559
515
807
1268
1346
792
806
1211
1119
1078
1247
1277
1052
841
810
663
630
562
457
385
236
-3
-335
-274
-154
-175
-268
-315
-442
-598
-357
-134
-1
-56
-35
31
88
294
507
672
701
800
964
1147
1263
1233
1226
1278
1335
1322
1307
1252
1087
921
778
730
630
478
342
184
20
-196
-329
-413
-493
-556
-669
-706
-853
-979
-973
-948
-814
-758
-815
-831
-871
-852
-693
-518
-387
-388
-500
-515
-359
-299
-107
-42
-82
-300
-364
-243
-294
-228
-324
-371
-610
-691
-700
-716
-594
-781
-965
-994
-1040
-1126
-1056
-1042
-1169
-1420
-1453
-1484
-1077
-480
-398
-743
-1072
-675
-610
-310
573
996
434
-295
280
676
838
1387
1914
1749
938
1058
1591
1676
1725
1848
1792
1353
1053
1024
988
1037
921
653
442
238
-150
-334
-56
32
-193
-472
-547
-757
-822
-410
-82
-133
-432
-461
-390
-175
132
497
630
468
383
528
907
1066
1238
1286
1152
1055
992
1206
1258
1255
1144
862
737
570
534
501
383
292
-7
-204
-342
-464
-503
-601
-653
-794
-944
-1037
-1006
-984
-1003
-960
-960
-968
-1023
-843
-744
-704
-639
-694
-594
-583
-358
-218
-184
-130
-252
-214
-152
8
-39
-126
-239
-377
-363
-388
-321
-409
-601
-756
-952
-989
-879
-944
-984
-1126
-1304
-1454
-1481
-1327
-1398
-1077
-511
-516
-1064
-1369
-709
-444
-287
508
911
315
-594
40
958
1182
1478
1837
1705
835
848
1584
1915
1949
1713
1538
1181
822
807
1032
1140
850
414
183
87
-203
-340
-91
-24
-272
-567
-684
-784
-769
-347
-87
-115
-467
-525
-359
-131
275
557
695
536
418
515
807
1160
1271
1272
1197
1154
1065
1092
1271
1423
1355
1111
979
824
707
623
680
705
457
115
-137
-203
-283
-376
-335
-444
-737
-1031
-1066
-932
-936
-938
-951
-1020
-1146
-1152
-950
-810
-764
-787
-774
-724
-693
-683
-453
-285
-390
-496
-427
-290
-441
-374
-97
-174
-450
-454
-489
-553
-601
-522
-477
-827
-891
-950
-1052
-1067
-1019
-1044
-1209
-1308
-1371
-1465
-1469
-1369
-1013
-532
-517
-951
-1354
-858
-366
-71
585
837
359
-468
-18
1026
1402
1567
1694
1587
905
812
1598
2099
1939
1677
1511
1210
976
978
1280
1336
1010
608
326
253
88
4
161
191
-145
-555
-582
-490
-430
-138
75
-86
-516
-559
-165
166
403
502
457
320
270
524
895
1099
1046
1019
1031
993
934
1019
1303
1226
1067
941
810
695
517
672
677
496
256
80
41
-128
-153
-150
-270
-487
-698
-726
-740
-757
-791
-817
-877
-1040
-1095
-1003
-896
-821
-796
-829
-895
-876
-666
-509
-345
-346
-323
-369
-493
-375
-172
60
-84
-191
-192
-288
-360
-302
-142
-66
-325
-513
-483
-626
-669
-641
-502
-707
-840
-832
-1025
-1137
-1006
-879
-1122
-1133
-982
-670
-521
-472
-774
-815
-357
-164
225
617
650
-31
-295
545
1048
1085
1157
1329
1010
554
1011
1590
1602
1260
1135
1086
796
696
896
1059
833
456
264
195
140
-40
-16
126
30
-295
-479
-359
-286
-205
12
85
-121
-323
-124
180
356
450
480
494
446
546
777
943
952
889
822
831
901
900
862
814
756
721
593
480
380
337
304
225
140
-5
-171
-298
-280
-260
-384
-565
-701
-771
-837
-824
-782
-808
-916
-982
-957
-901
-867
-830
-830
-847
-751
-767
-592
-584
-568
-474
-511
-432
-437
-210
-163
-219
-239
-192
-120
-228
-140
-58
-123
-217
-220
-220
-270
-303
-206
-231
-466
-484
-434
-593
-641
-547
-565
-715
-872
-760
-860
-893
-506
-97
-133
-718
-814
-372
-112
60
468
696
89
-551
-48
782
985
888
926
872
503
507
1149
1532
1334
959
894
887
808
841
984
1067
750
339
295
369
246
104
228
339
38
-267
-210
-32
45
178
238
117
-108
-80
167
369
486
481
407
320
356
511
653
751
682
607
551
540
539
478
480
501
493
343
221
106
-30
-52
15
111
25
-248
-445
-498
-419
-395
-390
-422
-607
-791
-814
-693
-618
-612
-615
-714
-822
-821
-629
-518
-558
-447
-530
-483
-455
-398
-253
-375
-191
-186
-309
-219
-123
-29
-141
-105
-1
-58
-262
-204
-7
-190
-178
-54
-120
-351
-363
-204
-297
-330
-302
-287
-472
-594
-526
-487
-458
-522
-534
-604
-741
-508
-101
-111
-542
-672
-269
-147
-42
262
385
-67
-557
-38
606
695
638
738
635
334
466
984
1314
1087
822
872
902
820
854
1051
1078
879
604
591
657
534
456
532
569
332
77
74
161
186
311
318
110
-156
-141
109
292
310
200
82
-42
-49
125
334
364
195
40
22
103
109
153
243
181
40
-76
-61
-31
-67
13
43
-35
-153
-213
-183
-193
-158
-174
-214
-295
-377
-357
-341
-343
-375
-403
-359
-411
-477
-486
-438
-416
-456
-432
-370
-444
-495
-411
-329
-313
-372
-309
-323
-206
-137
-207
-98
-121
-86
-107
-26
26
-103
-68
-124
-142
-72
35
-114
-177
-167
-232
-370
-274
-190
-389
-383
-353
-476
-681
-526
-519
-736
-664
-233
-103
-550
-754
-526
-251
-247
48
341
168
-397
-353
329
624
731
724
685
463
358
766
1207
1244
988
808
784
823
889
980
1042
903
642
440
412
445
425
364
270
156
18
-147
-207
-167
-15
66
-73
-284
-424
-349
-194
-11
74
-30
-188
-296
-200
-2
162
173
31
-71
-71
26
118
122
142
238
128
-102
-83
123
183
140
188
167
-107
-238
-38
190
176
8
-30
-100
-218
-159
37
103
-115
-306
-289
-285
-248
-260
-222
-197
-347
-452
-387
-163
-239
-369
-327
-164
-199
-433
-97
68
-182
-231
100
79
-177
-128
185
62
-221
52
83
-140
-256
-64
-133
-289
-279
-185
-351
-450
-371
-428
-465
-569
-591
-673
-622
-709
-752
-515
-248
-346
-718
-676
-393
-242
-136
175
321
-144
-508
5
509
589
585
619
561
288
385
874
1078
892
682
680
672
628
635
767
790
552
320
277
328
251
173
229
249
28
-207
-199
-101
-42
52
120
-13
-272
-269
-2
235
264
189
92
33
50
221
434
478
333
174
179
198
294
406
382
185
55
132
165
220
251
171
-18
-71
85
134
66
-30
-71
-126
-110
-22
26
-58
-197
-221
-156
-111
-134
-207
-233
-274
-349
-283
-214
-248
-359
-448
-264
-344
-484
-283
-284
-333
-396
-293
-112
-345
-144
68
-212
-136
-121
-10
-37
-46
93
-107
-266
-128
25
-97
-111
-147
-211
-350
-344
-142
-283
-411
-494
-594
-629
-674
-637
-510
-317
-217
-415
-764
-590
-232
-142
90
316
173
-384
-527
240
677
596
621
509
237
114
549
1075
1054
671
436
445
478
605
694
725
577
252
66
167
313
195
105
132
21
-221
-304
-144
-27
50
83
1
-178
-261
-47
195
335
312
178
51
19
224
398
474
392
223
147
101
194
245
299
295
100
-53
-100
79
135
128
175
58
-114
-226
-9
180
109
54
-15
-59
-128
-80
144
186
56
-64
-52
-33
-103
-40
72
40
-102
-200
-191
-146
-169
-132
-178
-297
-302
-341
-343
-185
-80
-227
-270
-268
-177
-154
-121
79
-67
-96
-143
-114
-138
-252
-119
-176
-208
-265
-322
-450
-543
-423
-426
-569
-678
-744
-793
-836
-911
-633
-389
-491
-899
-1047
-566
-354
-352
-106
140
-226
-822
-373
494
535
372
496
505
160
210
923
1246
939
633
631
625
622
785
935
884
594
363
317
435
469
340
312
261
87
-108
-72
14
10
116
158
-6
-226
-147
127
213
252
250
149
20
66
283
414
393
271
115
90
222
294
272
178
211
206
34
-60
15
222
232
160
195
24
-140
-69
279
476
283
55
-68
-37
101
222
327
173
-100
-203
-61
110
89
-13
-109
-207
-298
-269
-147
-98
-245
-358
-394
-357
-324
-296
-297
-303
-256
-347
-337
-117
-177
-309
-213
-129
-97
-225
-165
-129
-291
-220
-244
-235
-322
-400
-434
-541
-562
-620
-630
-792
-903
-946
-1038
-993
-664
-382
-696
-1274
-1151
-567
-371
-244
49
-32
-686
-807
106
684
651
489
500
431
271
650
1213
1286
944
677
666
764
827
921
967
823
526
306
346
488
443
313
247
118
-114
-170
-45
2
14
87
32
-174
-251
-53
144
233
239
161
25
16
185
369
468
374
208
123
216
401
427
396
332
233
137
96
300
414
348
274
266
215
95
217
389
415
312
198
151
49
89
218
284
165
-66
-96
-73
-65
-65
-32
-84
-246
-330
-299
-226
-277
-349
-332
-354
-401
-451
-391
-279
-307
-337
-348
-301
-268
-294
-181
-137
-178
-223
-215
-107
-234
-391
-275
-242
-325
-423
-372
-424
-767
-778
-678
-730
-855
-960
-1015
-1228
-1260
-786
-399
-615
-1240
-1370
-753
-413
-259
19
37
-603
-1014
-170
706
760
475
480
413
147
534
1238
1406
1036
717
726
797
932
1101
1126
900
570
346
370
531
521
392
255
118
-50
-139
-19
31
11
71
18
-148
-257
-63
174
242
239
193
140
125
243
437
542
499
340
239
248
438
508
440
353
307
273
193
350
469
450
272
229
333
305
332
362
401
292
145
187
197
169
82
72
116
23
-59
-93
-101
-148
-215
-235
-257
-312
-428
-472
-431
-393
-408
-459
-459
-482
-487
-456
-393
-312
-351
-353
-285
-289
-262
-203
-97
-91
-176
-155
-191
-233
-142
-58
-85
-254
-374
-478
-560
-575
-537
-603
-841
-1026
-1214
-1312
-1079
-519
-360
-899
-1549
-1291
-674
-391
-45
173
-170
-1011
-855
321
916
788
569
549
286
220
925
1532
1397
890
709
758
862
1025
1195
1144
750
388
286
461
582
403
225
82
-38
-207
-219
-69
-106
-157
-151
-160
-275
-312
-80
77
121
97
82
78
123
292
402
493
451
357
317
395
528
471
438
407
409
318
264
515
408
272
201
462
560
202
387
434
315
170
307
589
259
84
109
204
162
-3
104
51
-148
-255
-164
-99
-253
-384
-427
-449
-554
-548
-459
-458
-553
-668
-598
-520
-452
-392
-390
-394
-418
-240
-131
-149
-122
-142
-42
-75
-22
-77
-207
-169
-190
-180
-323
-429
-581
-706
-691
-756
-865
-1083
-1227
-1369
-1237
-710
-539
-1025
-1659
-1367
-722
-510
-264
-4
-290
-1085
-887
400
1054
817
568
652
502
455
1178
1823
1636
996
807
994
1180
1265
1275
1203
833
482
390
606
669
359
125
23
-61
-209
-187
-115
-211
-234
-188
-191
-319
-320
-80
71
121
112
105
119
164
314
416
500
462
392
361
400
497
458
398
369
449
443
278
174
176
329
365
337
298
123
-14
14
265
353
159
-88
-217
-146
-57
26
18
-152
-360
-449
-354
-279
-303
-402
-508
-598
-631
-552
-486
-451
-497
-557
-568
-511
-367
-303
-317
-357
-290
-150
-85
-29
-44
-20
-5
64
149
118
48
-38
-78
-64
-52
-85
-283
-502
-599
-656
-710
-770
-873
-1106
-1360
-1351
-834
-469
-742
-1397
-1519
-872
-504
-286
26
-5
-693
-1054
-8
968
945
615
659
700
533
959
1684
1785
1277
928
1052
1227
1317
1317
1232
942
549
381
496
630
422
79
-60
-84
-161
-236
-188
-203
-255
-215
-184
-207
-289
-176
-35
93
177
175
212
242
351
464
555
638
588
571
567
622
636
574
534
485
507
380
296
213
198
175
170
320
181
-20
-148
-27
80
41
104
-100
-303
-355
-174
-8
-113
-231
-348
-399
-376
-305
-225
-343
-484
-560
-503
-416
-381
-376
-479
-549
-577
-509
-386
-318
-345
-441
-401
-303
-199
-140
-185
-213
-232
-130
-49
-45
-149
-322
-371
-322
-220
-299
-507
-659
-799
-850
-926
-920
-1060
-1324
-1464
-1261
-645
-608
-1231
-1774
-1301
-526
-443
-219
40
-370
-1171
-736
802
1261
787
532
652
622
747
1517
1974
1619
1001
877
1181
1441
1499
1308
1070
766
503
484
711
774
331
-39
-90
9
-51
-130
-84
-153
-164
-134
-112
-102
-108
45
155
257
326
320
381
472
631
690
690
690
708
760
793
817
709
626
570
574
550
366
311
269
313
214
116
122
10
-13
-83
-30
-39
-205
-264
-321
-284
-313
-337
-321
-418
-472
-502
-418
-360
-418
-488
-533
-523
-506
-441
-372
-401
-516
-582
-503
-429
-371
-352
-388
-442
-455
-329
-202
-124
-180
-252
-216
-138
-71
-111
-133
-163
-273
-335
-343
-306
-426
-605
-734
-855
-932
-1002
-1036
-1179
-1340
-1260
-785
-543
-1030
-1643
-1325
-525
-372
-285
53
-169
-962
-816
621
1275
828
518
619
637
724
1402
1887
1578
1032
829
1049
1348
1470
1308
1004
721
483
426
638
767
361
-109
-160
-24
-9
-95
-138
-240
-281
-173
-141
-133
-133
-59
15
132
286
309
314
385
544
652
688
686
654
679
723
756
703
611
520
453
414
388
335
183
125
109
118
16
-58
-7
-70
-119
-129
-134
-205
-310
-292
-225
-204
-268
-382
-384
-362
-316
-235
-200
-282
-412
-431
-325
-215
-200
-229
-292
-357
-331
-256
-189
-174
-201
-223
-254
-195
-99
-14
-49
-140
-152
-98
-51
-47
-60
-117
-179
-256
-307
-336
-392
-459
-561
-664
-770
-870
-928
-990
-1101
-1252
-1271
-893
-532
-831
-1446
-1477
-767
-413
-372
-99
-173
-832
-1067
51
1047
862
457
471
510
519
1041
1682
1616
1078
773
931
1202
1371
1282
1051
778
544
433
540
661
449
99
-34
12
14
-47
-78
-118
-150
-70
0
-51
-131
-75
69
201
247
224
223
277
363
484
575
606
576
552
555
594
584
517
474
448
339
150
47
153
181
62
-114
-168
-197
-211
-65
-8
-141
-391
-407
-253
-172
-156
-218
-328
-452
-460
-294
-184
-203
-304
-345
-330
-315
-251
-167
-134
-240
-288
-254
-220
-196
-196
-186
-233
-288
-281
-192
-84
-63
-109
-139
-109
-30
-14
-24
-17
-10
-44
-83
-111
-149
-183
-263
-279
-340
-425
-561
-672
-705
-777
-842
-1006
-1104
-1047
-715
-449
-763
-1198
-1154
-564
-268
-222
-5
-172
-671
-684
250
883
703
472
428
417
543
1089
1500
1283
893
706
824
1059
1241
1164
896
685
500
436
541
669
516
128
-62
-21
49
13
-66
-107
-115
-18
-34
-61
-56
25
108
195
319
316
234
196
310
480
555
513
363
272
301
369
423
394
281
87
-27
-9
79
122
-29
-193
-250
-249
-245
-154
-54
-173
-385
-379
-210
-132
-141
-134
-162
-270
-295
-154
-51
-102
-219
-248
-215
-214
-174
-113
-121
-197
-252
-233
-183
-157
-150
-171
-190
-200
-206
-151
-105
-109
-125
-105
-93
-89
-66
-31
-33
-43
-34
-52
-88
-111
-104
-145
-220
-216
-254
-338
-444
-533
-569
-632
-685
-778
-908
-1005
-1025
-858
-507
-507
-886
-1186
-886
-407
-269
-83
-7
-307
-629
-226
587
753
511
456
542
570
767
1190
1315
1061
866
897
1012
1112
1154
1031
832
734
691
667
688
667
472
279
218
235
221
158
111
69
88
78
-1
13
78
113
42
42
96
132
139
101
109
129
165
149
117
63
29
3
-19
-4
-7
-60
-127
-166
-175
-211
-228
-199
-200
-255
-238
-184
-236
-241
-152
-98
-153
-197
-125
-66
-45
-52
-60
-94
-139
-111
-60
-58
-122
-166
-186
-209
-191
-165
-178
-232
-294
-316
-281
-208
-197
-200
-189
-169
-133
-96
-18
4
1
3
56
94
92
124
101
51
16
-1
-15
-48
-70
-145
-264
-344
-357
-360
-450
-572
-654
-721
-784
-827
-809
-773
-683
-609
-745
-916
-890
-561
-350
-291
-161
-222
-425
-437
111
602
530
397
398
444
547
882
1222
1091
808
699
813
1026
1132
1086
874
699
630
630
734
780
602
324
233
267
279
276
278
191
43
28
74
107
98
72
42
17
73
118
97
90
73
52
64
95
64
-35
-80
-61
-62
-113
-159
-114
-138
-210
-244
-147
-30
-87
-97
-63
-41
-42
-9
90
91
71
55
100
147
110
94
100
97
55
56
81
35
-22
-62
-80
-121
-165
-190
-227
-246
-280
-300
-291
-285
-296
-330
-310
-278
-256
-228
-240
-233
-232
-169
-109
-89
-121
-146
-97
-98
-108
-107
-79
-136
-246
-262
-246
-255
-339
-398
-439
-515
-561
-589
-582
-638
-742
-818
-786
-716
-625
-523
-587
-722
-766
-513
-237
-157
-112
-157
-248
-235
124
499
512
423
395
438
561
860
1101
992
827
820
908
1010
1111
1115
941
778
738
754
795
799
682
480
373
355
344
354
303
167
31
61
118
54
-20
-44
-60
-100
-72
-53
-111
-188
-216
-157
-139
-166
-227
-253
-224
-215
-207
-139
-77
-182
-296
-152
56
34
-69
5
77
41
118
282
244
98
103
250
296
250
248
203
149
129
171
197
114
35
-8
-36
-46
-68
-87
-141
-201
-251
-260
-231
-232
-261
-286
-257
-229
-200
-172
-158
-158
-142
-71
-37
-36
-38
-23
18
11
-11
-10
-4
-22
-101
-145
-118
-130
-196
-291
-314
-315
-424
-504
-487
-494
-625
-744
-764
-704
-702
-712
-618
-620
-711
-833
-714
-396
-295
-321
-322
-311
-323
-205
157
341
274
205
250
386
583
777
823
752
719
696
738
922
1045
917
689
644
696
694
678
655
522
347
283
336
381
297
146
42
65
109
23
-74
-106
-115
-135
-123
-117
-166
-222
-225
-156
-98
-114
-175
-208
-168
-106
-51
-22
23
6
-60
-65
33
203
188
145
149
166
167
214
381
397
261
187
224
290
303
278
229
132
69
39
71
72
-24
-136
-206
-171
-194
-251
-313
-362
-383
-426
-425
-410
-418
-442
-436
-384
-344
-324
-339
-316
-284
-232
-189
-161
-142
-147
-135
-123
-79
-56
-86
-135
-171
-159
-164
-193
-207
-246
-306
-356
-378
-390
-427
-467
-528
-598
-591
-566
-525
-498
-476
-468
-520
-516
-429
-250
-177
-139
-59
-48
-54
37
312
480
462
481
564
616
699
851
949
894
828
843
900
971
973
875
755
720
719
677
642
582
423
275
258
293
230
72
-43
-101
-109
-87
-142
-230
-329
-347
-330
-301
-274
-324
-370
-372
-322
-305
-293
-299
-309
-305
-275
-221
-200
-117
-95
-125
-153
-55
78
60
132
181
115
69
156
321
303
255
235
204
210
242
276
234
145
110
86
103
87
16
-70
-148
-120
-126
-165
-224
-276
-310
-322
-290
-282
-302
-334
-308
-258
-204
-177
-201
-197
-180
-109
-68
-34
-15
-53
-56
-42
-6
-14
-21
-37
-77
-88
-113
-113
-123
-179
-237
-296
-330
-327
-350
-388
-451
-518
-525
-522
-479
-444
-401
-381
-440
-442
-321
-100
-59
-72
-9
49
87
180
437
525
479
504
622
694
760
855
871
804
794
831
822
856
867
763
621
588
602
569
517
434
293
181
182
210
178
76
-25
-89
-94
-50
-102
-185
-241
-245
-246
-255
-223
-211
-258
-270
-235
-216
-234
-238
-209
-204
-205
-194
-137
-107
-136
-164
-132
-37
-12
-8
50
52
-5
16
129
165
122
118
129
90
96
113
94
49
3
-37
-73
-70
-78
-141
-230
-265
-237
-219
-250
-285
-328
-357
-332
-297
-263
-293
-317
-294
-251
-179
-170
-170
-175
-166
-105
-52
-37
-48
-77
-75
-47
-44
-36
-56
-88
-112
-118
-102
-108
-133
-168
-189
-220
-251
-256
-240
-268
-325
-357
-341
-321
-309
-255
-217
-184
-211
-207
-157
-75
48
94
134
149
149
209
330
487
534
515
532
560
601
725
827
799
708
712
749
766
799
745
612
510
511
516
467
412
315
175
120
143
116
24
-49
-97
-147
-166
-167
-211
-273
-307
-278
-261
-268
-300
-331
-309
-285
-279
-300
-290
-261
-262
-263
-222
-192
-175
-164
-144
-120
-77
-32
-29
-4
15
16
33
75
139
173
166
138
134
154
147
139
138
92
32
13
14
-4
-79
-151
-176
-193
-212
-246
-280
-311
-342
-334
-303
-287
-307
-329
-323
-283
-230
-202
-200
-200
-170
-120
-95
-69
-53
-46
-38
-16
1
6
-10
-18
-21
-25
-30
-65
-79
-106
-120
-126
-154
-161
-163
-178
-194
-211
-207
-220
-217
-217
-207
-190
-168
-125
-92
-93
-95
-71
48
143
151
147
178
223
281
424
534
500
455
484
553
628
682
705
651
606
616
635
626
590
539
483
435
414
384
325
248
193
144
81
41
0
-66
-120
-167
-209
-219
-227
-253
-298
-326
-316
-301
-291
-288
-310
-318
-284
-225
-177
-169
-168
-199
-184
-101
-46
-32
-44
-21
2
26
72
98
82
62
58
89
119
109
110
96
76
42
16
0
-36
-73
-119
-125
-136
-173
-206
-219
-232
-271
-307
-300
-280
-280
-282
-301
-284
-250
-231
-219
-209
-180
-164
-141
-98
-71
-53
-24
-6
7
-6
7
28
17
16
0
-1
18
22
5
-29
-51
-67
-78
-78
-79
-99
-114
-105
-86
-89
-103
-117
-138
-130
-112
-83
-56
-42
-25
-4
40
99
105
94
111
187
243
271
324
346
336
357
431
485
485
465
452
455
493
509
481
440
410
369
342
314
264
205
164
134
93
52
9
-41
-87
-122
-145
-179
-233
-261
-257
-248
-257
-276
-300
-283
-265
-251
-232
-194
-165
-158
-122
-85
-46
-23
4
17
13
35
48
92
136
139
109
80
91
106
113
80
41
6
-8
-3
-9
-29
-89
-129
-162
-178
-186
-200
-234
-288
-279
-263
-254
-261
-278
-301
-305
-268
-222
-214
-226
-244
-217
-182
-154
-145
-165
-172
-160
-112
-70
-61
-77
-76
-60
-40
-29
-20
-26
-61
-80
-60
-26
-22
-29
-38
-39
-20
-23
-9
13
25
17
6
30
69
93
104
111
122
142
168
224
269
279
289
309
354
376
382
397
416
436
456
478
472
471
476
494
494
484
465
438
433
419
393
355
310
258
212
188
156
112
77
31
5
-32
-67
-104
-138
-151
-167
-179
-229
-265
-260
-245
-247
-260
-268
-281
-284
-261
-232
-217
-217
-219
-209
-167
-152
-146
-148
-155
-157
-153
-117
-98
-108
-135
-149
-138
-134
-143
-163
-172
-174
-187
-211
-207
-204
-225
-238
-244
-243
-262
-247
-234
-229
-222
-210
-172
-162
-163
-152
-134
-120
-118
-104
-77
-71
-69
-56
-51
-52
-54
-53
-70
-74
-56
-59
-62
-71
-67
-69
-74
-54
-44
-32
-38
-31
-13
4
26
50
78
87
99
115
130
165
207
240
257
278
316
342
358
366
380
389
392
391
384
376
370
357
353
363
348
316
284
271
268
253
244
210
156
136
134
122
103
74
45
32
33
43
34
13
-1
-4
7
8
11
28
26
37
42
37
29
8
12
21
22
14
-12
-39
-41
-34
-28
-47
-71
-95
-114
-111
-109
-111
-145
-179
-200
-214
-218
-219
-228
-251
-280
-285
-271
-271
-288
-284
-273
-290
-295
-287
-267
-261
-263
-252
-230
-219
-214
-205
-205
-196
-175
-150
-143
-137
-121
-112
-104
-101
-81
-71
-81
-86
-83
-75
-78
-93
-102
-119
-115
-104
-98
-100
-121
-123
-102
-89
-75
-56
-42
-15
5
15
35
62
82
101
134
162
183
194
220
258
265
285
304
317
329
345
362
371
359
354
355
347
333
321
308
286
285
268
246
224
206
217
217
197
180
172
158
143
127
137
126
111
104
95
84
57
67
79
74
50
26
29
32
29
14
9
3
-9
-10
-17
-31
-47
-49
-50
-53
-70
-87
-94
-83
-79
-100
-118
-129
-135
-146
-153
-146
-148
-154
-178
-187
-165
-168
-195
-207
-188
-178
-188
-180
-167
-173
-184
-186
-177
-162
-176
-169
-144
-134
-144
-156
-141
-131
-125
-126
-111
-104
-105
-119
-122
-100
-90
-96
-93
-76
-66
-69
-68
-55
-55
-39
-27
-10
-9
-6
12
26
36
26
40
39
60
68
66
77
97
110
88
111
134
149
166
177
176
169
174
194
216
217
200
173
171
190
197
196
181
157
150
172
172
157
132
127
132
129
135
131
118
96
87
80
75
62
40
32
23
15
1
-5
-18
-30
-31
-37
-35
-48
-52
-66
-90
-96
-93
-98
-109
-110
-111
-115
-106
-105
-98
-83
-88
-87
-75
-73
-67
-58
-47
-59
-72
-68
-69
-62
-78
-92
-86
-85
-97
-116
-113
-109
-127
-125
-115
-127
-141
-148
-132
-129
-139
-141
-144
-145
-147
-144
-130
-116
-113
-123
-118
-98
-88
-72
-46
-26
-21
-26
-14
3
7
7
15
26
41
49
57
77
90
97
109
127
136
148
154
158
176
177
173
172
184
193
187
208
204
174
168
190
204
202
203
189
195
198
202
193
182
171
157
160
147
142
121
114
117
103
93
89
92
82
70
65
58
44
26
27
41
24
-1
-26
-48
-55
-67
-71
-91
-130
-156
-166
-168
-181
-189
-195
-217
-238
-245
-238
-237
-240
-257
-252
-253
-251
-253
-244
-230
-243
-243
-238
-228
-206
-180
-169
-163
-148
-125
-100
-92
-83
-73
-62
-57
-44
-26
-35
-39
-35
-13
9
4
8
13
16
25
22
30
19
8
9
14
23
23
12
1
7
19
12
8
12
19
23
29
42
46
33
19
13
14
36
36
24
35
39
47
53
70
83
81
78
95
112
127
144
141
134
131
144
157
166
163
166
174
187
181
177
188
183
182
177
184
185
164
146
148
154
152
135
127
126
120
123
124
120
114
96
88
74
73
69
45
34
31
32
17
4
-5
-12
-22
-32
-40
-54
-64
-76
-88
-92
-111
-128
-130
-126
-132
-144
-151
-147
-156
-164
-161
-158
-152
-170
-175
-171
-163
-156
-149
-156
-152
-140
-131
-117
-105
-91
-99
-103
-93
-75
-72
-74
-71
-70
-71
-60
-47
-44
-50
-67
-69
-58
-55
-70
-68
-65
-69
-68
-66
-75
-95
-98
-81
-72
-74
-80
-83
-93
-100
-94
-85
-87
-89
-95
-97
-81
-73
-57
-50
-35
-32
-22
-4
8
13
14
26
38
54
62
77
86
85
96
123
145
160
166
172
187
196
211
231
239
239
233
236
244
237
234
238
243
245
228
221
220
204
196
183
175
161
143
126
108
109
87
69
53
53
46
24
19
20
1
-19
-21
-19
-23
-42
-45
-45
-61
-72
-73
-61
-64
-72
-76
-86
-99
-110
-113
-110
-116
-131
-143
-145
-134
-136
-133
-123
-127
-133
-134
-127
-118
-115
-104
-96
-100
-84
-75
-58
-43
-40
-29
-22
-6
0
6
17
17
12
16
26
37
28
20
21
19
15
7
1
7
11
-8
-29
-36
-47
-60
-75
-80
-91
-108
-113
-118
-129
-133
-141
-148
-148
-162
-166
-166
-158
-146
-147
-137
-138
-131
-121
-113
-86
-66
-47
-34
-19
7
33
54
76
88
94
111
134
154
162
171
174
188
202
207
220
223
218
209
207
199
184
178
185
187
171
145
138
134
129
117
112
109
96
90
77
65
56
45
40
34
26
15
9
2
0
8
23
25
9
0
6
4
-15
-24
-22
-34
-56
-65
-61
-75
-84
-77
-79
-81
-76
-70
-75
-93
-92
-81
-81
-72
-80
-83
-81
-79
-67
-67
-58
-43
-27
-14
-17
-14
-3
1
16
29
39
43
34
38
37
51
53
45
44
27
26
18
10
13
7
2
-9
-12
-17
-31
-34
-45
-65
-76
-82
-80
-100
-116
-108
-113
-117
-133
-134
-125
-138
-138
-128
-130
-128
-125
-107
-93
-90
-82
-74
-60
-45
-29
-11
1
8
12
24
37
49
68
85
104
110
121
128
127
135
149
157
160
160
146
131
124
120
117
113
111
98
84
74
75
66
50
46
40
32
17
7
5
-2
-5
-10
-21
-23
-25
-38
-40
-41
-45
-43
-39
-35
-50
-57
-60
-62
-62
-55
-48
-45
-48
-49
-38
-44
-55
-48
-45
-44
-41
-39
-40
-37
-34
-20
-14
-13
-13
2
6
-4
19
27
31
36
41
56
53
57
64
72
84
83
84
93
87
84
83
85
84
72
75
73
69
59
43
36
23
16
7
8
7
-18
-29
-36
-45
-52
-68
-73
-84
-101
-114
-122
-121
-123
-126
-133
-136
-133
-125
-113
-104
-100
-101
-107
-97
-82
-77
-63
-50
-34
-19
-8
13
20
29
47
56
61
65
76
81
78
82
84
84
81
83
85
90
86
81
73
67
63
61
56
45
26
14
9
9
5
-3
-11
-27
-32
-39
-54
-57
-58
-57
-60
-61
-62
-69
-69
-73
-69
-72
-69
-68
-73
-69
-65
-66
-69
-66
-66
-71
-72
-69
-69
-66
-60
-55
-44
-40
-33
-22
-21
-19
-11
6
14
17
20
29
37
41
47
53
62
75
77
82
91
93
96
107
114
112
116
117
115
109
104
110
110
106
100
85
74
65
58
55
49
39
28
17
13
-4
-16
-24
-28
-30
-44
-57
-67
-77
-78
-75
-69
-74
-74
-74
-75
-71
-77
-75
-74
-69
-62
-58
-41
-35
-31
-19
-8
3
9
20
25
30
31
36
47
56
63
69
78
87
89
89
92
99
96
98
100
92
88
80
82
78
68
59
50
49
46
32
21
14
7
-7
-18
-26
-33
-42
-55
-61
-65
-76
-86
-95
-98
-112
-128
-124
-123
-130
-131
-129
-127
-125
-119
-110
-105
-102
-95
-88
-80
-73
-66
-60
-51
-36
-25
-20
-9
-3
3
12
23
31
36
39
36
44
54
60
68
69
69
68
66
61
54
54
53
45
38
31
33
28
28
29
22
12
5
2
-3
-5
-7
-17
-27
-32
-33
-28
-30
-29
-28
-30
-30
-31
-29
-28
-26
-27
-33
-36
-42
-46
-48
-49
-45
-40
-37
-35
-33
-28
-29
-22
-13
-5
1
6
11
11
23
28
31
36
40
48
49
59
70
75
84
91
97
95
99
106
107
112
111
118
117
114
111
103
99
85
74
65
49
45
34
25
15
-2
-11
-22
-27
-36
-44
-55
-70
-72
-81
-91
-103
-112
-114
-121
-123
-125
-128
-125
-118
-110
-104
-98
-92
-88
-73
-61
-55
-49
-39
-28
-26
-20
-16
-11
-6
-1
11
18
27
29
35
43
41
48
45
49
49
44
43
38
40
38
37
38
38
38
35
31
31
31
30
29
30
24
18
21
19
17
14
14
20
16
17
12
4
1
-5
-3
-7
-14
-16
-14
-17
-24
-29
-33
-37
-36
-37
-41
-51
-57
-52
-51
-52
-52
-50
-42
-36
-30
-26
-21
-11
-1
9
14
18
20
24
38
46
49
60
67
75
75
78
85
89
94
93
94
95
89
85
78
71
67
63
58
47
38
30
21
18
7
-2
-11
-19
-24
-30
-38
-56
-61
-60
-63
-66
-72
-76
-78
-74
-71
-72
-70
-66
-63
-59
-57
-58
-54
-50
-44
-38
-36
-35
-32
-26
-23
-17
-11
-5
-1
1
0
1
1
5
8
10
11
7
10
13
12
16
18
22
20
25
27
20
24
28
28
26
25
32
33
30
29
31
33
28
28
27
23
17
14
14
9
4
0
-5
-5
-15
-21
-21
-26
-29
-33
-36
-41
-51
-51
-47
-47
-53
-53
-47
-49
-48
-47
-41
-37
-33
-25
-13
-8
-8
-2
9
14
19
27
35
38
43
48
55
58
59
65
69
70
73
74
73
71
69
66
65
