9
-6
1
-22
-10
-11
-11
-7
-9
6
-6
-3
0
5
-4
-6
5
-18
5
21
1
4
2
-2
-1
-3
5
3
11
12
14
1
-10
5
-11
-16
-21
-6
-9
-3
9
-2
0
-20
-15
-17
-36
-18
-8
-8
7
21
16
9
14
8
-12
3
-11
-1
11
15
-2
-4
12
-9
-10
-19
-22
-32
-27
-4
-27
-17
5
11
-1
-8
18
-5
3
18
1
-6
19
32
0
27
26
24
14
15
22
-6
17
5
1
-10
3
20
-2
12
27
-7
-13
-7
-9
-18
1
0
3
15
7
18
15
10
16
10
7
-4
25
20
21
17
7
4
-6
-15
-21
-25
-33
-26
-43
-41
-18
-22
-23
-10
-33
-34
-27
-20
-19
-15
-3
-14
3
5
9
-1
-5
-6
-20
-23
-19
-11
-21
2
-4
-10
-16
-17
6
-19
-26
4
-38
-4
11
-7
10
12
14
-10
-14
15
-36
3
0
14
15
15
59
37
2
41
25
-14
9
-6
12
-41
61
-16
-30
50
-61
8
-8
-35
-1
-3
-24
46
29
2
56
26
19
0
28
37
-13
63
37
26
84
-34
93
8
-37
38
-52
72
-41
36
44
27
0
49
79
-20
70
60
26
33
-1
99
-54
48
-12
-15
43
-71
78
-1
-43
27
1
-25
-37
80
-86
38
7
-17
79
-63
50
-65
77
-98
9
130
-119
85
115
-79
34
67
-47
-47
-5
-7
-149
9
-48
-49
-27
-5
-2
-20
-84
63
-66
-30
7
87
-82
9
184
-256
131
-57
5
-74
77
14
-86
183
-69
69
-5
-2
-16
25
-52
61
-7
-12
6
-27
-20
-68
28
-171
89
-146
-22
56
-57
26
28
94
-158
173
-1
-59
195
-92
222
-87
147
66
-74
122
-85
71
-91
84
-35
37
-7
44
-47
66
-4
62
-28
104
107
-113
247
-122
161
-34
129
92
0
165
37
-27
124
-10
-84
74
-87
-34
-26
-63
92
-183
5
90
-317
69
-24
-134
-2
-13
-38
-30
21
-2
-91
92
-23
-158
168
-100
-80
116
-55
-141
111
-126
-126
101
-180
12
-130
123
-175
37
107
-132
23
53
12
-113
266
-268
236
-156
13
24
-211
264
-412
252
-98
-202
336
-352
301
-213
53
95
-235
311
-292
338
-238
90
44
-170
87
-140
91
-150
73
14
-14
16
-12
66
-45
-7
63
-60
-63
80
-126
49
-29
9
16
37
61
-8
142
12
16
89
-3
64
-45
49
-25
-119
125
-133
148
-126
129
9
-124
128
-180
114
-136
57
3
3
35
15
19
-53
28
-22
-31
-13
36
-45
49
-33
-1
-34
-17
-61
14
-57
89
-100
124
20
-42
159
-61
106
-127
246
-247
184
-23
-53
135
-137
225
-340
451
-480
313
-196
-45
90
-203
157
-168
88
-126
64
-52
56
-81
233
-239
222
-159
129
-115
-37
129
-236
245
-301
364
-323
208
-33
-125
120
-202
129
-105
84
-109
172
-177
167
-133
215
-231
220
30
-225
411
-283
204
-74
111
-167
46
100
-195
111
-27
56
-108
123
-89
90
-42
-52
76
-32
-136
308
-293
248
11
-3
192
-208
333
-337
239
-130
-7
-53
106
-215
123
-167
-22
28
-52
-58
66
75
-247
321
-247
142
-92
132
9
-117
258
-240
27
16
-236
87
-55
-177
232
-260
140
-71
46
-34
-78
133
-178
65
-134
134
-287
214
-239
62
105
-240
356
-128
50
164
-124
267
-250
297
-132
1
205
-300
356
-324
291
-217
155
101
-161
383
-265
393
-145
106
92
61
-144
261
-78
-64
185
-206
153
-227
219
-288
156
-119
-73
-72
151
-270
98
150
-371
374
-177
-132
361
-364
316
-93
11
87
98
-4
38
118
-130
156
-114
283
-287
356
-60
122
36
132
27
47
140
-157
360
-317
363
-55
-83
320
-175
20
193
-291
272
-251
144
-18
-167
344
-404
395
-404
290
-356
265
-435
209
-115
-301
317
-592
437
-524
194
-204
11
-263
66
19
-407
253
-338
-51
-87
-104
-87
94
-323
156
-172
-28
-178
22
32
-324
314
-183
55
52
-6
59
-22
-18
84
29
-91
167
-33
86
-119
410
-343
233
136
-103
151
-19
236
-278
383
-150
170
79
91
-25
73
-32
-116
7
-90
-209
75
-223
33
-23
-119
173
-234
243
-295
141
49
-304
253
-201
-11
-81
132
-198
105
-57
-17
-18
103
-217
223
-39
-66
222
-90
190
-309
556
-410
262
189
-276
471
-225
274
93
-33
324
-218
413
-255
307
113
-265
639
-515
525
-161
187
93
-145
409
-427
440
-187
-27
206
-185
59
15
-57
-2
13
-125
80
-137
137
-241
313
-340
213
-106
123
-161
224
-89
-110
355
-429
180
-26
-98
-138
306
-411
413
-411
378
-271
43
116
-272
302
-567
518
-493
107
112
-265
94
29
-88
-15
29
45
-110
25
51
-278
355
-423
313
-189
-63
68
-180
-12
-161
-28
-231
146
-300
70
35
-165
81
-111
80
-101
1
126
-248
123
19
-132
73
-89
95
-224
110
125
-309
207
159
-254
136
158
-150
-19
257
-151
-150
510
-460
135
183
-69
-114
168
254
-438
424
49
-109
126
128
-30
89
12
-41
61
-42
-232
192
-91
-282
285
-115
-130
82
155
-259
124
177
-236
49
217
-169
-8
-57
150
-476
269
-179
-202
170
-377
222
-228
103
-158
41
-2
-227
177
-197
254
-397
342
-183
-11
-57
56
-31
-72
-16
8
67
-300
402
-376
476
-428
416
-87
-86
113
176
-375
322
-176
-238
539
-704
559
-263
-47
311
-423
503
-387
220
111
-188
389
-375
492
-320
231
-97
232
-213
234
-76
83
-64
204
-55
2
121
51
162
-222
555
-630
666
-518
305
-126
-46
88
-11
66
-223
338
-340
213
81
-226
167
2
-320
350
-310
387
-430
450
-191
-421
828
-854
500
-270
3
125
-446
390
-310
-79
-28
10
25
-552
693
-597
175
-2
-125
334
-530
436
-234
54
-18
14
124
-33
-278
242
-1
-269
108
86
-111
-113
-49
201
-246
-5
178
-43
-46
-64
319
-235
171
-165
461
-231
32
266
33
-72
46
249
34
-141
166
342
-499
460
-92
251
-80
-26
325
-244
177
-3
256
-224
186
-140
205
-42
-210
590
-194
-180
534
-340
254
-155
248
-117
-77
152
-294
478
-697
670
-308
-52
189
-139
151
-332
500
-402
130
145
-316
371
-411
269
-67
-69
191
-224
247
-371
143
-116
-111
-59
-26
-29
-266
102
-165
-88
34
-176
59
-60
-97
161
-205
6
132
-299
158
-64
-201
137
-127
-14
-133
-123
52
-143
-247
379
-637
345
-256
-274
265
-559
336
-419
130
-94
-25
-78
57
-86
-133
146
-185
53
-54
-73
113
-310
259
-78
-135
169
-145
109
-83
358
-337
358
-8
-103
60
34
190
-433
494
-270
30
155
61
92
-127
271
40
-97
321
56
-139
518
-498
575
-202
218
201
-212
581
-599
687
-212
35
242
-195
176
6
-62
142
72
-122
41
46
-20
-38
78
247
-200
171
229
-267
268
-178
168
-25
-112
419
-445
385
-368
197
-87
-202
438
-494
429
-314
170
-296
343
-193
-162
475
-444
135
-129
290
-527
303
-40
-213
-83
89
-207
-135
173
-430
327
-275
-122
106
-226
35
-14
-195
269
-482
322
-242
-106
314
-567
625
-453
63
108
-228
14
3
-22
-129
22
27
-93
-130
452
-620
516
-247
37
109
52
30
1
229
-338
253
-55
28
-86
179
43
-50
188
101
-115
86
-55
104
-70
141
99
-31
131
-89
212
-195
298
-80
119
-44
188
-180
39
198
-215
66
-19
128
-234
171
149
-94
-64
311
-263
-14
270
-285
117
-12
-223
187
-216
11
110
14
-10
110
52
-93
52
192
-202
126
138
-273
230
-153
105
-161
181
-94
-234
295
-181
-75
83
-153
47
-303
246
-200
-99
-22
-82
28
-326
310
-151
-45
134
47
-144
169
-141
133
-172
233
-275
151
53
-293
250
-197
70
-168
187
-263
207
-420
229
-247
-238
166
-238
-17
-111
-29
86
-164
236
-46
52
298
-162
372
-82
177
-223
475
-242
41
325
-129
102
108
338
-251
346
109
-52
216
195
22
102
231
-108
94
34
28
99
-16
157
33
-198
215
-94
-121
112
39
-149
-167
461
-397
248
104
-83
25
153
-1
-159
246
-185
41
31
124
-671
613
-356
-61
289
-245
212
-370
393
-88
-158
103
86
-97
-27
-5
-103
-113
-102
140
-77
35
-97
-143
21
-81
30
12
150
-258
-48
235
-130
-234
285
76
16
5
268
-316
-83
154
-47
-16
-140
97
-138
-61
-116
83
-191
-48
48
105
-109
-121
77
-163
-232
105
36
-199
109
-116
106
-13
-263
90
36
-141
50
304
-129
-74
13
-30
-212
66
6
116
242
-196
96
198
-302
-39
326
-130
-18
78
51
-108
-167
-35
-59
-30
27
197
276
-249
12
245
-184
109
282
76
-60
0
188
-37
69
132
158
112
32
148
107
40
-19
168
-189
-68
-92
-98
131
-155
-20
134
-141
-70
174
-51
-35
-17
96
-29
4
63
-49
-67
-56
-11
79
-30
26
104
-128
-4
11
32
33
5
62
-11
-82
-47
-78
-121
-38
-96
-27
-102
-163
43
-85
-90
65
-84
-1
-42
-25
-57
-39
-2
-143
32
-166
-192
-92
-191
-148
-108
-83
-125
-222
-114
-183
-144
-169
-86
-97
-87
-55
-62
-39
-103
-58
3
-56
-90
-29
-72
-68
-107
8
23
43
95
126
-3
-16
31
23
-53
3
37
-44
-45
1
-24
-70
-7
40
19
41
84
46
24
10
-18
17
-42
42
25
118
11
29
81
20
125
106
169
150
143
107
167
19
100
147
106
191
229
133
125
61
68
60
101
181
170
219
147
155
103
92
21
114
168
114
126
72
-25
-73
-2
-74
-5
13
-18
101
61
-8
20
-71
16
21
105
103
41
10
-87
6
-106
-60
3
-78
-48
-47
-42
-105
-121
-57
-132
-74
-196
-214
-237
-336
-255
-263
-276
-284
-266
-278
-277
-299
-291
-245
-235
-191
-187
-125
-132
-138
-75
-148
-130
-249
-211
-305
-308
-290
-377
-272
-412
-439
-422
-457
-414
-301
-285
-254
-225
-160
-138
-2
92
239
306
464
608
811
893
1007
1121
1100
1242
1224
1247
1182
992
923
794
614
563
382
334
116
79
13
-114
-174
-166
-184
-183
-62
-108
-77
39
17
101
200
164
285
389
435
532
582
538
557
522
502
439
369
211
146
-2
-80
-233
-335
-414
-580
-602
-752
-774
-887
-919
-982
-961
-1017
-986
-1024
-985
-978
-977
-966
-971
-950
-945
-887
-981
-989
-1143
-1245
-1476
-1531
-1403
-1465
-931
-71
500
477
349
547
419
952
2047
2471
1939
1629
1630
1214
931
1295
1321
804
673
870
680
-296
-615
-991
-1370
-1138
-717
-603
-1118
-1463
-1434
-1514
-1243
-824
-341
-65
244
701
963
1112
1117
1380
1629
1880
2046
2116
1833
1410
1133
1088
923
677
546
497
261
-31
-194
-512
-876
-1007
-560
-469
-424
-346
-391
-524
-509
-123
153
342
634
1002
1018
954
878
724
659
650
840
868
617
292
-10
-283
-429
-459
-452
-499
-493
-539
-622
-794
-942
-851
-725
-402
-187
-59
-115
-197
-250
-164
-183
-123
-38
-69
-98
-300
-538
-836
-1018
-1101
-1048
-1081
-1215
-1390
-1719
-1993
-2174
-2400
-2391
-2643
-2552
-2607
-1924
112
1198
1177
499
698
517
1435
3981
4504
3328
2032
1832
1106
440
1464
1516
466
57
500
204
-1478
-2197
-2623
-2928
-2143
-935
-538
-1615
-2235
-2357
-2211
-1281
-330
435
711
969
1367
1524
1671
1769
1786
2158
2575
2767
2471
1710
855
483
538
642
587
373
8
-519
-789
-882
-1079
-1324
-1078
-692
-439
-335
-302
-271
-305
-5
681
1197
1362
1536
1559
1547
1522
1419
1487
1253
1178
1166
1004
732
75
-335
-627
-618
-395
-270
-179
-378
-557
-676
-701
-496
-366
-30
294
457
517
367
223
96
133
288
387
391
188
-79
-314
-614
-675
-788
-753
-707
-785
-848
-1106
-1278
-1418
-1379
-1180
-1014
-1010
-1115
-1376
-1590
-1855
-1892
-1992
-2116
-2313
-2351
-2261
-1987
-167
1525
1924
1165
873
879
1183
3422
4613
3844
1987
993
513
-285
349
794
267
-611
-752
-490
-1483
-2372
-2708
-2673
-1949
-855
-32
-568
-1466
-1883
-1639
-665
329
1030
1349
1374
1270
1302
1607
1847
1805
2007
2212
2350
1961
1201
448
-74
-4
236
419
301
-177
-739
-1130
-1117
-913
-785
-501
-170
32
173
215
197
138
215
751
1116
1328
1256
993
713
734
857
892
1030
878
730
444
345
-58
-393
-430
-332
-78
-47
2
-185
-473
-554
-522
-208
-16
167
361
295
278
35
-8
-7
35
205
176
49
-289
-628
-952
-1058
-1032
-920
-733
-712
-812
-918
-1038
-1070
-976
-847
-620
-596
-578
-658
-864
-1074
-1219
-1255
-1359
-1398
-1683
-1969
-2253
-2329
-2328
-2039
-78
1894
2577
1535
820
473
712
3320
4956
4726
2513
994
256
-702
269
941
806
-283
-749
-509
-1537
-2284
-2777
-2653
-1977
-683
513
44
-932
-1639
-1544
-572
756
1823
2261
1985
1616
1349
1524
1874
1744
1721
1743
1914
1637
928
113
-633
-760
-294
224
380
63
-475
-943
-959
-729
-556
-265
-81
99
309
342
154
-112
-172
132
442
649
782
620
297
184
415
641
733
940
809
607
366
92
-217
-439
-201
-108
48
35
-192
-450
-755
-631
-345
1
285
318
240
-28
-127
-61
100
254
287
280
77
-185
-429
-511
-518
-459
-266
-80
-125
-289
-558
-619
-580
-500
-323
-226
-231
-425
-612
-868
-1001
-1088
-1095
-1116
-1261
-1583
-2027
-2385
-2738
-2942
-2974
-2748
-2707
-1449
888
2493
2127
727
539
444
2294
4822
5481
3888
1122
116
-790
-400
791
1196
419
-1176
-1178
-1565
-2115
-2513
-2668
-2144
-1407
76
443
-224
-1103
-1319
-704
454
1755
2517
2538
1898
1511
1479
1911
2101
1972
1706
1542
1409
762
68
-618
-860
-665
-220
217
240
-145
-650
-885
-774
-353
100
479
594
599
524
345
214
31
61
261
666
1005
1038
760
320
159
101
293
540
725
666
353
95
-458
-744
-828
-640
-382
-273
-269
-511
-768
-972
-904
-686
-374
25
297
520
552
434
367
226
275
310
328
292
101
-100
-410
-647
-846
-870
-720
-563
-520
-520
-636
-700
-701
-536
-299
-235
-208
-317
-495
-736
-1004
-1228
-1362
-1552
-1710
-1952
-2285
-2677
-3137
-3148
-3137
-2622
-295
2237
3421
2086
890
531
1047
3713
5594
5787
3257
1022
-59
-872
38
665
871
-427
-1263
-1197
-1754
-2162
-2890
-2937
-2561
-1194
307
595
-8
-720
-968
-630
557
1868
2785
2659
2096
1489
1288
1559
1462
1311
1058
1215
1101
472
-103
-628
-779
-765
-475
1
318
279
-16
-414
-512
-410
-162
314
631
740
462
192
72
-93
-152
-14
293
501
539
511
278
61
-100
-51
207
648
989
907
566
-63
-541
-540
-266
75
268
242
4
-452
-733
-776
-591
-300
51
476
698
673
403
85
-125
-172
-13
261
476
373
-19
-441
-737
-907
-869
-670
-442
-268
-246
-234
-308
-383
-386
-322
-214
-254
-338
-672
-1086
-1441
-1633
-1747
-1876
-1968
-2133
-2292
-2640
-2853
-3046
-2873
-2658
-1259
1379
3464
3532
1918
1302
887
2310
4550
5800
4902
1942
457
-898
-823
-40
426
113
-1309
-1334
-1545
-1708
-2125
-2553
-2678
-2172
-436
788
1053
480
-44
-496
-106
971
2309
2891
2467
1908
1246
1350
1214
1049
692
499
692
419
237
-233
-739
-1263
-1350
-794
-105
273
85
-299
-707
-715
-568
-239
14
155
253
177
267
125
39
-56
-16
258
345
500
417
345
243
156
183
274
632
772
733
341
-30
-340
-360
-142
70
272
22
-251
-538
-514
-368
-217
96
389
754
833
777
532
282
141
99
300
391
294
-26
-406
-732
-897
-877
-687
-515
-368
-216
-167
-151
-299
-385
-442
-405
-262
-176
-229
-492
-817
-1202
-1516
-1732
-1895
-2023
-2109
-2279
-2518
-2799
-2867
-2944
-2301
-94
2353
3496
2501
1796
1361
1765
3498
4787
4836
2505
841
-233
-794
-375
-191
-212
-1632
-2108
-1839
-1660
-1689
-2210
-2443
-2564
-1537
-246
588
657
456
222
310
951
1800
2433
2158
1851
1495
1836
2237
2149
1662
837
578
169
43
34
-167
-567
-976
-877
-653
-484
-557
-767
-985
-892
-582
-187
49
30
-33
-111
136
408
605
689
676
682
517
515
625
720
707
609
640
670
651
544
342
54
-191
-322
-262
-145
-55
-58
-278
-449
-582
-498
-434
-279
-36
230
508
587
585
388
274
216
222
239
188
80
-117
-224
-343
-509
-691
-708
-649
-581
-392
-198
-54
-126
-268
-339
-404
-360
-398
-398
-464
-651
-950
-1309
-1618
-1849
-2007
-2073
-2126
-2318
-2496
-2763
-2724
-2784
-1532
653
2447
2730
1959
1966
1672
2530
3468
4056
3208
1515
1016
225
249
117
114
-826
-1961
-1789
-1427
-913
-1228
-1521
-2175
-2172
-1530
-744
-273
-164
236
318
709
1034
1724
1782
1482
1328
1555
2383
2650
2568
1870
1379
853
287
10
-117
-156
-522
-662
-695
-562
-642
-892
-1255
-1552
-1399
-1069
-568
-273
-3
92
159
414
585
744
688
735
847
1073
1426
1521
1399
964
550
265
191
215
217
75
-114
-291
-376
-358
-481
-525
-648
-506
-284
-93
66
42
61
39
212
413
536
614
626
594
507
442
306
104
-126
-163
-138
-164
-307
-415
-444
-503
-455
-417
-325
-320
-404
-423
-383
-276
-256
-331
-435
-602
-788
-1000
-1230
-1456
-1629
-1738
-1836
-2059
-2296
-2650
-2862
-3074
-2720
-1224
544
1715
1619
1733
1721
1841
2390
2742
2735
1661
1285
1182
1226
1286
1169
794
-407
-1071
-1167
-847
-798
-1013
-1351
-1608
-1470
-1216
-1070
-1153
-926
-740
-511
-290
242
825
924
989
1120
1721
2189
2413
2380
2262
2220
1867
1470
1093
802
404
-24
-274
-376
-436
-557
-851
-1358
-1672
-1789
-1702
-1555
-1245
-771
-462
-62
266
561
625
588
693
758
1084
1371
1660
1745
1598
1386
1067
877
621
415
249
-3
-181
-247
-257
-320
-569
-807
-895
-929
-902
-824
-592
-354
-116
94
238
328
311
237
162
256
422
497
390
255
166
9
-245
-462
-419
-321
-249
-263
-275
-288
-438
-631
-720
-667
-618
-555
-508
-581
-712
-841
-968
-1123
-1253
-1201
-1201
-1295
-1500
-1646
-1805
-2070
-2210
-2290
-1658
-661
394
945
1222
1478
1458
1701
1862
2053
1595
1232
1178
1233
1509
1575
1693
1125
615
311
279
241
-83
-449
-934
-1099
-1244
-1253
-1238
-1110
-1092
-1195
-1143
-961
-574
-430
-255
-73
397
1015
1492
1838
1968
2124
1994
1793
1575
1377
1149
844
684
586
559
479
255
-156
-558
-860
-1078
-1333
-1512
-1492
-1393
-1129
-771
-407
-133
-9
43
54
177
387
560
736
895
1192
1437
1530
1491
1284
1065
752
524
419
346
202
-41
-202
-263
-343
-424
-503
-518
-489
-451
-378
-406
-470
-520
-520
-335
-71
274
413
354
271
158
44
-116
-182
-82
83
236
296
324
233
8
-202
-321
-302
-352
-443
-559
-638
-621
-634
-679
-832
-915
-1017
-1194
-1371
-1534
-1610
-1690
-1769
-1884
-1885
-1802
-1735
-1640
-1199
-521
122
451
734
1083
1307
1624
1781
1847
1534
1306
1243
1210
1244
1219
1299
1133
964
835
812
680
285
-188
-571
-707
-802
-902
-1083
-1099
-1069
-957
-792
-588
-347
-338
-362
-345
28
549
914
1116
1202
1394
1435
1280
1095
968
878
738
605
529
507
505
459
367
238
86
-129
-337
-489
-560
-652
-673
-597
-472
-301
-248
-225
-290
-338
-259
-103
69
150
223
351
477
632
758
890
945
841
741
578
439
226
91
46
2
-4
-26
-88
-240
-401
-527
-588
-587
-478
-371
-304
-286
-263
-234
-238
-207
-138
-51
-42
-63
-59
-23
-23
17
71
200
243
222
186
26
-98
-258
-304
-382
-436
-486
-573
-734
-894
-1017
-1089
-1153
-1290
-1362
-1442
-1391
-1391
-1403
-1402
-1423
-1340
-1302
-1070
-666
-137
306
509
826
1108
1446
1670
1757
1626
1313
1175
1062
1018
969
1122
1162
1020
911
876
810
405
-28
-434
-668
-849
-906
-891
-907
-832
-837
-742
-654
-462
-353
-380
-440
-391
-114
141
359
508
714
874
902
817
764
741
677
672
722
810
820
790
690
551
437
305
80
-208
-418
-523
-664
-766
-803
-773
-719
-658
-541
-421
-326
-263
-186
-115
29
147
288
396
515
675
739
828
853
845
749
593
435
248
58
-126
-242
-281
-235
-150
-119
-179
-286
-407
-509
-560
-470
-316
-175
-73
-13
18
30
39
48
110
160
204
185
184
186
171
188
191
254
251
230
115
-78
-297
-546
-720
-903
-1024
-1074
-1022
-949
-900
-917
-985
-1050
-1101
-1151
-1205
-1182
-1128
-1029
-983
-807
-439
39
437
528
686
831
989
1098
1184
1245
1091
1011
1001
1105
1169
1202
1146
1018
944
908
818
511
189
-165
-466
-738
-844
-884
-936
-939
-960
-867
-880
-839
-781
-697
-577
-454
-200
-18
133
258
434
609
797
975
1090
1158
1140
1103
1001
941
922
905
861
762
723
604
359
43
-259
-515
-753
-875
-890
-850
-801
-755
-634
-510
-381
-271
-224
-159
-55
90
211
344
559
725
804
747
654
562
405
229
102
72
43
4
10
-2
-46
-178
-306
-399
-461
-459
-466
-456
-417
-329
-245
-170
-79
-6
42
111
211
264
254
232
263
311
379
462
483
440
276
121
-38
-226
-433
-615
-726
-818
-848
-917
-1013
-1089
-1119
-1095
-1055
-1019
-1089
-1179
-1243
-1241
-1171
-1080
-1021
-1027
-757
-315
134
363
562
833
982
1230
1444
1640
1443
1191
1149
1179
1271
1253
1297
1063
812
626
521
287
-84
-421
-739
-917
-1066
-1068
-1267
-1446
-1483
-1368
-1127
-967
-774
-743
-709
-643
-394
-58
236
531
797
1162
1417
1589
1582
1488
1341
1216
1203
1205
1218
1141
1009
791
589
411
108
-260
-571
-766
-957
-1090
-1087
-1012
-911
-813
-694
-537
-413
-305
-196
-52
147
347
564
692
905
1122
1217
1170
1023
894
715
577
402
261
79
-95
-189
-247
-298
-397
-495
-620
-726
-792
-778
-778
-697
-521
-313
-98
67
214
261
256
285
313
348
346
313
310
286
286
257
183
54
-54
-145
-315
-521
-745
-868
-956
-957
-865
-809
-830
-963
-1033
-1112
-1126
-1181
-1206
-1242
-1250
-1159
-1119
-1077
-1053
-534
109
740
979
1254
1523
1553
1724
1807
1929
1507
1298
1272
1293
1238
1107
1111
741
550
386
338
-36
-473
-831
-1194
-1308
-1445
-1359
-1440
-1374
-1280
-1124
-944
-804
-608
-520
-368
-163
279
762
1142
1351
1545
1718
1767
1714
1556
1431
1276
1189
1041
906
796
607
346
0
-245
-565
-967
-1389
-1607
-1628
-1589
-1466
-1257
-982
-718
-467
-276
-143
-23
153
301
551
822
1090
1218
1305
1415
1445
1380
1096
744
355
64
-177
-317
-395
-439
-471
-559
-601
-692
-830
-966
-999
-902
-682
-422
-158
79
275
456
560
618
639
636
580
496
420
387
384
380
366
334
316
212
11
-241
-445
-621
-824
-977
-1076
-1157
-1244
-1315
-1372
-1426
-1486
-1511
-1538
-1593
-1599
-1592
-1585
-1589
-1449
-1338
-960
-64
939
1587
1600
1811
1847
1994
2270
2460
2247
1522
1390
1311
1279
1032
888
542
-4
-215
-264
-291
-821
-1197
-1572
-1571
-1380
-1164
-1080
-1169
-932
-738
-387
-192
81
236
346
559
873
1399
1690
1767
1699
1789
1781
1605
1247
849
531
289
209
39
-52
-141
-277
-567
-811
-969
-1181
-1378
-1408
-1198
-991
-779
-541
-270
-97
77
221
338
475
535
661
732
947
1042
1049
1016
918
843
578
341
-1
-242
-386
-478
-528
-565
-557
-590
-660
-726
-713
-713
-645
-510
-265
-8
205
349
452
530
592
617
529
483
426
370
331
414
505
524
528
473
411
255
74
-142
-329
-387
-414
-413
-455
-548
-670
-859
-996
-1165
-1264
-1364
-1437
-1523
-1560
-1602
-1649
-1753
-1829
-1864
-1926
-1851
-1907
-969
221
1376
1585
1566
1907
1809
2268
2399
2595
1702
1059
1038
1002
985
563
458
-278
-537
-588
-471
-647
-1054
-1265
-1568
-1227
-989
-809
-975
-852
-503
-208
169
369
585
597
718
839
1099
1414
1581
1512
1440
1449
1259
916
464
153
-43
-21
-74
-147
-147
-152
-191
-356
-413
-568
-772
-848
-665
-420
-286
-150
-54
64
128
174
115
107
266
428
652
838
1010
939
721
558
407
378
259
132
24
-18
18
-98
-210
-366
-479
-588
-616
-533
-450
-275
-84
154
297
384
428
362
325
341
370
336
290
313
340
325
264
176
116
86
102
80
77
86
71
48
-38
-110
-236
-315
-380
-447
-575
-699
-863
-1118
-1415
-1679
-1800
-1954
-1989
-2090
-2014
-2167
-2137
-2160
-2084
-1996
-1785
-268
1153
2281
1797
1743
1637
1604
2344
2705
2724
1287
1061
899
705
360
-23
-311
-1160
-717
-257
-4
-413
-774
-1077
-1333
-803
-514
-535
-713
-389
-11
209
418
494
406
429
620
729
957
1182
1222
992
909
837
575
273
-8
10
74
257
248
145
173
75
-63
-254
-266
-353
-363
-167
-46
-133
-294
-387
-508
-514
-325
-179
-54
147
445
665
692
769
597
536
460
479
399
237
298
42
-60
-126
-213
-311
-404
-272
-248
-210
-119
-82
-19
64
278
391
431
589
576
591
527
514
381
246
256
149
166
80
88
34
22
67
37
51
92
165
137
152
152
110
36
-13
-121
-322
-593
-846
-1060
-1276
-1446
-1651
-1751
-1870
-1878
-1867
-1834
-1839
-1956
-1922
-1971
-1756
-1770
-1009
495
1868
2183
1394
1441
1114
1565
2183
2684
2038
764
807
539
358
4
65
-386
-774
-47
287
17
-647
-911
-1177
-1099
-433
-156
-340
-381
-96
26
26
31
-8
-92
128
374
619
929
1104
990
734
768
607
333
196
273
434
457
443
232
81
5
-127
-269
-374
-383
-392
-242
-108
-204
-416
-491
-478
-417
-233
-22
68
175
407
536
555
581
670
709
801
946
853
691
541
268
0
-127
-123
-258
-259
-77
-12
-61
-83
67
106
130
299
382
405
421
517
491
430
389
213
32
-93
-116
-145
-92
0
110
191
224
256
249
216
167
131
102
94
59
9
-86
-216
-446
-696
-920
-1115
-1236
-1351
-1454
-1516
-1581
-1601
-1629
-1624
-1741
-1858
-2021
-2060
-2053
-1836
-1487
-1107
243
1480
2278
1612
1298
1210
1155
2004
2506
2560
1239
920
882
422
282
198
187
-389
14
451
46
-612
-986
-1136
-1155
-588
-101
-241
-364
-198
-256
-351
-362
-252
-194
273
839
946
1004
959
820
520
450
391
172
226
412
635
583
517
211
-96
-150
-164
-190
-283
-255
-354
-311
-254
-413
-723
-827
-629
-465
-199
32
188
214
274
353
317
420
384
573
602
748
655
434
384
142
189
30
240
211
285
326
288
178
62
146
141
281
388
609
602
633
582
519
361
231
203
115
175
108
181
195
273
220
122
108
61
84
82
180
182
176
138
61
-125
-346
-518
-720
-897
-1125
-1206
-1310
-1383
-1449
-1523
-1529
-1635
-1616
-1566
-1432
-1387
-1418
-1477
-1594
-1471
-1378
-1059
-1031
-362
724
1608
1668
1011
1127
795
1367
2057
2467
1870
894
990
545
292
96
105
-215
-467
47
13
-482
-944
-1067
-1081
-747
-262
-172
-338
-243
-129
-217
-181
-146
-11
231
710
718
495
485
529
527
437
624
535
477
504
577
538
263
84
-135
125
289
247
98
-69
-154
-426
-489
-592
-713
-766
-525
-201
17
200
246
244
259
336
405
476
588
756
867
898
691
529
415
364
299
235
253
189
121
81
21
-110
-170
-149
-31
33
91
52
21
22
13
79
100
161
116
143
130
135
104
58
111
107
198
215
275
229
175
131
57
29
-86
-103
-154
-266
-433
-679
-821
-1009
-1114
-1227
-1309
-1305
-1330
-1277
-1343
-1340
-1395
-1389
-1377
-1354
-1338
-1308
-1192
-1037
-885
-685
-630
-448
387
1183
1595
1119
1124
996
1017
1659
2064
1876
922
863
944
694
550
452
158
-245
42
206
-95
-527
-711
-899
-812
-480
-428
-562
-526
-359
-401
-317
-221
-201
-81
353
594
492
612
745
818
774
818
793
651
728
761
848
774
576
336
275
321
112
-95
-226
-343
-547
-527
-402
-451
-498
-440
-225
-130
-124
-102
-45
86
161
278
507
663
714
692
741
741
619
596
519
428
246
147
21
-124
-191
-253
-259
-292
-252
-211
-202
-249
-292
-231
-104
-16
46
117
209
246
197
181
134
99
83
83
83
99
91
66
25
-73
-185
-263
-318
-317
-312
-340
-441
-611
-702
-740
-801
-902
-952
-982
-968
-915
-845
-828
-855
-812
-722
-597
-513
-428
-457
-531
-552
-550
-516
-604
-652
-747
-408
151
591
630
475
596
578
872
1290
1547
1312
1051
1128
1065
908
731
568
213
101
210
170
-50
-301
-470
-667
-637
-593
-597
-520
-397
-387
-416
-287
-272
-368
-326
-77
40
110
348
538
605
566
625
668
676
699
666
679
692
650
599
566
474
308
179
123
72
-29
-32
-39
-86
-134
-145
-146
-241
-335
-382
-292
-178
-118
-11
37
94
42
65
145
124
141
155
267
271
255
222
174
155
158
234
263
245
161
165
199
233
218
192
244
272
265
205
180
127
73
58
66
86
19
-11
-3
-10
-71
-132
-138
-137
-161
-199
-233
-272
-359
-410
-376
-348
-350
-398
-393
-397
-440
-446
-419
-365
-383
-385
-372
-395
-429
-467
-440
-426
-470
-540
-633
-704
-782
-828
-874
-896
-858
-780
-576
-356
-236
-317
-381
-361
-268
-71
196
410
293
211
278
461
519
491
542
541
600
681
888
916
737
610
641
677
536
420
342
205
30
-5
30
-62
-231
-287
-258
-316
-383
-355
-217
-69
-36
9
87
201
244
321
428
417
345
405
639
741
662
618
654
673
628
632
575
435
296
277
336
245
79
-78
-192
-335
-515
-634
-690
-701
-737
-660
-538
-476
-479
-437
-331
-258
-231
-74
178
316
352
398
500
426
338
350
508
561
561
646
692
659
515
436
294
137
18
-23
50
59
22
-54
-86
-162
-268
-294
-303
-299
-326
-254
-219
-282
-356
-395
-400
-459
-412
-334
-238
-171
-132
-101
-117
-146
-184
-163
-144
-133
-171
-230
-327
-507
-647
-736
-781
-792
-759
-723
-740
-837
-918
-887
-755
-665
-674
-590
-493
-355
-132
98
170
1
-45
114
321
411
484
530
517
487
571
732
712
548
435
515
523
431
352
243
80
-59
29
114
69
-59
-108
-107
-160
-177
-145
-14
62
80
144
323
410
412
524
621
633
624
778
960
969
906
876
844
720
575
501
452
340
219
172
108
-82
-365
-537
-630
-709
-741
-666
-597
-632
-638
-540
-451
-393
-294
-165
-28
61
228
375
477
493
467
492
478
452
424
458
444
370
338
351
319
227
182
127
58
-3
-23
-65
-161
-249
-326
-363
-378
-404
-459
-437
-378
-359
-284
-197
-167
-194
-207
-164
-150
-106
-61
-16
58
126
185
170
151
107
41
-31
-107
-200
-314
-401
-523
-636
-717
-785
-893
-1008
-1073
-1096
-1119
-1103
-1072
-966
-791
-589
-505
-581
-585
-518
-353
-108
187
286
225
238
380
497
485
493
529
604
639
786
874
721
489
394
460
409
293
225
188
96
47
125
120
24
-62
-34
24
-1
-9
64
239
337
354
416
502
495
481
621
702
633
591
711
808
729
625
534
419
286
226
226
176
26
-126
-165
-207
-367
-525
-560
-548
-574
-554
-426
-368
-425
-450
-354
-274
-235
-156
-21
105
165
250
378
490
433
387
416
386
316
288
333
254
170
190
247
208
108
79
22
-27
-101
-131
-146
-211
-311
-333
-289
-322
-391
-376
-289
-284
-272
-180
-71
-49
-46
35
114
145
135
169
177
158
113
56
11
-87
-196
-298
-343
-411
-483
-532
-609
-705
-777
-796
-813
-865
-935
-948
-945
-926
-898
-865
-832
-724
-492
-264
-218
-267
-257
-191
-40
189
388
398
365
444
589
608
542
483
477
493
544
670
664
536
417
460
499
374
253
233
212
168
212
238
139
-13
-43
-8
-12
-65
-42
115
270
327
339
375
366
324
393
521
523
439
411
473
470
399
339
313
252
160
99
24
-66
-181
-192
-135
-150
-253
-321
-288
-308
-315
-294
-257
-293
-291
-189
-99
-82
-81
7
117
207
251
339
426
427
400
443
446
354
274
317
351
280
235
190
134
2
-101
-166
-211
-249
-275
-234
-228
-236
-227
-163
-135
-122
-56
23
74
70
79
66
12
-27
-7
56
61
37
23
16
-36
-121
-155
-179
-230
-297
-317
-333
-384
-451
-487
-517
-565
-617
-633
-634
-658
-674
-671
-666
-715
-739
-749
-721
-722
-687
-530
-368
-287
-317
-262
-189
-125
0
233
348
278
276
360
437
418
486
562
587
555
558
621
534
395
338
391
334
242
243
262
175
43
31
9
-65
-136
-110
-51
-56
-30
79
212
243
211
219
234
204
175
231
278
247
227
289
345
279
197
189
193
144
114
160
202
177
153
164
142
27
-77
-89
-91
-156
-189
-112
-72
-80
-85
-59
-67
-101
-57
34
100
83
78
97
124
92
80
111
84
55
55
86
75
29
-6
10
-3
-21
-20
-21
12
44
99
150
169
136
106
87
54
23
22
31
0
-12
-51
-86
-138
-157
-141
-127
-113
-112
-85
-87
-74
-71
-73
-93
-120
-160
-204
-256
-332
-359
-403
-447
-496
-533
-545
-585
-609
-623
-641
-710
-741
-744
-729
-711
-642
-465
-317
-271
-326
-313
-293
-231
-88
93
166
104
128
211
325
339
383
441
480
493
552
614
487
332
280
352
307
240
236
213
136
73
114
105
45
-43
-14
52
72
92
143
209
136
43
53
105
80
82
195
269
260
263
334
334
253
189
202
228
192
163
162
149
73
19
17
-16
-124
-196
-166
-119
-153
-161
-108
-105
-150
-162
-96
-52
-35
24
126
191
218
237
284
308
273
257
286
329
322
326
380
376
300
254
222
179
102
56
80
92
71
51
77
36
-52
-98
-71
-63
-69
-25
48
82
61
72
97
103
75
61
70
40
-11
-28
10
0
-34
-47
-43
-77
-136
-176
-244
-345
-465
-543
-598
-651
-687
-684
-679
-686
-691
-688
-701
-747
-781
-775
-720
-686
-589
-443
-335
-335
-376
-300
-220
-107
68
251
290
288
337
423
471
451
463
467
491
487
487
458
356
246
222
248
149
33
-7
-25
-84
-115
-91
-131
-182
-153
-60
9
36
80
159
270
319
334
351
375
386
422
520
569
546
546
606
634
598
552
515
459
369
286
238
144
21
-71
-130
-224
-333
-362
-317
-296
-308
-277
-274
-292
-285
-246
-175
-162
-134
-76
-15
26
38
38
58
86
92
119
143
140
101
106
131
121
65
35
19
-20
-29
-17
4
16
21
4
-22
-51
-81
-106
-117
-101
-89
-39
19
47
46
32
28
8
6
39
58
54
59
50
11
-31
-75
-86
-123
-136
-130
-170
-227
-284
-317
-354
-395
-430
-432
-423
-431
-461
-499
-560
-616
-655
-659
-633
-605
-558
-470
-324
-183
-113
-108
-87
-51
-8
91
191
244
220
236
313
391
408
413
455
458
459
473
503
427
279
202
168
112
52
76
91
69
62
107
116
81
80
106
136
143
182
221
275
291
260
262
279
295
286
333
375
351
334
362
377
289
217
164
116
53
14
-13
-75
-121
-169
-168
-175
-218
-259
-256
-224
-217
-200
-158
-120
-132
-123
-99
-81
-80
-57
-13
-24
-24
2
50
90
92
86
81
77
73
85
87
62
43
47
68
65
43
28
21
8
-15
-49
-78
-131
-165
-155
-122
-111
-115
-96
-70
-43
-22
3
3
-25
-65
-96
-124
-155
-180
-188
-187
-236
-287
-306
-303
-297
-265
-228
-226
-253
-275
-296
-337
-372
-388
-361
-339
-327
-321
-315
-317
-323
-312
-288
-238
-214
-145
-63
7
58
74
72
67
100
132
184
227
255
254
285
317
316
322
317
333
342
351
349
332
303
260
220
186
164
146
148
181
197
173
178
197
194
194
175
150
132
112
112
119
101
73
77
110
148
170
199
219
209
217
233
245
213
190
183
185
181
146
103
40
-12
-53
-57
-52
-61
-94
-110
-108
-118
-117
-102
-86
-92
-83
-81
-71
-77
-94
-99
-109
-90
-67
-40
-28
-25
-30
-45
-40
-37
-21
-12
-9
-11
-6
-2
-16
-38
-54
-62
-92
-94
-100
-102
-87
-75
-43
-26
-45
-87
-120
-144
-154
-146
-117
-97
-105
-126
-139
-160
-200
-216
-220
-217
-217
-194
-161
-139
-131
-130
-117
-114
-109
-103
-103
-129
-167
-184
-192
-188
-170
-148
-108
-75
-64
-60
-75
-90
-74
-48
-23
-18
-29
-33
-29
-9
10
32
43
58
75
81
78
80
81
105
151
190
220
234
244
255
262
259
240
215
207
198
192
198
194
194
205
223
234
222
206
199
202
210
200
179
156
126
110
105
92
74
55
62
74
78
51
-6
-48
-81
-100
-100
-80
-73
-77
-80
-80
-90
-92
-81
-91
-97
-113
-127
-131
-116
-98
-81
-68
-44
-20
-4
33
35
31
35
49
59
63
64
45
26
21
23
0
-10
-34
-49
-62
-68
-63
-70
-72
-86
-78
-88
-99
-134
-172
-206
-244
-252
-236
-215
-188
-157
-129
-116
-113
-100
-91
-80
-73
-66
-70
-76
-97
-129
-139
-133
-114
-95
-87
-88
-114
-140
-152
-154
-150
-126
-84
-63
-55
-36
-17
-8
2
25
29
29
36
49
68
73
82
102
136
167
193
229
250
243
236
237
239
222
196
186
177
183
212
235
261
274
275
290
292
286
272
241
213
181
176
171
162
137
117
119
106
98
72
32
8
1
2
-5
-26
-37
-41
-30
-18
-20
-20
-37
-40
-49
-56
-67
-107
-145
-172
-173
-177
-179
-188
-206
-215
-211
-189
-181
-165
-141
-117
-91
-87
-88
-103
-106
-112
-108
-75
-35
-4
3
17
27
51
64
75
87
80
71
68
47
27
1
-27
-21
-2
26
43
34
-2
-56
-104
-139
-156
-166
-166
-150
-135
-111
-98
-68
-27
-4
28
38
44
44
21
-4
-22
-28
-23
-13
-19
-36
-69
-94
-113
-123
-136
-152
-163
-164
-147
-124
-108
-102
-106
-101
-100
-92
-85
-92
-66
-31
2
37
57
57
62
86
102
103
95
101
110
124
145
174
184
182
213
228
224
203
193
184
184
184
178
174
161
155
146
154
140
124
124
133
149
153
152
155
163
172
172
151
112
71
39
9
6
15
41
79
103
123
127
108
65
8
-52
-117
-160
-187
-193
-201
-205
-177
-154
-137
-128
-120
-107
-110
-105
-101
-103
-109
-108
-88
-59
-37
-40
-39
-39
-58
-81
-89
-82
-64
-38
-7
32
50
57
55
49
31
2
-12
-21
-28
-32
-46
-49
-56
-61
-51
-41
-21
-29
-44
-54
-71
-80
-86
-77
-58
-24
-2
11
14
0
-19
-36
-44
-44
-44
-45
-36
-36
-33
-22
-12
3
19
17
-14
-60
-109
-139
-158
-164
-163
-156
-150
-145
-135
-117
-102
-87
-51
-16
9
14
16
8
11
16
29
46
43
39
37
50
61
71
73
75
83
79
72
56
44
33
28
33
42
51
64
79
101
122
156
180
183
191
185
181
158
143
120
87
64
40
38
30
13
-8
-24
-36
-53
-58
-65
-77
-88
-83
-69
-60
-55
-57
-52
-40
-27
-20
-26
-34
-35
-27
-15
-15
-26
-26
-22
-5
17
43
70
89
99
95
84
68
52
47
47
54
78
98
102
108
112
119
123
129
112
92
75
44
24
2
3
6
5
2
-4
-9
-18
-37
-54
-60
-45
-12
4
26
45
55
63
68
57
21
-7
-35
-57
-70
-89
-106
-114
-117
-120
-123
-123
-121
-112
-104
-102
-111
-132
-157
-178
-185
-177
-168
-154
-133
-103
-81
-70
-56
-42
-26
-12
1
6
14
29
44
61
78
77
75
75
68
63
49
33
31
21
2
-12
-11
4
28
58
80
90
86
60
25
-4
-35
-55
-64
-53
-37
-28
-8
5
28
47
57
52
35
20
2
1
-2
-7
-5
-12
-13
-36
-71
-89
-89
-74
-65
-57
-65
-68
-61
-52
-25
-18
-14
-23
-36
-46
-61
-73
-74
-61
-53
-34
-27
-25
-19
-13
13
39
65
95
116
136
160
177
189
193
192
166
135
114
101
97
84
85
81
71
61
47
44
40
40
32
41
43
33
18
0
-18
-40
-45
-42
-42
-48
-45
-47
-54
-64
-71
-63
-47
-23
4
21
28
25
11
-9
-27
-43
-48
-42
-32
-32
-36
-49
-59
-69
-80
-85
-101
-97
-89
-77
-64
-55
-36
-26
-13
3
11
8
6
8
20
35
43
57
68
72
78
83
88
93
84
81
75
66
65
67
75
75
74
69
71
63
48
26
-3
-33
-57
-66
-74
-81
-77
-74
-76
-82
-85
-95
-104
-107
-100
-80
-60
-48
-37
-29
-14
-3
-3
1
0
1
-1
6
-4
-22
-42
-59
-72
-76
-73
-64
-55
-42
-32
-34
-36
-43
-49
-62
-69
-64
-57
-40
-21
0
15
36
54
65
79
90
102
116
130
133
134
127
123
123
124
126
116
111
100
91
78
59
41
17
-4
-19
-30
-31
-37
-43
-40
-35
-31
-34
-36
-43
-46
-40
-44
-40
-46
-41
-28
-13
7
13
16
26
34
27
15
-1
-16
-21
-27
-27
-17
-7
-4
-4
-12
-32
-49
-73
-71
-51
-32
-20
-14
-7
-8
-5
2
7
19
36
51
66
66
66
65
62
76
87
91
89
86
88
86
93
90
86
77
65
49
33
18
-3
-15
-19
-29
-39
-50
-61
-60
-65
-65
-66
-67
-67
-70
-70
-67
-57
-45
-37
-30
-29
-35
-43
-54
-65
-72
-86
-88
-85
-75
-65
-65
-66
-77
-80
-87
-93
-88
-77
-56
-35
-16
-10
-17
-25
-36
-41
-42
-45
-34
-21
-4
18
36
56
68
80
84
80
74
59
47
33
26
22
21
24
35
49
53
53
43
29
10
-7
-27
-32
-25
-7
17
32
45
48
46
45
36
33
28
27
30
28
27
21
15
12
11
8
0
-9
-14
-22
-24
-27
-30
-29
-30
-28
-26
-30
-38
-43
-41
-36
-32
-30
-24
-6
9
21
33
34
35
33
42
52
71
87
94
104
109
108
107
105
101
98
92
85
69
49
30
16
10
-2
-5
-15
-25
-27
-31
-21
-10
2
11
17
13
10
3
-6
-13
-20
-19
-20
-12
-6
4
6
6
1
-4
-3
-15
-18
-23
-26
-27
-35
-47
-60
-78
-89
-99
-107
-109
-113
-116
-124
-125
-126
-117
-103
-84
-65
-49
-41
-40
-38
-35
-32
-25
-12
4
22
36
41
43
36
35
28
28
28
25
27
27
35
42
49
52
52
48
47
42
36
25
13
2
-8
-8
-10
-6
-2
1
9
16
33
44
52
56
52
44
33
18
2
-14
-21
-21
-19
-15
-17
-17
-25
-26
-26
-27
-26
-27
-29
-30
-30
-27
-27
-31
-31
-34
-33
-31
-22
-9
5
23
36
48
58
62
68
69
66
63
57
56
54
57
63
72
82
85
83
65
42
18
-4
-16
-15
-8
8
22
34
43
47
51
52
52
54
54
53
48
41
30
15
5
-5
-6
-7
-7
-4
0
8
14
9
-1
-22
-37
-52
-60
-66
-75
-82
-90
-97
-102
-107
-108
-106
-96
-81
-69
-62
-63
-65
-66
-68
-64
-61
-56
-45
-33
-19
-4
8
21
28
33
31
26
21
18
14
9
5
0
-4
-4
-7
-5
-5
-7
-7
-8
-9
-11
-8
3
16
28
30
23
12
-4
-17
-26
-29
-21
-8
10
23
27
27
21
14
5
-7
-18
-28
-29
-26
-19
-10
-5
0
-1
-5
-13
-24
-31
-34
-28
-23
-22
-24
-28
-33
-36
-36
-33
-26
-14
1
15
26
33
39
46
54
62
64
63
62
62
65
69
75
83
91
98
99
94
82
69
57
44
39
36
38
42
46
51
56
61
64
65
63
59
49
36
24
12
-1
-12
-18
-22
-19
-11
-1
9
22
33
44
46
37
21
-1
-17
-27
-33
-38
-41
-46
-47
-48
-50
-51
-51
-52
-52
-54
-59
-66
-72
-74
-72
-66
-61
-54
-48
-41
-30
-14
5
27
45
55
58
52
42
30
17
7
-4
-13
-20
-24
-23
-20
-14
-7
-1
4
7
7
3
-3
-8
-13
-19
-27
-36
-43
-47
-46
-45
-45
-47
-51
-51
-47
-37
-27
-14
-3
5
8
7
4
-1
-4
-12
-19
-29
-40
-48
-54
-52
-50
-46
-41
-40
-44
-51
-57
-61
-60
-56
-47
-36
-23
-6
13
31
44
48
45
39
31
25
25
28
33
40
48
50
47
42
32
21
10
1
-6
-11
-9
-3
8
19
28
31
31
31
31
32
35
39
39
36
29
20
12
8
8
9
13
16
21
28
39
48
56
59
57
46
29
5
-19
-37
-48
-53
-53
-51
-41
-29
-12
6
18
26
25
20
14
11
9
13
19
25
27
26
23
22
28
38
51
61
62
55
41
24
8
-6
-16
-23
-27
-30
-30
-29
-26
-18
-12
-8
-7
-9
-10
-7
0
8
13
16
15
10
3
-4
-10
-15
-18
-21
-30
-37
-45
-47
-42
-34
-27
-23
-22
-25
-28
-33
-39
-46
-54
-63
-74
-82
-86
-84
-76
-66
-57
-51
-45
-40
-34
-27
-17
-6
1
10
14
17
20
26
30
33
32
25
13
2
-6
-11
-12
-11
-12
-15
-18
-22
-27
-31
-35
-37
-35
-27
-17
-3
15
33
46
55
52
46
39
34
33
36
38
39
38
33
26
18
14
12
12
12
10
10
12
15
19
21
21
16
8
-1
-11
-19
-26
-29
-31
-28
-26
-23
-14
-5
11
22
32
38
40
44
46
52
59
66
70
71
69
67
63
59
56
48
39
26
15
8
4
5
9
15
22
26
28
27
22
17
8
-4
-15
-23
-27
-24
-13
0
14
23
25
19
12
3
-5
-12
-19
-23
-24
-20
-16
-11
-7
-4
-2
-5
-10
-19
-26
-32
-36
-42
-47
-55
-63
-69
-73
-74
-71
-65
-60
-55
-51
-45
-37
-27
-15
-6
-1
2
1
3
6
8
12
16
18
18
17
11
7
3
-2
-7
-15
-21
-26
-26
-24
-20
-11
-3
4
6
9
8
7
5
-1
-9
-21
-29
-33
-31
-24
-16
-4
6
16
23
28
31
32
31
28
24
20
17
14
11
6
2
-1
-9
-16
-22
-24
-20
-17
-12
-11
-11
-15
-18
-18
-18
-16
-12
-8
-5
4
14
28
40
50
58
60
59
55
52
47
41
36
32
32
30
29
30
31
34
35
37
35
31
28
27
25
22
19
13
10
8
9
13
17
22
24
25
20
19
15
11
9
8
12
14
18
19
22
24
26
26
23
20
11
4
-2
-9
-12
-20
-25
-35
-42
-46
-47
-45
-44
-39
-38
-37
-34
-33
-32
-33
-34
-35
-31
-27
-18
-10
-2
4
8
12
10
5
-2
-8
-11
-16
-19
-22
-25
-25
-21
-13
-5
5
12
15
15
11
6
0
-8
-18
-27
-35
-40
-41
-37
-31
-22
-8
5
14
19
18
16
12
7
2
-4
-8
-14
-19
-23
-26
-29
-31
-33
-35
-36
-34
-30
-27
-23
-23
-25
-25
-26
-24
-26
-25
-27
-27
-27
-28
-29
-28
-24
-19
-11
-3
4
9
11
14
14
19
21
23
24
25
23
16
11
6
2
2
4
9
13
17
21
27
32
38
45
49
52
52
50
45
39
31
25
21
18
20
22
25
30
35
38
39
43
42
41
37
32
26
18
11
3
-5
-13
-17
-20
-19
-16
-11
-7
-4
-2
0
1
0
0
0
-2
-3
-6
-11
-13
-14
-9
-9
-5
-2
-1
-3
-6
-9
-10
-8
-8
-7
-6
-6
-5
-3
1
4
5
6
4
2
-1
-4
-7
-6
-6
-9
-11
-13
-11
