-25
-5
14
25
29
23
19
17
16
16
25
11
8
16
22
26
32
38
29
30
27
30
38
37
33
39
43
49
65
76
78
76
85
81
61
47
35
35
28
28
30
30
35
22
22
23
36
43
35
26
13
7
-9
-4
13
20
16
7
10
13
10
8
18
38
38
45
43
59
56
56
55
55
52
61
363
534
299
-21
68
191
258
652
653
186
-222
-8
179
153
204
118
-66
-344
-216
-103
-203
-373
-429
-308
-289
-242
-300
-343
-356
-356
-238
-198
-127
-127
-62
-48
-106
-92
-64
143
204
216
114
72
15
5
142
159
125
-45
-161
-256
-244
-254
-338
-435
-505
-546
-584
-590
-590
-614
-655
-580
-505
-464
-435
-346
-306
-277
-185
-106
5
81
137
201
253
259
281
376
434
440
449
426
455
442
420
369
322
277
207
226
132
70
40
59
-51
-61
32
-41
-117
-104
-23
-113
-32
17
-41
-90
11
156
153
219
261
323
293
359
450
502
520
482
493
505
533
449
415
402
359
319
282
248
119
72
16
-6
-46
-97
-87
-137
-179
-242
-213
-223
-173
-131
-157
-141
-161
-138
-209
-170
-146
-148
-210
-266
-296
-503
-497
-535
-556
-725
-715
-797
-1038
-1061
-1083
-911
-1047
-1017
-1134
-1233
-1167
-732
158
231
-101
-442
-12
461
1096
1979
1900
1112
616
1358
1772
1773
1995
1971
1307
619
907
912
425
101
44
-217
-749
-901
-1183
-1432
-1489
-1398
-1462
-1613
-1442
-1365
-1189
-963
-715
-582
-272
311
673
830
906
1098
1246
1520
1923
2112
1996
1719
1542
1425
1392
1329
1083
696
255
-127
-428
-598
-757
-986
-1226
-1448
-1618
-1734
-1684
-1555
-1418
-1334
-1233
-1097
-884
-602
-237
156
456
763
891
962
999
1394
1601
1665
1724
1569
1378
1101
1182
1014
825
547
368
155
-252
-369
-562
-691
-969
-998
-990
-1097
-1166
-1237
-1066
-986
-823
-655
-493
-378
-301
-102
2
220
403
528
568
564
580
469
544
465
356
196
39
-158
-617
-795
-998
-1146
-1423
-1580
-1709
-2113
-2025
-2079
-2049
-1953
-1321
-757
-1166
-1171
-729
-81
211
952
1685
1080
822
1359
2003
1787
1910
2569
2000
1320
1293
1625
1075
586
819
430
-239
-755
-854
-1255
-1465
-1274
-1512
-1806
-1912
-1677
-1622
-1414
-1014
-837
-574
-159
313
471
740
1192
1476
1754
2062
2330
2294
2242
2290
2245
2145
1997
1756
1360
1020
705
352
31
-214
-502
-844
-1149
-1407
-1570
-1591
-1558
-1477
-1339
-1331
-1331
-1065
-550
-284
33
436
634
690
983
1407
1512
1565
1692
1720
1445
1282
1268
1111
803
538
342
-2
-334
-589
-791
-1018
-1256
-1416
-1503
-1556
-1643
-1629
-1564
-1472
-1336
-1157
-949
-836
-698
-583
-386
-158
-32
22
-46
-35
-128
-157
-195
-334
-528
-794
-960
-1200
-1269
-954
-187
128
-863
-1695
-1118
-141
499
1176
1400
36
-852
321
1652
1813
1880
2452
1597
402
834
1823
1614
1031
1318
934
-202
-734
-564
-565
-720
-594
-1070
-1913
-2137
-1722
-1374
-1288
-1066
-1116
-1157
-761
-175
108
241
694
1024
1244
1604
2010
2058
1931
2122
2326
2319
2110
1883
1571
1224
952
690
431
134
-250
-681
-1038
-1299
-1511
-1518
-1404
-1408
-1559
-1734
-1366
-925
-649
-623
-278
54
120
707
1046
1217
1062
1403
1679
1702
1943
1805
1827
1288
1111
1025
907
701
211
114
-388
-662
-965
-1006
-995
-1284
-1408
-1653
-1609
-1574
-1360
-1206
-1198
-1044
-956
-676
-453
-261
-140
-5
157
164
210
189
198
81
-130
-354
-628
-885
-1014
-1282
-1573
-1761
-1444
-350
134
-915
-2593
-1527
48
750
1425
1740
267
-1750
311
2495
2520
2004
2734
2227
-241
445
2300
2449
1143
1293
1339
-843
-1596
-863
-141
-576
-876
-1360
-2873
-3031
-2114
-1134
-1230
-1381
-1304
-1544
-956
-96
531
545
973
1495
1494
1759
2289
2637
2481
2596
2823
2620
2239
2018
1814
1403
1075
813
407
-60
-493
-961
-1388
-1630
-1752
-1819
-1858
-1947
-2157
-2199
-1884
-1410
-1079
-789
-539
-341
3
576
1085
1359
1666
1731
1763
1867
2082
2123
2049
1907
1431
1141
865
726
470
264
-79
-680
-1032
-1283
-1310
-1486
-1606
-1783
-2000
-1955
-1829
-1659
-1608
-1406
-1232
-1108
-867
-664
-480
-340
-132
-51
-52
76
18
-8
-213
-326
-639
-871
-991
-1228
-1354
-1308
206
835
-413
-2381
-1468
441
963
1958
2212
489
-2125
-260
2601
2570
2055
2603
2234
-682
-355
2148
2593
1238
931
1191
-990
-2045
-1026
3
-256
-926
-1374
-2875
-3179
-2028
-854
-829
-1322
-1271
-1464
-882
58
724
786
986
1497
1512
1788
2338
2714
2618
2649
2836
2542
2147
2003
1876
1530
1147
919
554
80
-371
-801
-1213
-1568
-1648
-1587
-1602
-1964
-2267
-2286
-1839
-1147
-845
-936
-1112
-662
-250
587
1477
1394
798
616
1540
1911
2158
2332
2020
1315
571
974
1177
1021
469
92
-225
-990
-1121
-1082
-906
-1217
-1639
-1914
-2207
-2045
-1797
-1437
-1488
-1607
-1513
-1314
-887
-598
-459
-433
-226
-51
-4
122
71
-131
-413
-249
-434
-731
-1218
-1381
-1393
-1458
116
971
150
-2642
-2232
217
1154
2077
2184
1234
-2120
-1080
2346
3183
2630
2426
2754
-397
-952
1655
3099
2085
794
1200
-848
-2215
-1212
346
369
-1051
-1555
-2956
-3397
-2260
-735
-452
-1551
-1682
-1704
-1081
-155
646
951
882
1266
1344
1645
2243
2773
2903
2793
2834
2627
2326
2248
2177
1856
1350
1028
749
269
-244
-693
-947
-1320
-1619
-1614
-1549
-1862
-2341
-2287
-1735
-1133
-949
-1008
-1109
-760
-191
768
1416
1165
776
900
1745
2236
2480
2171
1706
1485
1129
1153
1220
1135
435
-180
-379
-754
-1059
-1285
-1163
-1394
-1866
-2141
-2275
-2119
-1904
-1572
-1643
-1767
-1613
-1275
-798
-569
-591
-652
-405
-23
174
220
31
-171
-213
-97
-92
-573
-1004
-1401
-1279
-1385
-474
1046
746
-1549
-2999
-569
1088
2023
2540
1803
-1075
-2473
1219
3303
3052
2300
2587
699
-1744
528
3121
3034
917
583
-72
-2168
-1727
11
893
-601
-1732
-2389
-3319
-2528
-966
68
-918
-1745
-1589
-1211
-254
568
1178
1000
1047
1301
1493
2001
2534
2884
2711
2536
2358
2159
2020
1937
1708
1313
884
502
62
-425
-790
-1101
-1402
-1746
-1869
-1817
-1963
-2242
-2240
-1883
-1446
-1093
-842
-776
-497
-115
363
1171
1786
1485
1167
1662
2063
2129
2338
2363
1722
1011
821
1010
963
470
-9
-348
-815
-1297
-1418
-1390
-1461
-1696
-1934
-2110
-2205
-2053
-1702
-1471
-1499
-1434
-1207
-963
-550
-201
-140
-120
74
366
416
346
130
53
64
-21
-393
-1004
-1415
-1409
-1188
-1370
-589
643
290
-2245
-3001
-397
1298
1960
2103
1350
-1718
-2143
1821
3856
3122
2114
2513
391
-1351
1161
3744
3131
695
487
-335
-1968
-1379
306
741
-1017
-2002
-2822
-3553
-2609
-920
-153
-1425
-2072
-1827
-1256
-250
705
1346
1081
1082
1320
1646
2217
2837
3288
3104
2813
2551
2436
2377
2221
2038
1719
1303
687
56
-326
-566
-924
-1368
-1646
-1789
-2027
-2355
-2454
-2151
-1725
-1570
-1529
-1380
-1097
-803
-10
1004
1281
873
786
1494
1974
2413
2571
2219
1638
1345
1559
1448
1407
1035
440
-195
-518
-536
-938
-1184
-1436
-1643
-2039
-2278
-2243
-2264
-2065
-1985
-1931
-1903
-1697
-1297
-928
-568
-509
-472
-210
262
586
472
366
231
221
223
163
-114
-802
-1017
-1243
-1189
-1572
-955
728
806
-1291
-3507
-1447
759
1999
2470
1686
-943
-3129
399
3506
3758
2519
2290
1016
-1794
104
3408
4075
1482
204
14
-1891
-1698
93
1394
-115
-1884
-2575
-3498
-2752
-1043
240
-764
-2102
-2025
-1575
-557
462
1321
1181
852
1051
1281
1827
2578
3213
3066
2554
2296
2272
2103
1937
1945
1887
1344
510
-15
-306
-610
-1051
-1223
-1252
-1593
-2091
-2385
-2261
-2035
-1867
-1578
-1493
-860
-370
-505
-700
172
1538
1455
1841
1990
1469
1002
1887
3051
2432
1919
1301
991
510
535
952
456
-146
-1003
-1421
-1710
-1460
-1081
-1465
-1832
-2315
-2480
-2330
-1811
-1281
-1286
-1439
-1549
-1155
-595
-152
103
80
129
282
445
463
419
327
147
-39
-412
-851
-1041
-1152
-1483
-1759
-1952
-1346
34
410
-1565
-3500
-1755
668
1830
2072
1606
-703
-2564
467
3670
3949
2724
2651
1441
-1215
378
3727
4394
1776
386
-24
-1779
-1509
347
1383
-409
-2212
-2816
-3545
-2713
-972
102
-1104
-2340
-2067
-1509
-434
621
1382
1156
942
1181
1404
2149
3007
3537
3190
2783
2599
2344
2231
2274
2259
1814
1207
595
30
-439
-845
-1053
-1040
-1202
-1815
-2418
-2508
-2308
-2056
-1659
-1366
-1413
-1334
-986
-681
-164
1055
1754
1410
1106
1206
1418
1790
2861
3051
1933
855
768
1175
1018
1008
713
-76
-1146
-1659
-1421
-1234
-1091
-1538
-2183
-2660
-2658
-2208
-1757
-1384
-1501
-1669
-1575
-1194
-632
-185
179
169
63
174
582
750
564
507
472
223
-221
-440
-687
-1029
-1237
-1549
-1913
-2270
-2157
-743
319
-498
-3087
-3166
-557
1267
2313
2114
825
-2088
-1354
2565
4244
3760
2766
2634
-59
-789
2361
4580
3425
667
290
-1028
-1920
-648
887
589
-1712
-2597
-3439
-3422
-1970
-520
-482
-2050
-2201
-1830
-999
93
992
1384
1017
1334
1495
1867
2523
3261
3515
3014
2780
2552
2416
2130
2024
2003
1647
874
-79
-609
-973
-1133
-1163
-1280
-1936
-2746
-2880
-2546
-2101
-1897
-1681
-1558
-1411
-1131
-736
186
921
1196
1097
1187
1411
1610
2223
2579
2446
1768
1398
1413
1266
1097
827
505
-275
-837
-895
-1006
-1239
-1595
-1770
-2087
-2268
-2110
-1968
-1960
-2005
-1639
-1302
-1164
-963
-660
-307
-58
284
526
622
725
760
785
703
670
511
173
-54
-363
-773
-1272
-1384
-1610
-2143
-2478
-2385
-950
101
-635
-3022
-3214
-730
1062
2306
2415
1114
-1859
-1386
2560
4545
4158
3261
3024
294
-789
2213
4851
3877
962
153
-1150
-2065
-990
720
616
-1591
-2677
-3574
-3685
-2401
-686
-421
-2015
-2401
-1932
-1024
-151
730
1413
1291
1399
1435
1920
2628
3304
3604
3307
3124
2726
2460
2297
2303
2201
1718
1033
98
-527
-823
-904
-1130
-1501
-1955
-2461
-2592
-2477
-2199
-2013
-1788
-1631
-1328
-981
-739
-88
549
920
897
1293
1550
1577
2001
2300
2292
1664
1543
1541
1337
932
554
472
-138
-511
-790
-1021
-1417
-1692
-1600
-1799
-1966
-2141
-2075
-2053
-1881
-1364
-1105
-1116
-1105
-659
-259
12
260
434
502
522
674
785
714
474
360
241
-52
-432
-788
-1049
-1398
-1848
-2142
-2299
-2425
-2869
-1750
175
132
-2427
-3677
-1207
986
2584
3233
2258
-877
-1805
2051
4644
4910
4126
3779
1014
-1235
1530
4559
4300
1295
251
-975
-2673
-1744
288
755
-1775
-3148
-3659
-3996
-3027
-1355
-397
-1968
-2790
-2235
-1131
-141
478
1278
1235
1370
1511
2049
2823
3169
3308
3162
3410
3174
2557
2124
2078
2080
1488
819
230
-295
-929
-1503
-1579
-1527
-1926
-2562
-2783
-2653
-2750
-2669
-2177
-1542
-1174
-824
-643
-570
-96
683
1597
1892
1959
1542
1415
1708
2209
2572
2296
1995
1135
585
430
784
753
-19
-593
-1222
-1462
-1611
-1274
-1154
-1651
-2113
-2300
-1941
-1655
-1201
-923
-930
-948
-720
-219
91
420
620
697
688
682
731
602
518
411
116
-335
-587
-722
-1119
-1640
-2044
-2348
-2705
-2804
-2695
-1481
-120
-554
-2829
-3595
-1412
829
2561
3133
1889
-1107
-1484
1858
4361
4944
4437
3635
718
-840
1500
4172
4254
1969
438
-1382
-2340
-1395
-3
209
-1403
-2575
-3820
-4059
-2913
-1350
-780
-1869
-2305
-2093
-1078
-177
504
1159
1381
1741
1785
2229
2654
3005
3463
3790
3938
3303
2727
2379
2223
2178
1996
1567
662
-233
-979
-1325
-1247
-1254
-1765
-2440
-2678
-2818
-3009
-2799
-2076
-1544
-1512
-1444
-1149
-850
-227
712
1305
1261
1118
1381
1729
2116
2416
2402
1996
1512
1323
1223
1163
1040
720
109
-542
-911
-1055
-1010
-1038
-1332
-1820
-2141
-2119
-1946
-1654
-1317
-1128
-1202
-1201
-748
-223
2
70
343
684
783
711
691
804
827
747
528
197
-207
-577
-829
-990
-1129
-1637
-2284
-2799
-2864
-2863
-2470
-782
212
-1096
-3557
-3070
-503
1707
3370
3418
1172
-1950
-755
2934
5081
5204
4565
2894
-450
-601
2226
4490
3765
1681
-136
-2369
-2533
-1177
282
-243
-1818
-3109
-4411
-4066
-2732
-1156
-1293
-2183
-2346
-1966
-944
-362
507
1057
1534
1784
1848
2407
2746
3233
3461
3755
3627
3278
3166
2632
2060
1714
1923
1547
576
-176
-789
-1386
-1863
-1611
-1609
-2283
-3030
-3238
-3088
-2886
-2345
-1776
-1538
-1666
-1607
-1084
-64
904
1333
1139
931
1244
1971
2681
2763
2415
1908
1645
1627
1810
1926
1519
680
-221
-558
-543
-463
-612
-1096
-1757
-2351
-2330
-1980
-1710
-1746
-1824
-1787
-1740
-1443
-915
-402
-306
-311
-15
371
588
614
704
690
620
645
666
436
-68
-436
-637
-858
-1176
-1562
-1992
-2557
-2893
-3047
-2619
-966
184
-1010
-3510
-3393
-1017
1404
3216
3341
992
-2034
-1017
2492
4764
5218
4900
3011
-568
-891
2178
4834
4320
2195
-34
-2348
-2455
-867
710
279
-1262
-2954
-4483
-4184
-2621
-956
-1039
-1977
-2582
-2387
-1164
-189
548
830
1376
1655
1636
2092
2737
3416
3486
3644
3576
3353
3079
2587
2280
2121
2265
1687
660
-202
-758
-1147
-1445
-1336
-1784
-2638
-3281
-3276
-3001
-2871
-2548
-2409
-2082
-1769
-1475
-1198
-649
180
614
1108
1499
1757
1640
1790
2364
2684
2743
2600
2536
1968
1429
1306
1392
1249
663
127
-513
-920
-1118
-1108
-1238
-1679
-1982
-2177
-2105
-1909
-1542
-1403
-1585
-1541
-1105
-480
-274
-233
-53
243
503
664
838
863
826
801
758
562
220
-78
-261
-498
-890
-1296
-1698
-2092
-2487
-2562
-2590
-2089
-921
-564
-1823
-3213
-2262
-266
1471
2440
1910
-194
-1616
348
3058
4239
4035
3444
1681
-410
428
2956
4376
3140
1234
-451
-1592
-1104
65
864
-105
-1613
-2948
-3469
-2785
-1764
-913
-1275
-1909
-2390
-1957
-802
-43
397
554
1036
1139
1278
1860
2510
2929
2916
3084
2889
2739
2736
2577
2147
1699
1760
1382
676
-80
-564
-924
-1263
-1383
-1801
-2178
-2511
-2615
-2683
-2549
-2216
-2075
-1899
-1692
-1244
-976
-584
-31
543
892
945
1196
1471
1818
2033
2263
2351
2234
1991
1608
1407
1362
1434
1164
547
-68
-414
-539
-754
-988
-1283
-1555
-1785
-1831
-1739
-1650
-1629
-1668
-1543
-1296
-939
-680
-500
-319
-104
159
421
749
899
863
772
749
693
613
618
466
60
-508
-827
-979
-1104
-1352
-1769
-2249
-2668
-2708
-2536
-1587
-565
-811
-2413
-3149
-1770
128
1733
2248
1146
-1085
-1513
722
2985
3920
3716
2714
506
-521
1105
3340
3904
2629
958
-876
-1445
-362
1009
1114
-115
-1407
-2572
-2728
-1826
-542
-202
-1070
-1937
-2220
-1482
-521
222
492
494
499
442
852
1359
1782
2027
2323
2426
2029
1805
1745
1757
1673
1752
1601
866
203
-109
-198
-387
-382
-426
-921
-1552
-1801
-1649
-1506
-1197
-964
-1095
-1408
-1314
-776
-297
64
247
234
127
332
829
1251
1390
1273
1094
958
1094
1345
1417
1154
811
586
419
291
130
-25
-223
-355
-515
-731
-879
-923
-882
-913
-953
-965
-914
-817
-755
-667
-509
-205
28
6
-99
-43
215
389
406
302
182
54
-114
-202
-220
-236
-453
-868
-1178
-1325
-1364
-1499
-1639
-1776
-2005
-2193
-2227
-1457
-434
-310
-1337
-1986
-1222
-9
1206
1816
1192
-490
-993
691
2441
2986
2642
2019
676
-83
1067
2799
3279
2182
858
-360
-731
84
1244
1509
402
-948
-1914
-1820
-974
-99
124
-531
-1379
-1845
-1275
-363
155
172
44
-38
-243
-24
552
1091
1209
1213
1190
833
613
798
1208
1251
1126
1016
687
288
88
234
346
376
211
-197
-535
-547
-272
-205
-282
-305
-287
-330
-410
-334
-188
-61
-42
-38
11
15
1
14
139
263
267
177
75
44
57
146
266
231
6
-199
-148
6
69
95
67
-99
-320
-281
-52
52
-11
-129
-209
-297
-244
-74
-31
-147
-284
-320
-335
-282
-180
-180
-300
-433
-526
-634
-694
-593
-469
-582
-885
-1040
-999
-1009
-1057
-1025
-966
-1017
-1194
-1320
-1269
-1087
-985
-762
-312
-110
-534
-1013
-770
-35
704
1087
871
50
-451
203
1367
2020
1917
1517
952
576
902
1691
2246
2069
1405
602
170
401
932
1171
861
317
-272
-643
-533
-103
197
-30
-538
-928
-841
-485
-296
-295
-338
-330
-435
-424
-231
-46
27
100
270
321
289
312
471
625
736
829
780
646
551
634
760
812
744
555
409
326
334
332
290
162
-11
-94
-158
-244
-367
-423
-421
-507
-656
-713
-623
-528
-545
-619
-672
-612
-480
-356
-317
-332
-274
-162
-57
19
150
276
287
252
265
297
263
302
410
430
359
279
245
122
-6
-23
-18
-132
-278
-305
-333
-379
-400
-426
-479
-519
-529
-498
-519
-577
-620
-644
-652
-568
-462
-505
-626
-642
-563
-543
-481
-511
-586
-631
-594
-436
-346
-373
-506
-389
-94
31
-66
-215
-145
33
300
573
658
399
149
382
838
1181
1203
963
607
476
697
1016
1182
1051
777
393
190
319
618
722
467
83
-246
-265
-76
102
30
-291
-589
-684
-519
-342
-318
-408
-427
-336
-224
-116
-18
72
125
255
399
481
465
451
517
526
536
523
512
448
354
319
283
230
106
28
0
-17
-104
-235
-287
-271
-255
-396
-531
-530
-413
-313
-324
-362
-387
-349
-321
-281
-219
-123
-28
-26
-87
-157
-130
-57
44
113
62
-58
-183
-160
-45
64
120
53
-81
-176
-92
24
86
57
11
11
10
57
120
194
163
65
-5
5
46
28
-10
-53
-88
-158
-189
-211
-247
-287
-311
-275
-281
-302
-315
-313
-290
-233
-133
-124
-140
-118
-74
-24
71
214
240
172
156
220
262
318
419
434
284
174
224
272
222
136
115
89
35
-14
-57
-63
-26
12
-18
-57
-44
-29
-71
-51
49
90
13
-71
-44
9
43
74
158
179
138
97
99
207
315
363
277
184
216
293
311
270
266
304
263
141
96
180
272
259
170
109
83
46
44
103
106
11
-84
-100
-113
-174
-203
-159
-133
-235
-342
-335
-251
-226
-266
-282
-305
-336
-364
-349
-322
-277
-185
-164
-232
-303
-272
-180
-119
-99
-83
-47
-44
-26
-14
33
127
184
194
176
217
235
205
191
219
274
242
150
77
78
80
57
50
26
-4
-86
-134
-153
-141
-116
-144
-174
-199
-159
-143
-131
-65
10
73
76
110
122
130
210
333
365
274
276
357
395
371
376
437
404
322
262
256
252
225
193
123
50
-13
-44
-80
-125
-141
-136
-203
-367
-462
-406
-311
-319
-438
-554
-579
-499
-419
-405
-428
-443
-440
-425
-387
-339
-288
-261
-231
-194
-160
-100
-25
43
84
137
205
255
260
274
320
393
429
392
357
379
423
376
296
268
268
241
174
122
63
-27
-82
-82
-77
-127
-188
-223
-243
-232
-211
-231
-284
-290
-264
-255
-245
-204
-162
-167
-175
-165
-131
-101
-60
-49
-102
-134
-99
-42
-29
-20
-18
-30
-66
-64
-39
-7
33
40
-19
-104
-98
-28
34
56
47
9
-41
-38
13
88
122
80
1
-34
1
52
77
103
86
15
-18
27
100
101
82
80
89
90
117
160
188
216
226
273
312
323
317
294
348
411
438
442
435
432
420
424
433
424
359
283
236
226
235
182
64
-54
-113
-152
-198
-217
-234
-303
-418
-474
-452
-403
-401
-440
-492
-535
-505
-403
-236
-123
-143
-210
-222
-125
0
124
201
173
107
68
118
193
236
211
151
83
-9
-50
-23
-10
-76
-186
-248
-291
-331
-336
-276
-220
-256
-323
-378
-359
-274
-156
-68
-86
-126
-110
-54
4
82
154
149
93
55
67
105
140
142
78
-12
-42
3
30
25
6
-29
-90
-123
-102
-78
-69
-83
-96
-112
-106
-22
86
123
81
62
109
199
258
267
263
231
197
175
185
204
227
229
177
120
90
69
43
36
49
43
-27
-69
-76
-62
-34
2
27
6
1
-2
30
88
138
145
103
100
149
209
232
258
283
250
189
182
241
259
206
132
79
50
44
70
64
-8
-89
-146
-178
-197
-180
-153
-173
-232
-275
-270
-232
-166
-112
-100
-102
-88
-65
-12
52
87
69
36
36
67
65
40
28
27
31
11
-32
-100
-130
-121
-110
-134
-173
-209
-245
-221
-157
-100
-118
-153
-162
-158
-125
-67
-6
-24
-48
-27
16
27
26
40
37
20
-9
-50
-85
-63
-6
-14
-86
-168
-202
-198
-188
-144
-139
-180
-209
-209
-195
-145
-40
18
11
-22
4
103
192
233
240
245
250
258
296
375
408
371
305
273
301
332
345
315
258
187
133
105
96
97
85
22
-81
-137
-146
-162
-174
-176
-221
-306
-350
-297
-212
-166
-155
-161
-195
-231
-185
-74
41
74
36
15
49
141
210
241
267
287
263
217
206
245
246
192
119
58
15
-34
-63
-105
-150
-212
-251
-269
-284
-274
-262
-248
-269
-312
-320
-286
-235
-191
-139
-91
-70
-80
-106
-88
-22
63
80
45
22
32
65
84
113
108
79
44
44
91
114
113
68
4
-40
-24
25
22
-22
-57
-37
-12
-6
-23
-49
-60
-71
-54
-43
-51
-77
-126
-146
-136
-91
-55
-59
-81
-86
-63
-43
9
61
84
53
28
97
189
242
224
204
186
181
218
283
335
297
236
230
258
296
301
295
273
238
237
259
265
243
205
142
108
99
100
81
34
-5
-66
-111
-125
-116
-139
-223
-293
-316
-308
-309
-311
-306
-333
-367
-363
-302
-233
-185
-142
-107
-61
-9
76
160
192
185
166
189
228
272
255
187
158
153
130
61
0
-44
-98
-149
-171
-183
-217
-280
-339
-353
-321
-251
-217
-240
-285
-315
-298
-229
-134
-85
-119
-150
-151
-103
-27
53
119
103
48
47
100
112
99
93
88
58
26
33
27
19
16
8
-13
-41
-28
-22
-37
-44
-48
-43
-27
-7
-12
-44
-30
45
74
29
-9
2
26
44
77
115
113
75
54
77
138
183
199
197
186
178
167
171
192
198
189
168
155
146
139
158
180
191
166
134
117
110
131
171
203
208
184
151
118
115
136
133
107
61
34
0
-48
-92
-117
-160
-217
-269
-286
-291
-320
-325
-301
-285
-298
-302
-269
-212
-161
-111
-60
-24
-4
25
84
143
191
213
207
191
178
176
182
194
166
116
77
40
-10
-78
-102
-114
-167
-224
-260
-273
-295
-313
-296
-280
-303
-318
-279
-218
-171
-145
-122
-99
-90
-50
12
65
93
92
60
23
43
96
126
113
92
62
24
3
24
66
75
51
5
-22
-18
-12
-12
-38
-55
-57
-59
-53
-35
-20
-21
-18
-17
-5
20
46
55
52
63
90
114
117
137
169
169
148
145
167
171
152
158
175
182
166
158
161
157
149
136
127
97
69
66
64
62
53
56
66
81
96
97
95
91
99
84
55
24
-13
-49
-76
-103
-128
-167
-214
-252
-278
-291
-304
-301
-312
-309
-296
-262
-210
-165
-120
-87
-33
23
85
143
181
216
231
261
298
320
320
302
295
293
283
235
196
160
107
53
7
-31
-93
-163
-216
-234
-242
-271
-296
-314
-313
-297
-282
-248
-251
-278
-269
-224
-169
-141
-128
-126
-125
-119
-78
-26
-34
-57
-69
-71
-74
-71
-61
-79
-103
-107
-86
-74
-57
-41
-28
-33
-42
-30
-22
-3
-1
10
35
51
65
78
97
125
156
174
175
181
201
237
270
294
311
325
346
358
359
349
327
299
290
304
306
254
198
153
129
126
101
62
18
-20
-44
-55
-70
-66
-76
-120
-139
-129
-94
-95
-119
-128
-121
-103
-92
-68
-53
-72
-109
-130
-123
-129
-158
-183
-188
-186
-207
-221
-223
-218
-225
-242
-235
-196
-145
-122
-115
-98
-78
-38
12
62
90
97
104
120
167
208
218
192
151
110
77
65
61
57
35
0
-23
-14
4
-3
-28
-44
-40
-36
-5
39
57
44
36
64
92
93
84
110
130
92
54
40
29
15
-2
-10
-43
-95
-129
-138
-140
-155
-183
-212
-251
-269
-270
-251
-218
-196
-173
-169
-147
-101
-58
-22
10
22
30
51
98
140
156
162
170
198
211
232
258
273
274
256
255
266
272
286
292
268
220
184
169
151
128
110
81
39
-1
-16
-31
-61
-79
-97
-118
-136
-143
-111
-95
-77
-53
-35
-17
2
34
61
72
77
89
105
109
95
76
48
27
-2
-38
-67
-81
-91
-121
-157
-194
-216
-230
-231
-225
-215
-203
-200
-202
-189
-154
-133
-118
-103
-94
-79
-57
-41
-20
16
50
56
44
24
20
12
15
23
26
31
11
-8
1
28
49
62
64
52
35
38
60
91
92
84
71
57
45
24
20
8
-17
-42
-73
-115
-148
-141
-112
-107
-125
-143
-143
-131
-118
-96
-74
-67
-71
-71
-53
-23
4
33
54
68
89
112
142
172
200
209
196
189
195
200
194
179
178
190
192
177
151
132
120
112
97
91
75
54
21
-11
-22
-21
-13
-22
-55
-98
-118
-120
-117
-116
-107
-119
-131
-137
-124
-100
-86
-78
-74
-67
-58
-34
-16
-7
7
26
32
25
17
15
-4
-20
-34
-61
-91
-103
-108
-136
-171
-203
-209
-201
-185
-183
-182
-177
-173
-161
-134
-96
-64
-40
-19
-12
-1
26
56
88
101
107
108
97
89
93
107
116
113
88
66
48
40
48
41
15
-3
-10
-16
-7
8
16
8
-5
1
10
6
3
-6
-17
-36
-54
-56
-51
-53
-58
-51
-48
-37
-27
-20
-23
-21
1
22
32
38
47
47
42
54
72
84
78
79
87
81
79
97
111
113
106
107
109
108
117
127
137
132
130
124
125
127
113
103
102
108
91
65
44
31
28
6
-15
-33
-63
-94
-103
-88
-92
-109
-138
-151
-159
-161
-148
-142
-139
-148
-162
-163
-150
-120
-104
-94
-91
-81
-64
-53
-35
-23
-14
-12
-16
-16
-7
4
4
-8
-17
-24
-40
-53
-49
-47
-55
-78
-89
-74
-61
-57
-45
-24
-9
2
5
-2
-6
-2
12
32
44
52
48
40
34
21
18
26
38
25
-4
-16
-6
18
34
33
12
-11
-7
13
40
55
63
52
30
12
7
26
30
7
-22
-40
-38
-27
-24
-33
-52
-57
-58
-56
-48
-29
-7
6
20
52
82
84
83
89
106
122
137
134
118
108
122
138
144
143
140
132
119
123
141
149
130
109
98
99
104
106
99
77
51
28
12
0
-14
-26
-56
-86
-102
-115
-125
-142
-155
-166
-169
-161
-151
-143
-136
-131
-130
-130
-118
-100
-86
-69
-52
-44
-37
-34
-35
-29
-31
-32
-30
-38
-51
-65
-64
-55
-48
-54
-63
-70
-75
-77
-84
-83
-78
-80
-92
-96
-83
-70
-48
-32
-14
-2
16
40
49
62
83
110
120
127
133
131
134
139
148
149
128
100
78
60
47
31
29
28
21
9
3
5
2
-2
-14
-25
-34
-51
-57
-48
-33
-28
-32
-36
-45
-47
-42
-22
-12
-9
1
9
16
35
67
96
102
100
100
112
124
123
124
122
115
97
92
88
78
68
62
58
45
30
18
12
8
-1
-7
-21
-39
-51
-56
-56
-48
-35
-30
-33
-45
-59
-61
-59
-52
-56
-75
-93
-91
-83
-72
-60
-52
-63
-75
-86
-91
-87
-76
-56
-50
-56
-64
-63
-54
-48
-44
-45
-51
-64
-78
-76
-64
-55
-55
-60
-61
-65
-63
-51
-38
-30
-23
-19
-22
-18
-16
-7
1
7
20
32
42
64
76
82
81
72
67
68
77
83
85
82
78
75
63
54
43
22
-4
-44
-72
-83
-81
-80
-87
-96
-107
-105
-86
-62
-49
-45
-33
-23
-13
6
30
47
57
70
82
89
87
90
98
95
84
80
90
102
112
116
117
120
124
129
128
121
116
104
95
85
72
61
47
42
34
18
9
2
-3
-11
-14
-13
-14
-17
-22
-30
-35
-29
-17
-4
3
-7
-21
-32
-40
-41
-34
-34
-53
-78
-97
-98
-92
-91
-89
-102
-123
-135
-130
-116
-109
-109
-112
-120
-122
-122
-118
-110
-100
-92
-91
-91
-89
-82
-66
-46
-25
-15
0
21
41
55
68
81
88
89
88
90
99
109
113
108
95
81
77
87
100
102
87
72
62
55
54
53
48
37
29
26
21
9
0
-13
-33
-49
-51
-51
-50
-53
-55
-60
-65
-66
-64
-63
-60
-55
-42
-22
-8
-3
-4
-3
4
15
24
29
30
25
19
19
25
24
16
9
8
15
25
38
44
35
24
23
32
46
52
47
39
33
29
39
55
59
53
45
40
33
27
33
38
37
36
37
45
46
44
24
-2
-16
-22
-18
-18
-22
-31
-41
-49
-54
-63
-73
-76
-78
-82
-90
-94
-96
-98
-101
-103
-101
-104
-103
-99
-96
-91
-90
-85
-83
-84
-81
-72
-56
-40
-31
-25
-16
-19
-17
1
33
54
54
52
39
18
12
30
51
66
65
47
30
22
21
19
11
8
6
4
9
19
26
32
38
40
41
39
46
49
52
45
33
34
36
42
46
43
38
38
44
49
41
37
27
23
22
11
13
1
5
-1
-10
-25
-38
-38
-35
-38
-47
-35
-32
-31
-31
-19
-4
10
12
18
29
39
54
76
92
97
89
74
64
64
69
58
47
39
36
39
36
33
34
30
27
26
22
3
-7
-16
-19
-19
-35
-41
-55
-58
-59
-53
-53
-70
-92
-99
-95
-82
-68
-53
-39
-31
-16
-20
-32
-44
-49
-35
-35
-48
-58
-62
-47
-39
-45
-37
-30
-34
-30
-21
-11
-8
-10
-25
-39
-20
-31
-37
-37
-24
4
22
38
44
40
40
52
78
93
73
68
64
55
41
32
40
27
7
33
42
108
103
302
522
126
-171
-175
-29
125
282
222
-283
-466
-40
524
396
-18
-101
-12
89
317
595
179
-290
-69
110
-137
-331
-61
222
316
261
-128
-451
-613
-355
53
59
92
9
-109
-379
-531
-405
-310
3
130
96
-86
-270
-396
-410
-92
130
213
124
20
43
54
-75
-195
-45
121
334
376
221
-54
-58
-38
-87
106
187
237
110
-140
-217
-193
-162
-105
52
80
-87
-141
-305
-421
-261
-102
31
146
72
-135
-252
-257
-258
-132
78
124
78
-58
-171
-163
-87
86
226
183
74
30
26
35
66
86
126
198
185
130
35
-60
-61
-29
65
139
138
69
-17
-35
-26
32
96
107
82
50
27
-6
7
54
114
145
122
109
81
39
31
48
75
126
145
125
74
19
-11
-13
-1
7
25
35
43
14
-23
-29
-28
-22
-2
-7
-24
-39
-37
-30
-46
-41
12
62
55
39
34
36
34
51
52
42
56
74
85
46
4
-5
28
60
71
68
70
102
103
88
63
40
34
24
26
0
-46
-74
-59
-15
-29
-44
-48
-28
-23
-35
-36
-67
-57
-29
-12
-38
-96
-107
-95
-72
-58
-50
-58
-78
-64
-59
-40
-9
-1
-1
-22
-48
-71
-90
-79
-61
-64
-54
-38
-24
-21
-34
-59
-63
-42
-18
0
-4
-25
-24
-23
-34
-42
-33
-9
7
37
54
57
48
50
92
139
190
225
223
196
159
109
86
90
93
104
106
76
51
30
10
17
13
25
29
27
13
-20
-47
-64
-71
-57
-62
-68
-42
-57
-76
-96
-90
-48
-8
10
5
-3
-25
-48
-55
-34
8
15
-9
-21
-30
-45
-50
-33
-13
9
2
-40
-100
-148
-137
-113
-98
-83
-89
-103
-135
-150
-137
-80
-24
11
39
47
59
51
56
47
15
10
38
63
73
54
24
10
42
86
84
52
17
8
-29
-69
-81
-71
-67
-58
-38
-40
-47
-66
-73
-74
-72
-51
-45
-43
-37
-24
-22
-5
13
36
67
68
52
28
44
82
123
154
151
132
133
152
133
86
40
32
75
99
72
19
-23
-35
-22
7
14
19
22
37
41
25
25
44
61
60
48
22
-9
-32
-35
-33
-23
-11
-11
-11
-28
-35
-35
-26
-18
-23
-15
-15
-31
-38
-35
-44
-63
-78
-87
-93
-99
-106
-98
-79
-57
-39
-21
-9
-10
-11
-27
-45
-48
-37
-6
19
30
31
28
32
31
36
45
53
57
49
15
-31
-37
-9
21
40
25
3
-5
-6
0
7
13
15
30
53
46
25
2
-9
28
60
64
45
23
6
24
44
27
6
-12
0
17
10
-8
-31
-32
-29
-23
-11
-20
-36
-53
-56
-55
-58
-61
-57
-34
-17
-11
-14
-23
-13
16
29
18
11
3
11
15
11
1
-13
-25
-23
-12
-37
-45
-53
-53
-45
-36
-31
-19
20
19
4
-3
9
45
70
63
50
50
51
62
45
13
-6
-2
9
17
29
26
32
24
15
29
36
28
5
-16
-32
-37
-53
-70
-69
-80
-82
-85
-93
-97
-110
-115
-113
-88
-63
-43
-22
-27
-16
-6
7
25
29
30
24
19
17
37
39
19
19
12
4
-4
-23
-37
-42
-36
-25
-13
-24
-34
-43
-69
-79
-72
-44
-19
-13
-18
-20
-19
-18
-16
-15
3
11
-2
-5
3
22
35
58
71
72
81
89
85
71
58
41
33
27
32
42
19
-1
-20
-40
-52
-55
-38
-28
-17
-11
0
14
21
39
57
63
63
55
41
38
48
50
40
13
2
-1
-15
-30
-42
-50
-43
-18
-12
-10
-12
-3
7
15
16
4
10
21
30
29
20
24
33
39
36
22
1
-15
-24
-30
-33
-29
-9
6
4
4
1
1
14
29
29
17
-1
-11
-6
-6
-4
-4
-12
-23
-17
-7
-8
0
0
1
11
28
41
42
40
28
25
25
31
43
47
38
15
-2
-16
-21
-23
-36
-37
-41
-44
-52
-56
-46
-40
-29
-21
-17
-18
-11
-11
-14
-3
3
11
14
15
11
7
4
5
10
0
-5
-3
3
11
10
6
-7
-16
-13
-10
-9
-17
-20
-22
-25
-29
-33
-31
-34
-37
-43
-41
-36
-31
-20
-9
10
28
45
53
59
73
81
85
79
71
72
69
58
44
32
25
17
10
4
3
-2
-7
-9
-11
-12
-5
4
-5
-10
-6
-1
7
11
17
18
17
15
12
2
-12
-20
-33
-39
-39
-40
-37
-31
-28
-26
-17
-1
1
-10
-17
-10
0
4
1
-6
2
0
6
10
8
18
15
11
6
16
30
37
30
16
14
10
4
-8
-10
-14
-18
-9
-8
-4
-8
-10
-12
-20
-27
-36
-33
-33
-33
-26
-17
-9
-8
-1
-2
2
5
7
13
4
10
24
41
45
36
29
20
15
6
8
0
-8
-15
-23
-18
-24
-25
-27
-34
-35
-34
-34
-46
-50
-44
-35
-26
-19
-13
-12
-4
-5
-2
6
13
31
46
58
59
54
50
51
53
51
47
40
31
25
21
20
16
14
8
-4
-20
-31
-33
-32
-26
-22
-21
-21
-17
-12
-6
0
-4
-10
-6
1
11
20
18
10
5
0
-3
-2
-2
-8
-15
-23
-22
-9
4
14
24
27
25
20
8
5
9
12
17
16
16
14
10
11
11
5
1
-1
-3
-8
-13
-15
-19
-23
-26
-30
-29
-28
-26
-21
-26
-26
-17
-5
10
19
16
8
6
6
12
15
16
20
22
24
22
24
31
32
26
14
7
6
1
-6
-16
-26
-30
-31
-34
-39
-45
-54
-54
-57
-57
-52
-40
-33
-28
-25
-31
-28
-23
-16
-2
10
14
25
37
41
54
65
75
81
76
69
63
62
57
54
46
33
22
16
9
1
-8
-24
-35
-43
-43
-41
-44
-47
-46
-44
-45
-47
-44
-29
-10
-2
4
9
18
32
39
40
39
37
32
29
16
3
-4
-8
-11
-15
-25
-39
-44
-43
-42
-41
-43
-42
-33
-25
-22
-21
-20
-16
-10
-3
3
8
12
17
22
24
28
36
40
38
36
32
24
16
8
3
-3
-5
-4
-4
-5
-4
-4
-3
2
5
9
12
16
15
11
8
6
8
10
12
12
13
16
16
16
10
13
13
8
-2
-18
-31
-35
-34
-33
-38
-41
-41
-37
-36
-34
-31
-27
-21
-16
-16
-18
-15
-14
-9
-3
-3
0
5
9
16
21
23
25
27
30
29
24
15
8
2
-6
-16
-21
-25
-23
-21
-24
-26
-30
-28
-21
-16
-12
-8
-6
1
9
12
18
29
39
48
56
59
65
71
76
75
70
61
54
42
24
6
-10
-24
-38
-50
-62
-73
-79
-84
-85
-84
-78
-71
-63
-54
-43
-31
-21
-6
6
20
33
43
52
62
72
76
78
78
74
69
58
47
34
19
3
-12
-31
-47
-54
-62
-67
-71
-74
-73
-66
-60
-55
-45
-36
-29
-17
-8
1
13
25
38
49
56
63
72
79
83
83
78
69
61
53
39
24
11
-1
-13
-25
-33
-41
-45
-43
-46
-50
-54
-55
-56
-54
-51
-52
-49
-44
-36
-26
-17
-7
3
17
26
36
41
44
48
49
48
42
37
29
22
13
4
0
-6
-7
-11
-13
-18
-20
-24
-27
-29
-31
-31
-29
-27
-26
-23
-16
-7
5
15
21
29
37
44
48
48
46
42
36
26
16
6
-1
-9
-18
-27
-33
-35
-34
-33
-34
-38
-34
-30
-24
-20
-16
-11
-3
6
13
18
22
30
40
46
46
42
38
32
26
17
0
-11
-22
-34
-47
-58
-65
-66
-64
-62
-59
-55
-47
-35
-25
-18
-11
-2
9
20
29
36
42
50
60
66
69
69
68
66
65
57
44
27
16
3
-11
-25
-38
-47
-55
-62
-68
-67
-65
-59
-54
-50
-44
-39
-33
-27
-20
-15
-6
3
12
21
33
43
54
63
69
70
73
70
66
61
51
42
31
20
5
-5
-17
-24
-30
-40
-47
-51
-53
-54
-58
-62
-64
-61
-57
-51
-46
-39
-24
-8
10
24
38
52
68
84
92
94
95
91
92
85
72
58
46
35
21
4
-14
-27
-36
-45
-57
-70
-78
-82
-82
-84
-85
-84
-77
-61
-48
-36
-25
-9
9
26
39
44
51
55
60
60
55
46
38
33
24
14
3
-6
-9
-13
-19
-23
