91
82
76
61
42
33
12
-10
-22
-32
-60
-90
-113
-138
-153
-158
-165
-172
-177
-181
-192
-211
-222
-226
-239
-252
-242
-248
-254
-250
-256
-252
-245
-239
-232
-227
-221
-207
-216
-221
-210
-204
-196
-171
-155
-132
-100
-81
-73
-72
-60
-50
-37
-32
-18
1
14
29
49
59
69
88
111
132
140
156
174
204
222
241
237
248
252
233
240
225
216
201
189
198
204
193
198
198
191
176
159
158
141
144
130
123
105
93
98
81
83
73
64
53
37
22
4
-6
-11
-21
-29
-44
-68
-80
-78
-75
-62
-64
-57
-57
-50
-41
-38
-31
-34
-32
-1
46
191
399
538
515
391
327
290
303
341
328
155
-91
-241
-328
-332
-304
-227
-251
-360
-443
-469
-533
-607
-534
-570
-502
-543
-469
-368
-388
-334
-310
-103
-82
-57
3
44
117
116
244
227
184
166
148
200
152
141
42
-66
-131
-120
-138
-157
-131
-146
-98
-71
5
50
96
162
155
183
238
276
297
348
388
442
422
414
446
427
412
363
359
298
271
202
113
46
-35
-44
-104
-154
-182
-227
-244
-295
-313
-337
-358
-329
-322
-272
-262
-245
-235
-241
-187
-204
-172
-176
-174
-177
-187
-183
-217
-228
-258
-267
-284
-281
-303
-364
-411
-466
-510
-539
-612
-653
-709
-784
-847
-957
-969
-1063
-1083
-1143
-1150
-1011
-714
-255
-86
27
228
427
492
605
1060
1156
1074
1049
1408
1531
1491
1732
1832
1745
1494
1611
1601
1291
1040
744
526
236
101
-44
-322
-516
-756
-919
-1046
-1121
-1229
-1363
-1352
-1267
-1153
-986
-768
-561
-412
-201
126
339
453
582
836
1073
1293
1534
1768
1895
1958
2063
2113
2077
1935
1736
1557
1366
1161
947
728
536
261
52
-154
-353
-582
-811
-964
-1127
-1199
-1223
-1193
-1141
-1101
-1011
-914
-797
-704
-636
-491
-375
-230
-89
55
172
259
343
389
397
359
278
182
28
-134
-363
-572
-817
-1038
-1345
-1608
-1901
-2311
-2544
-3006
-2653
-2172
-1764
-1690
-1626
-661
-962
-707
45
461
533
-251
980
934
1039
1428
1901
2483
1827
2643
2720
2641
2382
1829
1590
894
803
386
-57
-142
-568
-903
-1109
-1139
-1470
-2022
-2181
-2318
-2492
-2469
-2246
-1991
-1847
-1527
-910
-511
-140
-73
177
409
554
873
1046
1499
1650
1861
2185
2471
2664
2457
2435
2270
2034
1759
1530
1384
1016
812
654
570
444
276
136
-98
-250
-453
-598
-688
-739
-776
-780
-633
-509
-426
-313
-207
-157
-157
-91
-16
-7
22
85
182
298
387
438
466
491
455
370
283
173
16
-97
-211
-287
-419
-548
-624
-731
-867
-945
-1070
-1147
-1331
-1426
-1584
-1679
-1825
-1998
-2148
-2363
-2473
-2698
-2047
-1691
-1268
-1372
-628
-47
-264
362
888
1460
782
956
1635
1470
1447
1603
2321
2190
1986
2553
2581
2445
1850
1516
1140
523
178
-430
-703
-1060
-1371
-1547
-1609
-1614
-1890
-2137
-2163
-2197
-2284
-2267
-2072
-1778
-1705
-1199
-596
41
321
584
1125
1377
1620
1710
1954
2140
2105
2268
2472
2747
2710
2597
2622
2459
2183
1791
1534
1170
655
313
67
-105
-397
-573
-661
-778
-818
-927
-903
-970
-1074
-1081
-1087
-991
-969
-855
-591
-405
-173
-2
235
397
435
537
557
580
524
473
483
449
446
386
367
329
191
65
-63
-200
-427
-651
-822
-993
-1143
-1280
-1332
-1390
-1468
-1509
-1538
-1507
-1589
-1659
-1774
-1921
-2129
-2317
-2498
-2459
-1924
-1591
-1224
-1085
-113
122
194
939
1407
1694
911
1574
1727
1437
1353
1685
2245
1773
2118
2556
2631
2426
2079
1882
1412
918
376
-238
-548
-904
-1282
-1387
-1326
-1318
-1556
-1521
-1365
-1473
-1597
-1597
-1449
-1471
-1445
-987
-568
-123
25
502
1030
1300
1515
1585
1906
1905
1860
1874
2000
2081
1873
1879
1939
1893
1702
1524
1496
1231
893
645
420
139
-258
-449
-648
-736
-830
-823
-741
-677
-504
-511
-343
-267
-281
-207
-228
-149
-247
-216
-61
18
176
264
412
498
541
557
493
401
225
27
-133
-250
-402
-530
-600
-632
-718
-741
-766
-848
-995
-1125
-1218
-1361
-1489
-1519
-1539
-1547
-1545
-1499
-1447
-1441
-1484
-1593
-1743
-1831
-2032
-2130
-1746
-1545
-1214
-1214
-300
55
140
769
1268
1645
1084
1568
1806
1470
1297
1504
1837
1440
1488
1953
1962
1881
1744
1697
1441
1029
708
116
-272
-772
-1336
-1604
-1765
-1908
-2219
-2130
-1794
-1730
-1594
-1350
-1068
-994
-979
-615
-429
-227
-184
98
537
785
1180
1450
1945
2220
2301
2512
2605
2640
2288
2100
2047
1814
1592
1428
1465
1329
1083
1035
863
607
184
-85
-260
-633
-796
-1002
-949
-959
-1004
-763
-647
-427
-471
-348
-182
-243
-254
-289
-143
-185
-234
-89
62
159
177
292
461
473
400
365
354
210
-51
-169
-237
-379
-605
-723
-734
-829
-940
-1003
-965
-1053
-1207
-1278
-1262
-1306
-1448
-1555
-1582
-1668
-1767
-1809
-1842
-1887
-2010
-2037
-2033
-1546
-1348
-1064
-973
-291
41
61
718
1215
1541
1192
1687
2035
1722
1610
1795
1975
1553
1508
1918
1866
1781
1733
1733
1593
1233
992
458
59
-467
-1083
-1399
-1622
-1810
-2085
-1921
-1629
-1572
-1403
-1077
-790
-753
-695
-396
-280
-179
-167
50
373
585
881
1157
1592
1900
2016
2306
2488
2498
2312
2251
2264
1943
1685
1514
1398
1114
768
665
474
176
-61
-230
-349
-589
-777
-840
-904
-923
-1035
-1048
-913
-915
-889
-827
-659
-603
-699
-553
-422
-339
-350
-251
-89
-63
18
125
235
245
204
185
181
144
25
-76
-152
-242
-366
-432
-453
-529
-657
-670
-655
-665
-735
-766
-775
-857
-913
-943
-1024
-1073
-1239
-1284
-1367
-1435
-1513
-1650
-1632
-1786
-1381
-1212
-868
-805
-349
179
216
796
1189
1576
1396
1549
1950
1657
1518
1467
1561
1328
1133
1476
1492
1498
1464
1457
1418
1157
915
456
64
-325
-909
-1276
-1490
-1718
-1972
-2027
-1780
-1718
-1604
-1300
-996
-800
-716
-367
-121
20
120
215
541
669
843
1013
1294
1572
1635
1921
2133
2224
2146
2116
2147
1965
1745
1517
1287
1026
702
457
226
22
-218
-395
-404
-483
-547
-609
-546
-540
-606
-547
-549
-552
-702
-708
-689
-779
-746
-754
-608
-545
-446
-272
-179
-29
6
73
106
78
52
-48
-86
-164
-257
-328
-385
-408
-457
-440
-437
-443
-430
-419
-413
-454
-513
-581
-689
-752
-824
-937
-1015
-1075
-1092
-1184
-1186
-1256
-1303
-1418
-1495
-1591
-1526
-1253
-1211
-1057
-881
-266
-176
92
759
1071
1194
1083
1728
1646
1390
1425
1512
1403
1069
1294
1448
1331
1327
1371
1388
1333
1142
881
579
343
-116
-590
-787
-1057
-1467
-1672
-1553
-1502
-1547
-1289
-924
-732
-532
-215
184
360
526
611
826
986
987
1057
1177
1396
1429
1520
1756
1908
1927
1926
2073
2064
1871
1670
1477
1184
766
366
77
-231
-570
-819
-920
-906
-1063
-1018
-991
-822
-858
-867
-662
-720
-679
-789
-673
-681
-815
-766
-769
-653
-653
-531
-304
-143
59
185
368
513
494
479
437
358
165
-31
-126
-271
-413
-528
-525
-516
-531
-522
-498
-463
-507
-550
-582
-644
-774
-928
-1037
-1102
-1254
-1323
-1420
-1425
-1505
-1583
-1499
-1598
-1212
-1120
-850
-763
-384
22
-61
461
803
1053
935
1128
1558
1280
1248
1390
1467
1307
1192
1509
1470
1398
1430
1359
1392
1179
1006
714
464
222
-277
-510
-714
-1037
-1321
-1344
-1216
-1311
-1230
-956
-769
-562
-381
-54
151
319
456
486
756
787
763
806
934
1060
974
1173
1349
1329
1327
1395
1517
1399
1261
1194
1012
819
494
270
21
-271
-549
-783
-807
-971
-1024
-975
-873
-755
-762
-505
-442
-336
-333
-343
-254
-406
-389
-495
-484
-472
-494
-330
-205
-34
108
266
447
503
563
585
526
417
264
117
-3
-156
-271
-364
-437
-463
-487
-438
-412
-407
-414
-414
-439
-503
-626
-718
-868
-1000
-1120
-1247
-1355
-1438
-1563
-1611
-1661
-1663
-1319
-1307
-1003
-989
-446
-216
-170
480
661
970
779
1202
1377
1101
1162
1226
1286
1089
1130
1418
1351
1388
1444
1456
1478
1220
1043
702
460
57
-474
-674
-971
-1348
-1566
-1562
-1476
-1581
-1437
-1162
-1004
-792
-651
-297
-129
39
142
297
561
557
599
700
897
937
971
1220
1369
1420
1474
1645
1763
1707
1689
1631
1508
1273
958
699
398
105
-224
-428
-528
-639
-666
-561
-451
-367
-324
-137
-58
-45
-38
-131
-156
-312
-357
-430
-492
-505
-542
-415
-311
-194
-49
94
213
280
360
395
343
218
53
-91
-234
-391
-529
-642
-718
-764
-746
-661
-608
-574
-550
-510
-488
-546
-592
-720
-878
-1015
-1175
-1294
-1475
-1568
-1758
-1811
-1869
-1863
-1507
-1461
-1153
-1078
-443
-201
-122
548
759
1058
852
1325
1530
1233
1334
1444
1521
1359
1404
1761
1679
1734
1797
1765
1821
1517
1341
1004
750
352
-229
-407
-740
-1170
-1432
-1463
-1442
-1642
-1524
-1289
-1174
-965
-795
-453
-249
-37
71
238
507
501
510
630
805
821
837
1107
1230
1271
1383
1530
1680
1607
1615
1546
1401
1223
875
651
373
82
-237
-433
-492
-675
-744
-677
-626
-575
-567
-359
-306
-272
-208
-267
-247
-403
-422
-532
-585
-596
-674
-572
-497
-363
-246
-87
87
165
262
340
310
213
89
-19
-175
-361
-483
-602
-719
-743
-746
-656
-583
-543
-502
-472
-442
-474
-532
-614
-726
-848
-975
-1083
-1208
-1346
-1470
-1528
-1576
-1616
-1302
-1223
-960
-844
-382
-29
4
602
869
1149
1072
1368
1599
1342
1359
1423
1430
1273
1248
1460
1434
1434
1511
1467
1550
1358
1180
938
717
390
-129
-379
-712
-1145
-1437
-1521
-1536
-1663
-1613
-1366
-1228
-992
-783
-469
-213
-46
93
184
420
425
381
470
555
626
634
822
989
1045
1177
1325
1475
1499
1508
1478
1406
1299
1015
811
602
338
17
-222
-345
-504
-671
-626
-601
-490
-451
-324
-118
-101
16
-53
-22
-108
-271
-379
-504
-587
-701
-744
-663
-597
-488
-290
-131
84
200
303
355
335
260
128
17
-109
-257
-427
-500
-563
-587
-556
-508
-421
-375
-298
-256
-239
-255
-359
-445
-559
-702
-874
-1072
-1231
-1418
-1609
-1647
-1767
-1621
-1437
-1299
-1041
-810
-225
-162
231
721
928
1069
1060
1484
1323
1172
1266
1252
1192
1058
1180
1287
1221
1362
1323
1375
1381
1147
999
716
473
-15
-437
-653
-1117
-1471
-1668
-1753
-1808
-1880
-1642
-1483
-1251
-950
-704
-338
-107
115
206
446
588
533
556
642
738
698
827
999
1072
1212
1396
1575
1707
1737
1806
1742
1672
1471
1174
979
667
308
-19
-211
-397
-633
-691
-627
-583
-505
-367
-140
-64
25
24
20
-22
-193
-337
-505
-609
-762
-849
-786
-716
-666
-466
-274
-39
124
283
402
391
362
239
142
7
-182
-381
-508
-563
-619
-661
-617
-570
-538
-462
-350
-265
-302
-336
-429
-505
-716
-883
-1131
-1349
-1593
-1805
-1851
-1959
-1646
-1630
-1305
-1076
-590
-196
-37
618
893
1159
1173
1536
1675
1409
1381
1429
1353
1176
1143
1321
1271
1286
1427
1421
1540
1378
1246
1033
768
436
-123
-396
-783
-1286
-1603
-1768
-1853
-2006
-1929
-1707
-1522
-1220
-951
-552
-243
5
194
349
603
579
542
602
660
617
578
739
828
899
1060
1258
1453
1535
1630
1671
1663
1555
1297
1094
807
469
70
-208
-440
-685
-857
-796
-788
-679
-561
-372
-110
-71
115
82
120
20
-175
-267
-460
-600
-775
-811
-730
-718
-596
-394
-201
40
246
450
567
603
581
502
385
210
-6
-235
-388
-536
-625
-641
-594
-522
-440
-275
-149
-63
-47
-100
-167
-313
-517
-734
-991
-1273
-1522
-1782
-1884
-1724
-1760
-1514
-1378
-768
-453
-227
520
802
1181
1122
1509
1634
1302
1256
1170
1067
860
700
870
837
875
989
1033
1282
1128
1049
914
737
409
-109
-365
-785
-1309
-1659
-1862
-1939
-2099
-2040
-1811
-1608
-1237
-999
-544
-176
136
329
549
806
762
736
769
793
712
655
740
836
871
1060
1218
1444
1609
1702
1826
1873
1830
1588
1375
1116
758
382
100
-177
-451
-660
-650
-689
-596
-495
-329
-64
21
240
239
294
185
-12
-95
-322
-517
-751
-882
-896
-940
-833
-650
-480
-241
-42
225
357
414
406
319
244
17
-180
-374
-574
-735
-851
-852
-853
-801
-722
-591
-445
-387
-289
-284
-300
-405
-565
-785
-992
-1328
-1597
-1868
-2045
-1832
-1933
-1636
-1547
-912
-596
-340
476
750
1176
1126
1557
1645
1326
1281
1190
1038
810
674
804
732
811
934
981
1284
1199
1185
1024
950
605
110
-168
-594
-1107
-1522
-1707
-1887
-2037
-2015
-1804
-1597
-1210
-967
-530
-142
158
375
532
860
792
738
752
760
658
585
681
756
787
987
1164
1384
1586
1651
1792
1816
1835
1592
1388
1154
771
399
79
-154
-507
-635
-682
-697
-605
-529
-300
-137
24
210
210
288
157
-20
-162
-391
-593
-861
-954
-999
-1068
-969
-796
-595
-400
-173
51
221
350
353
339
275
104
-92
-267
-408
-587
-717
-713
-714
-675
-608
-479
-356
-318
-214
-243
-281
-364
-565
-757
-1007
-1355
-1584
-1946
-1978
-1900
-1964
-1670
-1585
-908
-744
-301
432
720
1146
1136
1667
1654
1422
1455
1314
1227
985
921
1057
903
1081
1130
1235
1495
1361
1406
1209
1123
766
291
44
-464
-975
-1342
-1560
-1746
-1956
-1897
-1745
-1556
-1195
-939
-475
-136
197
368
580
849
755
726
715
758
637
615
728
761
852
1004
1185
1428
1583
1742
1817
1873
1826
1587
1421
1124
757
390
65
-193
-552
-689
-727
-782
-678
-651
-374
-281
-76
69
66
156
-43
-113
-332
-526
-725
-982
-1042
-1119
-1140
-1018
-882
-653
-458
-228
17
158
305
314
307
220
56
-138
-311
-471
-649
-755
-785
-759
-725
-644
-480
-359
-269
-148
-174
-188
-330
-475
-696
-964
-1227
-1554
-1761
-1952
-1828
-1856
-1646
-1463
-972
-585
-294
434
813
1245
1290
1681
1841
1616
1590
1516
1408
1163
1040
1088
1043
1063
1192
1215
1416
1401
1381
1261
1141
871
411
105
-320
-832
-1265
-1517
-1748
-1903
-1935
-1779
-1630
-1312
-1024
-637
-214
98
317
477
747
738
708
678
704
618
531
594
648
722
856
1028
1219
1408
1518
1607
1692
1661
1502
1295
1058
746
324
22
-284
-573
-803
-861
-868
-812
-722
-561
-314
-225
-70
-19
64
4
-163
-265
-464
-650
-869
-993
-1054
-1083
-1017
-876
-693
-466
-263
-44
164
320
376
375
352
216
36
-160
-309
-485
-626
-680
-666
-644
-557
-454
-326
-205
-129
-99
-115
-140
-317
-488
-707
-928
-1223
-1472
-1665
-1822
-1684
-1668
-1458
-1254
-790
-361
-144
523
909
1234
1306
1565
1750
1480
1420
1345
1212
1028
910
998
991
1025
1162
1137
1362
1343
1234
1153
1006
761
282
-15
-358
-886
-1272
-1500
-1684
-1852
-1878
-1706
-1561
-1260
-993
-638
-248
43
250
403
675
684
626
644
699
620
541
615
655
703
816
969
1156
1325
1406
1450
1476
1495
1282
1068
867
588
199
-130
-320
-580
-794
-889
-862
-842
-719
-616
-401
-245
-156
-70
-27
-23
-143
-261
-421
-546
-744
-862
-892
-903
-857
-730
-573
-370
-160
32
206
358
401
411
364
243
148
-82
-205
-356
-496
-546
-567
-543
-474
-388
-293
-179
-135
-111
-136
-138
-299
-447
-641
-877
-1097
-1404
-1521
-1780
-1707
-1613
-1498
-1278
-1017
-500
-349
117
598
853
1022
1145
1443
1335
1212
1220
1097
969
831
871
933
902
1027
1056
1145
1291
1170
1101
990
774
440
64
-188
-643
-1051
-1279
-1501
-1646
-1755
-1641
-1565
-1338
-1016
-788
-384
-125
135
261
484
640
532
530
561
520
448
457
514
563
626
805
948
1142
1275
1336
1403
1426
1345
1135
1006
756
449
134
-85
-328
-575
-686
-778
-730
-662
-564
-407
-249
-119
-28
8
63
-10
-133
-234
-367
-517
-688
-744
-774
-757
-703
-573
-398
-200
-29
131
329
399
407
425
375
288
117
-43
-168
-316
-421
-462
-468
-464
-406
-342
-225
-150
-119
-89
-117
-160
-314
-462
-635
-881
-1101
-1301
-1473
-1619
-1508
-1478
-1326
-1152
-780
-430
-216
342
665
938
1037
1304
1455
1306
1317
1271
1160
1050
968
1028
1019
1021
1120
1111
1284
1297
1206
1149
1007
801
445
161
-134
-574
-882
-1152
-1306
-1460
-1542
-1424
-1371
-1081
-916
-635
-280
-67
143
276
511
561
532
541
596
533
470
470
486
515
560
677
790
928
1019
1095
1177
1188
1068
925
753
565
250
15
-199
-474
-643
-796
-820
-826
-772
-669
-541
-386
-255
-166
-75
-27
-89
-161
-231
-342
-509
-609
-667
-699
-693
-650
-508
-361
-176
3
169
351
441
486
530
483
389
253
112
-7
-172
-266
-350
-407
-392
-393
-326
-258
-198
-130
-89
-80
-137
-227
-369
-543
-736
-975
-1158
-1374
-1547
-1461
-1484
-1343
-1204
-894
-545
-354
133
454
772
917
1129
1347
1245
1249
1185
1087
997
867
879
828
825
867
821
977
987
901
850
750
620
323
71
-167
-542
-842
-1085
-1279
-1424
-1543
-1509
-1481
-1292
-1084
-876
-535
-286
-44
136
378
481
494
522
556
520
453
450
408
445
465
562
669
781
903
971
1064
1114
1072
975
895
715
450
259
12
-221
-434
-617
-657
-727
-703
-604
-503
-386
-262
-150
-58
29
-5
-46
-71
-213
-313
-434
-502
-544
-582
-529
-451
-286
-172
-22
158
317
478
541
629
650
564
483
374
280
97
-34
-163
-251
-300
-322
-299
-255
-197
-152
-79
-58
-63
-167
-267
-388
-620
-802
-1046
-1228
-1418
-1584
-1466
-1511
-1356
-1242
-946
-592
-495
28
310
591
753
931
1170
1073
1060
1044
965
870
787
754
725
685
737
714
835
888
797
796
732
634
377
154
-51
-417
-699
-920
-1105
-1277
-1392
-1367
-1355
-1177
-1003
-824
-527
-302
-86
90
365
525
516
570
616
550
492
463
461
451
474
564
618
770
874
956
1064
1169
1137
1071
972
834
584
330
156
-133
-318
-517
-594
-670
-668
-639
-578
-419
-344
-222
-132
-54
-56
-89
-122
-191
-305
-411
-483
-521
-570
-510
-462
-362
-192
-77
143
319
477
576
639
688
671
581
538
398
206
91
-42
-138
-227
-245
-281
-241
-194
-147
-87
-72
-80
-154
-218
-325
-506
-718
-905
-1129
-1357
-1505
-1628
-1549
-1532
-1385
-1245
-943
-598
-433
48
351
637
752
963
1174
1034
1052
1028
960
888
782
819
782
760
843
774
928
969
855
865
769
658
371
176
-9
-413
-703
-939
-1154
-1330
-1433
-1388
-1389
-1233
-1062
-880
-578
-335
-113
33
279
383
353
420
463
396
362
352
375
421
430
553
659
805
932
986
1113
1177
1105
1029
920
796
545
272
75
-202
-393
-561
-684
-738
-770
-754
-672
-569
-440
-378
-309
-199
-243
-207
-259
-322
-372
-483
-468
-516
-494
-436
-376
-198
-33
163
350
541
690
785
863
903
834
772
643
512
376
203
103
-79
-104
-171
-171
-103
-99
-24
-22
23
25
-49
-125
-249
-432
-605
-767
-971
-1162
-1322
-1468
-1537
-1610
-1516
-1376
-1276
-1017
-880
-506
-373
-164
165
258
480
486
694
735
661
724
729
742
735
765
836
862
921
992
935
1088
1015
867
847
678
421
189
20
-269
-546
-729
-890
-1049
-1083
-1104
-1042
-930
-820
-693
-495
-309
-139
-38
121
279
293
319
408
469
441
497
541
560
668
739
797
908
964
985
1006
1065
1003
878
792
674
504
292
113
-64
-273
-448
-532
-642
-730
-733
-772
-698
-647
-654
-562
-512
-450
-464
-409
-340
-394
-353
-342
-300
-253
-205
-114
-39
94
197
310
442
546
601
640
704
667
595
553
470
400
276
184
134
18
-25
-61
-83
-77
-115
-118
-122
-120
-145
-230
-207
-305
-422
-502
-597
-701
-847
-876
-968
-1057
-1106
-1111
-1135
-1103
-924
-934
-768
-603
-410
-310
-116
136
199
386
413
628
681
674
759
801
831
797
882
865
865
899
856
873
892
764
670
641
535
382
205
82
-93
-345
-479
-614
-745
-834
-896
-849
-823
-703
-588
-463
-225
-117
35
229
365
424
463
573
556
542
562
517
538
489
547
552
546
604
583
621
634
600
541
482
389
245
100
-17
-162
-345
-491
-575
-669
-713
-708
-716
-597
-544
-460
-334
-239
-77
-50
66
157
129
175
172
122
111
103
72
85
75
148
201
254
371
395
483
537
539
537
511
469
346
249
159
27
-67
-145
-225
-268
-307
-315
-320
-277
-231
-240
-199
-215
-234
-296
-370
-449
-580
-680
-778
-917
-1005
-1076
-1147
-1177
-1196
-1166
-1169
-1045
-970
-838
-730
-579
-442
-390
-166
-91
45
89
209
323
325
439
472
548
612
655
757
813
848
922
910
929
856
781
728
554
452
306
160
49
-102
-159
-231
-319
-300
-321
-271
-253
-191
-111
-88
52
70
142
195
205
223
195
204
220
209
194
198
222
257
242
277
305
321
348
319
315
276
211
177
125
46
7
-27
-58
-104
-71
-57
-48
13
69
131
165
219
240
274
260
239
220
181
116
57
24
-45
-56
-86
-104
-85
-82
-50
-45
-44
-16
5
-12
17
6
-18
-35
-63
-70
-123
-74
-97
-117
-88
-96
-70
-48
-54
-20
-23
-21
-33
-79
-115
-196
-263
-356
-415
-506
-569
-616
-691
-734
-776
-794
-803
-823
-826
-844
-825
-852
-835
-795
-783
-711
-665
-556
-486
-340
-217
-88
83
211
385
450
590
688
686
786
801
805
828
823
877
847
839
891
798
827
756
710
646
502
459
289
216
86
-59
-111
-210
-291
-337
-368
-365
-372
-326
-286
-241
-184
-144
-101
-92
-47
-32
-33
-50
-80
-50
-46
-50
-25
-1
60
133
207
332
390
480
561
594
654
622
630
626
575
516
465
395
332
272
193
152
88
54
27
21
23
14
-23
-27
-104
-165
-210
-300
-348
-421
-434
-470
-514
-500
-481
-430
-358
-277
-199
-113
-15
39
135
142
192
201
197
184
141
141
76
57
13
-1
-29
-27
-25
-26
-38
-42
-114
-165
-206
-307
-364
-475
-567
-657
-764
-834
-895
-948
-953
-922
-899
-839
-766
-709
-641
-552
-517
-462
-395
-331
-253
-177
-43
35
161
266
392
505
627
768
828
933
999
1036
1062
1014
1018
912
831
785
676
608
448
361
274
131
90
4
-87
-102
-207
-244
-309
-403
-439
-496
-541
-617
-643
-671
-669
-634
-586
-487
-408
-307
-193
-38
104
228
347
480
554
599
668
664
701
678
674
671
649
629
581
616
561
540
511
488
448
383
343
249
151
30
-87
-185
-311
-416
-479
-558
-595
-622
-605
-575
-552
-488
-444
-383
-336
-257
-224
-164
-103
-84
-60
-20
33
33
67
99
168
195
233
273
322
351
333
343
310
271
186
122
18
-94
-202
-294
-361
-459
-508
-587
-628
-646
-654
-670
-664
-640
-644
-651
-621
-610
-609
-619
-584
-526
-521
-453
-371
-322
-244
-164
-100
30
123
237
368
445
542
622
674
695
733
734
706
730
695
662
656
622
590
545
477
432
405
347
271
234
165
47
1
-104
-185
-246
-316
-361
-434
-424
-416
-400
-390
-345
-278
-231
-136
-74
6
70
135
227
267
342
381
421
464
455
509
521
555
563
574
573
541
537
495
453
396
338
278
215
109
27
-19
-128
-199
-259
-331
-361
-413
-427
-445
-445
-423
-417
-399
-390
-359
-315
-319
-291
-252
-224
-178
-147
-108
-80
-16
-4
38
106
100
150
175
189
189
162
157
111
71
48
-6
-44
-118
-145
-167
-230
-266
-292
-319
-355
-361
-346
-399
-434
-439
-458
-455
-461
-472
-468
-454
-446
-421
-361
-316
-275
-208
-157
-100
-57
19
43
62
93
111
156
134
154
178
156
201
233
256
294
350
369
380
430
456
474
475
483
475
433
405
380
329
310
269
233
211
187
183
187
186
179
165
150
163
152
142
126
93
58
35
24
15
6
-3
1
15
32
41
59
109
139
171
156
197
167
141
150
104
103
69
38
15
-12
-41
-55
-60
-62
-60
-74
-78
-97
-117
-129
-164
-185
-215
-253
-292
-336
-396
-406
-426
-456
-433
-436
-424
-399
-374
-358
-313
-276
-302
-296
-273
-267
-263
-273
-277
-283
-291
-292
-268
-240
-224
-204
-212
-156
-137
-124
-91
-60
-54
-53
-35
-51
-46
-46
-23
-64
-46
-48
-36
-18
-11
41
57
62
111
130
136
186
183
192
227
230
244
263
271
293
285
326
338
361
389
413
435
408
461
463
461
471
459
443
455
456
429
444
432
417
401
400
393
360
343
323
271
254
236
182
153
114
79
47
-5
-28
-56
-74
-93
-109
-103
-119
-136
-134
-133
-150
-150
-158
-149
-132
-146
-148
-144
-161
-137
-137
-123
-109
-111
-113
-100
-85
-72
-44
-52
-58
-69
-79
-100
-111
-127
-122
-119
-137
-147
-151
-186
-225
-205
-240
-240
-265
-268
-280
-330
-334
-358
-343
-360
-371
-349
-388
-386
-374
-391
-371
-371
-352
-344
-354
-343
-332
-310
-284
-265
-234
-206
-164
-152
-128
-92
-67
-31
-16
23
34
78
114
84
112
128
113
109
109
132
128
106
102
99
110
95
76
85
72
86
89
104
133
131
136
179
195
238
257
291
335
333
384
395
420
428
457
492
468
478
477
468
447
452
448
434
438
416
406
381
326
304
268
202
194
132
82
35
-22
-51
-117
-149
-196
-227
-266
-296
-263
-262
-266
-256
-231
-227
-239
-206
-193
-191
-153
-142
-118
-101
-105
-98
-89
-42
-16
-3
28
43
68
65
63
61
47
33
9
-31
-58
-106
-152
-163
-198
-225
-228
-238
-251
-249
-266
-247
-252
-263
-238
-257
-241
-274
-279
-292
-313
-278
-301
-281
-282
-258
-249
-216
-171
-147
-106
-96
-63
-27
-7
28
43
60
71
64
77
74
89
88
107
135
149
167
173
190
201
203
191
200
198
184
154
132
130
103
85
80
72
47
66
85
107
136
159
195
204
198
226
244
248
236
228
232
221
213
206
209
187
212
200
210
209
208
197
193
200
160
170
132
103
79
29
-26
-59
-77
-120
-167
-193
-200
-229
-248
-243
-246
-236
-242
-242
-210
-205
-183
-180
-174
-175
-177
-166
-157
-147
-153
-123
-121
-70
-39
-57
-38
-43
-26
-27
-6
-9
-19
-7
-24
-24
-19
-42
-60
-74
-70
-63
-68
-65
-82
-76
-105
-96
-65
-82
-69
-95
-62
-61
-80
-69
-63
-34
-48
-33
-22
-24
-3
8
22
36
22
41
46
46
40
49
57
47
66
59
91
75
96
130
125
161
145
171
170
152
171
183
192
150
127
136
138
140
141
162
168
174
161
145
154
143
146
143
121
99
92
70
36
40
29
10
-15
-11
-28
-13
-22
-26
6
11
19
7
9
-9
-23
-18
-29
-60
-68
-90
-93
-106
-133
-135
-131
-136
-136
-113
-119
-130
-128
-105
-106
-116
-132
-128
-138
-158
-167
-180
-166
-185
-154
-143
-111
-89
-110
-87
-93
-54
-69
-92
-76
-75
-90
-92
-110
-127
-92
-115
-95
-74
-83
-53
-51
-7
5
9
24
28
37
40
54
43
59
42
28
46
41
23
50
78
78
92
110
128
121
128
133
132
114
109
102
89
73
67
82
56
75
81
85
76
82
96
93
115
111
101
78
42
55
71
68
73
70
97
115
126
154
176
196
208
227
232
248
240
214
207
185
167
135
104
96
60
37
8
-16
-36
-59
-43
-65
-91
-104
-94
-97
-128
-121
-151
-144
-147
-167
-146
-158
-152
-134
-136
-113
-89
-103
-104
-100
-90
-89
-95
-89
-78
-93
-83
-87
-112
-98
-110
-88
-87
-89
-87
-91
-78
-88
-102
-132
-153
-162
-175
-179
-187
-192
-175
-206
-183
-181
-191
-160
-158
-111
-115
-100
-95
-82
-71
-85
-39
-62
-67
-60
-53
-11
6
31
78
98
119
141
152
186
211
202
203
213
201
201
173
165
163
122
111
96
95
80
69
79
85
85
76
67
55
31
17
7
-23
-13
-43
-39
-47
-34
-16
-11
21
22
49
71
103
120
143
164
155
178
184
172
172
177
172
171
174
190
174
165
167
162
141
118
116
89
66
45
13
-33
-71
-99
-105
-142
-159
-154
-181
-160
-157
-159
-149
-146
-111
-100
-90
-90
-66
-45
-44
-43
-49
-32
-45
-38
-6
-14
16
6
8
37
17
35
49
48
33
10
-2
-27
-58
-68
-92
-90
-110
-135
-138
-144
-160
-179
-193
-204
-214
-243
-230
-232
-250
-237
-238
-216
-205
-210
-179
-161
-151
-119
-90
-71
-32
-14
10
48
88
112
110
131
149
147
164
165
158
170
153
147
147
150
149
130
152
143
129
136
114
112
95
66
48
27
21
-4
-15
-16
-28
-21
-23
-9
3
2
2
17
59
48
58
72
83
107
105
103
78
73
57
44
61
54
45
57
48
58
38
33
39
24
18
-12
-11
-25
-38
-81
-88
-124
-167
-158
-178
-159
-169
-160
-153
-136
-115
-106
-82
-48
-38
-32
3
12
36
34
54
76
89
98
129
140
153
163
187
225
219
240
237
231
233
207
183
158
140
108
79
68
45
16
-9
-22
-48
-56
-85
-115
-104
-119
-115
-128
-144
-141
-157
-149
-143
-165
-159
-181
-175
-151
-152
-139
-127
-103
-103
-84
-84
-59
-60
-60
-49
-52
-40
-49
-51
-31
-32
-28
-3
9
37
44
59
61
73
80
82
82
77
79
73
68
51
57
53
40
47
53
46
61
51
57
57
30
44
47
44
26
15
21
19
-9
3
5
-5
12
9
22
20
26
31
31
21
25
9
-3
3
-11
-15
-44
-43
-59
-83
-88
-75
-77
-85
-74
-87
-77
-96
-94
-89
-95
-99
-105
-98
-95
-90
-74
-62
-58
-29
-8
20
36
52
91
107
136
154
141
155
159
151
152
150
140
123
105
113
114
92
84
70
62
62
48
33
37
17
-5
-8
-22
-30
-69
-77
-101
-114
-111
-135
-110
-115
-114
-87
-81
-60
-51
-58
-38
-31
-15
-17
-17
-5
-14
-13
-20
-25
-17
-15
-14
-15
4
8
20
41
49
59
62
61
62
66
64
57
57
76
77
88
86
91
88
87
85
77
86
75
74
65
70
57
46
31
10
1
-23
-37
-54
-64
-65
-74
-60
-67
-86
-76
-91
-77
-93
-96
-69
-81
-71
-79
-69
-66
-77
-83
-84
-76
-76
-67
-59
-54
-54
-37
-42
-43
-52
-50
-44
-41
-35
-37
-26
-36
-28
-14
-10
-10
-8
-2
17
13
36
46
57
78
70
94
87
96
97
84
88
76
81
78
69
74
77
71
81
68
64
53
35
40
37
19
10
8
-20
-29
-42
-55
-75
-75
-84
-88
-79
-90
-91
-87
-89
-104
-94
-101
-102
-100
-111
-100
-96
-93
-75
-96
-74
-70
-79
-53
-65
-41
-32
-26
0
-2
18
23
39
53
69
87
78
91
103
125
114
137
153
144
155
159
162
156
155
142
143
134
124
112
94
85
64
43
35
12
18
-1
-8
-6
-27
-19
-34
-43
-56
-64
-67
-72
-65
-78
-76
-77
-67
-62
-65
-51
-57
-47
-46
-49
-27
-32
-24
-15
-23
-23
-29
-25
-29
-42
-37
-34
-20
-18
-16
-8
-10
6
0
1
-3
-18
-11
-12
-10
-9
-11
-16
-12
-15
-13
-14
-13
-11
-7
11
10
10
-2
5
8
0
2
-12
-5
-8
-26
-9
-7
-10
-10
-13
-5
-15
-13
-25
-31
-32
-36
-45
-51
-42
-52
-66
-65
-65
-67
-80
-93
-87
-86
-76
-84
-75
-72
-72
-59
-53
-33
-31
-23
-21
2
17
12
30
34
53
63
82
102
116
135
147
156
184
187
177
182
171
173
162
152
145
136
122
107
99
93
90
68
53
50
39
25
11
-8
-15
-33
-45
-47
-68
-71
-80
-84
-71
-76
-69
-61
-63
-42
-36
-31
-18
-25
-5
-10
-7
2
-3
9
-4
-1
4
5
-1
-12
-4
6
-4
-3
-6
-10
-16
-22
-21
-32
-35
-49
-58
-60
-55
-61
-64
-71
-63
-76
-68
-56
-61
-43
-61
-32
-30
-33
-21
-35
-28
-35
-28
-28
-40
-41
-47
-58
-56
-62
-56
-59
-63
-61
-58
-42
-45
-46
-49
-44
-64
-60
-58
-72
-69
-79
-64
-58
-49
-38
-33
-16
-3
11
21
37
43
45
51
59
72
72
65
80
83
90
104
107
120
123
132
144
148
152
148
148
156
150
148
141
138
132
117
121
113
105
92
81
80
69
61
53
39
37
32
23
12
5
-2
-20
-29
-36
-40
-56
-64
-61
-66
-62
-64
-60
-55
-58
-51
-43
-27
-23
-31
-23
-13
-13
-25
-33
-28
-37
-42
-39
-36
-32
-36
-32
-33
-30
-34
-28
-36
-39
-42
-56
-48
-54
-58
-69
-67
-68
-75
-73
-77
-66
-67
-57
-47
-45
-37
-40
-37
-29
-38
-39
-37
-37
-40
-51
-38
-32
-36
-44
-43
-28
-35
-37
-37
-29
-23
-31
-26
-20
-15
-18
-22
-12
-8
-10
-10
3
12
13
17
33
48
44
43
54
68
72
73
80
84
91
86
89
101
95
96
96
106
108
102
112
112
115
112
116
127
121
119
106
105
101
85
80
63
55
42
30
26
21
18
1
-7
-15
-20
-29
-40
-48
-57
-64
-72
-79
-80
-85
-96
-98
-94
-97
-100
-93
-88
-78
-79
-70
-58
-52
-44
-56
-37
-30
-28
-33
-34
-24
-30
-31
-36
-22
-29
-37
-42
-39
-37
-49
-45
-40
-37
-46
-54
-43
-32
-42
-46
-41
-29
-29
-36
-21
-6
0
-3
4
17
23
17
14
23
21
23
24
26
35
22
15
16
11
2
-14
-13
-18
-28
-33
-30
-21
-26
-32
-40
-29
-30
-32
-25
-19
-9
-9
2
17
16
23
24
32
44
40
56
66
74
78
73
89
93
96
90
84
90
94
90
91
93
88
80
73
77
72
66
56
56
55
54
56
51
55
43
35
38
33
27
17
7
6
1
-6
-8
-24
-23
-38
-48
-49
-57
-58
-70
-78
-74
-78
-80
-86
-95
-89
-97
-93
-90
-90
-87
-94
-81
-80
-75
-74
-71
-61
-61
-52
-47
-35
