-11
-11
-13
-12
-11
-10
-10
-9
-10
-13
-12
-11
-11
-12
-15
-15
-15
-13
-12
-10
-6
-3
-2
0
3
7
10
16
20
22
25
25
27
31
35
38
39
41
41
41
44
45
44
43
39
36
33
31
29
25
21
16
11
8
4
-1
-4
-6
-10
-13
-13
-15
-16
-17
-15
-15
-15
-17
-17
-18
-19
-19
-22
-26
-28
-32
-34
-36
-38
-41
-45
-49
-51
-51
-52
-53
-55
-55
-58
-60
-60
-59
-57
-57
-56
-55
-53
-48
-44
-38
-33
-27
-21
-14
-6
4
13
23
31
39
49
58
67
75
81
85
89
94
97
100
103
106
105
103
100
96
92
88
82
76
70
62
54
47
43
36
30
22
14
7
2
-3
-7
-11
-16
-21
-24
-26
-30
-32
-36
-38
-40
-44
-46
-48
-51
-54
-58
-62
-65
-71
-75
-77
-80
-86
-90
-96
-100
-104
-108
-110
-112
-113
-116
-117
-116
-113
-111
-107
-104
-98
-91
-81
-71
-62
-50
-38
-25
-9
4
19
36
52
66
80
93
106
118
133
144
153
159
164
169
174
174
173
171
166
161
154
149
142
133
124
114
105
96
85
76
67
60
50
42
34
27
21
15
10
5
0
-7
-12
-16
-21
-25
-31
-36
-42
-49
-55
-61
-69
-78
-88
-99
-107
-115
-122
-131
-139
-147
-155
-161
-167
-172
-176
-178
-179
-180
-180
-176
-172
-166
-159
-153
-143
-134
-123
-111
-97
-81
-66
-51
-34
-17
2
22
40
59
76
94
109
124
137
150
162
172
181
187
193
196
198
197
195
192
187
182
176
170
162
150
136
123
110
99
90
80
68
56
41
31
24
18
11
3
-3
-11
-15
-18
-21
-25
-28
-33
-40
-44
-51
-58
-63
-70
-82
-95
-108
-122
-134
-145
-156
-167
-180
-192
-201
-210
-219
-228
-234
-235
-234
-230
-223
-216
-208
-202
-194
-181
-163
-142
-123
-99
-78
-60
-44
-27
-8
12
35
60
78
93
109
124
138
153
169
182
199
215
230
244
259
269
274
280
287
295
309
322
327
323
317
310
300
292
285
273
259
248
228
202
181
161
141
122
105
82
58
38
20
5
-8
-18
-30
-42
-51
-64
-79
-89
-103
-121
-137
-147
-160
-173
-183
-196
-218
-244
-268
-291
-314
-334
-351
-370
-385
-390
-393
-401
-410
-419
-425
-423
-403
-377
-353
-327
-304
-288
-270
-240
-208
-175
-135
-94
-64
-41
-19
-2
13
31
51
61
72
83
89
87
88
88
85
86
91
87
80
87
100
112
128
145
151
156
173
196
219
250
283
312
338
367
394
418
439
454
466
480
496
507
514
518
508
487
463
434
400
371
347
315
273
230
184
135
93
57
20
-15
-40
-64
-95
-122
-144
-165
-174
-170
-167
-171
-174
-174
-180
-182
-181
-185
-192
-193
-192
-189
-192
-199
-215
-234
-252
-271
-291
-304
-308
-308
-311
-320
-332
-349
-364
-364
-352
-341
-334
-329
-328
-339
-344
-341
-340
-343
-343
-342
-357
-382
-397
-410
-423
-422
-411
-410
-410
-401
-395
-394
-372
-326
-263
-170
-58
19
48
77
138
224
345
491
608
679
734
775
781
786
817
850
867
890
892
840
771
695
593
475
393
339
285
252
222
148
42
-45
-110
-169
-185
-154
-119
-93
-57
-33
-36
-38
-11
37
106
187
254
292
310
319
322
326
332
331
322
320
314
293
257
201
129
57
5
-28
-65
-103
-151
-210
-262
-314
-360
-399
-416
-416
-406
-391
-383
-382
-375
-354
-337
-319
-294
-263
-226
-196
-170
-163
-163
-176
-207
-235
-260
-285
-312
-338
-381
-464
-564
-676
-778
-859
-926
-987
-1027
-1042
-1034
-953
-835
-806
-884
-925
-845
-674
-426
-149
55
174
282
372
418
501
665
848
1017
1177
1271
1271
1234
1154
1002
849
778
746
714
702
642
446
200
22
-124
-262
-326
-309
-310
-334
-326
-327
-386
-435
-420
-363
-284
-171
-48
39
109
184
251
299
342
392
457
542
632
696
731
735
709
672
651
650
657
674
693
689
659
614
552
482
419
366
328
324
330
314
273
211
140
76
58
63
70
82
96
86
55
18
-28
-79
-102
-87
-59
-28
-12
-27
-68
-112
-146
-161
-168
-166
-168
-183
-217
-270
-326
-391
-448
-484
-514
-546
-570
-606
-681
-781
-872
-960
-1034
-1093
-1155
-1217
-1261
-1307
-1383
-1457
-1534
-1627
-1689
-1684
-1647
-1542
-1295
-1043
-987
-1066
-1072
-954
-737
-412
-76
149
317
488
603
641
723
873
1033
1206
1383
1507
1543
1538
1466
1310
1124
989
909
879
900
868
705
497
334
192
46
-21
-7
0
2
44
98
76
33
37
84
135
201
301
409
520
626
705
719
689
662
693
771
845
884
884
843
784
723
640
526
422
357
312
283
241
169
62
-41
-127
-208
-273
-290
-288
-303
-325
-367
-434
-507
-525
-522
-515
-487
-430
-383
-365
-361
-362
-366
-370
-332
-260
-194
-151
-118
-95
-101
-119
-131
-144
-161
-165
-146
-142
-169
-209
-269
-351
-416
-466
-529
-584
-617
-646
-719
-823
-935
-1032
-1101
-1144
-1179
-1225
-1277
-1316
-1318
-1209
-916
-640
-616
-756
-788
-665
-432
-86
261
467
584
708
780
811
891
1043
1186
1325
1464
1543
1544
1513
1416
1215
997
851
752
703
727
675
471
240
85
-81
-257
-337
-340
-364
-370
-282
-191
-196
-240
-233
-202
-151
-52
60
164
304
472
598
636
616
599
625
690
765
826
851
858
867
856
782
659
524
426
366
377
405
382
299
191
68
-70
-138
-149
-136
-144
-151
-174
-221
-263
-304
-346
-399
-423
-401
-343
-291
-280
-322
-380
-425
-428
-415
-396
-372
-341
-302
-276
-283
-326
-372
-418
-434
-414
-387
-379
-371
-368
-387
-434
-498
-559
-583
-583
-591
-612
-661
-720
-788
-852
-917
-986
-1037
-1063
-1092
-1136
-1189
-1247
-1253
-1036
-669
-491
-609
-773
-763
-614
-322
38
312
446
579
713
759
774
847
979
1111
1262
1411
1495
1493
1438
1330
1161
958
790
697
687
707
647
495
331
178
1
-142
-185
-196
-217
-179
-81
-22
-35
-36
-2
15
5
26
104
226
382
543
678
682
614
566
574
600
619
653
688
699
669
618
523
395
260
159
89
75
118
146
117
20
-101
-191
-200
-174
-156
-166
-170
-158
-145
-150
-192
-258
-307
-301
-262
-229
-190
-168
-187
-226
-269
-303
-332
-340
-335
-325
-308
-272
-254
-272
-326
-396
-451
-471
-469
-450
-436
-449
-473
-496
-513
-564
-596
-626
-632
-620
-606
-587
-613
-686
-786
-864
-935
-987
-1035
-1050
-1097
-1116
-1154
-1101
-809
-451
-328
-545
-678
-630
-433
-139
237
495
580
707
826
895
879
933
1043
1167
1306
1469
1600
1590
1496
1348
1140
899
724
680
742
755
675
553
425
257
40
-92
-146
-189
-214
-113
55
148
156
188
233
197
194
151
134
294
508
717
812
855
828
666
649
704
669
660
690
764
773
697
642
476
310
183
78
41
-22
-60
-92
-197
-342
-495
-605
-650
-719
-750
-734
-672
-599
-565
-535
-576
-614
-583
-523
-438
-344
-257
-163
-93
-50
-29
-66
-97
-121
-111
-70
-31
-4
-62
-194
-350
-462
-507
-517
-549
-577
-608
-647
-684
-734
-805
-929
-989
-966
-927
-862
-839
-878
-970
-1146
-1291
-1429
-1539
-1631
-1656
-1626
-1670
-1315
-98
1220
1450
1016
1173
1499
1180
1196
2231
2737
1940
1718
2404
1939
329
-80
633
312
-465
12
657
-209
-1208
-925
-889
-1906
-2250
-1287
-602
-667
-313
302
210
-151
-46
143
163
602
1431
1977
2185
2320
2182
1749
1464
1376
1152
974
1158
1267
1055
831
583
68
-519
-674
-626
-712
-654
-314
-104
-191
-250
-260
-503
-637
-297
100
289
520
907
971
675
474
299
63
-29
167
311
184
69
-33
-355
-774
-1028
-1130
-1149
-994
-728
-602
-605
-588
-610
-741
-781
-630
-373
-124
156
305
206
38
-57
-112
-264
-352
-259
-104
-46
-44
-138
-338
-618
-719
-727
-806
-965
-991
-844
-919
-1012
-1184
-1289
-1550
-1732
-1598
-1592
-1589
-1738
-1705
-1696
-1690
-642
1668
3632
3457
2493
2668
2528
1414
1445
2938
2927
1054
660
995
-630
-2576
-1984
-672
-1038
-1128
136
587
-356
-616
-86
-378
-1015
-567
478
1102
1321
1265
854
388
117
-134
-155
412
1129
1447
1661
1853
1696
1321
1215
1241
901
611
655
702
454
292
248
-189
-847
-1158
-1059
-953
-696
-226
131
146
150
186
111
46
147
511
806
951
1005
947
710
177
-229
-412
-475
-430
-308
-120
-208
-374
-498
-653
-727
-727
-538
-279
-47
36
-75
-161
-257
-431
-602
-564
-414
-355
-242
-71
-28
-197
-304
-251
-223
-272
-244
-48
60
48
17
-90
-307
-524
-559
-534
-676
-777
-833
-864
-988
-1113
-1164
-1341
-1450
-1618
-1685
-1769
-1866
-1982
-2137
-2158
-2147
-1598
314
3015
4203
3347
2519
2447
1708
1026
1845
2576
1322
-235
-151
-360
-1915
-2644
-1755
-1100
-1010
-116
1032
1005
357
186
186
-118
-269
104
594
924
927
589
189
-33
-373
-751
-493
286
1007
1418
1936
2327
2226
1887
1640
1354
857
547
473
399
219
64
-166
-586
-986
-1103
-958
-728
-362
133
599
887
987
871
631
371
231
350
561
736
643
387
29
-403
-665
-729
-608
-499
-327
-89
12
34
-53
-168
-310
-381
-336
-268
-224
-299
-367
-456
-593
-750
-801
-711
-572
-380
-117
107
181
112
74
41
-59
-203
-252
-199
-250
-300
-256
-229
-420
-604
-595
-561
-566
-632
-577
-520
-615
-826
-1103
-1283
-1626
-1860
-2047
-2179
-2372
-2584
-2390
-2183
-1498
451
3295
4614
3601
2565
2323
1684
968
1628
2290
943
-761
-861
-862
-2064
-2770
-1921
-989
-533
319
1276
1417
953
689
521
103
-291
-288
127
680
786
213
-409
-608
-676
-861
-509
399
1157
1553
2066
2695
2789
2382
1857
1365
764
283
30
-81
-186
-313
-493
-770
-954
-1000
-853
-556
-54
513
1021
1361
1481
1329
980
589
372
366
280
230
240
276
87
-184
-246
-277
-215
-48
206
326
304
299
141
-61
-297
-535
-702
-764
-787
-892
-862
-697
-565
-544
-466
-282
-191
-144
37
312
410
291
177
51
-195
-511
-712
-770
-760
-664
-430
-218
-182
-246
-227
-191
-310
-458
-614
-672
-795
-1005
-1311
-1770
-2159
-2543
-2591
-2615
-2733
-2776
-2478
-1913
-1043
1667
4757
5372
3670
2569
2440
1302
770
1727
2004
114
-1372
-1080
-1507
-2639
-2705
-1501
-719
-178
1046
2006
2047
1373
754
152
-377
-539
-459
-30
338
225
-410
-751
-619
-724
-879
-411
702
1538
2103
2661
3009
2875
2329
1673
830
63
-478
-719
-787
-723
-623
-732
-878
-920
-734
-474
-74
463
981
1391
1612
1736
1468
869
278
-29
-180
-274
-218
-246
-305
-391
-344
-300
-286
-75
173
437
537
532
400
161
-33
-358
-680
-904
-918
-917
-954
-813
-579
-312
-157
25
157
151
200
328
484
430
254
87
-156
-452
-774
-1002
-1137
-1096
-853
-517
-212
-15
84
47
-6
-111
-325
-490
-605
-612
-920
-1379
-1867
-2286
-2419
-2629
-2602
-2770
-2642
-2303
-1764
-924
843
3936
5412
4504
2904
2391
1790
911
1382
1822
711
-1097
-1385
-1343
-2200
-2444
-1668
-776
-193
991
2141
2155
1483
729
200
-387
-654
-612
-439
-53
47
-190
-596
-625
-702
-839
-429
581
1666
2293
2818
3060
3060
2770
2149
1176
176
-367
-577
-608
-631
-571
-666
-813
-834
-653
-384
-84
361
823
1295
1589
1660
1324
730
82
-278
-290
-407
-495
-595
-474
-352
-329
-232
-202
79
356
676
826
734
597
280
35
-356
-719
-962
-1059
-1048
-1076
-882
-659
-399
-221
-28
201
288
392
470
558
498
336
114
-212
-547
-896
-1049
-1069
-950
-759
-491
-241
-172
-134
-145
-209
-374
-476
-701
-900
-1139
-1537
-1936
-2143
-2173
-2613
-2968
-2861
-2482
-2033
-1558
-72
2705
5048
4975
3341
2466
1917
1053
952
1642
1269
-352
-1040
-1076
-1842
-2542
-2054
-1204
-771
177
1559
2168
1761
1084
501
-167
-747
-948
-821
-381
-12
-109
-457
-557
-446
-556
-474
175
1099
1818
2373
2768
2904
2860
2469
1548
329
-408
-448
-308
-321
-296
-234
-358
-605
-703
-551
-238
246
738
1212
1552
1671
1459
939
327
-233
-438
-466
-360
-296
-331
-438
-600
-543
-441
-265
-61
264
686
948
950
561
90
-378
-797
-1097
-1255
-1217
-1074
-765
-521
-389
-275
-195
-96
19
232
435
518
459
282
40
-299
-688
-1095
-1307
-1278
-1101
-885
-647
-380
-201
-128
-158
-280
-417
-400
-422
-613
-946
-1288
-1646
-2040
-2229
-2432
-2535
-2668
-2618
-2055
-1274
-591
490
3339
5651
5089
3053
2202
1953
946
1009
1807
1239
-682
-1448
-1237
-1963
-2528
-1948
-963
-305
802
2093
2203
1511
841
371
-284
-847
-919
-758
-338
-52
-234
-704
-833
-618
-527
-165
716
1719
2334
2722
2962
2940
2695
2163
1284
279
-202
-213
-259
-500
-584
-556
-668
-813
-803
-540
-84
635
1358
1706
1669
1490
1238
832
405
34
-307
-442
-330
-139
-165
-422
-697
-810
-568
-111
347
760
1108
1282
1115
751
267
-319
-824
-1067
-1024
-917
-793
-614
-431
-336
-364
-328
-211
-7
295
630
813
641
267
-168
-582
-940
-1191
-1278
-1221
-982
-660
-442
-396
-430
-429
-491
-510
-565
-573
-514
-488
-599
-1171
-1882
-2541
-2856
-2861
-2848
-2830
-2786
-2100
-1236
-300
1738
4434
5306
3595
2092
1863
1466
1086
1638
1868
415
-1068
-1358
-1868
-2643
-2381
-1386
-682
252
1644
2151
1520
855
507
13
-504
-532
-301
-108
55
-55
-506
-966
-1051
-838
-267
704
1663
2336
2721
2867
2733
2543
2331
1813
1018
486
489
556
222
-319
-644
-855
-1084
-1080
-791
-378
128
789
1342
1482
1284
985
623
377
362
350
292
168
21
-277
-656
-964
-1149
-984
-531
70
534
779
828
567
202
-116
-315
-479
-555
-555
-607
-618
-719
-854
-959
-905
-654
-386
-134
74
280
372
282
27
-341
-626
-821
-920
-930
-895
-834
-775
-654
-565
-585
-578
-455
-277
-285
-491
-665
-771
-865
-1248
-1597
-2020
-2294
-2398
-2620
-2609
-2613
-2191
-1617
-896
648
3295
5521
4801
2681
1663
1374
1031
1307
2175
1525
-328
-1233
-1493
-2163
-2467
-1662
-876
-160
1228
2146
1708
778
337
46
-449
-526
-181
11
-17
-136
-522
-1151
-1419
-1195
-574
435
1559
2385
2694
2652
2448
2260
2129
1800
1233
803
760
790
509
-82
-713
-1141
-1264
-1048
-623
-214
236
752
1093
1185
994
733
512
457
543
652
625
476
341
7
-463
-911
-1029
-772
-277
299
704
964
845
397
-83
-363
-390
-393
-226
-32
-69
-307
-575
-812
-1022
-1010
-786
-375
76
364
449
330
165
-71
-320
-548
-633
-645
-683
-683
-730
-796
-770
-602
-448
-411
-339
-287
-256
-340
-590
-812
-988
-1142
-1502
-1701
-2004
-2210
-2489
-2742
-2728
-2629
-2042
-1457
-651
876
3591
5427
4256
2102
1111
1085
1151
1815
2560
1514
-514
-1699
-2121
-2557
-2337
-1349
-573
376
1493
1661
767
-22
-279
-434
-296
347
794
550
79
-438
-1174
-1845
-1735
-974
34
1173
2132
2563
2233
1676
1355
1490
1910
2063
1842
1489
1271
980
310
-554
-1182
-1274
-926
-338
123
223
261
364
493
454
461
651
965
1220
1237
1027
587
217
-124
-207
-180
-263
-298
-180
120
219
303
420
285
204
100
185
55
-127
-164
-373
-363
-417
-423
-491
-593
-578
-641
-518
-349
-154
3
93
229
78
-277
-609
-814
-868
-904
-839
-732
-637
-578
-613
-726
-901
-986
-894
-697
-691
-791
-990
-1209
-1525
-1909
-2277
-2563
-2690
-2812
-2687
-2464
-2008
-1488
-969
888
3764
5199
3774
1878
1558
1606
1973
2945
3154
1246
-1220
-2020
-2180
-2132
-1385
-516
9
498
1082
606
-422
-710
-453
12
718
1481
1348
286
-582
-1153
-1597
-1602
-971
4
853
1585
1858
1550
1132
947
1296
2083
2840
2840
1930
889
209
-9
-76
-162
-167
-193
-166
-126
-269
-656
-864
-496
229
961
1335
1208
819
593
449
274
254
520
879
877
519
-192
-830
-1097
-965
-403
344
955
1005
518
41
-335
-604
-679
-339
163
364
305
49
-372
-864
-1096
-892
-402
188
575
564
321
10
-286
-567
-681
-551
-394
-302
-344
-597
-993
-1270
-1185
-894
-671
-512
-435
-555
-837
-1080
-1152
-1303
-1406
-1582
-1831
-2196
-2606
-2892
-2935
-2626
-1985
-1345
-35
2636
4761
4203
1890
997
1483
2369
3666
4252
2642
-632
-2579
-2841
-2541
-1490
-225
134
-227
-295
-473
-1315
-1662
-934
124
1108
1801
1665
310
-1257
-1873
-1666
-954
-52
612
852
707
510
315
320
804
1678
2794
3520
3229
1880
240
-623
-431
358
1057
1201
781
-85
-867
-1169
-1122
-778
-163
624
1226
1424
1070
254
-319
-35
766
1409
1711
1530
934
222
-215
-389
-321
41
397
656
774
692
293
-222
-340
-108
234
503
451
116
-362
-572
-515
-363
-205
-122
-64
-209
-373
-460
-465
-404
-247
-58
-146
-489
-876
-1114
-1173
-1047
-852
-771
-751
-768
-844
-937
-1101
-1149
-1108
-866
-713
-951
-1335
-1620
-1950
-2332
-2539
-2507
-2476
-2440
-2295
-2110
-1646
-264
2335
4113
3299
1347
780
1698
3060
4362
4530
2319
-982
-2623
-2427
-1458
-135
786
296
-862
-1360
-1581
-1813
-1328
-92
932
1370
1338
633
-592
-1315
-959
-65
778
1184
986
404
-73
-109
293
1057
1900
2474
2752
2558
1761
645
-37
162
918
1515
1436
684
-351
-1068
-1053
-463
124
387
309
44
-174
-194
-73
67
399
1031
1387
1286
889
500
334
375
634
730
717
444
-4
-213
-88
268
351
214
44
-210
-358
-360
-270
-219
-201
-132
-98
-151
-251
-323
-360
-277
-77
71
-25
-329
-589
-721
-761
-731
-691
-719
-768
-895
-1023
-1087
-1033
-905
-861
-768
-767
-863
-963
-991
-880
-1073
-1287
-1548
-1865
-2188
-2506
-2466
-2489
-2247
-2116
-1929
-1699
-435
2105
3510
2494
672
805
2085
3440
4582
4327
1790
-1349
-2234
-1243
116
1226
1270
-190
-1829
-2213
-1908
-1423
-394
742
959
448
-129
-675
-1047
-628
455
1278
1417
904
195
-310
-128
706
1611
2174
2073
1753
1543
1466
1287
1014
940
1049
1087
800
286
-274
-609
-504
25
456
344
-134
-576
-678
-388
118
401
320
280
319
303
458
718
949
1027
919
663
274
205
214
276
472
659
574
-4
-510
-719
-680
-400
-172
-169
-470
-759
-788
-596
-248
-68
-113
-257
-317
-166
17
139
113
-103
-387
-630
-709
-670
-589
-541
-561
-698
-928
-1123
-1110
-952
-736
-563
-586
-730
-875
-1017
-1011
-1080
-1310
-1643
-2038
-2282
-2470
-2348
-2325
-2397
-2207
-1910
-430
1868
2935
1420
-391
420
2323
4008
4936
4254
1389
-1589
-1763
-163
1429
2038
1106
-941
-2561
-2593
-1819
-871
233
677
-18
-1127
-1680
-1458
-796
276
1161
1221
594
-233
-503
29
1146
2123
2364
1944
1230
1003
1526
2270
2526
2063
1293
761
529
398
412
481
396
112
-54
-162
-374
-399
-106
299
482
355
-50
-328
-80
415
882
1168
1278
1000
605
466
555
852
1102
1063
687
331
281
288
169
22
-173
-394
-569
-669
-817
-925
-860
-754
-660
-648
-784
-927
-845
-493
-57
149
56
-262
-517
-552
-433
-269
-240
-390
-749
-1089
-1186
-1009
-743
-672
-855
-1114
-1291
-1302
-1099
-846
-687
-862
-1051
-1457
-1816
-2088
-2116
-1887
-1961
-2049
-2286
-2288
-2093
-1608
-156
1724
2341
968
-246
827
2739
4080
4528
3714
1388
-839
-523
1384
2682
2420
902
-931
-2029
-1708
-615
335
772
168
-1185
-2150
-1957
-882
177
675
385
-349
-900
-798
-9
1122
1971
2026
1466
926
876
1506
2515
3056
2564
1397
521
380
747
1064
993
542
-127
-699
-807
-461
-110
27
-68
-362
-778
-1003
-793
-330
219
496
436
124
-36
52
321
782
1082
1097
670
269
202
602
1052
949
386
-228
-523
-477
-272
-139
-402
-870
-1183
-1199
-960
-687
-509
-510
-615
-676
-660
-500
-203
89
244
162
-89
-353
-480
-386
-193
-116
-218
-394
-596
-684
-733
-757
-769
-756
-733
-777
-883
-1036
-1184
-1425
-1778
-2100
-2151
-2187
-2300
-2435
-2240
-2097
-2060
-1785
-308
1462
1664
426
-12
1355
2786
3588
3793
2991
1132
-4
959
2495
2848
1939
467
-743
-1115
-527
268
638
257
-841
-1933
-2028
-1198
-320
-33
-430
-1047
-1440
-1176
-388
567
1310
1370
891
655
1106
1902
2735
3198
2884
1888
1114
1145
1722
2152
1872
1023
8
-635
-528
100
491
187
-459
-1047
-1390
-1333
-832
-281
-107
-303
-603
-723
-496
68
615
784
639
406
308
363
568
917
1134
972
565
271
221
277
266
123
-168
-583
-881
-834
-621
-562
-703
-896
-990
-929
-766
-591
-429
-258
-150
-174
-240
-236
-187
-116
-57
4
-47
-165
-259
-239
-230
-286
-461
-573
-647
-649
-585
-661
-950
-1400
-1660
-1851
-1830
-1837
-1906
-2308
-2506
-2401
-2280
-2135
-1988
-1002
650
1403
365
-775
367
2341
3264
3312
2827
1466
-24
609
2602
3497
2576
938
-318
-581
84
919
1192
535
-731
-1937
-1942
-942
-52
-78
-957
-1882
-2247
-1711
-636
328
686
447
-24
-20
797
1882
2585
2707
2345
1754
1445
1768
2459
2742
2164
1116
364
277
645
974
821
88
-746
-1143
-1077
-807
-525
-498
-817
-1285
-1494
-1250
-667
-41
194
-22
-406
-535
-270
272
779
967
833
541
379
541
850
941
647
280
6
-129
-53
69
-3
-403
-895
-1106
-951
-667
-572
-704
-820
-813
-764
-728
-614
-465
-419
-397
-320
-208
-118
-81
-71
-74
-59
0
84
174
175
62
-173
-389
-570
-795
-1015
-1228
-1371
-1674
-1861
-2037
-2144
-2276
-2333
-2237
-2168
-2019
-1723
-401
670
305
-835
-346
1448
2360
2396
2285
1721
573
716
2479
3621
2902
1432
511
446
967
1465
1471
905
-191
-1270
-1589
-873
-209
-454
-1416
-2346
-2522
-1916
-924
-331
-366
-699
-893
-527
481
1479
1869
1796
1570
1319
1357
1973
2776
2902
2204
1444
1248
1425
1472
1302
963
482
-44
-340
-426
-482
-657
-932
-1207
-1326
-1304
-1150
-891
-678
-745
-1151
-1326
-935
-111
532
622
331
95
276
726
1127
1272
1150
901
775
983
1201
1086
659
256
38
30
140
133
-138
-520
-681
-649
-589
-608
-701
-764
-772
-709
-575
-465
-434
-474
-414
-235
-69
51
166
246
257
243
223
156
19
-143
-356
-553
-792
-1053
-1244
-1347
-1457
-1627
-1843
-2054
-2239
-2219
-2170
-2199
-2221
-1978
-883
-113
-574
-1578
-976
879
1834
1713
1456
1070
418
831
2476
3406
2637
1430
894
1166
1641
1718
1308
651
-161
-918
-979
-278
-14
-769
-1807
-2262
-1978
-1338
-726
-606
-818
-1002
-965
-569
209
929
1151
1144
1237
1451
1787
2188
2495
2413
2033
1691
1649
1852
1966
1824
1305
585
29
25
302
290
-100
-610
-979
-1126
-1089
-1037
-1155
-1368
-1480
-1289
-836
-491
-476
-623
-588
-345
51
496
788
840
843
943
1041
1128
1173
1117
944
820
793
662
436
231
110
22
-112
-325
-511
-637
-708
-775
-823
-831
-830
-776
-698
-644
-645
-605
-396
-77
58
-8
-114
-58
90
151
87
-31
-152
-260
-344
-412
-475
-658
-930
-1073
-1061
-1096
-1302
-1618
-1845
-1957
-1966
-2097
-2313
-2123
-1129
-491
-1023
-1707
-935
513
1025
961
1025
964
613
1060
2263
2790
2099
1223
1014
1373
1636
1458
1151
791
29
-749
-690
83
260
-486
-1264
-1518
-1371
-1096
-801
-740
-979
-1239
-1072
-370
399
624
475
520
820
1122
1490
1868
2038
1847
1570
1548
1711
1742
1543
1393
1314
1115
854
772
703
318
-230
-560
-616
-584
-623
-742
-936
-1092
-1160
-1186
-1089
-808
-476
-364
-406
-344
-34
340
612
773
827
779
743
900
1125
1135
890
669
713
856
858
609
266
55
-32
-61
-82
-147
-320
-565
-672
-619
-546
-554
-544
-492
-488
-557
-647
-612
-413
-220
-225
-403
-448
-325
-205
-174
-241
-301
-351
-352
-417
-510
-663
-779
-904
-1092
-1326
-1512
-1659
-1824
-1980
-2063
-2173
-2172
-1563
-814
-756
-1328
-1286
-407
343
652
814
657
178
243
1270
2248
2103
1147
566
882
1445
1502
1264
1099
657
22
-118
404
590
-23
-718
-875
-757
-696
-601
-450
-392
-602
-792
-559
27
461
563
683
839
754
673
945
1477
1721
1567
1334
1263
1308
1468
1739
1798
1359
679
479
833
1115
837
194
-350
-603
-611
-470
-388
-489
-833
-1150
-1137
-802
-437
-292
-289
-340
-299
-175
34
286
453
457
370
372
511
684
758
670
499
343
276
316
417
437
284
-37
-256
-216
-50
-11
-198
-461
-639
-678
-622
-534
-546
-661
-767
-745
-623
-487
-403
-380
-408
-419
-359
-267
-205
-232
-251
-280
-352
-471
-553
-580
-628
-756
-971
-1135
-1234
-1253
-1343
-1482
-1611
-1594
-1297
-926
-758
-891
-899
-705
-418
2
488
652
307
46
277
892
1349
1364
1163
1079
1105
963
990
1212
1207
842
547
565
501
326
209
194
128
-30
-88
-42
42
41
18
118
190
159
100
217
386
448
481
532
611
584
608
775
913
819
599
592
716
704
534
395
373
302
172
48
0
-101
-271
-381
-370
-294
-278
-288
-276
-240
-231
-241
-187
-92
-82
-123
-114
-30
17
40
50
54
70
84
126
155
154
89
54
108
181
181
99
42
18
44
51
-33
-168
-281
-271
-209
-181
-216
-283
-317
-297
-227
-179
-163
-185
-215
-232
-213
-151
-127
-231
-412
-508
-465
-421
-488
-594
-675
-742
-830
-924
-975
-972
-1045
-1206
-1380
-1454
-1474
-1506
-1436
-1222
-1028
-1062
-1114
-918
-663
-466
-295
-108
6
115
361
631
840
841
797
953
1250
1378
1309
1342
1367
1261
1153
1250
1411
1338
1149
1028
1047
986
783
647
654
613
362
220
267
299
173
71
134
151
123
171
289
325
216
152
234
342
340
303
344
427
442
417
414
405
348
299
298
274
205
137
104
83
3
-91
-111
-86
-97
-138
-164
-212
-301
-374
-323
-211
-180
-273
-367
-365
-332
-298
-261
-192
-187
-298
-391
-347
-202
-167
-263
-354
-339
-261
-239
-230
-221
-230
-304
-348
-270
-162
-116
-120
-129
-154
-190
-165
-90
-48
-91
-167
-214
-226
-260
-321
-341
-349
-429
-555
-614
-595
-584
-635
-735
-835
-899
-936
-963
-1017
-1103
-1189
-1205
-1150
-1069
-964
-834
-744
-655
-519
-374
-281
-154
52
263
426
531
630
750
871
951
1063
1202
1279
1295
1391
1487
1411
1280
1273
1316
1220
1090
994
867
721
641
613
497
315
153
133
204
179
17
-127
-107
-34
1
20
21
-3
-4
100
220
250
173
156
299
432
417
321
303
337
302
217
156
126
63
-30
-90
-122
-188
-257
-222
-118
-90
-192
-315
-367
-349
-296
-241
-236
-289
-322
-267
-171
-152
-234
-294
-254
-151
-88
-69
-93
-149
-162
-78
31
24
-62
-101
-28
48
36
-39
-85
-64
-29
-10
-11
-27
-54
-97
-112
-108
-125
-126
-132
-155
-220
-293
-328
-332
-315
-314
-342
-417
-507
-573
-603
-615
-671
-779
-883
-903
-899
-937
-1014
-1100
-1160
-1178
-1144
-1049
-922
-804
-673
-536
-470
-443
-295
-42
164
255
328
484
700
823
842
958
1154
1253
1259
1336
1433
1343
1205
1206
1279
1213
1048
987
962
838
633
536
570
536
352
154
67
42
26
60
117
91
-23
-44
90
198
158
98
142
225
223
184
238
350
360
262
186
201
219
215
203
178
101
-23
-86
-72
-38
-62
-81
-84
-126
-187
-203
-164
-159
-199
-246
-253
-252
-276
-293
-274
-260
-302
-312
-265
-212
-203
-233
-225
-201
-182
-182
-149
-84
-67
-85
-110
-115
-94
-60
-17
-20
-34
-29
21
69
40
-30
-75
-67
-63
-56
-35
-30
-57
-124
-185
-215
-225
-254
-341
-430
-476
-499
-559
-645
-728
-790
-845
-895
-935
-971
-1002
-1035
-1102
-1186
-1199
-1099
-948
-831
-765
-698
-578
-462
-336
-172
-3
115
196
321
501
689
771
841
966
1079
1110
1162
1304
1341
1237
1120
1119
1151
1084
932
786
670
569
538
543
474
302
162
167
208
153
83
124
191
142
56
80
173
181
116
102
164
168
109
98
162
208
192
185
191
156
87
90
163
176
64
-63
-95
-53
-14
1
-21
-116
-224
-239
-144
-55
-78
-170
-244
-242
-192
-129
-70
-88
-159
-194
-134
-25
39
4
-55
-44
-20
17
59
87
59
16
26
69
73
15
-4
21
50
42
34
51
35
-10
-53
-50
-59
-108
-147
-142
-120
-165
-242
-312
-354
-384
-417
-440
-471
-532
-607
-650
-673
-713
-764
-814
-856
-909
-964
-982
-1005
-1057
-1101
-1077
-959
-846
-765
-713
-639
-569
-487
-307
-135
0
67
175
337
502
625
676
809
935
1009
1019
1027
1060
1025
1035
1057
1043
942
817
808
805
756
634
562
531
463
396
345
351
295
207
164
174
184
117
59
34
38
46
66
82
45
-1
23
121
194
156
86
82
133
156
137
100
30
-35
-55
-2
42
9
-63
-91
-75
-55
-45
-50
-70
-122
-175
-185
-163
-149
-168
-204
-218
-234
-246
-244
-213
-212
-232
-238
-237
-213
-219
-214
-181
-123
-73
-71
-39
-24
-10
2
47
95
110
110
82
99
117
109
76
43
59
72
57
15
-25
-67
-126
-146
-148
-165
-224
-277
-317
-360
-400
-432
-466
-534
-616
-682
-710
-742
-801
-868
-901
-876
-823
-759
-706
-649
-572
-496
-409
-325
-200
-73
63
196
285
369
439
553
678
773
802
801
871
959
992
946
916
918
887
844
784
733
645
535
470
429
373
251
159
134
122
101
63
61
25
-30
-53
-15
29
3
-42
-63
-41
3
60
101
107
92
86
117
163
170
141
114
91
63
41
45
49
32
-15
-43
-32
-38
-70
-97
-81
-85
-121
-184
-238
-242
-234
-240
-265
-279
-293
-290
-278
-277
-284
-279
-268
-263
-244
-197
-158
-147
-145
-126
-111
-87
-67
-57
-37
-26
6
18
23
31
39
46
37
43
53
50
28
2
-10
-2
-1
-20
-40
-43
-35
-54
-84
-137
-182
-218
-261
-303
-343
-373
-405
-450
-487
-509
-532
-545
-531
-471
-401
-345
-309
-269
-222
-157
-41
79
178
250
323
407
509
591
636
690
739
777
803
821
823
791
769
750
728
657
545
460
399
357
287
198
115
45
15
-17
-51
-90
-128
-146
-140
-131
-140
-155
-169
-172
-181
-179
-173
-159
-139
-122
-107
-105
-117
-139
-145
-116
-97
-114
-141
-146
-133
-131
-148
-141
-127
-139
-172
-179
-151
-176
-220
-250
-231
-217
-242
-275
-283
-262
-286
-285
-260
-253
-258
-254
-211
-197
-206
-206
-176
-147
-154
-145
-134
-127
-135
-128
-85
-76
-86
-98
-65
-23
-4
11
26
44
38
58
83
81
67
64
111
161
183
187
187
191
201
214
235
229
194
154
131
117
106
98
85
64
27
5
3
-13
-64
-107
-103
-71
-56
-66
-69
-61
-49
-15
41
100
118
102
109
145
183
208
252
301
311
307
323
371
411
421
400
381
378
381
382
369
343
313
297
277
254
216
183
170
152
123
64
3
-27
-34
-45
-72
-116
-156
-195
-231
-246
-255
-287
-321
-342
-345
-346
-351
-343
-324
-322
-323
-315
-288
-248
-237
-245
-245
-230
-198
-185
-173
-157
-123
-92
-98
-91
-91
-54
-32
-21
-8
-9
20
26
37
18
4
2
7
30
0
-15
-39
-38
-44
-78
-85
-98
-90
-99
-85
-76
-107
-124
-136
-109
-112
-147
-157
-156
-143
-165
-156
-139
-135
-150
-145
-90
-53
-29
-10
44
80
103
137
174
209
224
264
307
357
371
368
398
430
432
415
447
475
467
433
407
409
374
319
283
272
252
195
169
141
102
53
36
54
30
-6
-38
-31
-38
-59
-56
-42
-35
-58
-60
-24
13
37
42
51
45
29
41
80
90
60
18
10
30
28
13
-10
-46
-105
-154
-173
-182
-211
-263
-323
-382
-414
-414
-402
-409
-453
-498
-497
-470
-465
-473
-480
-471
-440
-416
-381
-333
-290
-253
-219
-174
-131
-86
-38
-5
22
42
81
133
164
181
187
201
218
231
232
217
192
171
155
158
156
132
108
95
89
79
64
53
44
43
40
38
34
22
27
40
59
71
81
91
109
133
144
150
148
158
177
198
200
195
196
202
199
190
188
184
176
174
171
168
166
148
138
122
105
92
94
101
88
64
38
26
28
23
7
-10
-34
-47
-55
-61
-70
-94
-103
-115
-129
-133
-134
-122
-126
-147
-161
-153
-138
-132
-127
-130
-137
-144
-136
-105
-87
-90
-91
-78
-60
-53
-53
-44
-29
-40
-53
-61
-61
-59
-71
-85
-104
-125
-137
-136
-138
-155
-174
-188
-187
-193
-198
-188
-179
-175
-173
-164
-133
-104
-83
-55
-32
-18
-2
23
56
84
110
136
165
180
181
185
197
208
204
188
187
182
173
168
154
136
114
98
86
72
53
32
10
-15
-28
-28
-30
-33
-28
-31
-25
-20
-20
-14
-7
1
11
18
30
46
65
79
88
98
104
115
125
130
126
118
116
122
135
139
127
115
114
115
110
94
75
69
66
51
30
15
9
4
-3
-17
-19
-25
-34
-48
-69
-79
-81
-85
-99
-122
-130
-118
-102
-106
-116
-126
-135
-136
-132
-112
-109
-111
-107
-98
-81
-71
-51
-27
-8
-2
-1
20
43
58
59
51
49
47
44
41
32
12
-14
-24
-28
-41
-60
-74
-81
-99
-111
-113
-116
-117
-124
-126
-113
-108
-114
-113
-92
-66
-54
-46
-38
-19
1
29
55
73
74
72
89
110
125
122
114
101
100
101
100
104
89
67
49
40
29
14
0
-9
-24
-41
-44
-38
-34
-37
-42
-40
-39
-39
-30
-16
-9
-12
-14
-6
16
31
37
46
47
59
66
69
76
75
79
84
91
94
90
88
90
94
91
82
73
66
65
63
58
53
50
46
40
38
41
46
43
31
14
3
0
3
-3
-20
-33
-39
-39
-44
-52
-60
-70
-76
-86
-93
-91
-91
-91
-87
-87
-88
-80
-65
-48
-39
-41
-37
-23
-7
4
12
21
27
27
27
32
40
41
37
29
21
14
13
15
9
-6
-19
-23
-30
-36
-41
-41
-43
-56
-67
-66
-54
-50
-53
-57
-57
-56
-51
-38
-28
-28
-31
-30
-21
-12
-11
-12
-14
-18
-22
-20
-17
-18
-26
-34
-35
-37
-42
-44
-43
-42
-44
-45
-42
-40
-37
-29
-15
-9
-10
-7
6
18
21
22
31
48
59
62
63
70
80
88
94
94
93
91
96
102
101
95
85
83
84
86
86
83
76
71
68
69
73
77
78
74
71
70
76
87
90
82
71
68
70
71
65
56
47
34
23
13
8
-2
-18
-39
-55
-62
-71
-77
-84
-92
-103
-114
-116
-115
-112
-113
-116
-114
-108
-99
-90
-81
-74
-68
-60
-52
-44
-35
-29
-22
-19
-18
-18
-20
-21
-21
-19
-19
-24
-31
-36
-38
-37
-42
-48
-53
-54
-56
-58
-56
-51
-52
-58
-63
-57
-47
-41
-43
-44
-44
-43
-42
-38
-35
-33
-35
-36
-34
-33
-29
-26
-24
-27
-31
-30
-23
-13
-6
-3
0
4
14
28
41
48
53
61
73
84
90
100
112
121
122
123
132
139
142
138
137
135
127
120
115
111
104
93
82
76
69
62
54
48
43
38
33
29
27
29
33
37
35
35
40
47
52
53
51
51
50
48
48
47
41
30
19
9
-1
-17
-31
-40
-53
-72
-90
-102
-109
-120
-131
-143
-152
-159
-160
-158
-156
-154
-151
-145
-133
-122
-108
-96
-84
-73
-63
-51
-37
-23
-14
-6
1
5
12
19
25
24
22
19
18
16
12
10
7
2
-5
-12
-15
-14
-16
-20
-25
-28
-28
-26
-25
-25
-25
-25
-23
-20
-17
-16
-13
-11
-8
-7
-5
-5
-2
0
2
3
2
4
7
13
19
24
31
37
43
49
57
66
76
85
91
100
108
117
126
133
137
137
138
138
141
140
136
129
120
115
106
97
87
78
67
52
37
28
21
12
3
-10
-20
-25
-26
-25
-28
-33
-37
-37
-33
-31
-29
-28
-28
-28
-27
-26
-28
-29
-33
-36
-44
-53
-61
-68
-73
-84
-98
-112
-122
-128
-134
-141
-148
-155
-161
-161
-159
-156
-155
-152
-145
-137
-128
-116
-105
-91
-79
-65
-52
-39
-27
-12
2
14
25
34
44
51
58
63
68
69
69
70
72
73
70
68
63
62
59
57
54
50
46
41
37
33
32
29
27
26
23
19
16
17
17
17
17
14
11
12
14
16
17
17
17
20
23
27
31
35
38
42
46
51
56
62
68
72
75
77
79
85
88
91
92
90
87
84
83
80
75
69
61
52
44
37
31
23
12
2
-7
-14
-22
-29
-35
-42
-50
-54
-57
-59
-62
-67
-68
-71
-71
-71
-71
-68
-68
-70
-70
-68
-67
-66
-66
-67
-69
-73
-73
-74
-74
-77
-80
-80
-82
-82
-83
-83
-83
-84
-82
-79
-79
-76
-73
-67
-61
-56
-50
-43
-34
-25
-14
-6
2
10
20
32
41
50
56
64
71
78
83
88
93
94
95
95
95
93
92
90
87
81
75
70
66
61
55
46
39
31
25
21
19
13
7
3
1
0
-1
-4
-4
-6
-8
-8
-7
-5
-6
-6
-6
-5
-4
-1
1
5
9
11
14
16
20
22
24
27
28
29
30
31
32
32
32
32
32
32
31
30
27
24
21
17
13
7
2
-1
-7
-13
-20
-27
-33
-37
-43
-49
-56
-61
-65
-68
-70
-72
-75
-77
-80
-80
-79
-78
-76
-76
-76
-75
-74
-70
-66
-64
-63
-60
-58
-53
-49
-46
-43
-41
-38
-35
-33
-29
-24
-22
-19
-18
-14
-9
-5
-2
1
3
7
11
16
23
26
30
34
40
47
51
56
58
62
65
69
72
75
77
78
79
80
79
79
77
74
70
66
62
57
53
48
44
39
35
29
25
21
17
13
8
6
3
-2
-6
-10
-12
-15
-16
-17
-19
-20
-22
-23
-23
-23
-25
-25
-25
-23
-20
-20
-19
-17
-16
-13
-12
-8
-5
-4
-2
2
6
11
16
17
20
22
24
27
28
29
28
26
25
23
22
21
19
16
10
5
1
-2
-8
-11
-17
-22
-27
-31
-35
-40
-43
-47
-49
-52
-54
-56
-57
-57
-57
-56
-56
-56
-54
-52
-49
-47
-45
-42
-39
-36
-32
-30
-27
-23
-21
-18
-15
-12
-8
-5
-4
0
2
5
8
10
13
16
19
21
24
28
28
31
31
32
34
35
37
38
39
39
40
41
41
41
41
41
39
38
38
36
34
33
31
29
26
25
23
20
16
12
10
8
4
1
-3
-4
-7
-9
-11
-11
-13
-16
-16
-18
-18
-20
-22
-22
-21
-22
-22
-21
-21
-19
-19
-16
-16
-14
-13
-10
-9
-7
-5
-4
-1
-1
1
4
7
10
12
14
15
17
17
17
17
15
14
13
11
10
9
6
3
1
-4
-7
-9
-12
-16
-19
-24
-27
-31
-33
-35
-39
-41
-43
-45
-46
-48
-49
-48
-47
-45
-43
-41
-38
-35
-34
-30
-29
-25
-21
-19
-15
-12
-8
-4
-1
5
9
12
15
19
21
25
26
28
31
34
36
38
39
39
41
42
43
43
43
42
43
41
42
41
40
39
37
36
33
32
31
28
25
22
19
17
14
12
11
8
6
4
1
-1
-3
-5
-7
-10
-11
-12
-12
-14
-15
-16
-16
-17
-17
-17
-18
-17
-17
-17
-18
-17
-18
-17
-16
-16
-13
-11
-11
-10
-8
-5
-5
-3
-1
1
2
4
7
8
11
12
13
14
13
14
15
15
16
15
16
