-21
-24
-25
-25
-23
-19
-21
-25
-30
-33
-37
-44
-48
-54
-58
-64
-63
-59
-57
-50
-42
-31
-23
-12
0
14
27
38
50
59
74
80
93
98
100
101
99
104
104
107
104
105
106
109
114
113
111
98
96
89
83
73
66
60
54
57
56
61
58
61
60
58
56
49
42
35
35
30
30
27
31
31
31
31
21
9
-9
-30
-54
-75
-98
-127
-149
-167
-184
-195
-203
-199
-195
-195
-191
-183
-174
-162
-156
-153
-152
-166
-175
-184
-188
-204
-227
-241
-257
-270
-281
-283
-293
-303
-317
-326
-332
-337
-329
-324
-297
-269
-230
-179
-103
-16
62
141
208
268
313
364
399
416
412
401
398
401
417
411
405
391
377
361
344
319
260
195
131
84
36
0
-44
-82
-103
-103
-86
-63
-33
-14
16
65
133
190
236
286
324
363
407
445
457
450
432
410
385
361
328
273
234
200
167
133
102
62
6
-39
-72
-113
-162
-203
-242
-275
-284
-283
-278
-275
-266
-255
-237
-213
-200
-194
-193
-180
-177
-170
-161
-161
-169
-176
-183
-204
-216
-248
-275
-307
-329
-359
-397
-416
-439
-459
-487
-507
-542
-574
-598
-604
-598
-593
-573
-554
-471
-349
-211
-93
30
133
206
307
403
478
473
462
450
457
477
490
494
456
439
427
456
463
417
323
221
163
97
49
-14
-79
-160
-194
-173
-149
-140
-162
-166
-164
-120
-66
-15
10
31
76
134
232
295
319
319
332
338
349
357
325
271
225
220
225
233
231
194
146
124
131
135
120
90
39
4
4
21
40
20
-7
-27
-22
12
32
27
7
2
20
52
87
109
98
87
97
110
128
114
94
74
57
62
68
77
67
49
36
35
23
4
-23
-59
-83
-102
-103
-123
-162
-177
-187
-197
-200
-216
-239
-266
-283
-298
-314
-331
-360
-402
-448
-473
-492
-516
-535
-551
-574
-601
-624
-654
-678
-707
-715
-715
-674
-550
-427
-310
-227
-105
-21
66
193
301
353
314
328
328
365
374
392
358
315
343
364
459
475
458
366
316
299
236
167
78
11
-104
-108
-70
-37
-35
-44
-16
17
111
169
225
255
287
326
387
484
525
518
487
499
486
469
458
421
362
320
302
293
292
269
232
177
162
161
135
98
58
10
-18
-15
-20
-49
-87
-90
-94
-70
-34
-6
-6
-11
-8
-5
18
19
7
-22
-22
-23
-38
-47
-73
-93
-129
-130
-120
-137
-159
-184
-193
-176
-145
-144
-159
-172
-191
-217
-235
-249
-276
-312
-327
-322
-317
-313
-329
-348
-363
-362
-372
-377
-376
-395
-426
-428
-421
-439
-477
-508
-519
-532
-531
-519
-512
-493
-430
-335
-214
-112
-16
72
158
263
348
402
414
421
411
425
461
475
471
453
452
452
498
510
489
423
354
299
224
162
68
-17
-105
-140
-145
-157
-163
-170
-159
-144
-83
-16
46
94
136
202
268
363
416
444
470
488
497
489
479
422
342
284
262
242
218
187
150
132
124
115
96
64
31
-10
-31
-32
-54
-88
-123
-132
-126
-111
-86
-62
-46
-34
-29
-24
-19
-34
-61
-75
-70
-61
-68
-81
-93
-110
-103
-87
-78
-87
-110
-130
-125
-118
-109
-103
-110
-113
-110
-96
-96
-93
-108
-135
-142
-148
-147
-155
-162
-179
-185
-180
-195
-194
-195
-195
-189
-193
-206
-224
-257
-302
-339
-366
-390
-422
-457
-488
-523
-538
-534
-523
-507
-478
-416
-345
-276
-200
-125
-45
40
148
265
349
398
439
461
471
484
475
461
468
479
481
476
467
456
438
414
388
350
305
236
156
81
20
-22
-66
-110
-135
-134
-134
-114
-91
-67
-24
30
100
161
224
273
301
334
340
340
341
334
316
291
262
221
202
168
143
114
95
75
50
39
12
4
-25
-40
-64
-82
-93
-101
-98
-120
-139
-159
-157
-156
-150
-126
-107
-93
-74
-51
-42
-34
-41
-44
-50
-52
-55
-86
-111
-129
-125
-123
-115
-104
-110
-118
-107
-78
-54
-39
-41
-51
-48
-47
-43
-39
-46
-58
-65
-51
-40
-29
-32
-46
-51
-68
-70
-76
-91
-109
-141
-168
-194
-218
-253
-285
-301
-315
-327
-342
-356
-377
-403
-410
-415
-384
-330
-286
-233
-156
-72
3
120
250
350
415
457
500
522
530
538
532
521
535
541
542
554
543
519
487
470
419
334
240
130
18
-93
-179
-243
-306
-343
-352
-348
-320
-262
-202
-149
-79
-18
38
80
120
135
131
127
111
111
95
71
37
1
-13
-19
-35
-45
-65
-91
-110
-116
-94
-84
-86
-106
-102
-122
-136
-119
-125
-123
-118
-96
-58
1
10
16
16
23
65
75
112
110
90
88
94
112
107
104
74
58
55
42
30
21
24
21
45
66
83
67
56
69
54
50
30
6
-31
-45
-37
-53
-58
-61
-59
-61
-63
3
21
-2
-32
-101
-174
-256
-301
-356
-438
-506
-567
-631
-678
-702
-734
-750
-772
-788
-790
-761
-679
-570
-441
-293
-103
55
212
391
565
693
749
798
820
792
761
737
677
621
588
555
533
511
487
422
339
281
174
50
-84
-215
-359
-472
-539
-574
-567
-553
-490
-390
-234
-80
49
169
267
369
441
500
520
514
498
447
406
374
344
290
238
204
184
163
124
74
-1
-94
-167
-203
-272
-306
-353
-373
-353
-320
-241
-186
-85
-21
39
102
155
206
216
243
238
243
232
212
186
150
135
106
84
58
28
-27
-100
-147
-206
-237
-258
-273
-267
-252
-203
-153
-87
-26
27
75
104
112
95
88
71
53
22
6
-9
-30
-36
-51
-71
-88
-105
-154
-208
-260
-332
-424
-487
-544
-606
-662
-734
-789
-858
-921
-950
-1017
-945
-733
-508
-318
-125
234
427
639
969
1197
1237
1128
1159
1012
852
757
637
469
345
391
282
270
266
201
-25
-193
-229
-451
-622
-796
-907
-1044
-1017
-899
-786
-573
-388
-143
67
392
591
701
786
800
837
794
818
740
669
597
526
494
441
422
318
220
99
14
-96
-204
-264
-392
-450
-521
-510
-498
-460
-408
-356
-262
-165
-6
74
193
266
354
456
517
628
637
656
626
603
558
473
369
206
77
-68
-170
-257
-314
-369
-449
-458
-447
-396
-376
-345
-310
-273
-206
-150
-101
-67
-21
-8
26
67
95
106
103
87
44
19
-21
-72
-140
-213
-288
-378
-468
-545
-640
-716
-773
-819
-893
-958
-1037
-1129
-1210
-1287
-1335
-1436
-1445
-1501
-1121
-619
-194
126
513
1153
1205
1644
2020
2111
1760
1394
1354
818
710
524
408
96
141
285
97
238
111
-79
-659
-751
-899
-1184
-1306
-1385
-1213
-1144
-621
-283
146
463
704
912
1046
1324
1221
1197
1016
1016
1009
1047
1136
1009
971
784
692
452
297
32
-334
-583
-781
-830
-920
-843
-815
-722
-575
-380
-192
-104
-16
-35
-29
1
88
200
304
459
689
882
1044
1139
1184
1088
892
746
467
192
-106
-325
-499
-590
-586
-571
-490
-422
-342
-330
-282
-269
-306
-310
-250
-159
-87
28
135
248
339
424
422
367
279
122
-15
-117
-195
-281
-305
-291
-271
-241
-229
-250
-346
-459
-595
-719
-852
-943
-1056
-1119
-1165
-1171
-1182
-1239
-1232
-1359
-1396
-1551
-1017
-368
145
454
813
1623
1496
2037
2413
2449
1824
1184
1141
368
336
115
35
-357
-244
-9
-283
-95
-308
-558
-1368
-1390
-1452
-1610
-1531
-1398
-944
-729
36
432
904
1114
1205
1222
1201
1435
1254
1252
1048
1154
1199
1297
1343
1034
813
356
32
-408
-619
-900
-1166
-1247
-1192
-929
-750
-432
-354
-223
-163
-86
-25
-48
-8
-59
38
151
409
563
727
819
913
1019
917
885
617
464
217
34
-35
-183
-210
-321
-311
-356
-328
-335
-353
-359
-375
-313
-271
-145
-82
37
151
252
332
360
347
279
211
106
4
-112
-188
-255
-285
-268
-245
-214
-217
-231
-262
-332
-412
-511
-639
-732
-805
-851
-887
-935
-972
-1048
-1136
-1181
-1359
-1423
-1621
-1746
-1866
-1800
-859
-136
580
747
1493
1927
1764
2404
2493
2362
1254
1017
692
196
309
151
137
-311
125
-44
-174
-237
-574
-1170
-1896
-1600
-1698
-1478
-1289
-777
-384
69
735
923
1226
1101
1112
946
1166
1322
1286
1317
1270
1488
1496
1635
1326
870
372
-115
-518
-852
-888
-1047
-1060
-996
-656
-383
-173
-54
-155
-139
-184
-81
-47
76
166
266
427
662
910
871
829
664
646
499
372
306
113
104
58
116
110
78
-70
-238
-289
-371
-416
-484
-462
-455
-356
-182
-12
105
163
225
236
269
253
175
34
-31
-80
-107
-103
-130
-150
-174
-163
-213
-250
-296
-379
-433
-408
-346
-320
-312
-379
-451
-548
-615
-717
-855
-959
-1121
-1312
-1410
-1498
-1569
-1775
-1865
-1980
-1842
-766
87
861
962
1662
2121
1898
2628
2719
2574
1362
989
723
170
356
133
71
-406
-41
-151
-299
-340
-785
-1362
-2044
-1667
-1570
-1219
-944
-481
-34
391
994
1141
1408
1206
1145
1017
1264
1457
1434
1508
1329
1483
1462
1477
1028
448
-38
-585
-900
-1074
-972
-1004
-936
-845
-533
-214
-47
-9
-160
-121
-132
0
145
284
412
480
591
648
783
673
370
113
11
1
-115
-45
20
-5
113
183
232
125
-44
-220
-421
-399
-392
-383
-333
-247
-153
-66
66
87
40
-32
-57
-80
-59
-24
-56
-48
6
78
60
23
-60
-183
-267
-320
-317
-300
-266
-259
-214
-135
-113
-193
-328
-474
-631
-750
-851
-915
-1037
-1126
-1242
-1357
-1416
-1608
-1711
-1999
-2080
-2219
-1561
-211
727
1389
1544
2526
2365
2427
2995
2777
2028
763
830
189
144
355
228
-150
-393
49
-513
-575
-869
-1327
-2136
-2213
-1537
-1291
-703
-315
266
505
1085
1318
1271
1246
984
933
933
1471
1609
1712
1628
1513
1463
1261
1021
270
-289
-816
-1110
-1231
-1026
-730
-689
-539
-385
-81
-4
54
-116
-265
-198
-87
191
408
695
724
660
600
475
278
-50
-343
-522
-522
-332
-123
58
221
286
264
208
152
-94
-311
-445
-496
-461
-330
-145
-70
0
34
49
-7
-66
-192
-271
-265
-184
-58
30
173
219
232
188
100
-37
-158
-234
-306
-251
-151
-96
-64
8
35
-28
-151
-302
-463
-678
-818
-898
-961
-951
-1051
-1107
-1161
-1358
-1470
-1720
-1770
-2022
-2082
-2076
-1628
-29
1011
1782
1751
2519
2547
2062
2712
2524
2012
691
652
322
36
427
193
-133
-675
-311
-764
-960
-987
-1309
-1828
-2000
-1128
-764
-202
96
477
586
894
1171
1066
1161
910
939
931
1478
1703
1667
1498
1067
918
598
475
-105
-578
-935
-1143
-1095
-880
-558
-636
-571
-586
-409
-286
-152
-118
-213
8
181
546
794
929
761
504
332
78
-95
-340
-318
-404
-300
-19
245
405
242
320
88
-114
-142
-261
-329
-315
-145
-132
34
199
203
65
-49
-99
-278
-286
-243
-157
-4
188
333
394
467
438
262
72
-28
-196
-243
-187
-120
-18
52
86
51
96
64
-64
-152
-227
-315
-436
-466
-445
-504
-643
-771
-977
-1141
-1335
-1574
-1726
-1877
-1854
-1937
-1831
-1731
-599
798
1667
1933
1996
2729
2009
2196
2644
2406
1524
549
712
27
122
143
-201
-741
-890
-723
-1165
-936
-1033
-1328
-1782
-1360
-666
-356
70
245
511
630
1041
1072
1128
1092
901
921
1122
1565
1513
1458
1088
762
591
469
228
-383
-779
-1089
-1091
-955
-644
-512
-460
-402
-340
-69
101
268
116
149
324
565
874
952
879
584
360
127
-55
-149
-348
-444
-439
-321
37
163
341
163
88
103
-124
25
-131
-125
-195
-237
-169
-145
-19
-149
-287
-325
-243
-201
-102
36
120
162
211
247
215
198
75
-84
-172
-118
-174
-226
-169
-190
-260
-287
-243
-273
-277
-240
-189
-153
-145
-188
-291
-410
-583
-812
-1155
-1348
-1529
-1698
-1741
-1829
-1828
-1885
-1876
-1773
-1838
-922
490
1473
1857
1825
2613
2216
2102
2681
2543
1771
575
532
-31
-188
-13
-325
-824
-1090
-782
-1056
-916
-857
-1142
-1619
-1490
-712
-299
112
337
610
709
1039
1201
1276
1249
955
969
1055
1457
1435
1326
949
499
408
236
95
-402
-788
-1100
-1131
-909
-629
-421
-408
-371
-341
-22
256
457
427
384
514
653
923
963
827
522
208
-43
-149
-150
-299
-460
-442
-331
-121
145
236
157
-64
-60
-64
-3
139
150
121
29
87
103
120
69
-135
-277
-260
-189
-128
-52
-4
-24
-36
59
93
106
48
-53
-81
-46
-16
-93
-151
-242
-358
-394
-320
-256
-253
-189
-133
-118
-73
-106
-271
-480
-687
-893
-1161
-1364
-1414
-1525
-1614
-1646
-1678
-1636
-1833
-1761
-2001
-1220
485
1577
2175
1978
2841
2344
1988
2771
2667
1908
515
530
79
-128
273
-9
-621
-1041
-706
-977
-928
-756
-1083
-1672
-1616
-626
-103
262
479
701
723
934
1188
1203
1130
815
831
964
1476
1596
1366
988
499
374
162
103
-306
-771
-1075
-1162
-943
-611
-347
-406
-402
-347
-45
253
503
560
435
516
642
889
953
816
475
73
-118
-241
-271
-424
-540
-652
-489
-197
50
197
41
68
-86
112
256
177
215
55
35
-44
58
85
-78
-217
-282
-222
-125
4
-26
-18
0
-37
13
22
35
-35
-110
-50
-30
-37
-107
-239
-332
-374
-389
-333
-254
-150
-86
-16
88
48
-73
-321
-553
-755
-1005
-1220
-1373
-1494
-1546
-1644
-1731
-1817
-1830
-1948
-1987
-2046
-1189
570
1732
2264
2043
2672
2307
1879
2669
2650
1871
625
510
273
13
315
-16
-756
-1175
-1006
-1210
-1196
-979
-1241
-1686
-1584
-588
33
307
443
562
694
897
1119
1219
1278
991
1004
1231
1617
1688
1352
908
345
198
80
-51
-405
-775
-1010
-1140
-937
-594
-365
-452
-454
-356
-72
251
463
565
484
562
628
823
929
756
440
29
-168
-322
-345
-482
-607
-676
-684
-239
61
371
276
198
160
14
348
320
236
181
56
21
50
136
40
-225
-297
-234
-173
-63
-19
-44
-62
-65
-18
72
78
72
-36
-55
19
-14
-93
-207
-309
-355
-315
-258
-144
-47
-10
11
55
93
-38
-270
-495
-718
-945
-1139
-1276
-1404
-1509
-1547
-1681
-1824
-1755
-1842
-1792
-1849
-738
1059
2115
2485
2113
2642
2020
1754
2578
2553
1653
390
368
14
-183
8
-378
-1181
-1469
-1047
-1033
-841
-608
-789
-1239
-1023
-16
584
722
672
750
834
1042
1107
1087
926
462
446
658
1039
1014
711
299
-61
82
194
150
-213
-482
-693
-697
-468
-147
6
-139
-172
-137
103
214
217
69
-71
-30
50
285
325
220
-35
-263
-348
-374
-331
-386
-399
-308
-264
202
657
779
734
437
335
-52
8
117
-208
-233
-332
-425
-315
-148
-132
-264
-285
-76
-5
192
324
239
135
57
5
-5
58
-40
-196
-296
-209
-209
-261
-249
-297
-324
-241
-79
92
220
244
193
119
24
-196
-439
-708
-933
-1098
-1267
-1374
-1499
-1538
-1608
-1657
-1705
-1627
-1705
-1719
-1797
-1153
844
2239
2790
2295
2571
2197
1406
2291
2593
1694
182
-48
-199
-603
-365
-427
-1255
-1738
-1124
-681
-399
-175
-287
-757
-731
76
753
943
786
716
699
1023
1167
959
670
180
97
312
796
1002
796
429
71
161
386
505
128
-258
-428
-358
-141
94
254
32
-201
-350
-199
-103
-116
-213
-382
-280
-64
272
400
295
89
-139
-227
-267
-194
-143
-85
-27
64
607
942
929
612
199
-45
-352
-125
42
-87
-116
-187
-240
-66
57
3
-164
-228
-30
56
260
335
212
72
-30
-76
-36
48
-33
-128
-175
-65
-51
-137
-182
-222
-219
-164
-38
86
187
156
101
28
-95
-274
-516
-734
-921
-1027
-1222
-1360
-1416
-1451
-1459
-1587
-1621
-1706
-1672
-1767
-1673
-1722
-785
1222
2498
2842
2361
2544
1763
1270
2164
2413
1316
-32
-101
-344
-632
-528
-484
-1266
-1593
-988
-469
13
13
-205
-649
-394
304
776
922
791
695
544
816
841
649
247
-106
49
402
926
1043
884
475
75
88
319
457
99
-220
-278
-165
-44
84
142
-162
-482
-597
-375
-188
-124
-175
-236
-101
76
299
346
151
-168
-415
-454
-318
-131
-33
1
-29
65
528
674
552
207
-120
-221
-275
169
253
51
-102
-258
-300
-106
-71
-187
-287
-311
-93
-19
202
182
20
-74
-102
22
150
181
13
-36
2
115
84
-13
-77
-225
-281
-203
-77
14
85
131
142
85
-71
-340
-625
-915
-1075
-1228
-1359
-1350
-1309
-1248
-1302
-1386
-1489
-1586
-1648
-1713
-1625
-1578
-422
1495
2774
2851
2281
2226
1243
897
1833
2272
1108
-134
-91
-295
-575
-637
-474
-1252
-1521
-778
-134
364
188
-35
-571
-354
306
618
697
489
481
273
534
635
381
26
-205
120
530
1047
1117
967
568
228
309
594
824
405
116
33
-3
-23
49
35
-415
-734
-662
-263
-19
41
21
-9
77
162
317
393
221
-70
-241
-99
135
218
157
56
-51
145
431
536
490
105
-118
-272
-5
227
165
71
-102
-218
-207
-17
-77
-115
-291
-206
-39
92
208
46
-93
-254
-192
-19
135
92
-13
17
104
162
23
-134
-301
-422
-362
-167
3
109
171
189
143
-1
-215
-540
-850
-1061
-1159
-1201
-1214
-1175
-1201
-1237
-1405
-1462
-1543
-1569
-1589
-1518
-1367
-945
812
2300
2905
2187
1945
1546
696
1398
2333
2175
463
125
68
-295
-609
-503
-624
-1553
-912
-191
400
377
1
-355
-782
-109
339
637
639
604
510
383
725
467
157
-107
-6
400
807
1135
984
698
288
199
357
752
735
299
141
-19
-108
-188
-39
-194
-633
-693
-341
-6
53
36
-106
-238
-241
-71
185
214
91
-120
-141
4
94
85
-15
234
269
454
485
464
121
-318
-154
-78
14
-108
-12
-228
-249
-246
-234
-72
-206
-103
-217
-93
-16
-141
-146
-221
-270
-277
-90
55
126
135
118
151
106
41
-75
-207
-251
-278
-234
-57
-33
-85
-35
-97
-225
-440
-690
-895
-1119
-1175
-1149
-1182
-1190
-1297
-1305
-1462
-1513
-1537
-1445
-1361
-1362
-1156
-820
809
2067
2521
1821
1564
1314
575
1334
2182
2195
525
148
128
-368
-501
-417
-253
-1120
-678
-5
297
247
-282
-465
-835
-215
284
517
690
572
520
300
511
330
19
-22
103
453
745
1057
964
680
422
326
456
754
886
585
342
54
-241
-359
-222
-195
-442
-583
-403
-158
-78
-58
-174
-350
-440
-243
160
337
276
71
-106
-156
-129
29
197
426
471
537
588
468
168
-178
-221
-250
-224
-196
-85
-75
-157
-190
-242
-144
-122
-71
-2
18
-14
-84
-74
-87
-180
-215
-107
51
214
336
321
200
87
3
-38
-69
-69
-105
-123
-33
5
-76
-146
-254
-408
-558
-671
-725
-847
-876
-870
-893
-989
-1062
-1143
-1278
-1323
-1388
-1249
-1237
-1077
-1042
-628
673
1622
1933
1322
1398
1142
763
1348
2122
2082
700
516
348
-75
-362
-150
71
-692
-415
-17
81
-223
-557
-548
-816
-354
147
412
504
527
555
335
345
312
183
258
540
755
881
971
943
710
487
500
499
562
588
534
374
58
-251
-415
-297
-252
-293
-385
-418
-383
-369
-236
-213
-346
-415
-294
-21
145
118
-45
-253
-342
-209
147
413
560
478
396
330
244
137
-133
-317
-483
-436
-327
-144
-23
-100
-205
-349
-290
-225
-187
-155
-172
-190
-191
-110
-66
-97
-201
-187
-102
70
243
293
186
60
40
7
38
26
-2
-104
-126
-24
-45
-138
-294
-431
-569
-629
-647
-638
-627
-712
-776
-856
-909
-955
-1039
-1020
-1048
-989
-924
-861
-810
-644
261
1043
1417
1080
1035
1066
735
1061
1564
1820
974
610
699
488
274
197
499
-1
-225
12
105
-128
-616
-495
-554
-563
-330
-37
46
-47
105
203
180
41
76
142
262
478
655
775
735
739
672
648
598
507
478
395
364
174
-40
-164
-181
-166
-281
-420
-576
-650
-612
-461
-339
-384
-447
-425
-275
-174
-164
-229
-321
-287
-69
352
621
664
485
312
275
230
254
124
-4
-143
-159
-65
-19
14
-148
-257
-330
-320
-260
-269
-252
-300
-318
-285
-222
-199
-196
-205
-168
-66
87
242
278
238
193
211
207
198
190
126
30
-32
7
14
-33
-130
-235
-322
-390
-429
-493
-535
-600
-651
-675
-677
-651
-668
-733
-774
-763
-729
-717
-717
-691
-618
-415
-101
152
211
186
157
137
247
497
739
777
690
714
833
878
802
784
747
630
559
647
680
448
254
226
201
89
24
16
-35
-70
45
161
80
-110
-236
-203
-127
8
223
388
474
513
541
533
481
472
454
488
478
439
465
524
540
341
99
-62
-122
-91
2
94
51
-30
-48
-31
-83
-217
-378
-504
-423
-160
96
158
45
-98
-199
-169
-164
-203
-306
-332
-238
-64
131
162
91
-57
-55
4
71
93
60
52
-14
-28
-82
-173
-297
-360
-297
-184
-16
62
74
4
-42
-51
-97
-124
-149
-142
-158
-138
-123
-160
-235
-297
-335
-392
-394
-380
-375
-427
-486
-564
-687
-728
-727
-673
-706
-764
-812
-833
-841
-914
-899
-854
-654
-449
-285
-213
-223
-178
-126
111
368
571
646
680
787
929
1030
975
971
946
946
978
1064
1063
767
555
483
430
289
183
160
96
41
46
56
-87
-257
-339
-294
-211
-128
33
162
226
245
281
313
308
355
431
487
471
434
448
502
488
334
140
17
-13
33
120
135
46
-44
-66
-64
-94
-212
-338
-401
-354
-185
-23
37
-58
-155
-170
-164
-197
-253
-284
-293
-217
-75
77
86
4
-31
-14
27
83
126
132
119
95
61
-10
-112
-184
-232
-225
-178
-88
-1
17
1
-35
-53
-100
-160
-147
-110
-124
-127
-125
-120
-141
-187
-211
-267
-327
-348
-357
-366
-409
-476
-544
-600
-607
-565
-555
-618
-696
-725
-701
-696
-723
-732
-652
-486
-322
-204
-181
-198
-198
-34
241
487
628
664
743
824
961
1003
980
940
890
890
931
982
756
493
352
301
225
114
105
38
-11
-20
28
5
-117
-179
-169
-101
-58
35
118
162
190
209
253
247
290
382
447
473
420
387
398
455
435
327
210
106
100
149
233
197
78
-22
-55
-34
-73
-138
-244
-264
-204
-69
23
-6
-125
-231
-214
-210
-203
-245
-251
-244
-189
-87
-30
-28
-71
-54
16
118
179
202
198
172
121
62
-10
-98
-173
-197
-177
-129
-73
-56
-64
-99
-134
-150
-153
-130
-107
-79
-74
-74
-91
-110
-144
-183
-215
-254
-286
-330
-337
-357
-386
-451
-501
-498
-489
-482
-522
-551
-570
-585
-597
-596
-608
-629
-546
-404
-264
-224
-229
-213
-137
29
224
414
512
580
642
764
849
841
843
796
743
690
714
676
516
408
332
253
119
51
24
-35
-92
-121
-97
-109
-110
-74
-31
-24
-11
72
129
160
181
176
172
193
276
329
334
282
208
212
280
315
252
128
31
-3
35
119
158
84
-44
-100
-70
-49
-92
-155
-193
-199
-135
-49
-52
-151
-277
-294
-269
-263
-254
-265
-295
-326
-263
-182
-180
-206
-206
-143
-70
27
111
115
61
-10
-25
-58
-115
-195
-236
-232
-199
-142
-110
-89
-129
-176
-185
-191
-193
-193
-157
-128
-123
-126
-114
-129
-180
-183
-190
-190
-220
-223
-232
-263
-315
-394
-427
-430
-425
-461
-457
-454
-482
-491
-479
-461
-472
-395
-269
-170
-104
-80
-22
-5
87
231
397
503
542
625
674
752
755
773
781
749
735
721
743
624
506
438
360
251
135
135
90
34
-9
10
16
2
47
72
62
27
84
172
225
252
276
298
323
387
443
454
403
349
333
389
443
392
285
181
139
144
175
169
105
36
-2
20
22
-33
-112
-176
-187
-142
-59
-30
-88
-165
-197
-191
-188
-176
-185
-207
-230
-213
-155
-131
-137
-143
-103
-49
-2
41
51
29
-33
-69
-56
-53
-88
-141
-137
-105
-55
-23
-26
-53
-116
-152
-151
-141
-137
-155
-167
-157
-152
-143
-157
-165
-198
-238
-245
-267
-282
-334
-368
-393
-451
-508
-529
-507
-527
-535
-491
-461
-471
-482
-449
-446
-406
-266
-114
-34
-48
-12
45
88
213
359
453
467
496
574
633
644
598
586
586
593
600
613
556
419
353
326
276
178
159
156
103
75
76
69
-4
-24
10
41
45
77
160
199
217
211
236
270
298
362
403
410
362
316
314
314
238
150
104
71
40
46
111
78
1
-48
-50
-85
-142
-168
-198
-206
-199
-106
-44
-50
-101
-144
-154
-201
-201
-195
-224
-276
-274
-209
-175
-179
-192
-178
-159
-110
-66
-38
-49
-99
-99
-78
-88
-162
-219
-219
-199
-167
-150
-155
-200
-256
-268
-261
-271
-320
-344
-325
-307
-271
-255
-281
-310
-304
-281
-292
-323
-361
-395
-418
-429
-454
-487
-503
-499
-454
-441
-428
-434
-455
-429
-409
-366
-328
-216
-79
-5
33
51
80
70
135
256
364
398
392
452
490
498
479
466
451
432
459
506
506
412
341
347
325
277
258
273
262
239
252
261
207
170
183
188
184
170
213
254
263
292
320
360
363
374
427
448
406
334
302
322
303
223
158
102
34
-11
12
12
-66
-136
-159
-169
-199
-214
-214
-205
-181
-129
-34
-4
-48
-110
-117
-113
-137
-121
-116
-139
-171
-143
-109
-122
-156
-173
-143
-118
-65
-5
42
31
-4
-5
-1
-36
-86
-70
-29
-22
-15
11
2
-59
-122
-153
-169
-184
-192
-170
-137
-137
-135
-135
-130
-135
-142
-136
-156
-168
-180
-180
-194
-245
-292
-304
-304
-313
-307
-313
-335
-369
-357
-342
-336
-319
-293
-245
-203
-107
-13
32
10
16
93
161
239
294
357
374
409
444
436
424
383
383
387
404
398
375
343
259
196
162
150
104
97
123
128
143
151
155
101
67
68
73
121
185
248
273
281
275
265
293
322
293
258
271
262
251
261
218
124
46
29
37
50
55
15
-37
-64
-71
-82
-109
-153
-175
-146
-112
-100
-127
-149
-203
-254
-257
-232
-237
-289
-297
-284
-281
-285
-278
-267
-283
-279
-223
-147
-112
-107
-122
-144
-150
-166
-160
-162
-178
-181
-169
-140
-130
-142
-170
-188
-197
-187
-176
-165
-162
-158
-145
-129
-118
-115
-117
-132
-144
-142
-131
-131
-147
-167
-177
-187
-189
-178
-182
-198
-221
-240
-239
-221
-226
-241
-246
-242
-246
-240
-208
-179
-173
-147
-65
36
122
174
225
267
275
304
350
378
378
391
434
466
471
463
443
385
350
325
330
335
330
321
324
329
291
266
230
168
114
123
148
156
193
228
245
233
259
273
269
274
244
224
214
213
202
190
153
96
49
34
39
22
9
-15
-44
-59
-72
-92
-130
-166
-177
-162
-153
-166
-198
-222
-245
-276
-289
-289
-306
-336
-322
-296
-276
-268
-267
-274
-283
-267
-213
-157
-134
-126
-129
-109
-114
-132
-151
-156
-136
-115
-75
-57
-44
-63
-76
-88
-116
-128
-130
-99
-72
-41
-30
-11
5
2
-2
-11
0
5
32
48
48
28
-6
-21
-32
-37
-66
-81
-81
-69
-48
-46
-54
-81
-88
-88
-83
-77
-60
-35
-17
30
91
149
174
192
228
273
302
322
338
330
332
344
367
382
376
354
345
354
349
345
342
341
335
343
347
331
309
283
265
244
240
227
212
224
246
264
257
247
236
248
253
245
235
209
182
151
148
118
66
18
-10
-19
-25
-14
-21
-50
-87
-97
-84
-90
-116
-141
-139
-142
-142
-161
-199
-255
-312
-321
-321
-337
-363
-370
-365
-359
-357
-365
-378
-401
-387
-342
-301
-297
-297
-295
-286
-284
-299
-302
-304
-283
-240
-189
-164
-151
-150
-142
-129
-133
-130
-129
-103
-73
-44
-21
-7
18
22
36
56
75
79
84
103
114
128
133
123
107
86
56
21
-1
-10
-10
-17
-17
-19
-21
-16
-12
5
20
37
54
98
146
178
199
198
206
212
222
230
227
229
238
256
262
270
261
244
247
241
228
212
208
192
177
174
164
147
127
116
101
98
98
95
94
97
106
106
105
91
74
68
53
41
37
26
6
3
0
-7
-22
-42
-67
-77
-77
-74
-71
-94
-118
-136
-136
-140
-162
-179
-184
-189
-195
-195
-205
-217
-238
-243
-231
-223
-226
-234
-241
-248
-248
-254
-269
-283
-280
-261
-243
-238
-250
-255
-248
-249
-247
-256
-264
-250
-216
-191
-168
-161
-161
-169
-171
-161
-146
-137
-130
-93
-58
-11
21
42
66
78
93
101
105
111
132
145
155
165
142
121
100
82
70
47
25
12
8
-3
-5
-15
-17
-6
-16
-6
21
46
65
94
123
133
139
145
143
144
146
147
154
153
154
149
142
141
127
111
97
81
70
78
96
96
83
58
43
39
36
27
7
-9
-10
2
22
48
50
46
52
62
75
81
85
75
60
60
81
88
67
53
49
38
27
20
13
14
13
26
45
51
46
26
8
4
-4
-15
-17
-35
-57
-63
-55
-50
-53
-66
-78
-78
-88
-91
-94
-99
-103
-102
-89
-76
-78
-85
-82
-81
-73
-60
-59
-70
-74
-55
-31
-9
11
31
37
30
29
32
19
-11
-9
31
62
70
90
120
129
142
159
157
153
150
153
161
171
169
151
138
121
102
82
67
62
57
50
36
15
8
4
-3
10
28
45
56
64
71
68
55
51
59
72
70
61
57
55
41
21
5
-18
-39
-56
-61
-70
-85
-92
-79
-58
-49
-59
-68
-73
-74
-65
-61
-71
-90
-95
-87
-73
-62
-55
-56
-44
-26
-6
8
5
-3
1
16
20
10
-10
-28
-57
-82
-85
-88
-108
-115
-104
-96
-93
-98
-109
-119
-125
-119
-111
-104
-110
-120
-123
-131
-138
-153
-164
-179
-191
-171
-158
-147
-139
-134
-135
-134
-130
-118
-106
-99
-91
-76
-61
-52
-56
-69
-53
-44
-35
-18
-6
5
4
15
31
38
32
32
49
80
99
111
121
131
147
166
175
176
183
188
202
217
227
221
206
189
171
154
130
106
92
86
70
61
63
63
53
40
38
38
31
20
15
2
-5
-13
-9
-5
-10
-16
-28
-26
-25
-39
-56
-60
-57
-50
-40
-39
-50
-57
-64
-65
-69
-83
-91
-97
-87
-70
-60
-64
-79
-91
-95
-91
-75
-54
-43
-32
-15
4
12
2
-7
-5
8
17
22
33
31
16
4
-6
-11
-14
-19
-12
-2
3
-4
-14
-30
-48
-61
-62
-49
-44
-39
-28
-34
-41
-46
-54
-60
-62
-47
-35
-22
-16
-15
-22
-33
-38
-35
-31
-25
-25
-12
9
16
20
21
32
41
50
60
72
85
93
103
115
119
113
116
125
131
134
136
136
135
148
163
161
159
165
164
170
174
170
158
150
150
148
160
154
142
137
130
115
97
93
90
77
71
71
67
50
33
15
9
1
-6
-1
3
2
-8
-15
-14
-20
-39
-54
-64
-66
-56
-53
-54
-62
-74
-88
-100
-102
-109
-117
-120
-124
-128
-127
-133
-155
-163
-164
-159
-140
-120
-96
-84
-75
-59
-39
-27
-26
-13
5
19
31
42
52
47
35
28
25
18
5
-5
-9
-14
-19
-21
-20
-30
-45
-50
-45
-48
-53
-51
-50
-65
-78
-81
-91
-104
-107
-105
-104
-106
-103
-107
-109
-113
-112
-101
-93
-92
-88
-77
-69
-65
-59
-54
-43
-33
-23
-8
-1
0
10
28
41
42
43
53
66
83
93
98
112
128
137
148
156
155
146
143
148
153
153
150
144
140
135
129
116
104
92
78
70
69
61
51
37
28
24
14
1
-17
-35
-57
-75
-81
-88
-97
-112
-121
-127
-126
-122
-120
-119
-114
-104
-94
-86
-83
-91
-107
-108
-105
-100
-91
-92
-90
-84
-81
-83
-91
-98
-99
-88
-71
-46
-20
-12
-1
12
27
43
56
68
83
95
105
119
127
125
117
117
121
122
118
119
120
115
107
95
86
72
56
45
37
26
22
24
18
6
-6
-14
-22
-30
-38
-43
-47
-44
-44
-38
-41
-54
-52
-53
-50
-50
-47
-36
-31
-29
-31
-29
-29
-25
-16
-11
-10
-4
1
8
18
23
21
20
31
47
53
58
63
70
86
98
110
114
113
112
113
119
117
111
105
98
102
101
96
88
79
73
65
60
62
58
51
40
31
27
20
12
-3
-16
-23
-28
-24
-25
-40
-55
-63
-67
-62
-62
-67
-68
-65
-60
-53
-50
-57
-65
-80
-80
-74
-79
-86
-94
-101
-102
-100
-102
-106
-114
-112
-102
-87
-71
-63
-57
-52
-39
-22
-5
14
35
55
76
95
108
110
104
97
99
112
116
119
116
100
80
60
38
19
3
-15
-22
-25
-31
-34
-44
-56
-70
-75
-79
-87
-96
-101
-108
-114
-117
-120
-131
-139
-141
-143
-139
-133
-128
-119
-107
-94
-77
-67
-63
-59
-52
-43
-30
-15
-6
5
12
12
4
1
5
15
32
50
65
73
84
94
103
105
105
101
107
108
108
108
108
104
98
89
81
77
69
64
57
55
50
46
35
25
11
2
-2
-9
-17
-25
-27
-31
-31
-36
-44
-55
-64
-70
-70
-68
-67
-69
-68
-64
-61
-54
-57
-66
-78
-76
-66
-57
-51
-45
-48
-55
-58
-67
-73
-73
-62
-48
-32
-22
-19
-21
-27
-26
-20
-4
13
28
44
53
63
77
89
100
109
113
121
127
128
127
123
117
113
105
96
76
63
51
35
26
21
25
22
16
11
2
-10
-23
-34
-44
-46
-44
-45
-48
-55
-61
-73
-79
-83
-82
-76
-71
-61
-52
-43
-35
-25
-20
-13
-7
2
12
25
35
45
50
46
47
54
62
73
81
90
99
106
113
116
111
106
109
111
118
126
129
131
132
133
132
128
124
120
118
119
116
112
101
84
67
51
43
33
22
11
-7
-22
-29
-34
-42
-51
-64
-72
-74
-81
-90
-100
-108
-112
-113
-113
-115
-118
-124
-122
-119
-116
-113
-110
-113
-115
-110
-108
-107
-106
-107
-97
-90
-84
-73
-74
-72
-67
-58
-45
-38
-27
-19
-7
-1
10
23
37
51
66
80
87
92
96
98
96
94
91
90
83
78
68
56
51
45
36
24
12
-2
-22
-33
-48
-59
-69
-80
-88
-93
-100
-108
-112
-118
-121
-116
-106
-94
-87
-81
-74
-71
-68
-59
-55
-44
-35
-25
-6
0
6
8
8
9
10
17
25
39
50
56
58
62
66
72
69
72
78
85
97
103
105
102
100
96
95
95
96
97
96
96
91
86
83
75
66
55
45
37
24
12
2
-11
-12
-18
-28
-34
-49
-56
-60
-63
-63
-63
-60
-67
-71
-70
-76
-76
-77
-82
-80
-74
-72
-70
-71
-71
-75
-73
-72
-71
-69
-69
-67
-60
-52
-49
-45
-48
-47
-43
-36
-27
-16
-7
1
16
24
32
40
42
44
57
68
76
84
88
92
91
91
89
80
73
65
60
58
55
48
37
21
5
-9
-22
-37
-49
-52
-56
-61
-63
-66
-65
-69
-70
-69
-71
-66
-61
-56
-52
-52
-49
-45
-41
-34
-24
-17
-7
2
13
16
22
25
32
44
47
53
55
54
55
62
69
80
86
94
104
114
121
120
121
118
120
120
123
127
130
122
108
99
92
86
79
74
66
56
46
33
22
14
1
-11
-17
-25
-33
-38
-44
-55
-59
-65
-70
-79
-82
-82
-80
-77
-74
-72
-77
-81
-81
-79
-74
-65
-68
-70
-72
-73
-72
-66
-65
-61
-52
-48
-42
-38
-37
-33
-24
-16
-9
-5
1
-2
-3
-4
0
10
12
21
24
27
26
27
29
32
30
24
24
24
20
14
7
-3
-10
-16
-21
-28
-34
-36
-41
-42
-49
-53
-53
-54
-55
-53
-52
-57
-57
-60
-57
-53
-53
-45
-40
-40
-41
-39
-38
-33
-26
-23
-16
-9
0
7
10
10
16
23
31
39
44
49
55
54
60
62
67
81
89
94
101
105
106
111
116
120
120
122
121
123
118
110
