33
39
39
42
43
39
33
27
19
21
11
0
-13
-15
-9
-4
2
7
15
17
17
13
3
5
-3
-10
-14
-21
-32
-53
-62
-71
-73
-73
-67
-66
-69
-56
-53
-50
-49
-46
-49
-68
-69
-58
-48
-45
-39
-44
-41
-32
-27
-22
-19
-19
-32
-42
-46
-35
-16
-2
9
14
9
15
17
20
17
27
36
37
50
67
85
91
99
114
120
112
122
144
150
133
123
117
114
113
110
117
121
113
107
106
110
111
99
87
73
62
39
28
27
23
23
11
7
1
-3
-26
-43
-59
-73
-96
-110
-117
-127
-108
-80
-70
-68
-61
-58
-68
-82
-108
-126
-135
-137
-123
-112
-70
-51
-32
-8
116
286
365
339
274
179
64
4
-29
-56
-153
-167
-167
-13
124
225
316
292
311
251
224
23
-155
-328
-405
-388
-305
-189
-153
-104
-145
-95
-114
-100
-149
-207
-257
-280
-190
-133
-59
-3
8
48
71
51
8
-66
-86
-101
-75
-18
71
137
121
110
113
56
-19
-117
-123
-112
-140
-105
-38
23
28
69
92
73
53
121
142
144
159
187
265
263
277
276
250
189
137
132
90
74
96
114
147
134
117
118
82
38
-2
-48
-109
-153
-141
-117
-107
-109
-124
-124
-145
-168
-171
-143
-131
-113
-66
-28
-2
12
12
-7
-39
-88
-119
-161
-193
-196
-202
-214
-223
-231
-251
-238
-264
-294
-350
-380
-438
-488
-524
-566
-605
-654
-699
-787
-837
-919
-821
-571
-293
-164
-102
160
323
432
619
846
894
714
809
967
1036
1134
1310
1440
1318
1324
1413
1343
1088
807
563
262
34
-65
-208
-390
-563
-685
-761
-844
-957
-1121
-1259
-1318
-1291
-1221
-1103
-945
-771
-577
-348
-133
-1
104
242
379
556
744
962
1174
1331
1517
1652
1786
1786
1717
1588
1386
1235
1028
875
683
504
333
172
94
-69
-217
-426
-636
-786
-913
-984
-1052
-1060
-1010
-913
-794
-668
-553
-478
-418
-324
-231
-154
-75
17
148
295
431
500
544
501
417
283
126
-66
-320
-604
-889
-1127
-1379
-1615
-1868
-2122
-2346
-2071
-1653
-1321
-1438
-1078
-549
-510
-268
166
715
373
332
822
1052
1163
1433
1959
2019
1938
2400
2565
2283
1947
1675
1277
633
454
217
-302
-617
-833
-927
-1173
-1337
-1463
-1914
-2168
-2264
-2256
-2277
-2215
-1964
-1782
-1426
-938
-620
-381
-108
129
267
360
623
872
1004
1217
1495
1823
2016
2096
2145
2050
1937
1726
1458
1219
986
790
581
473
450
350
257
138
25
-63
-236
-345
-528
-601
-615
-615
-500
-428
-285
-200
-92
41
96
165
137
148
180
188
294
353
450
545
607
697
698
672
539
371
196
-17
-201
-420
-565
-676
-761
-842
-889
-925
-984
-1086
-1231
-1428
-1658
-1865
-2106
-2288
-2477
-2557
-2732
-2358
-1710
-1172
-1014
-744
153
253
465
938
1417
1365
834
1429
1537
1547
1803
2088
2467
2043
2597
2705
2332
2018
1515
1158
215
-42
-282
-939
-1283
-1542
-1602
-1801
-1886
-1816
-2181
-2326
-2331
-2328
-2303
-2202
-1864
-1668
-1280
-676
-188
201
692
1137
1381
1544
1812
2055
2078
2210
2346
2499
2602
2635
2736
2643
2566
2358
1982
1652
1280
876
392
-13
-286
-582
-777
-914
-1035
-1052
-1106
-1077
-1130
-1119
-1061
-1092
-1019
-979
-803
-647
-459
-169
17
275
441
619
731
763
804
734
717
679
668
643
619
626
563
445
285
108
-133
-409
-709
-992
-1234
-1450
-1632
-1742
-1811
-1812
-1878
-1904
-1918
-1953
-2016
-2148
-2231
-2412
-2521
-2625
-2043
-1523
-1126
-923
-217
698
645
1355
1843
2368
1864
1776
2340
1897
2005
1924
2387
2147
2127
2829
2656
2552
2280
2005
1270
548
359
-369
-1234
-1609
-1887
-2114
-2268
-2073
-1957
-2174
-1934
-1800
-1761
-1708
-1605
-1508
-1581
-1190
-714
-443
-14
584
1013
1353
1746
2180
2309
2217
2273
2147
2062
1944
1863
1765
1586
1585
1406
1262
1161
932
519
103
-198
-530
-927
-1241
-1419
-1601
-1591
-1538
-1318
-1163
-957
-695
-595
-336
-246
-123
-80
24
200
208
408
577
754
883
998
1183
1218
1211
1173
1088
964
768
570
351
92
-121
-360
-561
-721
-849
-964
-1074
-1152
-1227
-1335
-1417
-1535
-1646
-1724
-1830
-1887
-1920
-1898
-1881
-1882
-1861
-1821
-1910
-1445
-1064
-712
-706
-244
538
448
1121
1656
2239
1905
1901
2492
1986
1966
1862
2025
1607
1409
1985
1744
1616
1557
1417
861
321
177
-514
-1398
-1746
-2188
-2657
-2875
-2789
-2766
-2983
-2639
-2373
-2200
-1951
-1678
-1502
-1441
-991
-612
-433
-96
450
800
1086
1562
2036
2311
2448
2698
2747
2785
2774
2619
2413
2156
2032
1737
1471
1318
1053
757
508
406
233
-72
-285
-555
-775
-925
-1086
-1166
-1219
-1073
-964
-779
-449
-165
68
228
482
637
705
750
760
743
755
829
863
913
1033
1122
1124
1123
1104
991
769
491
181
-163
-503
-819
-1093
-1298
-1419
-1515
-1588
-1607
-1605
-1610
-1676
-1691
-1752
-1847
-1929
-2031
-2110
-2259
-2332
-2407
-2379
-2466
-2029
-1565
-1172
-911
-475
463
374
942
1453
1920
1711
1432
2177
1737
1733
1724
1938
1813
1507
2123
1994
1869
1813
1599
1122
620
490
-28
-897
-1181
-1592
-2107
-2323
-2357
-2356
-2690
-2397
-2089
-1941
-1581
-1206
-961
-858
-437
-52
46
245
697
850
998
1396
1850
2149
2284
2691
2850
2952
3055
2981
2784
2449
2260
1909
1529
1295
1017
685
434
285
135
-139
-327
-501
-791
-974
-1169
-1233
-1337
-1380
-1321
-1277
-1027
-845
-636
-447
-225
2
82
247
365
383
358
361
407
408
394
411
448
499
502
474
406
265
67
-184
-426
-687
-971
-1292
-1488
-1619
-1700
-1710
-1683
-1580
-1541
-1478
-1381
-1342
-1330
-1451
-1495
-1640
-1711
-1803
-1869
-1937
-1872
-1272
-1054
-608
-418
523
826
991
1891
2236
2602
2001
2662
2585
2196
2252
2128
2187
1537
1890
1974
1765
1755
1707
1400
987
823
518
-285
-854
-1116
-1933
-2365
-2612
-2664
-3042
-3116
-2612
-2458
-2120
-1753
-1302
-1085
-786
-355
-166
-87
153
320
257
519
851
1201
1307
1683
2105
2280
2567
2671
2737
2513
2319
2076
1659
1290
927
502
85
-136
-326
-540
-671
-683
-817
-882
-881
-872
-919
-975
-876
-934
-870
-790
-661
-518
-383
-78
81
319
540
709
873
994
1138
1109
1075
1081
1045
941
829
721
579
411
299
196
15
-148
-349
-531
-728
-869
-1037
-1206
-1316
-1377
-1419
-1440
-1380
-1365
-1347
-1357
-1302
-1310
-1349
-1387
-1494
-1603
-1664
-1792
-1550
-1299
-1073
-913
-608
256
274
846
1419
1895
1911
1734
2420
1964
1833
1684
1600
1279
820
1238
998
769
870
892
687
487
530
214
-532
-736
-1142
-1789
-2143
-2404
-2594
-3053
-2813
-2493
-2410
-2071
-1599
-1133
-869
-306
224
386
542
892
1018
1034
1256
1460
1588
1627
1981
2216
2389
2655
2775
2852
2788
2832
2616
2262
1982
1603
1116
641
318
-67
-471
-669
-815
-936
-973
-876
-838
-843
-716
-672
-663
-707
-651
-701
-771
-743
-718
-683
-632
-446
-278
-52
216
433
608
776
882
866
792
732
570
315
125
-54
-257
-466
-575
-663
-771
-794
-837
-878
-968
-1014
-1074
-1173
-1225
-1355
-1458
-1616
-1667
-1782
-1930
-1997
-2037
-2126
-2152
-2109
-1924
-1492
-1287
-895
-670
108
373
560
1306
1620
1947
1593
2196
2243
1933
2005
1894
1897
1407
1591
1606
1304
1311
1275
1014
761
676
508
-125
-470
-623
-1266
-1625
-1865
-2009
-2403
-2494
-2162
-2154
-1911
-1543
-1105
-833
-442
130
385
601
943
1198
1222
1416
1688
1820
1840
2056
2281
2316
2458
2550
2552
2426
2351
2232
1909
1662
1387
945
498
161
-195
-659
-935
-1107
-1358
-1553
-1488
-1419
-1433
-1284
-1161
-1060
-1046
-887
-835
-920
-821
-780
-746
-701
-485
-293
-237
-31
185
352
497
668
789
793
818
820
702
570
474
275
50
-135
-271
-456
-620
-686
-816
-921
-963
-945
-984
-1025
-1020
-1079
-1166
-1202
-1246
-1376
-1536
-1633
-1692
-1825
-1830
-1897
-1583
-1352
-1075
-782
-365
375
406
1066
1552
1947
1905
1923
2452
1993
1915
1820
1740
1392
1126
1398
1163
981
1082
993
803
705
687
372
-187
-237
-689
-1239
-1468
-1742
-2070
-2499
-2304
-2221
-2279
-1977
-1600
-1265
-977
-412
62
258
551
911
989
1105
1339
1399
1314
1296
1477
1433
1482
1649
1715
1736
1783
1913
1838
1705
1608
1373
997
700
381
-38
-456
-673
-915
-1137
-1144
-1079
-1028
-956
-701
-545
-387
-229
-33
-11
-9
93
61
34
9
87
44
63
197
290
398
533
705
778
864
983
991
915
836
698
482
239
8
-256
-550
-754
-945
-1086
-1169
-1166
-1149
-1167
-1094
-1063
-1053
-1061
-1108
-1244
-1449
-1578
-1752
-1911
-2098
-2134
-2239
-2053
-1801
-1564
-1255
-905
-164
-50
533
1101
1438
1479
1461
1955
1543
1391
1363
1229
921
661
915
773
605
778
806
706
733
800
636
211
180
-114
-611
-807
-1061
-1436
-1853
-1806
-1762
-1905
-1685
-1305
-1009
-679
-114
426
681
949
1331
1424
1462
1578
1524
1386
1280
1368
1281
1238
1396
1434
1458
1548
1732
1727
1637
1654
1548
1261
1019
770
384
-39
-324
-618
-950
-1083
-1147
-1226
-1231
-1002
-826
-723
-491
-274
-144
-117
14
9
-108
-150
-231
-336
-465
-454
-445
-465
-299
-128
43
212
434
584
613
699
650
496
295
108
-142
-465
-677
-901
-1082
-1217
-1224
-1228
-1246
-1151
-1067
-954
-907
-832
-875
-989
-1059
-1208
-1384
-1589
-1765
-1896
-2091
-1905
-1679
-1502
-1274
-891
-142
21
658
1290
1674
1817
1905
2423
2061
1950
1862
1638
1287
1007
1176
933
803
996
1002
907
1019
1149
972
583
630
325
-245
-503
-829
-1266
-1771
-1783
-1837
-2042
-1832
-1556
-1325
-1020
-453
6
212
563
990
1080
1153
1358
1321
1163
1042
1105
927
808
908
862
859
957
1153
1168
1192
1329
1269
1084
979
805
442
31
-221
-534
-928
-1065
-1186
-1272
-1305
-1116
-910
-777
-439
-202
-38
100
264
295
169
124
20
-166
-300
-360
-419
-470
-379
-216
-123
82
326
494
594
695
766
669
566
401
192
-77
-303
-515
-770
-904
-1003
-1043
-1077
-987
-859
-809
-679
-597
-522
-558
-606
-699
-929
-1082
-1325
-1489
-1717
-1601
-1543
-1490
-1311
-900
-342
-245
454
956
1358
1421
1714
2109
1745
1758
1656
1520
1138
1005
1101
814
740
855
771
743
859
921
725
528
604
200
-202
-369
-687
-1181
-1564
-1573
-1780
-2006
-1868
-1702
-1619
-1325
-842
-505
-286
123
509
586
808
1047
1019
908
911
949
734
672
729
625
608
748
916
949
1042
1241
1219
1161
1187
1052
787
509
315
16
-302
-428
-591
-790
-820
-732
-628
-548
-342
-119
-33
115
242
272
233
169
109
-82
-214
-303
-464
-503
-514
-467
-430
-280
-73
32
203
361
483
488
485
450
305
161
-24
-223
-428
-576
-709
-836
-863
-850
-828
-819
-711
-652
-634
-619
-642
-709
-881
-1003
-1242
-1379
-1621
-1679
-1627
-1676
-1498
-1400
-864
-714
-312
281
622
956
1057
1621
1568
1534
1628
1538
1359
1125
1223
1066
863
913
913
760
780
841
766
522
526
419
44
-101
-279
-621
-1021
-1145
-1287
-1572
-1603
-1522
-1517
-1417
-1059
-761
-550
-225
205
430
578
906
1017
1050
1088
1165
1092
975
1023
926
824
856
912
877
896
1027
1076
1003
1058
1064
892
721
600
420
113
-61
-246
-508
-660
-712
-768
-810
-695
-574
-536
-421
-250
-204
-207
-145
-128
-215
-314
-329
-419
-531
-551
-570
-585
-520
-383
-289
-180
24
160
226
326
410
402
281
231
126
-64
-206
-330
-421
-569
-618
-622
-646
-608
-570
-538
-552
-521
-545
-612
-715
-798
-967
-1113
-1269
-1301
-1227
-1294
-1151
-1046
-597
-489
-125
482
798
1123
1244
1839
1822
1846
1976
1906
1767
1551
1638
1422
1215
1192
1080
824
817
799
622
369
381
262
-112
-195
-368
-691
-1024
-1087
-1245
-1522
-1550
-1530
-1604
-1539
-1206
-1021
-855
-542
-159
32
224
595
701
752
841
979
922
830
889
772
650
648
686
602
575
669
673
611
681
698
574
473
433
327
81
9
-144
-347
-489
-534
-591
-735
-622
-609
-569
-468
-323
-239
-265
-114
-92
-128
-135
-122
-177
-283
-266
-263
-289
-233
-145
-90
-12
124
249
304
405
491
455
406
376
290
148
23
-64
-177
-288
-326
-394
-458
-457
-443
-444
-510
-512
-560
-698
-736
-855
-961
-1165
-1269
-1380
-1495
-1353
-1381
-1235
-1170
-771
-562
-386
207
458
769
865
1357
1457
1360
1538
1499
1388
1216
1310
1193
942
883
849
600
601
607
446
254
235
225
-120
-178
-239
-534
-800
-862
-917
-1171
-1242
-1170
-1220
-1159
-884
-702
-564
-299
43
258
437
781
882
889
995
1087
1066
953
1017
919
768
811
821
753
712
790
816
754
836
867
743
691
635
560
326
210
91
-210
-286
-387
-424
-569
-565
-486
-562
-464
-402
-342
-393
-348
-309
-376
-399
-407
-501
-583
-561
-540
-580
-574
-460
-427
-363
-218
-84
-23
54
152
185
201
229
195
105
71
40
-52
-132
-161
-239
-330
-346
-364
-426
-471
-496
-544
-627
-679
-746
-892
-1003
-1108
-1207
-1362
-1269
-1238
-1260
-1164
-959
-647
-642
-167
174
406
594
883
1263
1146
1377
1484
1441
1356
1369
1387
1163
1090
1122
904
796
865
766
588
476
552
304
114
125
-88
-350
-502
-549
-771
-970
-927
-980
-1061
-913
-714
-638
-500
-222
12
110
369
589
597
707
816
853
772
831
856
704
718
784
749
689
766
847
778
800
906
815
706
690
601
403
237
163
-80
-283
-341
-465
-643
-730
-681
-764
-811
-725
-685
-744
-701
-590
-619
-640
-578
-564
-625
-585
-514
-528
-532
-403
-309
-270
-139
22
99
153
306
393
415
465
500
457
411
398
312
192
115
50
-79
-173
-200
-294
-401
-441
-457
-561
-645
-715
-811
-917
-1028
-1093
-1277
-1342
-1474
-1441
-1411
-1401
-1250
-1171
-794
-709
-323
44
291
526
732
1149
1118
1257
1366
1358
1271
1246
1278
1116
977
985
855
714
771
715
569
428
476
309
89
47
-140
-438
-625
-662
-846
-1044
-1054
-1088
-1195
-1103
-898
-837
-711
-457
-193
-41
190
476
525
644
812
887
864
906
983
878
876
976
949
870
894
955
917
892
952
873
730
685
617
467
328
220
40
-162
-248
-348
-526
-591
-643
-696
-780
-743
-704
-783
-718
-652
-602
-584
-492
-424
-435
-337
-252
-220
-184
-68
23
53
151
265
297
314
407
444
420
430
442
383
313
293
219
113
32
-21
-147
-252
-316
-405
-516
-587
-615
-730
-812
-883
-959
-1061
-1169
-1238
-1332
-1420
-1451
-1494
-1368
-1294
-1196
-1063
-832
-498
-439
7
318
554
723
976
1304
1214
1384
1484
1458
1388
1408
1424
1250
1185
1204
1021
926
957
826
640
512
519
267
69
38
-191
-445
-576
-634
-842
-1008
-978
-1031
-1102
-930
-766
-717
-554
-281
-51
69
359
591
630
785
958
1013
986
1037
1043
891
852
848
726
606
569
530
389
368
360
247
174
151
76
-96
-165
-226
-388
-537
-607
-718
-899
-957
-955
-1003
-1023
-933
-861
-830
-683
-529
-435
-303
-133
-26
41
182
279
287
316
401
417
397
424
453
421
423
486
485
468
488
516
488
482
483
413
303
243
181
42
-77
-181
-317
-464
-553
-616
-713
-782
-828
-883
-907
-925
-962
-1009
-1050
-1047
-1128
-1082
-959
-946
-856
-768
-465
-390
-212
162
312
513
649
975
1030
1039
1217
1189
1104
1086
1090
960
789
755
614
367
370
289
110
-39
-54
-130
-359
-368
-449
-666
-785
-809
-912
-1066
-1066
-1059
-1147
-1055
-845
-773
-626
-355
-84
76
296
610
691
773
921
976
933
908
922
788
675
684
593
460
441
451
376
340
410
370
272
263
258
148
32
-14
-131
-302
-375
-426
-552
-592
-543
-535
-524
-397
-236
-164
-24
195
315
385
503
598
577
561
590
514
430
404
367
319
316
362
354
365
451
485
473
481
483
425
339
286
179
25
-94
-213
-346
-468
-547
-652
-745
-741
-758
-795
-786
-749
-748
-766
-750
-766
-829
-875
-924
-1004
-1076
-1130
-1199
-1160
-1111
-1047
-967
-770
-523
-418
-87
180
386
521
720
913
848
916
963
875
762
746
716
571
489
530
405
357
410
366
295
240
276
120
15
16
-143
-330
-392
-409
-531
-602
-528
-517
-519
-326
-157
-61
99
306
451
521
699
791
747
770
768
688
572
514
434
270
223
206
123
87
108
119
72
90
131
81
39
55
-14
-97
-161
-196
-279
-346
-293
-326
-307
-245
-146
-69
-1
158
227
285
380
429
427
418
423
361
276
270
217
138
105
98
76
53
105
124
117
156
190
188
186
176
154
102
72
23
-56
-99
-133
-164
-208
-198
-207
-241
-227
-233
-256
-273
-271
-288
-346
-388
-434
-519
-610
-674
-755
-843
-908
-945
-994
-962
-931
-909
-852
-734
-565
-519
-316
-130
-17
70
214
377
338
388
445
400
340
349
359
281
239
291
225
190
246
211
151
125
166
83
5
32
-66
-194
-227
-243
-342
-418
-372
-383
-437
-348
-254
-237
-159
-32
65
98
222
312
284
329
378
356
276
273
268
152
118
130
73
20
50
104
96
147
249
270
301
402
456
455
499
576
548
528
566
543
488
456
479
424
388
408
388
342
341
351
296
271
278
244
191
189
177
112
45
42
6
-50
-61
-85
-101
-110
-74
-43
-17
40
81
98
132
163
164
148
140
106
22
-34
-100
-191
-278
-344
-399
-485
-542
-583
-645
-699
-735
-787
-848
-899
-955
-1042
-1119
-1173
-1233
-1320
-1315
-1306
-1304
-1265
-1165
-1007
-941
-714
-484
-303
-111
107
328
396
529
660
679
684
738
758
719
698
749
704
676
741
721
697
695
723
645
562
557
452
292
200
122
-36
-167
-224
-293
-386
-348
-276
-258
-166
-45
56
117
233
322
302
337
363
320
270
249
221
141
118
162
138
150
224
302
361
449
584
629
667
714
710
648
608
561
427
305
212
103
-46
-132
-189
-253
-295
-288
-270
-270
-227
-202
-200
-209
-197
-225
-279
-295
-339
-411
-455
-456
-469
-468
-406
-341
-288
-182
-58
37
134
263
364
402
444
459
411
346
302
238
139
76
31
-48
-118
-136
-169
-228
-255
-267
-320
-369
-395
-463
-550
-603
-669
-786
-881
-950
-1034
-1103
-1118
-1104
-1065
-995
-877
-754
-594
-407
-246
-35
152
341
483
621
725
770
834
847
858
840
828
816
774
742
720
688
665
652
625
581
522
464
359
258
145
5
-130
-273
-409
-537
-637
-706
-754
-757
-729
-700
-626
-545
-456
-352
-264
-175
-110
-36
24
53
85
98
126
143
179
231
268
332
399
465
538
628
693
717
748
772
758
719
670
599
513
439
373
282
201
129
60
2
-31
-53
-84
-98
-91
-82
-85
-82
-62
-60
-62
-43
-46
-50
-51
-52
-49
-38
-10
12
46
90
136
169
218
263
291
296
298
293
234
183
111
13
-77
-158
-237
-324
-402
-470
-555
-618
-666
-712
-746
-787
-806
-851
-891
-927
-980
-1019
-1059
-1087
-1115
-1128
-1112
-1089
-1034
-932
-839
-716
-563
-397
-235
-85
106
248
385
505
610
689
727
783
787
774
771
772
753
727
722
704
677
675
661
627
591
568
519
447
394
312
206
116
32
-47
-117
-164
-195
-220
-200
-159
-124
-61
16
89
143
209
263
281
316
336
338
326
330
335
321
335
367
370
389
423
456
489
507
552
537
524
507
450
377
273
196
66
-56
-142
-244
-325
-389
-432
-461
-479
-469
-454
-437
-410
-384
-367
-369
-358
-363
-376
-375
-383
-388
-383
-358
-319
-278
-227
-160
-91
-3
71
129
171
204
227
217
214
191
149
84
15
-43
-111
-168
-216
-248
-273
-294
-310
-321
-319
-329
-349
-357
-367
-385
-415
-444
-477
-510
-528
-540
-541
-533
-495
-451
-394
-315
-229
-131
-29
92
193
302
393
482
552
592
626
643
650
639
629
604
578
551
524
504
484
474
455
421
394
365
316
258
217
163
82
5
-68
-159
-240
-303
-357
-407
-440
-441
-444
-434
-392
-350
-306
-237
-176
-126
-84
-37
1
32
61
77
97
110
141
171
193
221
234
260
282
302
310
316
317
304
279
254
224
182
137
90
43
-9
-56
-102
-146
-176
-187
-185
-181
-166
-149
-123
-102
-75
-48
-25
-5
3
8
0
10
6
5
16
30
53
73
93
114
129
149
165
168
162
150
137
107
76
39
-5
-64
-136
-192
-245
-292
-324
-364
-391
-390
-378
-384
-379
-368
-367
-372
-383
-388
-415
-433
-436
-452
-457
-440
-421
-388
-342
-290
-225
-159
-74
-11
57
134
202
250
290
321
335
343
353
355
346
352
354
352
351
368
376
384
402
402
403
387
370
329
282
235
175
107
45
9
-28
-43
-60
-62
-60
-54
-41
-24
2
6
20
29
33
33
28
38
36
37
40
37
48
44
50
58
64
78
72
86
89
89
78
61
42
3
-42
-96
-142
-192
-235
-265
-286
-289
-284
-279
-262
-245
-243
-248
-242
-237
-239
-250
-253
-255
-268
-266
-264
-259
-267
-258
-252
-235
-203
-177
-152
-133
-106
-84
-67
-49
-52
-65
-77
-86
-101
-127
-152
-173
-181
-171
-147
-118
-83
-28
22
82
135
171
198
204
203
189
181
168
157
141
140
145
157
183
216
257
294
332
375
406
426
448
463
472
471
459
444
428
412
382
354
339
333
334
344
373
400
418
440
451
454
438
413
369
299
240
177
112
49
-16
-65
-105
-142
-173
-210
-250
-273
-294
-317
-333
-359
-383
-402
-421
-431
-456
-478
-500
-529
-546
-559
-561
-544
-526
-497
-455
-411
-362
-308
-255
-199
-160
-124
-93
-86
-81
-70
-67
-68
-66
-64
-62
-54
-33
-15
1
23
45
58
69
86
98
100
92
89
76
65
58
46
14
-9
-25
-46
-50
-47
-39
-28
-12
5
23
38
56
68
66
72
71
65
54
48
48
38
41
43
47
55
67
73
73
73
66
77
82
85
85
84
77
57
41
17
-6
-35
-63
-80
-108
-127
-133
-128
-120
-97
-73
-46
-18
6
48
82
114
138
146
165
177
187
203
214
228
239
260
286
308
325
344
355
355
353
344
343
328
311
291
262
237
203
164
118
76
25
-23
-67
-109
-143
-166
-185
-208
-220
-226
-225
-224
-222
-217
-214
-206
-201
-196
-182
-165
-142
-126
-111
-94
-77
-60
-46
-40
-41
-38
-35
-37
-34
-26
-26
-26
-32
-44
-49
-61
-83
-107
-140
-169
-197
-225
-245
-269
-284
-292
-298
-299
-297
-290
-280
-272
-269
-254
-254
-253
-237
-227
-208
-183
-154
-126
-102
-68
-48
-37
-19
0
12
21
43
64
94
128
158
180
192
202
205
205
208
212
205
202
201
191
184
176
171
159
154
159
157
152
150
150
155
163
168
181
190
201
220
229
239
248
249
250
252
247
240
243
239
240
241
237
233
218
205
186
164
139
116
95
76
63
36
18
-8
-31
-54
-83
-109
-142
-168
-194
-222
-243
-263
-279
-294
-302
-300
-292
-287
-284
-275
-264
-252
-239
-223
-209
-192
-172
-151
-134
-116
-102
-88
-79
-75
-77
-83
-83
-87
-86
-83
-81
-76
-71
-72
-72
-76
-78
-80
-78
-80
-84
-89
-92
-93
-97
-95
-90
-82
-72
-56
-39
-20
-4
9
31
49
66
81
86
96
113
121
129
136
134
127
121
112
99
91
83
75
73
76
80
82
75
73
74
66
67
63
52
52
54
52
46
48
51
53
58
59
64
75
89
102
112
123
141
153
166
174
173
165
155
138
116
93
72
53
37
18
7
2
-8
-12
-18
-27
-36
-40
-58
-73
-76
-83
-86
-93
-101
-103
-103
-99
-90
-81
-70
-55
-44
-33
-21
-11
-6
-4
-1
3
13
16
19
20
21
24
22
20
18
16
12
6
2
-5
-10
-15
-29
-39
-49
-61
-75
-85
-91
-101
-100
-98
-101
-102
-105
-109
-112
-119
-126
-129
-132
-128
-123
-117
-101
-83
-63
-40
-23
-2
8
12
19
19
22
26
34
37
36
39
50
54
60
65
63
62
58
55
49
37
27
10
-10
-30
-41
-51
-59
-56
-50
-43
-30
-16
-1
10
25
38
49
59
70
83
99
119
141
160
174
190
202
206
215
220
219
215
212
208
202
192
178
162
142
119
96
67
36
8
-21
-49
-71
-92
-110
-125
-135
-138
-137
-132
-124
-118
-113
-102
-93
-84
-71
-57
-42
-27
-6
13
32
51
65
78
86
91
92
91
88
86
80
75
68
58
44
28
12
-9
-31
-59
-87
-118
-143
-161
-177
-188
-195
-199
-201
-198
-197
-195
-197
-196
-194
-193
-188
-181
-177
-169
-156
-142
-125
-110
-92
-76
-57
-34
-16
3
21
35
46
58
73
84
91
96
101
101
102
102
94
84
77
67
58
54
52
47
44
44
42
36
27
19
2
-11
-24
-31
-35
-32
-25
-17
0
20
38
53
63
73
81
87
93
97
103
111
121
132
147
158
167
170
171
166
157
146
127
106
86
66
47
29
9
-11
-29
-46
-60
-75
-96
-115
-135
-152
-162
-169
-169
-166
-155
-144
-126
-102
-77
-54
-34
-12
6
24
43
58
72
88
102
115
125
131
131
129
126
118
110
103
92
81
70
59
47
27
3
-23
-56
-86
-114
-140
-166
-184
-194
-203
-202
-197
-193
-187
-179
-173
-169
-162
-158
-154
-150
-140
-127
-118
-105
-91
-79
-60
-40
-21
-5
11
26
35
48
57
64
68
72
74
74
78
82
82
81
82
80
77
74
71
65
61
61
59
63
67
70
68
68
70
68
61
58
50
46
46
47
49
48
50
49
49
50
49
48
44
45
43
44
45
47
45
43
42
38
35
32
28
20
14
8
3
-6
-16
-27
-38
-46
-52
-59
-66
-71
-76
-80
-80
-79
-81
-81
-77
-72
-64
-55
-41
-29
-15
1
16
30
43
55
62
70
78
81
85
89
89
87
87
86
82
76
71
63
56
50
