35
30
9
1
-8
-32
-37
-29
-21
-24
-35
-28
-26
-30
-31
-19
-2
8
19
25
30
13
3
-10
-24
-24
-19
-25
-41
-42
-47
-45
-56
-44
-28
-10
1
15
43
54
49
45
51
49
50
41
54
49
28
16
13
0
-29
-27
-38
-47
-57
-53
-28
-36
-23
-32
-22
-11
-13
7
35
53
44
48
41
40
30
23
14
9
5
-2
3
7
-5
-24
-20
-19
-10
22
45
48
33
14
8
17
2
3
12
4
-12
-4
1
-4
6
-19
-1
26
50
64
65
77
51
43
35
39
57
33
17
4
17
-13
-19
-12
-16
-29
-50
-29
-19
-25
-32
-13
1
3
-24
-18
12
1
-22
-19
25
9
-41
-10
47
19
-46
10
56
18
-4
56
76
31
0
31
77
49
9
61
69
-30
-91
-8
-19
-137
-115
-52
-65
-156
-83
-5
-34
-104
17
91
55
50
110
139
42
28
45
120
-49
-66
6
-71
-163
-181
-55
-129
-212
-94
-14
-105
-122
10
48
-80
19
179
78
-1
98
178
-28
-20
108
3
-118
-75
44
-148
-149
12
-83
-136
-67
72
-13
-17
144
142
55
86
270
88
3
119
88
-54
-96
38
-100
-273
-127
-115
-304
-254
-61
-108
-160
59
171
16
34
312
214
1
309
345
46
134
273
17
-157
96
37
-250
-69
129
-121
-169
105
19
-168
69
215
69
41
318
231
-25
265
190
-106
133
165
-34
-75
73
-8
-328
24
17
-259
-89
142
-103
-200
340
-33
-44
260
128
-12
160
238
-57
9
146
-117
-204
155
-246
-126
-42
-194
-112
-176
63
-203
72
179
-101
217
94
103
123
187
125
-100
204
-65
-145
-10
-129
-175
-141
-120
-154
-118
-36
-125
-47
-3
-69
192
-11
227
171
148
129
32
288
-130
88
66
-120
-98
-72
-43
-346
-163
-107
-275
-160
-104
29
-76
-52
142
-20
154
-3
122
226
-58
47
98
-7
-132
-40
-34
-228
-94
-127
-117
-54
-161
98
-40
56
-51
271
230
-87
433
143
151
3
169
279
-347
205
84
-166
-28
11
134
-233
-12
108
-95
-105
3
183
-169
-211
135
-39
-352
106
90
-249
-27
-17
177
-309
-52
419
-283
4
257
36
45
-172
411
-50
-95
284
28
155
-163
165
89
-316
-42
130
-139
-199
220
-7
-217
82
-19
50
-152
92
322
-196
94
229
-25
-237
120
40
-224
-12
-71
-8
-298
-141
169
-233
-205
214
-22
-188
126
115
140
-182
315
162
-185
193
4
160
-282
-27
192
-337
-14
-8
82
-245
-129
213
-321
-4
12
-26
-66
-185
159
-171
-180
140
-84
-67
-199
118
-223
-235
18
-81
-91
-268
241
-298
60
-11
69
140
-224
406
-3
-10
252
54
109
27
21
169
-156
-2
-37
-94
-180
-74
-63
-109
24
-170
210
-256
63
95
-88
248
-72
228
-46
173
-10
-45
77
-100
-7
13
-64
6
78
-165
147
-89
79
22
-25
166
-114
101
14
-107
120
-120
96
12
-257
307
-333
-43
95
-334
257
-247
52
145
-89
312
-190
265
-81
109
260
-143
424
71
1
183
20
-139
157
-363
179
-106
-177
278
-273
231
-145
57
32
-158
327
-143
321
-43
92
154
-91
313
-258
203
10
-164
68
-12
-111
-21
69
23
23
179
142
-144
284
-43
-50
161
-190
273
-142
-195
338
-461
-7
30
-632
496
-615
30
175
-408
303
-318
375
78
-261
550
-137
164
197
-89
233
-24
42
52
-13
-257
93
-361
-17
-171
37
-61
-185
368
-295
153
-77
8
179
-198
267
130
-81
297
-9
10
71
-251
261
-316
-5
-4
-199
141
-400
309
-107
-125
147
91
-132
158
258
-222
450
-264
242
-21
-60
65
-96
147
-146
-106
115
-119
-171
47
-31
76
-89
222
-69
53
143
-68
237
-72
267
-96
-54
403
-408
-153
193
-223
-208
128
62
-123
-124
137
-38
-347
266
-25
-87
211
-83
22
-26
70
-8
-68
276
-32
-57
320
-185
12
101
-87
-35
37
-32
11
-87
15
51
-227
57
-113
55
-42
-224
324
-409
13
-53
-444
333
-509
119
83
-512
442
-434
122
-48
-98
192
-245
454
-193
238
69
-114
422
-435
421
16
-251
485
-230
193
-69
-66
35
-58
-214
58
217
-283
37
194
-230
25
-125
95
35
-22
211
138
157
-121
264
18
-16
-65
330
-91
-76
326
-269
170
-218
32
1
-231
130
-39
-159
-4
149
-428
92
-61
-253
64
-249
289
-94
-91
214
-35
14
-83
138
56
-326
479
-177
-25
129
-120
187
-457
384
-271
-129
374
-417
441
-51
-214
409
-400
-46
304
-383
117
96
-48
130
-315
180
90
-474
356
311
-458
569
-19
-10
166
-96
303
-168
189
66
59
-54
144
-155
-65
252
-521
325
-64
-307
328
-535
204
-317
-83
30
-129
292
-288
539
-184
222
105
26
206
-213
421
-188
231
-79
177
-17
-285
282
-397
149
-199
112
20
-64
198
48
0
-24
213
-194
168
-109
258
-112
-97
437
-544
217
-184
-66
41
-139
133
32
-120
210
-194
204
146
-375
665
-386
241
24
-6
233
-393
485
-308
-48
82
-197
-5
-370
84
-298
-316
57
-326
-10
-48
-68
-67
188
-227
103
202
-233
315
-342
502
-181
-114
455
-261
-91
-89
244
-611
440
-157
49
194
-329
664
-707
515
11
-153
337
122
74
81
165
-210
190
-457
508
-699
335
32
-518
460
-735
492
-605
162
239
-490
596
-184
-106
453
-360
223
160
-359
553
-360
105
206
-311
20
-94
-75
-353
184
-327
-17
68
-357
252
-233
83
54
2
146
125
-38
32
249
-144
-143
446
-449
18
218
-460
292
-303
41
-22
-174
25
-20
-133
235
-276
44
517
-699
825
-288
139
257
-428
636
-468
345
-93
30
159
-449
327
-143
-233
144
19
-229
242
-262
238
-87
-278
669
-764
286
375
-539
387
90
-436
481
-572
251
182
-530
775
-630
398
1
-289
506
-252
320
141
-90
353
-183
-67
404
-637
589
-384
140
192
-516
531
-637
145
32
-492
574
-365
116
119
-248
225
-373
347
-162
-57
256
-307
81
-99
-208
144
-276
26
138
-381
403
-258
-168
353
-432
202
46
-197
291
-137
41
137
-235
313
-283
233
-42
-49
125
-34
116
-80
159
-12
-5
136
102
124
61
223
103
-127
343
-150
-42
77
-62
-110
-78
217
-173
100
37
-213
264
-335
199
187
-148
361
-161
161
-95
15
-35
6
-56
5
77
-269
347
-325
47
-136
93
-266
36
289
-454
461
-357
149
43
-321
440
-345
160
-246
103
-192
-193
-68
-15
-243
-201
334
-516
382
-225
67
226
-382
365
6
64
160
315
46
254
-78
294
88
-288
431
-184
-159
43
-43
-184
73
-147
2
-23
-9
-36
126
141
-140
508
-210
231
-62
31
223
-523
432
-167
-153
52
-76
19
-217
91
-183
108
-44
35
3
176
159
-366
451
5
-348
523
-506
402
-439
-247
395
-905
334
-248
-200
-126
-9
-52
-254
272
63
-147
306
80
76
92
117
235
-173
221
-80
55
110
-368
438
-544
32
112
-474
468
-234
16
241
15
110
217
90
356
-27
262
275
-214
286
-134
129
-333
148
-49
-306
166
-197
86
-137
72
36
14
43
-55
230
-113
-45
177
-50
-167
-24
-65
-193
-58
-349
141
-287
-283
12
-151
-91
-219
136
-90
6
60
58
258
-240
319
-158
10
119
-230
228
-233
-72
-152
-123
-179
-331
69
-440
57
-158
-153
404
-240
318
21
159
277
-197
505
73
-272
578
-446
154
15
-276
319
-379
249
-216
263
-305
519
-171
-31
731
-684
830
-297
329
-16
53
127
72
-73
-239
521
-780
222
80
-283
60
68
-12
-63
30
155
86
-145
468
-8
-15
388
-297
590
-478
90
451
-911
813
-572
164
92
-539
407
-278
-219
375
-102
-75
402
-356
614
-399
564
-72
160
147
-40
133
-112
63
-165
92
-321
302
-427
61
271
-457
374
-39
231
-60
22
396
-350
247
3
82
-30
-120
38
-185
44
-299
173
-167
-195
201
-183
30
186
76
-93
216
76
10
166
-25
349
-339
19
316
-697
252
-11
-495
191
-279
-150
142
-303
105
47
-276
316
-484
545
-82
-29
416
-152
296
-377
319
-128
43
-273
246
-111
-211
37
190
-183
-23
255
-144
419
-387
584
-6
-272
309
-34
-90
-63
133
-240
-11
-100
-62
-108
14
-342
89
152
-431
262
379
-350
380
-39
368
-36
-458
1039
-745
201
247
-37
60
-340
264
-144
-416
270
-98
-215
302
-487
625
-359
-158
556
-476
154
342
-565
795
-757
350
312
-1034
1253
-1077
410
191
-876
1156
-1077
274
738
-1210
1046
-490
-195
586
-1059
1257
-743
-77
701
-1051
603
-604
23
345
-852
560
-258
-203
245
-559
638
-537
-212
641
-725
488
-262
94
202
-542
531
-272
-209
560
-691
518
-235
-301
585
-732
204
245
-689
698
-440
220
426
-803
1052
-525
-201
610
-670
455
-306
-41
584
-955
571
-12
-401
56
-114
276
-595
-3
350
-180
-371
367
324
-764
240
264
-205
-194
254
-23
-220
-132
62
132
-532
286
117
-148
227
34
35
224
-240
202
129
-287
293
-103
-118
293
-375
-167
226
-290
-79
-65
28
164
-581
380
320
-499
361
64
203
-182
-119
803
-419
186
9
349
-228
-314
576
-225
95
-194
813
-418
253
28
7
390
-651
746
-287
49
-66
-344
534
-510
-111
95
-36
-348
-198
207
-276
76
-440
492
-439
43
312
-369
538
-332
285
-121
300
-169
24
-82
59
-228
-329
504
-672
254
-153
55
17
-287
50
10
-239
66
214
-311
545
-453
168
208
-278
303
-411
535
-349
-80
72
69
-173
-340
703
-913
782
-505
265
294
-343
552
-311
138
284
-198
75
390
-494
438
-377
430
-99
7
332
-105
369
-253
484
36
-21
347
-377
303
-357
-176
416
-526
332
-478
-60
-31
-664
227
-378
-393
75
-363
271
-343
301
-91
-193
448
-599
758
-31
180
362
20
383
-182
331
466
-239
389
-29
-79
-13
-434
616
-614
157
110
-355
271
-446
375
-103
-149
154
-16
-64
37
-134
123
-280
-140
-12
-300
88
-347
197
-257
27
-85
100
98
-475
653
-537
305
173
-10
199
-188
411
-375
154
-55
375
-499
230
157
-434
303
-171
452
-318
332
168
-190
358
-154
169
-13
54
-163
316
-413
307
-270
307
-24
-406
835
-747
471
-38
-63
265
-12
35
183
-52
-93
25
-59
-65
-227
220
-390
7
-328
-27
-24
-726
431
-431
-299
367
-464
445
-315
34
-1
-249
80
-388
312
-340
-44
-54
-192
-162
-409
92
-419
21
-29
-256
404
-152
-114
421
-161
227
86
351
135
262
229
59
357
-91
541
-78
19
384
-441
243
110
51
25
125
325
-143
287
351
254
149
452
271
291
168
254
195
146
61
272
62
321
-129
16
223
-263
153
-113
322
177
-257
331
100
-319
100
-52
-125
-269
-376
20
-687
-478
-82
-1004
-459
-548
-805
-305
-743
-736
-632
-730
-719
-697
-517
-757
-777
-885
-729
-776
-850
-624
-933
-851
-793
-758
-27
129
-341
-31
-4
-99
354
912
1221
876
553
850
971
895
1376
1584
1672
1088
984
1285
699
760
919
911
712
447
180
-77
-250
-436
-126
74
-204
-371
-452
-509
-754
-388
-7
236
376
215
335
171
269
549
1035
1362
1244
1332
1188
1222
1094
1337
1474
1408
1212
848
732
400
123
130
107
-249
-578
-751
-1016
-1302
-1434
-1071
-1125
-1336
-1319
-1488
-1488
-1691
-1375
-889
-1035
-1175
-1176
-1062
-1405
-1324
-862
-944
-1029
-1428
-1562
-1647
-1700
-1538
-1176
147
133
-731
-1341
-846
-362
-120
1664
2365
1112
-624
-85
1181
1322
2072
3079
2917
1033
556
1536
1587
1422
1626
2267
1450
107
-33
-207
-116
-595
-28
293
-841
-1860
-2292
-1649
-1663
-1343
-691
-730
-1168
-1735
-1234
-629
-580
10
663
1044
752
627
981
1197
1652
2105
2936
2599
1821
1559
1691
2012
2094
2171
2013
1128
323
37
309
374
99
85
-189
-846
-1352
-1238
-842
-620
-712
-663
-897
-1467
-1332
-960
-351
-289
-394
-385
-583
-661
-457
129
224
148
-65
-97
-275
-362
-234
-97
-112
-596
-984
-1476
-1809
-2058
-2107
-2249
-2467
-2895
-3083
-3460
-2699
-825
-434
-1397
-2676
-1436
-653
36
2563
3263
1802
-922
358
2803
2988
3759
4332
4096
1367
968
2730
3055
2607
1922
2307
822
-879
-859
-440
-314
-1292
-1321
-1808
-3113
-3985
-3743
-2184
-2098
-2283
-2463
-2621
-2590
-2320
-779
97
253
328
634
1339
1548
2120
2823
3313
3385
3209
3433
3147
3006
3058
3261
3166
2341
1746
1358
1013
724
421
362
-152
-827
-1250
-1265
-1198
-1362
-1111
-1199
-1254
-1552
-1403
-752
-544
-181
-243
-103
-147
-2
643
970
1141
765
692
506
502
561
736
660
206
-167
-651
-811
-1165
-1305
-1526
-1918
-2463
-3132
-3396
-3620
-3739
-3815
-3894
-3892
-4227
-2528
-447
-392
-2313
-3066
-651
527
2001
4246
4359
1036
-1391
1946
4921
5099
4830
4840
3259
145
1281
3654
4182
2277
1060
525
-1570
-1933
-1307
-296
-1073
-2880
-3568
-4283
-4344
-4117
-2982
-2069
-2830
-3426
-3649
-2431
-1223
-282
795
519
444
442
1554
2978
3638
4036
3646
3493
3228
3421
3813
3819
3642
2982
2427
1724
1097
937
856
614
-34
-525
-1058
-1616
-1748
-1586
-1260
-1201
-1423
-1554
-1508
-1017
-439
-33
386
341
348
466
822
1338
1674
1747
1540
1281
986
884
1053
1260
939
372
-183
-628
-786
-852
-839
-1360
-2027
-2666
-2952
-2941
-2932
-2942
-3384
-3643
-4014
-4070
-3828
-3401
-2914
-2845
-582
838
228
-2050
-1773
1475
2581
4130
5164
4061
158
-1067
3392
5853
5430
3839
3141
1136
-908
1276
3464
3288
409
-1313
-1941
-2912
-2239
-1378
-1089
-2775
-4632
-4906
-4642
-3688
-3157
-2561
-2548
-3339
-3291
-2445
-739
414
871
957
482
931
1763
3277
4143
4116
3942
3195
3316
3573
4150
4280
3651
2790
1782
1334
905
936
864
652
-186
-1206
-1862
-1771
-1330
-1044
-833
-1298
-1939
-2320
-1667
-567
179
334
73
-161
51
793
1570
2029
1953
1556
1310
1255
1529
1942
1931
1448
690
81
-78
-101
1
-255
-889
-1684
-2375
-2311
-2175
-2058
-2439
-2906
-3343
-3639
-3360
-3113
-2865
-3032
-3345
-3464
-3239
-2218
466
1613
133
-2551
-1668
1342
2801
4401
4813
2978
-1259
-1049
3691
5834
4880
3140
2352
39
-903
1725
3740
2909
-140
-1708
-2359
-2493
-1380
-650
-1048
-3027
-4335
-4273
-3398
-2294
-2032
-2014
-2487
-2818
-2170
-1176
193
876
914
651
587
1572
2564
3371
3633
3532
3485
3013
3224
3613
4027
3622
2676
2029
1542
1376
996
910
537
290
-926
-1448
-1639
-1193
-1161
-1691
-1250
-1974
-2005
-2067
-1072
-368
-515
-349
-376
99
284
1123
1410
1439
1380
1296
1672
1718
2006
1884
1504
1001
615
620
630
428
-86
-741
-1200
-1373
-1436
-1425
-1836
-2388
-3000
-3140
-3005
-2648
-2329
-2933
-3279
-3934
-3704
-3445
-2750
-2394
-1202
664
-51
-1999
-3347
55
2391
3126
3876
3073
578
-2371
1419
5744
5877
3454
1958
1586
-214
1031
3923
4533
1620
-1317
-1455
-1162
-537
167
-188
-1791
-3605
-3847
-2993
-2267
-2018
-2647
-3127
-3562
-3167
-2218
-1353
-421
-565
-539
-752
-8
1136
1916
2576
2510
2767
2605
2813
3261
3840
3942
3214
2879
2772
2645
2137
1729
1817
1678
954
296
-78
-76
-544
-820
-705
-765
-1082
-1455
-1329
-1246
-1022
-792
-378
-154
-160
-166
-162
335
854
1183
1189
1057
1018
1137
1276
1345
1282
1091
863
617
439
349
178
-20
-369
-643
-1021
-1395
-1564
-1641
-1743
-2017
-2472
-2814
-2990
-2916
-2964
-3209
-3244
-3643
-3594
-3677
-2130
126
-235
-2508
-4485
-1641
721
1747
2802
2394
-51
-3290
-160
4598
5494
3395
1926
1547
-13
910
4109
5344
2969
-210
-770
-210
559
1526
1260
-329
-2700
-3342
-2172
-1198
-1098
-2235
-2994
-3379
-3096
-2118
-1322
-717
-1267
-1597
-1424
-598
606
1085
1375
1132
1392
1742
2221
2828
3119
3204
2764
2706
2806
2853
2726
2604
2581
2385
1804
1277
1152
1029
839
369
399
190
-370
-663
-874
-635
-777
-644
-588
-835
-1074
-1085
-541
-329
-323
-384
-186
-94
-158
-101
209
476
425
283
284
276
-36
22
343
525
50
-525
-609
-532
-370
-576
-723
-1249
-1778
-1915
-1832
-1476
-1982
-2432
-2798
-2780
-2787
-2842
-2633
-2332
-1499
-1289
-1818
-2693
-1903
-445
533
1098
1093
272
-1145
-272
2369
3824
3174
2163
1811
1263
1387
3043
4257
3278
1302
518
887
1207
1457
1338
470
-920
-1677
-1193
-750
-912
-1613
-2125
-2329
-2315
-2053
-1810
-1490
-1548
-1649
-1627
-1230
-732
-407
-109
83
321
514
891
1360
1541
1603
1655
1923
2111
2154
2210
2116
1966
1928
2202
2138
1756
1241
1006
1134
1275
1492
1061
303
-302
-205
274
317
78
-425
-905
-1066
-791
-345
-398
-750
-1049
-1122
-806
-521
-303
-362
-532
-608
-430
-117
155
87
-98
-178
-33
149
333
326
-77
-143
-79
106
-5
-216
-301
-493
-529
-612
-613
-861
-1194
-1229
-1273
-1284
-1451
-1594
-1651
-1678
-1571
-1247
-1033
-1176
-1387
-1388
-1082
-617
-216
-27
-319
-707
-847
-344
500
1001
984
648
325
352
694
1254
1465
1079
636
522
631
790
933
790
463
88
29
222
260
67
-125
-90
-82
-160
-211
-67
49
-40
-11
57
122
111
238
404
360
278
282
457
591
732
762
624
511
444
568
715
755
706
595
606
629
535
479
545
620
517
388
475
581
637
519
498
471
370
413
526
718
712
462
223
261
459
430
336
247
37
-272
-396
-247
-224
-429
-586
-777
-793
-854
-601
-327
-404
-432
-707
-755
-666
-533
-202
-69
-44
-244
-545
-648
-421
-51
185
176
-257
-697
-957
-751
-396
-323
-608
-1087
-1326
-1285
-1099
-1015
-1062
-1244
-1356
-1434
-1437
-1337
-1295
-1229
-1121
-945
-933
-900
-778
-494
-288
-239
-69
75
136
212
453
814
950
884
866
985
1047
995
971
966
899
656
447
376
439
353
161
42
-20
-90
-145
-137
-25
-14
-122
-40
177
351
360
405
630
713
728
694
842
1036
1063
1075
1067
1094
1061
1080
1298
1483
1364
1051
944
1065
1124
970
754
582
339
115
-22
-24
-195
-516
-632
-588
-532
-704
-839
-763
-655
-569
-487
-294
-197
-274
-301
-53
238
202
68
74
179
197
133
182
130
-17
-108
0
20
-159
-382
-571
-590
-550
-553
-679
-867
-1074
-1231
-1204
-1063
-1039
-1191
-1274
-1230
-1185
-1076
-902
-794
-826
-761
-417
-167
-89
-114
44
306
476
597
661
707
618
622
761
992
999
658
418
313
371
336
270
157
-103
-341
-497
-371
-333
-490
-662
-783
-792
-811
-687
-536
-545
-648
-687
-475
-204
-125
-99
-79
-17
70
185
400
477
458
453
573
733
802
778
843
951
931
845
801
876
846
719
701
763
748
562
405
386
330
278
291
368
382
266
197
228
303
338
322
409
440
363
232
190
255
202
170
124
42
-76
-193
-158
-107
-50
-133
-271
-349
-373
-292
-270
-312
-375
-435
-443
-453
-488
-602
-608
-550
-543
-601
-637
-615
-540
-480
-449
-501
-544
-472
-268
-56
-31
-116
-206
-162
-28
97
100
36
-44
-62
7
41
56
43
30
-1
-23
-7
-12
-48
-24
5
-16
-55
-48
13
18
43
73
66
11
-61
-21
91
100
27
-53
-55
-46
-25
102
146
51
-149
-169
-39
58
60
6
-25
-81
-107
-47
-30
14
0
6
-16
-61
-8
73
158
156
201
217
308
389
427
475
469
570
539
512
494
550
566
508
488
463
466
339
263
257
310
294
178
109
16
-11
-21
18
-24
-183
-305
-333
-264
-272
-295
-388
-518
-582
-524
-450
-465
-569
-590
-554
-497
-398
-359
-324
-388
-327
-244
-145
-91
-96
-107
-103
-37
-25
-20
-79
-12
37
8
-32
-88
-47
-53
-59
-53
-114
-127
-142
-133
-100
-100
-58
-91
-81
-79
-66
-33
-19
4
49
67
106
109
64
124
186
240
218
216
224
194
197
204
216
195
151
139
113
36
-35
-104
-139
-152
-183
-177
-196
-264
-328
-288
-158
-87
-85
-28
51
126
146
236
370
382
437
535
606
611
596
675
721
719
702
718
708
623
553
579
600
529
419
326
278
195
80
42
33
-81
-209
-279
-333
-397
-488
-524
-522
-556
-557
-484
-400
-438
-499
-437
-300
-203
-220
-214
-130
-91
-81
-40
47
76
-4
-84
-68
8
-44
-130
-152
-186
-279
-338
-276
-249
-310
-408
-388
-386
-449
-434
-345
-316
-437
-469
-352
-252
-234
-239
-214
-181
-148
-78
83
229
255
196
216
347
406
415
427
505
493
392
336
373
401
367
288
178
89
-47
-136
-147
-109
-169
-319
-459
-492
-448
-462
-426
-421
-363
-351
-308
-250
-190
-106
-80
9
119
229
262
261
324
439
537
613
656
682
737
781
843
846
844
856
791
666
564
533
544
458
289
158
91
14
-78
-136
-173
-258
-340
-362
-329
-298
-351
-384
-400
-354
-328
-277
-243
-226
-223
-211
-153
-128
-126
-143
-41
19
-15
-80
-98
-14
-3
17
-22
-87
-101
-82
0
52
-10
-101
-195
-175
-161
-157
-163
-235
-278
-316
-254
-207
-220
-248
-258
-243
-203
-170
-142
-128
-169
-156
-94
-70
-83
-81
-61
-19
-2
-2
-9
-62
-102
-84
-14
-35
-113
-200
-163
-99
-74
-94
-123
-138
-173
-115
-12
37
-49
-140
-118
-20
74
71
37
25
22
43
83
185
200
134
105
190
333
324
291
282
314
322
321
377
370
317
289
318
346
287
236
238
230
225
189
198
180
169
206
229
193
69
29
57
43
37
-8
-78
-146
-167
-114
-128
-228
-302
-299
-267
-261
-272
-288
-333
-361
-302
-224
-209
-259
-249
-178
-119
-118
-114
-31
-13
-22
-1
84
143
131
107
150
189
140
110
119
152
137
118
101
57
-4
-24
-2
36
34
14
-16
-45
-32
-37
-18
-8
-47
-119
-182
-155
-97
-93
-137
-221
-272
-289
-230
-154
-153
-189
-261
-271
-220
-98
-55
-98
-128
-92
-17
-2
6
51
82
85
85
93
142
184
252
316
327
319
286
308
353
389
377
375
366
321
302
305
302
295
270
280
285
253
218
202
220
218
160
123
131
125
88
50
53
38
46
40
28
-4
-46
-60
-68
-76
-116
-168
-203
-241
-278
-324
-322
-298
-299
-360
-388
-377
-366
-348
-345
-353
-376
-356
-335
-279
-237
-209
-193
-158
-141
-119
-85
-33
54
98
114
102
119
130
150
184
199
197
151
167
163
127
58
-21
-37
-76
-117
-165
-192
-242
-330
-369
-356
-360
-419
-443
-408
-390
-400
-379
-322
-266
-265
-234
-163
-99
-53
-29
43
58
87
125
206
260
270
273
299
343
363
390
405
425
383
329
307
334
375
363
352
264
163
145
215
294
271
196
124
131
151
187
216
226
185
132
144
203
253
241
208
206
225
218
197
173
170
145
111
97
56
-11
-88
-121
-152
-213
-281
-375
-408
-446
-476
-520
-557
-559
-572
-566
-579
-579
-572
-535
-482
-449
-419
-388
-386
-319
-235
-165
-124
-113
-60
-39
-3
34
76
113
108
119
134
148
127
111
125
129
120
91
63
28
20
21
1
-34
-81
-97
-96
-96
-142
-173
-158
-132
-101
-103
-97
-108
-105
-59
-2
74
83
65
85
166
274
307
291
286
322
361
412
461
454
389
300
316
367
412
378
310
267
219
207
213
254
243
174
125
107
107
108
98
87
67
43
62
81
94
77
78
90
98
93
74
44
33
43
61
62
24
-5
-37
-37
-46
-73
-108
-161
-171
-176
-187
-250
-322
-340
-323
-319
-344
-376
-402
-413
-403
-351
-307
-318
-342
-313
-237
-168
-132
-118
-79
-31
-10
15
42
59
63
72
116
129
104
66
81
118
103
51
12
28
26
-8
-41
-39
-52
-82
-99
-97
-86
-99
-116
-118
-105
-109
-100
-61
-31
5
20
49
95
139
158
170
194
228
284
289
287
294
315
322
300
290
270
244
227
218
198
173
156
130
97
71
47
42
41
22
6
-19
-37
-45
-23
20
53
41
35
48
76
92
110
152
130
109
80
80
91
91
97
63
33
-12
-32
-46
-72
-108
-138
-185
-256
-281
-299
-324
-376
-407
-417
-444
-466
-477
-464
-463
-458
-436
-385
-340
-310
-264
-219
-175
-133
-88
-51
-28
-8
30
79
93
91
121
150
168
163
160
167
152
159
156
142
101
87
113
130
101
32
16
17
16
-3
0
-23
-62
-60
-38
5
5
9
17
55
88
107
127
153
188
205
218
222
244
263
247
232
206
185
176
175
177
141
101
71
74
96
84
77
55
29
18
20
26
33
21
19
23
8
10
16
42
34
1
-13
0
26
22
11
9
24
43
51
67
69
43
33
47
40
5
-45
-62
-69
-118
-163
-188
-195
-224
-269
-302
-339
-350
-346
-330
-323
-317
-340
-350
-315
-270
-238
-231
-211
-209
-193
-168
-141
-98
-101
-104
-76
-40
-16
-19
19
43
25
18
38
85
92
104
118
115
86
93
137
162
138
105
105
102
112
112
115
118
102
112
121
139
154
163
174
194
226
238
252
244
232
227
228
235
221
208
168
144
139
143
159
123
87
83
88
73
62
53
52
24
13
16
14
-7
-17
-5
-19
-42
-50
-52
-72
-76
-79
-72
-98
-133
-144
-134
-119
-108
-96
-99
-118
-140
-125
-93
-79
-82
-104
-129
-141
-144
-125
-104
-101
-124
-146
-173
-165
-134
-121
-125
-145
-143
-134
-102
-58
-46
-59
-70
-75
-71
-48
-36
-43
-65
-66
-45
-14
-11
-21
-20
-3
16
38
62
67
53
56
98
130
129
115
114
130
139
138
157
177
160
114
72
77
85
86
92
79
41
4
-3
11
24
-1
-35
-41
-48
-40
-39
-42
-39
-55
-66
-71
-63
-61
-67
-58
-28
-21
-32
-35
-22
1
13
25
36
36
25
43
74
85
73
60
62
52
23
16
30
22
-6
-17
-19
-26
-51
-67
-45
-27
-32
-47
-58
-71
-81
-66
-47
-44
-63
-71
-64
-29
-24
-42
-56
-65
-55
-42
-28
-26
-16
-13
-21
-21
-20
1
8
11
12
10
14
23
25
19
7
-3
-7
-8
-9
-12
-5
-4
-1
0
3
8
13
6
7
24
39
67
75
60
43
44
74
101
113
104
93
86
95
109
136
148
143
134
132
150
155
156
150
146
138
121
115
118
117
98
75
66
58
59
52
43
33
7
-3
-2
3
-21
-64
-77
-71
-57
-68
-91
-99
-98
-97
-107
-106
-114
-135
-147
-129
-111
-127
-148
-162
-169
-187
-192
-178
-168
-168
-182
-179
-162
-143
-130
-135
-159
-168
-155
-128
-104
-101
-111
-115
-119
-106
-80
-60
-55
-53
-46
-31
-11
10
36
46
40
31
50
77
94
103
99
85
72
87
129
150
138
117
114
127
149
170
169
147
127
142
172
175
164
158
150
153
164
168
158
133
127
136
143
135
122
113
97
96
110
117
108
93
91
98
103
87
70
72
60
70
68
50
25
-4
9
13
14
-2
-23
-28
-43
-25
-13
-26
-56
-89
-88
-81
-97
-116
-129
-142
-158
-172
-183
-200
-211
-222
-210
-214
-229
-231
-237
-231
-237
-231
-229
-221
-206
-199
-173
-171
-159
-146
-142
-136
-139
-141
-127
-107
-78
-73
-78
-72
-61
-39
-24
-12
-12
-25
-24
-1
25
34
17
13
36
63
75
83
106
109
101
105
126
155
156
148
164
180
189
181
184
204
207
214
202
194
183
171
166
171
173
161
152
148
138
123
119
109
103
90
71
59
61
55
66
69
53
44
35
41
41
24
-7
-27
-22
-15
-16
-39
-62
-98
-107
-80
-52
-42
-54
-54
-56
-41
-11
-9
-35
-74
-108
-105
-106
-95
-86
-88
-98
-108
-107
-113
-105
-110
-124
-128
-130
-129
-115
-105
-112
-107
-101
-97
-96
-101
-93
-86
-93
-90
-89
-73
-76
-65
-54
-65
-65
-51
-34
-25
-17
-23
-21
-30
-20
0
-5
13
23
30
48
49
84
103
118
120
116
133
143
160
179
175
156
116
94
38
27
-8
-41
-55
-109
-78
-101
-65
-37
-42
-7
8
56
74
102
130
133
150
169
178
199
189
190
181
180
185
164
194
183
172
158
118
115
84
78
47
11
-9
-60
-75
-126
-116
-159
-170
-177
-209
-167
-181
-132
-118
-95
-73
-67
-49
-75
-78
-98
-95
-119
-170
-197
-215
-230
-233
-235
-224
-214
-194
-184
-173
-147
-149
-136
-109
-102
-55
-113
-75
-134
-32
98
57
306
176
318
254
215
356
149
221
85
46
-50
-138
-132
-181
-117
-173
-117
-134
-131
-115
-122
-91
-97
-93
-84
-90
-93
-88
-89
-46
-29
45
100
217
269
359
436
421
488
382
366
231
78
36
-138
-163
-239
-230
-214
-174
-55
-4
96
124
177
227
196
188
140
94
65
-6
12
-4
-7
-9
28
69
131
181
175
207
197
205
178
122
111
5
-32
-102
-104
-119
-147
-117
-154
-74
-56
16
50
78
81
78
138
109
180
114
198
141
199
200
185
169
99
39
-66
-168
-191
-211
-365
-101
-466
-209
-272
-385
-13
-405
40
-425
-12
-244
-194
57
-440
377
-542
254
3
96
5
278
13
42
316
-294
474
-236
16
217
-211
-41
208
-394
91
-25
-273
-153
-37
-328
-118
-114
-254
-18
-195
-165
104
-392
113
10
-501
317
-324
69
86
-106
292
-68
145
404
121
369
556
-93
575
186
-85
450
-195
166
6
-95
0
6
-49
106
9
221
64
187
68
-20
229
-279
-135
324
-711
366
-220
-398
518
-859
570
-233
-28
328
-243
116
86
16
149
128
137
110
138
156
174
28
163
-74
10
-38
-172
22
-200
3
253
-466
364
-28
-367
364
-474
348
-336
-182
425
-687
275
-204
-87
-90
-217
204
-488
174
-57
-34
-227
130
38
-243
190
-51
-24
0
-175
180
-310
138
-224
-32
-40
-51
-75
76
-52
163
-294
120
-170
-297
324
-379
232
-136
98
13
-114
256
-35
-94
425
-193
48
284
-80
192
124
-161
457
-419
150
360
-437
433
-177
-65
391
-558
504
-78
-224
322
-186
115
-160
150
-56
-49
-12
47
-114
59
-158
27
-4
-154
52
171
-392
523
-291
-63
500
-575
522
-36
-252
675
-675
352
208
-393
284
91
-116
148
48
-194
398
-535
427
130
-430
726
-406
64
431
-444
653
-102
100
218
25
-327
381
-246
-340
529
-681
357
-44
-217
167
-74
-125
138
-45
-126
377
-391
287
-141
209
-197
239
-50
-82
108
-545
549
-743
248
31
-450
515
-563
338
-365
199
-91
-140
310
-281
255
-358
422
-462
96
81
-117
56
31
-204
161
-316
-63
555
-667
784
-362
101
466
-801
959
-278
-192
700
-317
-134
338
-433
259
-68
-236
619
-584
-62
564
-641
507
44
-189
428
-419
204
203
-276
398
27
-210
445
-360
269
-57
251
-6
363
-52
45
159
-167
239
-45
139
124
228
-230
501
-224
120
362
-349
588
-323
169
288
-281
282
-43
22
122
-107
312
-556
337
-253
-174
454
-785
1032
-687
104
18
-374
-72
76
-164
36
7
-449
237
-558
-6
85
-582
106
-52
-717
478
-842
265
-227
-490
297
-548
250
-404
32
-91
-481
288
-681
200
-209
-613
418
-730
134
72
-622
577
-670
68
2
-377
304
-350
265
-216
-11
-21
-104
-98
-73
-146
-40
-161
-154
164
-336
128
64
-309
507
-566
412
-171
-208
731
-777
740
70
-539
1033
-626
527
247
-492
1090
-730
291
677
-756
1004
-355
78
703
-531
856
-56
179
404
62
123
406
113
25
553
-200
456
54
47
642
-361
377
305
-311
695
-114
426
281
-279
548
-401
492
-103
358
204
-211
312
-294
218
-259
330
4
-53
198
-161
-26
49
-117
394
-56
3
474
-507
450
38
-202
477
-289
68
-15
-151
-87
24
-219
-23
-136
-164
-114
122
-338
152
-202
-369
112
-438
88
-315
225
-436
26
-227
-324
13
-384
90
-281
96
-224
0
18
-220
-140
-48
-140
-286
-1
-51
-74
-259
224
-188
-197
56
-302
375
-748
649
-285
-140
364
-563
414
-431
191
-72
284
-54
-42
244
-264
301
-133
168
278
-528
609
-323
140
32
8
201
-241
267
-338
395
-261
160
199
-161
159
86
-226
408
-121
-193
691
-752
543
-125
-135
251
-130
-15
-105
-100
-185
224
-474
306
-33
-410
329
-214
-118
158
-123
121
-98
-21
112
-129
-49
119
-98
-260
267
-183
-60
210
-129
43
224
-341
359
-169
-293
548
-724
468
-145
-191
185
-226
-35
4
-349
239
-125
-153
292
-423
395
-216
-150
313
-385
-58
290
-468
258
-62
-230
295
-552
334
-90
-300
215
3
-394
397
-193
58
166
-85
145
88
-129
265
46
-313
726
-733
721
-270
153
186
-79
174
37
182
-185
353
-99
-222
596
-482
383
114
-536
632
-539
15
228
-85
-96
156
-117
62
-171
121
-119
219
-342
76
464
-892
1070
-923
549
-147
-452
929
-1134
1086
-548
113
117
-342
322
-307
192
-219
157
-430
258
-241
-17
187
-307
161
-210
178
-246
176
21
-22
-96
104
-67
-13
153
-198
464
-756
743
-575
251
172
-615
1070
-1559
1337
-842
17
825
-1210
1097
-511
-49
280
-208
161
-138
-62
216
-23
-302
508
-391
202
-112
140
-3
98
109
-7
214
-223
296
21
-42
339
-27
54
75
63
29
228
-103
325
-133
69
199
-262
478
-318
432
-290
538
-46
-178
748
-742
749
-318
-72
675
-763
638
-285
30
49
-137
218
10
124
-105
177
32
-233
420
-157
122
36
-161
233
-149
-21
390
-82
6
247
-266
166
-33
-18
161
-59
-109
168
-243
35
155
-295
336
-387
263
-189
48
-36
2
-50
-95
22
-313
316
-467
210
-77
-349
384
-538
102
32
-433
173
-330
-28
-17
-282
61
81
-541
174
-188
-105
-198
86
-207
-97
-85
-229
127
-452
416
-532
201
-130
-150
169
-400
380
-368
88
-242
111
-178
-350
553
-667
461
29
-339
643
-669
544
-62
-111
469
-252
277
-249
368
-101
-12
404
-408
360
-135
49
249
-271
440
-248
89
23
114
-140
85
205
-103
126
118
-36
12
110
-55
-33
113
31
-247
451
-341
322
52
-329
749
-777
493
139
-367
517
-473
212
-106
-135
61
53
149
-313
533
-434
118
268
-426
666
-576
148
203
-345
147
73
-225
231
-445
166
348
-540
304
145
-521
167
-54
-34
-255
167
-219
-143
-234
-52
229
-680
365
-238
-234
-77
-95
-42
58
-169
183
-118
-73
208
-421
388
-216
-19
200
-124
10
-163
191
-120
-51
312
29
-139
89
-61
65
138
-120
737
-807
737
-466
218
138
1
304
-138
533
-392
251
71
-11
-291
668
-502
346
106
-241
560
-326
173
269
-195
235
221
-459
539
-244
-234
543
-528
175
176
-669
711
-544
73
283
-381
255
-14
13
-58
151
-234
223
-151
48
-14
-10
-46
-118
300
-478
430
-592
424
-267
-231
528
-624
224
-160
-110
-114
34
-352
394
-584
205
155
-486
346
-175
-194
141
-63
-231
369
-524
282
-193
-195
137
-36
-99
191
9
-265
614
-591
497
83
-536
925
-1059
645
19
-761
1077
-872
390
104
-527
639
-421
74
399
-435
478
-140
-32
555
-727
778
-235
-115
597
-600
832
-578
237
174
-63
22
357
-135
-130
230
-278
542
-528
695
-225
-93
249
-145
0
226
-100
138
176
-292
477
-426
259
79
-189
151
238
-233
170
170
-191
150
82
49
-23
293
-376
367
-107
-323
646
-538
48
448
-706
455
-5
-320
339
-457
401
-371
82
249
-511
445
-485
133
-146
-204
224
-303
-55
200
-532
70
45
-200
-44
-34
75
-548
365
-382
-227
271
-669
257
-241
-451
425
-795
244
-124
-552
637
-723
381
-99
-381
169
-102
-183
232
-398
105
44
-285
86
-152
369
-564
487
-302
223
-139
-58
587
-467
449
-205
343
-333
296
-37
-106
384
-389
682
-351
75
360
-161
-80
304
-43
195
185
16
124
266
-312
596
-134
-21
440
-138
112
381
2
-78
748
-581
497
292
-611
895
-125
-466
1411
-1364
1160
-137
-698
1499
-1372
906
1
-458
914
-821
817
-318
-296
835
-1116
1071
-782
524
165
-828
1153
-1082
423
145
-756
848
-410
-411
637
-741
170
-9
-487
600
-649
124
139
-461
155
-54
-93
4
-246
184
-438
228
-173
-552
1052
-1457
930
-356
-629
991
-1380
1089
-552
-266
797
-1092
707
-275
-616
1035
-1235
620
-28
-591
529
-417
103
-75
-215
349
-518
388
-93
-174
436
-482
413
-124
-94
489
-368
92
641
-601
435
278
-451
646
-495
411
-158
114
231
-478
1038
-996
838
-242
-289
889
-1041
1393
-847
420
559
-861
1016
-631
497
24
-220
500
-210
-36
331
-44
-102
349
-157
1
256
-168
69
305
-563
836
-842
552
-16
-582
884
-1063
1041
-981
418
334
-911
1053
-921
527
-319
-317
692
-1022
672
-402
-232
372
-832
666
-728
275
-202
-231
-23
12
-346
11
69
-473
162
-40
-447
431
-586
-37
324
-1003
972
-981
556
-48
-763
853
-768
89
155
-290
397
-552
325
-20
-334
99
91
-33
-377
582
-539
147
127
-529
732
-592
12
607
-898
776
-143
-351
766
-487
26
356
-212
-22
428
-624
753
-410
-126
673
-507
100
448
-495
211
460
-970
1343
-913
215
840
-1261
1230
-479
-340
743
-540
154
260
-94
-110
575
-579
430
10
-258
542
-353
361
63
-360
503
-168
0
399
-443
494
-306
-229
667
-604
140
521
-664
314
287
-872
793
-542
-286
1000
-1343
952
-384
-616
886
-908
121
633
-1254
1234
-1074
400
199
-861
717
-317
-154
57
205
-481
388
-374
23
-43
-214
165
130
-578
342
-28
-570
544
-193
-330
567
-492
72
412
-631
703
-405
-83
662
-929
731
-142
-407
732
-500
428
-212
171
160
-451
601
-389
221
291
-404
572
-125
-223
507
-578
359
50
-69
289
-13
-48
115
229
-368
706
-552
290
376
-840
1076
-687
271
383
-672
810
-389
-106
421
-113
-49
239
-185
196
-32
-188
339
-235
129
57
-63
337
-382
366
13
-248
499
-310
24
467
-652
522
-208
-78
188
-106
72
-311
412
-689
625
-592
224
166
-655
682
-728
444
-400
136
50
-606
738
-954
385
-26
-542
622
-778
459
-134
-370
378
-120
-298
126
139
-542
480
-451
194
-36
-178
110
-51
-219
141
-53
-78
81
131
-153
7
340
-781
921
-655
153
530
-917
853
-366
-78
694
-800
819
-436
109
-102
118
-52
-16
459
-644
799
-519
-64
594
-656
431
344
-568
490
248
-946
1240
-953
336
409
-618
756
-417
228
-112
225
-311
530
-351
245
38
-77
39
-147
215
-374
365
-445
360
-94
-280
463
-528
638
-482
-13
361
-558
335
-122
-103
302
-402
268
-72
-138
199
-286
205
-259
219
-125
148
-175
216
-35
-277
388
-168
-138
249
65
-233
314
-299
209
-230
156
-203
229
-226
45
108
-100
125
-312
436
-465
423
-245
224
19
-141
48
14
-122
61
-144
309
-446
333
-152
-111
535
-734
809
-441
252
-192
367
-446
341
-160
-213
587
-823
637
-485
419
-553
480
-319
-37
235
-523
698
-850
540
-57
-225
198
28
-176
439
-684
598
-188
-295
263
-176
300
-493
472
-248
-25
145
-290
336
-101
-164
333
-274
285
-70
-134
439
-541
404
-443
452
-295
-67
26
170
-336
4
297
-388
511
-722
867
-496
-63
479
-559
708
-575
297
37
-291
197
-205
161
-41
321
-574
898
-561
-172
748
-881
827
-437
90
352
-393
300
-250
397
-759
639
-289
-230
544
-715
395
-53
-312
132
192
-453
485
-158
-148
447
-537
225
-56
-235
151
-213
207
-343
169
99
-578
657
-611
349
-97
-38
176
-247
198
-163
101
8
-85
28
92
-247
14
151
-228
308
-314
-17
447
-903
930
-596
313
-48
-49
274
-469
565
-424
172
30
-230
503
-264
-178
712
-777
522
-33
-405
889
-991
753
-120
-331
894
-886
719
-291
49
62
-137
278
-354
425
-465
537
-272
-250
425
-361
-53
258
-473
365
-312
42
-82
-64
-167
117
-104
-307
614
-657
251
-20
-200
100
-195
-35
129
-367
346
-409
182
137
-554
670
-571
206
120
-389
398
-170
236
-285
332
97
-507
679
-422
189
107
-53
12
53
-8
-65
253
-528
729
-538
282
223
-479
678
-577
407
-176
21
366
-531
548
-60
-269
409
-301
238
-199
96
-42
11
203
-515
875
-428
-94
384
-228
33
-42
155
-45
217
-368
392
-24
-511
758
-641
423
103
-313
359
-130
-2
-41
246
-86
4
250
-28
31
305
-367
729
-558
431
27
-296
613
-747
714
-319
127
-38
90
23
-168
269
-387
434
-314
-94
447
-563
370
-257
112
-104
-37
66
-196
198
-346
198
-101
-128
-121
153
-485
524
-652
321
75
-611
490
-400
-85
94
-86
-277
337
-472
281
-173
-414
650
-661
-43
308
-511
130
-95
-37
-167
127
-115
-342
787
-1305
1277
-734
-276
1071
-1479
1279
-815
176
360
-833
946
-806
260
192
-568
543
-452
250
-31
-235
287
-259
228
-67
-84
360
-341
211
70
-117
200
-30
49
248
-175
233
59
-159
253
-207
353
-223
-27
531
-645
538
-101
-154
502
-404
405
-66
22
-28
277
-265
-86
551
-753
549
-147
-224
471
-569
409
-67
-198
462
-326
277
177
-377
662
-335
152
41
2
177
-587
631
-356
-159
220
-136
24
-147
170
-30
-39
-47
377
-382
235
110
-142
315
-452
591
-405
-107
538
-850
760
-606
233
202
-679
884
-775
171
343
-717
609
-175
-425
692
-805
316
-77
-601
770
-965
462
-14
-493
434
-584
496
-664
437
-206
-112
375
-652
702
-417
-192
421
-297
-14
160
-133
101
-101
-127
398
-402
-42
394
-413
13
167
4
-210
309
-70
-58
133
33
130
-150
403
-120
172
0
112
199
-433
583
-95
-169
483
-176
292
-202
209
319
-364
442
-30
152
4
39
241
16
-186
400
-101
-117
140
-37
57
-98
59
200
-202
67
119
-298
333
-291
295
-118
9
82
-319
132
-153
-224
111
-161
-174
-18
-30
-203
-67
-11
-196
85
-374
274
-352
-49
32
-318
107
-465
401
-675
120
92
-677
668
-648
228
174
-636
630
-634
193
226
-674
828
-740
419
-74
-197
325
-209
288
-250
300
-62
113
254
-201
478
-177
154
301
-290
560
-287
378
68
-49
421
-305
362
-136
264
50
102
309
-203
409
-134
166
61
-122
523
-540
514
-84
-168
460
-446
477
-344
57
285
-415
347
-132
85
39
-181
234
-144
-142
209
-228
-10
59
-312
225
-389
7
-4
-376
213
-354
67
-5
-352
298
-332
31
-64
-222
161
-381
157
-248
-54
36
-423
479
-634
217
79
-522
654
-737
430
-209
-177
233
-408
348
-414
171
-129
-86
171
-291
316
-134
-12
103
-201
228
-230
-30
264
-337
173
42
-316
388
-395
113
114
-269
349
-302
227
-32
-50
-3
101
-29
35
21
39
81
-269
460
-343
145
217
-184
230
-1
196
20
74
237
44
9
245
-45
128
190
-81
346
-126
202
76
24
300
-301
404
21
-76
343
-46
224
51
-13
381
-176
131
126
-77
89
33
66
57
-33
27
192
-230
262
1
-83
214
-64
-11
71
-36
2
-129
73
45
-408
273
-128
-185
86
-210
-24
-159
48
-251
105
-133
-156
37
-226
106
-240
-195
298
-530
20
217
-663
418
-288
-193
166
-210
-105
47
-145
113
-207
5
93
-337
180
-185
-3
-49
-111
142
-286
138
55
-268
352
-230
211
-57
-38
263
-355
422
-265
19
179
-279
333
-253
182
80
-209
317
-159
63
148
-153
145
57
-122
295
-182
186
-13
-85
168
-206
170
-127
87
-13
26
34
72
-30
114
81
-102
249
-95
-48
127
-42
-7
-24
62
86
-86
25
128
-165
67
88
-205
226
-205
201
-185
19
243
-371
314
-24
-189
148
12
-285
205
-212
82
-31
-86
172
-225
153
-10
75
-114
155
-111
-95
182
-140
37
-59
106
-97
-140
183
-189
-21
-39
68
-115
-103
215
-355
161
-90
-120
179
-401
313
-184
-201
373
-379
56
72
-120
29
-12
69
-81
7
55
13
-119
61
60
-140
93
100
-37
-124
209
20
-154
282
-132
90
85
-98
300
-143
76
176
-186
242
-86
154
-30
85
-12
-6
158
-229
381
-226
30
210
-259
270
-109
119
185
-222
231
-24
-45
143
-30
207
-135
119
46
-27
-38
154
-20
-81
190
-92
165
-132
53
124
-200
119
-54
109
-92
66
21
-78
64
-155
176
-163
34
11
-72
88
-159
129
-204
57
-58
-128
205
-159
159
-71
-28
53
-114
76
-17
-11
26
-103
97
-114
-13
100
-138
3
-37
-5
-118
63
-81
21
16
-208
189
-240
96
39
-185
272
-324
140
-111
-8
112
-274
277
-284
175
-78
-55
224
-188
169
21
-70
167
-97
57
66
-43
169
-87
71
-24
30
-27
136
-4
-57
184
-54
20
41
-11
33
-69
92
-41
-35
29
-5
-2
-95
96
-113
-9
83
-72
210
-78
45
106
-122
82
143
-27
-33
139
-68
54
60
-61
91
-31
-42
146
-31
68
-34
15
21
-91
-48
-7
47
-125
47
-15
-71
-6
-43
76
-71
13
1
-76
104
-145
30
44
-79
25
-33
91
-72
-68
157
-137
16
9
-59
52
-197
82
-75
-11
-6
3
39
-49
102
-115
56
-39
1
-27
-15
36
-170
127
-8
-61
-15
-53
8
-105
84
48
-49
-33
68
3
-57
118
5
69
-45
75
98
-138
179
-71
-36
85
-17
-16
24
107
-82
117
59
-25
94
-61
78
33
9
155
7
96
38
-10
32
12
37
45
65
52
43
7
66
69
-1
64
125
-48
66
1
-58
-20
-56
26
-62
-13
11
-32
-19
-29
-17
-47
28
-22
21
-21
-57
-26
-39
-7
-59
44
-42
-22
-14
-26
-72
-65
-22
-139
-35
-161
-61
-23
-177
67
-40
-100
56
-112
-24
-20
-36
50
-7
17
-28
-17
7
15
1
2
1
-77
9
-86
-14
-71
-61
21
-37
-3
-7
21
-47
32
-36
-29
59
-66
16
56
-77
43
-12
-30
35
-20
30
44
-42
3
33
-41
68
13
63
57
50
86
-34
23
32
-50
68
19
-11
110
-17
72
114
79
58
126
17
53
83
-67
119
11
-38
101
-7
24
96
-31
16
5
34
40
-10
107
27
0
68
34
48
69
105
48
118
48
60
66
53
71
8
53
-41
-23
-37
-14
-14
-8
95
-81
-5
25
-62
-7
-57
-20
-42
-45
-26
-59
-13
-117
-13
-35
-87
-29
-73
-85
-38
-79
-22
-57
-64
-22
-124
-70
-118
-51
-95
-52
-58
-124
-53
-141
-81
-72
-63
-83
-56
-95
-26
-87
-73
-11
-60
-48
-43
1
-48
-26
-38
-20
-41
-33
-55
-4
-32
-39
-2
-8
10
13
33
-17
83
7
20
54
48
45
63
41
28
66
15
65
34
78
-9
-8
45
5
49
23
78
28
49
-7
17
20
28
55
14
88
27
40
29
19
86
38
67
84
54
61
37
43
40
77
50
24
67
22
0
42
75
45
30
49
5
6
0
-8
36
-17
18
-23
-20
17
-35
10
14
15
24
-44
36
-18
-34
18
3
5
-5
34
-45
7
-18
-28
8
-41
14
-61
-24
-43
-56
-57
-50
-60
-28
-21
-19
-16
-34
-18
-62
-24
-36
-41
-49
-42
-66
-34
-45
-44
3
-18
-7
-35
10
24
-8
64
14
61
55
11
67
-9
40
-4
37
-27
2
6
-65
-4
-53
-28
-42
-22
-84
-32
-7
-58
4
-47
-17
-42
-12
-11
-19
7
11
-5
24
-28
-8
-19
-26
13
-24
-7
-13
-8
1
-6
-10
2
-17
8
-20
15
-33
-33
-38
-42
-42
-59
-46
-84
0
-97
-21
-32
-47
44
-20
55
15
-1
1
-31
10
-47
6
-58
-4
-35
-25
8
-39
8
-37
-42
-38
-43
-71
-6
-57
12
-21
-8
-9
-38
3
-37
38
-21
47
-14
-15
25
-22
8
29
35
31
59
34
48
57
75
56
87
99
79
96
69
77
42
63
52
34
53
39
8
54
21
1
40
32
24
15
59
30
59
62
59
55
42
65
8
71
57
48
74
61
48
62
56
16
85
27
63
71
38
32
72
17
82
61
63
73
33
70
31
72
37
60
36
52
36
5
32
10
21
22
23
-3
48
-23
26
-2
-8
10
-61
-35
-50
-51
-57
-43
-65
-38
-63
-91
-56
-79
-59
-88
-58
-55
-96
-51
-91
-60
-91
-57
-59
-75
-20
-89
-55
-66
-28
-67
-17
-21
-40
-2
-44
2
-22
-2
14
-2
7
23
-23
18
-5
14
-8
11
-20
-25
9
-26
47
-31
33
-3
4
7
5
12
23
30
19
34
28
28
19
59
61
60
66
54
45
36
41
19
60
55
42
39
42
65
40
44
83
47
56
65
36
74
57
46
65
60
38
19
31
15
29
27
43
20
47
-25
34
-10
7
12
-25
30
-55
11
-31
-47
-16
-62
-26
-28
-84
-43
-116
-66
-100
-97
-78
-117
-86
-105
-103
-94
-105
-123
-98
-149
-90
-136
-131
-108
-135
-83
-118
-84
-109
-98
-101
-89
-81
-74
-82
-78
-63
-95
-58
-65
-53
-40
-68
-27
-74
-29
-49
-77
-20
-59
-30
-37
-13
-27
-26
-8
-31
21
-11
-15
-4
25
5
-4
23
-1
22
4
29
29
18
39
19
45
56
19
62
36
62
69
57
78
78
83
85
114
93
99
94
94
114
110
104
109
112
96
100
96
96
106
88
97
107
79
94
82
97
80
85
94
75
100
60
83
83
66
57
63
51
50
40
23
39
8
30
-23
18
-17
-22
-22
-56
-13
-69
-29
-60
-67
-31
-63
-42
-26
-49
-30
-46
-36
-39
-45
-60
-49
-65
-51
-56
-66
-50
-78
-48
-75
-47
-61
-56
-46
-52
-35
-46
-30
-39
-32
-21
-19
-24
-20
-22
-20
-18
-7
-32
-10
-2
-16
-12
-8
2
2
5
16
9
36
21
27
47
29
38
36
47
63
45
50
62
61
74
58
72
53
68
55
54
65
74
65
67
91
69
83
61
70
72
69
80
65
64
53
52
53
31
53
29
37
45
13
28
12
17
-3
30
-4
1
-7
-24
-24
-34
-35
-37
-43
-46
-43
-65
-31
-49
-61
-41
-69
-49
-67
-57
-70
-71
-52
-71
-73
-59
-93
-59
-85
-64
-48
-78
-42
-84
-50
-54
-57
-57
-49
-56
-42
-56
-52
-61
-68
-48
-66
-26
-41
-37
-29
-38
-38
-20
-30
-35
-15
-34
-8
-22
-8
-23
-16
-4
-20
-12
1
0
-16
25
-4
17
14
9
13
30
22
9
31
13
19
15
29
14
44
9
28
24
25
21
13
20
7
23
9
0
29
-2
13
21
2
20
-17
12
-7
13
10
5
8
3
-1
-9
-11
-7
-13
-15
4
-24
6
-28
-8
-13
-4
12
-6
23
1
13
5
19
-3
22
3
5
30
-8
28
8
7
16
0
16
10
-5
28
3
36
3
10
16
-12
14
-4
7
13
1
-6
10
-7
9
-11
-4
0
-13
-7
-22
-12
-29
-23
-30
-22
-23
-23
-30
-22
-13
-33
-16
-23
-21
-19
-20
-2
-19
-6
-9
-24
-8
-29
-16
-16
-7
-9
-15
10
-19
12
-17
7
3
-8
18
-2
26
-3
22
-2
31
23
1
31
8
25
10
20
21
11
19
12
15
33
-1
16
18
5
27
5
21
21
25
16
34
25
23
26
23
12
36
13
11
35
1
28
6
16
14
12
13
16
10
8
20
-2
26
5
17
14
11
7
-2
11
-14
-10
-17
-17
-27
-15
-29
-20
-25
-35
-35
-37
-26
-50
-44
-40
-30
-40
-42
-43
-37
-39
-43
-35
-43
-18
-49
-32
-19
-38
-26
-46
-14
-26
-13
-22
-12
-8
-11
-6
-14
17
-5
14
9
26
19
23
34
24
43
36
31
49
43
35
54
32
48
39
46
45
47
49
38
57
41
46
43
52
37
44
39
42
43
29
45
20
45
15
31
23
30
24
12
36
10
22
6
14
10
29
1
21
16
6
17
-7
26
5
9
7
