-104
-112
-109
-120
-120
-119
-120
-121
-127
-130
-130
-132
-137
-134
-129
-129
-132
-128
-124
-131
-130
-125
-117
-116
-117
-105
-99
-98
-95
-79
-73
-69
-63
-49
-37
-45
-37
-28
-18
-15
-13
3
8
11
18
34
43
43
49
65
76
76
86
98
102
106
106
113
120
117
110
116
116
115
113
117
132
135
129
131
139
134
119
113
122
111
88
84
88
79
57
57
70
61
53
59
68
60
45
43
47
40
38
43
35
31
15
3
-8
-22
-23
-32
-34
-31
-31
-35
-49
-47
-33
-40
-38
-34
-40
-53
-73
-73
-80
-93
-96
-87
-85
-84
-83
-79
-80
-88
-78
-69
-58
-41
-41
-40
-50
-63
-71
-90
-93
-85
-87
-82
-84
-80
-69
-71
-60
-41
-37
-25
-15
-7
-4
-13
-13
-3
6
12
26
35
40
48
41
31
32
49
67
69
82
89
98
91
86
86
66
48
36
36
41
36
38
49
57
53
60
80
83
76
55
54
51
27
12
9
15
6
5
21
32
35
27
24
26
22
20
23
31
34
25
16
3
5
-7
-32
-38
-45
-49
-61
-56
-52
-60
-66
-57
-36
-42
-45
-49
-47
-52
-63
-49
-51
-54
-61
-57
-48
-66
-62
-59
-65
-71
-82
-75
-77
-74
-57
-54
-47
-43
-37
-39
-41
-26
-28
-35
-35
-29
-14
-12
-14
-5
-8
1
9
21
40
48
57
51
49
53
50
47
47
50
54
35
17
9
-5
-17
-12
15
31
32
31
40
42
18
17
32
33
31
31
36
31
12
1
14
19
26
39
45
43
40
43
51
58
69
62
64
62
42
50
35
24
28
1
-6
-9
7
29
17
22
12
5
14
8
27
18
-8
-18
-23
-37
-46
-41
-33
-11
-16
-19
-21
-36
-50
-48
-39
-37
-37
-43
-45
-43
-55
-82
-87
-104
-114
-117
-124
-117
-118
-101
-86
-54
-36
-5
31
21
21
23
49
52
54
105
149
240
339
540
776
761
685
508
319
222
87
96
-1
-171
-314
-480
-529
-538
-427
-313
-289
-300
-393
-543
-656
-657
-645
-559
-419
-314
-190
-134
-88
-27
27
155
191
195
191
201
266
178
196
220
171
137
41
100
34
-26
-48
-221
-268
-301
-278
-165
-191
-74
-4
-29
49
50
100
140
230
368
409
480
520
532
578
586
599
664
713
691
651
643
620
565
513
486
407
329
245
188
134
12
-21
-91
-153
-201
-250
-243
-301
-321
-313
-357
-397
-414
-390
-378
-359
-327
-269
-237
-236
-205
-202
-202
-201
-188
-158
-161
-157
-122
-158
-181
-162
-158
-158
-200
-224
-257
-284
-323
-374
-422
-414
-382
-385
-373
-394
-392
-430
-468
-473
-500
-519
-554
-579
-596
-600
-585
-582
-583
-591
-603
-631
-634
-618
-617
-564
-496
-218
14
156
175
401
720
670
752
953
1143
1014
991
1350
1453
1357
1352
1546
1595
1370
1439
1443
1198
896
742
650
330
163
39
-134
-341
-433
-448
-624
-816
-858
-882
-970
-972
-800
-647
-635
-491
-202
51
167
376
678
755
771
898
1112
1146
1086
1219
1332
1320
1275
1323
1330
1129
943
821
623
356
132
-29
-262
-488
-607
-707
-827
-926
-937
-1005
-1092
-1112
-1107
-1147
-1180
-1067
-923
-827
-740
-531
-354
-282
-181
-44
71
42
27
70
44
-39
-118
-174
-269
-395
-515
-621
-807
-1058
-1303
-1584
-1830
-2057
-2309
-2211
-1735
-1495
-1542
-1458
-593
-370
-609
-93
555
644
-107
531
1333
1120
949
1564
2405
2114
2105
2964
3049
2459
2167
2250
1886
1048
947
652
68
-187
-126
-210
-733
-763
-722
-1182
-1515
-1452
-1459
-1932
-2120
-1685
-1554
-1586
-1236
-627
-433
-520
-76
371
299
164
411
726
643
717
1134
1413
1412
1528
1820
1923
1833
1812
1720
1499
1305
1159
1047
839
821
725
544
495
474
413
86
-32
-90
-345
-569
-671
-660
-837
-983
-882
-817
-830
-821
-726
-665
-724
-659
-602
-580
-537
-457
-333
-230
-54
101
185
277
410
480
453
444
423
298
142
69
0
-171
-318
-358
-432
-601
-735
-814
-974
-1265
-1432
-1639
-1875
-2183
-2353
-2482
-2588
-2065
-1781
-1643
-1589
-806
-225
-513
1
725
953
337
630
1587
1321
961
1510
2269
2073
1782
2649
2929
2293
2084
2197
1909
1032
777
555
-202
-569
-592
-734
-1179
-1199
-990
-1342
-1504
-1264
-1228
-1613
-1708
-1307
-1381
-1533
-1108
-539
-406
-362
325
923
963
1103
1495
1746
1574
1614
1869
1839
1719
1716
1861
1849
1820
1871
1860
1730
1600
1405
1119
833
562
320
-57
-248
-325
-525
-682
-739
-653
-694
-821
-768
-813
-947
-1108
-1164
-1140
-1280
-1266
-1165
-1079
-972
-823
-616
-455
-305
-174
-104
-24
37
-2
-42
-39
11
-22
-70
2
37
-75
-175
-153
-255
-477
-658
-763
-960
-1223
-1376
-1487
-1676
-1849
-1959
-2035
-2182
-2274
-2397
-2454
-1968
-1735
-1666
-1592
-820
-313
-516
155
910
1139
705
1200
2107
1739
1518
2113
2579
2238
2138
2998
3040
2485
2598
2742
2402
1729
1660
1277
441
176
-18
-495
-947
-944
-967
-1424
-1307
-958
-1128
-1333
-1114
-810
-1142
-1152
-706
-577
-714
-538
45
243
316
722
1092
1291
1402
1643
1738
1682
1784
1677
1589
1625
1630
1441
1263
1437
1388
1023
919
950
725
276
182
207
-200
-516
-530
-550
-803
-954
-811
-870
-1020
-954
-921
-977
-1046
-991
-1008
-1089
-981
-959
-977
-892
-713
-620
-588
-410
-248
-258
-224
-50
34
-46
-57
3
-59
-155
-155
-142
-216
-276
-256
-322
-425
-498
-602
-740
-913
-986
-1113
-1286
-1422
-1534
-1628
-1752
-1797
-1874
-1941
-1987
-1695
-1380
-1298
-1142
-664
-79
-118
205
1000
1317
1119
1197
1951
1898
1489
1781
2145
1954
1632
2128
2411
2013
1977
2162
1953
1479
1307
1065
371
-49
-267
-769
-1174
-1232
-1267
-1619
-1557
-1197
-1219
-1263
-978
-662
-822
-784
-404
-315
-401
-210
176
332
486
901
1163
1320
1591
1824
1897
1948
2171
2087
1864
1868
1847
1564
1261
1263
1129
768
656
669
478
192
159
164
-75
-193
-226
-387
-673
-779
-835
-1059
-1203
-1204
-1232
-1274
-1157
-1033
-1026
-927
-719
-642
-621
-495
-381
-450
-451
-309
-269
-314
-240
-72
-41
-63
37
97
74
65
88
51
-103
-208
-329
-491
-650
-772
-918
-1055
-1123
-1216
-1326
-1402
-1467
-1526
-1617
-1628
-1707
-1824
-1898
-1981
-1726
-1530
-1422
-1245
-825
-266
-180
259
1018
1329
1336
1501
2111
2021
1694
1981
2130
1896
1684
2052
2210
1874
1960
2098
1890
1600
1451
1185
561
212
-86
-666
-1086
-1270
-1485
-1820
-1749
-1530
-1606
-1535
-1190
-909
-953
-726
-320
-283
-269
-42
229
266
339
642
777
921
1208
1435
1577
1758
2006
2012
1984
2076
1981
1663
1463
1380
1034
593
454
316
26
-180
-162
-161
-376
-402
-342
-385
-479
-589
-635
-802
-936
-1052
-1185
-1196
-1241
-1240
-1243
-1098
-924
-873
-704
-475
-315
-248
-137
61
111
52
105
159
135
68
69
132
122
114
166
241
283
257
204
160
98
-45
-212
-371
-555
-791
-1005
-1112
-1254
-1404
-1528
-1536
-1557
-1632
-1643
-1652
-1696
-1728
-1395
-1204
-1182
-1039
-554
-230
-293
296
872
973
910
1333
1843
1539
1499
1866
1861
1572
1582
1932
1763
1505
1677
1602
1312
1165
1116
736
309
227
-106
-562
-722
-830
-1183
-1466
-1293
-1298
-1475
-1334
-1012
-896
-839
-432
-113
-60
126
395
527
558
701
799
774
938
1058
1064
1162
1387
1483
1424
1596
1729
1555
1409
1406
1243
858
627
502
131
-127
-200
-310
-504
-596
-481
-576
-564
-409
-485
-574
-633
-584
-773
-986
-935
-1079
-1255
-1244
-1092
-1062
-1082
-823
-612
-504
-273
-31
73
95
211
295
241
210
188
115
31
55
53
-7
46
124
127
125
221
203
28
-59
-123
-316
-559
-716
-864
-1108
-1258
-1336
-1465
-1557
-1581
-1593
-1655
-1534
-1186
-1122
-1085
-825
-375
-242
-239
363
718
678
698
1163
1409
1106
1241
1554
1516
1350
1527
1828
1615
1534
1711
1558
1329
1199
1071
623
308
194
-221
-579
-663
-752
-1050
-1123
-900
-974
-1077
-853
-602
-584
-497
-157
2
25
194
355
436
487
656
724
758
960
1047
1068
1173
1353
1353
1289
1418
1429
1256
1110
1061
904
559
385
228
2
-224
-389
-444
-598
-593
-601
-586
-498
-500
-436
-479
-459
-480
-636
-649
-734
-840
-946
-945
-856
-879
-804
-685
-559
-397
-259
-67
51
112
203
190
177
171
149
76
22
-17
-70
-82
-54
-11
-36
11
120
125
79
70
53
-90
-254
-365
-531
-759
-935
-1105
-1264
-1417
-1503
-1577
-1713
-1675
-1685
-1524
-1323
-1230
-1093
-900
-520
-474
-247
200
365
409
540
989
1002
887
1204
1392
1379
1349
1646
1773
1586
1705
1732
1555
1420
1324
1128
774
658
428
32
-146
-318
-576
-875
-851
-874
-1102
-1031
-833
-757
-792
-578
-307
-304
-189
-21
64
83
132
227
179
291
445
457
565
744
879
856
990
1191
1128
1041
1086
1089
871
689
654
469
238
123
56
-26
-166
-111
-113
-132
-68
-76
-18
-91
-73
-96
-226
-246
-422
-552
-623
-673
-711
-810
-741
-663
-596
-445
-312
-174
-105
-7
118
147
155
142
104
9
-55
-115
-212
-260
-290
-291
-272
-183
-143
-160
-106
-74
-99
-168
-244
-371
-570
-747
-895
-1094
-1289
-1414
-1533
-1668
-1738
-1762
-1704
-1501
-1378
-1266
-1061
-636
-443
-350
139
447
517
531
921
1131
907
1035
1245
1248
1150
1305
1585
1501
1533
1694
1658
1596
1526
1407
1116
927
744
329
37
-159
-451
-775
-867
-848
-1033
-1072
-890
-780
-767
-629
-373
-317
-247
-61
49
89
140
231
214
274
401
404
470
640
795
836
952
1189
1240
1207
1288
1346
1215
1021
932
773
505
302
152
-37
-204
-280
-355
-356
-348
-331
-341
-301
-217
-299
-325
-352
-418
-548
-673
-671
-781
-877
-864
-834
-789
-714
-546
-382
-257
-54
117
244
369
450
462
423
397
304
144
47
-15
-100
-170
-156
-117
-119
-65
18
53
73
85
22
-105
-251
-419
-670
-897
-1068
-1266
-1469
-1586
-1669
-1749
-1799
-1692
-1433
-1364
-1227
-979
-620
-413
-329
144
405
452
533
833
1057
858
969
1214
1192
1154
1276
1496
1436
1444
1632
1597
1544
1498
1394
1129
916
758
343
26
-179
-465
-793
-949
-945
-1117
-1191
-1044
-952
-881
-764
-535
-404
-309
-138
-101
-26
57
118
118
188
354
375
394
536
700
737
786
973
1093
1075
1102
1171
1156
1032
921
821
632
430
231
48
-120
-273
-416
-466
-461
-483
-485
-451
-340
-356
-366
-296
-308
-362
-459
-463
-520
-656
-681
-700
-666
-621
-551
-396
-277
-119
38
154
284
352
358
363
384
351
232
172
141
61
-30
-33
2
-30
-28
37
84
87
77
71
15
-68
-161
-341
-482
-684
-921
-1130
-1340
-1449
-1647
-1754
-1784
-1852
-1689
-1553
-1435
-1270
-961
-613
-538
-164
223
304
375
612
924
777
761
1043
1051
947
1023
1262
1234
1172
1401
1448
1362
1368
1337
1143
937
880
589
241
94
-167
-494
-715
-749
-941
-1118
-998
-914
-874
-753
-473
-263
-133
150
328
430
596
675
670
631
708
656
527
599
666
664
645
780
887
862
919
1003
1008
898
813
725
517
302
93
-182
-399
-543
-690
-815
-851
-810
-855
-799
-645
-538
-502
-426
-263
-240
-250
-189
-186
-275
-328
-285
-340
-394
-361
-312
-284
-230
-97
-24
68
224
318
362
416
452
405
337
321
257
120
47
29
-61
-136
-133
-118
-143
-113
-42
-62
-72
-69
-126
-232
-364
-480
-673
-878
-1020
-1207
-1403
-1572
-1646
-1739
-1724
-1572
-1521
-1408
-1146
-824
-674
-444
11
198
278
508
824
853
781
994
1072
959
973
1127
1178
1121
1269
1384
1318
1375
1404
1292
1179
1142
965
642
495
290
-58
-309
-418
-568
-798
-809
-706
-683
-607
-416
-223
-106
50
224
305
408
458
450
422
423
384
246
232
247
201
138
174
252
232
246
323
393
361
341
329
236
116
6
-123
-265
-361
-475
-605
-630
-614
-628
-616
-486
-327
-271
-146
18
112
136
175
240
186
100
76
3
-100
-183
-229
-259
-271
-236
-191
-116
-7
93
166
263
360
378
359
380
361
285
210
154
82
-9
-59
-104
-126
-141
-134
-131
-104
-74
-84
-105
-114
-177
-313
-437
-553
-746
-981
-1152
-1329
-1524
-1684
-1609
-1548
-1572
-1438
-1166
-901
-812
-455
-34
123
273
532
818
769
775
954
934
850
859
942
913
872
966
950
923
1015
1012
945
908
925
763
566
514
368
113
-55
-99
-272
-469
-511
-522
-571
-562
-460
-358
-252
-95
44
153
280
359
383
409
441
377
249
190
131
26
-78
-106
-119
-167
-147
-87
-21
19
71
102
129
134
122
93
73
24
-84
-148
-194
-214
-274
-261
-198
-172
-111
-17
115
166
216
320
341
348
329
294
240
125
52
-60
-172
-208
-273
-307
-299
-241
-206
-179
-41
59
100
151
226
244
210
206
187
113
33
3
-50
-113
-124
-131
-141
-142
-148
-140
-153
-148
-163
-226
-298
-408
-561
-705
-833
-990
-1156
-1304
-1323
-1352
-1427
-1405
-1265
-1077
-1011
-770
-409
-227
-84
142
474
545
559
751
822
763
750
814
799
716
761
810
789
860
910
914
920
978
970
868
861
777
594
425
309
133
-101
-233
-318
-430
-481
-462
-407
-350
-262
-145
-79
34
125
174
204
208
180
60
-38
-123
-226
-340
-422
-457
-486
-488
-419
-317
-214
-103
27
156
257
351
409
449
433
394
336
282
270
213
168
149
161
181
209
290
339
368
399
399
411
357
280
186
56
-71
-220
-340
-442
-537
-612
-655
-634
-617
-566
-464
-366
-277
-181
-56
42
102
152
183
189
199
184
147
107
80
54
34
51
66
62
62
67
44
-20
-97
-179
-320
-493
-664
-862
-1074
-1257
-1428
-1534
-1603
-1650
-1654
-1523
-1337
-1245
-1016
-702
-461
-269
-6
319
438
512
698
800
800
838
948
975
950
1023
1071
1079
1147
1204
1208
1190
1224
1193
1101
1074
958
761
585
442
232
-7
-163
-276
-390
-464
-474
-440
-415
-355
-269
-203
-116
-73
-39
-25
-1
-25
-104
-142
-183
-230
-278
-279
-251
-228
-190
-93
33
136
246
378
478
542
621
677
663
641
614
547
468
426
364
283
226
219
189
155
176
166
145
122
128
88
5
-35
-111
-212
-291
-369
-457
-544
-585
-613
-633
-583
-530
-477
-384
-265
-177
-86
22
119
169
221
287
299
277
252
236
178
132
107
71
18
-35
-75
-132
-197
-265
-363
-476
-599
-738
-889
-1027
-1169
-1342
-1489
-1625
-1671
-1690
-1738
-1696
-1578
-1422
-1314
-1074
-732
-504
-283
8
351
515
631
858
997
1025
1083
1196
1244
1247
1307
1345
1339
1376
1388
1359
1335
1334
1254
1116
1026
895
676
497
356
183
-25
-177
-279
-395
-478
-521
-506
-480
-428
-371
-302
-206
-145
-85
-29
44
60
24
37
50
35
9
3
29
56
91
159
245
322
364
418
483
531
567
562
551
521
448
370
299
254
169
82
62
44
2
-70
-75
-76
-140
-134
-119
-125
-166
-173
-182
-240
-275
-336
-382
-393
-405
-432
-454
-432
-412
-428
-380
-289
-233
-182
-83
12
45
93
152
178
173
154
138
104
73
21
-44
-88
-148
-231
-315
-369
-417
-518
-620
-696
-820
-939
-1042
-1135
-1242
-1339
-1444
-1509
-1483
-1504
-1508
-1422
-1232
-1092
-959
-651
-367
-203
18
354
592
689
889
1114
1163
1207
1311
1366
1322
1328
1367
1313
1288
1285
1222
1129
1106
1090
973
879
817
671
494
379
263
78
-81
-170
-252
-343
-394
-401
-397
-379
-319
-255
-192
-127
-68
-8
44
99
99
86
91
86
68
34
58
60
26
38
77
97
98
144
212
248
288
317
309
314
306
299
241
211
161
71
25
-5
-28
-97
-79
-41
-55
-44
0
18
-5
10
18
-8
-36
-48
-98
-158
-183
-213
-270
-294
-279
-287
-277
-209
-146
-116
-68
-8
37
56
72
84
88
62
43
16
-35
-77
-114
-149
-194
-236
-305
-366
-433
-501
-575
-673
-752
-833
-903
-992
-1108
-1182
-1274
-1347
-1400
-1418
-1366
-1364
-1313
-1161
-980
-844
-675
-353
-95
94
326
606
786
849
1012
1159
1188
1201
1246
1273
1252
1246
1258
1208
1197
1178
1120
1084
1060
999
874
831
775
649
524
432
325
168
64
-15
-124
-201
-247
-259
-251
-221
-172
-159
-109
-35
-5
22
67
106
78
50
40
-1
-58
-92
-97
-101
-109
-98
-63
-29
14
45
83
128
147
144
132
142
132
99
68
50
13
-35
-36
-44
-59
-92
-85
-85
-106
-92
-86
-90
-116
-121
-140
-192
-234
-282
-348
-397
-443
-474
-512
-516
-501
-498
-459
-417
-354
-307
-234
-156
-112
-62
-32
-9
-18
-20
-12
-18
-24
-39
-73
-98
-119
-143
-168
-204
-229
-283
-323
-351
-412
-495
-573
-631
-716
-805
-868
-939
-1000
-1026
-989
-958
-930
-848
-718
-577
-451
-234
-3
160
337
539
737
838
925
1053
1123
1145
1197
1249
1273
1269
1295
1315
1299
1314
1291
1265
1222
1191
1122
1001
916
806
651
503
383
228
51
-73
-172
-286
-367
-416
-445
-471
-481
-486
-482
-460
-442
-436
-420
-395
-400
-416
-417
-408
-416
-426
-401
-374
-348
-314
-258
-193
-129
-69
-16
52
102
119
126
158
181
163
159
177
154
117
98
110
105
84
111
115
117
103
80
62
28
10
-30
-73
-95
-148
-200
-232
-259
-284
-324
-325
-303
-287
-262
-207
-153
-109
-62
-7
34
63
91
109
122
117
116
115
105
108
109
115
123
110
83
51
23
-23
-71
-117
-174
-252
-351
-439
-530
-640
-735
-817
-876
-944
-990
-990
-961
-913
-868
-765
-638
-507
-373
-188
-1
159
298
460
629
719
821
919
1015
1080
1144
1222
1278
1303
1321
1330
1324
1302
1238
1165
1094
1010
890
760
637
490
323
166
40
-103
-251
-364
-452
-529
-595
-642
-666
-671
-656
-645
-621
-589
-581
-562
-545
-514
-489
-471
-439
-406
-354
-320
-275
-214
-166
-118
-55
6
62
102
139
190
204
208
214
214
208
200
204
184
162
157
141
126
113
100
78
59
51
13
-33
-75
-124
-187
-244
-284
-325
-366
-389
-412
-419
-400
-371
-320
-275
-210
-145
-89
-33
19
59
95
139
159
175
189
214
241
257
281
292
297
308
312
302
281
258
230
196
142
85
8
-80
-165
-273
-370
-461
-549
-631
-709
-763
-805
-829
-838
-822
-764
-716
-659
-574
-473
-380
-288
-151
-9
105
213
367
505
592
693
801
888
942
996
1031
1043
1031
1016
986
923
860
774
673
560
436
279
137
8
-108
-220
-327
-413
-504
-591
-648
-681
-726
-756
-770
-767
-773
-769
-734
-693
-649
-603
-531
-454
-377
-296
-220
-130
-40
40
117
191
255
300
347
394
425
438
450
465
456
445
436
441
436
443
453
451
445
429
417
380
345
313
261
189
126
73
14
-36
-71
-106
-144
-168
-191
-199
-198
-181
-170
-147
-117
-107
-94
-76
-57
-58
-69
-67
-59
-82
-83
-76
-72
-50
-22
15
45
76
108
125
122
121
105
69
41
-3
-82
-159
-238
-331
-424
-504
-565
-622
-668
-705
-739
-759
-780
-791
-780
-764
-741
-696
-652
-613
-570
-497
-411
-332
-220
-96
21
149
297
441
564
697
836
930
988
1032
1066
1065
1048
1033
990
918
838
749
655
545
447
356
244
160
80
-22
-113
-189
-249
-327
-387
-412
-446
-480
-499
-492
-475
-459
-425
-378
-328
-270
-214
-165
-106
-42
17
80
123
168
190
208
229
239
237
239
251
243
236
238
234
235
247
253
240
242
244
223
192
178
173
148
137
122
91
60
27
5
-38
-72
-95
-131
-154
-164
-182
-206
-217
-220
-220
-228
-233
-235
-228
-224
-207
-185
-168
-143
-131
-102
-72
-34
1
18
50
74
81
85
91
91
81
73
72
57
31
2
-22
-61
-110
-154
-210
-255
-306
-337
-375
-424
-444
-458
-479
-495
-506
-508
-515
-516
-507
-479
-446
-430
-391
-341
-290
-238
-163
-57
20
109
226
326
411
482
580
644
678
736
740
735
727
704
663
601
552
489
418
356
296
233
170
110
52
-16
-68
-99
-150
-200
-234
-261
-293
-314
-318
-316
-322
-313
-287
-260
-243
-196
-152
-110
-69
-31
18
45
75
115
141
164
183
202
201
198
212
205
194
189
196
192
186
199
192
187
189
197
190
178
170
144
129
114
90
60
23
-12
-45
-81
-111
-144
-182
-203
-217
-244
-261
-295
-309
-318
-334
-324
-311
-309
-297
-276
-256
-229
-212
-178
-133
-91
-43
7
58
102
143
172
197
221
225
205
183
159
141
109
64
30
-5
-34
-82
-118
-161
-202
-240
-280
-319
-357
-398
-432
-454
-477
-505
-524
-531
-519
-498
-489
-446
-382
-324
-260
-160
-50
42
155
289
410
487
568
653
712
750
791
825
829
826
816
786
745
703
645
585
533
472
403
326
273
228
153
95
47
-18
-68
-123
-166
-213
-258
-293
-320
-340
-358
-358
-354
-338
-315
-300
-257
-216
-196
-173
-145
-108
-83
-76
-61
-39
-20
-2
21
39
55
69
98
125
129
155
169
189
211
221
230
228
232
226
219
195
166
145
110
70
41
2
-36
-62
-93
-123
-149
-166
-180
-193
-207
-212
-211
-204
-186
-151
-127
-77
-33
2
55
83
124
156
188
216
250
290
316
336
350
368
381
380
368
341
297
253
197
124
61
-12
-82
-152
-231
-302
-374
-439
-492
-560
-613
-647
-681
-706
-717
-715
-714
-697
-666
-636
-605
-548
-478
-413
-341
-246
-136
-35
74
191
299
379
459
543
596
607
629
642
644
624
586
552
495
454
379
308
249
199
152
88
38
-15
-64
-94
-126
-177
-221
-269
-287
-317
-347
-364
-378
-385
-372
-362
-345
-313
-279
-242
-208
-154
-114
-77
-32
15
41
60
97
134
149
163
190
219
251
276
291
317
352
363
380
373
370
369
347
332
306
267
230
186
138
83
20
-35
-82
-137
-184
-229
-251
-271
-304
-310
-304
-291
-273
-257
-234
-203
-171
-140
-103
-71
-36
2
51
93
129
160
195
222
238
251
260
267
246
228
216
183
140
94
43
-4
-64
-118
-183
-244
-310
-377
-427
-475
-522
-559
-581
-597
-601
-600
-581
-566
-546
-516
-489
-447
-410
-357
-292
-235
-158
-74
11
97
179
252
330
414
487
547
579
622
640
652
655
647
618
571
540
495
424
363
300
237
171
98
54
-7
-69
-114
-169
-224
-266
-304
-322
-343
-372
-384
-377
-366
-361
-350
-320
-292
-258
-223
-182
-126
-71
-17
31
82
128
180
239
283
316
335
369
400
410
432
454
465
467
468
464
442
417
399
384
358
321
296
265
219
167
124
90
62
11
-51
-87
-125
-165
-194
-213
-229
-240
-254
-249
-243
-248
-239
-213
-174
-132
-109
-80
-43
-17
3
28
63
70
72
78
91
103
105
100
97
90
67
29
0
-31
-76
-118
-160
-211
-273
-323
-359
-401
-449
-481
-500
-517
-534
-552
-548
-511
-498
-478
-443
-410
-375
-339
-292
-242
-188
-134
-87
-49
0
50
89
124
183
226
256
304
340
363
379
399
413
404
398
386
356
324
282
239
192
156
120
66
27
-7
-40
-71
-98
-121
-126
-141
-164
-177
-185
-169
-170
-169
-156
-149
-131
-101
-67
-36
8
47
95
139
196
247
302
352
364
391
432
466
469
482
498
513
504
493
490
479
459
426
392
359
316
268
221
171
112
45
3
-45
-105
-165
-221
-266
-313
-364
-405
-422
-443
-462
-477
-468
-456
-450
-439
-421
-391
-367
-334
-300
-250
-216
-181
-147
-127
-111
-90
-72
-63
-39
-39
-36
-36
-58
-94
-115
-120
-149
-182
-199
-222
-252
-278
-295
-306
-328
-341
-342
-340
-333
-316
-298
-269
-234
-204
-164
-115
-73
-34
14
62
105
138
169
202
241
274
306
337
359
395
408
427
457
470
469
459
453
444
431
405
376
337
294
248
208
159
118
79
35
3
-30
-52
-81
-107
-126
-154
-171
-191
-193
-205
-205
-203
-202
-185
-186
-170
-152
-133
-131
-108
-82
-54
-18
17
66
112
152
182
232
268
297
315
331
346
334
333
338
331
314
287
262
240
195
153
123
95
60
9
-33
-68
-111
-160
-203
-238
-270
-295
-314
-333
-336
-351
-354
-338
-335
-331
-320
-296
-274
-249
-226
-198
-185
-181
-171
-155
-134
-114
-96
-68
-39
-26
-20
-19
-16
-18
-25
-28
-36
-58
-90
-115
-137
-164
-183
-198
-204
-207
-210
-201
-176
-175
-160
-136
-113
-92
-64
-25
12
58
90
135
174
202
231
260
284
314
330
339
355
349
352
375
390
382
374
356
339
316
283
268
254
238
210
176
146
103
43
-8
-42
-73
-107
-131
-142
-150
-160
-176
-184
-190
-197
-196
-175
-156
-127
-110
-95
-75
-61
-47
-40
-25
-7
17
46
64
80
100
106
132
142
157
177
179
185
191
189
183
191
185
174
161
142
119
94
62
24
-5
-37
-76
-115
-152
-190
-241
-283
-314
-334
-354
-376
-389
-400
-409
-418
-428
-431
-426
-421
-406
-386
-366
-353
-340
-318
-298
-267
-239
-214
-177
-142
-104
-59
-25
10
48
79
110
128
150
167
181
196
212
224
229
224
224
231
230
223
206
211
219
233
246
267
276
283
280
275
281
289
299
311
324
336
345
345
337
320
301
289
290
282
277
275
262
231
209
186
162
149
133
114
104
80
44
15
-24
-55
-77
-118
-155
-179
-206
-220
-242
-266
-276
-292
-301
-317
-324
-331
-340
-348
-354
-341
-331
-317
-303
-287
-270
-253
-245
-216
-184
-146
-115
-79
-33
-8
20
38
77
94
103
137
177
207
226
237
245
252
233
217
225
220
201
175
140
104
65
29
-9
-45
-91
-136
-163
-178
-207
-216
-219
-243
-269
-276
-266
-266
-266
-265
-241
-224
-228
-214
-182
-144
-135
-110
-71
-45
-8
14
54
98
126
154
191
206
214
235
238
245
246
244
246
253
254
243
243
226
217
206
194
183
167
149
137
136
130
112
102
101
79
84
89
101
101
104
110
109
115
101
108
110
100
97
101
99
96
80
57
45
25
-1
-12
-27
-46
-59
-68
-81
-105
-136
-171
-193
-221
-254
-279
-294
-314
-342
-369
-384
-400
-419
-414
-396
-387
-381
-368
-337
-314
-294
-265
-250
-222
-191
-162
-110
-66
-34
-5
33
66
103
137
168
201
217
230
240
260
274
274
272
266
272
272
239
211
187
160
129
102
91
80
47
8
-13
-29
-52
-81
-98
-110
-124
-135
-148
-151
-159
-173
-173
-164
-148
-135
-118
-88
-55
-25
-7
8
27
45
57
81
118
144
164
181
199
220
222
224
234
239
236
237
232
235
230
214
203
185
173
156
140
132
129
111
105
101
75
61
51
53
54
41
33
27
16
18
12
7
0
-26
-34
-48
-55
-67
-75
-78
-86
-95
-116
-128
-151
-174
-185
-189
-197
-214
-215
-229
-249
-266
-288
-294
-305
-312
-320
-329
-324
-328
-330
-325
-319
-306
-300
-284
-265
-251
-233
-211
-178
-149
-123
-95
-64
-44
-12
23
59
99
133
176
211
238
262
284
306
319
324
346
364
370
377
381
370
360
342
326
310
288
281
266
244
221
188
162
142
125
99
75
65
41
30
23
16
9
4
-5
-6
-4
-13
-13
-6
-9
-21
-14
-17
-13
-12
-22
-20
-24
-27
-18
-8
-2
-4
-3
0
-4
-13
-13
-18
-24
-20
-20
-19
-36
-55
-66
-87
-97
-112
-123
-134
-132
-136
-146
-145
-155
-160
-176
-183
-184
-189
-187
-173
-162
-170
-182
-185
-182
-184
-184
-178
-172
-162
-151
-139
-123
-112
-101
-91
-79
-73
-64
-53
-40
-29
-32
-29
-24
-27
-10
-9
-9
-1
1
11
26
37
45
52
60
63
68
85
96
106
127
141
157
169
180
198
209
209
206
217
232
239
249
256
250
242
231
225
227
228
222
221
221
212
204
201
188
180
161
143
134
120
108
91
72
44
16
-12
-42
-60
-82
-97
-116
-130
-134
-158
-166
-182
-199
-200
-208
-211
-215
-211
-204
-196
-202
-195
-186
-187
-178
-176
-167
-153
-136
-119
-105
-88
-77
-69
-51
-44
-38
-29
-10
6
20
35
36
42
38
28
25
29
23
29
44
40
33
27
28
23
14
5
-3
-5
-12
-17
-15
-17
-23
-31
-34
-41
-50
-44
-39
-37
-38
-36
-22
-22
-27
-36
-44
-51
-53
-52
-40
-15
-5
-3
5
12
11
16
17
31
35
39
52
58
67
65
64
61
49
46
49
58
64
68
70
75
74
71
74
81
72
72
75
80
94
97
103
105
101
92
92
93
94
90
92
100
105
104
96
88
68
54
46
44
49
45
44
35
23
2
-14
-27
-42
-53
-69
-78
-87
-92
-110
-127
-147
-160
-175
-193
-203
-209
-214
-213
-212
-209
-203
-199
-187
-182
-166
-149
-135
-115
-98
-76
-57
-40
-25
-14
-6
5
11
16
37
47
61
70
84
85
86
89
86
93
97
106
109
104
98
93
83
76
60
47
44
35
33
27
22
19
1
-14
-20
-32
-37
-45
-44
-46
-45
-43
-39
-36
-36
-28
-28
-19
-13
-4
8
16
29
36
44
47
45
45
49
66
71
74
82
86
89
81
75
75
77
74
65
61
55
48
38
31
25
16
4
-14
-18
-22
-27
-33
-39
-41
-48
-41
-39
-34
-29
-23
-17
-15
-6
-8
-4
1
3
-3
-14
-12
-15
-24
-29
-29
-36
-40
-50
-55
-51
-57
-63
-66
-65
-61
-64
-68
-64
-62
-66
-73
-72
-69
-67
-71
-66
-56
-54
-48
-41
-31
-22
-16
-10
-2
13
17
29
40
54
64
78
94
105
118
120
129
142
154
159
165
171
170
167
159
154
144
135
122
107
99
87
76
63
49
31
12
-2
-14
-26
-39
-51
-69
-76
-87
-93
-98
-99
-98
-111
-114
-107
-103
-98
-98
-96
-88
-81
-75
-62
-52
-50
-47
-43
-31
-29
-28
-24
-30
-33
-37
-37
-34
-26
-28
-31
-27
-29
-33
-35
-34
-38
-40
-43
-39
-36
-39
-43
-43
-43
-43
-45
-46
-38
-36
-32
-29
-18
-10
-4
4
13
23
30
41
44
53
54
58
64
65
67
71
75
75
72
67
61
59
52
47
38
34
28
20
14
4
-9
-19
-29
-37
-44
-52
-58
-60
-61
-62
-62
-60
-55
-51
-49
-43
-40
-37
-32
-27
-23
-15
-9
0
6
11
16
21
29
33
34
38
42
45
48
48
46
39
35
32
30
29
21
13
7
2
-2
-5
-11
-13
-15
-19
-17
-17
-17
-15
-16
-14
-13
-12
-5
2
7
9
12
16
21
29
33
39
45
49
54
61
70
77
81
79
78
80
77
82
80
79
72
65
61
58
51
44
35
22
8
-4
-12
-19
-27
-38
-50
-60
-66
-74
