6
-9
9
10
6
0
5
17
-13
5
9
-1
0
-3
29
-13
-2
33
-9
-16
31
-2
-13
6
16
-1
-34
37
-3
-37
16
26
-37
-10
47
-30
-21
28
3
-29
1
37
-33
-32
63
-33
-41
55
-12
-37
9
24
-35
-25
37
-9
-52
27
20
-51
-4
46
-38
-9
27
-16
5
-14
22
-14
2
10
-4
-9
30
-18
-22
60
-43
-9
35
-5
-32
25
11
-27
10
14
-10
-1
8
9
-7
-9
53
-54
23
48
-76
63
-29
3
12
-47
57
-27
-30
42
-5
-22
2
25
-11
-29
41
-24
14
-15
15
13
-31
43
-28
27
-10
9
1
6
10
-26
54
-63
56
-8
-64
107
-68
-22
67
-26
-34
32
16
-24
-12
8
69
-128
85
24
-86
56
-5
-6
-20
47
-62
75
-50
-6
80
-89
51
3
1
-14
8
36
-29
-19
65
-1
-92
107
7
-109
90
15
-56
-6
60
-28
-30
13
64
-69
-18
108
-94
25
20
-9
-1
-3
8
11
8
-53
93
-49
-50
130
-132
78
-12
-54
118
-169
144
-53
-75
124
-86
-12
66
-56
2
14
7
-44
34
9
-68
99
-117
121
-120
72
10
-104
125
-94
34
-11
6
-19
17
-19
12
17
-58
83
-48
-29
80
-79
53
-39
20
49
-144
178
-109
-12
60
-21
-24
-18
101
-125
64
-2
0
-14
-30
98
-80
-40
148
-130
21
43
-30
11
-62
112
-87
3
23
20
-44
-34
127
-111
8
59
-20
-16
-15
63
-19
-66
52
50
-96
-20
139
-111
-50
119
-48
-35
-22
122
-110
-45
156
-122
12
9
56
-77
-48
213
-230
52
142
-181
98
-64
102
-85
-68
210
-183
24
75
-30
-37
5
104
-156
94
5
-64
58
-65
128
-189
145
30
-191
214
-114
54
-75
75
19
-137
139
-52
-13
21
-46
115
-147
78
69
-193
233
-165
42
47
-51
29
-46
97
-91
52
-42
93
-68
-64
206
-171
6
154
-158
51
93
-163
137
-44
-15
16
3
24
-29
-11
37
67
-189
154
71
-227
174
-3
-71
92
-132
178
-71
-121
201
-61
-101
116
11
-107
125
-119
115
-36
-124
253
-214
34
135
-163
88
-10
-27
57
-112
132
-101
46
-25
19
8
-64
128
-181
188
-104
-67
190
-156
15
38
46
-130
82
36
-93
108
-174
253
-208
0
204
-247
129
-1
-39
20
-4
24
-25
-24
76
-37
-97
164
-52
-150
216
-78
-63
49
73
-71
-63
180
-135
38
-29
124
-152
54
75
-81
-4
19
97
-215
191
-66
0
-40
55
55
-195
207
-76
-35
29
49
-62
-20
107
-105
29
20
38
-135
143
-24
-102
125
-85
70
-83
30
49
-58
-60
152
-131
43
-25
32
40
-203
299
-235
88
-8
18
-24
-41
118
-102
10
31
61
-184
173
-7
-172
217
-187
162
-141
2
206
-329
238
-67
9
-77
86
46
-191
164
-39
12
-144
216
-65
-152
155
57
-167
17
162
-76
-140
131
168
-383
259
-6
-30
-98
64
184
-337
167
104
-188
47
73
-85
36
-26
28
-8
-63
151
-172
40
162
-235
88
77
-61
-104
169
-67
-74
109
-83
67
-106
118
-79
-30
113
-113
19
33
9
-97
75
27
-102
78
-41
30
-1
-91
147
-87
-7
-1
73
-51
-100
199
-126
-6
44
6
-16
-47
110
-118
87
-39
-12
51
-58
60
-58
30
51
-96
62
24
-15
-40
73
10
-98
141
-118
102
-77
9
83
-97
13
82
-56
-56
148
-122
22
94
-180
205
-109
-72
224
-226
117
-3
-58
84
-74
8
67
-46
-102
226
-197
32
107
-168
187
-196
104
109
-269
210
3
-123
71
-15
52
-64
-25
91
20
-167
160
-7
-57
11
15
68
-98
17
86
-71
41
-76
104
24
-228
293
-157
-6
44
-17
82
-171
154
-6
-55
-35
148
-75
-89
146
-40
-34
-26
115
-74
-41
101
-38
-35
43
14
-32
-27
103
-80
-39
134
-106
33
-17
54
-16
-74
88
40
-155
110
45
-139
104
-18
-41
94
-135
87
74
-216
166
-7
-68
-8
49
37
-119
56
57
-20
-135
182
-14
-206
247
-109
-27
25
81
-146
94
27
-144
199
-184
113
-37
2
18
-52
98
-82
29
-3
55
-80
49
14
-31
59
-122
140
-26
-133
159
-20
-93
43
100
-127
19
93
-101
65
-89
95
1
-178
221
-108
-28
23
30
-31
-45
74
-86
78
-68
-28
104
-112
20
13
-24
36
-86
37
55
-80
-36
140
-106
-28
129
-146
123
-78
-10
113
-154
72
50
-96
38
10
30
-58
-46
209
-185
-30
209
-135
-14
50
79
-128
63
28
-13
5
-82
219
-198
30
153
-163
70
0
9
25
-122
161
-20
-195
281
-191
66
-66
106
-64
-103
212
-173
69
-53
105
-124
54
-8
16
-22
-54
116
-93
-5
38
13
-140
248
-310
230
-48
-164
258
-265
268
-325
312
-162
-50
168
-165
148
-205
274
-251
114
43
-125
86
-1
-45
-17
122
-177
138
-70
54
-102
162
-120
-17
188
-237
192
-133
153
-142
26
131
-117
-45
124
37
-227
189
21
-57
-104
151
112
-307
124
234
-221
-150
388
-173
-136
173
14
-15
-199
330
-188
-38
86
10
-41
-70
195
-179
75
-17
65
-111
77
22
-78
62
-7
-9
8
-27
67
-91
74
2
-112
170
-97
-11
-23
234
-334
150
161
-208
-11
165
-24
-161
114
94
-111
-147
390
-330
65
84
5
-124
41
173
-263
129
14
55
-262
326
-140
-94
171
-136
148
-217
179
5
-174
182
-104
68
-83
30
110
-229
189
-8
-131
95
73
-183
127
3
-37
-4
-24
144
-165
-35
274
-269
-2
282
-365
272
-141
47
36
-101
178
-244
276
-202
74
15
-57
156
-301
329
-146
-97
198
-175
164
-195
108
73
-173
69
44
14
-161
180
-37
-95
133
-104
69
5
-91
163
-186
173
-73
-110
233
-160
9
-5
142
-179
28
149
-188
171
-200
208
-57
-189
320
-226
48
37
-12
-8
-29
41
8
-78
56
2
29
-177
258
-120
-160
320
-305
191
-144
91
36
-263
366
-266
57
3
41
-38
-152
309
-287
95
33
-91
130
-174
104
20
-78
40
-46
103
-140
116
-85
33
67
-176
167
-73
-9
3
11
18
-25
-30
90
-15
-156
268
-172
-46
165
-59
-98
119
-16
-21
-30
67
-19
-22
0
26
39
-158
176
3
-256
409
-351
151
62
-200
287
-348
357
-234
47
83
-85
73
-102
151
-115
43
-31
103
-108
-12
131
-119
68
-66
43
94
-208
69
272
-464
285
60
-266
294
-285
223
-29
-181
187
-6
-133
76
79
-194
207
-171
92
5
-97
115
-41
-58
77
2
-104
106
-15
-67
96
-105
90
3
-149
221
-143
25
22
9
24
-94
103
7
-50
-24
109
-2
-137
169
-68
23
-9
-48
185
-274
248
-146
54
21
-39
66
-89
94
39
-169
123
162
-317
216
32
-89
2
22
76
-85
-45
195
-142
-51
140
-32
-84
79
-18
17
-7
-91
182
-135
12
19
55
-87
16
69
-118
134
-140
127
-95
31
89
-251
336
-249
136
-103
90
65
-278
368
-310
295
-341
168
254
-511
358
-46
-37
-64
11
175
-160
-130
374
-271
11
81
14
-16
-135
292
-257
130
-102
178
-240
175
40
-236
379
-492
511
-418
265
-27
-225
403
-379
213
-197
305
-253
-62
362
-412
302
-268
186
15
-277
377
-272
53
90
-137
77
33
-93
11
73
-104
-10
134
-174
157
-134
-4
242
-427
340
-28
-228
171
32
-118
48
-48
147
-95
-214
433
-282
-87
283
-206
101
-84
58
13
-112
179
-211
279
-202
-64
244
-163
21
-109
386
-453
193
57
-132
165
-337
567
-549
173
265
-466
379
-286
247
-78
-184
287
-156
-56
79
44
-126
111
-17
-106
183
-217
251
-260
133
126
-369
425
-243
38
54
-139
292
-471
430
-115
-267
462
-344
83
77
-14
-119
92
46
-62
-9
-43
319
-433
178
223
-264
-52
189
59
-213
48
82
199
-471
106
516
-506
-169
672
-401
-151
261
49
-169
-209
584
-424
-123
466
-342
41
-51
286
-317
-130
690
-782
271
304
-429
197
9
-53
65
-104
115
-49
-88
192
-176
43
112
-121
27
-4
36
-31
-10
40
23
-61
-36
224
-259
82
124
-170
114
-132
306
-343
72
325
-415
86
297
-350
31
332
-413
157
208
-325
128
-90
383
-556
129
582
-775
345
41
96
-386
210
295
-608
430
-3
-267
379
-440
468
-398
116
305
-705
845
-581
203
60
-209
395
-629
661
-384
51
116
-98
150
-318
478
-419
175
9
-118
312
-409
334
-3
-218
133
15
-18
17
-176
424
-320
-83
372
-260
-29
60
171
-264
102
149
-216
122
-50
77
1
-220
378
-355
154
84
-175
165
-68
-11
-42
58
45
-209
212
3
-195
140
79
-210
19
238
-243
3
130
64
-339
296
30
-252
116
85
-91
-170
359
-275
77
-26
67
-117
37
35
-122
168
-193
150
-92
94
-162
114
9
-190
303
-297
223
-130
-19
141
-204
143
-41
-8
-53
103
-96
36
15
-43
61
-65
5
18
-67
83
5
-185
331
-272
40
66
-24
68
-205
296
-177
31
17
48
47
-160
128
11
-13
-95
204
-32
-127
146
-80
86
-82
4
168
-212
94
88
-176
100
27
-52
-21
65
-74
25
-22
10
67
-79
31
-9
-53
9
26
-48
62
-28
-58
91
-77
-39
86
-116
8
60
-100
60
-13
-50
-27
-26
-5
-47
30
-24
32
-31
-70
81
-87
-13
44
54
-63
29
76
-62
90
-83
109
26
-115
150
37
-18
19
109
-62
-24
118
-9
-9
86
24
-81
82
39
-98
43
72
-71
-76
90
41
-182
104
29
-151
18
-15
-42
-63
41
34
-104
-40
82
-115
-83
155
-56
-97
53
-6
-56
-28
91
-12
-136
94
-33
-78
71
32
-49
-42
46
-64
-58
111
-12
-22
11
75
-106
6
128
-70
63
42
33
-52
25
61
-52
38
67
-48
17
34
-56
-8
6
-23
20
3
27
21
-47
15
-16
36
2
76
44
33
14
24
68
-40
97
66
19
89
6
77
11
23
75
-5
54
-20
45
35
3
37
29
-29
-30
14
14
16
43
25
1
-33
4
-26
-50
76
-77
9
-34
4
-114
-76
-5
-154
-73
-94
-34
-130
-119
-27
-154
-128
-122
-88
-60
-155
15
-67
-124
-29
-70
-71
-32
7
-58
9
68
-33
29
54
5
-3
71
91
31
127
75
48
75
71
38
105
84
60
101
89
45
34
79
30
46
28
67
28
-7
74
21
16
54
-20
52
22
42
67
45
97
12
83
78
58
65
94
85
72
118
67
50
54
4
28
21
41
2
-12
-41
-48
-105
-113
-42
-161
-120
-76
-154
-178
-178
-181
-158
-203
-80
-182
-112
-99
-138
-58
-90
-15
-98
-4
-16
-7
8
-19
3
-85
-20
-80
-80
-34
-74
-92
-101
-143
-186
-198
-198
-207
-191
-204
-205
-265
-227
-253
-281
-145
-191
-185
-40
-105
-66
-37
32
198
275
361
486
540
491
529
694
678
630
674
693
632
482
587
452
353
271
209
202
29
-29
-86
-165
-237
-268
-274
-227
-331
-320
-243
-202
-198
-186
-31
-18
-31
119
222
230
227
311
332
251
297
279
251
235
185
139
69
10
-95
-166
-142
-285
-345
-354
-374
-502
-474
-458
-506
-509
-516
-347
-421
-308
-286
-220
-147
-87
38
3
96
32
27
163
135
113
83
57
24
-67
-22
-104
-181
-152
-228
-160
-265
-298
-368
-391
-357
-289
-193
-237
-251
-424
-452
-523
-584
-601
-689
-688
-804
-749
-759
-737
-734
-639
-518
-356
-112
88
308
605
933
1160
1382
1430
1478
1552
1630
1846
1779
1684
1441
1095
855
689
547
325
123
-93
-294
-526
-632
-822
-995
-1070
-993
-873
-766
-558
-535
-446
-324
-152
65
325
571
760
966
1088
1159
1173
1174
1135
1156
1157
1044
916
749
545
364
190
77
-134
-253
-345
-497
-522
-591
-608
-648
-607
-498
-469
-361
-254
-185
-102
-21
69
38
82
21
-8
-11
-99
-154
-279
-448
-529
-610
-765
-903
-985
-1113
-1277
-1374
-1454
-1525
-1629
-1618
-1679
-1741
-1777
-1820
-1812
-1770
-1558
-1400
-898
156
1292
1839
1643
1513
1423
1263
1868
3084
3626
2866
1959
1549
1011
492
680
720
241
-422
-652
-662
-1208
-1860
-2444
-2624
-2473
-1840
-923
-450
-583
-961
-999
-476
162
804
1470
1907
2045
2272
2506
2445
2033
1696
1525
1490
1597
1365
941
286
-420
-824
-907
-1002
-1094
-1303
-1429
-1421
-1405
-1218
-1190
-985
-668
-199
373
787
1329
1516
1644
1847
1919
1930
1792
1740
1753
1633
1336
957
343
-83
-473
-617
-675
-897
-1019
-1280
-1293
-1299
-1244
-1175
-991
-814
-533
-177
-20
47
-17
73
130
408
587
571
510
249
121
-76
-226
-456
-693
-829
-968
-1113
-1319
-1612
-1922
-2140
-2230
-2110
-2277
-2405
-2477
-2591
-2746
-2708
-2631
-2067
78
2567
3265
1978
1629
1210
308
1822
4998
5879
3433
1507
1062
167
-480
438
754
-205
-1546
-1408
-876
-1756
-2917
-4160
-4081
-3317
-1534
383
783
-29
-1403
-1328
-204
1233
2153
2728
2793
2557
2832
2944
2983
2035
1393
1061
1271
1735
1413
841
-425
-1075
-1208
-916
-617
-632
-772
-962
-793
-543
-250
-341
-376
-298
193
937
1348
1617
1241
996
751
806
1016
1023
1001
756
559
344
323
210
66
-24
101
-73
-259
-172
-387
-481
-480
-386
-353
-497
-406
-294
-280
-98
-145
-4
43
144
314
342
422
215
85
19
-93
-178
-336
-535
-669
-899
-887
-851
-994
-1039
-1128
-1006
-861
-760
-621
-706
-853
-1059
-1164
-1175
-1408
-1486
-1671
-1878
-1965
-2144
-2468
-2882
-3010
-2830
-950
2150
3991
2670
1303
963
12
814
4063
6629
4815
1729
541
-7
-852
-401
586
293
-876
-1308
-726
-1329
-2425
-3858
-4014
-2827
-1224
771
1311
788
-595
-988
155
1469
2400
2694
2853
2615
2853
3017
2773
1792
719
317
380
1112
969
408
-936
-1973
-2078
-1780
-1039
-811
-562
-658
-451
-45
250
401
357
567
786
1419
1712
1628
1177
650
262
36
231
105
47
-126
-197
-312
-193
171
98
-99
-115
183
195
459
652
428
58
-336
-305
-227
-42
-14
-188
-390
-685
-825
-791
-631
-559
-437
-152
13
-89
-303
-495
-693
-700
-538
-315
-280
-396
-540
-698
-736
-784
-747
-647
-451
-234
-158
-152
-535
-922
-1261
-1375
-1283
-1241
-1336
-1750
-2161
-2674
-3007
-2947
-2668
-2483
-707
2207
4111
3106
1674
1521
714
1382
4162
6723
5471
2173
442
-397
-1038
-654
179
186
-938
-1866
-1868
-2323
-2742
-3467
-3262
-2267
-1110
591
1330
1501
858
560
995
1408
2072
2665
3129
3004
2868
2447
1567
493
48
242
353
577
176
-299
-1178
-1542
-1175
-736
-329
-436
-251
-71
365
671
684
618
438
440
565
992
1081
867
285
-142
-396
-495
-283
-343
-168
-363
-318
-104
182
454
330
473
258
375
546
577
457
107
-297
-708
-732
-588
-441
-586
-565
-822
-950
-922
-667
-313
-193
269
389
550
416
206
-37
-273
-181
-100
5
-153
-403
-734
-845
-942
-1040
-959
-780
-551
-456
-311
-410
-639
-1054
-1365
-1290
-1195
-1136
-1311
-1542
-2112
-2633
-2816
-2746
-2414
-2442
-1006
1754
3926
3407
1903
1590
708
887
3456
6217
5803
2767
679
-380
-1156
-704
12
143
-839
-2006
-2182
-2382
-2276
-2831
-2958
-2510
-1790
-108
1210
2066
1656
1122
1020
1197
1784
2624
3398
3282
2939
2229
1481
637
224
90
-262
-216
-494
-512
-780
-905
-812
-803
-693
-826
-380
147
829
1128
1004
699
361
262
324
612
585
446
-9
-244
-413
-476
-488
-707
-635
-552
-248
130
647
805
407
189
196
253
302
491
224
-121
-500
-797
-730
-700
-471
-632
-589
-545
-625
-451
-312
-12
-46
278
538
589
548
235
-56
-366
-419
-417
-283
-333
-516
-627
-607
-615
-753
-711
-568
-359
-278
-135
-119
-424
-803
-1192
-1287
-1339
-1454
-1751
-2038
-2280
-2499
-2654
-2662
-2564
-2357
-568
2194
4027
3313
2126
1525
638
1621
4127
6082
4983
2487
775
-526
-796
-180
279
-346
-1521
-2180
-2346
-2334
-2185
-2597
-2875
-2898
-2056
-146
1412
2066
1568
1184
993
1005
1685
2670
3263
2983
2528
1998
1498
953
516
-54
-575
-804
-819
-338
-234
-214
-480
-771
-1002
-1048
-407
264
914
1029
829
514
330
252
129
67
-51
-125
-187
7
63
-84
-451
-635
-508
-95
501
748
798
589
385
232
276
414
135
-140
-358
-340
-286
-336
-400
-617
-672
-708
-568
-407
-292
-195
-49
99
185
319
371
371
179
50
-178
-296
-333
-250
-172
-340
-500
-615
-569
-644
-687
-675
-620
-704
-780
-691
-712
-835
-1249
-1643
-1934
-2125
-2184
-2160
-2035
-2248
-2552
-2643
-2555
-1251
1372
3755
3997
2795
2096
1253
1249
3004
4966
5105
3199
1341
-89
-769
-319
-46
-433
-1352
-2056
-2362
-2450
-1925
-1948
-2408
-2892
-2616
-912
935
2083
2039
1691
1380
1287
1749
2548
3049
2900
2629
2197
1963
1800
1526
509
-832
-1504
-1771
-1324
-800
-355
-327
-686
-1067
-1341
-931
-429
10
319
717
1032
1144
1097
793
302
-296
-258
77
534
601
486
118
-517
-673
-593
-223
2
217
264
316
428
298
22
-224
-274
-423
-340
-129
35
-100
-233
-400
-609
-552
-537
-382
-358
-198
-30
143
223
106
111
29
32
-163
-281
-324
-407
-450
-411
-330
-490
-634
-770
-742
-648
-614
-672
-710
-795
-966
-1028
-1074
-1201
-1472
-1797
-2002
-2093
-2053
-2029
-2122
-2214
-2149
-607
1934
3608
3317
2480
2120
1415
1764
3504
5000
4320
2444
1019
41
-251
2
-57
-755
-1651
-2208
-2377
-2343
-2114
-2332
-2784
-3292
-2773
-1076
584
1400
1335
1316
1258
1488
2022
2811
3129
2822
2475
2283
2518
2540
2256
1182
-42
-1010
-1443
-1214
-1011
-703
-707
-731
-940
-914
-624
-456
-405
-502
-213
349
1236
1660
1581
1018
455
90
-80
306
562
646
275
100
-45
-147
-210
-441
-402
-317
75
325
424
227
-90
-309
-454
-413
-403
-257
-160
-65
-65
-72
-189
-502
-756
-846
-592
-367
-117
92
263
232
6
-195
-391
-516
-661
-569
-404
-283
-264
-218
-255
-583
-851
-908
-815
-822
-834
-785
-819
-832
-1094
-1382
-1787
-2125
-2336
-2402
-2231
-2241
-2111
-2254
-1397
657
2685
3033
2228
2048
1676
1769
2893
4583
4819
3177
1506
507
157
353
338
-241
-1229
-1983
-2088
-2131
-1880
-2238
-2819
-3589
-3640
-2137
-479
698
732
769
785
1049
1655
2407
3024
2921
2820
2725
3066
3166
3157
2405
1138
69
-624
-430
-610
-621
-913
-1088
-1435
-1568
-1046
-785
-569
-790
-667
-647
-104
612
1351
1640
1442
1342
999
1098
1010
1203
895
533
309
188
430
211
45
-483
-754
-868
-789
-520
-393
-327
-594
-664
-567
-362
-355
-439
-480
-346
-97
39
167
4
-210
-449
-455
-285
-53
163
124
114
-62
-226
-402
-573
-714
-856
-842
-702
-474
-398
-424
-669
-945
-1197
-1275
-1289
-1272
-1088
-1063
-1223
-1510
-1765
-1974
-2235
-2311
-2293
-2040
-521
1634
3099
2845
2306
2090
1500
1612
2575
3841
3556
2362
1691
1339
1133
665
89
-763
-1615
-1816
-1730
-1605
-1517
-1805
-2444
-3416
-3418
-2407
-1374
-778
-433
147
455
798
1273
1879
2173
2207
2295
2546
3097
3536
3637
2845
1869
943
425
93
-185
-152
-326
-639
-1319
-1419
-1346
-1448
-1708
-1780
-1336
-838
-152
157
426
578
960
1366
1650
1945
1911
1786
1344
1213
1064
934
685
314
33
-313
-467
-816
-1044
-1306
-1409
-1462
-1402
-1041
-737
-536
-554
-451
-346
-206
-129
41
256
357
432
440
477
316
129
-134
-286
-266
-169
-58
-174
-367
-625
-754
-874
-936
-989
-1037
-1023
-1061
-1017
-1033
-1004
-1085
-1312
-1511
-1633
-1543
-1595
-1631
-1669
-1739
-1786
-1872
-943
753
2234
2436
2107
2118
1829
1724
2257
3119
2946
1739
1015
937
1082
1198
1028
363
-886
-1678
-1792
-1720
-1543
-1599
-1772
-2474
-2597
-1854
-1113
-913
-1160
-899
-503
112
850
1729
2194
2002
1774
1912
2530
3003
3328
3047
2561
1951
1560
1238
746
520
132
-106
-589
-669
-654
-869
-1248
-1840
-2050
-2145
-1604
-978
-433
-27
376
730
867
1221
1519
1653
1475
1572
1715
1789
1711
1421
988
329
-7
-277
-472
-867
-1222
-1500
-1856
-1832
-1689
-1415
-1416
-1287
-924
-581
-307
-243
-100
-1
186
331
488
661
731
649
402
203
-31
-246
-523
-571
-480
-419
-430
-570
-697
-943
-1082
-1226
-1308
-1370
-1390
-1374
-1340
-1222
-1241
-1409
-1669
-1817
-1929
-1928
-1900
-1747
-1580
-926
527
1946
2508
2176
2107
1972
1765
2053
2832
3103
2156
1427
1353
1443
1270
949
481
-344
-891
-943
-1049
-1208
-1422
-1715
-2354
-2651
-1911
-1156
-870
-1020
-806
-473
-225
260
792
1279
1356
1579
1911
2393
2813
3046
2879
2376
2045
1750
1580
1195
1097
886
570
216
-85
-142
-475
-756
-1340
-1664
-1823
-1750
-1633
-1567
-1161
-721
-154
181
681
1022
1214
1231
1230
1367
1449
1690
1664
1633
1427
1268
910
329
-238
-832
-1231
-1668
-1778
-1753
-1661
-1674
-1599
-1306
-1068
-895
-858
-711
-558
-317
-99
128
346
515
639
633
654
523
282
-128
-420
-539
-493
-335
-262
-177
-273
-406
-659
-896
-1088
-1251
-1367
-1426
-1340
-1325
-1277
-1387
-1492
-1743
-1933
-2040
-2128
-1993
-1934
-1213
106
1480
1984
1898
2084
2078
1862
1897
2436
2505
1756
1338
1569
1716
1624
1403
982
150
-506
-601
-848
-1087
-1362
-1618
-2253
-2544
-1897
-1408
-1282
-1422
-1059
-685
-374
59
419
687
733
1080
1514
2160
2737
3148
3064
2742
2541
2276
2010
1552
1426
1218
1077
921
798
635
97
-385
-1028
-1383
-1727
-1901
-2044
-2067
-1694
-1299
-738
-430
21
336
594
761
912
1185
1270
1439
1528
1830
1991
2027
1773
1237
599
-196
-767
-1236
-1373
-1563
-1684
-1728
-1631
-1424
-1406
-1348
-1374
-1275
-1242
-1060
-758
-372
-8
183
336
416
561
495
384
167
-13
-184
-332
-346
-329
-202
-211
-244
-409
-571
-769
-975
-1159
-1414
-1614
-1786
-1705
-1669
-1669
-1772
-1847
-1899
-2071
-2118
-2127
-1468
-235
1000
1494
1565
1985
2197
2142
2210
2671
2602
1780
1349
1603
1868
1768
1569
1201
609
209
163
-204
-743
-1249
-1714
-2330
-2592
-1977
-1474
-1329
-1428
-1098
-698
-399
-74
121
297
346
697
1200
1968
2674
3043
2969
2778
2798
2598
2222
1686
1431
1137
886
773
727
723
351
-55
-613
-989
-1367
-1797
-2177
-2385
-2120
-1750
-1201
-649
-48
265
356
450
604
843
929
1082
1213
1540
1812
1967
1886
1557
1161
509
-64
-612
-957
-1294
-1576
-1635
-1595
-1451
-1439
-1347
-1283
-1192
-1182
-1207
-1102
-861
-501
-199
91
316
491
533
531
504
415
263
27
-129
-232
-153
-70
-42
-90
-228
-334
-527
-719
-990
-1262
-1503
-1701
-1810
-1873
-1801
-1748
-1799
-1947
-2050
-2136
-1848
-833
306
824
834
1337
1876
2008
2138
2661
2832
2005
1443
1588
1861
1679
1506
1346
930
640
628
379
-283
-892
-1498
-2192
-2636
-2225
-1788
-1750
-1810
-1530
-1021
-700
-336
-175
-95
-66
226
715
1325
2030
2433
2549
2556
2822
2878
2614
2138
1758
1404
993
876
868
873
528
145
-197
-506
-812
-1276
-1805
-2295
-2378
-2206
-1821
-1270
-610
-70
167
384
571
768
785
846
1016
1239
1529
1698
1819
1728
1581
1219
734
208
-329
-782
-1232
-1440
-1562
-1562
-1562
-1441
-1264
-1135
-1065
-1156
-1202
-1177
-996
-795
-498
-118
209
440
564
707
740
617
346
68
-107
-162
-107
-63
17
-1
-117
-342
-578
-818
-1166
-1508
-1814
-2065
-2232
-2224
-2091
-2049
-2092
-2061
-2018
-1568
-566
452
806
827
1349
1803
1960
2290
2998
3101
2295
1871
2055
2097
1752
1506
1240
775
502
570
255
-343
-869
-1418
-2172
-2629
-2256
-2080
-2191
-2210
-1699
-1167
-849
-455
-218
-71
12
432
908
1461
2007
2402
2566
2688
2984
2979
2679
2198
1919
1557
1154
931
750
581
166
-123
-426
-641
-890
-1309
-1749
-2115
-2132
-2061
-1810
-1377
-791
-299
70
472
756
918
935
1006
1082
1251
1466
1602
1680
1710
1685
1349
898
406
-52
-560
-974
-1195
-1415
-1539
-1621
-1535
-1395
-1244
-1164
-1193
-1173
-1098
-975
-844
-637
-349
-83
120
346
560
676
626
448
265
78
-46
-114
-118
-80
-112
-232
-460
-653
-863
-1163
-1495
-1799
-2100
-2365
-2490
-2456
-2421
-2368
-2198
-1935
-1127
-8
888
956
1021
1574
1908
2078
2504
3152
2857
2136
2074
2363
2222
1800
1537
1077
481
250
224
-293
-800
-1219
-1677
-2318
-2400
-2012
-2124
-2341
-2276
-1579
-1093
-705
-311
-15
221
449
960
1403
1904
2259
2521
2611
2825
3055
2937
2516
2035
1846
1488
1162
861
643
308
-163
-412
-706
-914
-1279
-1674
-2017
-2129
-1905
-1738
-1489
-1084
-434
-8
298
654
988
1118
1104
1297
1438
1549
1540
1629
1637
1546
1366
908
482
13
-360
-836
-1156
-1262
-1390
-1466
-1477
-1311
-1189
-1128
-1116
-1138
-1083
-924
-744
-568
-340
-52
142
247
395
500
478
336
236
203
98
-35
-171
-233
-279
-363
-521
-766
-998
-1265
-1558
-1797
-1941
-2159
-2390
-2519
-2436
-2400
-2331
-2187
-1998
-1093
226
1361
1476
1590
2165
2362
2314
2622
3256
2789
1813
1696
2105
1990
1518
1122
588
-133
-400
-466
-1046
-1522
-1934
-2269
-2766
-2500
-1849
-1881
-2075
-1942
-1114
-709
-393
-18
368
643
934
1575
2067
2494
2669
2770
2626
2679
2746
2425
1840
1348
1338
1031
721
420
228
-124
-574
-701
-912
-1121
-1521
-1775
-1870
-1634
-1140
-855
-588
-135
517
905
1088
1262
1391
1382
1392
1638
1801
1826
1634
1478
1307
1089
767
178
-304
-713
-935
-1223
-1341
-1277
-1267
-1222
-1199
-963
-862
-819
-888
-895
-719
-483
-230
-78
175
409
558
504
377
209
-29
-218
-313
-251
-217
-236
-320
-387
-439
-624
-917
-1246
-1494
-1650
-1745
-1805
-1825
-1902
-2036
-2043
-2018
-1939
-2080
-2086
-2082
-1653
-232
1289
2088
1829
2168
2612
2433
2366
2824
2973
1686
912
1370
1743
1371
983
621
-128
-915
-895
-1170
-1828
-2184
-2396
-2493
-2612
-1668
-1138
-1240
-1413
-971
-242
-45
363
711
1081
1224
1751
2380
2772
2915
2784
2587
2173
2153
1901
1412
863
705
782
484
387
153
-118
-679
-1009
-1060
-1236
-1326
-1443
-1237
-961
-421
-30
193
405
761
1101
1151
1303
1346
1422
1303
1447
1623
1587
1407
1004
735
322
-27
-509
-974
-1229
-1325
-1277
-1189
-991
-875
-895
-918
-830
-702
-601
-546
-423
-215
28
221
346
474
496
406
208
15
-156
-376
-516
-561
-487
-411
-358
-368
-441
-537
-738
-971
-1198
-1321
-1410
-1416
-1395
-1296
-1295
-1379
-1542
-1722
-1855
-1924
-1983
-1996
-1948
-1615
-139
1537
2348
1872
1974
2398
2028
1844
2495
3086
1850
985
1470
1895
1370
759
381
-466
-1213
-1179
-1265
-1774
-1909
-1990
-2145
-2326
-1523
-966
-1209
-1411
-1063
-228
128
588
1030
1352
1419
1592
2054
2342
2360
2175
2077
1826
1752
1589
1244
663
260
297
84
-42
-314
-490
-833
-1078
-964
-1043
-1065
-1125
-824
-504
-166
199
396
534
627
970
1193
1346
1371
1380
1301
1286
1393
1278
1010
652
456
130
-205
-517
-803
-1062
-1161
-966
-776
-655
-670
-604
-556
-467
-358
-250
-144
-69
117
311
486
537
513
399
205
81
-38
-193
-380
-439
-395
-382
-357
-346
-393
-554
-706
-818
-904
-917
-980
-1062
-1145
-1108
-1156
-1169
-1253
-1432
-1680
-1869
-1787
-1868
-1865
-1908
-1783
-1798
-1075
722
2139
2093
1417
1799
2014
1850
2264
3326
2981
1553
1265
1805
1586
757
392
-348
-1056
-1231
-751
-1158
-1642
-1837
-2168
-2346
-2095
-1147
-1129
-1121
-858
-47
659
965
1206
1180
1430
1482
1777
2072
2303
2258
2107
2122
1909
1735
1203
574
-83
-191
-83
-280
-438
-557
-540
-799
-920
-934
-1022
-1046
-977
-578
-198
132
314
386
646
881
1001
837
783
780
787
849
1020
1055
845
594
250
28
-282
-488
-867
-941
-748
-595
-446
-515
-439
-634
-628
-566
-458
-318
-225
-53
64
325
444
343
199
170
105
-26
-93
-115
-172
-223
-191
-185
-272
-366
-538
-638
-689
-597
-591
-635
-666
-690
-730
-907
-974
-1077
-1174
-1406
-1486
-1575
-1650
-1813
-1946
-2034
-2039
-1930
-1380
341
1948
2379
1593
1761
2089
1868
2182
3152
3303
1799
1326
1656
1468
620
242
-425
-1202
-1259
-870
-1214
-1813
-1639
-2067
-2317
-2185
-1254
-1065
-1102
-494
11
763
1065
1310
1185
1350
1563
1549
1748
2061
2260
2115
2083
1718
1285
771
314
-206
-440
-165
-224
-280
-314
-203
-436
-805
-816
-829
-706
-499
-119
156
281
432
471
426
404
363
321
418
670
890
897
937
889
668
409
146
-40
-298
-434
-424
-314
-161
-224
-360
-483
-603
-688
-695
-523
-368
-255
-52
51
132
101
-13
-168
-239
-135
-104
-128
-120
-156
-304
-377
-367
-413
-581
-673
-696
-617
-426
-403
-536
-645
-573
-584
-705
-738
-796
-967
-1140
-1214
-1371
-1631
-1961
-2080
-2245
-2216
-2209
-2131
-2096
-1457
549
2249
2545
1782
1964
2235
2139
2760
3780
3357
1795
1422
1525
969
174
254
-716
-1521
-1297
-659
-1198
-2118
-1738
-2111
-2175
-1847
-733
-386
-275
466
918
1416
1411
1365
1107
1392
1753
1948
2213
2369
2343
2014
1916
1202
428
-94
-297
-433
-421
112
185
4
-163
-199
-427
-749
-759
-590
-392
-91
234
366
275
-11
-99
-175
-174
-68
180
550
737
908
972
902
713
458
363
327
295
281
258
279
126
-175
-429
-682
-787
-814
-652
-427
-317
-162
-144
-188
-348
-409
-395
-390
-275
-64
178
232
112
-75
-266
-452
-600
-633
-583
-513
-400
-251
-160
-190
-316
-503
-626
-663
-599
-613
-679
-719
-849
-1086
-1324
-1658
-1889
-2263
-2352
-2515
-2520
-2334
-2315
-2022
-2023
-674
1146
2507
2282
1908
2329
2157
2206
3150
3940
2492
1361
1465
1538
250
-65
71
-1242
-1796
-1460
-730
-1944
-2254
-1807
-1913
-1663
-1246
-243
-247
141
600
1056
1476
1457
1359
1519
2176
2269
2416
2389
2271
1689
1483
1489
732
265
-74
27
-57
126
354
11
-356
-689
-696
-525
-464
-555
-490
-251
-2
-82
-101
-166
-387
-329
-194
198
483
673
808
796
922
848
734
749
705
627
564
511
363
32
-196
-445
-759
-792
-786
-671
-675
-584
-451
-581
-646
-770
-667
-517
-367
-155
70
272
350
267
125
-74
-309
-352
-371
-253
-230
-248
-238
-250
-212
-357
-494
-547
-561
-561
-574
-550
-598
-731
-943
-1192
-1426
-1537
-1726
-1984
-2280
-2340
-2404
-2377
-2306
-2114
-1837
-1626
-249
1491
2718
2402
2005
2135
1879
2184
3285
3871
2459
1427
1647
1423
24
-420
-369
-1424
-1859
-1301
-605
-1677
-2144
-1799
-1774
-1406
-1032
-254
-103
410
1057
1501
1792
1637
1409
1622
2203
2253
2309
2240
2040
1357
1154
1298
679
177
-72
181
251
229
204
-223
-627
-887
-894
-642
-559
-634
-518
-174
117
-79
-294
-364
-423
-277
94
566
882
907
1007
1083
1021
872
694
745
598
481
525
492
256
-210
-471
-632
-810
-874
-814
-741
-759
-808
-737
-675
-740
-648
-422
-128
-4
144
381
410
331
120
-45
-169
-214
-83
48
110
59
-60
-127
-202
-352
-477
-534
-576
-610
-549
-416
-437
-624
-909
-1186
-1391
-1566
-1718
-1812
-1943
-2062
-2244
-2201
-2017
-1943
-1797
-1663
-1294
-1135
-71
1512
2501
2316
2042
2353
1979
2006
2895
3474
2144
995
1094
696
-454
-856
-425
-1187
-1553
-1046
-669
-1368
-1871
-1455
-1469
-1141
-640
110
549
956
1289
1437
1649
1437
1274
1432
2044
1996
1926
1989
1784
1402
1082
1187
715
391
305
360
277
108
-88
-475
-635
-661
-577
-567
-443
-496
-438
-272
-238
-441
-620
-437
-216
105
475
871
1012
1004
949
899
809
655
636
699
792
625
459
224
-145
-556
-808
-902
-1079
-1088
-969
-811
-836
-797
-741
-699
-633
-510
-256
-86
82
167
271
254
105
-56
-56
70
134
169
106
18
-147
-262
-324
-428
-509
-545
-443
-358
-396
-506
-703
-973
-1240
-1342
-1412
-1472
-1477
-1436
-1479
-1540
-1551
-1640
-1815
-1858
-1695
-1527
-1328
-1035
-703
-55
1179
2165
2265
1758
1791
1704
1567
2147
2785
2338
1143
1051
992
283
-334
-204
-518
-976
-552
-127
-476
-1145
-1000
-968
-818
-364
83
342
429
736
803
985
965
861
943
1369
1586
1434
1519
1440
1312
1102
1235
1060
683
476
378
351
159
-32
-312
-415
-483
-543
-578
-570
-656
-780
-674
-673
-761
-697
-418
-170
-15
302
537
629
696
746
715
680
794
861
853
798
668
389
176
-35
-401
-692
-790
-756
-740
-602
-496
-585
-712
-726
-644
-594
-485
-338
-169
-5
125
172
86
-46
-127
-12
121
179
188
192
219
166
76
-80
-216
-275
-272
-270
-298
-412
-607
-788
-913
-1006
-1146
-1205
-1155
-1071
-1097
-1197
-1301
-1481
-1651
-1684
-1458
-1328
-1214
-1071
-956
-908
-843
-704
-588
-21
740
1284
1293
1421
1444
1158
1258
1631
1653
1069
1000
1165
954
684
825
748
265
199
331
259
-100
-122
-105
-215
-114
-32
40
42
125
195
360
448
364
369
608
840
845
1047
1304
1428
1479
1529
1439
1129
928
829
748
666
634
508
298
65
-255
-537
-821
-991
-1068
-881
-651
-625
-674
-596
-448
-483
-450
-372
-208
-93
158
493
628
591
384
301
205
140
42
3
55
95
151
76
-46
-339
-566
-630
-582
-543
-554
-513
-507
-495
-522
-529
-605
-669
-586
-394
-189
-55
75
154
142
109
94
80
48
93
194
218
187
157
94
-39
-158
-213
-249
-310
-331
-283
-293
-389
-515
-599
-630
-657
-639
-597
-599
-636
-686
-706
-745
-827
-909
-931
-871
-810
-772
-759
-756
-810
-789
-702
-620
-561
-507
-336
-175
42
274
471
544
611
783
934
1154
1310
1517
1655
1759
1736
1609
1568
1468
1374
1237
1194
1033
769
584
487
385
175
96
61
67
90
146
144
-17
-168
-232
-198
-227
-282
-285
-245
-201
-172
-116
-96
-83
-33
113
268
319
341
403
542
567
487
417
359
302
260
272
187
-2
-146
-182
-204
-270
-308
-346
-354
-342
-268
-240
-290
-392
-422
-286
-176
-186
-215
-172
-183
-201
-165
-137
-214
-291
-228
-117
-94
-147
-171
-116
-31
1
76
126
95
-2
-12
7
-74
-145
-130
-83
-101
-92
-100
-172
-269
-292
-248
-254
-327
-375
-316
-250
-261
-314
-358
-430
-549
-620
-653
-735
-874
-930
-903
-920
-957
-946
-936
-987
-1025
-946
-848
-767
-581
-266
14
112
152
250
377
510
689
931
1071
1129
1193
1334
1412
1341
1260
1223
1228
1143
1147
1154
1037
850
710
662
477
312
233
239
220
189
189
71
-39
-136
-167
-226
-291
-347
-398
-369
-350
-316
-337
-304
-269
-208
-91
45
148
179
261
332
367
381
451
468
423
380
345
289
189
153
108
40
-24
-29
-24
-19
-65
-167
-211
-197
-189
-216
-179
-168
-224
-259
-233
-246
-312
-321
-289
-251
-171
-74
-100
-189
-234
-192
-115
-36
34
66
107
127
155
155
104
-10
-58
-6
21
16
17
20
-53
-100
-111
-154
-234
-254
-204
-173
-166
-190
-219
-254
-292
-354
-408
-441
-487
-526
-535
-554
-642
-702
-728
-745
-805
-819
-760
-693
-636
-607
-548
-502
-466
-412
-238
-27
88
109
137
172
207
358
565
707
713
768
859
959
1065
1116
1151
1143
1188
1177
1185
1173
1036
857
759
714
485
302
224
99
-106
-215
-243
-405
-527
-557
-568
-662
-709
-663
-616
-546
-491
-391
-283
-159
-93
-37
55
85
123
233
406
463
458
480
501
480
432
435
394
332
314
371
400
310
207
147
96
-13
-99
-153
-230
-277
-256
-219
-266
-330
-367
-391
-408
-377
-351
-348
-308
-273
-209
-143
-132
-202
-234
-165
-107
-105
-71
-3
26
30
65
89
54
6
-18
-3
19
14
34
77
99
68
45
41
-25
-90
-91
-109
-195
-233
-212
-231
-299
-368
-420
-506
-566
-588
-586
-564
-564
-554
-554
-525
-525
-524
-497
-474
-458
-439
-380
-347
-320
-293
-230
-133
-14
82
118
175
229
356
533
703
786
823
913
977
1030
1066
1102
1074
1055
1053
1028
975
834
644
490
406
255
47
-64
-116
-211
-282
-254
-308
-455
-515
-481
-487
-512
-455
-394
-341
-245
-133
-87
-68
-46
-46
21
131
205
244
345
447
455
463
485
456
378
356
346
287
232
194
153
73
-7
-93
-174
-247
-340
-395
-396
-376
-388
-363
-315
-332
-346
-308
-262
-279
-273
-215
-151
-100
-71
-36
-52
-77
-97
-76
-48
-60
-67
-26
33
49
66
94
116
119
135
165
188
202
209
249
276
250
192
152
127
59
-25
-91
-147
-226
-284
-295
-305
-356
-412
-448
-484
-502
-524
-528
-544
-559
-576
-568
-549
-547
-540
-529
-506
-517
-485
-413
-349
-297
-189
-3
144
232
282
354
405
488
637
769
820
814
832
854
867
853
836
775
699
649
614
593
492
365
280
251
169
61
19
-21
-100
-158
-129
-156
-243
-273
-264
-281
-313
-310
-286
-255
-215
-146
-78
-28
-13
1
73
138
150
174
241
258
236
244
287
256
173
139
107
46
-12
-16
-25
-46
-74
-81
-82
-108
-167
-214
-213
-229
-248
-233
-189
-202
-221
-194
-176
-203
-234
-206
-190
-206
-221
-184
-140
-131
-134
-98
-60
-75
-81
-49
-7
-7
-2
49
86
91
97
125
124
98
101
140
154
127
121
138
134
99
70
54
5
-62
-89
-76
-93
-155
-198
-217
-257
-323
-378
-410
-458
-498
-496
-482
-483
-518
-530
-527
-523
-517
-495
-446
-400
-323
-188
-22
75
103
141
215
284
366
494
600
646
664
730
802
839
809
777
752
702
643
613
595
501
393
337
281
137
16
-27
-87
-191
-239
-216
-244
-296
-305
-295
-313
-342
-314
-254
-190
-148
-124
-71
-22
-3
24
83
108
89
117
189
222
210
220
240
217
183
178
184
165
124
123
136
114
61
15
-2
-59
-116
-126
-116
-143
-175
-160
-162
-209
-250
-246
-228
-232
-241
-225
-217
-241
-254
-221
-183
-194
-204
-158
-116
-100
-83
-40
-19
-24
3
57
101
121
139
162
179
188
192
211
218
204
201
231
243
208
175
145
100
36
4
-5
-39
-92
-139
-180
-240
-312
-373
-407
-448
-499
-525
-551
-585
-628
-631
-621
-625
-616
-571
-509
-443
-340
-224
-123
-67
7
112
210
317
429
537
598
656
710
764
787
768
763
758
740
678
634
578
474
365
278
200
84
9
-37
-89
-161
-209
-243
-296
-333
-340
-323
-320
-308
-272
-199
-127
-90
-82
-67
-28
9
63
139
190
191
217
275
287
276
259
238
202
188
201
204
163
91
52
13
-33
-89
-123
-144
-180
-192
-173
-161
-185
-205
-205
-201
-196
-169
-124
-102
-80
-62
-40
-34
-42
-43
-23
-1
12
28
44
55
52
61
67
55
44
49
72
97
116
132
143
130
124
134
152
158
144
146
159
161
143
120
89
37
-10
-32
-48
-90
-141
-188
-239
-306
-361
-399
-449
-517
-572
-599
-620
-643
-661
-659
-666
-667
-649
-603
-558
-508
-427
-319
-200
-103
-11
78
150
222
325
441
538
606
670
725
751
765
769
753
720
679
627
571
498
414
333
253
167
71
-9
-69
-128
-184
-214
-235
-270
-291
-275
-274
-290
-287
-250
-215
-170
-114
-60
-21
8
42
76
120
156
190
224
260
261
255
257
242
210
182
159
124
90
62
39
1
-38
-74
-110
-138
-152
-157
-157
-158
-163
-163
-144
-128
-124
-101
-63
-35
-22
-1
22
27
15
21
39
45
49
49
51
58
60
64
73
79
86
94
116
127
133
148
153
158
153
154
143
121
112
111
98
63
35
10
-17
-55
-98
-146
-193
-237
-282
-325
-367
-407
-452
-490
-535
-585
-630
-659
-675
-690
-688
-682
-662
-629
-571
-516
-470
-407
-332
-232
-119
8
114
202
280
356
442
516
585
633
668
689
698
706
698
665
613
568
507
435
386
339
281
215
159
104
44
9
-18
-52
-91
-114
-129
-141
-123
-115
-112
-101
-79
-54
-27
7
35
61
87
122
148
179
198
193
187
186
181
171
159
139
115
86
53
29
1
-28
-62
-86
-101
-115
-119
-120
-121
-118
-118
-106
-85
-72
-54
-45
-30
-24
-29
-20
-7
-6
-17
-16
-24
-32
-32
-26
-27
-31
-33
-24
-8
8
31
42
44
34
31
40
56
63
58
70
73
71
69
60
35
10
-6
-14
-25
-39
-54
-76
-113
-166
-205
-242
-280
-322
-357
-394
-429
-456
-487
-498
-520
-545
-554
-551
-541
-519
-468
-420
-382
-329
-260
-187
-128
-60
18
84
161
237
310
364
411
445
474
501
517
523
528
526
509
496
477
446
401
363
326
297
251
214
181
149
125
97
76
41
7
-15
-15
-14
-25
-33
-39
-50
-57
-40
-15
-6
-2
21
34
45
56
60
66
56
46
43
54
53
36
20
16
5
-11
-15
-27
-45
-65
-57
-54
-61
-62
-65
-68
-70
-76
-72
-66
-67
-67
-65
-59
-66
-73
-73
-65
-62
-56
-42
-29
-16
-8
8
12
15
20
24
29
37
52
61
62
55
45
40
28
22
20
6
-6
-17
-14
-20
-36
-59
-80
-97
-119
-137
-164
-182
-197
-219
-239
-263
-287
-314
-338
-353
-369
-370
-370
-378
-384
-382
-368
-358
-349
-330
-300
-278
-245
-198
-147
-101
-62
-11
33
71
118
168
205
241
273
302
323
349
366
371
375
384
400
408
413
405
392
372
351
326
302
288
268
244
218
193
175
153
128
103
80
64
43
28
18
8
1
-5
-1
-3
-2
2
4
9
12
20
19
22
18
25
30
32
28
23
26
18
12
4
-4
-15
-26
-26
-24
-25
-28
-35
-37
-34
-33
-42
-51
-55
-53
-44
-36
-38
-45
-44
-41
-48
-48
-39
-40
-42
-44
-32
-31
-27
-29
-44
-50
-57
-59
-62
-65
-67
-72
-85
-98
-100
-107
-120
-136
-141
-142
-144
-154
-164
-175
-184
-183
-176
-177
-190
-190
-194
-199
-206
-206
-204
-206
-204
-206
-211
-212
-207
-205
-200
-189
-176
-156
-129
-106
-93
-69
-34
-6
25
56
87
111
135
162
194
211
230
254
271
292
304
318
323
334
342
347
349
340
333
325
319
304
286
269
240
216
190
176
156
122
95
69
52
27
16
5
-18
-43
-55
-59
-66
-70
-81
-86
-91
-86
-84
-80
-66
-60
-55
-47
-38
-31
-28
-19
-13
-1
14
16
21
33
44
44
51
58
64
66
63
66
69
68
60
50
52
54
43
37
32
17
1
-17
-24
-34
-57
-78
-92
-107
-125
-134
-139
-147
-162
-172
-176
-182
-188
-186
-185
-184
-183
-178
-163
-159
-153
-145
-135
-123
-115
-103
-96
-88
-82
-77
-78
-78
-86
-93
-100
-101
-105
-110
-107
-114
-117
-125
-125
-120
-113
-105
-100
-91
-83
-70
-55
-40
-25
-7
11
29
47
66
87
107
126
145
163
176
188
197
211
228
246
257
268
273
273
278
279
276
264
251
239
227
210
193
173
154
134
113
93
69
46
24
5
-11
-28
-45
-60
-75
-88
-95
-99
-102
-107
-107
-104
-99
-92
-86
-76
-65
-52
-40
-26
-7
8
20
32
42
55
65
78
83
84
89
94
95
93
87
79
72
62
53
44
36
25
12
-1
-11
-26
-40
-50
-59
-70
-78
-87
-94
-103
-112
-118
-125
-127
-128
-129
-132
-131
-131
-130
-125
-121
-119
-115
-107
-99
-95
-90
-83
-80
-78
-72
-69
-65
-65
-61
-58
-56
-57
-58
-57
-58
-56
-53
-51
-52
-50
-48
-46
-43
-41
-39
-36
-33
-29
-22
-15
-8
-1
5
14
28
42
54
66
79
94
107
123
137
151
161
172
183
192
199
204
208
208
206
203
198
193
183
169
156
139
121
102
83
64
44
26
5
-17
-35
-50
-67
-82
-93
-104
-116
-126
-132
-133
-133
-132
-132
-128
-118
-110
-101
-89
-75
-65
-49
-33
-17
-5
8
19
29
41
53
62
69
75
79
84
85
82
80
76
71
64
58
49
41
30
19
10
1
-9
-20
-32
-40
-48
-57
-65
-72
-79
-83
-88
-91
-94
-96
-97
-97
-95
-94
-88
-85
-83
-78
-74
-67
-60
-54
-48
-43
-39
-36
-32
-30
-27
-26
-24
-22
-23
-20
-20
-22
-19
-19
-16
-18
-21
-20
-21
-21
-21
-19
-18
-16
-15
-13
-7
-3
-1
6
12
18
25
33
42
51
60
69
78
86
95
101
107
112
119
120
125
126
125
123
120
115
108
101
94
84
73
61
48
33
18
3
-9
-23
-36
-47
-57
-68
-77
-83
-89
-97
-100
-102
-103
-102
-99
-96
-92
-86
-79
-69
-60
-50
-40
-31
-22
-11
-2
6
17
25
34
43
50
56
61
66
70
71
72
75
74
72
72
70
67
65
60
52
45
39
34
27
20
13
6
-1
-7
-14
-19
-24
-29
-34
-36
-38
-40
-43
-43
-44
-43
-41
-41
-38
-36
-33
-31
-27
-23
-19
-15
-11
-7
-4
0
1
1
0
4
5
6
5
6
6
6
6
6
4
1
1
3
1
0
-1
0
-1
-3
-3
-2
-2
1
5
10
15
17
20
23
28
32
39
42
46
48
50
53
54
54
54
53
49
47
42
39
37
30
23
16
9
2
-6
-13
-19
-25
-33
-40
-44
-51
-57
-61
-66
-71
-75
-76
-76
-79
-78
-77
-74
-70
-68
-64
-56
-51
-46
-40
-33
-27
-20
-14
-8
-3
4
