-64
-61
-49
-40
-40
-45
-48
-40
-26
-14
-8
-1
7
24
44
60
70
69
73
81
88
98
106
114
127
135
136
130
130
134
143
153
154
145
142
144
134
117
94
67
44
30
21
2
-16
-25
-31
-41
-62
-90
-116
-129
-134
-145
-175
-213
-242
-255
-253
-262
-295
-342
-383
-405
-415
-434
-460
-493
-523
-547
-563
-581
-608
-636
-640
-624
-610
-568
-492
-423
-394
-388
-376
-343
-260
-124
10
77
84
92
139
211
272
319
346
365
399
452
471
424
352
319
329
358
376
360
321
287
291
304
304
294
296
330
377
430
473
510
540
582
640
689
720
765
840
904
922
912
900
889
883
888
887
860
816
793
785
743
649
549
480
427
376
325
255
150
46
-32
-99
-180
-254
-304
-332
-358
-397
-432
-469
-501
-532
-545
-556
-584
-608
-620
-640
-691
-753
-813
-879
-955
-1013
-1055
-1111
-1187
-1261
-1324
-1401
-1473
-1514
-1527
-1525
-1458
-1275
-1076
-1016
-1075
-1108
-1050
-862
-521
-152
12
-37
-56
94
325
501
611
671
714
816
1016
1150
1040
788
643
666
700
684
624
502
331
239
244
191
21
-112
-96
-24
14
21
53
70
55
58
90
95
74
156
354
488
461
416
453
491
495
524
581
570
523
545
620
590
455
378
385
360
271
234
240
196
124
114
104
7
-92
-78
-7
-9
-28
4
51
23
-9
11
18
-16
-8
102
180
168
152
181
188
169
199
260
296
296
328
366
357
300
267
283
264
219
208
236
203
140
118
89
8
-64
-80
-94
-170
-245
-274
-324
-409
-498
-557
-611
-688
-757
-789
-816
-893
-959
-993
-1027
-1104
-1169
-1194
-1213
-1243
-1250
-1142
-974
-840
-809
-789
-776
-741
-597
-315
-48
14
-2
42
169
260
361
434
455
459
529
686
694
571
383
307
261
218
197
156
65
-57
-67
-73
-144
-279
-313
-277
-258
-230
-179
-108
-58
-10
33
74
76
101
236
424
552
569
611
692
747
779
803
812
769
740
820
895
871
774
692
659
616
574
537
518
462
443
466
465
381
252
212
220
212
201
237
233
206
182
191
169
89
66
99
153
147
127
128
125
104
98
92
61
8
-2
51
61
14
-47
-72
-79
-114
-153
-192
-236
-290
-319
-339
-401
-496
-562
-560
-574
-621
-658
-683
-722
-769
-815
-880
-983
-1061
-1082
-1111
-1181
-1259
-1332
-1375
-1403
-1441
-1453
-1351
-1067
-779
-703
-809
-892
-864
-623
-185
275
405
229
148
326
592
717
755
728
724
861
1181
1365
1175
806
610
657
664
617
526
403
214
154
236
188
-73
-309
-272
-175
-151
-173
-105
-15
4
21
50
48
-16
52
313
555
559
497
588
695
702
664
674
633
564
636
778
796
657
517
458
400
288
199
199
201
167
163
202
169
50
-11
10
3
-42
-47
8
47
4
-8
-7
-30
-35
3
54
63
37
34
69
90
80
48
53
59
59
82
113
101
39
4
-3
-8
-61
-92
-83
-87
-100
-102
-103
-133
-184
-225
-251
-292
-330
-353
-352
-385
-468
-551
-593
-632
-680
-719
-750
-804
-907
-992
-1086
-1183
-1294
-1353
-1351
-1242
-963
-657
-608
-830
-976
-959
-737
-347
122
298
156
82
272
578
706
722
682
696
829
1155
1382
1252
902
674
713
736
690
562
459
346
282
338
319
94
-197
-247
-168
-166
-237
-226
-89
-6
-7
-33
-43
-121
-145
30
257
319
253
356
534
585
516
455
429
357
339
437
517
460
354
340
368
288
113
-3
1
6
3
48
76
16
-58
-56
-35
-110
-195
-173
-70
10
38
54
76
68
52
70
75
49
1
32
118
167
159
125
122
111
115
125
149
144
111
134
187
199
126
70
56
49
22
16
25
-14
-43
-71
-81
-99
-156
-209
-232
-231
-269
-316
-331
-354
-439
-550
-653
-733
-835
-922
-996
-1104
-1236
-1363
-1429
-1491
-1569
-1555
-1290
-905
-734
-903
-1064
-1092
-1004
-670
-139
199
64
-110
66
452
629
638
612
580
645
952
1338
1396
1090
765
767
847
802
599
418
289
185
257
358
301
-1
-216
-189
-110
-173
-259
-141
39
135
144
199
196
91
103
294
466
440
476
676
850
835
703
637
602
548
530
570
620
525
461
505
525
442
220
99
59
104
97
111
157
103
21
-19
31
-17
-122
-182
-82
3
29
104
201
216
147
147
196
217
157
189
252
290
257
247
282
228
112
52
86
60
2
-69
-61
-105
-206
-234
-229
-216
-268
-235
-163
-195
-272
-387
-436
-483
-565
-583
-573
-594
-673
-791
-840
-890
-983
-1037
-1119
-1252
-1467
-1619
-1731
-1834
-2009
-2129
-2235
-1810
-486
823
1317
990
859
797
928
1576
2037
1573
851
655
525
270
177
126
-419
-755
-471
-88
-199
-582
-747
-831
-763
-549
-316
-236
-225
-217
-136
-7
18
-16
136
565
797
796
888
1230
1427
1441
1408
1173
836
533
579
814
800
575
269
200
186
-71
-334
-594
-725
-825
-759
-392
-250
-367
-446
-283
-147
-175
-73
182
414
581
671
715
711
684
665
692
689
554
500
528
483
273
-26
-183
-224
-174
-17
144
200
167
185
238
231
160
92
73
157
272
355
358
281
167
41
-30
-53
-66
-40
16
69
71
-12
-93
-148
-157
-170
-179
-203
-218
-212
-250
-368
-601
-828
-967
-1017
-1014
-1028
-1151
-1245
-1255
-1277
-1347
-1513
-1630
-1865
-2020
-2050
-2153
-2149
-2004
-598
1451
2674
2434
1611
1255
929
1198
1915
1650
501
-237
-411
-842
-1156
-743
-773
-1018
-535
288
473
48
-14
-116
-151
145
505
534
314
241
31
-120
-152
-145
-102
253
772
963
1096
1411
1759
1832
1706
1405
933
475
217
298
402
234
-117
-351
-297
-305
-510
-681
-780
-749
-615
-302
51
144
59
38
159
306
263
307
429
462
528
530
518
315
147
190
347
560
663
610
522
342
114
18
44
113
166
371
466
421
297
135
46
-48
-17
51
161
241
263
246
189
135
18
-71
-111
-47
14
48
72
83
62
16
-25
-66
-62
-27
27
77
71
-41
-164
-380
-544
-718
-867
-956
-1045
-1121
-1305
-1367
-1487
-1537
-1621
-1689
-1728
-1848
-1882
-1994
-2189
-2320
-2358
-1096
1291
3143
3136
1852
1120
531
721
1584
1659
535
-651
-804
-1118
-1333
-742
-560
-829
-584
460
917
513
331
61
-209
-94
353
397
-33
-103
-204
-317
-328
-302
-185
81
739
1160
1304
1529
1791
1876
1721
1385
837
176
-232
-173
18
-1
-234
-449
-452
-391
-434
-570
-677
-472
-93
339
616
506
211
-10
134
280
214
117
100
167
242
366
335
51
-111
-92
88
335
660
817
680
456
231
83
-51
-20
122
285
413
370
317
205
85
-14
-62
72
198
386
566
632
590
359
148
-81
-231
-250
-235
-128
-65
-3
-23
-17
-82
-188
-244
-221
-102
-27
67
82
2
-193
-580
-918
-1179
-1329
-1398
-1480
-1450
-1459
-1469
-1528
-1546
-1586
-1652
-1758
-1800
-1930
-2127
-2292
-1814
536
3020
3891
2626
1235
464
201
1314
2082
1187
-438
-1199
-1344
-1623
-913
-150
-472
-526
331
1371
1218
812
415
-343
-500
-129
363
121
-50
-196
-733
-880
-807
-421
-51
638
1338
1515
1726
2027
2202
2016
1500
853
90
-465
-520
-215
-24
-165
-449
-625
-477
-288
-218
-238
-146
156
469
830
929
630
217
-4
60
6
-40
9
41
63
21
7
-158
-163
201
517
785
897
1050
914
650
375
-3
-234
-254
-37
144
278
257
48
-89
-134
-88
29
180
444
575
728
692
523
297
-19
-169
-358
-368
-388
-398
-323
-272
-151
-120
-88
-89
-50
52
144
207
119
-38
-237
-422
-599
-827
-1093
-1267
-1377
-1337
-1348
-1309
-1303
-1406
-1422
-1468
-1386
-1418
-1420
-1500
-1639
-1882
-2074
-2230
-976
1885
4092
4102
2234
900
10
456
1868
2039
696
-842
-1109
-1323
-1196
-198
-90
-593
-412
859
1551
1143
721
-163
-775
-607
163
458
-91
-243
-721
-1012
-882
-514
-103
113
828
1289
1554
1758
1859
1697
1190
600
-65
-563
-771
-571
-283
-213
-280
-472
-446
-200
28
122
80
346
669
862
877
539
125
-322
-406
-277
-209
-98
-35
220
275
201
23
-74
-104
267
793
1120
1243
1078
788
174
-96
-193
-337
-296
-144
33
57
15
2
-68
62
163
391
636
770
855
652
540
307
141
-24
-167
-262
-439
-444
-428
-272
-121
-17
91
147
175
139
155
220
186
25
-206
-392
-570
-801
-1102
-1400
-1537
-1708
-1684
-1593
-1417
-1330
-1219
-1073
-1091
-1271
-1363
-1482
-1596
-1737
-1816
-1851
-1904
197
2981
4519
3335
1396
343
-149
1376
2753
2294
295
-978
-1146
-1537
-774
186
-94
-396
289
1508
1351
765
125
-963
-1004
-140
909
693
165
-200
-996
-1154
-797
-166
89
544
1290
1727
1829
1650
1369
979
664
283
45
-58
-139
-130
-73
-40
-300
-609
-545
-208
108
246
332
425
329
193
-61
-346
-579
-711
-543
-356
-145
-80
7
38
-116
-236
-354
-227
-98
421
906
961
708
188
-223
-613
-494
-249
-166
-28
123
175
19
-89
-99
-110
115
475
838
1060
962
773
447
249
118
107
118
8
-63
-113
-37
37
135
184
228
307
327
306
311
403
361
152
-107
-344
-584
-807
-993
-1221
-1437
-1548
-1517
-1423
-1320
-1248
-1223
-1154
-1074
-958
-941
-1034
-1284
-1541
-1797
-1940
-2038
-1925
227
3255
4788
3208
910
-309
-395
1522
3217
2706
376
-948
-1136
-1420
-894
-204
-540
-599
382
1416
950
42
-671
-1603
-1204
110
1217
827
53
-417
-1168
-1158
-778
-278
83
750
1593
1759
1531
1122
766
728
853
897
724
436
243
170
262
166
-161
-440
-334
135
520
529
196
-53
-210
-194
-148
-239
-395
-488
-270
-76
71
182
89
76
133
227
68
-65
43
324
683
786
532
57
-264
-387
-332
-253
-135
-130
-11
54
41
-58
-142
-119
-15
294
523
601
402
190
65
73
137
99
-25
-192
-184
-62
129
220
169
105
109
172
171
132
151
185
175
49
-218
-515
-745
-860
-935
-1065
-1210
-1274
-1216
-1191
-1063
-952
-966
-1060
-1150
-1024
-984
-912
-1120
-1509
-1902
-1994
-2056
-363
2782
4763
3781
1229
-170
-488
1392
3680
3641
1093
-857
-1183
-1283
-1052
-150
-155
-636
-13
775
699
-248
-729
-1568
-1540
2
1308
1334
121
-660
-1502
-1640
-859
-85
465
784
1144
1124
807
518
356
477
1015
1194
1072
609
69
-242
-262
-11
-20
-131
-127
88
293
174
-296
-629
-582
-168
206
175
-90
-431
-459
-218
89
422
507
479
447
421
476
352
257
296
472
784
841
721
234
-344
-632
-507
-87
288
577
654
490
258
77
-9
99
288
615
822
793
485
114
-119
-216
-92
51
182
233
259
233
156
19
-98
-86
63
244
276
179
-64
-265
-453
-640
-718
-733
-643
-675
-917
-1234
-1531
-1596
-1571
-1434
-1362
-1399
-1518
-1488
-1563
-1450
-1549
-1636
-1863
-2034
-1957
-2050
49
3010
4475
2527
116
-810
-119
2454
4591
3408
114
-1573
-1790
-1336
-565
725
250
-334
-48
170
-186
-915
-994
-1381
-720
832
1624
762
-691
-1561
-1692
-894
425
1108
1106
1028
566
309
285
698
1117
1523
1825
1384
767
4
-509
-364
275
961
995
475
18
-324
-281
-275
-254
-72
124
497
473
35
-684
-1017
-624
75
740
1092
1040
667
253
76
196
450
812
1000
890
572
349
60
-251
-535
-520
-246
143
445
383
199
-142
-246
-89
227
447
525
469
292
122
-22
-157
-208
-78
53
149
90
25
-58
-93
-11
145
240
180
145
65
-28
-165
-280
-411
-494
-562
-668
-736
-821
-1007
-1246
-1455
-1543
-1537
-1508
-1455
-1431
-1449
-1587
-1744
-1768
-1801
-1678
-1762
-1909
-2098
-1676
652
3249
3876
1501
-351
-411
1339
4095
5088
2517
-1140
-2102
-1499
-571
691
1621
656
-643
-989
-972
-947
-558
-80
-91
250
781
374
-952
-1621
-1348
-450
587
1362
1131
433
33
-289
71
846
1963
2446
2200
1235
-39
-491
-434
29
666
1188
1108
262
-662
-991
-692
-13
463
606
372
-73
-365
-536
-554
-441
-207
109
256
258
131
40
-17
267
698
989
1306
1225
839
155
157
320
640
731
193
-555
-880
-516
-149
237
312
269
35
-19
-54
41
227
436
626
598
492
135
-185
-388
-148
169
362
327
86
-154
-304
-150
163
568
682
532
133
-273
-483
-454
-331
-337
-461
-672
-1034
-1366
-1482
-1630
-1490
-1622
-1584
-1899
-1995
-2031
-2017
-1977
-1992
-1968
-2157
-2082
-1909
223
2563
3220
643
-916
-195
1900
4657
5463
2843
-1512
-2284
-1031
377
1678
2393
790
-1723
-2224
-1541
-847
54
863
492
-97
-153
-440
-1635
-1605
-405
566
909
632
7
-771
-468
213
915
1563
1909
1762
1322
874
444
440
621
761
741
476
-140
-712
-809
-356
210
409
-34
-687
-938
-700
-271
123
304
108
-263
-497
-436
-260
104
406
444
292
289
280
553
906
1107
940
782
796
521
396
212
56
-103
-1
-20
-78
-116
-119
-199
-111
169
291
336
202
156
102
231
377
424
318
209
151
44
65
156
215
171
130
92
168
324
443
423
228
86
-31
-92
-237
-325
-393
-633
-867
-1097
-1191
-1301
-1309
-1436
-1652
-1872
-1931
-1997
-1958
-2074
-2107
-2392
-2245
-1880
-1496
467
2129
2234
-314
-986
311
2428
4726
4785
2013
-1615
-1522
314
1697
2566
2159
0
-2066
-1999
-805
-29
654
499
-624
-1265
-1000
-523
-706
-280
63
-184
-393
-444
-334
-63
825
1221
1066
861
895
1108
1404
1537
1368
1279
938
278
-162
-20
218
133
-82
-324
-534
-564
-582
-510
-407
-329
-381
-468
-480
-559
-517
-260
60
180
76
-123
-131
32
341
653
1058
1024
763
557
784
912
1105
1009
362
-156
-188
133
161
169
26
-203
-371
-310
-166
29
184
268
120
-76
-112
-48
84
233
407
304
183
120
141
187
199
215
205
252
320
342
235
95
-42
-83
-166
-268
-516
-712
-825
-754
-871
-1171
-1505
-1879
-1854
-1732
-1405
-1643
-2008
-2476
-2453
-2301
-2028
-2058
-1453
558
1842
1031
-1144
-640
853
2896
4105
3241
337
-1461
215
1800
2472
2440
1264
-948
-1900
-721
615
959
676
-617
-1882
-1822
-809
-118
-126
76
-377
-1080
-1200
-624
166
776
1105
687
223
243
923
1787
2262
1713
894
536
525
685
957
987
428
-274
-648
-623
-380
-220
-377
-530
-606
-598
-763
-805
-653
-479
-366
-358
-379
-345
-77
188
320
414
626
715
766
776
826
905
1249
1407
1146
576
200
291
485
505
194
-93
-261
-218
-5
83
-2
-133
-238
-201
-16
143
134
-51
-155
-169
-101
-8
82
248
291
211
-12
-180
-91
208
431
387
87
-178
-342
-295
-282
-414
-651
-935
-1054
-1114
-1059
-1313
-1555
-1818
-1839
-1741
-1838
-1884
-2212
-2054
-2295
-2126
-2255
-1456
243
1091
146
-1404
-191
1443
2960
3185
2019
-213
-692
1376
2676
2570
1920
838
-600
-898
348
1330
1129
443
-626
-1270
-1036
-164
108
-266
-440
-795
-1050
-860
-159
411
627
541
223
240
688
1368
1898
2003
1432
948
974
1336
1599
1553
913
88
-245
72
414
380
-142
-951
-1246
-993
-503
-394
-491
-697
-846
-799
-700
-600
-486
-205
-49
-31
32
302
515
687
913
946
943
884
1002
958
917
865
760
581
336
233
238
217
45
-171
-280
-215
-149
-84
-53
2
-34
-138
-167
-89
110
215
191
56
-38
16
214
376
317
171
50
41
60
144
206
223
61
-350
-689
-777
-700
-771
-1046
-1262
-1417
-1492
-1743
-1860
-2016
-2023
-2127
-2073
-2092
-2291
-2341
-2519
-1103
211
477
-1033
-1260
365
1680
2728
2154
723
-565
627
2445
2531
1818
992
175
-225
259
950
831
288
-369
-1144
-1078
-459
13
-256
-639
-812
-1191
-1002
-379
50
-15
-155
-155
118
722
1302
1540
1429
1228
1062
1537
2004
2082
1763
1318
849
528
624
777
718
258
-379
-792
-700
-460
-381
-609
-959
-1280
-1275
-897
-525
-393
-413
-563
-682
-519
-26
370
529
527
379
415
771
1265
1391
1183
853
768
936
1018
886
603
320
88
-3
79
178
126
-96
-366
-451
-404
-288
-203
-234
-271
-278
-169
-70
-55
-73
-103
-38
126
278
324
205
3
-121
-85
96
219
135
-161
-440
-498
-452
-526
-774
-1094
-1242
-1313
-1500
-1736
-1947
-1945
-2113
-2196
-2412
-2396
-2300
-1812
-656
-251
-837
-1858
-737
977
1948
1969
991
-75
-177
1694
2759
2217
1373
889
580
515
976
1210
805
220
-408
-688
-380
-56
-135
-706
-1048
-1262
-1147
-474
64
-48
-691
-986
-716
50
790
1122
1005
838
717
940
1671
2051
1894
1493
1302
1155
1148
1344
1316
883
216
-255
-304
-93
2
-307
-915
-1263
-1226
-905
-640
-574
-688
-864
-824
-624
-346
2
289
318
110
91
418
929
1278
1196
757
506
759
1273
1502
1292
930
607
450
464
587
615
424
197
28
-22
-36
-165
-306
-375
-306
-255
-203
-80
20
-27
-200
-229
-56
153
202
122
36
-34
-4
56
34
-120
-288
-417
-405
-362
-475
-746
-938
-990
-1120
-1397
-1566
-1728
-1915
-2164
-2255
-2362
-2338
-2423
-2154
-1082
-697
-1289
-2135
-753
684
1311
1176
523
-144
120
1865
2408
1688
1005
1007
1022
1145
1275
1142
697
237
-299
-547
-49
178
-157
-881
-1162
-1314
-1210
-630
-165
-241
-779
-926
-596
133
487
538
489
640
731
994
1571
1786
1578
1189
1106
1239
1567
1738
1545
1064
592
345
365
510
375
-74
-695
-1056
-1031
-793
-719
-847
-1014
-1082
-967
-783
-515
-401
-262
-211
-123
47
287
627
745
749
553
528
760
974
966
805
746
687
628
653
714
624
400
212
180
213
168
-37
-239
-287
-267
-312
-419
-451
-362
-252
-186
-110
-42
3
42
71
141
88
65
96
159
110
-12
-17
-78
-143
-378
-580
-677
-712
-829
-938
-1002
-1043
-1312
-1541
-1824
-1897
-1923
-1863
-1886
-1885
-1044
-765
-1031
-1895
-807
396
987
954
466
168
261
1801
2259
1733
1038
1092
1354
1575
1612
1293
990
644
192
-186
201
407
127
-620
-1009
-1164
-973
-555
-387
-524
-1006
-1064
-729
-40
163
112
91
196
256
499
1155
1386
1085
529
587
1054
1438
1311
926
725
537
388
503
698
415
-149
-564
-583
-561
-542
-691
-873
-1039
-1171
-1112
-835
-582
-506
-588
-588
-448
-183
188
415
570
433
412
505
802
1017
951
707
531
692
885
963
884
735
580
503
527
547
426
252
120
63
28
-20
-1
-43
-148
-283
-244
-124
-53
-37
-54
-17
26
118
159
157
66
-18
-28
26
92
-12
-244
-450
-592
-705
-860
-937
-992
-1109
-1266
-1489
-1636
-1841
-1764
-1896
-1925
-2195
-2030
-1074
-665
-881
-1876
-964
-100
707
766
421
18
-23
1369
1923
1737
982
913
1223
1673
1711
1362
1060
698
278
120
532
503
95
-584
-749
-825
-863
-687
-409
-253
-710
-1101
-975
-222
268
344
174
143
187
450
970
1127
940
632
740
969
1143
1103
971
862
701
578
551
657
564
317
-18
-170
-291
-346
-377
-394
-565
-877
-948
-816
-582
-628
-690
-699
-475
-309
-174
6
126
300
229
396
482
659
557
549
606
642
641
626
754
685
590
431
482
487
410
187
41
54
66
85
-5
-60
-132
-148
-211
-287
-362
-354
-222
-112
-89
-144
-109
-69
-28
-63
-93
-139
-105
-114
-149
-288
-426
-529
-709
-658
-761
-735
-1080
-1130
-1303
-1413
-1503
-1673
-1570
-1824
-1664
-1799
-1025
-686
-630
-1305
-1110
-219
315
857
477
359
-206
650
1476
1995
1682
1137
1065
1282
1744
1685
1621
1254
756
257
445
752
662
104
-389
-481
-558
-521
-527
-308
-372
-654
-811
-536
-82
69
153
138
159
-24
166
468
762
647
473
457
521
625
706
873
800
566
251
272
470
608
398
54
-184
-229
-229
-243
-327
-494
-696
-828
-764
-643
-599
-692
-656
-537
-423
-424
-336
-146
-13
64
87
180
186
256
334
476
532
503
494
545
634
627
558
472
476
487
420
342
370
404
390
282
161
50
11
33
9
-21
-121
-160
-150
-56
40
80
73
11
-16
-55
-21
5
-40
-200
-274
-252
-248
-344
-419
-507
-576
-712
-838
-928
-949
-981
-1141
-1229
-1314
-1302
-1371
-1282
-1243
-951
-751
-680
-862
-831
-499
-287
95
286
460
169
195
507
925
1104
1039
1053
1055
967
840
930
998
771
475
512
618
476
81
-74
4
20
-168
-207
-69
-80
-302
-357
-68
135
1
-231
-167
19
-25
-162
-115
31
-3
-7
144
302
283
232
337
481
572
500
477
488
479
374
331
371
348
219
95
85
73
-13
-155
-169
-125
-132
-305
-407
-350
-209
-144
-181
-198
-174
-121
-121
-68
-31
-38
-16
56
132
126
128
234
392
485
436
424
537
629
605
508
525
553
521
466
429
386
278
207
197
219
135
-14
-114
-94
-51
-38
-98
-199
-254
-257
-286
-375
-436
-440
-429
-514
-631
-699
-681
-666
-710
-803
-867
-874
-888
-898
-932
-984
-1045
-1088
-1138
-1158
-1103
-942
-720
-586
-637
-672
-557
-418
-298
-58
207
233
133
279
593
708
680
775
1026
1024
875
906
1076
1020
751
675
758
747
578
434
406
337
120
-33
-41
4
-127
-273
-258
-214
-328
-539
-558
-427
-406
-513
-490
-342
-272
-228
-93
98
158
198
290
446
598
606
587
573
624
587
545
519
478
390
286
252
237
209
91
-15
-45
-56
-123
-181
-161
-137
-157
-146
-83
-51
-128
-199
-146
-32
32
52
104
147
203
298
409
486
520
547
589
658
674
618
590
594
611
596
537
466
365
294
244
249
213
90
30
20
-4
-121
-216
-222
-232
-287
-347
-369
-420
-504
-582
-614
-643
-728
-817
-832
-783
-815
-894
-957
-988
-1045
-1098
-1152
-1162
-1153
-1203
-1263
-1268
-1086
-916
-824
-827
-776
-730
-690
-465
-149
-11
-102
-16
312
575
588
582
747
881
838
866
1106
1182
893
636
705
814
686
492
436
423
265
63
79
153
-26
-335
-338
-87
-50
-273
-413
-327
-256
-310
-299
-115
30
23
94
321
486
451
412
584
820
909
830
804
847
793
653
582
571
473
378
317
329
267
120
-11
-38
12
-68
-133
-139
-132
-222
-317
-242
-186
-180
-241
-228
-141
-120
-131
-139
-54
13
43
122
210
260
233
240
285
355
395
417
401
362
313
294
320
302
226
147
167
163
89
4
-31
-45
-71
-102
-187
-227
-209
-161
-223
-322
-353
-376
-399
-455
-492
-549
-622
-677
-740
-761
-809
-857
-895
-941
-1009
-1060
-1088
-1145
-1193
-1218
-1113
-907
-732
-742
-768
-660
-560
-420
-171
129
171
71
195
532
724
707
768
973
1026
909
962
1186
1139
799
630
742
749
534
366
354
282
35
-106
-2
63
-181
-443
-361
-184
-245
-393
-368
-274
-267
-304
-146
59
85
34
126
338
404
409
459
580
671
651
635
684
708
580
417
392
403
362
268
206
190
127
13
-63
-42
-82
-212
-263
-203
-155
-213
-277
-239
-168
-151
-212
-164
-72
-46
-68
-39
79
78
75
101
198
280
283
323
385
441
394
335
356
375
344
294
295
296
244
218
211
186
122
82
106
148
121
73
41
40
36
-22
-52
-86
-136
-215
-308
-363
-450
-547
-641
-662
-661
-738
-887
-1005
-1046
-1108
-1205
-1251
-1230
-1147
-1069
-996
-944
-849
-726
-703
-575
-279
28
39
-38
132
404
559
610
787
958
940
883
1049
1243
1100
817
749
840
779
561
398
363
262
53
-78
-68
-108
-342
-494
-422
-361
-479
-585
-528
-448
-464
-480
-337
-197
-198
-204
-63
104
134
115
206
408
505
464
440
501
520
440
422
486
448
294
178
194
211
138
38
-9
-30
-138
-248
-269
-227
-236
-280
-239
-157
-130
-169
-166
-69
18
20
8
64
123
109
132
243
304
274
228
315
432
422
357
356
437
434
363
339
368
320
223
209
239
195
72
38
119
108
16
-20
45
76
10
-21
17
44
-61
-157
-170
-194
-291
-414
-458
-475
-520
-622
-708
-754
-861
-1013
-1088
-1129
-1225
-1333
-1296
-1127
-1007
-996
-1006
-878
-766
-694
-510
-215
-54
-103
-18
241
504
613
711
873
989
1011
1050
1196
1258
1119
974
980
967
832
684
602
504
331
165
110
75
-76
-276
-331
-288
-358
-502
-483
-366
-356
-433
-436
-320
-260
-267
-215
-68
13
7
88
251
347
307
262
321
368
320
266
288
268
135
49
74
109
49
-78
-153
-182
-210
-289
-351
-343
-351
-375
-348
-261
-218
-247
-248
-171
-90
-24
36
95
128
115
107
166
257
281
309
378
409
341
293
311
352
399
394
366
338
310
280
262
258
233
184
168
195
206
187
156
174
208
234
260
269
240
184
156
130
96
15
-55
-99
-144
-230
-336
-422
-530
-667
-812
-896
-955
-1054
-1193
-1322
-1368
-1292
-1168
-1082
-1080
-1060
-993
-919
-742
-487
-266
-199
-123
92
353
525
609
728
866
941
977
1138
1307
1229
1024
970
1034
988
811
673
592
429
242
153
155
32
-205
-314
-269
-254
-337
-386
-355
-353
-405
-416
-349
-271
-267
-231
-106
3
17
60
191
301
339
308
327
395
412
347
307
344
328
250
193
183
146
48
-56
-89
-98
-176
-262
-303
-313
-344
-366
-338
-322
-351
-372
-330
-227
-143
-130
-111
-53
18
58
110
149
161
175
212
280
299
273
252
263
300
293
254
223
234
237
212
188
137
79
64
81
109
153
166
146
158
197
207
168
162
173
171
125
83
80
57
-20
-119
-172
-248
-348
-443
-505
-579
-729
-868
-943
-1006
-1084
-1121
-1070
-995
-986
-996
-948
-840
-760
-682
-482
-271
-167
-129
27
264
406
480
609
787
869
904
1019
1149
1139
1023
960
966
919
799
655
547
431
274
163
115
35
-148
-305
-334
-305
-356
-436
-476
-485
-523
-552
-476
-364
-325
-332
-241
-109
-40
4
101
212
256
239
270
349
389
348
291
297
294
259
226
209
161
67
3
7
6
-49
-112
-165
-191
-244
-278
-276
-284
-298
-301
-285
-262
-222
-186
-151
-106
-57
-5
22
37
33
62
95
139
185
217
232
236
266
290
272
276
319
322
308
288
275
248
220
214
239
265
228
219
242
214
164
140
162
196
202
204
205
161
83
37
28
-2
-81
-139
-170
-210
-279
-338
-365
-411
-464
-490
-510
-535
-573
-606
-619
-632
-655
-638
-578
-502
-450
-411
-359
-287
-201
-129
-68
-23
48
130
195
261
335
390
416
428
418
429
420
402
383
361
316
270
255
213
130
31
-36
-89
-174
-241
-272
-313
-368
-390
-390
-386
-386
-363
-319
-294
-275
-245
-183
-141
-118
-60
18
83
129
185
253
305
361
410
439
463
464
498
525
526
544
562
554
519
481
469
464
422
375
349
328
295
264
270
251
208
183
146
67
-24
-53
-72
-153
-215
-229
-234
-287
-339
-376
-438
-488
-510
-524
-577
-638
-663
-661
-663
-671
-669
-663
-622
-544
-446
-388
-367
-319
-251
-168
-78
19
124
195
238
295
360
374
345
343
383
408
397
389
362
294
203
172
153
70
-23
-72
-89
-131
-179
-175
-159
-157
-132
-66
-10
4
26
91
180
235
269
339
423
476
547
620
659
648
659
697
710
676
612
554
496
439
373
325
266
172
75
-1
-76
-189
-286
-343
-387
-440
-488
-510
-545
-571
-603
-629
-632
-631
-623
-602
-571
-547
-517
-480
-448
-393
-328
-283
-267
-260
-223
-174
-126
-90
-64
-46
1
69
123
136
127
154
206
245
257
271
272
255
269
308
325
318
309
317
331
294
243
211
170
125
102
95
92
56
7
-15
-33
-66
-107
-107
-107
-128
-146
-146
-111
-109
-111
-91
-91
-105
-89
-40
-36
-54
-55
-36
-52
-75
-54
-56
-80
-111
-105
-102
-134
-172
-210
-246
-300
-315
-305
-316
-358
-390
-387
-388
-405
-426
-404
-383
-375
-330
-255
-198
-179
-141
-58
23
71
118
187
255
302
340
385
428
466
526
573
575
572
582
593
579
571
558
507
447
396
372
331
270
225
179
135
87
46
3
-52
-103
-112
-106
-139
-161
-174
-165
-170
-188
-195
-207
-209
-227
-219
-196
-212
-220
-214
-203
-211
-210
-189
-177
-182
-184
-173
-179
-164
-134
-97
-74
-66
-42
-26
-6
27
59
73
66
86
123
144
136
136
145
150
153
164
185
156
112
103
107
79
28
9
9
-22
-46
-44
-58
-103
-139
-139
-136
-141
-140
-124
-120
-111
-88
-59
-34
-19
14
33
41
52
66
90
88
89
102
106
89
73
76
64
29
-21
-24
-40
-86
-108
-106
-124
-189
-226
-225
-228
-248
-243
-211
-219
-238
-209
-147
-122
-107
-53
-2
39
74
136
179
178
197
240
277
290
302
324
334
331
345
362
339
292
265
265
255
233
215
183
126
71
60
68
24
-31
-56
-79
-114
-136
-128
-138
-175
-206
-201
-201
-221
-229
-222
-214
-235
-244
-233
-215
-209
-201
-182
-183
-178
-158
-115
-89
-83
-80
-73
-49
-29
-2
34
56
78
91
125
148
154
172
195
223
233
248
247
233
234
239
238
207
182
163
129
88
58
47
19
-21
-58
-90
-111
-148
-176
-194
-206
-212
-216
-217
-214
-202
-181
-155
-131
-107
-72
-47
-15
17
33
48
62
83
101
117
128
125
114
102
103
102
92
84
73
55
17
-16
-41
-62
-81
-100
-123
-157
-195
-217
-223
-224
-231
-237
-232
-228
-217
-195
-179
-165
-145
-116
-84
-63
-39
-20
-5
13
43
79
93
91
98
117
118
109
106
101
83
70
75
64
35
2
-14
-12
-13
-16
-25
-40
-55
-62
-50
-45
-50
-56
-51
-28
-8
-1
5
15
23
33
40
53
64
71
85
100
116
127
139
143
142
149
169
187
193
205
210
203
200
220
240
232
222
216
216
212
200
183
167
147
139
133
124
102
70
45
30
11
-17
-41
-70
-102
-125
-138
-169
-196
-208
-215
-214
-222
-224
-218
-219
-217
-210
-190
-164
-140
-111
-86
-65
-51
-30
-10
16
43
59
74
86
97
99
103
109
114
115
113
118
104
78
52
39
27
21
20
12
-10
-38
-57
-70
-75
-85
-89
-95
-98
-99
-108
-114
-121
-119
-104
-86
-71
-53
-54
-63
-61
-47
-30
-19
-8
3
6
4
0
-3
-5
-11
-11
-6
-6
-15
-32
-47
-58
-67
-72
-71
-78
-94
-118
-123
-120
-126
-127
-112
-95
-93
-95
-84
-78
-87
-79
-60
-41
-30
-15
-2
13
21
25
41
59
81
99
115
122
127
148
160
173
189
213
224
224
227
230
231
221
220
226
226
219
206
200
184
159
141
127
105
68
41
10
-20
-38
-52
-66
-92
-115
-128
-144
-166
-184
-189
-193
-195
-189
-180
-168
-161
-142
-118
-99
-80
-64
-48
-40
-29
-6
16
29
48
70
79
76
77
83
82
73
63
67
59
40
23
14
2
-14
-20
-25
-39
-66
-85
-94
-111
-123
-117
-104
-97
-90
-83
-81
-81
-73
-57
-40
-28
-15
2
17
25
37
50
61
79
91
95
85
72
67
65
65
63
70
66
53
35
18
1
-26
-42
-50
-50
-63
-81
-93
-102
-104
-113
-112
-106
-104
-105
-111
-114
-113
-110
-97
-79
-59
-46
-42
-40
-32
-28
-22
-10
3
18
28
41
52
56
65
82
101
107
109
111
109
108
113
124
131
135
135
136
125
112
99
85
75
70
67
53
27
10
3
-5
-18
-28
-33
-43
-65
-75
-76
-83
-87
-86
-67
-53
-56
-55
-48
-40
-35
-24
-4
7
10
16
35
44
48
56
70
74
65
66
64
52
38
38
46
42
30
18
5
-13
-31
-37
-42
-57
-68
-72
-77
-88
-98
-100
-97
-95
-88
-77
-83
-93
-92
-76
-62
-52
-37
-16
-1
5
16
26
27
28
46
64
69
64
65
74
74
77
80
80
70
60
53
40
24
13
12
12
12
5
-8
-24
-38
-45
-49
-55
-58
-62
-67
-69
-72
-73
-77
-74
-67
-61
-60
-63
-64
-67
-64
-55
-38
-26
-19
-15
-9
0
0
3
10
19
26
32
41
46
41
47
57
61
58
59
56
44
32
34
39
28
22
26
22
10
2
2
-6
-23
-22
-12
-13
-18
-12
-2
0
3
17
31
29
28
42
58
62
64
80
97
100
102
111
119
108
98
99
102
89
71
70
67
49
34
31
19
-5
-23
-29
-45
-70
-81
-80
-92
-109
-109
-106
-116
-126
-122
-115
-120
-125
-116
-103
-102
-96
-79
-61
-53
-46
-28
-13
-11
-10
6
24
29
37
54
67
62
61
79
83
72
66
77
78
62
56
62
56
46
48
54
45
27
20
14
5
-2
1
-1
-8
-12
-11
-16
-28
-32
-32
-32
-34
-37
-39
-45
-48
-48
-42
-36
-36
-36
-32
-31
-39
-42
-33
-29
-29
-20
-6
-6
-13
-8
-3
-7
-8
1
5
-6
-11
-5
-10
-19
-16
-8
-16
-29
-29
-33
-49
-59
-46
-40
-47
-41
-27
-27
-39
-34
-16
-10
-9
7
31
34
31
47
70
77
82
105
124
123
117
126
133
121
114
128
137
121
105
106
96
67
47
49
40
9
-7
-5
-21
-55
-70
-62
-71
-96
-99
-92
-109
-135
-130
-115
-121
-132
-114
-93
-101
-112
-95
-77
-84
-85
-53
-33
-43
-46
-19
0
-12
-6
26
41
27
28
53
55
33
39
73
80
60
66
87
77
49
54
74
62
41
52
70
51
23
29
37
19
0
10
16
-10
-29
-18
-13
-34
-45
-29
-21
-37
-44
-26
-25
-47
-46
-18
-9
-23
-19
9
12
-4
4
27
26
10
24
47
38
15
20
37
24
6
14
25
2
-24
-19
-17
-45
-65
-55
-44
-63
-76
-65
-65
-88
-91
-67
-57
-67
-60
-35
-28
-40
-29
-3
3
4
30
58
54
39
50
70
68
66
88
101
89
75
83
82
58
47
62
68
52
40
41
25
-3
-9
6
3
-16
-19
-13
-29
-53
-54
-45
-52
-56
-40
-32
-54
-69
-62
-57
-64
-58
-35
-29
-44
-45
-32
-34
-43
-30
-2
6
0
4
13
4
-5
14
39
43
39
49
55
39
25
36
51
46
42
56
57
27
4
10
15
1
0
16
11
-23
-38
-28
-37
-59
-51
-21
-27
-55
-53
-38
-53
-70
-43
-8
-15
-30
-8
10
-9
-17
16
43
31
28
57
66
35
25
58
72
49
48
74
67
27
16
39
35
5
10
35
17
-25
-30
-13
-31
-57
-37
-10
-33
-63
-48
-29
-54
-69
-36
-10
-29
-41
-14
-2
-29
-34
6
23
2
1
27
32
3
5
36
42
17
20
44
38
8
8
33
31
8
12
31
17
-14
-10
14
4
-18
-6
12
-11
-39
-24
-5
-22
-34
-10
7
-20
-38
-19
-7
-23
-24
6
13
-9
-15
3
6
-8
1
28
31
15
14
25
19
7
