22
3
-28
-2
-44
-80
-64
-83
-95
-84
-91
-89
-73
-94
-82
-75
-98
-67
-75
-82
-70
-71
-62
-72
-75
-65
-74
-64
-60
-66
-49
-49
-45
-30
-51
-45
-23
-26
-16
-21
-34
-31
-39
-35
-28
-37
-62
-34
-18
-37
-26
11
-2
7
48
15
52
40
56
86
48
50
75
43
82
79
25
50
33
9
33
13
-14
-1
-11
37
19
5
41
23
69
80
46
90
83
81
93
62
64
16
3
43
-16
-60
-14
-43
-43
-17
-44
-30
-46
-52
1
-21
-69
7
2
-29
7
-3
-41
-4
-28
-59
-30
-59
-90
-38
-62
-61
-37
-69
-33
-34
-59
-12
-14
-67
4
-4
-55
-25
-18
-41
-43
1
3
4
19
33
64
38
51
67
43
68
64
52
75
65
46
96
75
41
74
46
59
47
56
71
23
80
97
70
110
71
98
101
55
134
62
59
100
24
55
65
-9
6
60
-14
-9
-16
-71
-25
-67
-97
-55
-104
-84
-23
-70
-56
-40
-36
-48
-4
24
-47
-10
-1
20
-76
-84
11
-60
-100
-94
-45
-114
-201
-45
-42
-257
-36
-2
-219
-41
6
-100
-41
-38
3
-42
-124
68
-51
-186
38
7
-145
-22
30
-102
-101
83
-44
-119
63
55
-70
-5
115
-60
-37
103
16
0
32
83
27
99
97
113
117
104
182
99
117
178
65
88
161
70
59
198
51
44
236
-32
95
159
-57
136
20
69
30
-1
216
-101
60
192
-154
158
86
-84
157
-24
3
164
-80
30
155
-93
43
50
-152
24
-30
-145
23
4
-190
63
42
-67
-53
182
-37
-10
154
-187
78
-4
-280
57
-70
-287
98
-165
-157
23
-108
-99
134
-113
-10
234
-71
68
221
-58
52
82
52
-27
-21
95
-90
30
-10
-35
63
-121
66
42
-235
-16
-34
-255
-93
-53
-271
-138
-135
-239
-97
-165
-69
-82
-87
26
-14
20
-17
75
67
39
111
13
118
1
68
49
-88
159
-98
-71
74
-255
5
-43
-286
102
-243
-244
139
-265
-171
78
-193
-9
-35
-127
87
-133
-104
118
-168
-150
51
-154
-71
-62
-89
-59
-1
-107
21
77
-195
192
59
-127
297
-119
117
132
-131
196
-62
12
44
108
-44
103
166
-52
279
-49
164
201
-100
352
-99
95
129
-179
204
-181
79
-18
-94
164
-82
-10
115
57
-63
198
130
-70
175
-52
175
-43
-142
320
-328
65
87
-241
22
-52
-66
2
76
-43
59
122
-79
171
-76
152
175
-209
310
20
-68
143
89
-6
37
123
-3
127
-49
138
59
-95
131
-35
-9
-33
-2
-68
-71
-11
-191
-10
22
-195
-25
76
-132
-2
25
-31
26
-36
54
105
-108
93
77
-67
25
-2
127
-219
189
13
-141
117
23
-173
103
43
-230
236
-125
34
55
-95
183
17
-96
209
128
-188
215
87
-46
69
19
100
-67
-29
116
-119
-53
136
-182
215
-184
49
174
-332
283
-69
-24
168
-95
121
19
-32
105
-77
23
-5
-111
-17
-133
28
-161
-8
-36
-142
84
-150
-32
49
-96
-62
193
-181
22
133
-166
-33
13
-61
-21
-56
82
-24
-162
180
-103
-76
71
-45
62
-134
-28
222
-324
43
84
-253
93
-93
-175
92
-196
-111
91
-105
-69
90
-99
-16
133
-107
82
113
-23
29
127
1
0
78
61
-39
168
-101
188
75
-133
333
-100
44
301
-157
276
73
53
265
-76
272
-1
4
173
-108
-18
126
-179
74
0
-116
12
-22
-75
137
-126
-29
226
-239
66
56
-85
-14
-30
-37
-25
-78
-50
-97
-69
-74
-54
-124
30
-23
-207
55
-3
-115
-1
-86
86
-199
-93
121
-255
-50
31
-138
-169
-20
71
-253
83
-4
-130
67
-87
112
-112
-21
93
-19
-102
141
41
-130
74
75
-165
85
31
-131
-3
-3
-103
-107
14
-64
-96
-55
-90
143
-324
221
-28
-199
234
-288
169
-79
-215
238
-146
-77
138
83
-200
303
19
-108
489
-285
322
293
-298
480
93
-130
360
93
-76
238
86
-92
261
-118
130
137
-256
357
-33
-163
236
-40
-85
-47
138
-297
82
-189
84
-216
-209
257
-399
59
11
-225
118
-250
32
-17
-154
-53
34
-161
-49
22
-204
36
61
-338
237
-196
-86
63
-205
93
-67
-15
-36
121
-111
23
213
-50
131
140
88
113
144
-65
501
-47
-70
811
-402
396
433
-395
843
-281
91
609
-391
291
298
-227
303
105
-177
442
-136
100
231
-123
80
119
-28
-194
335
-223
-2
77
-194
206
-443
291
-89
-263
201
-217
65
0
-134
116
-48
-125
102
-157
-58
-6
-172
-103
-56
-236
-55
-94
-158
-168
33
-70
-434
394
-355
-199
312
-433
269
-200
-105
198
-235
-103
98
-96
-178
79
-106
-167
12
-58
2
-144
79
-54
-59
115
-235
244
-115
-165
290
-260
-63
196
-207
-129
230
-308
63
16
-240
275
-355
167
165
-343
292
-42
-72
183
-43
81
84
-50
117
22
-53
31
92
-98
-22
68
-114
-110
165
-253
38
-38
-42
-101
-45
-55
-63
-107
-216
181
-217
-231
182
-171
-222
278
-358
125
49
-260
134
-98
-21
-86
85
-54
62
10
27
-8
79
-9
-73
340
-296
161
165
-219
151
8
104
-123
332
-262
197
406
-703
918
-187
-309
847
-566
325
365
-451
565
68
-209
433
113
-135
381
26
24
269
-193
368
-168
159
49
-28
169
-235
255
-242
71
-67
0
-17
-139
168
-202
-113
382
-622
419
90
-479
550
-456
229
-83
-373
512
-441
29
72
-266
248
-521
357
-91
-446
437
-360
-16
-40
-146
91
-394
120
-112
-325
174
-341
180
-405
152
-1
-425
347
-204
-4
-15
-97
307
-423
195
328
-518
396
-109
-44
103
51
-19
165
-26
-71
278
-261
196
213
-267
439
-101
-54
297
-259
286
-124
126
16
-25
80
-17
-76
112
-25
-169
343
-218
53
243
-348
360
-218
101
80
-165
300
-182
117
-14
37
-45
117
-39
83
32
34
105
-80
197
17
-105
278
-154
185
-39
26
304
-379
384
-51
-89
158
24
-78
0
145
-158
108
57
-130
176
-274
13
153
-268
-219
461
-476
-70
445
-632
219
94
-499
506
-469
39
165
-370
16
136
-339
24
123
-248
-122
43
143
-466
313
69
-148
61
115
163
-49
54
320
155
-234
540
159
-123
412
31
165
102
125
201
-28
309
23
-96
246
57
-81
120
53
114
-223
2
271
-381
21
263
-211
-151
79
5
-259
46
-13
68
-367
121
50
-317
71
-70
-46
-264
202
-236
-60
31
-175
-33
-144
22
-134
-4
-47
-5
109
-273
371
-230
-11
296
-423
314
-130
-99
374
-424
294
13
-273
360
-387
97
223
-418
222
214
-378
281
-70
-198
259
-338
25
203
-397
198
99
-349
304
-265
89
-56
-86
198
-203
149
22
-203
292
-156
-148
380
-473
210
6
-250
209
-147
101
-77
-54
201
-23
-149
343
-63
-79
239
-220
389
-291
118
411
-579
465
87
-301
352
50
-294
419
-220
-186
512
-630
450
-172
-195
437
-573
328
-142
-86
-52
81
-118
-97
272
-367
141
23
-149
110
-228
331
-280
-13
299
-332
155
-98
124
-235
129
-72
-61
50
-56
154
-263
276
-92
-126
342
-194
238
-233
284
-122
-257
459
-412
381
-174
-78
552
-682
408
155
-240
237
-68
231
-341
180
11
-92
25
2
104
-252
139
-67
-59
-121
126
-75
-121
129
-143
59
-208
199
-171
-20
151
-175
87
-44
40
-120
-34
224
-350
342
-52
-281
439
-380
238
13
-111
174
10
-199
296
-134
23
267
-183
200
-64
83
-94
74
6
-80
104
-11
-55
145
-32
-23
112
80
-57
181
53
-24
16
-5
27
-99
119
36
-12
17
47
-15
-30
49
111
-242
263
-75
6
-94
78
35
-343
451
-411
192
50
-217
322
-126
-104
256
-151
-14
149
-212
113
30
-225
329
-229
99
129
-225
101
49
-150
-4
102
-179
239
-362
274
-48
-194
192
-101
12
-126
92
-94
-133
201
-108
-108
307
-254
247
-111
124
-3
-263
302
-19
-75
117
97
-226
131
-77
5
131
-337
236
-246
-51
36
-243
311
-62
-193
159
71
-347
330
-138
46
64
-168
225
-189
29
138
-76
56
137
105
-137
246
-97
-72
219
-91
31
85
-121
52
-6
0
35
9
-2
-76
-32
72
11
-184
191
35
-294
280
-31
-88
278
-298
214
-58
-259
129
-43
-10
-296
228
-97
-236
198
-56
-11
-91
47
99
-165
34
160
-22
-233
398
-303
-189
379
-485
301
-97
-185
73
-113
-233
224
-3
-269
466
-216
-13
139
-273
274
-154
-60
356
-165
-64
186
-138
-280
322
-114
-104
165
201
-108
-29
144
88
-40
47
148
270
-425
179
159
-466
290
-267
78
-136
-102
206
-220
140
-169
3
-17
-108
129
-6
-2
152
-244
3
45
-90
37
-158
297
-112
-281
316
-37
-71
33
17
265
-73
-9
398
46
-131
56
315
-159
-87
406
-174
35
-125
135
179
-320
182
200
-184
-124
312
-83
-99
78
65
14
-28
111
38
167
-85
98
55
-81
140
-109
50
148
-214
-31
190
-237
-24
149
-23
11
-116
9
-42
-150
63
200
-135
-34
52
-209
16
-105
63
7
-18
-4
-25
100
-70
42
127
45
-48
-38
256
-177
-60
168
-61
47
-235
184
-34
-226
104
-114
-9
-135
-100
110
-91
-57
7
50
-63
-66
-86
152
-58
-280
387
-245
-130
-48
-47
209
-384
109
220
-307
38
65
-76
48
-151
22
-19
-121
43
-19
45
88
-93
29
118
-114
20
11
82
-82
-129
247
-150
-111
75
56
-142
-51
91
-55
-38
-188
194
-161
-89
37
-59
67
-119
-49
91
-125
-101
98
-20
46
-63
129
41
-88
140
-9
12
68
50
52
-19
22
-30
-104
76
35
-127
178
15
109
33
74
220
-158
175
158
-60
110
-6
-9
-42
4
88
-151
99
71
-181
102
87
-96
220
84
212
211
50
242
22
79
73
31
-11
4
19
-85
17
-96
-122
63
-8
-161
80
-24
-154
41
-60
-15
-160
-48
-111
-194
-16
-104
-59
-87
-203
-48
-187
-41
-23
-111
30
-122
-106
-50
32
-114
-50
43
-209
-40
-63
-139
-14
-153
-108
-73
-97
-124
9
14
-112
-16
-62
-123
-46
27
63
21
55
32
-50
-6
24
59
112
106
41
133
55
20
31
107
93
27
251
106
181
95
66
115
-55
132
148
90
78
57
2
-40
37
11
85
73
-2
58
133
67
99
123
52
150
108
229
213
181
99
146
163
43
180
114
73
160
36
12
32
-134
7
-35
3
24
-40
-49
-110
-160
-149
-45
-138
-41
-70
-139
-79
-193
-106
-170
-164
-136
-152
-139
-176
-149
-131
-141
-139
-177
-135
-207
-249
-143
-253
-248
-256
-278
-325
-389
-414
-433
-452
-387
-472
-514
-519
-626
-611
-603
-609
-507
-583
-260
95
323
398
562
595
606
783
1116
1424
1353
1303
1306
1209
932
994
1002
804
693
760
685
474
240
23
-197
-295
-289
-233
-188
-301
-457
-477
-474
-592
-565
-323
-234
-15
146
284
451
324
520
559
677
750
826
932
779
693
484
385
163
69
3
-34
-175
-418
-552
-791
-1018
-1130
-1068
-1105
-1071
-938
-959
-895
-879
-836
-724
-559
-452
-317
-179
-90
-135
-103
-168
-236
-305
-346
-331
-479
-614
-789
-1092
-1297
-1561
-1705
-1932
-2093
-1495
-732
-417
-357
-48
-169
-557
81
1267
1810
1722
2004
2271
1652
1505
2011
1961
1545
1717
1972
1824
1294
799
73
-659
-1050
-931
-658
-820
-1030
-1521
-1668
-1807
-1942
-1766
-1370
-1005
-616
91
568
663
681
881
1155
1671
1924
2329
2414
2259
2078
1894
1771
1390
1266
1234
1091
896
466
67
-321
-704
-790
-850
-753
-853
-895
-809
-816
-796
-830
-511
-200
-44
500
703
796
712
714
874
907
1051
1005
971
771
450
280
-69
-371
-491
-628
-597
-753
-945
-1136
-1422
-1515
-1598
-1372
-1326
-1193
-1027
-1062
-1088
-1220
-1266
-1332
-1200
-1101
-1064
-1125
-1295
-1637
-1950
-2322
-2332
-2387
-2229
-575
1319
1586
617
622
291
-651
862
3630
4337
2729
1981
2214
715
146
1548
1877
594
601
1715
958
-613
-1570
-2713
-3182
-2616
-999
-188
-905
-1797
-2850
-2860
-2191
-1386
-628
190
945
1198
1852
2206
1642
1264
1558
2413
3189
3407
3045
1977
1091
713
691
701
525
268
-143
-328
-436
-1001
-1674
-2088
-1843
-1365
-792
-213
-295
-616
-710
-213
278
494
939
1376
1929
2381
2425
2279
1648
1091
1112
1632
1874
1553
1001
116
-506
-963
-983
-908
-1075
-964
-690
-675
-838
-1133
-1350
-1283
-622
164
658
932
606
317
143
142
375
361
605
676
593
335
-120
-489
-1009
-981
-772
-618
-635
-1000
-1309
-1649
-1862
-1837
-1821
-1685
-1615
-1529
-1523
-1667
-2108
-2469
-2357
-2180
-2040
-1835
-1846
-1863
-438
1872
2569
1501
1423
1295
300
1512
4583
5483
3037
1339
1316
-102
-838
739
1474
-149
-959
55
-577
-2337
-3104
-3498
-3573
-2743
-563
446
-544
-1666
-2274
-1586
-457
904
1926
2406
2478
2182
2697
2864
2223
1880
2164
2807
2861
2551
1841
466
-608
-796
-278
-167
-389
-566
-904
-1189
-1301
-1389
-1411
-1559
-1079
-169
471
743
564
254
-42
280
1015
1569
1683
1620
1634
1401
1142
975
655
237
336
767
733
507
-19
-894
-1378
-1283
-779
-410
-238
-66
-278
-710
-676
-542
-642
-232
292
721
1030
828
443
-67
-451
-392
-49
184
139
-36
-476
-941
-1226
-1292
-1173
-1102
-875
-657
-677
-902
-1140
-1372
-1480
-1231
-916
-795
-696
-929
-1392
-1758
-2059
-2132
-2156
-2197
-2292
-2492
-2041
402
2893
2919
1676
1366
781
186
2845
6383
6411
3124
1303
842
-1010
-903
1236
1480
-477
-773
95
-1300
-3143
-3961
-3951
-3411
-1772
732
968
-503
-1983
-2274
-886
613
1961
2578
2829
2548
2167
2661
2628
1901
1304
1627
2360
2262
1754
792
-654
-1673
-1550
-617
-271
-395
-732
-1057
-1151
-1188
-917
-728
-553
-22
769
1365
1174
489
-65
-207
299
969
1330
1058
398
-49
-333
-207
-72
-238
-342
14
537
496
407
-106
-724
-953
-604
414
546
294
-37
-645
-940
-1023
-633
-387
-366
15
389
563
245
-88
-347
-419
79
476
767
512
-53
-377
-550
-415
-368
-278
-330
-353
-376
-485
-460
-615
-736
-784
-771
-720
-965
-1170
-1508
-1868
-2190
-2437
-2578
-2859
-3111
-3173
-3213
-2275
620
3218
3231
1561
1225
733
458
3460
6899
6730
2980
929
267
-1449
-1133
932
1375
-479
-913
-388
-1952
-3560
-4161
-3593
-2669
-1076
1076
1120
-112
-1377
-1344
124
1558
2737
3159
3416
2944
2365
2557
2332
1596
860
1139
1752
1615
965
-193
-1453
-2285
-1915
-721
-117
-71
-489
-775
-824
-587
-126
88
477
853
1157
1427
1138
456
-182
-246
66
392
615
372
-5
-440
-589
-586
-599
-165
309
752
1139
1025
357
-435
-475
-311
16
418
233
-181
-1046
-1262
-1240
-1361
-932
-664
-331
-90
192
378
236
192
96
359
536
555
528
150
9
-334
-451
-440
-536
-448
-507
-497
-618
-705
-726
-704
-482
-409
-497
-847
-1248
-1412
-1615
-1729
-1947
-2136
-2450
-2835
-3140
-3217
-3096
-1748
1903
4371
3480
1592
886
147
420
4149
7444
6238
2226
262
-758
-2216
-795
1395
1030
-681
-834
-918
-2495
-3298
-3357
-3065
-2221
-357
1457
1239
269
-730
-803
359
1691
2680
3160
3325
2660
2059
2006
1493
716
273
575
990
765
124
-1085
-2148
-2339
-1439
-202
310
352
-60
-352
-110
426
867
796
850
946
1093
1242
852
60
-761
-970
-743
-305
65
-91
-440
-755
-813
-622
-378
151
999
1722
1929
1599
907
-3
-363
9
669
920
407
-327
-1160
-1623
-1433
-1048
-755
-543
-223
54
335
414
168
0
-75
98
386
562
329
-207
-540
-814
-935
-886
-731
-667
-709
-646
-656
-695
-649
-566
-439
-438
-586
-843
-1185
-1597
-1989
-2149
-2381
-2605
-2780
-3043
-3244
-3424
-3280
-1460
2085
4428
3312
1705
1289
447
1085
4415
7264
5774
2089
298
-1000
-1900
-762
971
505
-961
-1097
-1707
-2644
-3137
-3158
-2987
-2464
-460
1041
1358
960
145
33
619
1663
2608
3512
3913
3302
2535
1807
1275
680
308
520
594
296
-494
-1350
-1839
-1872
-1231
-638
-255
-92
-3
218
476
786
561
269
362
680
993
1020
575
-311
-1050
-1211
-948
-547
-352
-421
-488
-502
-217
-37
156
948
1540
1790
1671
1692
1030
221
404
452
621
-46
-443
-734
-1433
-1003
-898
-845
-826
-613
-276
36
729
697
723
528
407
543
313
373
-32
-269
-310
-528
-697
-927
-882
-1022
-925
-733
-625
-365
-422
-422
-413
-566
-770
-1069
-1167
-1339
-1590
-1939
-2274
-2389
-2694
-2702
-2712
-2825
-2854
-1495
2098
4721
4128
2481
1711
764
816
3772
6877
6481
2831
255
-1184
-2283
-1405
179
184
-1336
-1844
-2343
-3038
-3176
-3256
-3320
-3356
-1639
358
1336
1545
1067
538
330
1120
2229
3462
4165
3693
2688
1727
1118
682
284
111
13
-296
-636
-945
-1015
-1051
-1022
-967
-790
-230
410
1032
1343
1297
762
259
242
472
749
742
297
-473
-966
-1145
-1156
-1060
-1081
-1054
-784
-315
226
653
937
1080
1016
1168
1524
1744
1580
1382
1028
409
-27
-629
-788
-916
-904
-602
-700
-667
-771
-847
-782
-356
266
614
942
915
799
358
-129
-314
-465
-317
-146
-131
-378
-737
-951
-1102
-1065
-788
-338
-92
-26
97
-82
-478
-861
-1050
-1201
-1395
-1428
-1604
-2015
-2388
-2679
-2956
-3112
-3018
-2860
-2241
362
3426
4162
2653
1726
1396
677
2081
4943
6350
4117
1309
-59
-1508
-1568
-751
-294
-1339
-1858
-1714
-2477
-2634
-2744
-2904
-3478
-2738
-600
900
1823
1890
1590
1078
961
1515
2405
3440
3685
3129
2431
1787
1292
547
-209
-628
-905
-792
-667
-404
-247
-475
-807
-1198
-941
-199
817
1475
1586
1354
777
462
311
337
331
27
-344
-469
-419
-491
-774
-1097
-1336
-1225
-659
-38
554
1039
1359
1180
972
1146
1109
932
872
868
590
156
-410
-916
-1279
-1323
-974
-979
-778
-484
-493
-397
-148
176
368
524
594
674
559
310
67
-227
-337
-366
-472
-613
-747
-821
-839
-852
-692
-364
-226
-287
-293
-287
-366
-538
-695
-910
-1154
-1352
-1511
-1781
-2080
-2464
-2901
-2958
-2808
-2567
-2302
-1023
1534
3493
3318
2392
2310
1698
1663
3294
5275
5285
2830
1110
-126
-951
-884
-565
-924
-1881
-1798
-2172
-2422
-2201
-2266
-2847
-3429
-2171
-468
881
1791
2064
1823
1440
1543
1962
2717
3312
3136
2662
2338
2085
1671
697
-328
-1112
-1330
-1073
-775
-328
-221
-524
-1102
-1280
-805
-129
562
738
883
909
814
759
625
508
98
-407
-599
-434
-293
-338
-483
-657
-783
-608
-260
154
423
563
723
799
1054
1269
1192
743
228
-108
-336
-277
-281
-361
-395
-561
-677
-832
-741
-605
-487
-194
179
659
876
923
711
328
-11
-233
-212
-95
104
114
-224
-628
-901
-975
-993
-881
-593
-358
-236
-218
-254
-402
-697
-937
-1063
-1166
-1262
-1376
-1554
-1958
-2285
-2654
-2887
-2846
-2755
-2556
-2494
-1437
861
2917
3198
2528
2696
2102
1671
2638
4236
4655
2837
1642
675
-106
-364
-534
-1082
-2190
-2053
-2258
-2209
-1608
-1506
-2008
-2900
-2338
-1167
78
1179
1604
1671
1714
2028
2320
2772
3144
2730
2050
1818
1964
2155
1576
580
-290
-694
-806
-1069
-931
-859
-971
-1226
-1109
-463
58
275
-42
-179
-30
103
384
661
837
652
298
129
-16
-93
-148
-242
-288
-103
491
770
752
626
534
357
182
451
621
661
417
121
-159
-347
-478
-833
-918
-806
-519
-447
-305
-19
45
83
-21
135
331
572
674
536
468
245
71
-143
-281
-368
-667
-965
-1149
-1048
-847
-733
-696
-661
-637
-770
-842
-815
-777
-737
-799
-830
-898
-997
-1249
-1692
-2051
-2443
-2702
-2699
-2524
-2297
-2254
-1877
-470
1389
2394
2206
2496
2611
2092
2402
3432
4318
3243
1943
1289
555
418
209
-95
-1218
-1709
-1876
-2307
-1938
-1731
-1804
-2533
-2497
-1582
-693
197
581
726
855
1327
1837
2326
2892
2919
2477
2268
2314
2458
2156
1317
570
243
339
54
-242
-429
-767
-1115
-1352
-1043
-697
-397
-454
-688
-559
-463
-403
-404
-269
-118
-67
111
376
619
764
703
535
431
715
1058
1207
1316
1352
1379
1082
806
539
217
-207
-652
-797
-833
-646
-743
-812
-781
-794
-694
-785
-654
-402
-100
88
266
592
789
857
593
283
72
-49
-122
-150
-62
-63
-297
-566
-691
-689
-687
-774
-812
-757
-611
-639
-680
-566
-590
-780
-986
-1066
-1092
-1215
-1370
-1675
-1989
-2343
-2540
-2613
-2649
-2498
-2420
-1473
162
1434
1702
1866
2403
2119
2071
2699
3471
3111
2107
1898
1455
1286
1210
927
61
-794
-968
-1585
-1677
-1562
-1724
-2365
-2770
-2183
-1600
-990
-551
-258
5
445
875
1221
1572
1835
1882
2039
2466
2828
2957
2457
1860
1465
1330
1064
622
425
163
-71
-318
-332
-398
-614
-893
-1320
-1483
-1563
-1547
-1535
-1464
-1312
-1100
-783
-401
-14
360
680
854
998
1223
1681
1935
2006
2025
2092
2068
1789
1502
986
370
-389
-986
-1330
-1451
-1451
-1528
-1416
-1251
-988
-940
-986
-950
-898
-644
-368
61
493
849
1007
888
796
648
376
86
-41
-25
-30
-99
-224
-279
-214
-282
-526
-727
-797
-935
-1185
-1186
-1029
-977
-1099
-1224
-1201
-1249
-1395
-1581
-1826
-2056
-2195
-2195
-2199
-2126
-2028
-1770
-847
348
1113
1284
1773
2199
2040
2175
2698
3024
2310
1658
1625
1457
1433
1310
985
220
-214
-390
-902
-962
-948
-1241
-1846
-1952
-1578
-1375
-1126
-859
-614
-305
161
441
603
892
1080
1011
1201
1656
2067
2247
2194
2283
2312
2297
1969
1555
1338
1078
888
609
425
206
-96
-412
-857
-1136
-1353
-1683
-2029
-2224
-2270
-2210
-2011
-1566
-985
-386
113
480
874
1284
1649
1688
1753
1838
1990
2189
2188
2130
1710
1135
490
-141
-588
-1011
-1361
-1566
-1478
-1204
-969
-908
-982
-1020
-937
-844
-750
-546
-234
11
166
394
517
552
482
405
430
455
422
181
28
2
73
46
-68
-82
-199
-430
-678
-723
-835
-1095
-1396
-1543
-1506
-1537
-1493
-1604
-1802
-1924
-1958
-2031
-2147
-2137
-2085
-2105
-1907
-969
170
821
1063
1725
2126
1965
2143
2448
2565
1903
1395
1349
1231
1184
1047
909
444
243
82
-237
-302
-567
-943
-1491
-1803
-1656
-1398
-1156
-965
-687
-350
-108
16
172
378
361
216
476
962
1550
2051
2268
2448
2491
2505
2324
2027
1828
1553
1149
681
545
481
153
-317
-749
-975
-1301
-1718
-2057
-2357
-2518
-2469
-2192
-1813
-1298
-719
-218
264
785
1222
1395
1354
1505
1782
1966
2089
2116
2070
1880
1611
1204
740
234
-250
-638
-814
-765
-810
-972
-1170
-1165
-1008
-880
-813
-752
-564
-401
-309
-236
-130
-36
-15
116
348
571
558
405
286
262
238
90
-54
-188
-244
-340
-337
-277
-361
-571
-875
-1114
-1322
-1458
-1652
-1899
-2053
-2071
-1980
-1966
-1876
-1858
-1895
-1985
-2163
-2126
-1993
-1268
-214
586
939
1376
2004
2039
2100
2390
2610
2128
1350
1251
1185
1068
1002
961
775
626
795
673
362
26
-462
-1065
-1526
-1411
-1117
-1143
-1192
-1020
-670
-366
-261
-90
-28
-73
-25
282
812
1318
1842
2098
2262
2645
2897
2819
2378
1964
1593
1106
756
484
275
-37
-362
-606
-847
-1032
-1397
-1750
-1951
-2064
-2008
-1925
-1651
-1200
-684
-242
29
409
727
996
1168
1379
1644
1706
1707
1713
1758
1677
1524
1245
925
689
425
193
-169
-518
-827
-1069
-1156
-1159
-1102
-1054
-923
-836
-737
-613
-561
-532
-513
-375
-192
-50
76
220
325
383
419
409
403
358
234
85
-5
-77
-189
-306
-363
-400
-552
-797
-1071
-1313
-1543
-1763
-1919
-2026
-1996
-1896
-1842
-1806
-1885
-1889
-1838
-1809
-1727
-1595
-984
-113
559
887
1434
2050
2046
2089
2371
2553
2093
1450
1416
1382
1323
1423
1602
1481
1207
1171
874
504
192
-205
-853
-1483
-1442
-1246
-1393
-1483
-1271
-998
-831
-608
-277
-84
29
184
431
862
1404
1933
2081
2194
2547
2629
2371
1956
1640
1221
695
367
161
10
-250
-544
-766
-872
-961
-1267
-1626
-1801
-1766
-1675
-1591
-1399
-1060
-799
-540
-174
306
705
846
1002
1208
1492
1647
1601
1512
1466
1500
1399
1274
1111
761
288
-181
-422
-625
-942
-1285
-1457
-1431
-1371
-1239
-1117
-1026
-940
-825
-683
-525
-345
-228
-193
-61
242
456
499
526
572
566
475
339
137
-20
-170
-286
-358
-436
-516
-702
-913
-1122
-1276
-1491
-1716
-1798
-1819
-1823
-1825
-1819
-1791
-1708
-1681
-1707
-1747
-1696
-1621
-1494
-834
117
837
1033
1466
2049
2124
2246
2533
2724
2188
1593
1702
1737
1638
1595
1629
1362
1022
1108
871
336
-138
-587
-1185
-1742
-1625
-1462
-1648
-1678
-1419
-1060
-796
-450
-104
-15
129
394
703
1134
1643
2052
2110
2193
2492
2493
2171
1652
1253
926
485
210
-30
-169
-317
-532
-611
-727
-895
-1199
-1507
-1627
-1683
-1645
-1627
-1449
-1032
-634
-256
54
411
715
902
1067
1241
1456
1586
1613
1676
1754
1718
1495
1136
806
417
-11
-473
-863
-1094
-1276
-1400
-1419
-1346
-1277
-1221
-1147
-1008
-789
-622
-529
-379
-180
15
164
355
596
756
764
686
604
498
387
227
77
-29
-80
-127
-223
-363
-529
-761
-1035
-1200
-1261
-1353
-1545
-1710
-1742
-1694
-1661
-1723
-1748
-1801
-1858
-1883
-1854
-1724
-1722
-1117
-53
843
1233
1670
2488
2554
2417
2805
3147
2755
1858
1818
1897
1553
1614
1609
1397
844
748
508
-198
-434
-881
-1541
-2214
-2044
-1682
-1837
-1691
-1307
-941
-648
-325
-76
91
226
438
602
1121
1821
2167
2324
2281
2449
2332
1978
1464
799
506
63
-238
-396
-424
-464
-796
-904
-927
-1089
-1435
-1837
-2042
-1977
-1745
-1440
-1198
-757
-239
108
424
676
1010
1069
1112
1313
1551
1829
1896
1901
1826
1719
1511
1009
436
-112
-541
-964
-1308
-1399
-1470
-1524
-1584
-1472
-1201
-976
-863
-806
-687
-500
-333
-151
136
438
723
895
1030
1053
917
651
294
102
31
-10
-74
-122
-120
-187
-326
-527
-737
-926
-1148
-1380
-1581
-1649
-1677
-1747
-1711
-1651
-1639
-1693
-1709
-1780
-1922
-2031
-2058
-2081
-1822
-602
864
1638
1797
2483
2934
2526
2474
3065
3116
2141
1557
1896
1823
1622
1728
1315
656
195
301
-367
-995
-1041
-1577
-2158
-2272
-1478
-1325
-1437
-1120
-932
-770
-460
-84
19
292
724
1076
1368
2136
2694
2619
2433
2220
2171
1741
1314
753
244
78
-196
-309
-444
-468
-763
-1254
-1387
-1465
-1614
-1792
-1844
-1607
-1251
-812
-427
-218
194
510
641
693
894
1249
1327
1482
1767
1997
2025
1798
1573
1231
794
362
-212
-618
-860
-994
-1123
-1267
-1210
-1228
-1344
-1357
-1185
-990
-842
-729
-515
-212
110
350
534
780
895
894
769
668
537
304
82
-52
-68
-34
-123
-317
-505
-673
-862
-1032
-1126
-1195
-1249
-1341
-1377
-1294
-1189
-1167
-1285
-1411
-1497
-1608
-1679
-1744
-1813
-1786
-1767
-1594
-1480
-877
654
1881
2080
1824
2363
2563
2059
2452
3220
2985
1982
1782
2047
1261
951
898
-8
-761
-683
-212
-1044
-1296
-852
-1271
-1832
-1586
-840
-1117
-1233
-676
-381
-141
458
845
892
1141
1440
1445
1303
1734
1872
1728
1693
1417
1219
802
451
-108
-576
-563
-788
-1003
-1012
-808
-812
-1112
-1035
-898
-914
-826
-731
-489
-217
171
507
619
861
1027
951
817
824
1022
1204
1251
1265
1169
1188
981
597
318
88
-155
-507
-590
-565
-606
-759
-771
-818
-829
-785
-767
-731
-689
-390
-222
-19
223
380
428
383
458
435
351
193
15
76
112
-44
-255
-389
-457
-656
-816
-853
-908
-953
-933
-899
-808
-751
-778
-908
-1044
-1090
-1211
-1339
-1361
-1466
-1537
-1665
-1655
-1738
-1776
-1671
-1821
-1733
-1566
-432
1134
2082
2112
2086
2463
2240
1988
2940
3303
2248
1535
1719
1633
287
522
530
-712
-1273
-647
-143
-1307
-1160
-816
-1392
-1751
-1143
-568
-797
-261
351
547
845
1382
1184
1055
1442
1427
1215
1405
2040
1861
1723
1806
1174
423
-52
-249
-695
-956
-620
-595
-644
-460
-290
-376
-720
-813
-867
-776
-433
-118
150
441
544
446
429
492
465
200
350
671
867
950
829
765
430
214
168
127
38
-106
-137
-151
-386
-584
-752
-939
-948
-991
-775
-644
-469
-207
-74
73
14
36
124
201
381
520
708
788
680
581
413
182
-188
-522
-581
-556
-543
-450
-392
-423
-591
-708
-710
-759
-768
-787
-733
-649
-587
-621
-853
-1062
-1204
-1232
-1346
-1379
-1457
-1481
-1510
-1509
-1548
-1611
-1425
-1209
64
1670
2554
2217
2120
2146
1490
1537
2664
2717
1240
1050
1621
1004
-337
118
84
-1365
-1529
-521
-209
-1201
-887
-543
-1037
-897
-226
-49
-213
321
626
652
986
1203
714
814
1304
1154
1039
1436
1733
1190
1033
1034
490
-186
-456
-461
-433
-298
-66
6
-12
-109
-394
-457
-487
-598
-734
-481
-27
189
163
138
116
-79
-147
-69
33
124
379
706
868
888
786
667
505
415
342
293
215
78
-115
-346
-477
-638
-787
-725
-623
-625
-606
-480
-321
-288
-213
-56
81
219
396
560
654
545
381
235
98
-58
-233
-262
-331
-361
-352
-351
-408
-511
-553
-583
-578
-552
-546
-513
-450
-485
-591
-721
-892
-1093
-1227
-1099
-1005
-1115
-1203
-1192
-1219
-1502
-1593
-1477
-1359
-1365
-1243
-877
-694
37
1430
2362
1935
1459
1741
1540
1144
2078
2958
1868
814
1136
1020
-351
-606
124
-516
-935
-79
496
-342
-800
-437
-785
-995
-397
-60
-218
117
454
430
436
591
272
135
848
1049
906
1088
1479
1247
812
737
386
-55
-139
71
134
151
80
-78
-219
-296
-405
-565
-491
-424
-296
-70
116
5
-327
-421
-352
-398
-268
73
358
595
766
906
706
464
296
256
410
505
432
366
327
77
-309
-677
-836
-1020
-1024
-790
-569
-433
-369
-266
-224
-248
-226
-92
41
265
409
541
605
496
358
204
74
-142
-242
-151
-101
-181
-202
-192
-282
-387
-408
-378
-382
-361
-329
-254
-192
-233
-313
-389
-418
-499
-601
-648
-599
-646
-722
-918
-1087
-1278
-1318
-1230
-1221
-1100
-1080
-1084
-1071
-927
-622
375
1420
1733
1314
1355
1540
1010
1301
2322
2271
1152
969
1371
560
-268
218
337
-372
-123
526
209
-646
-769
-817
-1220
-985
-628
-497
-312
5
28
139
278
85
-148
337
896
817
994
1328
1262
875
772
644
209
-59
-24
127
292
349
111
-68
-158
-309
-410
-316
-242
-341
-236
-30
-114
-378
-436
-406
-484
-419
-128
205
430
568
627
573
533
426
377
495
583
473
366
342
117
-240
-491
-558
-653
-627
-458
-372
-347
-363
-379
-376
-280
-113
75
270
442
539
596
552
335
184
186
188
137
203
379
409
240
49
-109
-291
-449
-424
-272
-111
-35
45
91
16
-148
-316
-420
-537
-575
-587
-638
-725
-805
-827
-932
-1059
-1174
-1153
-1092
-1090
-1075
-1029
-1033
-1084
-1041
-831
-635
-470
312
1152
1468
1090
1011
983
536
716
1610
1876
1138
1107
1375
754
9
214
230
-546
-450
129
53
-408
-393
-427
-833
-845
-598
-482
-341
-70
-91
66
258
209
186
485
719
479
500
785
791
636
701
705
520
375
405
503
440
362
278
270
193
-25
-172
-223
-298
-384
-406
-394
-427
-492
-520
-512
-503
-502
-286
61
234
165
205
278
195
234
399
419
235
201
282
242
152
47
-47
-173
-144
-110
-102
-66
-99
-139
-121
-35
-55
-104
-41
75
159
287
406
401
324
288
270
226
215
275
341
373
412
408
364
274
161
70
3
-35
-85
-108
-64
-31
-170
-363
-490
-577
-710
-816
-806
-805
-835
-775
-675
-691
-736
-760
-745
-750
-695
-639
-656
-704
-781
-844
-850
-860
-920
-742
-302
56
45
-9
122
48
56
398
725
557
444
736
798
640
631
727
485
400
529
521
386
314
284
126
98
1
-142
-157
-39
-49
-124
-67
-148
-246
-243
-120
-101
-102
1
148
386
545
609
589
596
552
544
651
746
766
771
876
853
730
536
352
173
20
-38
-56
-54
-154
-275
-314
-354
-471
-565
-562
-560
-588
-554
-469
-411
-378
-335
-238
-172
-147
-70
76
143
122
92
119
157
176
266
374
441
423
393
403
397
301
238
279
306
304
345
432
408
299
221
180
117
28
15
57
83
37
6
-56
-131
-205
-225
-172
-176
-186
-190
-121
-105
-158
-191
-200
-253
-278
-223
-186
-229
-287
-255
-288
-410
-538
-631
-705
-809
-850
-878
-974
-1067
-1156
-1216
-1280
-1329
-1340
-1288
-1006
-686
-491
-474
-422
-328
-197
99
357
519
463
567
643
721
853
863
831
817
1041
1028
962
906
769
558
463
516
301
158
191
240
110
57
34
-134
-207
-195
-127
-168
-186
-173
-43
177
256
205
159
240
247
310
420
437
310
296
506
615
593
483
431
339
239
181
139
62
-41
-8
111
156
18
-97
-85
-105
-206
-270
-246
-268
-312
-211
-122
-141
-236
-227
-134
-107
-113
-88
61
169
248
357
479
491
415
434
506
538
469
479
531
557
466
353
287
151
32
8
57
-12
-117
-154
-171
-287
-415
-423
-418
-446
-463
-409
-325
-311
-358
-370
-340
-400
-518
-517
-483
-513
-547
-487
-456
-546
-613
-631
-699
-791
-808
-755
-726
-762
-793
-789
-796
-867
-889
-772
-707
-702
-524
-180
-50
-166
-193
-104
11
172
400
533
560
607
602
650
679
632
570
632
757
681
682
749
662
479
481
490
276
171
297
342
171
123
154
117
12
-9
16
-38
-119
-168
-50
84
122
71
121
177
153
180
274
300
199
225
364
447
408
391
410
394
361
332
313
254
152
149
253
271
102
9
-1
-96
-210
-241
-162
-169
-185
-176
-71
-5
-81
-89
5
48
3
162
364
409
424
509
492
369
340
351
362
344
330
354
408
366
200
83
18
-107
-216
-127
-35
-131
-221
-190
-196
-347
-462
-476
-469
-466
-434
-365
-352
-408
-480
-467
-454
-524
-590
-538
-478
-505
-537
-525
-529
-622
-651
-613
-590
-630
-650
-589
-571
-649
-729
-722
-691
-667
-610
-490
-422
-406
-273
-39
13
-171
-199
-109
-32
87
331
437
357
414
489
563
599
619
572
619
719
643
668
750
660
450
496
522
274
152
226
196
33
74
126
50
-29
-39
-43
-80
-85
-105
5
159
154
84
160
213
141
211
416
482
442
601
760
739
687
705
652
517
446
404
443
470
428
368
341
231
17
-96
-121
-193
-314
-270
-164
-156
-180
-156
-176
-277
-272
-174
-84
-20
46
126
212
273
272
279
289
241
204
267
322
241
156
139
90
7
-42
-62
-107
-170
-216
-240
-280
-344
-407
-409
-396
-407
-439
-432
-418
-438
-441
-442
-465
-550
-535
-467
-429
-415
-386
-340
-343
-304
-289
-291
-315
-325
-324
-313
-283
-315
-320
-287
-242
-274
-350
-413
-481
-541
-585
-588
-625
-680
-699
-579
-378
-242
-265
-322
-267
-196
-41
191
388
412
440
553
640
667
637
601
569
650
632
583
568
457
250
169
216
66
-81
-37
40
-52
-92
-41
-96
-169
-121
-42
-56
-39
-24
57
218
306
271
237
333
359
396
550
657
620
589
715
788
725
653
640
575
512
507
500
446
334
241
172
103
-30
-166
-205
-198
-235
-232
-159
-149
-209
-199
-142
-136
-153
-99
-13
47
83
131
198
205
157
133
161
139
107
125
157
125
60
80
101
62
11
-28
-71
-87
-110
-155
-206
-295
-374
-420
-431
-454
-513
-536
-509
-501
-504
-489
-478
-467
-424
-315
-209
-166
-130
-54
11
56
92
98
54
2
-24
-46
-93
-161
-233
-281
-329
-392
-454
-494
-545
-620
-651
-654
-660
-660
-630
-565
-500
-419
-276
-135
-123
-160
-112
-33
37
159
299
333
335
369
412
432
405
375
367
416
394
364
387
366
263
188
213
142
15
-11
43
32
17
77
62
-2
-19
1
22
54
104
183
302
404
436
450
503
496
453
489
564
539
519
579
592
484
409
395
320
250
201
187
142
123
107
96
70
-11
-95
-110
-87
-135
-150
-145
-169
-233
-218
-175
-197
-216
-177
-90
-59
-22
-4
8
11
3
44
78
74
73
122
143
126
80
28
-51
-145
-184
-219
-236
-246
-247
-237
-226
-229
-252
-242
-226
-210
-166
-97
-31
12
53
72
62
33
13
-5
-43
-80
-121
-164
-175
-195
-238
-289
-328
-334
-328
-296
-258
-244
-256
-259
-293
-338
-360
-354
-352
-368
-350
-373
-406
-432
-447
-457
-455
-432
-371
-291
-242
-177
-133
-88
-88
-53
7
38
54
59
103
125
177
236
268
284
294
287
298
327
298
260
294
346
319
307
337
325
269
259
265
212
181
206
239
268
287
301
315
340
354
343
326
306
267
259
331
380
369
335
328
303
259
247
249
204
137
132
155
119
73
47
-10
-78
-109
-124
-148
-161
-165
-163
-149
-109
-119
-131
-90
-64
-77
-48
30
37
23
35
49
26
15
39
25
18
32
48
63
95
94
65
71
85
87
92
128
125
106
99
81
31
-24
-44
-73
-108
-139
-165
-208
-250
-277
-310
-336
-349
-345
-325
-279
-234
-222
-209
-191
-174
-174
-168
-161
-175
-173
-163
-168
-190
-234
-282
-328
-337
-360
-401
-418
-427
-449
-474
-474
-513
-543
-539
-495
-452
-423
-371
-336
-288
-222
-137
-102
-79
-70
-27
47
124
207
265
329
378
431
464
479
470
450
475
514
551
568
571
553
510
466
424
386
342
320
309
308
312
306
280
237
210
191
182
174
174
192
224
241
233
218
196
178
174
186
204
210
204
185
158
141
117
72
37
17
-13
-41
-54
-93
-139
-171
-182
-210
-264
-293
-294
-292
-306
-303
-283
-271
-256
-221
-168
-131
-102
-47
11
53
83
120
147
163
210
252
288
287
240
197
178
166
141
99
60
26
-36
-77
-110
-169
-237
-260
-254
-243
-235
-229
-208
-206
-198
-193
-177
-162
-163
-166
-153
-140
-156
-175
-186
-196
-224
-238
-235
-253
-276
-281
-293
-323
-344
-349
-346
-347
-331
-314
-315
-323
-320
-297
-276
-260
-263
-255
-229
-197
-178
-162
-143
-116
-87
-62
-30
-20
7
55
121
183
242
286
324
378
415
454
469
482
481
503
533
534
512
472
451
436
421
392
359
327
305
291
297
302
262
244
246
244
229
228
211
187
168
163
173
151
120
82
73
78
65
41
26
3
-14
-16
-28
-53
-97
-126
-147
-155
-166
-174
-179
-192
-205
-215
-201
-196
-194
-180
-157
-122
-96
-70
-46
-28
-16
-9
6
9
4
-7
-15
-19
-37
-48
-62
-91
-133
-155
-165
-173
-182
-187
-181
-182
-179
-162
-157
-179
-181
-156
-135
-115
-99
-91
-95
-101
-94
-101
-116
-125
-119
-122
-115
-116
-123
-119
-107
-96
-100
-85
-69
-57
-53
-47
-55
-63
-53
-46
-45
-55
-53
-55
-71
-66
-56
-49
-33
-15
-7
13
41
65
89
96
120
143
172
207
223
227
234
248
252
252
251
256
255
254
259
258
245
233
231
219
203
188
178
169
163
159
148
129
113
96
90
85
81
85
96
117
130
141
142
143
137
138
132
119
102
89
72
60
45
15
-15
-44
-51
-67
-94
-120
-130
-138
-146
-145
-141
-138
-126
-95
-79
-68
-53
-43
-47
-45
-23
-10
6
22
21
8
2
-24
-60
-74
-90
-101
-110
-110
-117
-136
-150
-168
-197
-221
-222
-217
-213
-213
-212
-211
-211
-210
-214
-215
-212
-207
-197
-173
-154
-135
-125
-100
-76
-69
-41
-16
-9
-9
13
24
20
13
12
15
2
-13
-29
-44
-51
-48
-54
-61
-52
-41
-27
-11
-2
-14
-8
8
27
46
71
83
84
97
111
114
96
96
103
114
125
140
143
129
115
100
99
99
90
74
67
70
68
65
52
36
22
24
36
35
34
42
54
68
89
104
116
125
134
145
146
136
130
122
117
103
82
59
33
11
-4
-9
-25
-38
-50
-57
-57
-60
-52
-55
-63
-60
-45
-47
-58
-57
-54
-48
-34
-31
-35
-34
-36
-40
-45
-54
-61
-62
-57
-51
-56
-56
-58
-63
-63
-65
-62
-55
-38
-26
-20
-21
-20
-23
-23
-27
-46
-49
-47
-42
-52
-59
-65
-75
-78
-71
-49
-37
-23
-13
2
18
30
42
39
48
57
79
91
88
76
47
37
36
37
32
30
38
42
46
47
41
31
28
27
18
21
24
21
21
18
11
5
-4
-11
-21
-30
-34
-32
-36
-39
-39
-35
-34
-31
-36
-40
-24
-10
-5
-11
-13
-13
-14
-12
-25
-36
-46
-41
-28
-24
-23
-20
-14
-9
12
24
28
37
47
54
47
54
59
45
31
23
14
5
0
-8
-27
-35
-34
-33
-27
-15
-3
5
12
18
27
41
46
44
41
47
54
52
37
15
-4
-20
-20
-16
-22
-28
-29
-29
-27
-26
-27
-27
-26
-20
-15
-5
2
1
-5
-8
-6
-5
-2
0
1
0
0
1
1
7
15
24
35
41
44
51
62
64
61
61
61
68
72
72
68
59
47
28
19
13
0
-15
-22
-27
-29
-32
-40
-45
-54
-53
-48
-44
-43
-40
-35
-27
-17
-12
-3
-1
1
-7
-13
-19
-30
-34
-42
-49
-61
-71
-82
-96
-112
-125
-134
-139
-139
-134
-130
-124
-122
-119
-110
-102
-90
-79
-64
-49
-31
-17
-1
15
23
29
42
56
65
72
77
78
78
79
76
69
66
63
56
46
38
27
17
11
4
3
2
6
5
11
11
9
13
20
25
28
34
38
38
38
42
41
38
38
35
33
30
29
25
22
22
25
30
28
25
20
14
6
0
-8
-15
-21
-27
-33
-39
-46
-50
-54
-54
-53
-52
-40
-30
-16
-2
15
31
41
54
67
79
86
92
101
111
120
122
122
112
101
90
84
78
66
59
55
49
42
33
15
-3
-19
-27
-32
-33
-34
-39
-39
-40
-43
-44
-48
-52
-53
-47
-42
-39
-38
-40
-45
-55
-64
-72
-81
-90
-99
-104
-110
-117
-125
-130
-134
-136
-133
-128
-120
-110
-100
-90
-76
-65
-54
-40
-29
-22
-10
3
14
24
35
45
52
57
66
70
75
83
94
101
106
113
116
117
116
115
115
115
115
114
116
112
101
95
90
86
81
81
78
71
68
64
60
54
45
36
33
31
25
21
15
3
-5
-10
-15
-24
-34
-42
-51
-61
-70
-79
-90
-102
-112
-118
-124
-129
-133
-136
-136
-134
-126
-116
-106
-98
-86
-72
-56
-42
-25
-10
5
19
31
40
46
49
51
53
54
55
57
58
55
52
49
45
40
40
39
37
39
38
39
37
36
33
31
28
26
26
23
23
18
15
12
9
5
0
-3
-10
-16
-19
-24
-30
-35
-41
-50
-58
-64
-69
-74
-79
-81
-84
-81
-79
-78
-78
-77
-75
-71
-63
-55
-49
-41
-32
-24
-20
-12
-3
3
9
19
28
36
48
55
62
70
77
82
89
96
99
104
107
109
109
108
105
100
95
89
83
78
72
64
57
49
43
37
30
22
15
8
4
0
-5
-11
-16
-20
-23
-27
-30
-35
-38
-41
-45
-45
-46
-51
-56
-60
-66
-68
-71
-75
-79
-83
-87
-88
-88
-90
-91
-88
-86
-83
-76
-71
-66
-59
-51
-43
-34
-26
-18
-9
-2
7
15
24
32
38
47
55
64
70
77
85
91
95
101
105
104
105
104
101
97
92
84
76
70
62
51
40
28
17
9
1
-8
-17
-23
-29
-32
-34
-39
-44
-48
-51
-52
-55
-57
-60
-62
-62
-61
-59
-60
-58
-58
-58
-53
-50
-48
-44
-42
-37
-35
-29
-26
-26
-24
-20
-17
-15
-11
-10
-8
-3
0
5
9
11
15
20
25
30
34
38
41
44
48
50
52
55
56
59
62
64
65
64
64
65
63
62
59
56
52
46
39
30
21
11
1
-7
-15
-25
-34
-41
-48
-54
-59
-65
-69
-73
-74
-74
-73
-73
-71
-68
-66
-62
-57
-53
-49
-45
-39
-30
-24
-21
-16
-11
-7
-4
-1
2
5
10
14
18
22
23
26
30
32
36
41
44
47
50
53
56
58
60
62
64
65
64
64
60
59
58
55
51
47
41
36
30
24
19
15
10
4
-1
