-23
-38
-23
-16
-17
-5
-7
5
1
-10
18
19
13
20
20
34
26
15
21
39
46
18
24
61
54
35
42
68
73
50
64
85
81
89
93
92
97
104
107
91
89
114
101
74
79
79
59
29
19
26
6
-7
-13
-29
-42
-55
-58
-67
-91
-82
-82
-110
-103
-98
-106
-118
-134
-107
-114
-133
-120
-112
-115
-134
-134
-126
-147
-159
-153
-155
-161
-169
-172
-169
-167
-167
-163
-144
-126
-113
-96
-75
-55
-30
-1
10
34
75
101
114
135
174
196
194
213
246
255
264
277
293
296
296
298
279
277
280
272
256
244
236
218
193
174
168
158
141
120
111
107
105
86
63
72
72
56
44
52
63
40
20
21
18
-3
-24
-29
-45
-61
-78
-98
-123
-148
-157
-185
-200
-208
-217
-233
-264
-268
-281
-305
-311
-315
-328
-331
-328
-333
-342
-335
-328
-336
-332
-316
-303
-294
-285
-273
-260
-251
-231
-205
-188
-137
-94
-60
-19
24
66
103
161
212
252
290
335
361
374
403
418
419
414
417
407
389
364
322
292
246
204
172
126
106
88
49
40
35
17
12
16
24
34
65
93
102
116
142
164
172
181
220
250
241
247
256
258
237
201
184
158
121
86
50
15
-32
-93
-141
-177
-225
-253
-278
-307
-312
-333
-350
-359
-368
-367
-359
-334
-322
-301
-277
-263
-252
-229
-211
-203
-177
-172
-144
-134
-113
-113
-136
-122
-133
-143
-172
-171
-187
-220
-238
-264
-284
-335
-332
-338
-334
-277
-223
-186
-174
-102
-63
-38
69
164
232
270
373
432
441
503
542
564
559
602
623
602
585
523
473
416
359
287
230
184
91
37
-6
-53
-117
-166
-166
-186
-186
-174
-153
-148
-143
-117
-101
-85
-67
-26
20
63
104
119
129
145
140
138
145
157
162
157
150
142
127
105
100
109
137
113
108
108
99
73
63
82
65
67
59
70
65
40
56
46
52
58
55
66
57
62
74
110
104
68
81
66
29
1
-6
-12
-35
-43
-24
-37
-51
-49
-49
-62
-66
-49
-66
-86
-103
-108
-133
-168
-187
-203
-224
-250
-278
-296
-327
-352
-360
-383
-393
-417
-424
-438
-448
-466
-472
-470
-506
-525
-536
-561
-589
-561
-475
-396
-340
-324
-243
-230
-230
-112
0
40
39
166
203
197
276
332
356
340
408
492
495
469
430
424
372
290
280
265
217
145
123
113
44
-32
-56
-74
-106
-89
-35
-33
-39
16
57
69
84
137
197
216
239
316
366
342
330
369
381
379
406
435
449
431
447
425
407
365
355
363
298
292
302
304
224
172
178
105
60
21
43
23
-51
-51
-56
-85
-149
-159
-169
-194
-185
-168
-131
-173
-176
-150
-157
-161
-154
-101
-93
-72
-44
-32
-59
-101
-116
-132
-135
-126
-121
-134
-177
-205
-221
-275
-322
-288
-346
-369
-352
-426
-347
-457
-499
-441
-544
-494
-497
-487
-446
-501
-449
-457
-488
-454
-455
-384
-340
-271
-224
-161
-121
-132
-79
-8
37
54
154
206
227
274
321
336
329
389
457
477
501
519
510
462
393
404
363
315
261
239
257
180
113
82
39
-4
-23
-13
-6
-16
-6
-5
3
3
21
54
66
113
181
202
199
234
261
256
233
245
268
240
238
253
220
167
122
110
106
77
67
79
64
23
-11
-9
-79
-107
-94
-105
-105
-134
-101
-121
-145
-146
-153
-141
-157
-142
-124
-117
-125
-144
-130
-137
-154
-145
-96
-121
-115
-63
-135
-145
-85
-135
-98
-84
-82
-13
-20
-54
21
14
-28
-13
-4
77
-13
-101
119
-32
-133
45
-85
-51
-48
-85
-5
-124
-82
-50
-157
-98
-120
-178
-207
-137
-206
-234
-187
-259
-279
-241
-312
-303
-263
-313
-227
-287
-256
-196
-292
-228
-171
-150
-92
-67
1
22
20
116
140
177
259
290
332
367
384
414
395
379
397
407
393
344
336
317
269
207
180
163
133
110
119
123
101
85
75
88
67
37
58
80
71
86
106
99
93
98
118
83
88
131
117
139
127
128
117
75
92
126
128
123
133
135
95
83
121
83
79
75
98
79
21
23
18
-10
-53
-46
-38
-66
-86
-113
-109
-136
-218
-225
-265
-230
-277
-265
-231
-302
-264
-327
-313
-255
-284
-178
-171
-175
-97
-107
-127
-107
-115
-32
-120
-60
17
-76
-11
-102
-11
-34
-99
-71
11
-48
-137
-20
-121
-145
-137
-99
-114
-151
-52
-185
-120
-159
-186
-164
-296
-157
-209
-315
-160
-187
-234
-139
-168
-122
-84
-92
-2
29
106
115
157
217
218
263
302
359
365
395
456
481
443
480
512
482
462
452
470
414
358
344
278
220
149
109
66
-3
-43
-71
-113
-151
-159
-201
-212
-262
-252
-250
-267
-238
-217
-224
-238
-234
-184
-160
-157
-70
-60
-66
-44
-53
-33
-55
-28
19
28
74
83
124
99
122
95
84
125
88
119
131
120
99
69
63
37
40
96
104
115
93
91
77
48
30
6
36
13
-4
16
68
-15
-74
35
-38
-124
66
-19
32
43
33
114
-82
52
187
-110
178
153
-107
189
-49
17
-15
-73
63
-26
-166
78
-6
-279
3
-184
-269
-153
-291
-205
-188
-327
-250
-264
-447
-287
-385
-484
-337
-446
-488
-355
-461
-378
-361
-373
-291
-296
-216
-149
-163
-105
-26
-68
47
86
152
204
256
317
359
369
394
415
376
401
401
408
408
348
335
311
249
213
171
119
95
71
30
26
6
-28
-61
-71
-72
-83
-82
-83
-73
-63
-54
-43
-49
-47
-11
31
17
65
111
108
118
116
152
137
158
162
159
187
160
158
155
164
167
135
155
162
179
188
144
166
129
151
128
126
184
157
169
138
118
88
36
36
9
-20
-12
-39
-21
-41
-93
-60
-88
-118
-104
-79
-123
-45
-100
-22
-102
-126
87
-232
64
-75
60
-17
-84
215
-158
-25
55
24
53
-219
211
-94
-286
159
-337
-97
-195
-339
-30
-609
-181
-324
-606
-291
-458
-440
-499
-472
-456
-522
-566
-488
-475
-519
-432
-404
-396
-354
-332
-218
-195
-102
-54
-3
104
63
196
200
264
349
307
448
430
419
468
425
452
434
388
459
347
357
309
256
218
113
115
76
5
-13
4
-72
-68
-111
-103
-95
-126
-77
-55
-35
7
54
73
91
81
118
179
151
193
243
212
211
195
228
237
197
234
264
222
251
230
247
242
194
229
213
188
185
204
181
122
133
91
66
45
55
88
38
34
34
-2
-47
-89
-45
-68
-126
-120
-30
-147
-149
-150
-119
-244
-184
20
-355
178
-297
-43
145
-441
310
-191
-23
33
41
-105
15
121
-315
354
-459
73
123
-566
372
-658
82
-258
-482
37
-602
16
-607
-286
-149
-768
-113
-566
-421
-326
-632
-265
-540
-511
-381
-606
-326
-396
-385
-196
-290
-200
-221
-84
-58
58
15
141
154
101
340
147
361
353
337
539
354
547
422
436
467
348
496
351
380
332
221
214
106
35
45
-35
-55
-23
-82
-93
-115
-128
-106
-66
-72
-36
14
35
12
24
66
70
74
105
193
163
164
227
178
238
165
232
257
201
209
171
203
129
105
104
164
137
135
133
93
57
57
121
67
84
97
36
45
26
29
19
-9
39
-22
52
21
-51
28
-30
-58
-59
93
-137
22
24
-195
25
-113
-77
-38
58
-216
186
5
-221
279
-188
125
93
-247
294
3
-320
236
-95
-245
171
-274
-56
-101
-233
-186
-89
-302
-298
-65
-441
-282
-122
-529
-175
-506
-271
-265
-666
-119
-487
-453
-300
-549
-322
-564
-417
-298
-467
-243
-229
-401
-175
-185
-215
20
2
40
123
163
215
229
207
370
322
419
436
504
420
367
455
348
402
383
358
345
231
211
159
45
52
-18
-7
38
-70
-36
-75
-127
-105
-109
-18
-33
10
45
28
51
79
80
126
148
150
262
197
211
223
243
283
184
270
295
180
198
153
126
119
95
147
174
168
151
47
100
70
4
59
117
75
40
43
35
-69
-49
-20
-4
-14
56
36
-69
-58
-113
-44
-130
-16
-16
-2
-46
-178
53
-200
-88
147
-183
328
11
-178
388
-276
101
93
-102
480
-239
169
317
-571
279
-99
-202
144
-105
-88
-180
-210
-180
-360
-297
-21
-386
-382
-124
-371
-599
-397
-304
-467
-448
-353
-444
-523
-673
-512
-447
-614
-415
-316
-308
-329
-419
-193
-239
-344
-22
82
34
6
37
192
50
146
369
436
373
377
494
408
329
364
484
427
431
432
351
259
129
105
149
132
52
59
40
-73
-133
-110
-66
-90
-44
68
68
-24
-10
31
86
112
159
299
273
212
250
286
278
270
320
375
310
282
274
261
212
151
231
189
137
120
99
132
31
-43
52
0
-39
1
9
9
-146
-124
-50
-111
-104
-43
-2
-53
-86
-71
-46
-87
-48
0
17
-1
-159
5
-183
2
-33
-151
239
-87
-88
58
-70
171
-81
-106
434
-204
-94
145
-29
68
-234
31
254
-478
-87
256
-502
-62
-100
-205
-171
-384
-92
-203
-508
-149
-135
-730
-199
-247
-689
-159
-502
-501
-341
-702
-381
-511
-561
-308
-541
-392
-329
-321
-323
-269
-173
-172
-82
-65
96
93
10
191
235
285
374
378
545
428
450
554
527
486
478
533
481
427
295
355
252
115
192
104
69
-2
-104
-70
-135
-153
-119
-109
-125
-119
-85
-36
-54
-24
91
111
160
180
210
245
217
348
383
373
411
365
388
374
373
428
388
362
326
248
210
191
188
193
147
156
66
4
-1
33
21
4
31
25
-25
-116
-93
-57
-101
-50
-12
-56
-72
-211
-108
-104
-101
-72
-52
-28
-244
-124
-1
-166
-93
126
-67
-217
-41
45
-260
-78
140
-127
-185
-70
-42
-146
-177
30
-7
-289
-201
-225
-51
-222
-239
-14
-405
-329
-328
-341
-224
-367
-510
-357
-451
-556
-382
-579
-463
-535
-679
-487
-584
-647
-491
-352
-309
-251
-246
-288
-219
-92
26
230
245
152
171
239
327
441
586
672
610
655
650
633
657
613
685
688
569
475
362
206
206
137
160
116
-103
-155
-305
-317
-300
-314
-232
-292
-306
-325
-275
-264
-225
-123
-59
3
-39
-20
33
103
219
261
368
357
326
308
330
401
387
393
425
345
300
233
238
247
206
214
118
106
-29
-8
-8
-71
1
-87
-41
-121
-172
-6
-135
-48
-50
-23
2
-107
37
-35
9
9
4
100
-39
47
14
72
51
-49
120
7
-4
65
20
-24
-56
60
38
-39
45
89
-64
-101
6
-140
-24
-84
-183
-4
-201
-224
-277
-222
-229
-310
-333
-297
-346
-578
-432
-478
-598
-485
-580
-528
-641
-797
-650
-782
-766
-663
-567
-388
-427
-525
-495
-414
-308
-77
189
261
187
14
100
372
542
731
796
814
657
569
726
865
920
845
823
681
485
416
483
528
353
259
193
15
-130
-177
-85
-54
-171
-223
-279
-340
-336
-219
-61
-76
-194
-170
-124
-81
-7
119
225
186
139
217
268
270
308
421
480
359
283
323
354
337
341
384
297
140
48
67
137
75
40
29
-2
-107
-277
-49
-2
-119
-113
-109
-85
-314
-282
-7
-77
-177
-171
-53
-130
-245
-35
101
71
-74
11
110
-16
-16
118
218
15
-84
38
37
-57
-27
99
88
-113
-112
35
-37
-55
4
-24
-82
-249
-233
-78
-193
-274
-295
-273
-436
-571
-401
-365
-418
-520
-475
-565
-768
-726
-598
-581
-739
-836
-857
-907
-915
-575
-214
-370
-760
-724
-372
-227
-69
411
453
-83
-179
313
822
806
838
1014
805
526
641
1096
1210
951
822
794
642
386
484
711
536
179
-17
-17
-165
-266
-106
-15
-217
-542
-571
-474
-391
-314
-168
-151
-390
-485
-277
-31
42
84
144
105
26
116
334
488
440
419
447
398
362
426
585
609
445
377
356
296
244
269
325
159
113
42
162
92
-64
55
-6
79
-80
-15
28
-198
-117
-109
23
-93
-195
-51
-113
-20
-130
10
67
-154
-6
-58
40
-84
-51
88
-64
-18
-107
31
-13
-94
-10
-23
-3
-123
-44
13
-49
-61
-59
-40
-126
-185
-88
-202
-291
-319
-314
-402
-461
-522
-576
-573
-686
-623
-722
-812
-924
-976
-908
-1021
-1039
-1012
-1011
-831
-504
-346
-804
-988
-516
-116
36
122
419
12
-411
109
1035
1260
730
756
996
816
860
1423
1827
1248
709
900
1101
963
794
1002
842
227
-20
226
342
28
-187
-63
-204
-495
-561
-260
-131
-328
-337
-326
-372
-459
-182
132
88
-123
-135
60
192
308
474
512
350
239
408
624
620
563
570
575
474
407
504
555
449
281
225
205
77
49
115
230
67
-207
-310
-271
-37
-124
-102
-145
-394
-517
-447
-18
-38
-272
-362
-375
-264
-321
-53
87
-112
-282
-321
-30
-78
-75
71
17
-138
-297
-29
107
81
3
-56
-60
-169
-44
125
103
-47
-185
-147
-172
-216
-177
-197
-309
-516
-520
-473
-506
-548
-583
-685
-787
-801
-843
-905
-969
-942
-1023
-1126
-1076
-1125
-1049
-800
-434
-478
-978
-1016
-441
27
173
275
391
-82
-345
410
1342
1408
762
708
909
972
1186
1657
1759
1060
564
775
1127
1063
814
746
405
-49
-92
220
315
-122
-395
-415
-464
-590
-562
-303
-312
-515
-574
-483
-388
-321
-70
126
6
-139
-29
249
473
540
558
523
443
463
710
887
786
633
587
617
603
641
692
585
420
288
333
280
260
125
165
223
-34
-164
-268
14
-51
-125
-107
-271
-377
-523
-181
12
-220
-378
-479
-210
-274
-194
60
-110
-222
-317
-45
67
-35
18
-13
1
-162
-32
138
137
20
-71
4
-28
-8
108
112
7
-122
-125
-38
-85
-108
-219
-292
-436
-513
-387
-415
-552
-736
-796
-736
-834
-781
-820
-941
-1096
-1212
-1028
-1076
-1112
-918
-490
-388
-840
-1009
-637
-15
191
289
462
157
-278
100
1245
1711
1108
712
901
1072
1247
1785
2090
1425
636
714
1294
1444
1131
855
514
-21
-184
224
449
28
-608
-753
-654
-617
-594
-492
-568
-818
-908
-705
-485
-428
-359
-272
-261
-351
-271
6
284
341
329
334
321
425
612
813
740
527
452
544
669
693
676
524
345
221
253
362
278
164
-67
49
76
-28
-182
-267
-59
-260
-257
-206
-296
-391
-601
-212
-201
-396
-439
-452
-165
-345
-173
-68
-159
-199
-272
53
11
-46
-11
21
60
-100
64
136
93
15
-13
96
44
40
96
92
34
-111
-57
-22
-137
-137
-264
-300
-441
-447
-411
-533
-622
-794
-776
-765
-828
-819
-971
-1038
-1228
-1187
-1008
-1099
-1028
-907
-426
-544
-947
-874
-295
169
121
381
480
11
-139
690
1676
1508
938
930
1093
1245
1538
2093
1928
1123
754
1025
1487
1358
1067
684
211
-95
-41
338
254
-317
-829
-869
-659
-540
-546
-625
-823
-919
-846
-591
-423
-426
-409
-411
-279
-178
6
201
296
332
311
415
536
654
750
746
656
552
578
759
787
734
597
510
451
410
458
421
332
134
219
153
16
-118
-67
32
-155
-207
-214
-320
-394
-378
-108
-238
-461
-460
-391
-224
-378
-224
-226
-332
-322
-298
-28
-133
-205
-195
-161
-82
-125
-6
12
-9
-16
17
125
104
101
111
112
132
70
59
27
-14
-35
-132
-232
-320
-349
-372
-479
-598
-749
-805
-837
-854
-914
-1063
-1237
-1255
-1199
-1117
-1198
-1217
-1067
-780
-477
-692
-870
-747
-155
164
282
457
258
-19
146
1152
1701
1308
885
1025
1308
1487
1805
2046
1609
906
857
1319
1514
1122
748
392
93
-59
94
234
-82
-651
-906
-746
-566
-608
-744
-799
-904
-927
-865
-650
-605
-574
-548
-452
-323
-267
-50
120
236
240
262
376
515
650
732
692
594
560
679
809
785
726
573
548
515
550
510
362
422
312
299
57
53
106
-4
70
-40
-151
-398
-431
-157
-194
-281
-455
-468
-397
-440
-159
-155
-284
-459
-432
-149
-151
-91
-178
-213
-259
-228
26
77
23
-75
-39
103
138
198
186
129
98
89
183
106
15
-59
-83
-84
-198
-302
-374
-402
-482
-602
-766
-848
-944
-895
-977
-1106
-1298
-1394
-1290
-1280
-1243
-1278
-1133
-857
-600
-702
-846
-747
-180
181
407
578
386
131
270
1211
1764
1525
1109
1098
1371
1611
1951
2152
1754
1112
958
1343
1640
1319
887
422
116
-47
90
233
-114
-649
-1023
-877
-696
-702
-816
-946
-1020
-1036
-920
-718
-670
-666
-631
-510
-339
-268
-87
60
226
292
304
432
540
668
752
759
701
627
706
879
911
806
658
593
605
613
677
677
539
333
209
286
305
222
102
10
-80
-232
-229
-153
-162
-325
-452
-382
-344
-351
-340
-290
-342
-441
-432
-306
-242
-281
-300
-294
-333
-344
-208
-65
-67
-170
-173
-64
24
102
141
128
39
55
169
235
172
15
-24
-29
-54
-119
-214
-360
-544
-615
-537
-599
-809
-1023
-1037
-1074
-1176
-1185
-1182
-1281
-1477
-1420
-1142
-917
-713
-745
-893
-893
-562
36
319
432
400
196
250
731
1512
1696
1356
1192
1277
1562
1798
2138
2107
1575
1171
1227
1541
1501
1179
826
385
75
-22
137
91
-372
-811
-1001
-876
-786
-820
-927
-1122
-1220
-1138
-948
-769
-744
-733
-671
-547
-363
-199
-19
89
192
242
357
502
638
761
792
819
786
802
879
975
970
850
713
653
677
763
690
601
450
342
314
275
419
228
65
-128
-144
-75
-211
-162
-271
-400
-492
-474
-249
-316
-372
-440
-490
-427
-424
-251
-279
-379
-381
-352
-230
-245
-145
-109
-147
-165
-140
-4
48
53
50
20
24
39
107
135
18
-74
-156
-154
-162
-251
-335
-499
-618
-675
-719
-723
-930
-1053
-1193
-1192
-1181
-1287
-1323
-1435
-1415
-1330
-1061
-711
-741
-975
-939
-547
-7
192
376
455
276
335
748
1524
1689
1445
1336
1458
1742
1880
2145
2157
1745
1351
1333
1585
1578
1238
907
510
273
106
170
96
-280
-678
-925
-865
-857
-861
-945
-1090
-1244
-1244
-1098
-882
-812
-806
-801
-703
-508
-335
-88
27
135
146
231
419
605
738
754
739
727
708
784
868
886
774
646
548
551
557
598
706
476
290
-22
205
287
178
187
-54
-149
-480
-320
50
-77
-268
-569
-454
-406
-419
-127
-192
-314
-546
-458
-121
-176
-128
-201
-211
-296
-345
-89
23
-15
-154
-166
-57
-30
63
152
116
18
-104
21
82
76
-32
-155
-214
-327
-326
-377
-456
-530
-684
-738
-878
-884
-920
-1122
-1174
-1311
-1297
-1411
-1458
-1367
-1196
-941
-750
-913
-996
-939
-388
36
244
387
262
210
343
1087
1719
1643
1349
1298
1528
1806
2062
2331
2107
1562
1296
1419
1688
1561
1292
881
427
152
102
300
155
-285
-728
-898
-836
-763
-711
-734
-915
-1117
-1171
-977
-722
-603
-608
-697
-653
-520
-266
18
182
229
128
189
387
639
791
792
724
630
648
757
910
913
769
548
472
465
552
720
599
364
1
63
216
237
292
136
-69
-373
-372
-16
16
-116
-359
-431
-418
-472
-231
-145
-240
-472
-555
-342
-265
-163
-148
-213
-318
-382
-213
-34
24
-52
-140
-138
-102
-41
35
31
-16
-149
-171
-154
-132
-86
-192
-221
-368
-401
-430
-493
-445
-575
-646
-884
-939
-986
-1095
-1103
-1224
-1249
-1433
-1468
-1447
-1199
-870
-592
-835
-1094
-988
-485
-27
224
480
284
-55
61
958
1692
1622
1271
1205
1306
1519
1950
2353
2187
1530
1228
1338
1645
1607
1391
1000
513
168
65
247
141
-184
-618
-805
-855
-888
-874
-806
-803
-981
-1142
-1159
-973
-794
-603
-570
-613
-702
-635
-295
68
270
199
90
112
342
626
848
780
626
481
544
740
865
851
664
446
360
360
483
603
498
360
-3
74
76
232
284
100
-22
-362
-242
-71
38
20
-230
-254
-322
-226
-17
-24
-52
-271
-281
-178
-133
-7
-67
-70
-191
-234
-157
-102
-34
-97
-130
-194
-244
-207
-160
-119
-149
-262
-296
-373
-312
-287
-270
-351
-505
-576
-655
-597
-602
-658
-834
-985
-1093
-1129
-1072
-1105
-1212
-1433
-1500
-1313
-961
-588
-697
-1034
-1094
-740
-194
119
437
457
-23
-108
447
1453
1641
1365
1271
1205
1323
1632
2271
2388
1779
1295
1236
1463
1578
1476
1280
695
207
-5
182
305
-12
-391
-670
-722
-776
-796
-725
-726
-823
-938
-1013
-901
-842
-625
-451
-379
-384
-465
-263
-26
279
441
429
371
334
474
707
888
880
699
536
557
679
837
785
644
456
331
315
408
636
432
229
-29
64
124
90
277
133
-79
-318
-182
133
58
12
-42
-92
-125
-142
182
216
76
-16
-46
100
63
180
213
98
-16
-90
-1
9
-29
-64
-70
-107
-180
-242
-215
-213
-213
-300
-405
-488
-528
-435
-442
-486
-616
-714
-734
-777
-695
-726
-831
-995
-1112
-1053
-1103
-1177
-1218
-1239
-1268
-1123
-706
-397
-805
-1029
-782
-182
67
215
574
316
-100
50
1085
1682
1410
1141
1224
1221
1247
1688
2236
1982
1263
990
1146
1388
1289
1179
869
334
-96
-102
144
90
-299
-652
-756
-791
-824
-792
-660
-699
-805
-909
-850
-755
-635
-438
-291
-244
-344
-333
-161
166
406
485
388
287
332
493
717
786
714
502
397
443
579
610
465
335
184
137
49
258
386
149
-44
-261
4
-54
-9
217
-24
-174
-478
-139
194
8
96
-60
33
-71
-21
426
284
236
47
99
220
61
255
225
124
-39
-128
16
-44
-114
-136
-166
-205
-386
-418
-379
-368
-383
-533
-582
-731
-729
-697
-636
-609
-814
-895
-992
-855
-813
-810
-942
-1095
-1148
-1161
-1151
-1180
-1249
-1295
-1075
-661
-300
-664
-864
-727
-151
157
419
741
411
-30
43
1018
1633
1472
1257
1252
1184
1169
1529
2113
1993
1364
1008
990
1163
1079
1131
939
454
-67
-246
-5
-8
-192
-440
-561
-699
-834
-738
-496
-396
-478
-648
-677
-641
-511
-258
-64
38
-119
-162
-58
207
473
587
587
421
287
350
561
753
741
553
324
202
280
389
394
229
24
-88
-163
-74
73
31
-106
-282
-263
-197
-172
5
-37
-98
-203
-181
60
49
184
192
184
201
142
355
358
373
368
289
331
216
295
325
262
202
76
64
-53
-145
-184
-228
-256
-381
-435
-507
-539
-544
-561
-581
-672
-740
-748
-740
-704
-785
-844
-874
-924
-873
-950
-909
-1024
-1140
-1096
-1166
-1084
-1265
-1250
-950
-476
-187
-671
-929
-664
-120
204
527
925
520
-176
39
1154
1803
1545
1305
1353
1122
1062
1515
2161
1965
1250
915
971
1023
890
960
891
438
-143
-284
-148
-137
-381
-448
-466
-622
-854
-897
-595
-419
-356
-500
-539
-592
-507
-249
77
263
172
25
-17
216
462
686
664
576
409
335
423
591
674
533
308
147
144
150
141
53
-50
-205
-335
-417
-267
-178
-268
-485
-556
-415
-359
-291
-185
-142
-300
-385
-184
110
170
140
192
258
243
245
440
569
515
422
426
486
432
412
447
378
225
97
84
47
-64
-160
-193
-244
-343
-436
-483
-504
-549
-582
-628
-698
-744
-790
-728
-732
-751
-808
-907
-878
-886
-855
-940
-1025
-1021
-1116
-1135
-1175
-1179
-1122
-765
-162
-248
-727
-859
-323
129
385
904
1102
424
-110
514
1645
1883
1561
1475
1419
1158
1130
1767
2165
1776
1104
878
942
839
755
838
691
144
-380
-441
-329
-428
-544
-525
-523
-753
-949
-832
-532
-324
-276
-304
-359
-397
-286
3
308
430
331
211
233
422
660
778
783
680
557
492
540
655
633
475
302
233
198
86
-22
-110
-185
-343
-435
-463
-359
-360
-508
-548
-544
-356
-382
-326
-193
-239
-238
-251
-4
170
111
214
256
393
360
353
570
565
580
481
500
523
385
410
376
281
122
-13
-17
-69
-187
-277
-359
-404
-512
-554
-578
-613
-668
-735
-710
-787
-806
-820
-765
-772
-858
-910
-927
-936
-905
-952
-979
-1081
-1125
-1156
-1195
-1159
-1232
-1181
-746
-177
-218
-708
-843
-306
33
400
1023
1158
477
-164
538
1533
1809
1675
1621
1506
1066
1056
1696
2104
1805
1173
923
904
710
625
653
609
125
-345
-406
-445
-600
-725
-552
-443
-627
-862
-891
-689
-433
-255
-179
-265
-350
-266
-11
344
524
509
388
368
549
749
828
772
716
683
654
635
626
521
371
240
280
253
59
-179
-310
-307
-272
-218
-308
-449
-662
-615
-509
-352
-216
-283
-341
-497
-366
-131
-24
137
133
233
206
207
402
457
556
485
505
543
413
463
465
535
467
320
287
148
40
-51
-40
-61
-200
-361
-456
-484
-491
-523
-515
-593
-691
-728
-773
-743
-778
-744
-814
-852
-920
-961
-957
-939
-917
-1013
-1033
-1160
-1241
-1278
-1266
-1231
-1242
-789
-221
-284
-675
-832
-257
77
396
1070
1184
640
-4
551
1488
1747
1708
1606
1529
1177
1042
1529
1890
1709
1157
828
835
583
378
329
326
27
-432
-539
-652
-877
-1033
-867
-590
-640
-873
-976
-854
-558
-331
-183
-154
-186
-168
1
335
534
568
530
602
747
853
874
826
791
851
907
834
670
483
356
244
265
294
80
-207
-463
-357
-216
-313
-344
-481
-466
-643
-588
-325
-249
-267
-390
-312
-200
-175
-56
155
285
307
253
350
406
449
501
579
620
516
433
422
416
378
351
310
276
88
-41
-146
-132
-163
-213
-271
-378
-407
-496
-456
-484
-463
-524
-609
-673
-720
-727
-721
-762
-790
-852
-923
-919
-1006
-978
-1095
-1104
-1178
-1278
-1271
-1362
-1340
-1223
-629
-206
-406
-741
-614
-208
74
646
1233
1123
457
320
998
1589
1822
1853
1849
1638
1327
1400
1728
1908
1619
1223
1067
879
571
308
268
134
-162
-392
-529
-789
-1114
-1170
-979
-758
-806
-929
-1000
-880
-600
-371
-210
-200
-158
-64
126
349
498
598
601
685
831
925
896
785
801
862
914
832
667
471
294
201
220
188
-3
-244
-449
-365
-364
-408
-482
-543
-534
-636
-537
-385
-412
-408
-450
-257
-176
-168
-50
7
165
152
241
348
370
396
402
498
524
475
445
434
386
296
251
247
189
59
-44
-107
-169
-228
-241
-277
-316
-389
-438
-438
-493
-504
-536
-550
-563
-641
-671
-719
-747
-779
-806
-820
-885
-977
-1091
-1108
-1132
-1171
-1252
-1345
-1372
-1396
-998
-439
-238
-437
-689
-408
-166
310
906
1156
895
416
668
1153
1530
1739
1774
1786
1545
1361
1488
1675
1718
1403
1179
1054
752
465
256
176
-48
-312
-384
-562
-874
-1170
-1164
-923
-791
-757
-826
-820
-729
-581
-339
-208
-132
-58
99
291
376
423
491
632
774
917
986
902
778
740
838
880
812
641
457
300
193
158
85
-60
-258
-378
-386
-421
-468
-528
-552
-563
-589
-516
-442
-453
-446
-407
-292
-197
-142
-27
27
78
130
245
346
357
371
383
414
410
399
402
379
299
208
184
145
70
-14
-90
-133
-206
-236
-272
-338
-368
-389
-397
-449
-510
-518
-538
-556
-564
-562
-580
-604
-671
-646
-659
-690
-724
-876
-884
-992
-974
-1030
-1159
-1179
-1324
-1207
-1123
-718
-326
-270
-385
-581
-345
-11
441
804
847
803
663
834
1096
1370
1519
1510
1584
1566
1624
1587
1496
1354
1158
1065
994
873
627
273
-20
-184
-293
-402
-565
-777
-944
-985
-831
-741
-765
-832
-765
-579
-483
-441
-456
-338
-172
43
209
242
231
254
432
646
752
718
638
611
643
709
736
628
487
378
373
351
249
94
-59
-185
-210
-200
-222
-267
-415
-399
-428
-426
-454
-509
-397
-428
-326
-276
-215
-164
-201
-51
39
134
180
189
271
251
277
288
323
367
339
345
329
311
261
228
210
176
91
51
44
32
-11
-43
-44
-114
-143
-184
-166
-228
-294
-357
-381
-389
-443
-464
-483
-458
-546
-699
-789
-793
-810
-801
-834
-819
-923
-1015
-1057
-1117
-1083
-1052
-915
-738
-467
-214
-126
-204
-169
-15
240
466
680
854
941
974
1034
1154
1231
1294
1402
1560
1608
1598
1465
1334
1160
999
871
716
557
369
195
14
-188
-373
-494
-575
-688
-804
-806
-732
-671
-710
-754
-743
-636
-526
-459
-424
-376
-272
-114
80
222
292
309
354
431
527
620
697
704
691
644
611
582
522
450
363
280
200
116
6
-88
-170
-140
-163
-201
-310
-388
-393
-433
-393
-363
-316
-307
-337
-267
-228
-171
-117
-53
74
106
179
188
224
261
279
330
350
377
355
361
355
325
247
205
194
163
137
90
75
-7
-64
-105
-173
-210
-253
-270
-334
-410
-434
-409
-429
-500
-559
-643
-679
-677
-688
-703
-755
-779
-859
-879
-859
-909
-912
-958
-936
-895
-939
-916
-953
-901
-729
-439
-142
-1
9
2
129
351
562
732
877
1035
1143
1238
1332
1381
1376
1376
1495
1508
1405
1224
1105
960
764
553
367
194
-18
-182
-363
-524
-702
-810
-893
-997
-1112
-1165
-1110
-1001
-942
-895
-793
-642
-517
-400
-258
-84
88
251
429
576
725
833
956
1006
1018
996
995
987
938
889
813
707
558
408
263
173
84
17
-115
-210
-297
-346
-394
-459
-478
-503
-513
-507
-439
-366
-322
-287
-209
-127
-27
50
139
225
312
386
463
513
484
460
482
522
493
415
359
336
303
259
168
82
-20
-50
-76
-130
-215
-319
-348
-403
-438
-493
-548
-553
-583
-589
-615
-623
-643
-684
-689
-686
-697
-738
-771
-773
-757
-756
-792
-807
-850
-869
-887
-904
-860
-870
-829
-784
-555
-169
63
181
91
232
464
683
977
1156
1347
1326
1391
1559
1696
1719
1581
1560
1522
1499
1358
1269
1035
803
571
247
182
-231
-342
-598
-776
-900
-1129
-1170
-1349
-1358
-1374
-1213
-1084
-1036
-918
-759
-487
-258
-87
34
185
365
579
777
916
1009
1100
1211
1240
1220
1133
1065
997
855
755
589
411
188
54
-26
-214
-364
-576
-638
-702
-767
-767
-786
-761
-801
-741
-689
-580
-507
-394
-259
-179
-1
1
281
315
469
522
528
638
559
591
564
593
549
462
434
333
263
141
41
-28
-148
-199
-233
-299
-352
-431
-466
-515
-516
-463
-448
-423
-470
-441
-427
-399
-391
-398
-394
-396
-399
-434
-493
-530
-556
-576
-653
-728
-771
-813
-840
-932
-929
-1005
-1054
-1086
-1087
-940
-733
-282
74
114
172
345
721
886
1023
1283
1447
1464
1473
1747
1945
1813
1608
1543
1621
1480
1273
1113
922
596
193
-50
-220
-467
-741
-985
-1185
-1353
-1466
-1449
-1496
-1496
-1440
-1245
-1042
-889
-658
-383
-104
80
279
494
651
799
990
1196
1291
1329
1352
1359
1323
1237
1142
981
798
605
454
261
35
-151
-287
-411
-586
-691
-726
-726
-786
-819
-801
-746
-686
-626
-482
-358
-237
-128
39
196
294
401
493
589
641
695
733
700
621
556
525
401
277
164
80
-21
-163
-241
-339
-435
-547
-590
-615
-641
-670
-677
-636
-605
-549
-485
-413
-404
-377
-294
-226
-184
-185
-153
-146
-153
-183
-212
-249
-355
-442
-518
-625
-692
-867
-962
-1064
-1142
-1170
-1314
-1302
-1356
-1242
-998
-540
-143
-53
63
407
805
935
1079
1334
1576
1479
1562
1907
2114
1987
1772
1903
1915
1653
1338
1206
1054
607
185
-8
-151
-443
-733
-929
-1117
-1336
-1477
-1477
-1542
-1548
-1438
-1197
-977
-810
-506
-198
84
289
522
708
801
943
1121
1296
1332
1364
1431
1414
1315
1185
1056
793
483
264
127
-92
-366
-535
-635
-719
-881
-950
-940
-940
-946
-913
-758
-628
-499
-361
-186
-26
91
251
399
515
612
710
813
880
904
916
870
780
673
565
437
264
100
-38
-157
-291
-394
-464
-550
-621
-666
-668
-673
-706
-689
-633
-572
-498
-427
-304
-200
-111
-20
42
81
76
104
88
41
-29
-75
-104
-205
-320
-476
-595
-747
-916
-1022
-1178
-1293
-1438
-1509
-1543
-1589
-1539
-1434
-1069
-612
-294
-108
161
600
882
1000
1282
1568
1586
1449
1602
2003
1969
1712
1676
1862
1787
1392
1195
1096
745
218
-104
-217
-454
-808
-1002
-1083
-1242
-1403
-1440
-1457
-1520
-1518
-1332
-1082
-851
-569
-228
113
433
765
971
1026
1070
1188
1335
1321
1229
1337
1360
1255
1149
1102
968
561
203
47
-124
-467
-694
-766
-834
-859
-925
-804
-732
-775
-659
-620
-434
-413
-236
30
215
424
504
772
862
973
1000
980
953
872
888
801
682
581
457
302
136
-47
-210
-413
-588
-702
-800
-891
-971
-950
-907
-861
-800
-734
-617
-612
-551
-431
-302
-192
-139
-6
76
159
170
171
143
77
-7
-105
-221
-378
-492
-629
-717
-873
-1007
-1147
-1345
-1460
-1573
-1630
-1732
-1813
-1746
-1455
-936
-528
-273
5
471
865
963
1181
1546
1686
1472
1462
1862
2021
1788
1694
1953
1974
1600
1302
1257
971
376
-25
-171
-382
-794
-973
-992
-1073
-1246
-1294
-1218
-1288
-1321
-1243
-1037
-835
-572
-232
85
452
825
1146
1241
1290
1370
1390
1264
1119
1139
1114
961
847
869
832
569
272
77
-180
-562
-869
-969
-1030
-1161
-1186
-1029
-839
-726
-677
-516
-376
-299
-201
-72
176
347
519
692
897
1076
1124
1164
1130
1144
1030
859
729
605
502
295
160
72
-63
-266
-438
-526
-618
-762
-859
-875
-873
-863
-829
-664
-517
-418
-340
-252
-123
-27
43
91
122
159
192
195
163
117
60
-58
-190
-321
-459
-629
-782
-935
-1056
-1186
-1353
-1455
-1599
-1627
-1708
-1765
-1764
-1723
-1291
-821
-497
-246
109
716
940
1048
1433
1726
1731
1434
1656
1947
1742
1486
1600
1889
1675
1293
1235
1202
713
227
-47
-206
-686
-1041
-1032
-1093
-1193
-1326
-1136
-1104
-1135
-1044
-859
-694
-585
-333
-59
254
598
981
1180
1321
1488
1614
1490
1255
1169
1100
874
597
545
525
336
109
64
-44
-375
-748
-906
-996
-1229
-1404
-1327
-1154
-1031
-886
-671
-405
-251
-54
99
284
407
486
615
698
879
975
1035
1042
1092
1117
998
840
688
546
309
84
-38
-143
-345
-490
-536
-556
-653
-738
-692
-696
-712
-705
-609
-502
-440
-322
-167
-39
52
146
243
284
289
295
260
173
77
-3
-107
-223
-373
-480
-598
-719
-826
-968
-1108
-1240
-1360
-1485
-1607
-1699
-1680
-1741
-1691
-1536
-1029
-582
-367
8
472
1042
1054
1294
1643
1832
1646
1472
1826
1864
1622
1394
1672
1732
1472
1202
1218
998
436
91
-156
-373
-923
-1104
-1151
-1163
-1260
-1208
-1014
-1012
-944
-828
-597
-511
-309
-97
160
446
815
1125
1251
1428
1628
1676
1466
1279
1194
1038
679
468
401
265
-15
-176
-184
-346
-658
-923
-995
-1109
-1320
-1401
-1309
-1180
-1056
-907
-590
-354
-134
27
218
461
535
628
668
812
902
919
948
972
1006
918
806
728
623
431
205
32
-92
-280
-465
-556
-611
-677
-759
-746
-679
-658
-627
-573
-476
-416
-357
-266
-176
-96
-28
73
138
196
219
230
172
92
-21
-152
-306
-470
-613
-774
-897
-1021
-1097
-1194
-1276
-1344
-1378
-1430
-1477
-1521
-1563
-1560
-1526
-1225
-810
-439
-118
298
877
1249
1431
1749
1987
1988
1760
1718
1832
1616
1347
1303
1454
1381
1134
1087
1071
744
327
32
-178
-556
-987
-1125
-1204
-1259
-1285
-1111
-896
-814
-655
-410
-198
-49
118
313
532
730
995
1155
1272
1436
1542
1530
1383
1278
1168
913
624
442
252
-19
-320
-465
-581
-789
-985
-1074
-1082
-1179
-1271
-1241
-1109
-1051
-951
-791
-572
-345
-195
55
259
454
574
652
769
843
869
857
839
814
743
620
555
448
324
154
9
-73
-220
-373
-487
-536
-593
-678
-700
-656
-627
-588
-503
-365
-247
-184
-96
2
60
101
146
162
152
114
98
52
-13
-86
-196
-284
-386
-544
-683
-838
-945
-1090
-1212
-1326
-1435
-1480
-1574
-1524
-1550
-1490
-1493
-1429
-1257
-1037
-592
-322
31
405
899
1277
1491
1793
1998
1990
1811
1793
1784
1589
1244
1187
1213
1105
914
815
822
546
251
36
-164
-503
-859
-1028
-1144
-1302
-1348
-1211
-1040
-883
-692
-364
-90
148
396
645
869
1074
1241
1348
1408
1487
1557
1484
1399
1304
1216
984
735
578
386
115
-165
-315
-480
-702
-921
-967
-1034
-1106
-1148
-1070
-910
-869
-695
-545
-334
-200
-53
143
268
405
473
559
638
713
752
798
787
806
727
617
522
372
254
32
-105
-233
-367
-487
-567
-582
-605
-635
-595
-512
-468
-427
-367
-269
-193
-123
-35
43
64
106
142
165
152
142
140
73
-13
-116
-217
-350
-502
-653
-777
-944
-1053
-1161
-1231
-1298
-1380
-1383
-1437
-1429
-1454
-1428
-1427
-1407
-1306
-1121
-787
-454
-135
208
659
1075
1367
1619
1901
1983
1868
1743
1714
1601
1286
1111
1086
1011
823
713
715
617
371
175
0
-269
-609
-841
-981
-1177
-1281
-1257
-1120
-972
-763
-467
-184
76
365
635
823
994
1154
1252
1222
1219
1244
1182
1060
984
950
818
634
519
412
228
4
-182
-340
-573
-784
-912
-987
-1061
-1120
-1061
-950
-843
-706
-527
-343
-187
-70
92
211
288
353
391
470
498
552
583
605
638
626
608
548
472
358
208
67
-73
-210
-336
-439
-489
-514
-527
-512
-441
-352
-281
-193
-76
30
99
145
184
191
172
173
162
168
162
145
125
87
32
-61
-173
-315
-459
-641
-799
-957
-1067
-1171
-1250
-1268
-1313
-1307
-1307
-1273
-1255
-1274
-1253
-1208
-1188
-1120
-970
-625
-310
-77
331
722
1138
1327
1603
1891
1879
1776
1663
1661
1451
1122
958
906
726
585
523
561
438
228
166
-9
-192
-483
-672
-858
-1072
-1175
-1201
-1157
-1043
-843
-580
-287
10
363
578
780
999
1165
1189
1123
1109
1095
970
841
805
718
613
490
502
461
320
181
76
-29
-225
-403
-543
-674
-805
-840
-818
-737
-654
-492
-316
-138
50
185
312
346
420
428
375
327
300
298
268
269
327
361
351
375
361
344
221
124
38
-101
-218
-362
-429
-494
-507
-451
-384
-288
-162
-42
77
175
236
283
277
254
203
143
84
15
-16
-43
-70
-84
-110
-149
-220
-309
-412
-545
-678
-807
-936
-1052
-1123
-1176
-1176
-1175
-1141
-1101
-1071
-1008
-994
-940
-921
-858
-768
-608
-390
-180
73
338
683
938
1186
1391
1581
1653
1612
1591
1502
1342
1092
944
811
671
493
410
358
284
200
97
40
-129
-300
-496
-672
-827
-974
-1063
-1093
-1035
-911
-742
-527
-269
-7
251
467
671
793
851
864
859
802
698
589
502
459
391
371
351
343
315
299
244
154
41
-98
-223
-374
-489
-619
-690
-725
-677
-583
-477
-341
-191
-29
74
163
224
271
240
223
202
174
148
140
171
221
262
298
338
333
344
298
223
110
5
-91
-193
-243
-270
-262
-224
-149
-40
79
153
246
303
321
318
271
217
114
19
-53
-112
-164
-217
-244
-247
-280
-306
-348
-403
-479
-577
-663
-756
-845
-933
-1001
-1056
-1064
-1081
-1057
-1037
-985
-910
-846
-733
-641
-518
-365
-138
55
220
427
654
860
993
1158
1307
1354
1324
1317
1317
1217
1040
932
837
687
529
429
357
218
92
-15
-128
-251
-399
-521
-646
-771
-852
-911
-943
-918
-853
-737
-597
-381
-153
53
270
480
666
746
817
870
860
790
721
662
577
495
447
437
408
366
331
304
257
198
116
-12
-118
-239
-327
-436
-479
-466
-470
-424
-361
-233
-164
-86
39
128
173
185
225
237
199
195
219
203
172
146
188
177
135
134
121
89
15
-25
-64
-135
-195
-239
-255
-247
-245
-204
-177
-127
-64
-27
7
17
40
22
-12
-37
-69
-125
-175
-208
-221
-262
-293
-314
-349
-377
-437
-469
-530
-582
-646
-689
-734
-795
-822
-862
-858
-857
-821
-754
-678
-571
-441
-324
-182
-21
147
296
425
600
707
828
907
995
1068
1041
1054
1038
1004
919
821
741
644
507
407
303
181
58
-62
-153
-268
-383
-495
-570
-652
-738
-788
-810
-817
-782
-715
-611
-459
-313
-147
24
197
369
492
566
625
644
629
595
556
510
445
419
385
369
350
322
308
285
240
187
122
29
-32
-118
-163
-222
-280
-303
-313
-276
-228
-175
-115
-31
40
108
163
209
221
215
228
239
232
191
174
173
153
122
101
74
55
24
-3
-3
-36
-59
-84
-89
-93
-101
-100
-88
-90
-92
-102
-93
-85
-101
-106
-125
-120
-145
-177
-199
-223
-255
-293
-312
-334
-360
-401
-424
-442
-478
-492
-539
-564
-596
-636
-660
-693
-675
-663
-634
-571
-517
-412
-333
-242
-127
-57
67
168
273
369
462
571
646
742
808
866
900
910
933
901
853
786
726
654
560
485
391
288
190
116
44
-68
-169
-247
-331
-428
-520
-562
-593
-605
-586
-532
-442
-359
-247
-134
-19
102
189
285
349
400
421
438
453
429
402
368
357
349
326
320
309
276
240
206
169
98
35
-20
-99
-176
-239
-268
-296
-312
-294
-258
-230
-190
-125
-66
-22
27
65
97
113
123
141
133
118
101
89
61
41
10
-22
-48
-53
-49
-58
-64
-60
-47
-46
-57
-75
-98
-129
-157
-169
-177
-182
-170
-147
-130
-88
-50
-32
-15
-22
-22
-56
-89
-113
-146
-164
-201
-219
-262
-302
-325
-336
-345
-364
-368
-378
-397
-406
-400
-372
-348
-328
-277
-212
-148
-104
-19
70
145
228
313
434
525
616
698
756
803
808
810
767
696
639
562
488
405
336
278
204
128
77
18
-59
-156
-236
-306
-407
-484
-558
-589
-621
-635
-601
-554
-476
-395
-282
-167
-66
26
112
199
255
290
315
327
335
319
303
291
286
286
258
250
235
205
169
131
82
30
-26
-81
-127
-190
-230
-271
-296
-308
-300
-267
-236
-177
-122
-63
-8
28
61
94
103
107
103
89
82
72
66
55
58
50
33
24
19
9
8
-13
-23
-25
-38
-58
-94
-101
-117
-123
-133
-146
-141
-133
-115
-88
-56
-27
-15
-13
-10
-3
-16
-27
-34
-64
-84
-114
-137
-175
-206
-236
-259
-273
-312
-310
-308
-317
-330
-323
-301
-278
-258
-213
-161
-118
-65
-9
76
134
200
282
359
441
487
557
607
619
629
622
613
562
515
489
432
376
312
254
197
121
64
10
-60
-133
-193
-235
-300
-367
-418
-445
-464
-457
-437
-395
-336
-283
-192
-116
-25
48
103
151
186
217
224
223
237
245
232
227
226
230
211
177
166
145
114
77
40
11
-36
-76
-105
-145
-174
-199
-211
-204
-184
-148
-116
-72
-33
14
51
79
98
98
90
79
67
45
27
9
-2
-14
-19
-43
-65
-78
-89
-102
-124
-130
-146
-168
-185
-200
-201
-194
-191
-169
-153
-114
-81
-51
-1
33
64
82
102
126
133
132
125
115
106
73
49
20
-15
-59
-108
-125
-146
-175
-197
-202
-205
-215
-212
-192
-174
-161
-129
-83
-50
-21
20
48
78
105
146
186
220
254
281
324
350
377
401
411
406
408
406
378
351
308
268
218
164
105
53
4
-57
-106
-153
-189
-213
-228
-245
-242
-232
-226
-215
-205
-176
-152
-123
-94
-82
-52
-23
-3
28
46
67
90
107
134
148
158
166
167
165
141
111
95
69
38
6
-18
-44
-78
-97
-112
-118
-118
-126
-115
-100
-86
-74
-61
-53
-59
-69
-90
-108
-130
-133
-139
-138
-131
-126
-111
-95
-90
-85
-76
-66
-58
-59
-58
-79
-93
-90
-115
-123
-140
-155
-160
-163
-143
-129
-99
-93
-87
-41
-22
-13
-4
12
30
27
32
46
46
31
21
27
30
9
-2
2
0
-10
-17
-11
-16
-27
-33
-35
-17
4
22
29
47
66
86
104
122
137
149
169
181
202
223
238
254
278
300
315
314
315
306
290
282
259
244
215
172
134
96
55
10
-31
-66
-96
-112
-138
-159
-169
-174
-185
-190
-186
-190
-195
-187
-180
-165
-144
-118
-94
-70
-40
-12
3
17
32
49
63
57
50
40
43
28
10
-8
-31
-56
-75
-84
-83
-94
-93
-91
-87
-87
-81
-61
-54
-40
-37
-30
-24
-29
-27
-23
-24
9
21
12
-9
-20
-17
-45
-43
-57
-46
-53
-92
-97
-96
-90
-120
-123
-100
-98
-94
-80
-64
-59
-52
-38
-1
-1
-5
8
20
36
44
70
84
99
114
121
140
146
153
145
129
129
117
102
79
57
33
5
-16
-34
-45
-56
-62
-72
-64
-53
-47
-35
-22
-1
21
57
89
129
154
186
223
256
288
303
325
346
352
342
333
327
298
259
218
185
144
84
32
-13
-66
-116
-153
-175
-203
-231
-248
-260
-284
-290
-297
-288
-267
-254
-227
-215
-187
-165
-143
-115
-87
-59
-43
-39
-34
-11
-1
4
5
8
13
-1
-17
-29
-39
-57
-62
-62
-66
-76
-78
-67
-65
-59
-49
-41
-31
-22
-9
8
14
20
30
37
45
63
64
73
87
85
83
69
61
48
30
15
-5
-27
-54
-74
-98
-118
-142
-150
-158
-158
-149
-154
-141
-129
-113
-93
-73
-47
-28
2
26
53
80
105
119
125
123
125
123
101
85
71
44
14
-4
-26
-55
-81
-103
-126
-144
-163
-174
-175
-186
-185
-184
-168
-144
-121
-93
-54
-14
27
72
113
158
200
240
275
306
320
334
337
328
308
280
246
206
175
138
96
59
25
-10
-41
-68
-101
-136
-167
-193
-215
-232
-238
-239
-241
-233
-223
-207
-182
-151
-125
-95
-58
-30
4
32
57
84
100
109
112
110
106
102
90
75
58
44
34
29
22
11
11
19
17
15
23
29
36
33
38
47
54
61
67
85
92
107
118
140
150
152
156
150
140
131
108
82
60
33
13
-10
-40
-71
-93
-121
-143
-158
-169
-174
-176
-170
-166
-151
-131
-105
-78
-53
-29
-8
10
24
40
50
61
71
80
84
80
68
63
59
43
27
6
-9
-31
-60
-93
-122
-151
-173
-192
-204
-205
-209
-201
-175
-143
-115
-77
-42
-8
26
61
100
134
164
189
214
223
224
218
201
178
144
114
84
59
34
9
-11
-20
-32
-42
-59
-76
-90
-110
-122
-137
-146
-161
-169
-165
-155
-149
-141
-128
-108
-82
-68
-53
-38
-15
6
25
39
51
54
56
57
50
44
35
34
27
24
21
26
30
25
30
36
47
48
57
65
75
75
79
97
104
106
115
130
135
143
152
162
169
169
164
162
152
129
102
75
53
26
1
-30
-62
-90
-114
-130
-147
-152
-152
-140
-124
-103
-85
-66
-40
-17
5
25
45
50
59
60
62
67
65
60
58
52
45
44
31
29
21
13
-2
-19
-41
-60
-80
-104
-114
-122
-124
-127
-122
-119
-112
-106
-102
