34
-9
6
-2
16
-14
-11
26
2
-5
24
28
-22
38
18
-6
28
24
8
11
30
23
-8
52
22
3
44
25
36
-2
60
14
-7
63
10
8
34
21
10
8
33
23
-9
35
24
-6
23
16
5
-1
18
-8
9
-19
19
-14
-7
22
-19
17
-29
35
-31
-8
14
-24
4
-35
19
-54
-7
-12
-38
-20
-33
-5
-66
18
-56
-29
-13
-42
-20
-38
-6
-32
-61
19
-65
-48
18
-76
14
-77
27
-67
-51
6
-53
-33
-34
9
-81
8
-56
0
-58
-14
-9
-43
15
-50
34
-30
12
-13
23
-13
-2
23
7
-4
-12
55
-49
18
15
-25
-1
-5
0
9
-28
55
-18
-19
81
-47
43
32
-2
11
44
8
34
1
56
19
-57
134
-57
-14
85
-38
32
-28
78
23
-70
111
-28
-2
11
53
3
-20
62
-17
18
-3
27
12
-21
39
-6
4
3
16
-15
-17
38
-54
7
-14
-49
15
-66
32
-43
-45
19
-61
-6
-56
-21
-39
-50
-34
-50
29
-101
28
-50
-37
-16
-71
21
-95
21
-96
-28
-10
-139
-7
-76
-42
-107
-6
-28
-152
55
-87
-82
5
-69
-7
-87
12
-19
-89
32
-49
-45
-5
-22
-10
-16
-80
84
-92
-42
53
-30
-70
14
40
-54
8
-7
110
-137
76
56
-23
31
28
58
-15
68
6
84
0
59
50
30
78
-3
56
72
-42
88
7
69
17
-21
157
-58
61
109
28
46
59
51
90
-23
100
46
33
93
-28
152
-22
85
18
33
90
-67
106
4
-20
64
-60
76
-33
-3
67
-75
125
-130
105
-49
-28
37
-75
55
-84
43
-61
30
-109
72
-73
-37
23
-74
56
-123
66
-110
15
-102
-39
21
-177
116
-145
8
-46
-97
52
-172
72
-71
-59
44
-149
71
-102
-18
-23
-49
51
-148
66
-53
-42
-14
-61
34
-77
-14
-14
33
-104
37
-30
-18
-22
20
25
-34
36
10
-34
63
-2
-49
121
-103
112
3
74
29
9
51
29
4
85
41
54
53
-1
130
-26
66
49
120
13
102
67
86
7
72
94
28
107
19
191
4
101
32
147
-45
60
82
3
-6
34
54
-24
11
18
10
-79
34
-33
65
-51
38
14
43
-81
21
54
-109
71
-84
122
-164
20
81
-216
68
-53
-58
-28
-70
48
-172
87
-72
-60
71
-126
121
-198
144
-181
16
15
-176
112
-199
120
-175
112
-127
-17
60
-154
86
-76
54
-81
9
-12
-36
16
-38
86
-52
22
47
-17
-16
31
133
-116
65
55
8
-38
77
116
-28
44
117
-16
35
51
-6
106
-100
131
14
-3
28
53
12
12
149
-117
209
-61
15
193
-159
204
-82
128
56
-91
200
4
-55
126
-18
-19
8
-83
134
-137
32
125
-78
7
143
-145
171
-91
19
95
-241
289
-311
92
5
-141
16
-61
35
-214
159
-239
122
-144
-44
70
-232
200
-285
189
-146
-101
170
-290
147
-177
-55
12
-161
20
-140
120
-235
115
-130
130
-133
-18
278
-414
386
-268
203
-88
-62
279
-277
293
-140
108
19
-60
121
16
-25
114
4
78
-44
30
139
-112
157
-42
155
-143
264
-138
55
172
-184
200
-44
56
-111
206
-73
29
47
86
-43
-12
84
-73
100
-76
109
-19
20
-83
190
-175
118
1
51
76
-153
338
-427
352
-210
-16
134
-227
279
-256
180
-83
-18
43
-166
114
-97
-29
11
-47
49
-125
31
32
-126
-11
-10
13
-196
48
-95
-105
-38
-65
1
-64
-2
-108
24
4
-306
182
-167
-188
168
-285
179
-241
154
-101
-51
132
-258
172
-185
-35
-84
-21
-187
61
-157
-35
-4
-143
56
-139
-9
-185
-17
-158
-97
-154
7
-72
-212
258
-319
197
-79
-107
144
-199
15
-37
-28
2
-63
88
9
-50
92
54
51
-37
160
21
12
-26
188
-79
-27
187
69
92
19
239
44
26
93
118
100
-24
147
140
59
100
88
208
113
-53
479
-56
155
140
116
230
-195
502
-130
100
132
82
119
-88
283
-40
-40
187
99
-134
153
139
-173
50
118
-114
51
-152
318
-331
-27
242
-357
135
-278
276
-368
-3
-15
-75
-188
-180
276
-483
199
-239
118
-310
-41
46
-186
-28
-52
-52
-80
25
-329
359
-339
-55
132
-129
117
-247
331
-141
-224
380
-303
136
43
-44
47
10
-25
-10
16
-14
78
-54
84
51
-115
-40
225
-311
271
-137
147
32
-266
504
-310
136
40
112
-74
-26
109
26
-63
-49
238
-125
122
-46
244
-45
-163
283
-173
-55
70
-227
313
-329
200
4
-68
133
-309
421
-330
93
62
-86
79
-144
181
-149
47
-40
42
-107
15
21
-176
143
-207
56
-83
-10
25
16
109
-70
61
12
-98
66
-23
-66
47
-97
-144
334
-463
288
34
-308
445
-440
348
-126
-189
289
-229
38
88
-152
239
-133
95
21
-91
46
-148
211
-294
127
-87
-44
45
-223
323
-253
116
63
-62
59
-226
279
-363
301
-260
186
91
-300
408
-254
200
-44
18
91
69
-86
224
-118
2
31
-41
12
82
1
-50
178
-170
96
-344
410
-267
-97
262
-130
53
-287
523
-447
136
159
-185
115
-225
246
-159
18
99
-1
-139
265
-203
151
83
35
177
-229
288
-307
113
-134
246
-277
218
35
-28
95
-149
423
-542
349
-216
103
-122
8
-50
18
-10
-45
258
-299
386
-423
303
-218
-115
98
-260
5
-34
-108
56
77
-42
9
-60
167
-218
182
-228
140
-206
-18
121
-85
213
-92
239
-193
23
96
-61
31
-14
0
-155
19
61
-28
-24
93
-49
-114
-13
18
-76
-110
13
-227
-18
-18
39
-15
60
-122
46
67
-61
44
-82
96
-302
339
-174
116
84
-125
223
-239
306
-372
253
-47
-59
323
-176
369
-383
50
187
-413
713
-173
17
118
-504
346
-345
280
68
-309
84
-149
-73
62
40
15
-71
-110
193
-176
11
284
-336
208
103
-92
303
-152
242
-40
50
357
-220
301
-18
-97
88
-3
216
-390
350
-96
-111
210
-164
183
-426
75
-92
-248
-55
-126
-68
-158
-56
76
-232
139
-38
-190
332
-278
40
22
-128
-125
112
22
-112
20
-9
41
-261
143
-59
-324
25
22
-301
-10
88
-326
76
-4
-92
43
-46
-93
-97
-229
186
46
-379
450
-511
119
7
54
428
-504
661
-439
83
165
-84
336
-261
214
-17
-124
188
84
-36
196
-101
208
70
170
-100
411
-125
68
243
-214
598
-398
457
-104
97
147
-114
522
-275
166
34
64
49
26
300
0
74
-44
142
-7
-118
277
-201
325
-191
205
259
-466
571
-352
111
22
-92
132
-105
67
-265
232
-164
-130
5
-5
-282
11
-20
-145
-120
-271
239
-478
121
-52
-178
10
-156
-24
-80
-52
-177
199
-312
199
-94
-117
109
-48
-143
113
210
-362
299
-48
-58
57
-129
235
-53
-271
393
-319
160
-18
-31
363
-318
321
14
122
-132
269
-62
41
53
25
262
-150
239
-81
225
-158
62
365
-326
334
-61
10
12
-186
428
-203
2
123
193
-214
-137
358
-233
-68
-103
501
-496
-110
454
-378
89
-116
245
-58
-218
238
20
-191
-59
219
-325
89
211
-312
71
107
-189
-152
326
-155
-179
-31
313
-184
-282
465
-148
-118
-152
267
-104
-198
74
110
-59
-335
302
50
-323
261
-156
159
-152
24
270
-386
306
-277
185
-146
103
117
-503
438
-110
-182
28
351
-238
-459
733
-332
-257
232
65
-1
-362
443
-63
-328
315
-163
156
-53
-75
138
-73
-136
-38
130
-234
181
-126
147
-132
-118
299
-471
198
-111
22
-136
-24
204
-336
-65
203
-147
-174
119
248
-434
66
235
-252
67
-106
238
-308
55
78
-205
69
-71
-154
12
-100
-143
164
-214
144
-36
59
-79
213
-96
-66
166
-153
249
-446
638
-289
18
345
-294
479
-573
588
-52
-315
460
-333
84
-67
93
-38
-79
190
-136
-38
88
124
-232
86
158
-265
181
-155
263
-70
-98
381
-149
186
-18
49
197
-330
238
88
-50
171
-66
52
12
-41
-51
162
-103
-130
124
-125
-77
8
-158
117
-45
20
12
52
-42
-219
225
-49
-163
98
-31
43
-155
182
110
-187
151
-28
53
-8
-122
139
-38
-69
-93
167
-61
-38
13
143
5
-189
235
-35
26
-70
36
61
-16
2
72
119
-79
-66
92
91
-116
55
145
-30
-62
66
62
0
39
134
97
-97
19
31
15
-23
69
30
25
54
-101
170
1
-31
76
-33
149
-151
120
112
-173
32
96
-11
-25
124
38
-10
-92
90
-14
-69
79
-28
-46
-43
-94
24
14
-40
51
69
-18
-57
88
199
-22
69
69
65
-63
-43
172
-45
-86
-45
78
-68
-66
98
-29
-47
-58
24
74
-45
-10
15
-48
-36
-9
8
86
-94
8
73
-57
-48
-17
97
-19
-78
103
10
-54
24
30
160
-46
8
13
-117
-110
-90
8
-134
-75
-67
-117
-48
-99
-24
42
-85
-35
-10
0
22
66
156
90
18
77
39
-50
20
27
-30
-8
-48
-48
-30
-137
-125
-49
-37
-105
-24
-31
-80
-113
-104
-90
-134
-131
-7
-30
-66
7
-16
-27
-98
-53
-61
-44
-41
50
-32
-73
-1
-124
12
-38
-32
50
-35
-51
5
-53
-58
-72
-98
-51
-64
-21
-46
-9
-39
-73
16
-13
-2
9
33
51
40
81
106
70
74
8
91
40
30
119
57
60
-14
27
-9
-47
34
60
27
51
39
18
8
-12
26
57
-13
72
69
11
78
-12
7
46
3
73
95
59
30
5
45
7
15
-35
29
-39
-95
25
-124
-84
-45
-80
-1
7
6
41
5
-17
50
-59
17
6
-74
100
-52
-4
-25
-86
-101
-50
-71
-53
-7
-116
-67
-79
-112
-102
-125
-73
-68
-51
-23
-56
-86
-93
-90
-94
-17
-9
47
109
96
66
91
37
96
145
106
176
90
74
91
57
78
44
54
59
39
79
29
12
16
53
90
158
106
125
210
99
176
196
173
212
188
171
190
164
89
107
145
134
213
126
154
118
-6
69
13
23
10
-16
-6
-31
-64
-52
-41
-160
-112
-107
-162
-169
-222
-215
-241
-222
-225
-221
-297
-261
-249
-375
-315
-359
-452
-385
-435
-459
-503
-621
-640
-745
-707
-712
-838
-879
-883
-990
-1027
-1029
-967
-251
431
645
571
699
642
406
1208
2081
1880
1434
1662
1572
779
884
1247
805
481
683
867
423
-178
-442
-716
-874
-851
-613
-469
-752
-981
-872
-675
-895
-928
-352
-17
174
636
1078
1074
872
1031
1329
1493
1571
1664
1728
1583
1328
1165
1059
716
384
496
518
239
-101
-287
-564
-801
-827
-695
-567
-697
-674
-535
-518
-544
-529
-267
-87
63
264
363
253
4
3
30
-11
-61
-48
-141
-369
-576
-751
-909
-1135
-1202
-1107
-1096
-1205
-1418
-1559
-1744
-1760
-1746
-1558
-1403
-1549
-1549
-1708
-1805
-2113
-2012
-2040
-1356
702
1939
1579
912
1435
516
454
3026
4479
3125
1847
2764
1637
-146
756
1844
792
-303
870
1056
-749
-1714
-1860
-2202
-2458
-1579
-594
-728
-1111
-1582
-1577
-1210
-1071
-636
357
1396
1368
1509
2100
1841
1133
1267
2161
2333
1981
1976
1750
1002
514
295
184
-37
-377
-464
-329
-595
-1341
-1656
-1447
-1322
-1205
-534
-37
-284
-502
-163
354
590
795
1244
1572
1611
1416
1579
1579
1038
771
918
1071
598
131
-35
-436
-825
-927
-715
-649
-874
-877
-702
-726
-878
-851
-520
-222
-34
206
491
456
203
307
429
300
216
302
356
203
-74
-256
-479
-784
-902
-888
-859
-1000
-1236
-1384
-1428
-1514
-1555
-1521
-1494
-1546
-1737
-1834
-1895
-2253
-2243
-2158
-1488
580
2224
2054
968
1325
843
583
2974
5047
4023
1646
1891
1270
-667
-171
1272
889
-807
-428
42
-1355
-2468
-2536
-2487
-2531
-1614
-513
-413
-873
-1547
-1892
-1301
-521
360
1176
1847
1747
1179
1409
1692
1569
1532
1978
2135
1729
1297
850
390
49
-82
-47
104
91
-331
-743
-868
-1227
-1463
-985
-314
-152
-73
41
21
-220
20
722
1094
1239
1394
1612
1391
1252
1213
991
830
783
942
872
711
343
-190
-440
-533
-461
-294
-206
-296
-469
-579
-617
-596
-538
-329
4
255
489
453
235
133
58
68
219
328
279
80
-186
-427
-670
-812
-803
-731
-620
-621
-701
-823
-1033
-1147
-1038
-998
-865
-833
-834
-980
-1147
-1371
-1633
-1676
-1844
-1866
-1991
-2199
-2320
-2388
-2475
-1098
1229
2301
1329
753
1262
357
1335
4270
5403
3010
1133
1525
-12
-794
698
2005
702
-701
-23
-576
-1845
-2410
-2398
-2326
-1794
-425
-25
-375
-1066
-1928
-1871
-544
1072
1809
2162
2224
1562
1231
1733
2236
2012
1704
1896
1842
1428
979
396
-221
-601
-565
-217
219
152
-426
-815
-824
-892
-978
-430
95
53
79
437
469
113
56
373
675
893
1240
1390
1136
749
501
469
718
782
699
531
200
-310
-823
-813
-667
-589
-582
-524
-572
-895
-1035
-907
-735
-490
-224
151
273
137
3
-116
-72
-86
0
113
157
49
-139
-231
-450
-567
-548
-393
-158
-144
-236
-360
-484
-579
-615
-474
-372
-416
-411
-475
-559
-763
-935
-1037
-1192
-1363
-1606
-1741
-2101
-2412
-2611
-2533
-2542
-1406
918
2386
1868
906
1272
733
1254
4055
5837
4064
1530
1296
163
-814
342
1758
797
-999
-818
-1029
-1919
-2335
-2462
-2612
-2142
-617
-18
-320
-659
-1358
-1689
-603
1219
2067
2201
2165
1793
1572
2028
2368
2022
1529
1377
1412
1271
1049
354
-563
-1072
-1101
-829
-394
-138
-525
-1084
-1194
-1016
-839
-407
116
303
319
492
545
299
275
426
658
980
1335
1542
1178
832
571
344
230
444
747
612
381
-28
-529
-998
-978
-643
-406
-70
18
-227
-638
-869
-760
-542
-84
361
595
655
525
261
-83
-215
-163
-43
216
346
233
-190
-636
-895
-993
-841
-561
-283
-274
-356
-483
-622
-667
-696
-549
-328
-166
-149
-383
-719
-1038
-1304
-1426
-1403
-1361
-1671
-2052
-2375
-2716
-3145
-3141
-2954
-2520
-536
1863
2801
1654
1337
1334
627
2270
5084
5779
3087
1500
1121
-505
-667
714
1423
-288
-1146
-679
-1207
-1727
-2029
-2215
-2514
-1429
4
183
265
149
-408
-690
561
1894
2136
2201
2395
2315
2097
2278
2174
1664
1193
1090
1066
959
554
-411
-1088
-1110
-858
-701
-370
-186
-772
-1238
-989
-536
-398
-216
86
145
187
424
535
459
345
281
375
759
1143
1040
751
504
201
-21
196
449
270
-35
-241
-518
-735
-644
-497
-421
-483
-410
-386
-456
-414
-414
-234
27
301
494
532
489
262
156
232
247
232
160
48
-105
-239
-365
-594
-664
-580
-495
-407
-320
-239
-361
-559
-574
-502
-437
-373
-347
-447
-638
-856
-1124
-1332
-1369
-1455
-1526
-1627
-1702
-2115
-2556
-2709
-2826
-2613
-2224
-440
1728
2884
2384
1716
1813
1085
1951
4124
5341
3690
1584
1183
-74
-685
-53
709
-274
-1509
-1098
-1157
-1402
-1749
-1963
-2429
-2174
-893
-325
147
558
612
53
250
1119
1474
1722
2135
2580
2489
2451
2296
1841
1250
853
585
115
-32
-271
-508
-703
-824
-1029
-1320
-1279
-1293
-1188
-940
-606
-457
-465
-380
-149
158
452
657
628
695
738
895
1171
1371
1171
717
626
603
738
746
641
328
-101
-229
-370
-309
-385
-541
-649
-629
-333
-273
-287
-414
-496
-384
-93
370
597
600
493
394
361
336
319
228
25
-110
-88
-67
-274
-563
-733
-830
-740
-521
-280
-268
-480
-589
-650
-623
-556
-454
-367
-394
-490
-663
-820
-1088
-1311
-1405
-1372
-1469
-1741
-1979
-2284
-2612
-2823
-2662
-2338
-939
1157
2564
2478
2156
2101
1229
1678
3536
4641
3407
2068
1881
638
-187
154
536
-691
-1717
-1145
-1074
-1217
-1301
-1452
-2356
-2640
-1804
-1269
-574
193
525
-41
-95
520
882
1218
1704
2057
1937
2216
2544
2499
2081
1544
833
97
55
56
-109
-303
-387
-747
-1200
-1238
-1363
-1564
-1592
-1283
-988
-657
-168
162
342
410
325
135
295
752
1123
1432
1824
1846
1291
894
792
660
381
410
507
294
74
-77
-260
-768
-1090
-1137
-1013
-651
-351
-152
-206
-257
-334
-321
-101
152
348
439
604
687
638
522
341
76
-100
-76
-15
-23
-141
-310
-436
-482
-487
-488
-462
-466
-480
-434
-329
-244
-236
-287
-370
-499
-630
-719
-875
-960
-1018
-1091
-1268
-1530
-1817
-2281
-2599
-2778
-2751
-2707
-1868
-29
1640
2101
1801
1975
1386
1154
2395
3865
3633
2195
2082
1634
777
525
872
332
-1085
-1119
-834
-739
-790
-812
-1495
-2334
-1992
-1626
-1295
-792
-226
-406
-644
21
705
1050
1170
1439
1396
1578
2181
2678
2741
2393
1868
943
398
173
-48
-348
-420
-385
-714
-780
-829
-1177
-1719
-1918
-1716
-1448
-895
-281
208
419
520
484
452
604
730
891
1192
1668
1766
1640
1470
1182
735
303
261
141
4
-60
-70
-200
-494
-646
-902
-1025
-1040
-896
-653
-369
-35
75
156
252
305
219
206
387
553
707
840
772
457
159
-54
-275
-458
-502
-498
-489
-436
-410
-466
-576
-665
-740
-731
-555
-430
-439
-442
-427
-523
-713
-848
-993
-1168
-1276
-1368
-1466
-1647
-1986
-2371
-2705
-2700
-2715
-2208
-790
672
1385
1297
1819
1754
1380
2120
3140
3101
1878
1988
2045
1425
1256
1521
1177
-248
-483
-406
-682
-849
-703
-1043
-1860
-1648
-1337
-1434
-1418
-885
-900
-1144
-571
189
674
951
1453
1484
1590
2102
2533
2632
2486
2453
1845
1334
1064
805
342
-84
-170
-539
-733
-832
-1019
-1430
-1732
-1780
-1837
-1636
-1288
-835
-473
-79
124
218
398
477
563
681
1136
1464
1632
1751
1763
1541
1041
795
531
244
-70
-158
-188
-394
-468
-684
-836
-1020
-1105
-1042
-900
-631
-501
-364
-116
179
316
350
466
536
498
547
595
448
283
265
195
49
-48
-125
-310
-467
-532
-573
-592
-589
-580
-669
-730
-732
-726
-799
-801
-738
-759
-843
-993
-1123
-1320
-1396
-1523
-1591
-1736
-2011
-2230
-2442
-2360
-2326
-1558
-309
802
1197
1493
2104
1873
2010
2602
3055
2284
1675
2026
1745
1505
1558
1811
915
75
72
-201
-506
-679
-705
-1415
-1698
-1403
-1348
-1410
-1197
-941
-1330
-1186
-566
-22
232
641
1038
1043
1524
2119
2519
2377
2330
2111
1560
1347
1192
994
501
255
-15
-245
-256
-410
-781
-1277
-1412
-1603
-1697
-1513
-1171
-915
-703
-255
15
200
315
413
400
532
848
1111
1402
1551
1646
1531
1417
1223
889
585
273
59
-176
-234
-295
-427
-515
-585
-659
-781
-793
-815
-846
-717
-425
-177
-7
127
231
293
362
387
271
178
165
195
194
155
93
-44
-198
-284
-286
-261
-256
-277
-405
-556
-652
-735
-797
-776
-663
-631
-691
-806
-913
-1139
-1383
-1520
-1568
-1640
-1756
-1852
-1896
-1982
-2087
-2098
-2027
-1333
-317
673
1111
1437
1820
1735
2056
2579
2803
2090
1600
1725
1386
1151
1263
1536
913
315
362
266
-92
-534
-779
-1389
-1658
-1436
-1236
-1179
-1089
-941
-1084
-913
-481
-91
49
278
593
831
1404
1936
2232
2158
2128
1970
1658
1430
1148
854
465
331
237
170
130
-2
-283
-713
-1007
-1258
-1335
-1251
-1104
-980
-781
-444
-263
-84
75
183
133
186
438
677
896
975
1134
1129
1146
1194
1150
941
554
264
-85
-182
-230
-248
-282
-385
-441
-627
-711
-823
-874
-898
-834
-604
-414
-182
41
219
202
158
146
138
137
101
125
82
84
80
85
105
106
64
-34
-110
-257
-389
-503
-559
-581
-585
-567
-601
-695
-837
-986
-1180
-1331
-1429
-1529
-1633
-1658
-1645
-1722
-1751
-1776
-1789
-1926
-1640
-730
240
824
1010
1511
1710
1865
2355
2824
2584
1649
1473
1337
1080
1030
1338
1304
614
563
586
320
-156
-416
-857
-1502
-1549
-1394
-1383
-1458
-1208
-1085
-971
-598
-250
-145
-101
154
229
535
1159
1734
1885
1969
2160
1909
1543
1211
967
611
395
381
321
386
441
333
-65
-406
-673
-932
-1058
-1073
-1064
-1080
-898
-676
-486
-284
-92
-46
-43
131
328
501
615
771
939
1093
1299
1426
1387
1105
735
445
230
117
18
-51
-172
-378
-517
-572
-634
-758
-869
-851
-755
-598
-371
-238
-162
-83
32
132
177
234
226
147
57
32
31
75
182
230
204
108
25
-127
-264
-295
-330
-379
-468
-521
-559
-653
-761
-862
-1024
-1194
-1340
-1436
-1536
-1625
-1709
-1716
-1644
-1626
-1597
-1583
-1629
-1602
-1042
-187
565
917
1344
1761
1841
2142
2474
2471
1678
1375
1495
1276
1227
1458
1655
982
662
818
690
242
-169
-489
-1245
-1579
-1497
-1451
-1521
-1299
-1013
-984
-724
-368
-247
-406
-276
-98
114
670
1310
1605
1520
1657
1654
1415
1199
1098
919
646
685
708
666
628
596
324
-63
-240
-441
-681
-929
-1034
-1153
-1180
-993
-833
-687
-540
-386
-341
-271
-4
252
430
548
796
986
1073
1220
1252
1137
828
704
573
362
117
-135
-273
-490
-563
-569
-569
-643
-703
-655
-634
-601
-595
-539
-387
-218
-66
34
100
110
107
150
220
300
314
289
259
239
209
189
213
215
141
24
-41
-128
-278
-452
-582
-661
-768
-886
-1019
-1149
-1331
-1534
-1615
-1633
-1619
-1608
-1602
-1575
-1621
-1608
-1634
-1306
-446
479
1064
1282
1786
1928
1920
2219
2544
2245
1447
1501
1569
1338
1175
1360
1249
611
594
633
381
-126
-519
-1043
-1650
-1642
-1541
-1642
-1664
-1329
-1148
-1073
-759
-452
-445
-487
-256
-16
377
880
1306
1417
1529
1704
1595
1370
1176
1049
796
701
753
728
679
613
458
115
-193
-448
-750
-1049
-1248
-1376
-1455
-1343
-1172
-1034
-906
-672
-448
-255
24
344
594
699
804
931
1110
1324
1493
1504
1349
1110
875
689
491
236
-25
-186
-306
-418
-500
-554
-633
-729
-738
-652
-561
-479
-412
-307
-178
-51
69
177
280
341
377
394
406
349
309
311
352
382
347
304
195
54
-106
-241
-385
-510
-640
-799
-921
-1050
-1239
-1462
-1577
-1656
-1737
-1767
-1759
-1753
-1796
-1752
-1733
-1708
-1666
-1570
-884
41
887
1098
1456
1848
1745
2008
2402
2517
1600
1282
1512
1275
1025
1150
1430
724
376
531
402
-149
-605
-879
-1521
-1695
-1535
-1516
-1610
-1355
-1103
-1079
-754
-315
-185
-283
3
287
507
955
1536
1796
1741
1894
1860
1641
1408
1259
1044
838
857
790
697
633
542
230
-139
-426
-763
-1068
-1243
-1306
-1387
-1321
-1167
-1000
-789
-523
-330
-207
-11
202
403
603
807
969
1093
1247
1334
1345
1229
951
644
354
204
-9
-237
-389
-539
-640
-730
-753
-838
-915
-948
-921
-809
-656
-499
-369
-184
14
194
335
420
425
372
332
347
366
401
464
508
488
431
365
243
64
-110
-244
-390
-495
-577
-638
-717
-829
-969
-1165
-1370
-1499
-1602
-1667
-1677
-1653
-1639
-1647
-1625
-1620
-1642
-1670
-1006
99
994
1152
1423
1896
1720
1925
2566
2921
1942
1356
1734
1542
1131
1055
1287
553
6
273
221
-280
-739
-1014
-1657
-1883
-1622
-1638
-1836
-1582
-1253
-1205
-865
-306
-133
-223
131
533
771
1167
1709
1889
1761
1875
1830
1491
1211
1039
769
490
458
376
195
126
4
-261
-612
-916
-1214
-1436
-1431
-1343
-1261
-1083
-828
-586
-374
-126
56
151
300
550
836
1113
1345
1421
1470
1465
1399
1320
1114
719
260
30
-131
-295
-411
-501
-623
-779
-787
-776
-809
-843
-791
-672
-470
-169
33
173
346
516
559
565
596
513
368
297
317
331
372
415
396
353
281
160
-73
-290
-436
-564
-646
-573
-488
-536
-609
-721
-885
-1194
-1465
-1627
-1688
-1712
-1724
-1706
-1852
-1894
-1965
-1915
-2049
-1640
-397
875
1425
1320
1996
1903
1688
2404
3336
2774
1355
1811
2019
1336
907
1295
775
-563
-417
42
-310
-984
-1095
-1525
-1948
-1610
-1389
-1752
-1707
-1144
-1168
-953
-174
409
225
445
1131
1329
1525
1920
2246
1982
1918
1944
1556
1076
755
443
58
45
-33
-262
-424
-468
-735
-1076
-1217
-1440
-1589
-1492
-1087
-799
-596
-331
-111
67
245
446
477
531
746
1027
1319
1518
1520
1273
1038
791
521
316
-39
-320
-577
-546
-494
-523
-532
-733
-806
-901
-817
-736
-614
-398
-161
199
506
684
644
589
606
585
521
508
425
347
290
253
148
-17
-107
-180
-206
-226
-203
-245
-361
-367
-370
-382
-381
-402
-469
-546
-556
-661
-764
-942
-1094
-1248
-1362
-1457
-1654
-1834
-2102
-2149
-2264
-2118
-2142
-1671
-274
1118
1638
1219
1776
1596
1248
2127
3464
3021
1429
2018
2280
1333
720
1174
552
-1044
-788
20
-282
-1092
-1213
-1636
-2059
-1671
-1291
-1563
-1516
-960
-918
-540
272
673
342
613
1307
1481
1733
2143
2321
1895
1716
1627
1159
525
73
-148
-225
-91
-163
-318
-529
-783
-1125
-1216
-1145
-1241
-1125
-758
-214
115
290
347
214
126
191
457
676
848
981
1135
1315
1304
1032
599
315
29
-92
100
157
-40
-265
-367
-452
-534
-537
-575
-599
-455
-195
96
287
328
259
237
352
463
554
614
698
687
628
584
341
55
-132
-198
-233
-195
-86
-90
-164
-242
-294
-365
-410
-391
-316
-186
-79
2
-15
-158
-414
-660
-784
-900
-1046
-1206
-1254
-1446
-1578
-1795
-2031
-2264
-2369
-2293
-2332
-1982
-1936
-989
558
1797
1660
1101
1612
1089
1246
2714
3917
2733
1404
1893
1242
-44
30
715
-217
-1082
-238
394
-395
-957
-1202
-1854
-2021
-1420
-651
-571
-71
132
14
405
706
719
473
934
1210
1320
1845
2119
1689
818
455
209
-172
-414
-266
-140
-167
-183
-155
-187
-527
-839
-914
-586
-316
-76
264
409
312
136
110
15
-107
-117
41
334
551
560
374
207
33
-116
-116
57
120
31
220
364
166
-135
-239
-312
-398
-249
-19
74
96
93
124
216
249
225
213
348
445
433
509
557
495
314
222
182
37
-40
-82
-136
-232
-277
-227
-163
-126
-160
-128
-52
-45
-40
-21
13
36
-8
-100
-177
-300
-563
-850
-1066
-1317
-1526
-1708
-1712
-1697
-1672
-1707
-1825
-1937
-2111
-2198
-2150
-1901
-1710
-566
1033
2055
1622
1334
1664
1038
1401
2937
3714
2129
1248
1702
705
-438
33
780
-214
-692
138
146
-976
-1454
-1339
-1553
-1378
-702
-92
103
382
205
-76
83
140
97
524
1334
1508
1335
1359
1276
695
157
-22
-90
-181
-110
270
456
327
-95
-303
-246
-227
-167
14
277
198
150
225
119
-239
-477
-387
-213
13
197
309
223
66
-50
-18
115
188
271
486
749
724
617
519
351
53
-56
117
172
237
373
458
273
38
-81
-103
-57
93
311
486
615
624
651
583
407
228
142
121
44
32
70
35
-89
-188
-237
-302
-350
-317
-207
-65
31
123
244
265
180
32
-119
-348
-623
-782
-916
-1032
-1137
-1244
-1361
-1506
-1606
-1683
-1688
-1652
-1658
-1725
-1723
-1770
-1730
-1689
-1489
-1440
-1142
165
1399
1857
1306
1589
1420
1087
2140
3370
2994
1464
1542
1234
35
-212
530
172
-801
-418
3
-512
-1216
-1055
-1040
-1086
-768
-373
-154
-174
-113
-110
133
263
243
509
971
928
570
595
675
456
263
510
686
590
466
622
718
373
40
-11
204
218
246
411
353
-68
-553
-598
-556
-709
-793
-495
-171
-162
-130
46
87
-221
-280
131
523
608
580
712
631
412
326
505
453
276
239
251
219
-10
3
17
-8
-101
-83
71
47
17
30
90
67
63
147
268
326
284
218
200
132
-13
-99
-113
-105
-91
43
174
100
-17
-33
14
-46
-97
5
39
-71
-201
-222
-361
-643
-897
-1012
-1107
-1264
-1272
-1228
-1232
-1362
-1449
-1478
-1514
-1471
-1471
-1381
-1382
-1367
-1400
-1318
-1108
-1161
-368
873
1893
1684
1485
1818
1308
1445
2383
2877
1683
1000
1343
629
-189
22
351
-518
-823
-306
-338
-1051
-1378
-1149
-1154
-973
-694
-360
-236
-259
-230
-148
-21
-162
-130
289
734
743
707
915
940
687
537
701
675
515
514
785
803
450
223
240
229
1
-34
17
-106
-434
-479
-337
-417
-596
-572
-290
-240
-207
-79
89
64
65
351
629
693
552
682
790
752
680
693
652
442
387
355
235
31
-150
-159
-73
-124
-205
-210
-208
-218
-158
41
90
80
168
325
424
414
417
418
395
309
268
238
164
95
105
151
48
-102
-185
-191
-276
-342
-332
-363
-408
-435
-424
-474
-565
-717
-813
-880
-1000
-1109
-1141
-1048
-1033
-1032
-991
-1031
-1065
-1095
-1026
-1002
-1063
-1092
-1106
-1109
-959
-883
-772
-25
936
1564
1254
1307
1395
1095
1487
2280
2425
1433
1250
1325
601
106
379
296
-521
-432
-53
-271
-832
-890
-923
-1230
-1068
-795
-557
-559
-425
-229
-129
-55
-85
107
485
804
909
1094
1241
1080
904
1007
1105
847
664
742
816
678
481
319
72
-203
-337
-305
-274
-440
-603
-570
-479
-539
-594
-468
-384
-383
-211
93
247
194
313
601
657
537
464
573
500
434
567
616
481
303
220
20
-236
-395
-390
-289
-212
-198
-247
-238
-272
-267
-193
-72
21
115
335
515
566
490
424
390
344
291
252
200
106
25
-24
-147
-299
-385
-416
-395
-345
-287
-304
-384
-433
-442
-452
-512
-582
-633
-648
-671
-649
-649
-720
-786
-797
-748
-691
-616
-529
-409
-364
-421
-507
-583
-772
-921
-960
-848
-777
-588
-47
407
433
222
334
335
418
838
1207
1051
682
767
687
465
456
577
316
40
170
221
45
-250
-396
-551
-535
-448
-453
-387
-351
-355
-423
-321
-238
-241
-148
64
224
240
318
409
473
500
595
705
683
671
746
869
878
778
691
642
627
587
553
489
347
229
209
228
141
-3
-38
-20
-62
-124
-131
-155
-252
-330
-304
-316
-371
-358
-297
-263
-257
-178
-110
-89
-74
-40
48
161
293
370
439
496
447
376
373
394
351
350
405
408
335
289
233
60
-114
-205
-220
-241
-210
-159
-192
-293
-395
-425
-472
-510
-503
-421
-328
-258
-207
-199
-244
-319
-329
-306
-254
-207
-162
-118
-62
-33
-31
-14
8
-9
27
111
115
48
-77
-204
-380
-514
-580
-576
-566
-598
-657
-763
-896
-1095
-1059
-839
-639
-614
-568
-420
-428
-406
-273
-68
-94
-63
181
480
662
685
729
680
707
783
998
1153
1092
1010
976
979
763
553
342
164
44
49
126
43
-93
-253
-306
-352
-412
-442
-414
-288
-199
-75
68
133
99
135
240
301
329
451
641
736
750
765
732
593
474
453
445
337
250
232
160
13
-184
-389
-594
-694
-686
-638
-611
-620
-600
-530
-403
-361
-381
-334
-205
-64
62
258
392
433
483
564
602
536
462
458
495
486
439
410
392
325
270
267
233
147
46
21
-7
-84
-136
-139
-173
-203
-183
-183
-239
-258
-204
-237
-308
-333
-301
-254
-194
-94
-1
33
30
16
-8
-27
-56
-93
-64
4
3
-88
-176
-305
-524
-706
-767
-808
-906
-947
-944
-947
-1046
-1112
-1109
-1017
-851
-679
-602
-676
-648
-571
-411
-222
16
63
17
117
265
422
428
469
469
513
605
713
823
734
643
572
608
556
409
305
217
172
133
210
244
187
82
43
57
-12
-60
-32
131
239
336
442
512
512
468
539
592
582
592
707
807
785
693
579
447
299
202
163
88
-73
-178
-189
-214
-343
-465
-526
-570
-572
-517
-434
-391
-408
-358
-247
-152
-140
-90
2
75
125
238
341
294
262
251
323
322
287
229
170
149
107
129
126
111
29
-12
-30
-33
-103
-173
-173
-217
-255
-283
-233
-237
-243
-203
-145
-106
-83
-24
35
81
118
210
273
326
387
413
389
336
261
181
97
9
-86
-165
-183
-274
-401
-505
-591
-676
-772
-791
-797
-851
-945
-973
-982
-1003
-1007
-957
-915
-832
-603
-382
-346
-440
-457
-419
-276
-43
196
270
254
310
397
434
380
342
296
344
452
620
746
690
581
522
540
462
373
336
339
308
292
339
300
176
52
47
53
14
11
56
143
157
174
217
240
233
219
265
279
252
236
277
340
315
245
219
230
178
107
76
28
-26
-24
58
85
-20
-101
-117
-129
-146
-155
-142
-151
-127
-12
97
82
12
-18
17
109
149
171
159
145
114
98
127
74
-2
-8
73
96
43
-4
-37
-68
-119
-100
-95
-110
-121
-107
-79
-106
-131
-125
-64
-12
17
44
87
121
125
152
155
162
151
171
222
171
61
-68
-162
-229
-296
-315
-354
-417
-445
-461
-485
-551
-592
-609
-590
-544
-503
-465
-449
-439
-473
-505
-530
-543
-536
-497
-470
-479
-471
-401
-287
-228
-239
-273
-274
-256
-146
28
139
101
94
196
337
463
539
610
599
607
665
785
812
749
691
676
668
601
535
438
353
292
320
390
357
258
183
157
107
47
33
74
83
25
-2
-25
-91
-145
-131
-55
-9
39
101
159
166
109
69
48
72
70
88
157
166
85
10
14
-24
-115
-166
-143
-132
-125
-64
-31
-16
-72
-102
-84
-70
-92
-131
-91
-75
-117
-117
-46
-34
-91
-99
-81
-115
-173
-155
-90
-73
-57
1
75
107
137
160
181
205
226
275
332
342
339
345
333
268
168
130
102
86
63
56
47
23
0
-15
-35
-101
-156
-173
-163
-153
-150
-163
-171
-205
-226
-230
-265
-341
-401
-418
-436
-476
-503
-516
-558
-590
-622
-649
-707
-734
-721
-660
-619
-559
-462
-373
-338
-325
-249
-215
-156
-41
110
176
203
273
370
451
470
487
472
486
516
572
624
568
472
408
409
364
283
257
228
189
167
196
162
79
33
10
1
-58
-73
-59
-17
25
26
51
101
129
151
245
315
330
344
429
539
547
523
497
492
455
421
439
423
353
283
235
213
109
-12
-66
-92
-142
-198
-197
-198
-249
-336
-318
-303
-328
-340
-269
-184
-191
-152
-90
-52
-89
-76
-7
23
36
63
151
179
157
127
145
168
114
95
76
36
-39
-77
-77
-105
-154
-197
-143
-125
-151
-179
-173
-181
-211
-174
-112
-68
-58
-41
1
-4
-54
-69
-59
-65
-98
-126
-107
-102
-159
-217
-263
-304
-354
-379
-363
-361
-384
-400
-397
-410
-444
-465
-452
-439
-427
-403
-356
-319
-322
-306
-254
-212
-176
-144
-105
-66
-48
10
127
203
202
233
292
332
363
385
404
404
414
464
538
561
508
444
384
340
271
223
201
180
141
120
134
102
42
-27
-41
-60
-56
5
84
140
144
164
207
235
229
227
267
290
284
330
389
349
265
248
255
234
194
140
114
90
50
21
17
-24
-104
-144
-122
-112
-153
-161
-130
-115
-118
-73
-38
-16
-1
14
47
49
57
47
63
73
41
12
0
-25
-81
-104
-122
-132
-141
-126
-106
-96
-99
-119
-121
-111
-118
-127
-134
-109
-83
-44
-30
-52
-43
-53
-44
-38
-60
-97
-123
-118
-129
-158
-194
-239
-276
-273
-266
-290
-340
-378
-389
-381
-389
-387
-407
-422
-433
-419
-402
-420
-421
-424
-412
-423
-409
-408
-403
-358
-297
-246
-205
-150
-81
-11
51
85
112
158
216
284
353
374
333
338
367
390
378
353
333
304
286
264
269
239
170
141
145
127
103
94
106
124
121
166
203
215
236
259
283
297
320
369
405
430
423
381
386
382
356
323
293
273
271
273
253
205
129
76
46
48
18
-43
-74
-92
-99
-108
-125
-151
-188
-193
-145
-99
-115
-132
-132
-114
-100
-104
-88
-84
-91
-94
-49
-9
-37
-74
-57
-29
-50
-46
-25
5
2
16
51
36
-5
-33
-21
-24
-65
-71
-71
-65
-83
-100
-91
-113
-136
-153
-119
-136
-166
-191
-189
-171
-187
-181
-175
-178
-197
-197
-181
-193
-207
-202
-167
-149
-176
-224
-287
-308
-347
-368
-374
-398
-411
-414
-370
-370
-405
-429
-421
-377
-333
-284
-241
-183
-145
-100
-38
12
43
58
92
124
147
163
185
218
235
258
280
291
281
260
271
285
296
299
302
310
319
334
340
324
309
316
321
322
320
295
280
254
259
256
235
200
157
150
148
154
167
192
203
211
243
262
261
235
227
234
226
214
207
182
131
98
76
30
-42
-82
-107
-114
-117
-116
-124
-186
-216
-225
-219
-221
-216
-202
-192
-162
-134
-91
-63
-53
-14
41
66
71
67
94
115
115
127
123
110
85
75
66
41
-5
-36
-46
-80
-117
-138
-162
-189
-208
-187
-174
-191
-216
-218
-211
-223
-228
-233
-220
-211
-189
-158
-160
-170
-170
-168
-181
-201
-219
-241
-237
-222
-222
-218
-222
-235
-258
-261
-253
-271
-272
-256
-237
-215
-210
-211
-190
-177
-171
-139
-99
-65
-39
13
59
79
83
106
125
128
139
155
196
234
262
287
312
301
298
319
340
350
360
386
408
387
374
374
355
332
313
301
272
235
203
197
198
184
185
182
160
142
142
163
169
174
172
166
166
167
169
151
134
126
105
92
62
16
-10
-33
-57
-89
-104
-123
-155
-167
-177
-216
-247
-259
-261
-250
-247
-232
-211
-195
-178
-155
-138
-134
-125
-109
-84
-68
-52
-33
3
37
55
74
83
79
62
62
80
86
76
66
58
49
15
-3
-7
-21
-57
-83
-86
-106
-135
-156
-151
-142
-148
-163
-165
-171
-170
-163
-157
-143
-144
-134
-112
-104
-111
-98
-92
-93
-95
-99
-110
-129
-142
-150
-158
-187
-209
-240
-257
-257
-242
-229
-219
-209
-202
-172
-133
-125
-138
-125
-88
-51
-15
19
52
77
123
180
211
218
225
241
256
287
324
340
344
350
352
343
327
303
269
255
259
262
257
259
274
299
292
284
273
245
217
198
203
173
159
152
167
164
149
125
94
60
31
36
16
3
-14
-20
-14
-20
-50
-72
-72
-75
-82
-97
-113
-142
-167
-192
-196
-218
-244
-254
-260
-266
-275
-266
-254
-237
-217
-187
-170
-168
-167
-140
-105
-80
-56
-47
-29
-18
-3
13
21
26
39
65
69
54
33
17
30
31
32
30
3
-11
-24
-41
-58
-93
-123
-135
-120
-107
-116
-124
-127
-128
-117
-107
-109
-117
-120
-90
-60
-39
-49
-52
-52
-55
-67
-99
-119
-135
-128
-113
-104
-112
-120
-125
-118
-115
-110
-107
-107
-75
-35
-1
23
36
42
63
93
112
133
142
154
171
192
208
205
181
171
188
197
203
203
189
179
188
194
201
199
211
233
247
258
241
237
231
238
246
236
240
244
245
247
231
213
188
167
157
134
114
95
82
81
69
55
40
23
5
-16
-36
-59
-73
-90
-117
-133
-150
-170
-195
-224
-252
-284
-285
-276
-283
-283
-295
-286
-270
-255
-237
-228
-212
-182
-152
-139
-120
-103
-86
-61
-39
-29
-31
-22
-14
-3
0
-2
-1
-5
4
-5
-17
-28
-36
-51
-64
-68
-93
-102
-112
-103
-96
-88
-81
-84
-72
-77
-64
-49
-36
-24
-14
-2
7
4
14
12
-8
-28
-41
-43
-52
-48
-58
-59
-57
-61
-68
-84
-74
-64
-45
-25
-16
-13
-4
18
36
48
51
61
64
73
81
91
96
104
129
155
164
153
149
146
147
161
183
188
198
214
223
228
239
230
222
217
214
206
201
207
207
210
194
176
151
120
93
101
74
47
70
48
24
6
11
-23
-52
-39
-41
-49
-41
-15
-27
-33
-25
-30
-45
-51
-47
-68
-85
-83
-89
-100
-99
-107
-119
-124
-132
-144
-154
-160
-161
-162
-163
-165
-183
-187
-169
-174
-179
-172
-171
-154
-129
-115
-100
-88
-66
-34
-19
-16
-20
-6
-12
-2
19
-3
-14
-22
-23
-50
-64
-67
-92
-97
-93
-105
-122
-115
-107
-98
-85
-74
-56
-48
-32
-15
-8
-4
18
35
37
37
29
18
15
9
3
5
5
11
20
17
20
25
27
28
35
42
41
58
67
59
57
52
42
37
37
20
20
29
33
35
36
41
34
32
47
51
46
63
67
73
79
84
88
93
115
128
134
132
128
119
122
113
111
111
109
123
119
116
117
112
107
107
100
96
84
67
64
51
37
23
4
-17
-16
-15
-31
-35
-26
-31
-37
-31
-37
-56
-56
-47
-42
-53
-63
-65
-72
-84
-97
-96
-105
-105
-102
-109
-123
-124
-110
-98
-92
-94
-85
-78
-65
-48
-25
-17
-9
14
27
39
51
60
69
81
78
87
86
85
74
65
65
57
53
47
39
31
30
30
39
41
45
40
39
48
43
47
36
28
28
25
19
5
-4
-4
-1
3
-11
-27
-30
-35
-46
-66
-78
-88
-88
-93
-85
-83
-90
-83
-76
-69
-82
-87
-93
-92
-86
-85
-81
-93
-93
-89
-94
-100
-96
-91
-77
-65
-58
-57
-62
-47
-32
-18
-1
24
35
55
70
79
83
85
98
103
111
109
106
108
110
106
94
82
76
67
51
41
26
13
2
-11
-17
-18
-29
-28
-27
-24
-22
-29
-23
-24
-24
-20
-20
-17
-15
-9
-15
-26
-35
-45
-47
-58
-68
-83
-80
-84
-94
-100
-109
-108
-111
-108
-105
-99
-97
-84
-65
-56
-51
-40
-28
-19
-7
6
19
27
46
58
56
57
61
67
70
72
71
73
71
87
84
83
77
71
70
74
79
72
72
65
62
54
52
38
37
33
18
9
1
-2
-4
-3
-16
-24
-36
-30
-29
-39
-44
-49
-45
-40
-33
-41
-37
-33
-23
-15
-8
-9
-6
0
-2
1
-10
-5
-8
-11
-19
-25
-31
-35
-28
-27
-33
-34
-35
-41
-25
-25
-27
-25
-22
-6
1
9
9
13
22
34
39
39
40
40
38
35
41
38
36
38
34
28
29
31
23
22
22
21
24
29
23
25
25
32
38
39
45
41
50
57
53
47
42
43
41
40
38
25
16
17
13
10
1
-13
-27
-33
-30
-42
-52
-59
-55
-50
-52
-62
-72
-72
-63
-54
-52
-48
-48
-37
-27
-21
-22
-23
-16
-11
-4
-2
-2
-2
7
12
17
15
13
20
27
31
33
37
38
39
40
39
36
38
43
40
39
35
36
36
34
28
21
18
22
25
23
16
13
17
21
22
18
15
15
20
27
23
13
7
10
9
3
-10
-21
-28
-28
-28
-39
-51
-63
-61
-55
-60
-68
-73
-74
-65
-59
-58
-60
-60
-46
-37
-32
-33
-30
-21
-11
-1
0
1
5
15
23
26
22
22
27
27
29
27
24
22
28
33
28
25
24
26
27
23
18
16
19
25
24
23
23
24
32
32
29
24
25
35
37
32
23
18
21
25
23
12
-1
1
2
-1
-12
-27
-35
-36
-36
-46
-61
-68
-65
-64
-69
-81
-87
-87
-81
-75
-82
-86
-83
-68
-53
-50
-51
-47
-32
-14
-4
2
6
15
34
45
46
43
49
59
63
63
56
53
55
59
53
43
36
37
39
37
30
19
18
23
24
18
10
4
7
11
8
-2
-9
-7
-3
-2
-12
-18
-20
-17
-10
-19
-29
-32
-28
-23
-25
-33
-36
-31
-23
-23
-30
-39
-40
-34
-27
-31
-39
-40
-33
-26
-23
-28
-28
-23
-11
-3
-3
-4
2
16
25
31
28
28
38
51
52
48
45
47
56
57
50
41
41
45
47
43
32
26
30
34
30
18
11
12
17
18
9
-2
-3
4
7
0
-12
-17
-12
-7
-10
-22
-30
-28
-22
-18
-28
-38
-39
-29
-23
-27
-36
-40
-33
-23
-23
-33
-39
-35
-24
-20
-26
-33
-30
-20
-11
-12
-20
-19
-10
1
4
-2
-6
1
12
15
9
0
2
13
20
17
8
6
16
26
24
16
10
17
26
28
21
10
9
16
20
12
-2
-8
-2
4
1
-11
-20
-18
-7
-5
-14
-23
-22
-13
-7
-9
-20
-25
-17
-7
-8
-19
-28
-25
-15
-11
-18
-30
-29
-20
-12
-12
-23
-25
-14
0
3
-3
-7
-1
14
22
18
8
12
23
31
28
18
12
20
33
31
20
13
17
29
35
26
16
17
30
38
34
21
16
28
39
40
26
16
23
34
38
28
16
14
25
34
28
13
6
14
25
23
9
-5
-3
9
13
4
-11
-13
-2
6
1
-18
-27
-21
-11
-12
-26
-40
-40
-29
-25
-38
-52
-55
-46
-34
-38
-51
-57
-45
-31
-28
-36
-45
-38
-20
-10
-15
-27
-24
-8
6
6
-7
-12
1
18
21
11
4
9
24
34
27
12
13
27
38
34
19
10
18
34
34
17
2
5
16
23
14
-3
-9
2
12
8
-8
-19
-12
0
1
-15
-30
-30
-17
-10
-21
-38
-45
-35
-22
-28
-43
-55
-48
-34
-31
-41
-55
-53
-38
-28
-35
-48
-50
-36
-20
-19
-30
-35
-21
2
11
6
-2
5
27
43
41
33
33
50
66
67
55
47
56
72
78
65
52
53
67
76
67
50
43
51
62
59
42
28
29
41
41
26
7
4
15
22
13
-6
-14
-7
3
0
-17
-31
-27
-14
-10
-22
-38
-40
-30
-20
-27
-44
-51
-41
-28
-28
-39
-49
-45
-29
-22
-29
-41
-39
-24
-9
-10
-21
-25
-12
5
10
1
-6
1
19
31
25
16
17
32
45
42
30
25
34
49
50
37
25
25
37
40
29
11
4
11
19
13
-4
-16
-13
-3
-5
-21
-36
-35
-25
-20
-30
-44
-47
-37
-27
-29
-44
-52
-45
-30
-27
-38
-50
-48
-34
-26
-32
-44
-48
-36
-25
-26
-38
-45
-35
-20
-15
-24
-34
-29
-15
-5
-6
-15
-12
1
18
20
12
10
20
38
45
39
31
35
51
60
55
42
40
49
60
58
45
36
41
51
56
46
32
32
42
50
41
26
20
25
33
31
18
7
11
24
27
16
3
0
11
18
11
-5
-12
-3
7
8
-5
-16
-13
-1
2
-8
-22
-23
-14
-7
-13
-27
-32
-25
-14
-14
-27
-36
-35
-23
-18
-25
-36
-36
-23
-12
-13
-24
-27
-18
-3
1
-5
-13
-6
7
16
10
-1
-3
7
18
16
4
-1
3
14
15
5
-7
-7
2
8
2
-10
-13
-3
7
6
-4
-13
-9
2
5
-4
-13
-11
-2
7
3
-8
-13
-6
3
1
-11
-20
-18
-10
-7
-17
-29
-31
-24
-17
-22
-34
-39
-33
-24
-21
-29
-35
-31
-21
-15
-20
-28
-25
-14
-2
0
-7
-10
-4
8
12
8
2
5
17
26
25
18
17
26
37
38
31
26
30
38
41
36
30
29
36
42
39
30
26
30
38
38
31
25
25
32
34
29
23
22
27
30
27
16
11
15
19
18
9
1
1
4
3
-3
-13
-17
-15
-13
-16
-25
-29
-26
-20
-21
-25
-31
-29
-23
-19
-21
-25
-23
-16
-10
-11
-12
-15
-11
-4
-1
-4
-5
-2
5
10
10
6
6
9
12
11
8
7
10
14
15
12
9
8
10
9
6
0
-2
0
1
1
-2
-5
-6
-4
