43
21
-39
31
20
-42
5
39
1
-34
53
67
-42
12
81
3
-5
119
41
-1
48
11
-14
26
39
43
-33
19
7
-63
46
12
-16
37
1
-55
27
57
-88
11
26
-66
-26
-4
33
-79
-28
11
-64
-31
-44
26
-77
16
-56
-6
63
-111
115
-17
-7
31
-47
61
-21
3
-9
15
-79
-9
37
-75
67
-42
4
45
-59
66
40
36
25
54
25
27
47
4
58
12
-13
-4
103
-33
-13
121
-85
-11
84
-82
103
29
-19
77
28
-39
37
160
-175
149
-56
-84
140
-253
135
-92
-179
42
-156
22
-111
-28
9
-93
-65
15
-12
-140
121
-72
-30
9
-76
29
-58
-64
84
-80
-12
118
-95
49
30
-80
46
-1
-93
115
-18
-22
48
-38
33
-75
41
4
-35
26
-26
11
33
3
33
45
-4
64
17
10
88
-41
98
11
7
76
-53
-5
72
-119
71
-74
-106
84
-262
49
-16
-163
7
-79
-21
-84
-44
55
-113
32
-2
-41
51
0
11
-27
-16
25
-111
42
-62
-63
78
-105
99
-3
-33
83
-5
77
6
-27
204
-143
70
133
-144
156
-73
76
-11
-74
209
-190
126
79
-62
116
-22
102
-93
37
88
-82
9
38
61
3
-39
169
-3
-18
87
5
108
-106
125
60
-63
133
-170
179
-132
-110
172
-166
33
-29
86
-38
-12
113
56
-42
165
-44
11
88
-77
78
-31
-13
50
-74
15
127
-149
154
-38
-92
113
-80
19
-5
22
58
-81
-39
60
-136
-36
-42
-68
-39
-208
143
-140
-29
81
-111
161
-225
141
12
-63
72
-55
81
-169
44
121
-186
15
71
-108
-54
-7
55
-100
3
58
-41
-35
-35
89
-97
56
-22
22
11
14
-39
87
-10
-121
97
-38
-4
-47
174
-41
-34
66
13
22
-107
172
-49
-75
119
-152
65
-92
-4
51
-139
66
31
-155
130
2
-162
200
-142
143
-139
30
168
-250
97
10
-80
-74
27
118
-111
48
98
-63
65
-135
140
-17
-189
256
-116
-74
149
-120
157
-118
9
208
-194
158
35
74
75
-92
254
-82
-39
137
-154
122
-182
37
56
-221
170
-16
-9
66
17
154
19
84
107
88
-43
86
-27
52
17
-81
71
-142
85
-177
47
162
-295
265
-61
36
143
-159
322
-146
-65
228
-291
216
-152
-126
307
-382
176
-40
-72
44
-259
281
-236
-7
9
105
-224
83
122
-237
99
-144
68
-266
57
-19
-219
144
-246
134
-185
-32
177
-308
147
12
-58
-121
157
74
-293
229
-101
-46
-55
-20
134
-283
169
8
-186
151
-61
22
-88
-13
171
-382
333
54
-315
509
-225
97
154
-23
271
-205
121
231
-244
6
284
-208
112
28
-21
159
-259
199
105
-243
303
-139
115
122
-249
474
-237
-14
230
-147
75
-10
24
18
35
-236
318
-159
-215
447
-451
258
-74
-34
260
-286
247
23
-197
251
-139
62
-29
68
-54
-60
181
-208
114
126
-80
92
1
243
-127
76
272
-257
180
-38
20
5
-26
83
-77
33
64
-123
115
-53
-31
-52
23
-15
-23
38
2
107
-163
208
-68
68
13
-80
235
-348
266
-164
-97
128
-335
175
-72
-181
81
-38
-39
-151
140
-77
-104
95
-53
61
-187
151
-73
-194
190
-153
-26
48
-241
127
-220
115
-230
-29
157
-515
213
-7
-212
114
-18
-24
114
-226
268
-89
-88
240
-165
130
-132
195
-54
29
21
78
-48
-2
92
-125
256
-205
82
227
-175
7
219
11
-159
358
-275
275
-150
-80
434
-536
430
31
-167
218
-79
-5
67
19
151
-77
178
21
-62
167
-25
39
-107
243
-209
-96
247
-224
-5
-32
140
-227
14
68
-16
-130
35
139
-157
114
46
-150
194
-123
-204
409
-462
247
-7
-183
270
-243
141
-121
188
-144
80
-116
76
-69
-166
295
-158
-8
69
-14
-184
186
-206
142
-30
-84
206
-160
58
113
-129
57
-93
132
-121
-85
125
-37
-197
73
-8
-137
-20
-22
-168
143
-87
-123
160
-24
-93
-15
131
98
-407
375
34
-318
186
134
-161
-29
144
-229
175
-314
138
48
-312
310
-66
-134
239
-98
-189
371
-290
-54
348
-376
212
-196
197
93
-450
545
-187
-125
-75
262
-20
-511
696
-225
-153
208
-93
208
-424
335
-48
-199
323
-468
464
-292
-38
194
-173
185
-198
223
-130
176
-74
-78
379
-396
294
-61
52
194
-447
606
-347
3
206
-116
194
-267
194
208
-336
179
164
-74
-80
76
147
-181
-35
323
-163
-15
99
21
-147
1
196
-294
207
-107
-129
289
-507
346
-70
-174
279
-394
340
-211
-249
435
-460
108
-78
14
18
-399
502
-267
-178
381
-138
-95
151
-18
52
-170
155
-9
-282
77
7
-145
-296
436
-394
-24
131
-199
254
-420
232
107
-482
423
-209
-13
123
-92
120
-58
28
44
-157
178
-120
-108
40
-45
-145
-132
341
-440
160
30
-149
83
-132
83
-12
-131
-56
151
-285
239
-256
207
-9
-265
504
-422
232
-105
-46
197
-404
423
-271
136
-6
-15
138
-274
377
-310
151
-39
-121
70
-163
115
-85
-30
193
-227
5
128
-127
-16
26
180
-226
8
130
-43
-146
86
133
-244
103
23
-6
-39
-28
166
-132
18
140
-44
84
41
-1
14
37
-82
-17
92
-54
-7
45
46
-79
72
61
-22
149
-75
113
13
-176
227
-141
103
-53
92
-9
-181
383
-319
245
66
-171
370
-217
239
2
1
208
-131
237
60
-53
142
39
-47
14
209
-196
130
-79
-34
74
-152
183
-61
71
-8
37
-2
-16
136
-161
257
-133
41
70
-132
274
-307
331
-48
-174
260
-246
167
-76
-46
202
-297
333
-89
-140
248
-155
28
-33
91
-7
-142
102
-1
-256
173
-130
7
-89
67
-23
-193
210
-286
132
-225
17
-35
-230
138
-92
-15
17
79
-96
44
69
-44
72
21
22
73
-57
103
-80
52
20
-19
89
-134
135
-6
-88
140
-43
27
-19
62
64
-92
213
-136
93
54
-92
105
-64
31
44
-139
119
5
-40
61
61
48
-85
226
-192
111
24
-118
207
-196
145
-72
53
-27
-47
65
-190
138
-146
96
-103
69
-100
-81
103
-241
220
-150
77
-87
79
-84
-2
35
-90
147
-255
235
-196
-3
3
-140
46
-57
-65
16
106
-145
166
7
16
-3
62
104
-138
231
-85
64
-58
18
49
-192
176
-89
24
48
-81
111
-91
-52
157
-170
127
39
-85
149
-137
127
-48
26
66
-39
-4
28
-5
-53
119
23
-112
228
-68
-30
146
-111
119
-104
116
1
-141
116
-173
-68
-23
-43
-59
24
49
-191
175
-131
-33
39
-82
48
-22
20
-77
94
-141
67
-44
-26
-6
-120
73
-125
13
-147
86
-32
-68
188
-45
110
-45
137
27
27
79
83
43
-52
195
-86
44
156
-119
163
-22
-64
7
44
-95
-16
174
-117
8
64
85
-38
97
199
-11
80
56
72
-79
27
54
-11
2
12
28
-63
5
-12
-27
60
-28
-15
150
-72
44
82
-94
189
-159
115
72
-197
119
-162
11
-32
-20
72
-30
-8
-13
-42
6
69
-31
124
2
-49
34
-39
-23
-27
36
-53
-22
-78
16
-70
-75
86
-126
39
-27
-81
66
-59
-57
74
-27
11
16
36
23
-60
-43
-13
-84
-68
15
-17
-69
45
-65
-8
44
-92
88
43
-80
160
-81
55
87
-119
163
-63
-57
74
-121
66
-59
11
68
-91
58
-2
-52
91
-36
11
134
-99
42
37
-56
-20
57
-113
39
-35
-137
204
-232
175
-7
-69
133
-163
113
-115
-5
-50
-92
8
-151
14
-108
-34
-52
-155
68
-169
-47
48
-109
-28
-30
-34
13
-79
77
66
-47
146
17
10
55
-5
-41
186
-116
95
55
-51
128
-53
147
-48
84
-105
42
-24
-13
40
-98
211
-261
170
22
-129
125
-84
36
-116
-15
15
-185
56
-35
-79
29
-29
-57
14
-82
146
-100
80
170
-149
207
-53
34
-33
1
14
23
82
-51
180
-166
44
18
-163
52
-33
-44
-17
-32
-17
-23
-55
50
-169
11
-118
-107
35
-212
61
-88
-58
-36
48
-131
-38
154
-188
101
2
65
-86
152
72
-86
109
18
25
-30
193
-79
68
87
-11
109
-21
137
-69
10
151
-153
73
147
-177
134
75
-294
270
-231
-55
118
-235
155
-189
-4
36
-156
138
-44
-13
154
-168
196
-69
102
-23
51
-38
-117
141
-196
90
-75
-114
118
-229
86
60
-243
215
-194
46
35
-9
9
48
-61
57
7
-102
209
-311
200
-293
190
-95
-194
317
-310
243
-149
265
-14
10
302
-221
335
-162
87
119
-130
190
-54
108
-70
239
-123
202
-6
2
210
-268
429
-282
372
-144
184
60
-101
229
-186
251
-119
98
-73
166
-120
112
127
-63
84
123
-113
116
45
-74
144
3
65
-65
209
-243
206
-136
-55
176
-428
400
-397
34
77
-344
293
-343
118
57
-319
214
-124
-255
217
-306
14
-7
-174
113
-317
229
-274
-92
188
-349
205
-139
-96
123
-245
124
-162
4
100
-316
328
-226
-25
75
-146
55
-176
193
-208
28
55
-123
27
-89
6
-71
-60
175
-166
142
-30
-97
127
-82
208
-164
299
-165
-8
121
-246
221
-167
37
72
-225
69
25
-189
106
-17
59
-162
242
-9
-148
345
-433
403
-317
-106
316
-532
323
-272
-47
-97
-91
41
-155
118
107
-74
-84
403
-181
-1
242
-55
-6
13
-9
303
-512
409
-35
-353
443
-186
221
-102
147
-78
0
19
31
60
80
-146
184
-163
-115
71
-224
113
-108
-129
110
-266
85
-14
-84
179
-243
366
-307
-28
330
-307
-3
132
-199
4
-90
59
15
-212
138
-170
53
-61
-77
-26
-42
5
21
-37
158
-107
-110
415
-327
125
238
-300
112
-69
16
216
-280
286
26
-369
268
-18
-230
286
-141
57
14
-140
286
-226
310
21
48
262
-137
381
-169
323
32
-409
605
-276
-48
371
-262
311
-181
198
315
-221
289
143
-124
121
82
92
-21
-18
-41
99
-251
41
211
-316
271
-360
218
-54
-61
117
-35
33
-104
99
-63
94
217
-83
129
16
-101
234
-199
121
126
-190
91
43
-157
82
-66
1
130
-116
348
-96
52
230
-249
213
-18
-6
308
-85
19
-207
-129
50
-305
212
36
-155
113
-233
57
-153
17
166
-183
223
-108
-46
110
-225
65
72
-132
109
32
87
-78
11
114
-93
94
36
143
61
38
160
-95
58
-28
-37
113
-120
99
-148
-39
-97
-164
-13
-34
143
-127
210
-27
-210
122
-173
241
-104
-16
191
-258
-123
54
-196
63
40
17
140
-236
146
-70
-111
186
-123
81
29
-104
34
-242
-90
62
-243
99
-29
-177
-161
-71
7
-154
98
33
-160
-54
-114
-70
-262
-38
-97
-241
14
-236
-91
-70
-271
-18
-193
-26
-37
-63
55
-251
-105
-183
-118
-83
21
-79
79
-115
-158
55
27
86
-13
100
78
-90
11
43
116
-39
77
182
74
43
169
114
127
209
201
265
189
310
180
322
366
268
508
291
371
296
166
488
149
347
273
225
282
74
254
208
22
240
125
9
-15
-200
-88
-215
-71
-227
-151
-254
-474
-334
-326
-428
-483
-252
-519
-640
-683
-546
-795
-787
-522
-860
-817
-897
-987
-1045
-1077
-1004
-1149
-1018
-745
-349
-258
-238
-623
-554
-263
29
974
1226
1044
347
326
641
943
1640
2047
2044
1440
1188
1259
1192
1246
1291
1390
1146
840
586
215
-167
-380
-259
-44
-136
-530
-939
-1121
-1145
-924
-398
-171
-231
-367
-263
-118
98
390
776
1061
1190
1284
1330
1411
1376
1603
1945
2056
1888
1606
1359
1114
989
1004
905
566
92
-322
-520
-755
-1018
-1130
-1249
-1545
-1746
-1758
-1921
-2062
-1899
-1839
-1768
-1600
-1813
-1889
-1872
-1874
-1585
-1671
-1480
-1661
-1849
-1805
-1801
-1693
-1382
-128
312
-103
-1089
-896
-639
-239
1543
2470
1957
-137
-360
575
1143
2420
3275
3416
1701
690
1355
1724
2006
1926
2299
1777
525
307
-5
-292
-743
-338
179
-345
-1305
-2134
-2219
-2207
-1751
-929
-658
-1175
-1896
-1756
-1367
-928
-247
257
570
398
491
693
960
1226
1632
2310
2450
2319
1967
1736
1723
1832
2247
2340
2063
1306
736
585
591
647
504
344
-116
-558
-836
-827
-787
-824
-789
-896
-1088
-1347
-1393
-1160
-937
-728
-633
-665
-817
-931
-720
-466
-264
-241
-339
-384
-457
-473
-391
-349
-502
-765
-992
-1246
-1416
-1813
-2040
-2280
-2534
-2566
-2836
-1663
-618
-583
-1934
-2742
-1586
-1129
622
2366
2571
368
-1752
-45
1798
3345
4281
4334
2992
475
1153
2769
3850
3551
2721
2326
571
-88
2
392
151
-647
-462
-1229
-2349
-3549
-3421
-2375
-2137
-1719
-1983
-2631
-3348
-3165
-1629
-662
-146
-413
-425
-326
2
1123
1898
2365
2209
2359
2574
2548
2614
2618
3162
3309
3041
2545
1936
1462
1181
1746
2033
1509
345
-512
-667
-477
-66
-70
-407
-1274
-1693
-1477
-997
-587
-723
-796
-1040
-1041
-816
-483
-120
-85
26
-24
-228
-356
-412
-21
277
315
50
-448
-723
-911
-836
-664
-933
-1475
-2105
-2630
-2964
-2936
-2932
-2821
-3151
-2374
-938
-1016
-2246
-3288
-1751
-555
937
2702
2691
558
-1997
11
3065
4666
4980
4169
2907
442
1172
3679
5063
4315
2360
1530
29
-425
323
1015
783
-1002
-1757
-2593
-3380
-3488
-2897
-1699
-2018
-2723
-3477
-3693
-3147
-2097
-460
-125
-562
-1278
-1109
122
1367
2595
2697
2326
1844
1918
2718
3262
3652
3406
3038
2611
2278
2333
2106
2128
1887
1623
1344
587
20
-421
-112
44
-70
-614
-1286
-1381
-1247
-690
-395
-412
-906
-1250
-1092
-599
-41
125
40
-152
-301
-267
-70
266
360
209
-5
-266
-376
-500
-345
-368
-620
-1165
-1679
-1950
-2067
-2109
-2368
-2879
-3329
-3765
-3501
-3293
-2464
-667
-579
-1825
-3876
-2317
-117
1530
3213
3015
1274
-2064
-683
3307
5674
5747
4003
2734
361
578
3483
5491
4952
1893
251
-909
-1168
-14
906
729
-1711
-3551
-4160
-4129
-3480
-2901
-2101
-2771
-4141
-4718
-4319
-2634
-1365
-346
-524
-1474
-1644
-912
1080
2576
3368
2935
2021
1927
2602
4097
4785
4612
3887
2877
2530
2451
3039
3227
2834
2222
1027
448
-172
155
405
444
74
-1214
-1968
-2265
-1409
-563
-290
-693
-1557
-1847
-1604
-607
255
419
103
-356
-323
-7
550
1138
1196
898
381
174
298
438
607
550
295
-483
-1057
-1262
-1171
-1274
-1508
-1896
-2568
-3286
-3689
-3317
-3221
-3154
-3407
-2239
-915
-1345
-2977
-3610
-1307
344
1850
2805
2096
-648
-2460
942
4725
5818
4314
2462
1052
-175
1825
4868
5632
2990
-198
-1019
-972
161
1205
1149
-717
-3447
-4210
-3576
-2527
-2006
-2085
-2463
-3792
-4377
-3824
-2270
-714
-278
-397
-1410
-1578
-613
1250
3010
3316
3000
1995
1820
2733
4234
5212
4718
3674
2604
2277
2583
3139
3184
2831
1829
804
-48
-173
181
219
284
-459
-1392
-2397
-2401
-1454
-675
-446
-1159
-1802
-2061
-1486
-594
195
381
-124
-486
-423
233
930
1334
1327
913
534
369
646
914
1053
828
282
-316
-694
-782
-768
-780
-1339
-2124
-2878
-2904
-2739
-2771
-2954
-3850
-4136
-4394
-3137
-727
5
-1658
-4807
-3485
-675
1918
3446
2993
901
-3016
-1610
3353
6790
6321
3161
1410
-278
864
4433
6676
5481
1189
-1065
-1194
184
2074
2238
863
-2406
-4261
-3847
-2507
-1108
-1474
-2439
-4156
-5051
-4264
-2910
-1227
-1037
-1490
-2559
-2851
-1401
261
1911
2041
1693
1238
1046
2034
3416
4752
4454
3275
2453
2303
2957
3503
3735
3262
2128
1467
1192
1365
1207
882
625
65
-88
-673
-1076
-1359
-1251
-781
-799
-967
-1560
-1784
-1498
-896
-259
-184
-408
-809
-781
-260
379
780
717
368
19
21
384
752
795
589
185
-215
-447
-536
-428
-667
-994
-1583
-1900
-2017
-2091
-2269
-2647
-3146
-3595
-3937
-3370
-1163
-135
-1188
-4455
-4386
-2025
367
2494
2531
897
-3445
-3640
910
5170
5935
3158
964
-1103
-668
3040
6232
6085
1892
-1234
-1471
208
2784
3367
1947
-1397
-3605
-2889
-1211
315
-264
-1699
-3353
-4384
-3437
-2094
-525
-560
-1418
-2255
-2700
-1479
-156
1353
1658
1144
618
223
1235
2544
3793
3758
2625
2001
1838
2564
3195
3435
3214
2196
1604
1492
2011
2066
1438
941
491
587
446
235
-262
-776
-641
-460
-257
-506
-889
-1108
-1118
-617
-120
-76
-610
-1009
-726
-216
253
230
-76
-393
-450
-56
263
364
128
-217
-352
-261
-172
-232
-463
-548
-874
-1009
-1257
-1437
-1597
-1961
-1974
-2362
-2496
-2925
-3024
-2736
-1725
-820
-1377
-3058
-3787
-2315
-466
1009
1238
254
-1958
-2697
-146
3135
4352
2961
1138
-150
96
2387
4972
5349
2980
364
-328
835
2704
3572
2627
157
-1920
-1977
-412
886
582
-1017
-2568
-3278
-2807
-1535
-554
-642
-1939
-2897
-2965
-1840
-604
103
29
-650
-980
-752
353
1364
1851
1658
1152
999
1219
1831
2438
2645
2350
1683
1376
1877
2440
2516
1878
1416
1285
1236
1551
1665
1347
431
-50
307
682
546
-19
-412
-638
-721
-606
-369
-395
-888
-1342
-1347
-924
-596
-599
-856
-1059
-1095
-951
-546
-76
59
-269
-562
-357
99
379
437
223
-120
-511
-496
-205
-79
-327
-792
-1177
-1330
-1395
-1483
-1563
-1910
-2165
-2108
-1429
-1101
-1675
-2494
-2545
-1665
-793
-155
-93
-817
-1773
-1596
142
1812
2088
1279
401
162
652
1932
3151
3081
1756
387
246
1149
2044
2193
1371
102
-841
-857
-62
577
370
-724
-1815
-2082
-1573
-730
-307
-523
-1300
-1907
-1725
-824
62
223
-103
-374
-313
66
615
1199
1308
1039
897
1058
1424
1518
1518
1490
1433
1318
1139
1105
1392
1558
1498
1057
811
817
906
1203
1238
1034
443
68
247
584
827
541
-21
-521
-603
-255
54
-37
-462
-840
-804
-516
-149
-99
-330
-909
-1034
-368
222
392
-103
-649
-942
-793
-91
307
184
-328
-661
-662
-551
-435
-491
-491
-660
-690
-589
-566
-644
-839
-803
-663
-582
-591
-762
-887
-932
-961
-827
-637
-587
-734
-876
-974
-935
-774
-569
-287
-342
-591
-848
-775
-364
-154
-38
-45
-179
-372
-347
54
436
421
194
135
238
320
431
670
794
610
339
291
491
593
563
541
503
361
293
457
631
535
298
215
307
399
441
455
456
291
129
186
396
573
501
434
427
448
470
548
764
759
564
449
573
793
855
723
566
443
500
617
732
779
631
366
134
223
488
534
384
121
-107
-274
-286
-69
50
-103
-430
-580
-496
-379
-263
-185
-152
-193
-217
-283
-221
-206
-182
101
173
90
-243
-495
-490
-394
-16
167
-32
-449
-783
-721
-444
-218
-251
-540
-875
-1124
-1102
-960
-858
-811
-914
-1019
-1178
-1222
-1106
-888
-583
-445
-510
-736
-821
-667
-302
34
150
52
-227
-221
17
332
498
426
314
240
331
481
617
635
531
405
302
317
359
324
182
31
40
17
-74
-146
-141
-126
-157
-145
-132
-134
-198
-139
47
168
152
38
146
395
594
620
527
546
613
780
1040
1232
1170
946
890
1148
1395
1368
1132
867
772
748
856
829
598
226
-7
83
189
137
-142
-398
-509
-528
-345
-188
-228
-540
-747
-589
-331
-219
-283
-320
-340
-336
-228
-70
16
-34
-101
-51
49
72
-26
-140
-165
-151
-139
-233
-338
-491
-572
-564
-566
-611
-716
-756
-728
-709
-700
-732
-699
-643
-469
-292
-271
-271
-290
-145
53
243
321
227
174
232
421
603
663
617
463
354
385
527
576
411
217
77
66
69
95
60
-127
-352
-462
-415
-362
-373
-450
-550
-618
-555
-464
-389
-362
-358
-364
-388
-336
-243
-115
-64
-64
-23
32
98
115
220
306
316
293
308
403
412
364
336
387
463
475
440
388
315
285
312
443
524
462
313
194
213
332
444
469
373
242
129
146
296
343
326
258
207
202
213
243
209
168
127
79
-21
-116
-155
-159
-170
-230
-345
-449
-510
-497
-509
-539
-571
-603
-659
-715
-659
-577
-577
-584
-586
-559
-578
-476
-287
-171
-160
-205
-64
23
101
182
264
316
240
262
295
318
254
221
286
294
225
110
60
59
58
58
37
5
-98
-172
-143
-60
-22
-101
-181
-210
-147
-38
32
34
-60
-123
-128
-11
157
227
156
20
10
88
180
221
204
129
16
6
74
139
127
72
33
-32
-17
30
102
132
101
54
25
85
146
180
165
171
218
246
248
282
355
370
348
340
390
427
414
389
399
405
388
351
289
231
197
207
213
100
-78
-163
-147
-152
-219
-294
-358
-481
-575
-541
-504
-547
-629
-661
-657
-615
-522
-417
-423
-516
-490
-389
-233
-148
-130
-168
-217
-143
-38
64
58
52
54
33
42
61
124
148
107
58
-16
-41
-75
-91
-95
-126
-165
-239
-293
-314
-261
-169
-151
-160
-164
-128
-58
-17
54
98
143
172
162
221
264
279
260
291
330
317
295
262
256
191
132
92
76
-5
-95
-116
-126
-172
-302
-353
-307
-258
-259
-272
-254
-238
-232
-151
-42
55
116
155
230
273
350
444
554
629
661
694
683
712
760
822
857
767
669
605
606
602
553
463
319
173
55
68
90
33
-117
-271
-321
-318
-273
-257
-311
-413
-511
-450
-326
-258
-304
-336
-322
-299
-237
-126
-10
-13
-72
-86
-14
87
108
119
121
98
29
-6
35
57
6
-74
-133
-182
-218
-194
-163
-211
-338
-410
-359
-306
-289
-315
-301
-326
-315
-246
-100
-15
-102
-145
-113
8
53
41
62
91
79
44
74
127
116
100
142
161
104
-39
-68
-28
6
-22
-95
-177
-303
-343
-286
-232
-270
-391
-459
-414
-347
-283
-244
-225
-258
-229
-123
11
44
-21
-2
57
171
236
269
256
234
269
320
401
393
339
281
293
376
410
366
278
219
206
242
282
277
199
82
32
39
58
75
28
-42
-92
-112
-84
-80
-83
-86
-110
-128
-149
-159
-160
-123
-76
-53
-109
-168
-161
-99
-18
11
-5
-79
-106
-62
41
109
92
37
-17
-41
2
67
89
67
21
10
7
44
68
80
50
17
1
-9
4
-21
-26
-8
22
-14
-83
-130
-120
-72
-14
-5
-41
-124
-180
-146
-66
-46
-171
-276
-291
-256
-251
-238
-246
-307
-388
-371
-232
-174
-236
-307
-252
-144
-61
-45
-35
-30
-47
-5
85
173
181
173
188
221
291
340
402
429
433
462
462
455
394
367
407
432
396
309
261
250
260
255
229
199
106
73
131
191
169
59
-2
-10
22
61
59
-38
-179
-208
-138
-64
-85
-176
-243
-296
-292
-271
-237
-251
-318
-344
-322
-276
-292
-298
-245
-217
-253
-277
-231
-196
-195
-186
-125
-75
-106
-125
-47
66
84
53
66
118
146
190
242
268
234
197
241
302
309
253
230
226
209
168
163
178
123
30
-7
10
12
-42
-102
-148
-201
-235
-213
-200
-225
-276
-298
-279
-263
-261
-245
-216
-194
-178
-171
-152
-130
-84
-12
39
15
-11
33
136
250
289
277
249
238
286
367
423
373
300
262
286
346
366
339
262
223
207
230
241
218
173
160
178
172
168
149
119
79
64
87
98
46
-7
-23
-13
-21
-70
-80
-82
-98
-105
-115
-137
-191
-245
-256
-212
-207
-250
-280
-313
-331
-316
-299
-290
-319
-346
-345
-326
-283
-270
-248
-227
-199
-174
-156
-137
-111
-59
-29
-8
7
37
79
124
145
144
141
134
146
159
167
149
98
41
6
-1
17
-29
-120
-195
-223
-199
-188
-180
-212
-264
-330
-345
-290
-254
-233
-266
-295
-273
-221
-147
-127
-129
-120
-85
-34
22
75
101
123
147
207
277
336
353
340
328
347
419
483
490
440
363
339
366
443
499
470
363
253
224
273
323
331
273
205
142
120
155
190
190
120
80
49
29
12
31
57
29
-3
-33
-58
-89
-101
-91
-102
-119
-188
-230
-234
-251
-259
-285
-306
-357
-390
-399
-392
-384
-405
-414
-397
-381
-360
-374
-374
-332
-277
-244
-252
-226
-197
-144
-87
-22
18
7
-6
44
140
183
181
177
190
201
205
244
257
223
176
165
180
136
82
62
90
102
44
-3
-33
-52
-41
-23
10
-6
-38
-40
22
82
101
101
100
126
162
183
198
208
204
225
267
307
271
200
160
196
250
266
223
151
86
33
50
88
98
13
-96
-135
-116
-83
-88
-87
-123
-193
-216
-164
-90
-89
-123
-126
-114
-102
-106
-96
-75
-74
-60
-32
0
-5
-16
6
39
49
10
-33
-63
-66
-61
-79
-134
-206
-257
-273
-263
-266
-305
-341
-366
-361
-324
-300
-293
-273
-244
-225
-199
-169
-137
-104
-54
6
45
49
53
97
155
213
243
252
250
243
261
283
286
256
245
204
166
138
126
122
71
5
-46
-50
-58
-68
-69
-92
-111
-121
-113
-80
-63
-62
-65
-51
-13
22
67
86
111
136
136
163
196
243
258
257
264
274
268
252
242
216
207
193
187
156
97
31
2
8
9
-4
-41
-110
-153
-152
-115
-88
-107
-134
-172
-170
-140
-97
-71
-73
-84
-99
-79
-55
-17
6
-4
-9
-21
-26
-40
-50
-55
-79
-118
-149
-164
-153
-184
-219
-250
-284
-316
-341
-321
-320
-347
-372
-389
-368
-347
-329
-307
-318
-333
-325
-249
-175
-142
-110
-85
-46
-19
31
94
134
133
107
144
192
237
235
216
208
189
204
218
231
214
181
179
199
237
236
213
195
173
155
158
167
166
163
157
165
168
171
176
182
199
200
200
206
210
208
191
204
209
183
167
154
159
149
141
141
142
138
121
120
103
53
27
27
34
26
5
-11
-39
-70
-76
-58
-48
-60
-73
-82
-80
-68
-50
-32
-39
-60
-59
-41
-28
-34
-47
-41
-29
-28
-45
-47
-60
-74
-68
-61
-56
-78
-108
-127
-131
-133
-137
-140
-135
-129
-133
-148
-160
-151
-135
-112
-102
-105
-119
-122
-93
-41
-8
-11
-16
-6
20
42
68
97
112
105
91
110
126
132
119
100
89
83
93
111
108
97
75
64
71
87
102
98
77
46
43
35
19
5
4
9
-11
-21
-10
-2
1
-5
8
22
22
25
32
60
68
70
84
71
51
25
28
41
36
28
19
6
-18
-31
-10
6
11
7
0
0
-29
-42
-44
-67
-84
-102
-120
-135
-162
-182
-191
-182
-180
-191
-194
-207
-224
-221
-209
-176
-170
-176
-178
-185
-185
-167
-128
-116
-116
-141
-153
-123
-92
-65
-68
-78
-79
-71
-42
-10
12
20
7
-9
-5
37
57
44
32
19
34
59
85
94
86
74
65
80
101
108
119
128
143
156
157
168
176
189
200
219
231
236
230
218
218
218
230
236
245
230
203
200
207
210
197
183
165
132
101
86
82
81
62
31
4
-25
-52
-82
-99
-100
-110
-129
-158
-173
-162
-166
-171
-176
-186
-193
-182
-152
-125
-111
-121
-127
-128
-127
-125
-116
-98
-94
-109
-110
-96
-110
-132
-139
-119
-108
-124
-138
-149
-146
-146
-133
-133
-147
-169
-178
-158
-128
-106
-122
-142
-145
-134
-97
-60
-40
-22
-30
-18
18
64
95
85
85
81
94
111
137
150
140
118
107
136
139
121
102
95
102
108
114
118
115
107
111
122
125
129
137
122
100
86
91
103
127
142
140
148
152
155
184
210
230
209
186
183
190
210
209
182
154
134
117
134
155
146
117
60
31
45
51
68
45
21
-13
-35
-38
-25
-23
-42
-60
-81
-90
-106
-124
-137
-148
-181
-201
-215
-223
-221
-232
-225
-222
-230
-244
-263
-262
-257
-250
-244
-250
-247
-253
-260
-258
-225
-214
-212
-218
-233
-224
-214
-174
-148
-151
-158
-150
-130
-90
-59
-54
-61
-82
-93
-72
-34
6
7
-22
-38
-29
12
40
56
60
54
67
120
169
191
186
163
147
160
193
208
205
169
139
140
152
172
176
172
157
143
153
169
180
177
166
137
137
133
146
142
129
114
78
63
37
52
62
69
60
30
3
-11
-2
11
13
3
4
-18
-4
7
6
7
-15
-28
-37
-35
-29
-43
-75
-101
-106
-100
-115
-124
-129
-129
-145
-170
-191
-209
-210
-214
-204
-198
-200
-215
-232
-219
-198
-180
-191
-196
-207
-193
-170
-127
-105
-108
-109
-115
-108
-98
-72
-61
-59
-64
-50
-38
-20
-16
-20
-23
-21
-21
-1
16
36
51
48
49
52
71
89
108
107
111
114
134
158
170
166
164
166
187
220
248
259
244
221
245
270
292
307
308
293
273
281
280
274
251
229
215
215
229
234
224
209
204
176
176
169
162
130
120
118
54
76
-17
-15
-36
-46
11
-41
-34
-80
-96
-92
-95
-69
-53
-63
-61
-75
-71
-61
-67
-72
-89
-75
-96
-95
-112
-121
-111
-129
-115
-106
-79
-58
-67
-45
-45
-4
9
62
125
136
203
134
183
94
44
11
-104
-154
-291
-330
-420
-456
-447
-461
-398
-382
-302
-242
-191
-124
-119
-107
-174
-222
-227
-302
-230
-244
-202
-112
-80
-51
124
106
170
279
186
292
182
105
258
-52
56
136
-223
228
-246
151
-144
-42
145
-212
219
-179
133
-140
-91
128
-192
-9
66
-125
-6
13
-7
176
-89
160
225
-179
392
94
243
179
84
295
9
173
203
281
98
213
259
155
165
303
180
219
140
97
271
-136
285
59
-140
212
-160
-70
72
-219
71
-142
-194
84
-355
35
-171
-189
14
-385
47
-242
-173
5
-369
99
-267
-95
-44
-178
-41
-211
24
-122
-65
-17
-149
25
-211
-2
30
-215
39
-94
-119
-170
-54
-77
-244
-94
-161
-64
-147
-71
138
-224
84
92
40
90
159
153
70
151
86
299
-165
419
46
-97
345
-74
54
15
-27
128
-305
130
50
-26
-103
323
4
-125
575
-418
728
-311
273
435
-563
874
-394
204
453
-343
654
-101
348
416
-106
689
-84
325
138
268
-38
154
350
-341
492
-388
314
-259
-213
179
-422
105
-127
-160
24
-286
108
-21
-374
524
-629
337
-436
87
-25
-185
118
-288
198
-397
147
-19
-139
118
-140
-89
58
-223
228
-81
183
-270
402
-364
30
193
-211
191
-301
130
-272
-241
106
-196
46
-180
-124
16
-386
-72
-179
-94
-82
-173
159
-274
156
-307
138
-77
-120
243
-280
378
-295
320
-82
213
80
37
76
147
-43
-32
230
-236
346
-178
229
252
-461
663
-490
224
233
-396
787
-632
622
-237
-39
290
-174
236
-19
170
-277
338
-296
-20
233
-168
118
211
-216
472
-270
156
344
-386
607
-277
160
144
-279
375
-119
177
-69
152
-200
6
290
-518
584
-281
50
220
-491
324
-192
-255
408
-179
-101
299
-605
331
-354
-72
201
-205
105
-149
198
-331
245
-165
-166
219
-406
192
-71
-249
202
-402
31
-44
-312
168
-328
38
-341
55
-143
-381
376
-660
194
34
-538
489
-441
-102
188
-496
216
-64
-328
316
-232
-39
342
-377
339
30
-371
462
-246
-112
309
-255
124
191
-277
532
-342
215
134
-159
278
43
213
-72
346
-152
459
-154
261
211
-1
342
-195
495
-182
26
46
48
190
-342
625
-473
11
289
-689
588
-374
-104
401
-646
542
-353
-21
117
-291
149
-405
303
-442
2
-32
-407
393
-451
25
-42
-331
210
-423
581
-475
241
-130
-15
-243
-39
236
-433
427
-351
336
-270
-92
287
-289
-161
392
-205
-222
498
-541
136
88
-369
246
-32
-385
410
-457
-76
406
-803
755
-674
218
-53
-427
421
-335
279
34
-180
311
-155
14
134
33
-242
230
22
-311
387
-149
-80
143
-323
152
32
-361
719
-493
324
333
-365
655
-384
371
148
-227
514
73
83
225
314
-286
586
-342
74
460
-672
848
-166
-199
707
-432
35
273
-214
63
278
-133
0
323
-275
263
205
-303
454
-53
-350
680
-463
203
138
-221
154
-188
250
-334
330
-163
33
-76
111
-163
86
355
-412
724
-533
481
-162
-232
344
-270
-50
60
178
-320
173
-42
172
-337
88
327
-833
605
-377
88
-111
-359
445
-712
191
-190
67
-260
-146
339
-657
340
-242
-9
77
-212
86
7
-358
159
94
-409
369
-266
167
-237
-106
101
-176
-128
-5
159
-249
-104
297
-472
275
-301
54
15
-429
97
53
-334
213
-84
-67
165
-121
89
71
-126
30
55
22
-23
50
-32
-23
1
-163
152
-169
-30
14
143
-273
235
-118
141
-40
4
68
-67
235
-482
613
-194
-226
501
-397
180
69
-195
357
-61
-284
592
-401
76
316
-233
436
-351
569
-134
17
441
-409
768
-318
519
112
-60
453
-190
288
233
7
128
43
-84
115
-137
346
-370
432
-251
92
111
-291
224
-314
122
-214
-89
61
-262
18
-27
-131
21
-86
9
-142
159
-405
451
-631
364
215
-889
1100
-825
229
195
-491
657
-628
469
-90
-197
339
-196
215
-245
359
-108
-49
252
-199
190
-196
94
24
-214
348
-198
-72
310
-164
-121
315
-183
-130
154
-172
-2
-98
-160
260
-323
-105
400
-787
504
-437
-83
9
-284
312
-376
223
-237
123
-503
182
35
-399
539
-312
101
51
-156
305
-346
263
117
-260
369
-175
318
-229
66
143
-339
255
-179
371
-297
352
62
-384
745
-676
436
78
-424
592
-484
203
77
-133
18
63
-287
216
-25
-274
275
-125
18
-19
18
123
-83
-259
319
-299
105
74
62
181
-180
143
-26
-97
135
-72
431
-529
592
-93
-436
647
-637
261
52
-349
503
-156
-356
670
-691
383
143
-417
667
-394
38
363
-451
333
54
-299
717
-552
359
327
-623
633
-361
130
132
-361
519
-198
-159
375
-290
-34
17
-64
-31
-136
89
-106
-227
20
-43
-151
-211
23
-134
-288
211
-220
-104
186
-347
109
-101
-170
347
-339
122
333
-673
564
-260
-246
663
-691
656
-413
92
281
-604
453
-179
41
-183
81
133
-471
350
18
-311
140
-144
-40
-190
-61
214
-124
-79
245
-165
-267
93
-92
-178
95
194
-298
264
-89
-227
169
-300
277
-195
2
155
-232
95
100
-128
273
-279
278
-39
-329
539
-557
323
-2
-89
25
45
60
-266
490
-171
96
120
-193
290
-181
-65
291
-106
-26
10
192
-257
258
-230
68
65
-468
589
-360
128
-19
-192
287
-608
430
-225
21
145
-353
442
-417
171
208
-294
272
-106
14
-63
192
-91
100
72
-181
450
-315
32
411
-531
742
-277
91
673
-852
927
-431
33
324
-179
507
-306
257
49
-252
361
-385
645
-339
97
519
-646
855
-602
336
188
-414
379
-94
48
68
-311
324
-389
233
97
-226
394
-527
473
-536
371
96
-376
313
-128
-183
47
195
-127
325
-400
342
-233
-255
355
-355
176
-190
-185
284
-407
153
-58
-279
192
-402
4
209
-260
128
-119
-100
25
-434
371
-186
-57
198
-236
139
-206
14
-30
-156
-119
82
-133
-99
92
-38
-38
25
-111
-7
116
-284
498
-295
256
74
-149
200
-198
253
-15
329
-53
-79
298
-293
214
47
89
194
-354
300
-4
-230
482
-83
63
288
-398
425
-366
338
-63
-207
406
-406
309
44
146
175
-305
221
38
-439
436
19
-166
366
-517
216
-215
-196
423
-410
312
-163
-55
-76
-32
-77
66
-8
-81
64
-93
69
-62
66
2
37
-176
236
-212
10
-8
-99
0
-95
82
-199
104
-226
-13
-229
45
-1
-184
-81
135
-272
-57
37
-43
-50
-33
138
-221
217
-439
346
-257
-230
475
-604
141
147
-570
566
-437
-215
423
-766
339
-138
-161
61
-89
-53
-79
130
-256
166
10
-337
497
-311
-137
436
-663
492
-3
-443
493
-398
-146
243
-262
251
-144
-143
162
-259
68
184
-117
102
-100
49
-66
117
211
-149
414
-221
148
156
-117
499
-383
174
312
-622
685
-54
-263
625
-504
240
18
-161
660
-95
81
226
-101
3
313
33
255
220
-191
387
-239
549
-127
313
200
-326
454
-333
439
1
111
-9
-75
29
-133
331
-169
161
74
-381
324
-303
-48
160
-237
51
-247
-75
62
-332
99
-169
14
-105
-119
170
-221
103
-246
126
-383
34
60
-324
274
-417
2
-144
-257
28
-78
139
-268
159
-183
-187
259
-333
392
89
-158
306
-11
-211
379
-133
286
62
20
347
-333
273
-178
120
205
-236
396
-130
82
269
-112
284
116
-90
300
-90
102
285
-91
265
-32
-7
265
-121
101
348
-466
550
-135
-195
536
-498
286
-12
-244
424
-255
196
129
-145
126
-55
100
-160
106
89
-212
323
-251
111
81
-407
440
-383
165
242
-391
601
-307
-44
274
-300
347
-265
68
-5
-100
-262
57
24
-351
200
-216
-129
25
-256
-16
153
-379
417
-359
114
66
-406
413
-353
124
-119
-6
-42
-88
80
-271
244
-553
254
-179
-297
415
-404
164
14
-291
250
-134
-115
150
-112
105
-91
66
28
-123
125
-204
222
-51
-245
439
-513
390
-245
-67
484
-700
636
-318
100
107
-231
261
-188
-42
-28
109
-29
-1
52
5
-18
103
-143
195
-180
2
114
-351
256
-252
40
15
-130
106
-183
203
-235
218
-133
20
-100
-165
137
-324
297
-219
-59
140
-217
134
76
-86
166
-165
175
-34
-175
229
-198
-107
158
-311
165
-213
-143
226
-441
150
-84
-137
229
-244
73
-46
-87
-36
-21
-122
104
-192
-81
-153
-130
-15
-213
234
-205
47
20
-319
89
-65
-153
344
-189
174
27
-240
241
-196
199
50
5
131
-12
134
52
133
157
94
218
-42
127
15
79
124
31
237
-11
24
166
-51
126
286
-23
344
-11
25
335
-325
273
-30
11
45
98
62
206
196
-68
376
-146
113
251
-37
455
-210
97
106
-203
164
-39
162
-132
24
204
-103
124
143
-129
154
-67
82
33
-63
248
-372
169
-182
-86
12
-136
110
-127
-21
51
-39
-108
235
-128
-295
198
-505
25
45
-276
413
-327
19
29
-166
99
-33
14
-143
27
-279
-47
-153
-278
-15
-127
-122
-9
-157
-57
-44
-300
154
-363
42
-71
-236
220
-298
68
-214
7
-31
-4
46
37
-105
-105
164
-225
363
-19
86
180
-147
102
-15
68
214
-98
229
232
-255
370
-175
296
26
-46
378
-217
251
-27
10
123
-234
111
47
-9
160
-160
290
-97
32
34
234
-159
185
-51
-52
49
-263
243
-156
-136
268
-251
-83
195
-365
306
-19
-159
292
-177
121
92
-105
154
-131
-186
-75
-41
-109
98
-107
-39
52
-99
-81
6
-35
175
-41
-56
135
-309
37
-223
38
-145
-57
59
-155
112
-170
145
-195
-79
68
-223
58
-150
-100
-171
-130
-91
38
-96
52
41
-214
139
-78
-82
78
-150
-87
-73
-126
32
-306
218
-133
-20
61
30
65
-6
164
-149
197
-110
258
-201
0
236
-277
235
171
19
139
-16
31
48
-61
296
-4
0
106
-59
122
-139
200
174
-107
84
37
-30
21
50
32
50
-63
-13
83
-29
137
91
-183
163
-276
234
-101
118
158
-227
149
-75
-84
346
-69
79
27
-244
215
-321
329
-121
63
101
-161
411
-147
254
188
-176
243
-137
53
133
-10
7
-89
186
-233
325
41
15
241
-304
305
-124
-42
427
-344
336
-193
-108
224
-448
502
-197
-8
133
-304
256
-331
258
103
-95
282
-381
278
-216
-194
323
-315
159
-148
-118
93
-298
206
-263
147
10
-189
302
-489
331
-302
1
348
-416
357
-219
-53
137
-369
351
-158
-224
254
-496
274
-140
-76
212
-260
249
-224
72
-21
-114
85
-217
379
-195
-73
233
-175
-8
-115
301
-188
119
67
-34
-59
-17
-78
38
84
-34
77
-48
7
-197
85
-98
135
-155
159
-14
-288
372
-264
168
-206
92
108
-373
387
-256
-15
19
-76
73
-122
188
-51
-126
209
-356
256
-131
51
266
-505
314
-94
-318
408
-298
189
44
-361
499
-573
288
-17
24
48
67
5
28
126
-249
471
-445
119
241
-392
313
-83
-171
273
-359
219
-119
-174
386
-385
103
3
-210
29
-46
-17
79
-204
226
-78
-160
170
-2
42
14
249
-145
-35
360
-389
229
212
-438
530
-341
83
322
-677
711
-420
-111
469
-576
555
-330
180
58
-284
268
-176
18
23
-61
152
-273
289
-389
181
-95
-189
320
-484
598
-517
291
-2
-285
257
-453
276
-270
-98
283
-510
332
-274
-106
343
-633
661
-229
-298
617
-712
477
-94
-118
322
-211
191
21
33
-38
250
-130
109
243
-299
269
-86
-81
259
-136
464
-288
287
44
-122
232
-107
260
-79
92
23
94
-104
201
61
-28
182
92
-90
125
73
-271
198
-125
-82
77
-144
152
-78
-183
275
-374
175
34
-170
226
-281
167
-164
-117
206
-142
66
24
31
12
24
-33
4
197
-148
-69
281
-512
378
-287
49
94
-411
326
-286
-92
123
-38
-226
188
-282
53
-90
-139
234
-292
154
100
-227
78
28
-204
57
23
-57
118
-99
-1
231
-286
95
298
-386
392
-145
-27
353
-391
252
185
-243
341
-56
112
185
-222
264
-35
-44
-47
353
-328
295
-149
-52
391
-585
658
-168
16
233
-339
298
-285
-48
389
-369
352
-30
-159
408
-554
363
-82
-108
101
-189
14
-26
-112
-89
339
-320
-89
328
-375
78
183
-328
254
-287
123
-142
-49
-30
-33
-110
-181
252
-390
118
93
-258
6
161
-389
529
-540
366
39
-522
718
-578
230
46
-152
81
3
-33
158
81
-285
558
-584
165
242
-506
614
-262
6
193
-340
132
-11
-175
278
-181
1
78
-101
95
-60
44
44
-154
147
-36
20
-12
29
124
-99
-44
229
-54
-156
257
-59
-109
143
20
-101
-19
35
-39
69
-150
233
-29
-116
246
-29
-134
174
-46
-152
168
-183
115
-17
-135
448
-440
119
218
-469
377
-111
-269
443
-397
82
-7
-167
197
-322
195
52
-95
-28
97
-9
-100
27
-64
-21
88
-336
447
-234
-19
202
-261
278
-265
180
202
-237
242
-49
-49
71
-98
277
-266
239
-76
-143
147
-264
257
-127
-16
340
-352
204
-102
10
243
-260
333
-48
-167
166
12
-103
137
60
-164
156
-202
79
82
-406
424
-359
88
123
-279
475
-501
336
56
-419
530
-471
363
-99
-109
343
-401
301
-299
184
-21
-169
151
-77
90
-96
187
20
-63
164
-268
443
-465
202
401
-761
885
-500
34
491
-793
575
-279
-183
374
-479
235
-212
-47
-8
-13
3
-93
193
-287
187
-66
-171
100
-189
-49
142
-315
208
118
-347
303
-329
131
-4
-225
416
-240
116
62
-57
74
42
70
36
32
110
-223
132
65
-126
180
-158
309
-186
-190
433
-325
64
249
-219
243
-254
53
214
-405
373
-202
12
114
-278
174
-108
-136
143
-209
206
-326
185
34
-275
298
-212
242
-240
44
212
-269
230
-166
170
48
-345
415
-319
122
-29
-131
315
-259
94
228
-207
385
-188
200
210
-227
377
-135
294
-2
-88
434
-254
126
67
-61
164
-235
272
-8
-28
7
93
36
-40
50
186
-18
-5
118
-128
98
-101
-115
104
-185
-136
27
-193
58
-124
-54
11
-88
-81
75
-137
98
-25
-113
139
-84
73
-87
32
-64
-113
-13
61
-171
24
-60
-52
-51
57
0
-34
94
-145
64
-69
100
-13
12
107
-68
-3
32
60
-22
59
14
-76
-26
-36
38
-48
120
-66
69
-71
29
-99
-6
126
-161
182
-98
8
-43
-142
127
-171
44
-77
-62
-93
-79
23
-126
131
-182
61
-47
-93
136
-63
114
14
21
-17
33
-55
-15
-49
-61
-40
-35
-32
-3
117
-126
77
-28
-37
42
-47
231
-64
115
-32
84
-75
42
115
-48
56
-46
106
-78
80
73
-16
72
52
-26
77
57
39
41
71
-14
71
2
64
64
47
-16
96
50
-55
286
-171
214
-74
-33
122
-166
62
7
-74
6
43
-91
62
-13
-72
136
-132
43
131
-149
266
-67
4
177
-140
125
-16
-47
82
-225
69
-53
-148
161
-168
37
24
-122
-8
-31
-30
-149
-24
30
-121
4
-112
21
-78
-75
5
-18
-44
-138
58
-151
-106
5
-230
126
-266
-71
31
-250
17
-221
55
-134
-115
35
-135
65
-155
-52
115
-147
35
60
10
35
-17
12
-47
97
-255
196
-156
-55
72
-328
157
-202
-116
17
-109
-5
-72
23
51
-83
85
121
80
75
224
38
136
211
24
276
5
121
169
-98
220
-26
-102
111
-29
-103
119
20
-19
-13
4
83
-60
85
158
-44
135
57
-5
88
12
148
89
278
7
226
135
11
208
26
153
139
14
127
138
-119
92
67
-144
138
5
-165
256
-252
64
166
-162
269
-39
69
195
28
151
89
64
27
112
9
122
-4
-15
57
-92
-15
18
-79
31
-104
-99
0
-263
3
-139
-179
3
-167
-121
-30
-131
-41
3
-28
-1
15
-48
59
-43
-114
60
-138
-12
-87
-23
-114
-166
-83
-118
-179
-62
-192
-138
-39
-238
65
-126
-139
79
-175
51
99
-93
114
-48
19
-7
23
33
-40
161
-35
60
102
-10
163
-104
22
76
-230
124
-74
-8
85
-118
-5
11
-52
81
21
-8
180
-203
177
63
-145
284
-91
172
105
-95
217
-91
-2
126
-18
104
9
-4
-6
-19
-18
68
123
-2
92
70
-63
72
-95
89
25
-58
158
-60
-46
42
-55
47
33
-67
64
-62
-125
60
-200
43
1
-67
56
-78
43
-123
0
17
-80
67
-84
18
-29
-87
40
-16
-43
40
16
-23
33
-116
-33
-95
-96
26
-18
0
-47
-43
-58
-87
-6
-73
0
-42
-145
60
-149
-30
39
-95
29
-8
-108
0
-45
-116
109
-104
52
150
-105
213
17
26
169
3
144
119
35
41
19
-35
74
35
-4
111
-66
-44
29
-57
65
-13
-14
64
-139
-33
-10
-101
17
22
-20
16
-41
-45
22
-119
49
74
-6
96
49
8
13
-16
4
79
53
43
55
-60
-28
-52
-30
61
2
7
49
-72
-67
-27
-118
37
-85
8
71
-131
51
-67
-72
7
-44
20
13
7
24
-120
-64
-58
-100
-60
48
15
-21
16
-98
-17
-93
18
137
-2
104
61
-42
38
-36
125
95
80
91
28
-37
-24
1
-39
50
-25
-8
-9
-39
-26
-46
-9
14
-10
1
46
6
-25
73
8
52
79
-5
75
19
-13
125
42
83
178
53
65
7
-22
47
-30
26
12
-19
-60
-52
-33
89
-31
54
82
-71
45
104
51
89
152
-33
41
-40
-70
-11
-78
78
22
50
125
8
-5
2
-30
-43
-35
19
33
-22
7
-10
-52
-1
16
40
15
18
24
18
-6
1
-17
-79
-91
-100
-116
-94
-70
-113
-68
-63
-107
-68
-66
-86
-69
-74
-38
-20
-54
9
-43
-47
-57
-64
-37
-9
-18
33
27
25
43
-17
13
-52
-85
-33
-49
-9
6
25
31
-37
-39
-83
-69
-68
-49
9
-34
-1
-32
-34
-36
-64
-25
-16
41
51
52
78
61
80
46
34
62
-30
7
32
15
63
23
51
-1
-21
-41
-6
-4
11
76
35
19
-19
-55
-32
-97
-55
-81
-40
-11
-21
63
50
16
15
32
-72
9
-107
22
21
-50
43
-21
-29
-79
-57
12
30
41
98
68
-20
9
-31
-43
27
11
54
15
47
-35
-35
21
-13
13
22
41
-36
-49
-23
-45
-24
27
37
15
-32
5
4
-27
52
84
70
56
67
48
-28
37
52
71
86
65
120
63
86
93
99
99
84
93
41
36
14
3
38
65
24
30
10
-25
-41
-12
-1
-38
-2
-16
-45
-27
-46
-27
-13
-14
19
33
55
55
83
61
81
56
70
122
42
73
56
-44
-3
-8
-77
-56
-63
-61
-94
-88
3
-38
-51
-12
-20
-65
-11
18
2
30
34
19
35
44
36
55
47
68
26
34
64
8
9
39
13
-23
30
30
43
34
60
57
-24
37
-4
7
63
36
51
14
12
4
-47
-6
-32
-17
-14
3
29
-23
21
35
10
24
32
9
36
5
46
60
32
69
27
22
-1
-34
-30
-35
-60
-22
-39
-60
-86
-85
-104
-79
-64
-26
-30
-17
10
-18
-5
16
1
20
29
12
26
15
15
12
-6
9
-15
-29
-25
-34
-26
-33
-16
-16
-46
-44
-81
-98
-84
-96
-45
-39
-21
-5
-2
18
-13
5
1
-1
30
42
38
61
37
30
16
-5
-16
-31
-8
-9
-44
-13
-25
-56
-43
-94
-79
-101
-101
-82
-72
-82
-47
-78
-56
-70
-51
-35
-3
8
35
60
50
69
53
38
17
-1
-36
-35
-48
-53
-59
-58
-86
-97
-104
-125
-119
-134
-115
-89
-80
-59
-54
-44
-29
-8
11
28
28
52
32
89
61
78
84
47
56
1
23
-17
-8
-6
-33
-56
-46
-88
-51
-49
-54
-25
-19
-2
2
36
46
66
80
130
108
139
131
123
121
102
92
105
76
100
76
49
45
16
4
1
7
-8
-19
-3
-21
-18
-5
-11
13
-2
12
15
2
10
27
30
57
46
70
81
80
64
99
58
62
65
25
42
3
-1
-16
-19
-33
-27
-44
-62
-53
-89
-79
-72
-73
-62
-58
-40
-55
-47
-26
-24
-3
-2
26
24
20
65
48
65
53
48
43
32
25
27
3
-7
-4
-41
-27
-45
-56
-46
-50
-38
-41
-33
-17
-38
-5
-33
-13
-9
-6
32
14
51
43
33
32
33
16
28
36
39
38
46
37
25
8
-10
-12
-43
-35
-38
-53
-36
-32
-34
-14
-42
-21
-28
-31
-15
6
14
19
43
38
44
49
62
51
73
55
74
72
66
68
41
36
10
-20
-10
-32
-31
-43
-50
-53
-72
-59
-52
-54
-31
-39
-20
0
-2
19
37
37
37
58
57
69
75
91
94
76
66
58
20
19
6
-26
-30
-39
-70
-68
-61
-84
-75
-80
-78
-75
-68
-48
-26
-33
-3
14
1
32
19
41
39
30
35
31
6
26
14
-10
11
-32
-34
-61
-79
-94
-105
-106
-113
-99
-109
-78
-79
-75
-50
-57
-44
-33
-23
-4
12
30
38
50
51
60
64
63
74
60
71
54
63
51
40
39
19
8
-9
-19
-27
-31
-29
-44
-45
-43
-44
-18
-27
4
4
3
26
16
30
38
43
54
61
53
72
69
71
65
62
34
33
10
4
-15
-17
-34
-41
-45
-57
-46
-51
-35
-42
-27
-21
-11
-3
7
19
28
31
39
47
37
51
35
39
28
21
23
5
21
-5
11
-20
-27
-47
-59
-77
-79
-85
-94
-83
-100
-87
-89
-83
-70
-65
-63
-51
-46
-28
-24
-6
3
10
16
26
42
38
60
59
59
50
59
31
37
24
14
-1
-18
-27
-40
-46
-53
-50
-56
-59
-48
-49
-30
-23
-12
3
-3
14
16
29
39
46
55
60
63
68
65
65
57
47
28
24
1
2
-12
-19
-31
-39
-46
-55
-42
-35
-22
-11
3
8
20
29
42
49
58
58
70
66
79
84
87
89
77
83
61
65
49
52
34
17
8
-19
-26
-44
-49
-54
-71
-59
-68
-63
-48
-48
-35
-41
-22
-31
-15
-4
7
14
26
18
37
28
37
46
35
41
32
22
16
3
6
-25
-30
-55
-60
-78
-77
-68
-78
-66
-68
-66
-60
-47
-35
-28
-20
-6
-11
8
16
23
28
29
28
19
20
25
21
18
17
0
-6
-26
-21
-42
-36
-49
-52
-57
-51
-37
-35
-15
-7
-6
8
11
22
44
46
60
61
57
65
57
69
57
78
54
63
59
47
57
35
36
12
4
-15
-11
-24
-19
-24
-33
-32
-29
-27
-19
0
-6
13
8
23
23
33
35
36
29
30
30
29
39
35
38
25
19
3
1
-13
-19
-32
-37
-48
-60
-50
-58
-52
-57
-45
-53
-41
-31
-18
-9
2
4
8
9
10
18
11
19
9
8
10
3
9
-2
1
-16
-27
-31
-39
-47
-40
-57
-50
-61
-60
-49
-45
-31
-18
-10
-2
8
19
22
33
38
30
43
28
39
35
34
42
27
31
23
22
13
18
5
-4
-16
-18
-29
-27
-28
-31
-30
-30
-26
-18
-13
3
4
16
23
25
38
37
49
46
46
48
41
48
44
44
43
31
33
17
15
7
-3
-6
-24
-23
-38
-40
-37
-43
-32
-36
-26
-24
-14
1
0
13
14
20
22
26
29
30
28
25
23
20
15
16
7
2
-1
-16
-16
-25
-32
-37
-47
-52
-58
-59
-55
-54
-43
-42
-34
-32
-21
-12
-9
7
4
14
11
17
24
25
28
26
21
19
12
13
7
4
-2
-9
-16
-22
-30
-28
-45
-34
-49
-42
-42
-36
-22
-16
-7
-2
8
9
24
29
39
37
48
40
50
45
48
53
37
44
30
26
26
16
17
7
-1
-4
-16
-13
-17
-17
-14
-20
-7
-14
5
2
15
19
20
28
26
39
36
46
39
40
33
29
26
26
17
15
3
-2
-8
-17
-13
-29
-23
-41
-35
-47
-39
-35
-34
-25
-25
-15
-17
-4
-1
4
7
8
4
8
6
8
8
2
4
-6
-5
-10
-12
-16
-18
-28
-33
-35
-40
-36
-40
-40
-43
-42
-45
-31
-36
-16
-18
-6
-1
4
14
19
27
28
28
24
21
24
20
19
16
10
1
0
-5
-3
-6
-4
-7
-11
-11
-9
-10
-3
-3
-3
0
4
8
12
24
20
31
26
34
36
38
41
33
29
24
17
18
11
14
6
3
1
-9
-8
-10
-8
-13
-11
-13
-12
-9
-7
-2
-1
2
7
7
15
15
22
20
18
18
13
16
13
13
9
4
0
-8
-8
-13
-12
-15
-18
-21
-26
-27
-26
-29
-23
-24
-23
-16
-14
-6
-5
-1
3
5
8
13
14
15
15
10
5
1
-3
-6
-6
-13
-12
-19
-21
-20
-24
-22
-22
-24
-23
-22
-22
-20
-17
-17
-15
-11
-8
-1
2
11
13
14
13
17
16
16
21
13
15
9
6
4
-3
0
-7
-8
-6
-15
