140
142
141
142
135
133
125
122
115
107
100
91
85
76
70
64
60
57
56
60
61
64
62
65
66
66
67
63
61
54
49
41
32
21
8
-4
-20
-32
-48
-62
-78
-91
-106
-113
-121
-128
-131
-135
-135
-136
-133
-134
-130
-131
-130
-128
-129
-129
-132
-134
-142
-145
-153
-159
-165
-172
-179
-181
-182
-183
-177
-170
-162
-151
-134
-112
-85
-57
-22
12
54
98
145
187
226
264
295
326
344
358
363
366
361
352
338
319
296
265
239
207
178
140
109
79
51
32
19
10
0
-5
-6
3
11
22
33
43
58
72
88
100
111
115
112
109
97
82
55
24
-12
-53
-90
-127
-158
-199
-234
-268
-294
-317
-332
-334
-337
-337
-341
-331
-325
-313
-302
-281
-262
-248
-223
-211
-195
-193
-174
-173
-162
-158
-162
-161
-173
-168
-188
-176
-192
-194
-202
-194
-169
-149
-86
-37
22
50
108
155
209
263
302
323
320
336
331
345
327
313
283
264
248
231
211
163
125
68
38
6
-27
-67
-96
-104
-116
-104
-97
-90
-92
-72
-46
-22
6
31
64
97
145
195
231
256
267
267
259
254
236
212
192
162
149
122
134
123
124
108
92
90
67
69
25
15
-32
-29
-39
-31
-28
-51
-50
-59
-34
-42
-30
-49
-46
-48
-32
-12
-1
-3
-5
13
7
-14
-47
-63
-101
-122
-147
-166
-195
-229
-241
-246
-254
-283
-305
-332
-352
-375
-399
-404
-419
-442
-466
-470
-479
-494
-510
-534
-550
-574
-519
-389
-221
-133
-53
59
126
265
419
547
510
484
446
437
482
466
411
286
268
218
258
267
202
79
-23
-38
-72
-95
-191
-249
-296
-290
-229
-149
-128
-162
-138
-62
5
67
131
153
175
259
363
441
498
516
495
483
500
470
416
352
275
185
147
135
103
58
6
-12
-34
-39
-47
-67
-115
-157
-166
-162
-141
-125
-110
-107
-75
-20
27
67
86
101
108
149
237
322
362
381
410
407
434
463
455
390
317
253
214
197
152
103
50
34
28
60
62
31
-22
-61
-79
-73
-91
-134
-159
-189
-196
-200
-187
-207
-216
-209
-175
-154
-138
-129
-120
-123
-122
-115
-127
-148
-183
-207
-247
-275
-321
-358
-390
-420
-441
-456
-468
-491
-504
-526
-548
-586
-639
-682
-729
-730
-666
-531
-420
-325
-218
-106
26
189
335
394
400
383
392
433
483
476
440
403
386
407
438
419
330
234
174
141
93
23
-69
-145
-191
-172
-111
-73
-88
-104
-68
-29
7
36
46
38
67
163
266
351
393
394
395
415
424
398
351
277
189
161
149
162
119
96
60
57
88
90
128
61
63
1
50
35
48
24
-24
-6
-33
54
12
66
9
40
28
59
97
52
43
-5
27
-17
-13
-68
-121
-200
-224
-239
-251
-281
-315
-327
-306
-253
-217
-172
-171
-156
-160
-130
-125
-127
-168
-200
-214
-229
-239
-264
-279
-308
-320
-315
-304
-321
-349
-376
-401
-439
-466
-506
-550
-578
-573
-515
-412
-276
-180
-68
53
176
306
430
543
583
623
631
663
675
667
645
569
532
478
459
397
339
258
163
101
41
-5
-75
-127
-195
-228
-221
-204
-195
-187
-177
-165
-131
-73
-13
29
74
142
230
311
395
437
454
447
458
467
455
417
345
279
224
188
148
93
10
-49
-77
-90
-102
-127
-171
-210
-228
-235
-244
-270
-309
-323
-280
-220
-157
-106
-51
-5
62
175
250
311
306
338
353
377
387
368
353
283
282
247
267
217
177
127
94
75
31
16
-36
-64
-101
-91
-96
-118
-162
-181
-193
-182
-174
-164
-187
-195
-176
-150
-104
-63
-41
-42
-16
-20
-27
-70
-105
-160
-209
-236
-271
-309
-358
-380
-398
-418
-450
-505
-553
-599
-626
-655
-704
-755
-810
-814
-798
-705
-606
-500
-406
-258
-93
48
197
316
397
431
504
541
570
561
569
549
546
561
560
544
496
456
379
320
252
175
82
13
-35
-74
-99
-97
-94
-100
-85
-66
-53
-55
-29
-14
4
41
112
186
265
343
399
449
478
500
489
461
403
333
267
225
194
143
87
43
-2
-25
-38
-62
-116
-161
-189
-188
-169
-156
-146
-163
-143
-139
-73
-64
-34
-31
-17
16
28
64
37
66
30
67
60
83
62
36
35
7
26
-11
-15
-63
-87
-122
-125
-124
-133
-146
-146
-132
-117
-91
-70
-66
-70
-58
-50
-44
-51
-55
-77
-88
-107
-106
-128
-138
-167
-197
-216
-264
-290
-341
-367
-398
-392
-400
-409
-434
-464
-502
-533
-536
-570
-606
-654
-655
-649
-579
-472
-345
-247
-123
11
147
289
415
506
514
533
544
588
587
620
601
578
557
571
597
585
589
527
488
421
393
318
239
173
106
66
31
32
-9
-53
-70
-73
-72
-61
-41
-38
-40
11
73
147
188
226
248
266
304
311
311
263
227
178
149
131
100
55
6
-15
-45
-60
-79
-81
-116
-146
-153
-171
-206
-244
-273
-300
-324
-331
-320
-313
-267
-214
-137
-72
8
81
145
221
265
311
301
311
309
306
293
269
241
191
188
175
182
175
159
140
125
128
126
120
100
75
56
34
27
3
-40
-73
-96
-109
-117
-105
-103
-92
-82
-59
-41
-31
-45
-70
-98
-128
-154
-188
-218
-265
-305
-357
-375
-378
-375
-390
-399
-422
-453
-475
-496
-514
-551
-597
-649
-688
-688
-663
-604
-544
-477
-382
-300
-165
-28
126
212
272
322
360
391
414
448
422
408
391
405
405
417
410
365
334
302
269
217
174
130
77
50
36
2
-53
-105
-133
-178
-187
-203
-209
-229
-211
-142
-73
8
63
129
165
215
240
256
246
221
198
173
168
144
122
84
70
55
47
24
5
-25
-61
-68
-88
-121
-169
-198
-221
-226
-227
-211
-210
-197
-162
-111
-50
-8
45
59
123
171
226
256
274
299
273
294
276
270
221
183
160
145
145
128
140
124
146
156
174
175
157
120
70
50
19
-18
-50
-74
-85
-98
-78
-65
-70
-75
-63
-51
-67
-66
-98
-99
-113
-118
-126
-146
-167
-192
-203
-222
-220
-243
-257
-256
-250
-243
-238
-247
-255
-281
-298
-324
-366
-419
-476
-494
-485
-444
-404
-339
-284
-216
-111
14
109
166
220
249
264
284
310
294
260
242
254
263
275
284
287
274
289
301
287
261
229
203
157
140
97
37
-25
-65
-97
-129
-146
-168
-178
-168
-112
-61
-4
40
79
124
169
224
241
238
219
217
221
201
200
183
150
133
136
139
126
112
95
85
67
54
34
-1
-26
-59
-76
-83
-90
-92
-108
-98
-87
-56
-33
4
55
96
134
143
164
163
165
150
137
112
82
74
72
83
88
98
111
131
162
182
196
190
172
154
138
135
108
101
57
37
24
-16
-30
-67
-73
-89
-74
-62
-49
-41
-45
-19
-28
-30
-45
-66
-103
-132
-155
-173
-203
-225
-234
-243
-236
-217
-192
-198
-200
-221
-232
-265
-319
-381
-459
-517
-572
-599
-609
-613
-612
-588
-524
-451
-355
-250
-148
-74
2
99
147
179
182
184
188
188
225
235
250
274
308
334
353
381
377
374
360
341
292
229
173
103
34
-20
-59
-100
-130
-149
-148
-139
-113
-75
-59
-11
53
97
127
145
159
157
154
161
155
130
114
101
94
89
75
55
31
24
19
18
11
-13
-45
-72
-80
-93
-103
-137
-165
-170
-167
-138
-129
-114
-87
-52
-10
42
82
95
109
116
138
138
126
110
90
80
78
79
60
63
45
57
83
100
128
110
125
134
133
110
89
77
63
78
79
101
72
90
90
94
93
86
93
66
77
48
72
19
-1
-1
-39
-36
-67
-68
-94
-122
-147
-173
-193
-212
-235
-249
-267
-287
-318
-356
-381
-431
-473
-526
-576
-623
-640
-636
-628
-596
-527
-446
-371
-248
-143
-51
38
128
186
215
262
277
264
256
266
284
292
312
334
328
317
316
320
306
293
265
204
155
98
30
-47
-113
-165
-209
-214
-180
-146
-119
-69
-3
55
115
185
232
249
269
292
289
278
257
224
192
166
147
125
104
73
59
43
37
48
34
17
-4
-19
-37
-54
-76
-116
-137
-154
-172
-177
-160
-132
-99
-39
17
73
118
161
183
189
191
171
153
117
82
41
18
-5
-28
-40
-41
-27
-18
11
22
49
58
61
52
48
52
43
65
62
74
82
86
90
100
115
123
128
149
176
154
176
156
106
77
36
25
-27
-55
-91
-142
-174
-212
-236
-270
-280
-283
-291
-302
-314
-351
-373
-408
-449
-482
-547
-584
-641
-656
-646
-636
-587
-534
-432
-333
-194
-48
66
165
253
338
370
396
396
389
344
324
324
298
308
309
336
339
368
382
365
339
291
244
146
72
0
-83
-160
-217
-249
-270
-256
-221
-172
-117
-37
42
91
152
205
237
278
302
299
269
247
207
166
129
110
108
87
98
103
107
106
96
92
83
72
52
14
-41
-90
-145
-210
-248
-286
-303
-294
-266
-199
-144
-77
-6
98
145
207
266
277
275
232
232
172
136
86
51
26
23
44
15
40
62
93
91
119
143
120
92
51
44
-14
-35
-56
-78
-67
-74
-45
-52
-21
11
8
30
29
29
-7
-33
-47
-89
-146
-200
-241
-277
-321
-328
-348
-370
-364
-382
-355
-377
-385
-402
-448
-461
-501
-526
-585
-633
-683
-722
-704
-647
-583
-534
-406
-247
-97
68
263
427
495
580
660
713
699
668
637
528
495
475
463
435
448
485
450
452
447
417
308
230
164
38
-65
-174
-277
-397
-457
-466
-464
-428
-369
-276
-186
-34
132
234
318
401
456
465
462
451
399
327
290
253
211
171
144
130
120
141
153
141
115
87
33
-33
-90
-156
-246
-340
-400
-458
-492
-487
-445
-387
-319
-181
-62
65
169
279
375
405
475
441
418
339
310
257
165
141
80
97
64
131
137
157
187
185
191
133
129
39
-3
-80
-119
-149
-199
-176
-196
-149
-137
-89
-54
-38
11
15
59
18
9
-35
-88
-129
-192
-227
-301
-332
-386
-399
-432
-433
-434
-440
-441
-460
-439
-465
-474
-535
-587
-627
-731
-797
-881
-898
-843
-736
-614
-523
-268
-67
125
365
662
842
838
946
994
989
871
825
728
561
545
531
503
434
515
501
403
421
419
304
96
23
-108
-288
-421
-534
-647
-774
-728
-673
-593
-455
-301
-155
-2
255
434
536
615
699
704
659
660
607
514
427
399
364
334
335
306
268
266
279
231
148
66
-42
-196
-340
-447
-572
-699
-769
-803
-792
-759
-636
-538
-395
-214
-38
130
213
397
430
481
465
484
471
380
410
322
332
255
315
286
278
300
252
268
155
159
-11
-103
-202
-305
-371
-485
-458
-502
-445
-401
-329
-252
-191
-80
-47
-3
-7
37
15
-21
-26
-60
-73
-116
-115
-179
-210
-243
-277
-310
-374
-415
-491
-537
-591
-627
-663
-731
-783
-865
-932
-1036
-1091
-1116
-1135
-945
-721
-511
-433
-91
283
488
815
1168
1464
1312
1397
1445
1312
1123
975
879
527
575
558
478
342
413
415
135
175
137
-32
-397
-503
-611
-876
-943
-998
-1003
-1046
-820
-606
-436
-121
165
406
559
903
1097
1104
1111
1125
1096
948
904
809
687
580
540
492
416
423
337
211
102
45
-87
-293
-428
-556
-733
-886
-935
-982
-1017
-1001
-898
-805
-666
-491
-314
-124
90
293
411
545
658
825
840
904
901
870
828
725
683
512
410
242
155
47
-36
-109
-199
-221
-270
-240
-298
-282
-284
-287
-267
-279
-233
-261
-223
-199
-155
-95
-39
56
111
198
220
235
205
170
96
-25
-125
-246
-371
-537
-652
-755
-842
-887
-902
-932
-951
-936
-943
-964
-1022
-1076
-1187
-1282
-1322
-1400
-1140
-794
-429
-326
88
730
930
1304
1675
2126
1790
1667
1745
1480
1181
821
803
281
280
310
217
30
32
145
-333
-364
-418
-598
-1103
-1266
-1174
-1408
-1364
-1250
-1072
-971
-595
-123
97
496
843
1087
1146
1429
1664
1524
1379
1330
1302
1069
999
912
758
596
516
404
225
101
-106
-383
-615
-662
-838
-1050
-1154
-1128
-1140
-1116
-962
-818
-681
-543
-336
-164
-5
127
275
333
473
594
752
842
915
1079
1045
1077
943
945
729
555
375
118
-30
-288
-320
-511
-490
-546
-480
-434
-358
-172
-188
-68
-59
49
5
32
78
42
90
75
169
171
236
284
285
294
247
194
15
-110
-268
-401
-576
-714
-830
-963
-1043
-1105
-1095
-1128
-1093
-1107
-1070
-1088
-1091
-1196
-1240
-1357
-1431
-1474
-1462
-832
-300
172
204
981
1550
1693
2102
2474
2673
1798
1757
1543
1204
713
479
315
-205
171
185
65
-238
-55
-307
-950
-962
-1045
-1398
-1926
-1735
-1516
-1425
-992
-536
-161
190
855
1266
1371
1643
1741
1606
1475
1728
1772
1483
1326
1311
1214
999
869
638
291
-4
-253
-577
-821
-993
-1185
-1410
-1312
-1090
-1025
-957
-761
-489
-396
-261
-107
-5
27
84
199
273
403
514
520
612
777
829
774
754
781
538
357
263
45
-183
-365
-435
-595
-670
-661
-662
-649
-494
-377
-325
-167
-3
128
155
302
432
475
552
604
619
576
546
485
367
292
192
64
-69
-138
-209
-327
-394
-462
-555
-649
-688
-738
-837
-942
-1003
-1037
-1061
-1046
-996
-947
-877
-844
-728
-682
-710
-760
-890
-999
-1217
-1291
-1479
-1044
-289
288
386
777
1772
1801
2090
2421
2778
1899
1204
1293
836
459
18
146
-390
-192
208
96
-255
-343
-377
-1270
-1524
-1427
-1603
-2082
-1848
-1182
-827
-271
430
849
1077
1481
1811
1662
1643
1680
1399
1148
1380
1704
1506
1272
1258
1160
782
429
-2
-505
-980
-1293
-1544
-1616
-1492
-1344
-1202
-899
-411
-148
6
102
282
289
238
262
256
312
339
445
574
668
686
505
364
150
55
-123
-430
-569
-751
-568
-741
-496
-350
-281
-178
-244
59
-104
64
-40
99
171
370
565
600
852
855
1007
767
794
569
341
99
-143
-202
-386
-323
-360
-267
-213
-156
-185
-253
-309
-451
-600
-729
-716
-737
-718
-657
-505
-381
-295
-217
-212
-281
-369
-511
-672
-812
-885
-922
-1065
-1077
-1079
-1153
-1381
-1424
-1449
-825
-2
564
634
1046
2059
2021
2353
2701
2996
1930
1188
1289
777
307
-162
-104
-718
-512
-160
-356
-835
-933
-1045
-1868
-1948
-1647
-1656
-1947
-1440
-584
-106
460
1082
1286
1350
1610
1768
1533
1479
1487
1201
1052
1435
1737
1411
973
749
449
-72
-541
-1059
-1553
-1848
-1832
-1761
-1452
-1021
-639
-442
-100
377
543
524
420
541
504
516
553
618
653
598
584
503
437
230
-38
-348
-484
-586
-685
-779
-724
-521
-433
-260
-145
13
39
73
110
118
232
234
299
388
583
674
645
642
599
525
326
192
53
-59
-173
-223
-188
-151
-81
-118
-119
-90
-89
-215
-342
-337
-359
-402
-405
-337
-273
-230
-195
-168
-205
-275
-440
-560
-672
-701
-814
-892
-917
-915
-857
-992
-1046
-1227
-1360
-1604
-1774
-1539
-509
465
858
950
1877
2587
2447
2825
3007
2666
1133
812
613
113
-307
-531
-628
-993
-323
-306
-662
-1130
-1035
-1615
-2280
-1975
-1602
-1595
-1527
-568
257
870
1434
1703
1592
1659
1826
1709
1367
1472
1437
1155
1237
1672
1733
1090
544
89
-436
-977
-1394
-1811
-1979
-1789
-1472
-1125
-566
-65
129
189
485
694
599
458
442
601
624
753
781
783
663
470
183
-103
-338
-721
-1082
-1268
-976
-843
-629
-453
-126
82
133
306
180
146
-13
-2
-34
191
418
490
530
669
855
680
507
251
107
-139
-299
-362
-320
-240
-204
-116
-4
135
60
-103
-239
-291
-354
-489
-470
-379
-197
-142
-73
14
-24
-105
-340
-459
-636
-756
-904
-995
-892
-737
-553
-588
-662
-542
-659
-758
-1139
-1250
-1487
-1718
-1591
-1096
499
1253
1649
1571
2607
2853
2494
2639
2423
1707
100
267
-1
-201
-617
-584
-784
-923
-343
-694
-1263
-1751
-1597
-2197
-2346
-1749
-1141
-1061
-582
432
1122
1518
1727
1663
1376
1442
1503
1357
1179
1356
1291
1139
1289
1539
1193
372
-269
-715
-1140
-1479
-1694
-1714
-1489
-1081
-625
-192
278
477
471
494
735
819
776
745
896
1080
1104
1030
838
622
270
-152
-549
-779
-987
-1177
-1167
-876
-540
-310
-99
147
236
390
380
271
158
102
221
175
319
352
373
322
321
304
183
75
-105
-190
-210
-99
-136
-96
-5
109
91
22
8
-56
-124
-216
-204
-202
-184
-197
-190
-117
-96
-192
-342
-421
-477
-553
-665
-752
-765
-789
-758
-770
-684
-660
-734
-841
-870
-777
-911
-996
-1244
-1188
-1307
-486
890
1712
1765
1562
2660
2421
2432
2592
2639
1439
73
439
126
-117
-643
-562
-1221
-1168
-543
-768
-1475
-1786
-1537
-2116
-2010
-1326
-765
-849
-278
721
1306
1590
1788
1579
1268
1445
1644
1510
1229
1359
1148
913
1009
1086
555
-295
-695
-913
-1183
-1361
-1437
-1370
-1072
-566
-196
54
338
506
488
527
873
1009
969
940
1138
1265
1116
921
549
195
-243
-559
-855
-963
-1005
-1036
-876
-719
-329
-336
-130
-108
51
160
102
267
184
411
328
424
357
337
138
-38
-66
-137
-100
-250
-102
-54
61
36
50
59
-10
-91
-178
-196
-198
-191
-155
-57
17
21
-116
-177
-262
-432
-614
-763
-749
-789
-819
-705
-661
-657
-776
-802
-895
-979
-1110
-1162
-1160
-1041
-805
-872
-691
-788
-611
-840
-638
677
1594
1953
1124
1939
2370
1984
2090
2265
2095
220
25
59
-220
-750
-924
-1087
-1555
-843
-683
-1119
-1741
-1386
-1608
-1959
-1476
-770
-634
-613
277
993
1387
1587
1611
1202
1187
1446
1594
1304
1188
1083
694
658
711
547
-295
-898
-1021
-1001
-960
-954
-886
-749
-397
-43
263
430
516
543
545
781
1058
1173
1033
922
977
940
703
334
-62
-390
-716
-788
-697
-590
-472
-501
-288
-166
45
42
-30
35
12
177
219
340
310
253
160
9
-130
-276
-370
-492
-434
-279
-32
193
342
437
428
376
229
40
-96
-249
-342
-346
-178
-1
49
21
-11
-18
-167
-389
-636
-806
-916
-985
-1010
-968
-876
-823
-846
-920
-986
-1129
-1267
-1326
-1329
-1219
-1063
-941
-777
-721
-447
-536
-28
1513
2579
2648
1841
2655
2598
2039
2188
2272
1567
-244
50
73
-186
-577
-652
-1127
-1499
-676
-685
-1330
-1812
-1396
-1762
-1747
-865
-70
-251
-178
697
1208
1277
1258
1184
820
998
1367
1614
1433
1551
1297
685
504
500
93
-974
-1453
-1325
-1125
-945
-692
-331
5
312
468
464
467
390
257
229
654
1023
1093
1048
1102
1151
742
280
-206
-497
-756
-934
-838
-600
-236
-18
123
255
281
197
-27
-167
-80
62
127
189
370
511
541
335
90
-225
-522
-732
-815
-656
-502
-339
-158
170
441
448
268
47
-82
-202
-273
-311
-272
-158
-56
48
91
54
-96
-277
-401
-482
-604
-798
-918
-971
-945
-1011
-1174
-1275
-1328
-1364
-1420
-1474
-1380
-1458
-1249
-1086
-1007
-977
-1082
-742
-906
695
2417
3264
2750
2499
3716
2666
2544
2351
2243
403
-739
40
-342
-458
-867
-636
-1510
-1127
-491
-853
-1741
-1784
-1391
-1803
-1282
-271
279
-78
445
1148
1386
1068
973
559
369
687
1110
1332
1269
1567
1154
837
578
325
-475
-1410
-1670
-1593
-1233
-912
-599
-221
255
623
649
564
455
336
252
383
776
969
1118
1065
1014
812
442
12
-537
-853
-1005
-925
-739
-430
-64
315
505
749
727
649
470
333
459
318
437
263
209
148
19
-176
-517
-674
-784
-742
-608
-331
-168
55
224
376
465
428
290
105
97
144
126
72
134
129
34
-16
-44
-68
-181
-289
-334
-329
-306
-491
-701
-900
-987
-1195
-1451
-1544
-1657
-1601
-1708
-1561
-1438
-1256
-1208
-1307
-1107
-1248
-1133
-1231
184
2121
3263
3143
2682
3712
2960
2620
2540
2382
839
-666
84
-41
-244
-620
-548
-1456
-1552
-762
-936
-1806
-2015
-1417
-1672
-1223
-114
571
189
373
1066
1357
1192
1029
628
317
715
1162
1319
1097
1166
847
447
411
128
-511
-1348
-1591
-1402
-1221
-809
-660
-400
-26
372
636
575
569
482
561
766
1091
1093
913
837
724
507
59
-266
-684
-976
-1016
-859
-682
-580
-334
-162
61
231
498
500
618
826
1110
1193
1142
1082
622
411
81
-173
-726
-1076
-1155
-1134
-905
-674
-366
-257
-66
60
239
284
231
81
26
214
336
294
204
212
136
-4
-154
-174
-265
-339
-373
-326
-228
-340
-563
-880
-1021
-1154
-1457
-1627
-1716
-1687
-1611
-1711
-1582
-1604
-1495
-1591
-1614
-1392
-1382
-1332
-509
1791
3231
3253
2543
3265
3135
2383
2724
2595
1525
-368
189
437
-45
-413
-529
-1175
-1853
-966
-713
-1318
-1908
-1366
-1315
-1063
-213
429
261
141
752
1083
1291
1161
865
426
776
1250
1328
1035
900
631
135
144
53
-331
-1162
-1470
-1339
-1153
-903
-746
-610
-349
133
535
697
658
658
661
844
1173
1199
990
794
679
438
81
-150
-503
-918
-1041
-856
-632
-534
-274
7
236
453
686
832
790
802
877
1054
1083
915
613
345
187
-33
-382
-686
-794
-809
-689
-512
-314
-197
-160
-79
34
154
189
119
84
130
218
225
91
-38
-108
-137
-190
-188
-130
-83
-87
-138
-121
-193
-480
-838
-1124
-1249
-1464
-1683
-1681
-1702
-1631
-1802
-1778
-1709
-1698
-1639
-1692
-1509
-1333
-1300
-319
1757
3087
2927
2154
2810
2374
1809
2485
2675
1471
-258
530
635
-170
-578
-514
-1268
-2007
-996
-466
-859
-1383
-1047
-1134
-896
-75
263
62
126
749
999
1324
1542
1211
572
736
1233
1364
1078
867
602
179
266
267
-59
-841
-1252
-1262
-1107
-833
-659
-553
-380
79
481
760
712
608
527
664
1041
1127
983
744
593
301
-53
-207
-409
-798
-1008
-784
-412
-257
-146
82
157
261
483
784
915
889
910
908
991
969
684
305
25
-150
-336
-491
-500
-505
-496
-413
-284
-190
-162
-177
-150
-21
144
242
216
221
218
164
55
-59
-120
-167
-161
-111
-30
70
22
-159
-373
-562
-761
-1058
-1251
-1332
-1385
-1486
-1555
-1529
-1567
-1664
-1890
-1885
-1891
-1813
-1798
-1655
-1341
-1099
794
2596
3127
2146
2029
2449
1286
1817
2980
2716
416
-77
1085
341
-595
-689
-770
-1896
-1667
-382
-310
-858
-1057
-1025
-1256
-591
290
226
102
468
946
1166
1479
1488
759
401
830
1344
1412
1168
880
384
194
265
163
-475
-1235
-1482
-1346
-936
-706
-603
-576
-392
20
415
715
680
618
653
964
1324
1275
964
556
334
-3
-278
-361
-511
-765
-916
-666
-399
-374
-407
-228
-32
176
393
698
906
862
834
896
933
715
373
185
157
51
-50
-174
-285
-395
-457
-398
-352
-292
-230
-117
50
209
273
230
83
2
-60
-80
-55
-83
-64
26
182
252
173
158
-10
-253
-422
-525
-651
-1021
-1208
-1311
-1315
-1394
-1451
-1532
-1569
-1781
-1861
-1768
-1652
-1651
-1781
-1386
-1247
371
2307
3174
2383
1843
2331
1382
1473
2865
3124
1015
-136
756
489
-780
-830
-840
-1760
-1944
-622
-16
-689
-922
-1174
-1268
-977
63
297
216
558
755
1090
1358
1534
822
357
659
1227
1503
1433
1134
392
32
110
276
-125
-858
-1295
-1354
-1125
-937
-857
-925
-992
-807
-184
456
702
590
542
689
985
1098
970
709
428
279
78
80
-124
-528
-1030
-1010
-666
-527
-411
-337
-116
-114
193
510
606
533
384
330
480
636
605
505
435
460
250
226
92
-190
-475
-385
-238
-197
-115
-63
-9
-98
46
158
185
38
-104
-146
-86
-88
-156
-140
-124
-9
87
224
273
60
-276
-476
-642
-848
-1099
-1223
-1207
-1258
-1330
-1377
-1648
-1875
-2093
-1984
-1808
-1741
-1512
-980
860
2347
2624
1788
2046
2008
1277
2077
3604
3221
837
544
807
-4
-1093
-475
-810
-1936
-1759
-822
-614
-1380
-1277
-1687
-1497
-744
367
703
951
1272
849
931
1304
1541
896
858
1385
1717
1735
1596
1127
122
-384
-358
20
-1
-229
-673
-997
-1018
-940
-811
-891
-857
-902
-404
320
919
960
635
444
368
597
820
916
561
226
14
-2
-221
-522
-708
-782
-651
-467
-145
-191
-341
-496
-266
93
340
371
334
362
371
353
279
246
-30
-207
-231
-18
53
33
-44
-170
-267
-307
-272
-267
-178
-121
-9
150
330
268
81
-191
-351
-437
-480
-351
-278
-201
-234
-250
-257
-304
-484
-675
-822
-844
-869
-898
-987
-1207
-1496
-1713
-1694
-1642
-1549
-1669
-1454
-1428
-289
1453
2387
1773
1230
1886
1382
1446
2758
3700
1755
259
620
250
-934
-969
-61
-1056
-1508
-976
-556
-1204
-1457
-1321
-1646
-1080
-100
731
1026
1513
1349
779
848
1202
1110
960
1359
1518
1410
1260
1253
574
-94
-233
10
211
78
40
-207
-465
-875
-913
-659
-411
-351
-333
-54
19
-5
-25
118
106
4
144
493
713
552
352
156
-109
-345
-201
209
361
322
276
201
43
-57
-80
-202
-311
-319
-146
169
420
384
177
51
-29
-134
-54
169
242
187
251
364
298
131
-30
-179
-342
-349
-291
-110
11
-8
-137
-115
-5
-64
-155
-176
-157
-343
-435
-337
-317
-532
-716
-668
-600
-753
-906
-997
-1137
-1330
-1475
-1544
-1600
-1617
-1577
-1579
-1377
-1386
-749
820
2036
1849
942
1470
1216
950
1784
3344
2596
841
1057
845
-93
-951
121
-213
-959
-678
-443
-824
-1512
-1210
-1439
-1407
-1000
-490
-22
652
1060
613
479
687
826
926
1657
2149
1905
1504
1419
1241
648
461
585
763
569
437
294
-111
-670
-1009
-858
-773
-671
-616
-375
-256
-250
-277
-439
-443
-403
-30
383
671
609
441
493
484
371
196
395
432
495
576
733
482
-17
-193
-302
-305
-571
-557
-680
-596
-408
-149
95
22
-29
-129
58
143
160
163
233
250
194
266
273
101
-164
-293
-324
-255
-217
-192
-198
-167
-101
-37
88
94
46
-100
-100
-130
-255
-474
-709
-827
-1029
-1130
-1215
-1225
-1333
-1345
-1422
-1497
-1633
-1690
-1692
-1738
-1558
-1503
-257
1029
1788
1145
1095
1469
784
943
1923
2921
1360
786
1250
856
-171
-392
523
-308
-627
-363
-118
-818
-1437
-1157
-1252
-1085
-1090
-664
-239
211
319
178
439
353
248
545
1477
1843
1668
1640
1693
1274
769
945
1285
1226
857
826
682
255
-331
-595
-680
-921
-1032
-990
-667
-567
-558
-672
-730
-814
-889
-633
-328
-87
-67
289
649
705
502
568
700
546
504
707
905
598
453
378
246
-153
-395
-488
-667
-681
-604
-318
-275
-286
-384
-353
-250
-197
-60
132
328
351
371
358
299
127
23
-13
-16
86
142
207
112
50
-98
-197
-185
-118
23
58
128
41
6
-155
-362
-616
-802
-870
-1023
-1045
-1054
-1090
-1353
-1588
-1613
-1602
-1517
-1496
-1302
-1178
-1145
-550
190
722
352
332
583
618
855
1290
1782
1076
837
947
1052
708
520
928
622
486
356
615
207
-407
-449
-385
-267
-550
-322
-212
-285
-394
-323
-45
-236
-268
-58
414
560
498
670
716
601
501
846
1108
1049
963
1020
1032
739
495
403
379
95
-225
-250
-169
-264
-474
-441
-423
-608
-790
-644
-526
-615
-618
-402
-210
-212
-101
-9
27
12
109
239
205
181
81
47
16
26
-22
-101
-16
6
98
120
178
130
62
162
292
521
588
639
525
426
313
176
133
63
65
93
190
160
12
-64
-111
-183
-257
-198
-80
-46
13
95
127
54
-51
-72
-31
22
-28
-148
-263
-364
-546
-800
-982
-1102
-1226
-1297
-1234
-1165
-1265
-1438
-1509
-1509
-1280
-906
-550
-472
-461
-233
-80
217
394
593
465
392
637
889
1181
1029
1087
995
1017
1042
1092
1239
929
876
895
1118
948
613
488
261
251
176
410
384
146
-61
-137
-84
-370
-399
-249
-11
-22
2
214
172
-1
-181
-78
-11
2
100
301
456
340
177
70
60
-6
-54
15
78
74
79
183
198
-35
-280
-316
-187
-106
-59
29
13
-44
-146
-176
-285
-380
-427
-407
-287
-216
-148
-219
-239
-256
-233
-172
-84
57
167
369
507
539
424
300
262
230
239
236
282
279
179
73
10
-62
-192
-247
-194
-192
-275
-306
-238
-230
-288
-321
-252
-206
-176
-165
-189
-265
-424
-582
-749
-828
-940
-1002
-1041
-1045
-1095
-1267
-1370
-1483
-1487
-1499
-1263
-798
-451
-296
-396
-155
-37
192
429
727
870
750
1042
1146
1314
1022
1008
1055
996
1074
1108
1385
980
735
675
739
522
154
237
85
93
65
232
157
-182
-284
-398
-299
-398
-267
-57
73
81
-1
159
175
146
106
284
390
378
480
676
730
497
319
284
351
319
345
368
307
178
116
204
67
-207
-405
-366
-268
-215
-97
-119
-191
-334
-335
-248
-223
-231
-323
-192
-119
-65
-142
-130
-63
-145
-86
0
209
165
219
337
383
329
230
326
275
251
171
217
198
72
-6
-78
-77
-173
-181
-187
-226
-318
-430
-412
-390
-383
-418
-363
-238
-201
-194
-205
-210
-334
-431
-426
-467
-574
-719
-729
-757
-861
-1024
-1203
-1318
-1439
-1424
-1383
-1299
-1064
-819
-548
-554
-521
-437
-311
52
386
788
776
881
975
1110
1205
1069
1106
978
1113
1105
1234
1220
864
630
453
572
364
254
186
95
84
-19
98
-54
-215
-360
-257
-100
-163
-74
-15
29
-114
-34
131
166
169
220
364
353
392
477
611
570
434
376
374
429
420
469
416
346
246
185
190
74
-108
-269
-196
-147
-156
-202
-220
-275
-335
-237
-169
-128
-194
-155
-85
26
61
43
71
55
58
20
130
178
155
124
167
216
158
159
143
151
52
-15
-11
-66
-128
-172
-148
-201
-249
-224
-217
-296
-429
-445
-406
-367
-361
-305
-240
-261
-296
-276
-229
-296
-376
-381
-346
-390
-516
-582
-602
-688
-870
-1000
-1037
-1174
-1280
-1307
-1206
-1224
-1191
-834
-555
-475
-664
-442
-290
-123
212
622
866
646
915
1074
1257
1101
1090
1201
1075
1201
1175
1381
1049
738
623
592
555
221
254
124
88
-8
47
154
-62
-127
-225
-52
-98
-101
30
105
110
-40
128
180
247
203
298
385
338
472
642
803
607
457
404
450
475
448
432
281
175
62
65
-23
-217
-387
-382
-227
-209
-215
-237
-245
-338
-308
-182
-157
-184
-218
-100
-36
24
16
11
38
36
61
80
144
125
127
155
199
181
105
106
96
69
-8
-22
3
-16
-58
-72
-64
-134
-192
-198
-211
-255
-279
-211
-157
-156
-218
-234
-220
-236
-220
-192
-171
-236
-268
-241
-247
-316
-456
-540
-651
-750
-864
-942
-1027
-1172
-1216
-1274
-1248
-1330
-1254
-912
-611
-512
-631
-420
-298
-81
243
630
789
629
820
952
1145
1001
984
1046
1012
1104
1110
1333
1030
698
550
599
568
295
389
286
221
86
143
177
-93
-220
-309
-147
-215
-196
-86
-4
-20
-170
11
155
231
166
260
369
322
412
600
673
408
258
309
435
430
292
163
20
-45
-98
-71
-144
-377
-545
-457
-231
-216
-273
-302
-282
-284
-213
-84
-96
-175
-245
-135
-17
42
3
-11
46
54
70
108
188
154
137
191
274
273
163
143
118
103
35
36
79
7
-111
-185
-135
-184
-242
-228
-188
-215
-255
-188
-157
-214
-274
-270
-241
-230
-223
-225
-267
-282
-305
-309
-337
-401
-482
-536
-536
-602
-708
-819
-895
-987
-1056
-1050
-1039
-1081
-907
-553
-333
-453
-476
-286
-143
103
400
725
645
659
787
998
1082
941
1050
1062
1160
1055
1182
1150
767
586
529
607
337
295
303
204
102
-10
99
-53
-155
-264
-237
-190
-264
-134
-43
65
-64
-21
169
277
298
267
387
302
293
413
561
448
225
230
304
365
267
193
78
2
-42
-52
-54
-234
-400
-388
-179
-115
-215
-260
-225
-214
-243
-146
-143
-225
-245
-105
46
44
0
-40
33
92
126
184
217
212
198
271
299
223
133
130
186
174
149
90
25
-38
-93
-87
-109
-120
-167
-144
-113
-146
-202
-199
-138
-158
-186
-168
-119
-146
-201
-202
-211
-282
-301
-263
-244
-301
-363
-381
-434
-518
-656
-725
-762
-838
-870
-875
-873
-967
-938
-632
-330
-286
-486
-393
-273
-106
169
517
681
495
626
743
954
867
815
904
912
1007
961
1187
944
575
404
450
436
174
284
250
181
30
42
49
-192
-272
-367
-223
-199
-150
-17
91
69
-123
1
131
214
147
181
219
149
207
320
342
100
-33
-17
111
149
77
-20
-136
-140
-179
-141
-181
-295
-343
-230
-34
-105
-169
-232
-226
-255
-246
-166
-214
-213
-235
-118
-106
-110
-102
-57
51
71
115
105
177
185
159
139
98
87
66
155
178
137
95
62
72
27
12
-33
-64
-87
-89
-72
-97
-106
-117
-43
-29
-81
-124
-120
-106
-140
-139
-182
-222
-249
-210
-184
-233
-314
-389
-394
-451
-546
-678
-760
-807
-871
-898
-920
-937
-1045
-903
-566
-364
-451
-514
-312
-200
71
368
634
568
556
740
833
926
807
886
899
1000
1004
1035
1052
677
489
444
531
335
253
359
248
144
14
91
-49
-149
-184
-172
-75
-122
13
115
194
36
-21
121
181
195
159
251
165
123
229
327
219
-11
-1
67
146
122
62
-45
-130
-112
-131
-89
-188
-306
-298
-141
-72
-173
-173
-203
-215
-273
-230
-231
-284
-269
-238
-148
-128
-52
-29
53
113
143
196
233
287
262
272
225
200
174
182
213
166
142
143
145
106
48
0
-54
-91
-84
-73
-77
-97
-116
-89
-73
-115
-165
-155
-131
-153
-182
-217
-224
-258
-266
-261
-286
-346
-417
-454
-475
-520
-648
-727
-760
-738
-746
-771
-812
-871
-907
-808
-518
-316
-282
-330
-170
-35
151
382
556
598
546
708
795
908
831
833
877
900
919
887
991
770
543
454
500
391
222
305
233
127
18
87
69
-66
-125
-174
-61
-39
61
143
190
104
10
158
262
259
152
208
218
160
190
233
133
-81
-104
-20
43
-26
-120
-179
-177
-162
-218
-231
-301
-400
-416
-247
-150
-259
-312
-291
-254
-301
-286
-268
-273
-259
-231
-128
-74
-58
-88
-16
87
92
118
195
285
247
236
276
272
216
195
241
215
167
137
144
112
29
-20
-34
-37
-93
-124
-91
-76
-92
-84
-32
-48
-109
-101
-56
-49
-92
-124
-131
-147
-183
-219
-241
-293
-373
-418
-420
-457
-558
-636
-634
-645
-702
-738
-747
-766
-782
-746
-637
-440
-296
-231
-217
-106
-3
93
294
446
486
417
523
614
656
628
618
672
648
672
694
765
584
346
354
418
339
187
268
227
118
87
114
67
-100
-108
-76
26
42
27
74
132
115
51
166
250
208
178
287
330
247
249
298
253
109
86
118
118
62
1
-6
-33
-93
-203
-213
-199
-275
-314
-222
-145
-257
-290
-222
-251
-316
-303
-225
-227
-214
-155
-70
-27
-78
-61
11
79
50
101
210
205
173
177
230
157
107
120
140
140
109
120
115
80
1
-35
-32
-75
-99
-62
-9
6
-20
-13
16
6
-22
-26
-5
-36
-64
-40
-22
-60
-133
-164
-170
-188
-210
-222
-246
-327
-380
-392
-411
-498
-590
-618
-613
-600
-604
-580
-589
-544
-400
-222
-136
-168
-119
-18
118
226
342
387
340
360
416
522
543
515
518
585
629
588
605
543
409
316
352
325
204
160
100
57
-4
-7
-36
-73
-94
-117
-71
-63
-38
-14
54
43
-28
1
71
128
132
161
137
84
124
181
163
67
20
21
43
81
79
29
-36
-62
-81
-74
-62
-124
-165
-148
-132
-170
-202
-219
-263
-265
-249
-233
-219
-176
-144
-154
-93
-39
-1
33
108
133
95
134
178
204
191
197
171
124
137
159
175
147
111
90
97
99
54
24
2
-3
9
27
33
11
5
5
-2
-31
-63
-56
-68
-81
-107
-150
-183
-221
-228
-258
-270
-321
-368
-349
-368
-387
-453
-477
-483
-485
-470
-462
-453
-442
-340
-191
-57
-47
-80
-39
49
161
239
286
258
265
326
393
430
394
353
343
397
419
445
427
348
293
269
276
224
180
155
122
95
77
59
14
-20
-39
-23
-5
-2
5
33
57
48
63
80
83
73
80
81
76
89
109
129
119
94
68
65
59
18
-21
-32
-45
-63
-69
-107
-139
-167
-161
-133
-120
-110
-139
-118
-119
-129
-165
-197
-155
-117
-57
-31
-13
-30
-21
28
68
113
97
110
141
184
186
165
160
106
78
101
138
115
61
60
68
64
61
54
27
-6
-16
2
21
6
-32
-51
-43
-56
-54
-50
-53
-109
-150
-148
-148
-184
-247
-301
-345
-356
-369
-362
-382
-401
-411
-394
-340
-326
-304
-273
-230
-173
-121
-68
-31
16
33
90
143
171
185
197
241
237
243
247
261
262
235
252
249
234
217
224
217
176
155
149
149
115
92
83
76
77
63
55
39
19
-8
-26
-4
-3
24
70
96
75
49
52
39
28
16
28
26
48
85
112
114
80
71
75
81
55
41
34
19
-22
-59
-76
-124
-131
-124
-106
-129
-141
-123
-127
-141
-158
-151
-163
-155
-159
-160
-123
-94
-78
-71
-47
-56
-55
-18
17
32
29
38
32
21
10
10
-8
-28
-44
-50
-48
-58
-81
-107
-105
-113
-128
-125
-115
-108
-100
-113
-125
-139
-150
-155
-173
-192
-218
-215
-193
-189
-190
-160
-121
-102
-77
-54
-24
2
51
100
142
183
194
194
216
232
223
236
246
216
178
176
174
118
90
74
44
12
2
1
-6
3
-6
7
23
31
31
59
100
99
126
165
201
218
256
299
298
282
273
275
269
268
249
221
210
195
179
161
139
113
88
90
87
45
-7
-44
-52
-70
-80
-93
-112
-128
-143
-142
-147
-142
-154
-152
-134
-120
-119
-117
-96
-111
-126
-125
-121
-119
-109
-96
-105
-106
-109
-118
-128
-151
-168
-161
-146
-145
-153
-154
-136
-135
-132
-130
-149
-171
-159
-129
-111
-105
-113
-109
-113
-111
-108
-103
-92
-69
-39
-13
7
6
-2
3
22
40
48
56
57
64
69
50
15
-21
-26
-9
3
12
6
1
9
37
45
49
50
63
89
113
138
135
134
136
145
141
145
143
141
149
152
163
140
118
94
85
78
72
73
72
88
101
116
107
107
116
124
147
169
193
190
194
191
178
173
147
134
128
130
125
119
107
67
36
10
-7
-39
-59
-78
-110
-141
-174
-187
-200
-208
-227
-248
-251
-235
-234
-249
-257
-275
-281
-271
-264
-268
-274
-273
-270
-263
-258
-265
-269
-261
-251
-237
-216
-222
-226
-214
-194
-181
-173
-174
-171
-144
-111
-79
-72
-51
-42
-41
-21
-15
-3
-2
28
49
51
70
85
108
126
148
165
188
212
230
241
243
234
220
223
245
244
234
219
212
203
201
193
161
141
123
123
123
115
99
75
66
76
95
106
104
100
110
126
144
161
154
132
122
131
142
133
113
96
86
84
93
94
80
64
59
65
63
42
17
-2
-10
-9
-21
-27
-37
-44
-25
-6
9
10
13
23
33
48
54
35
10
-2
-7
8
18
10
-16
-49
-70
-84
-96
-117
-153
-183
-199
-209
-218
-233
-246
-268
-280
-277
-264
-262
-267
-268
-274
-267
-258
-265
-286
-307
-308
-284
-260
-249
-239
-242
-222
-182
-159
-155
-153
-142
-123
-92
-70
-67
-68
-47
-12
12
33
54
75
95
123
140
154
155
161
176
186
206
227
246
258
266
270
286
305
321
330
322
311
289
275
269
255
228
199
180
170
166
156
143
123
98
91
85
78
59
42
37
36
39
36
33
24
15
12
12
4
-10
-9
3
7
-12
-36
-59
-68
-70
-67
-75
-99
-117
-129
-129
-137
-148
-162
-170
-154
-143
-136
-140
-155
-158
-154
-142
-125
-103
-83
-67
-50
-35
-19
-17
-14
2
24
32
45
45
33
23
24
28
23
14
-3
-27
-49
-50
-61
-79
-100
-116
-128
-136
-136
-134
-133
-137
-126
-111
-101
-85
-88
-90
-90
-77
-58
-51
-50
-61
-65
-58
-36
-25
-21
-11
3
22
39
51
49
52
63
75
85
93
100
101
107
114
119
120
120
130
146
160
179
186
186
190
196
206
216
218
213
220
222
217
209
205
196
177
164
143
122
109
98
87
77
62
45
34
21
-2
-20
-25
-33
-48
-53
-60
-67
-64
-57
-45
-47
-54
-64
-69
-64
-68
-73
-82
-93
-100
-101
-99
-112
-138
-143
-142
-150
-152
-159
-163
-171
-168
-160
-153
-147
-144
-140
-131
-121
-114
-99
-83
-70
-62
-36
-13
10
36
51
58
66
89
108
111
114
108
101
99
99
88
68
54
43
48
57
51
37
20
18
