0
-20
-16
-7
-9
-1
-41
24
4
-13
9
-20
11
-13
-30
25
-33
11
22
-31
33
-24
24
8
-11
45
3
16
11
38
3
31
13
15
28
-8
27
-27
27
39
-10
40
31
15
-1
-21
10
15
-34
-4
12
9
-36
-16
-8
-11
7
-19
12
19
20
-21
6
11
-43
-24
-31
-1
-14
-34
2
-12
-15
-51
-18
-18
-7
0
3
9
1
3
-28
-5
12
15
-88
33
12
-46
-81
13
34
-129
22
-26
21
-82
-10
63
-45
-17
-66
151
-117
-26
84
-80
60
-158
114
108
-186
61
138
-57
-114
59
119
-67
-94
148
79
-162
6
108
-84
8
-16
120
-29
-121
166
-65
-29
-2
103
-8
-87
115
46
-51
-74
167
-34
-54
50
15
-3
-135
172
-16
-99
63
96
-65
-96
214
-86
-68
107
5
-38
-76
63
12
-134
50
68
-196
82
21
-70
49
-36
54
-96
23
30
-69
-36
91
41
-190
98
81
-299
152
39
-112
34
24
117
-246
202
54
-200
109
154
-103
-25
211
-63
-65
86
67
-147
118
158
-158
43
175
-111
-90
169
-25
-122
127
63
-167
117
45
-158
112
45
18
-114
218
-77
-154
288
-167
-11
88
32
-78
55
51
-65
81
3
40
-28
75
-50
-4
21
-56
46
23
-79
26
69
-135
59
64
-98
20
64
-92
-35
137
-187
14
141
-174
20
61
-20
-110
81
43
-154
117
22
-126
184
-105
-78
202
-188
57
105
-122
73
-23
102
-151
92
56
-237
249
-192
19
-29
-112
70
-98
-15
-79
-29
58
-135
21
107
-182
56
8
-22
24
26
-2
-103
101
-82
-89
110
-119
67
68
-152
88
80
-40
31
160
-40
-45
99
2
5
-104
175
-123
-99
125
-127
44
-197
180
-46
-152
138
-47
-116
-74
210
-144
-79
178
-24
-74
-22
188
-43
-84
172
-57
29
-71
137
-26
-90
163
-129
39
-35
-7
98
-130
73
-31
4
14
-102
-15
35
-31
-185
177
-39
-34
97
-72
82
37
-77
77
179
-210
127
87
-256
189
-124
-30
249
-272
95
134
-246
101
-155
97
69
-339
198
98
-325
27
186
-98
-99
137
33
-141
-82
158
-40
-86
160
-8
-143
138
-11
-179
158
-19
52
-150
87
0
-77
-12
114
54
-163
278
-275
208
-79
17
28
-204
242
-248
115
-53
20
-36
-40
-20
64
-99
-65
227
-168
4
21
32
-70
-124
214
-41
-240
283
-65
-113
181
-101
146
-24
25
-9
51
96
-290
283
25
-97
-51
266
-2
-322
490
-193
-29
77
-28
114
-328
261
-76
-205
147
-27
-46
-203
316
-262
-84
243
-157
-20
9
157
-47
-146
366
-44
-367
537
-116
-146
260
-71
112
-198
137
96
-196
163
-26
-139
225
-256
11
256
-292
10
94
9
-292
269
-73
-91
89
-181
345
-424
226
171
-350
437
-253
102
93
-159
227
-178
57
97
-148
58
124
-17
-26
106
142
-179
177
119
-91
149
-14
118
37
-17
109
-55
137
-87
-67
209
-227
138
-86
61
51
-280
400
-204
19
101
-153
209
-108
-88
250
-26
-344
378
-84
-139
196
-130
136
-110
-30
269
-250
207
32
-113
193
-190
130
10
-119
173
-109
-11
0
33
-19
-154
137
-157
-129
-11
-167
74
-328
78
-34
-304
191
-270
10
44
-308
341
-350
98
48
-247
246
-435
341
-285
-54
176
-377
293
-329
90
-8
-129
149
-202
110
-96
88
-194
7
156
-350
296
-175
-7
169
-339
288
-169
59
-72
74
106
-167
185
-169
211
-10
-114
228
-4
-118
144
-55
144
-54
58
110
-2
131
-111
351
-76
137
117
66
127
-59
108
235
-193
84
391
-400
300
7
15
77
-91
168
-16
22
14
12
69
28
-187
291
-81
-141
72
64
-80
-132
208
-119
60
-57
-29
243
-283
67
210
-248
104
151
-201
271
-144
-82
233
-327
218
-159
-43
148
-268
3
58
10
-277
256
-159
4
-136
-6
195
-390
64
63
-330
73
-35
-153
156
-175
-18
-100
112
-261
105
-8
-217
247
-490
317
-113
-409
543
-447
44
174
-273
109
-108
-18
25
-16
16
29
233
-268
173
49
-263
271
-268
134
151
-200
20
137
-84
-35
42
41
91
-250
274
-116
176
-183
185
175
-350
411
-184
188
-19
185
-8
-11
311
-114
37
120
171
-98
-4
182
204
-397
343
88
-283
257
-107
260
-103
59
181
-225
134
37
20
161
-125
148
-184
-52
148
-171
192
-75
115
-203
27
230
-272
342
-194
203
29
-399
597
-224
-225
320
-253
154
-189
-142
544
-656
206
152
-286
144
-201
251
-166
-35
111
-125
123
-107
-32
207
-173
-26
20
-22
206
-351
245
34
-293
131
-45
-28
-116
-61
94
-102
-182
144
-7
-217
-43
124
-70
-316
132
8
-117
-81
192
71
-437
269
-84
-202
144
-33
185
-276
31
216
-355
52
175
-131
1
63
7
-7
-141
46
-29
-149
122
-62
-2
-16
67
-175
151
35
-197
390
-204
202
-163
147
180
-462
416
-11
-145
38
137
41
-247
290
26
-186
88
55
-19
-47
92
167
-180
97
103
-202
145
-77
67
19
95
-91
103
-67
-90
212
-308
370
-189
-79
332
-361
138
-9
-50
34
-123
315
-275
0
153
-181
-25
-78
311
-281
46
253
-182
-20
-1
106
-165
25
169
-128
-47
42
114
-164
121
123
-52
-61
107
-33
-93
60
-154
168
-275
131
19
-166
115
-59
32
-59
57
-10
60
-143
200
42
-222
314
-130
54
20
74
49
-25
49
77
120
-125
287
-6
25
232
-86
338
-85
61
216
-76
149
25
233
-109
80
144
-180
86
78
-20
-15
141
-119
-36
30
57
-86
-75
248
-249
-88
180
-88
-97
61
-69
-83
-141
7
-80
-265
82
-203
18
-146
-79
96
-298
26
-224
123
-109
-132
256
-278
-5
-104
-151
15
-224
125
-72
-177
55
-220
-86
-18
-68
-65
134
-89
-90
119
-214
-58
89
-119
98
57
-91
69
-87
-43
160
-108
42
206
-223
31
69
-143
99
66
-15
96
-128
71
-43
-149
115
-89
34
-64
-10
124
-85
-25
144
-56
-74
76
61
-99
9
48
-13
4
-73
277
-201
151
90
-100
349
-169
89
170
-40
32
113
113
11
105
78
173
-41
47
163
21
106
33
166
214
-75
127
96
-58
74
-81
233
30
-77
187
-25
10
-11
97
151
-86
73
106
-86
-31
-66
207
-91
-15
93
-4
-8
-159
199
-38
-83
120
-41
-85
137
-265
76
-35
-114
23
-242
168
-245
-149
61
-105
-20
-134
2
51
-312
9
158
-329
56
-67
-186
-108
-236
156
-317
-129
122
-242
-163
27
-204
-59
-152
-97
-21
-173
-120
-201
8
-241
-80
14
-56
-140
-9
15
-116
-100
-48
-78
-158
-2
-130
-18
-126
-59
-2
-31
-46
94
24
101
114
-10
89
41
81
47
112
170
-53
77
117
49
-15
74
183
-20
28
121
73
-38
167
63
208
60
111
137
75
84
-130
322
-35
-106
157
-2
-112
-38
-69
181
-204
20
241
-236
149
-81
82
38
-101
328
-44
7
127
-85
-22
-74
78
24
-80
82
-140
-24
-126
28
-2
28
223
-89
122
51
-51
141
15
145
149
-12
54
34
-99
59
-12
108
240
-98
149
-60
-70
-40
18
170
-86
206
-76
-73
-59
-67
92
17
151
91
37
40
-69
28
-24
-3
123
-37
58
-124
-124
-54
-209
103
-71
71
82
-114
-4
-87
-132
56
38
12
22
-52
-166
-179
40
-89
18
117
23
-18
-101
101
-91
-16
71
-26
127
17
36
2
-23
-65
13
93
78
76
-13
-33
-84
-152
2
-88
-15
120
-37
54
-2
-60
-18
100
-18
177
75
-72
40
-156
11
-92
-35
12
-71
-5
-91
74
-114
148
-46
10
149
-149
94
-19
18
3
44
96
51
-39
23
129
39
36
152
150
-49
45
70
70
9
63
96
-57
20
-15
-13
-24
22
5
-10
-1
-112
-65
63
7
6
78
-49
2
-101
85
78
-53
178
-47
27
-56
-14
91
-79
64
22
-115
-59
76
-58
-82
-11
-130
0
-3
-46
-2
-88
-61
-43
-46
-42
5
-113
-71
-53
-35
-33
3
39
73
-67
20
86
-53
154
179
211
124
120
158
120
175
179
203
128
55
65
132
-7
10
87
49
93
62
69
-26
-4
81
-24
235
82
17
36
-66
51
-93
162
67
-73
7
-69
-167
-29
10
0
25
-113
-96
-217
-194
-185
-90
-26
-194
-250
-338
-336
-442
-405
-337
-522
-364
-518
-544
-615
-842
-600
-758
-655
-568
-805
-917
-951
-909
-786
-552
-358
-382
-360
-284
-277
-120
204
526
604
692
737
654
685
806
1089
1255
1310
1254
1090
1001
843
970
989
1018
880
674
507
280
203
120
201
86
-49
-98
-296
-383
-413
-261
-152
-95
2
13
-22
89
257
431
647
706
767
756
788
796
954
1002
949
903
738
567
404
351
250
150
84
-223
-481
-583
-875
-975
-1002
-1030
-1228
-1340
-1338
-1537
-1581
-1580
-1438
-1463
-1591
-1441
-1575
-1666
-1605
-1629
-1602
-1674
-1774
-1729
-831
68
154
-623
-897
-576
-568
777
2192
2127
664
-222
564
896
1432
2523
2885
1851
612
974
1250
1247
1373
1689
1592
482
-77
-351
-338
-427
-355
133
-286
-1202
-1943
-1632
-1276
-1112
-647
-487
-742
-1267
-1037
-431
-210
153
492
800
798
780
936
1289
1736
1992
2501
2505
2161
1616
1608
2033
2089
2167
1836
1303
558
126
397
472
317
-75
-475
-840
-1232
-1192
-946
-791
-936
-1071
-1175
-1335
-1278
-1006
-551
-399
-495
-589
-618
-532
-238
80
283
179
-24
-131
-55
-5
64
148
-18
-206
-554
-697
-785
-1041
-1180
-1354
-1722
-2268
-2467
-2740
-2861
-3055
-2563
-910
-532
-1330
-2716
-2044
-986
-194
2153
2974
1416
-1131
-465
1947
2592
3457
4083
3495
1201
639
2337
3100
2881
2424
2296
949
-515
-528
25
388
-279
-817
-1465
-2591
-3310
-2963
-1571
-1310
-1935
-2422
-2625
-2424
-2011
-678
-26
-146
-474
-359
430
938
1554
2067
2361
2277
2121
2396
2491
2483
2538
2748
2745
2096
1563
1174
1093
1037
1000
979
408
-357
-843
-682
-363
-305
-547
-847
-1092
-1264
-992
-459
-99
-159
-348
-408
-362
-118
303
806
872
534
228
56
263
512
734
769
321
-254
-489
-337
-187
-145
-376
-826
-1335
-1684
-1590
-1431
-1355
-1562
-2038
-2364
-2567
-2438
-2482
-2440
-2976
-3132
-3218
-2117
113
264
-1034
-2935
-1527
23
1215
3449
3234
1039
-1721
141
3233
3668
3812
3287
2601
486
718
2861
3458
2805
1276
879
-328
-1019
-489
220
443
-1241
-2404
-2956
-2982
-2596
-2012
-1072
-2014
-3194
-3491
-2548
-990
-413
161
-508
-952
-732
288
1867
2495
2669
2091
2000
2185
2584
3371
3538
3390
2627
2182
1963
1766
1946
1801
1730
1009
136
-325
-531
-33
-129
-138
-505
-1249
-1510
-1470
-504
-192
-200
-455
-675
-529
-370
247
695
915
663
470
493
683
1029
1236
1261
728
167
-24
76
289
282
4
-543
-1050
-1262
-1297
-1180
-1175
-1443
-1816
-2202
-2178
-2266
-2185
-2088
-2220
-2642
-2999
-3158
-3007
-2750
-2276
-291
387
-665
-3060
-2181
493
1431
2907
3062
1590
-1725
-1126
2932
4230
3551
2390
2061
609
104
2242
3513
2943
875
-107
-499
-767
-158
207
292
-1322
-3030
-3332
-2684
-1761
-1836
-1733
-2528
-3445
-3348
-2192
-376
140
-40
-925
-1244
-301
1041
2500
2829
2537
1798
1598
2365
3314
4207
3908
3188
2268
1944
2216
2431
2706
2162
1177
114
-198
277
588
416
-370
-1056
-1439
-1265
-577
-140
-426
-1027
-1111
-708
-149
273
564
502
103
199
666
1161
1316
1182
1036
781
672
748
875
810
346
-135
-422
-493
-560
-668
-859
-1336
-1862
-1986
-1899
-1889
-2249
-2524
-2726
-2810
-2762
-2751
-2937
-3322
-3567
-3477
-3206
-3102
-1213
93
-639
-3157
-3080
-52
1145
2316
2827
1817
-1310
-1732
2649
4886
4037
2422
1924
1299
648
2715
4346
3766
1449
17
271
412
1011
942
460
-1093
-2676
-2670
-1812
-907
-1478
-2244
-3005
-3436
-2929
-1927
-610
-352
-936
-1760
-1931
-399
1107
2094
1944
1367
1028
1188
2454
3531
4040
3361
2428
1994
2223
2989
3195
3057
2116
1103
375
642
1552
1217
461
-745
-818
-856
-517
225
-388
-915
-1609
-1040
-264
-138
23
-241
-281
-454
-115
656
1045
895
476
336
408
642
879
953
649
83
-258
-187
58
3
-372
-742
-1174
-1370
-1366
-1223
-1422
-1932
-2316
-2441
-2285
-2233
-2416
-2717
-3021
-3073
-3069
-3005
-2874
-2851
-1322
-214
-774
-2824
-2743
73
1258
1999
2079
1067
-1139
-1073
2840
4604
3375
1659
1313
1489
1447
3008
3796
2834
994
116
620
889
1049
583
-215
-1294
-2102
-1918
-1338
-1138
-1812
-2575
-2935
-2823
-2276
-1554
-1013
-1024
-1472
-1752
-1358
12
1150
1363
932
639
1092
1868
2761
3197
3148
2557
1997
2250
3028
3444
3027
2276
1702
1329
1304
1690
1954
1279
194
-357
-342
121
293
157
-510
-1309
-1271
-606
119
129
-278
-617
-709
-374
232
795
750
215
-141
120
629
947
843
514
209
-13
110
332
318
-37
-495
-673
-705
-748
-891
-1138
-1498
-1842
-2019
-2091
-2173
-2244
-2478
-2732
-3041
-3272
-3207
-3366
-3022
-3063
-2251
-980
-1140
-2292
-3426
-1229
487
989
1412
819
-242
-1508
961
3797
3670
2239
1190
1720
1784
2622
3863
3665
2395
855
867
1499
1952
1792
702
-337
-1171
-1238
-719
-462
-883
-2072
-2767
-2701
-2058
-1439
-1317
-1418
-1948
-2057
-1754
-680
379
416
-25
-310
416
1222
1800
2146
2145
2014
1673
2001
2713
3132
2867
2156
1855
1742
1924
2072
2129
1858
945
311
149
701
1000
532
-105
-765
-846
-512
-11
99
-389
-933
-1105
-806
-227
98
-86
-558
-846
-539
-80
131
28
-302
-559
-523
-215
74
32
-243
-473
-488
-314
-264
-394
-571
-811
-888
-980
-972
-1069
-1218
-1539
-1662
-1806
-1831
-1893
-2152
-2250
-2502
-2460
-2075
-992
-849
-1740
-2983
-2385
-744
3
642
298
-633
-1893
-918
1771
2678
1916
851
836
996
1613
3083
3597
2537
923
681
1702
2461
2322
1320
327
-223
-276
260
601
42
-1200
-1900
-1558
-952
-727
-1012
-1378
-1740
-1763
-1377
-811
-370
-636
-930
-846
-240
307
538
779
817
864
866
1315
1969
2197
1910
1541
1616
1908
1996
2186
2218
1904
1412
1038
1479
1587
1645
1377
902
820
488
645
677
620
471
-21
-226
-260
-145
-106
-318
-613
-781
-924
-766
-618
-676
-853
-1039
-881
-676
-475
-404
-404
-425
-481
-356
-156
-36
-137
-231
-387
-414
-357
-325
-362
-672
-895
-1069
-1029
-1055
-1266
-1539
-1789
-1914
-2070
-2079
-2079
-2088
-1879
-1690
-1708
-2191
-2267
-1660
-996
-542
-396
-553
-1125
-1059
119
1248
1537
1271
1154
1051
1158
1929
2738
2684
1820
1255
1471
1961
2082
1709
1194
658
352
486
714
533
-270
-907
-848
-561
-537
-702
-884
-1138
-1293
-1071
-735
-587
-710
-779
-596
-228
168
357
449
502
676
880
1112
1347
1413
1371
1298
1404
1479
1502
1448
1423
1487
1309
1208
1109
1219
1131
929
909
889
890
756
537
325
153
194
331
97
-246
-605
-612
-367
-268
-286
-494
-723
-825
-673
-299
-102
-303
-628
-663
-543
-380
-264
-223
-402
-564
-465
-163
73
-115
-211
-332
-260
-304
-435
-496
-870
-893
-823
-956
-1173
-1373
-1553
-1657
-1559
-1331
-1360
-1626
-1713
-1705
-1635
-1455
-1385
-1362
-1252
-1014
-849
-731
-498
-302
-144
60
432
493
273
274
658
977
1005
1036
1036
965
930
1134
1338
1268
945
741
856
985
877
738
644
406
156
76
200
161
-151
-410
-456
-361
-228
-110
-88
-167
-268
-229
40
316
395
254
211
342
551
702
719
750
665
618
806
965
1005
906
784
818
919
1008
1039
923
742
582
597
711
692
497
283
227
295
282
286
219
94
-153
-269
-33
143
47
-297
-450
-400
-334
-235
-213
-348
-653
-735
-543
-405
-421
-647
-710
-729
-684
-560
-638
-701
-784
-805
-732
-699
-639
-701
-796
-748
-747
-657
-593
-534
-507
-602
-556
-648
-530
-319
-199
-183
-288
-300
-316
-83
109
122
44
-39
-64
-20
156
172
128
94
95
69
86
137
52
-36
-54
19
24
-31
-165
-156
-53
8
-14
-62
-23
-82
-106
35
183
173
18
-46
-31
48
128
185
209
109
-6
-17
155
288
181
82
113
240
298
315
395
486
581
641
703
758
772
837
967
1111
1131
1034
983
972
1008
1055
1063
1003
819
696
735
789
663
413
262
219
130
-89
-190
-225
-344
-450
-502
-451
-571
-740
-707
-594
-502
-597
-711
-728
-671
-571
-516
-460
-548
-667
-681
-501
-352
-430
-572
-633
-583
-509
-416
-383
-451
-563
-581
-492
-325
-291
-379
-427
-421
-302
-227
-153
-134
-158
-103
28
168
163
131
173
291
409
407
386
339
339
380
451
528
438
307
237
295
375
392
336
162
11
-15
124
203
109
-66
-252
-385
-393
-217
-125
-255
-525
-646
-573
-486
-434
-448
-474
-565
-619
-518
-321
-193
-261
-296
-161
10
98
121
266
442
526
585
668
766
801
855
944
995
966
859
841
938
996
934
810
692
575
515
528
514
336
111
20
-2
-23
-116
-199
-293
-370
-401
-354
-334
-485
-612
-603
-487
-433
-471
-510
-559
-549
-475
-341
-340
-457
-546
-503
-368
-278
-252
-328
-379
-419
-380
-305
-247
-251
-333
-325
-287
-226
-203
-178
-155
-181
-163
-133
-100
-113
-149
-121
-65
-1
37
50
67
88
167
227
204
165
166
202
243
272
295
262
173
129
191
304
314
224
96
40
-7
-23
85
124
-13
-257
-334
-255
-225
-267
-326
-390
-475
-463
-329
-198
-179
-261
-325
-260
-113
10
53
59
85
125
205
324
476
563
581
596
628
661
660
669
736
776
755
676
595
582
589
583
527
448
316
215
202
239
212
128
37
-92
-185
-137
-92
-162
-319
-378
-355
-334
-293
-325
-412
-485
-455
-366
-358
-432
-513
-503
-443
-414
-392
-414
-436
-419
-394
-301
-240
-232
-263
-312
-291
-219
-139
-89
-112
-112
-121
-80
0
63
104
51
19
39
107
161
151
159
190
213
198
155
138
140
153
155
160
109
59
41
85
149
107
33
-56
-108
-99
-75
-27
-57
-117
-186
-213
-211
-214
-187
-215
-291
-333
-263
-151
-100
-154
-168
-149
-99
-52
8
85
88
70
81
183
268
333
414
440
411
372
425
528
558
575
584
564
520
508
572
611
578
448
375
344
374
351
300
248
145
71
32
53
34
-25
-132
-207
-244
-266
-232
-221
-272
-357
-385
-318
-271
-300
-361
-395
-383
-379
-324
-279
-248
-293
-345
-279
-213
-186
-204
-185
-131
-127
-116
-82
-46
-55
-49
7
40
38
16
43
35
-3
10
32
48
12
41
111
133
69
-67
-93
-2
59
33
-40
-98
-158
-165
-87
-23
-90
-195
-232
-180
-120
-85
-94
-187
-223
-197
-169
-174
-170
-198
-219
-226
-206
-152
-101
-61
-100
-105
-59
1
22
29
52
68
58
74
138
194
186
170
180
177
211
253
318
321
275
248
252
273
301
312
328
303
255
244
263
313
322
328
281
224
212
213
241
208
149
85
23
-15
-31
-13
11
-44
-150
-230
-247
-239
-249
-283
-338
-443
-522
-495
-449
-418
-462
-491
-501
-486
-413
-340
-278
-268
-231
-161
-89
-16
25
98
147
183
223
265
306
319
345
355
377
359
348
371
380
345
239
139
103
133
111
12
-100
-156
-188
-216
-241
-266
-305
-330
-340
-349
-320
-298
-305
-312
-285
-248
-237
-224
-156
-76
-19
-29
-28
23
107
163
179
188
198
240
247
293
336
330
260
226
273
307
294
266
256
258
276
305
331
307
248
172
178
215
218
223
207
199
160
176
246
276
244
183
129
128
189
242
244
172
94
65
46
65
48
16
-48
-134
-174
-151
-110
-139
-214
-280
-316
-354
-370
-379
-427
-473
-506
-494
-501
-522
-533
-548
-573
-584
-511
-422
-339
-333
-353
-308
-242
-143
-75
-30
-16
2
46
117
191
210
213
203
242
290
283
243
224
219
179
131
126
117
60
-5
-46
-49
-44
-43
-45
-58
-94
-107
-101
-90
-120
-134
-113
-65
-27
-12
13
12
37
62
112
156
160
149
176
220
239
262
278
277
245
197
173
160
155
139
128
128
111
109
90
76
84
98
114
101
90
89
92
105
137
185
187
173
165
191
222
238
228
209
214
200
191
187
157
111
63
62
63
-8
-102
-158
-153
-168
-223
-290
-356
-390
-411
-414
-440
-511
-564
-575
-548
-520
-536
-547
-518
-456
-392
-335
-273
-257
-278
-256
-158
-55
-20
-33
-5
79
133
153
167
203
212
222
283
340
340
291
272
289
292
263
239
233
185
106
74
80
76
25
5
12
-20
-40
-53
-42
-53
-69
-47
-9
3
-38
-70
-36
37
52
31
22
47
82
116
167
190
153
91
96
158
177
153
101
89
115
124
125
84
36
-19
-42
-32
-35
-65
-96
-84
-62
-68
-73
-56
-39
-35
-19
14
34
56
62
73
105
108
85
81
88
96
72
32
21
8
-11
-27
-37
-33
-57
-113
-171
-164
-127
-117
-145
-214
-266
-255
-208
-180
-218
-266
-269
-241
-185
-146
-126
-123
-121
-91
-54
4
55
56
42
68
141
191
191
179
174
187
202
228
246
228
212
201
192
189
182
179
141
110
105
106
126
117
85
43
10
4
5
-5
-2
12
1
-17
8
24
24
4
-10
20
59
66
40
30
42
77
104
114
90
48
30
41
63
48
4
-22
-13
16
25
13
-20
-55
-65
-52
-49
-82
-117
-135
-102
-93
-101
-110
-92
-73
-89
-93
-93
-67
-52
-43
-39
-40
-47
-48
-28
12
-1
-44
-68
-68
-59
-80
-90
-90
-111
-144
-155
-158
-171
-192
-228
-275
-295
-282
-253
-231
-227
-249
-255
-236
-203
-164
-155
-165
-160
-122
-75
-19
17
34
59
86
134
166
182
177
183
205
243
262
265
269
275
276
254
236
209
191
156
130
123
93
66
43
27
8
-33
-53
-49
-53
-62
-67
-55
-56
-75
-69
-61
-53
-38
-31
-15
-10
0
6
27
65
99
101
86
72
75
111
133
135
108
95
92
92
86
69
61
26
1
-16
-21
-12
-38
-56
-67
-64
-61
-70
-71
-57
-53
-65
-62
-17
16
26
19
0
18
43
68
60
40
39
50
78
100
86
76
59
48
66
74
82
63
33
15
-4
-31
-63
-60
-49
-69
-112
-143
-133
-89
-55
-77
-136
-196
-197
-141
-85
-74
-90
-106
-91
-44
7
30
8
-12
-12
17
58
69
58
51
71
83
72
77
82
91
78
64
46
35
40
54
43
22
1
-15
-5
-12
-23
-55
-68
-72
-73
-80
-91
-90
-101
-99
-89
-64
-35
-25
-25
-22
-10
-9
2
10
0
-16
-25
-23
-17
-6
2
-1
-8
-16
-26
-36
-60
-79
-90
-79
-94
-116
-129
-109
-76
-65
-62
-71
-82
-93
-59
-19
-1
-17
-47
-32
10
60
88
93
80
68
77
98
122
141
140
133
132
144
177
199
177
146
119
109
111
98
92
76
70
49
56
65
68
46
5
-10
-10
5
8
8
2
-3
-2
14
35
54
59
40
36
43
60
66
61
42
24
38
60
67
63
58
48
15
-8
6
2
-8
-42
-56
-53
-36
-21
-32
-64
-102
-119
-102
-81
-90
-109
-137
-142
-140
-127
-100
-76
-77
-88
-88
-74
-56
-51
-53
-54
-60
-69
-59
-34
-2
-4
-8
-13
-20
-9
12
16
-4
-28
-56
-62
-54
-57
-64
-71
-78
-87
-70
-51
-45
-67
-99
-112
-121
-117
-95
-63
-52
-55
-53
-32
2
27
22
12
3
9
27
57
83
96
116
148
185
204
218
226
222
196
173
164
165
150
126
107
84
74
68
80
80
60
39
24
19
24
30
33
27
12
6
20
38
54
73
72
65
71
81
94
93
78
71
78
95
101
109
126
127
116
112
112
102
86
61
51
50
48
40
31
24
3
-22
-45
-69
-108
-149
-166
-166
-179
-184
-169
-152
-145
-157
-177
-175
-177
-194
-201
-194
-187
-183
-168
-140
-117
-101
-89
-77
-80
-99
-98
-92
-88
-83
-89
-79
-70
-68
-48
-28
-21
-25
-29
-31
-23
-23
-14
-13
-27
-45
-48
-30
-17
-12
-4
-1
5
32
58
76
79
69
57
69
83
97
104
106
101
110
133
154
174
175
164
154
152
164
182
186
173
153
144
134
141
152
137
103
66
51
52
59
59
42
24
14
24
29
21
6
-31
-54
-53
-40
-35
-38
-33
-37
-21
-2
21
31
7
-36
-59
-49
-37
-34
-35
-21
-15
0
22
39
31
13
-16
-44
-47
-69
-104
-115
-122
-129
-121
-107
-101
-121
-147
-144
-152
-169
-186
-193
-203
-222
-216
-199
-180
-158
-144
-132
-124
-112
-100
-73
-53
-45
-39
-40
-41
-43
-30
-24
-10
-1
6
21
28
43
66
71
67
64
77
73
65
70
75
83
87
90
78
97
100
117
112
91
95
105
119
110
110
107
108
110
116
131
137
142
145
150
156
170
180
184
191
175
157
145
142
133
113
94
67
71
92
100
92
68
47
46
33
30
28
-5
-41
-79
-85
-95
-108
-98
-87
-77
-61
-42
-53
-53
-55
-51
-54
-63
-69
-64
-55
-49
-43
-34
-20
-47
-64
-41
-28
-30
-45
-49
-41
-70
-74
-86
-102
-111
-125
-130
-137
-143
-165
-168
-170
-151
-146
-142
-154
-159
-139
-152
-165
-176
-176
-167
-150
-133
-120
-131
-143
-112
-92
-65
-46
-51
-37
-46
-26
-6
10
22
23
26
50
76
78
72
80
91
74
83
98
97
75
72
75
92
104
96
119
128
124
124
126
151
152
147
160
166
183
210
211
193
175
179
184
199
207
184
183
157
149
171
174
156
118
100
97
97
97
81
60
37
11
3
4
-2
-9
-35
-57
-63
-93
-93
-81
-67
-73
-59
-70
-59
-44
-31
-30
-63
-48
-27
-14
-6
5
14
-5
-24
-26
-6
7
28
59
61
74
64
50
44
32
-1
-44
-107
-175
-239
-283
-304
-325
-307
-357
-327
-359
-383
-305
-317
-259
-286
-304
-251
-299
-240
-174
-195
-79
-89
-26
61
21
155
206
147
176
217
123
157
128
-88
238
-278
50
-23
-189
121
-294
146
-123
-117
114
-20
-175
255
-292
246
-45
-232
385
-305
169
371
-254
568
48
211
315
118
352
132
166
351
-46
318
54
203
164
174
102
295
-64
252
72
145
56
1
341
-306
375
-166
95
226
-317
278
189
-343
266
133
-280
221
46
-203
266
-221
-107
282
-523
105
305
-830
643
-506
-326
482
-903
282
71
-831
636
-672
-88
497
-993
490
-143
-462
190
-298
177
-526
70
-21
-445
289
-518
200
-125
-605
474
-531
-289
115
-329
-163
173
-313
-58
161
-491
342
-139
-174
581
-589
430
92
-208
382
83
40
379
29
150
342
-170
337
104
-1
245
130
-132
377
-26
19
438
-197
231
276
-34
361
5
96
93
-59
71
344
-100
236
91
4
103
-17
376
-15
219
18
-2
194
-297
420
-279
272
79
-332
441
-154
-27
204
-94
49
103
-313
592
-395
190
147
-440
571
-653
461
-14
-544
755
-884
321
98
-501
417
-264
-174
188
-389
-66
54
-102
-333
248
-492
-15
-40
-451
351
-522
115
-89
-331
255
-352
106
-39
-219
79
-57
-189
73
-118
-141
82
-246
-230
262
-530
109
244
-585
406
-455
56
-201
194
-218
230
52
-247
278
-146
-126
669
-545
540
34
-325
469
-403
361
-125
222
-140
176
-107
98
131
-64
56
156
-250
345
-71
-240
707
-964
658
-235
-293
839
-740
717
-132
-419
573
-493
369
309
-184
499
-384
242
-81
-13
403
-49
173
-37
8
-32
10
51
116
238
-211
84
86
-246
359
-221
284
21
-233
450
-337
339
86
-110
346
-183
32
57
92
-13
46
53
-18
-36
-11
-380
550
-602
-39
591
-920
496
-177
-386
351
-531
218
3
-483
435
-533
43
-97
-298
275
-507
335
-165
-443
310
-522
135
-201
-66
42
-368
33
-212
-94
-329
213
-262
-170
251
-734
573
-482
-73
305
-544
393
-365
127
-126
217
-518
550
-183
-57
267
-32
-173
183
-108
201
107
-373
568
-441
238
-132
410
-140
57
234
-291
235
42
-146
349
-192
-38
248
-385
478
-233
-68
354
-315
62
374
-382
313
38
-303
615
-680
676
-217
6
185
-272
451
-658
893
-446
-74
680
-602
343
137
-267
502
-225
80
342
-87
16
310
-53
-43
525
-440
483
20
-294
565
-523
499
-330
130
119
-171
87
13
-96
266
-251
52
178
-509
436
-495
441
-540
276
-344
50
-229
272
-493
406
-428
-146
342
-835
754
-565
-116
601
-628
89
224
-505
321
-298
10
31
31
-519
536
-299
-333
658
-548
105
378
-579
395
-29
-208
140
62
-182
258
-166
-55
289
-256
15
265
-381
601
-646
513
156
-441
589
-364
255
135
-167
289
206
-341
550
-214
251
-17
225
-51
61
200
-104
176
53
65
-110
321
-495
612
-340
143
263
-220
50
110
-62
-32
320
-546
534
-468
128
35
-215
216
-275
94
-52
-104
90
-118
-106
126
-383
242
-442
483
-630
142
82
-683
750
-720
289
194
-515
279
-101
-232
381
-388
448
-416
472
-267
28
618
-849
886
-372
196
307
-314
569
-386
189
256
-172
225
313
-575
759
-568
-45
1038
-1382
1325
-348
-441
831
-893
600
-22
-736
1137
-1330
652
-107
-525
754
-873
476
-186
-487
725
-716
197
45
-337
147
-503
347
-291
-303
549
-539
93
-49
-305
99
-220
-2
-18
-82
-49
253
-564
507
-693
495
-395
-19
281
-417
377
-329
122
56
-67
-28
82
-39
12
-117
78
52
-119
71
55
69
123
-150
330
-151
85
18
4
6
209
-349
714
-716
391
314
-673
896
-539
326
-16
-322
382
37
-348
403
-137
42
182
-154
222
139
-374
322
-126
-231
524
-468
378
-48
-119
202
-169
-53
320
-256
132
-42
-27
157
-429
613
-537
60
197
-508
467
-411
129
57
-250
80
-135
-69
46
-380
183
-122
-125
-278
190
-166
-441
299
-422
249
-573
342
-88
-492
316
-368
-114
-91
-282
287
-229
-109
527
-904
785
-321
-128
412
-368
420
-319
121
203
-245
224
296
-442
784
-359
43
631
-549
688
-149
-98
738
-566
401
402
-412
518
-57
64
153
134
7
323
-121
-15
347
-239
279
80
-185
478
-278
315
-122
132
209
-430
422
-211
128
-25
-78
291
-353
216
-117
106
98
-305
453
-487
169
111
-213
218
-226
105
-321
130
-37
-317
405
-231
-275
96
-154
-13
-162
77
32
-122
-225
109
102
-555
490
-311
-94
396
-679
676
-410
-154
406
-706
681
-259
-177
324
-551
73
-212
95
-140
122
38
-358
222
-260
265
-297
78
165
-475
193
-1
-78
303
-430
629
-550
305
264
-377
723
-709
772
-471
52
621
-605
593
53
-327
390
-157
-96
109
161
-177
7
396
-548
402
-204
-210
309
-219
-59
402
-401
-55
385
-743
384
100
-381
412
-233
73
102
-156
470
-360
221
-90
-57
-55
268
78
-214
531
-483
88
321
-748
939
-861
282
156
-831
897
-800
528
-325
-51
368
-753
848
-566
354
365
-866
1179
-1150
760
-244
-297
783
-682
182
236
-443
255
-152
-45
161
-88
-153
147
-57
-295
279
-253
108
17
-206
184
-241
-185
227
-409
294
-312
293
-374
235
-288
57
172
-531
645
-443
164
90
-102
127
45
-285
449
-352
311
-22
122
-138
15
185
-255
345
-121
365
-233
440
-349
344
-257
113
-26
-106
437
-401
439
-208
143
-108
303
-296
407
-92
38
72
-71
24
-25
-33
-283
700
-787
546
-113
-131
220
-161
65
242
-23
-67
383
-179
82
1
272
-346
466
-401
413
-175
-220
615
-890
822
-690
526
-277
-33
255
-242
80
77
-180
213
-326
-10
114
-450
174
-211
54
-169
-17
61
-37
-132
233
-182
245
-197
-48
479
-692
489
-41
-338
446
-393
161
-19
-16
-191
220
-332
106
30
-81
-132
155
-269
74
26
61
67
-98
342
-570
562
-305
27
269
-156
142
227
-235
413
-133
169
-112
309
-48
-213
811
-992
887
-523
-103
463
-307
138
218
-93
-120
419
-413
430
-5
50
97
-80
126
-279
370
-495
382
-340
97
-2
-202
341
-360
329
-232
-67
647
-610
148
522
-674
223
-143
263
-426
347
-384
372
-312
-202
293
-71
-313
423
-204
-11
80
-484
504
-619
142
-123
55
-268
-117
43
-254
242
-558
426
146
-862
879
-597
121
124
-185
256
-139
283
-495
737
-734
534
68
-598
1060
-898
564
82
-470
549
-340
-39
233
-190
38
253
-460
218
174
-444
286
437
-647
700
-181
-336
733
-628
331
334
-476
452
27
-354
595
-590
461
-241
216
-216
417
-557
561
-64
-580
972
-844
562
-146
-81
521
-422
-82
709
-923
684
-285
-159
366
-397
232
-227
388
-404
533
-341
50
441
-805
529
111
-730
695
-347
-214
361
-345
168
121
-295
169
258
-628
510
-80
-494
596
-615
316
-96
-205
302
-422
215
-33
-181
222
-260
394
-694
391
25
-680
819
-763
506
-297
-280
533
-461
65
338
-295
38
150
-122
71
-150
225
-75
-97
139
176
-260
56
319
-300
99
64
-24
97
-177
302
121
-346
464
-136
-117
304
-266
157
32
-162
258
-152
86
176
-111
47
493
-701
617
-82
-59
163
31
242
-129
139
150
201
-291
444
146
-209
169
504
-650
799
-637
560
-207
-181
375
-388
160
-64
-324
381
-538
187
87
-669
909
-1198
845
-515
-106
267
-422
227
-357
186
-231
204
-354
237
-177
-149
194
-442
557
-540
159
94
-217
29
-68
223
-39
-333
616
-574
358
-220
7
549
-962
709
-353
-97
-12
130
-65
-45
-214
143
35
-487
385
101
-402
241
24
-320
400
-578
589
-384
-38
483
-647
601
-319
19
244
-431
310
207
-550
597
-64
-392
807
-827
634
8
-510
861
-310
-83
795
-756
866
-378
29
746
-1095
1405
-743
148
587
-699
930
-561
217
665
-815
752
64
-572
908
-604
46
549
-774
415
250
-927
847
-364
-674
1081
-1189
577
76
-1035
1196
-818
-308
944
-1207
973
-734
85
583
-1192
999
-688
78
-35
-178
311
-642
588
-425
-176
253
-602
524
-490
60
212
-590
646
-738
354
-88
-130
211
-343
415
-465
77
138
-494
592
-773
542
-156
-450
844
-906
541
-63
-464
638
-695
390
83
-671
905
-641
103
354
-589
427
-119
-114
264
-254
261
-233
233
-228
-5
431
-727
770
-378
8
390
-502
652
-655
800
-627
103
695
-1340
1438
-940
51
871
-1366
1238
-617
-100
818
-1020
969
-557
181
253
-533
1087
-993
804
103
-757
1281
-1374
1195
-462
-277
1012
-1019
703
-64
-370
742
-625
436
-27
-91
116
46
-43
126
167
-229
542
-409
397
-59
-114
532
-584
720
-282
-78
725
-754
637
176
-709
1246
-1014
534
237
-669
819
-434
41
98
-32
-138
-36
1
14
-61
-101
19
9
30
-482
720
-739
297
-215
-154
376
-819
362
81
-809
641
-548
5
158
-695
616
-764
510
-590
24
375
-953
904
-892
429
-30
-824
927
-652
-145
321
-473
489
-740
418
-106
-166
-154
156
-74
-308
482
-810
620
-211
-700
861
-773
506
-423
-67
676
-1098
710
-221
11
354
-861
1511
-990
-194
1475
-1660
1320
-252
-388
1152
-752
-60
1239
-1281
808
220
-734
1207
-1004
410
674
-717
245
419
-113
-76
-84
579
-305
-3
22
463
-393
-493
1209
-1144
499
109
-357
430
-440
44
364
-570
390
95
-539
795
-703
388
-88
-8
-38
-142
453
-623
424
-143
-162
248
-378
299
77
-510
867
-710
319
394
-813
884
-521
96
307
-413
558
-347
-177
534
-499
71
189
24
-15
67
172
75
-104
-14
228
-216
157
-162
404
-479
458
-291
94
160
-382
374
-182
-45
14
-10
-133
161
-303
375
-87
-339
659
-434
48
302
-476
517
-615
365
65
-688
631
-197
-567
676
-630
274
34
-559
966
-855
336
14
-159
57
-398
524
-731
388
-336
19
55
-364
108
47
-277
59
-132
83
-369
188
-369
252
-38
-481
768
-655
371
-50
-241
622
-547
74
593
-703
561
-270
162
321
-630
730
-233
25
194
-16
178
124
-87
105
358
-491
596
-205
33
257
-328
251
-92
163
-366
569
-350
-30
314
-445
288
-131
-345
551
-663
316
-167
-115
287
-601
684
-449
18
164
-303
192
-207
-44
147
-271
2
-71
134
-423
178
163
-681
511
-286
-35
1
-122
115
-281
125
-362
270
-331
-322
565
-712
338
13
-353
370
-444
220
-94
-41
170
-295
250
-57
-189
385
-325
291
-136
55
-52
53
11
-106
293
-265
345
-247
234
4
30
102
-196
444
-478
211
147
-246
228
-267
392
-301
22
273
-177
130
4
-72
313
-138
-127
513
-247
107
342
-228
323
20
-178
396
-219
-23
346
-451
374
-313
19
161
-537
556
-682
347
-211
-346
360
-569
205
-341
-80
-18
-442
388
-616
473
-441
27
381
-783
715
-463
156
-19
-196
256
-280
77
-69
114
-6
-234
578
-388
37
334
-300
345
-355
286
160
-452
552
-413
370
-161
-309
688
-698
376
103
-415
584
-336
-25
356
-297
212
-117
344
-125
18
331
-254
255
-25
74
276
-164
92
398
-341
307
173
-181
248
-77
128
-56
88
-73
5
-88
74
-94
-108
158
-239
107
-223
255
-103
-219
317
-183
164
-268
307
-67
-151
169
-46
1
-107
-40
94
-236
61
-25
-76
119
-293
298
-165
99
-134
204
5
-154
115
-59
117
-101
-102
421
-389
-87
243
-343
136
-266
201
-167
4
-247
213
-163
-263
330
-194
122
66
-283
524
-469
237
109
-52
168
-118
226
61
-52
-43
379
-153
-110
322
28
-296
287
-218
144
-190
-63
206
-274
-13
162
-270
96
-128
69
-254
91
160
-513
408
-74
-124
64
11
119
-79
-42
237
-52
59
-286
484
-229
-290
545
-396
304
-167
26
260
-223
-23
222
-65
-254
286
-181
-167
227
-319
41
145
-373
417
-301
164
52
-167
261
-161
191
-123
174
77
-31
63
209
-43
7
307
-126
191
37
60
-65
316
-237
206
152
-273
571
-563
427
-242
-88
321
-366
342
-20
-157
251
-233
123
-21
-144
225
-138
-57
30
-11
-209
34
122
-295
326
-138
-127
444
-586
421
60
-458
488
-258
-33
103
-130
43
-51
139
-313
353
-346
121
33
-237
334
-408
314
-498
587
-478
79
230
-515
400
-358
99
-11
-202
227
-207
55
102
-207
95
104
-319
330
-207
-22
236
-429
317
-162
-57
143
-205
442
-294
66
231
-276
238
-101
-25
259
-453
195
68
-518
394
-351
42
17
-276
316
-422
224
-131
60
-118
376
-309
120
247
-273
272
-161
354
-263
191
111
-215
172
-114
-32
165
-226
116
3
-86
23
-9
-204
218
-254
-143
253
-426
130
-62
-160
71
-79
-70
58
-157
68
20
-234
439
-294
113
196
-232
248
-5
-30
93
69
-166
346
-289
258
111
-264
506
-184
172
17
175
1
-5
276
-177
84
23
-8
-85
-36
166
-54
-12
89
-25
68
-342
300
-26
-199
376
-203
71
146
-177
156
17
-85
83
-219
231
-223
16
-34
77
-26
-79
181
-17
79
-51
144
67
-93
163
-19
48
-72
54
-99
38
-225
127
-258
-33
26
-365
231
-234
-9
-34
-23
25
-134
109
36
-115
110
-126
180
-175
-49
189
-200
82
11
-88
56
-109
-82
95
-217
103
-92
-33
14
-51
-3
-114
135
-360
368
-339
160
96
-293
356
-340
165
-91
-25
-45
11
-48
72
-72
96
26
54
8
10
245
-168
211
16
-1
193
-259
370
-59
-105
276
-128
145
-91
76
94
-11
-120
143
37
-118
184
-55
150
-97
11
159
-235
155
-51
-42
93
-81
80
59
-73
210
-84
83
36
-58
143
-69
30
149
-114
138
38
-69
185
-61
3
54
-60
-149
112
-223
42
-33
-32
49
-146
100
-37
-25
-14
72
-69
78
-57
23
68
-186
251
-167
-26
244
-191
167
34
-86
138
-113
21
105
-179
175
-134
-70
91
-123
-29
-43
-29
-161
27
-128
-38
-23
-155
50
-139
-144
29
24
-194
176
-42
-125
169
-180
83
41
-136
218
-210
-22
243
-420
290
-91
-118
172
-184
144
-52
-70
89
-69
-66
180
-271
163
-8
-114
152
-203
216
-159
-53
170
-66
-144
282
-108
31
144
29
42
-28
70
54
64
-153
335
-274
30
129
-161
81
-46
124
-194
65
-16
-87
57
-184
194
-214
50
36
-35
26
-41
27
-118
-36
60
-165
23
59
-211
56
-177
37
-149
-67
170
-258
121
35
-176
234
-168
102
145
-143
161
43
-130
174
117
-148
271
-86
4
63
-72
122
-85
108
37
-49
48
24
83
-123
204
-30
-86
105
84
93
-47
262
29
-66
180
134
0
83
200
76
-130
270
29
-6
201
60
135
-56
97
106
-66
82
163
30
-109
233
-139
-107
110
-171
67
-57
-58
109
-144
-31
-20
-1
-131
11
89
-367
216
-179
-130
195
-257
204
-163
-16
81
-122
41
44
-35
-100
75
-99
-115
13
-167
24
-184
-37
-4
-160
-74
-80
-164
-122
-74
22
-99
-41
-64
-99
-54
-159
105
-126
45
-43
-46
43
-30
3
116
-56
17
124
-160
162
-38
-60
96
-133
-4
62
-97
39
10
-93
45
-57
-40
-4
-28
12
-17
-42
-4
-37
-79
49
-101
39
-43
-117
46
-94
-46
20
-8
-76
83
-33
55
39
40
54
73
13
68
68
-7
150
-63
77
81
-14
23
78
31
8
107
68
66
51
21
30
17
-64
21
99
-208
167
-53
-104
71
-82
-43
63
2
-21
75
-90
51
45
-69
121
35
-81
149
-40
24
97
-30
110
-63
-2
59
-62
67
10
0
46
-74
63
-11
-31
24
-15
-42
37
-13
-8
48
1
9
-9
33
32
-14
87
6
83
46
-52
194
-54
96
101
36
91
65
66
24
82
-50
105
26
-25
117
-63
21
-39
-6
-12
8
2
-10
-21
16
-21
-2
45
-27
43
-75
47
-6
-34
101
-64
33
-15
5
66
66
-35
135
-10
-29
56
10
89
10
15
53
-66
-28
-32
-54
-32
-55
-26
-22
-53
-61
84
-68
23
-1
-8
58
-75
142
18
-29
102
-58
72
-13
1
76
36
-1
112
7
30
79
-2
68
62
-4
-4
103
-90
-48
27
-126
-19
-73
-59
14
-115
-10
-2
-131
-49
11
-72
-27
-60
-10
-62
-114
32
-101
-60
-63
-154
-36
-67
-65
28
40
-31
-31
-38
-30
-50
57
18
50
-61
-71
-82
-149
-54
-76
-12
-52
-32
-9
-99
44
-73
-4
-5
-52
12
-72
19
-45
6
-15
-36
-14
-62
25
-14
-14
36
-52
12
-7
-66
40
-30
-5
9
56
-3
16
79
-19
12
-37
-33
0
-88
35
36
-56
57
5
1
-7
10
50
3
36
-6
46
-34
-2
-19
-9
45
24
46
87
88
-61
109
-32
62
24
20
99
-26
10
22
-19
-2
-10
74
-24
-7
10
-27
-51
39
-56
60
-22
-25
-14
-62
24
-15
-44
96
57
-33
126
-11
19
59
-77
152
-7
-17
196
-19
45
35
17
39
42
97
80
71
34
19
39
26
10
46
36
6
10
18
42
6
-6
7
-12
-20
-36
54
30
6
22
10
-58
-25
3
-62
121
4
56
49
-21
74
3
77
80
71
63
83
33
-37
93
-23
72
19
37
20
29
63
10
63
41
5
-46
24
-50
-38
10
15
-53
50
-53
33
74
25
99
57
24
20
46
-10
49
29
12
18
-46
-21
-5
-31
-2
16
23
54
-1
23
0
-19
23
-41
44
-23
-28
-30
-73
-66
-78
-28
-78
-7
-77
-21
-19
-62
-13
-60
-82
-76
-91
-82
3
-98
-26
-6
-135
-98
-123
-85
-45
-44
-55
7
-118
-3
-70
-90
30
-115
36
-64
10
-16
-59
-40
-109
-58
-99
1
-63
51
30
-28
66
7
60
23
26
64
-47
-12
5
-64
30
-63
2
9
-57
16
-12
67
-19
-20
74
-59
-29
-39
-45
-81
-95
-79
-56
-59
-101
-38
-91
-125
-68
-48
21
-34
18
-2
-65
-27
-64
31
-7
-30
-7
-41
-59
-15
-24
24
3
15
44
18
71
53
63
52
14
0
-31
-16
-63
-4
-18
-31
25
8
30
27
20
-11
16
-22
14
24
8
19
2
0
21
44
22
65
13
-5
-1
-53
1
-57
-32
33
-70
23
23
16
50
-5
-10
22
-65
-34
25
15
19
49
45
23
34
-3
40
38
21
53
52
79
62
58
42
28
3
12
14
20
23
-12
0
-47
-10
-13
22
50
60
50
84
46
44
57
20
66
23
6
17
-25
11
20
6
54
39
45
57
32
33
17
37
18
29
12
25
3
-15
23
-15
-5
4
11
59
27
78
76
63
79
81
73
84
62
53
42
-4
-10
7
-25
-28
-5
-5
23
-8
34
26
3
-2
-25
-3
-60
-11
-50
-42
-1
-41
6
9
-15
-7
-1
-28
20
-14
23
38
19
43
27
25
0
10
10
-19
-6
6
-5
-20
-11
-20
-22
-22
-2
10
28
32
26
27
-4
1
14
-3
33
8
23
13
16
5
8
9
-8
2
-17
10
-5
-3
10
11
9
26
13
0
-27
-34
-64
-46
-49
-62
-25
-50
-11
-29
3
-2
-11
34
-30
16
-24
-33
-21
-48
-25
-10
-38
0
-3
-8
28
-13
31
-6
-5
16
-24
15
-11
10
-22
-13
-33
-42
-40
-56
-32
-35
-14
-12
-19
-25
-35
-40
-48
-34
-41
-42
-44
-43
-42
-51
-42
-36
-59
-27
-41
-34
-18
-37
-23
-24
-26
-26
2
-24
9
-11
6
-12
2
-6
-12
-3
-18
-11
-4
1
19
21
31
29
32
36
20
16
22
2
7
23
1
22
2
18
-5
-14
18
-24
27
-3
18
16
7
23
4
10
7
-7
-12
2
-19
7
1
14
14
12
11
34
17
41
41
33
29
9
16
-32
-9
-37
-40
-18
-27
12
5
36
25
21
-12
10
-42
6
-30
-3
12
-31
31
-21
9
7
10
13
13
14
15
10
25
7
14
13
11
25
-4
36
9
21
24
29
7
6
-1
-1
-7
-12
20
-13
29
24
0
30
-15
-3
-3
-16
1
15
9
22
18
9
6
-8
-1
-12
7
0
11
22
9
32
8
17
13
