27
40
37
28
35
45
37
38
46
48
44
42
51
44
41
43
38
41
39
37
43
40
47
43
45
49
45
43
41
46
41
36
39
43
36
36
40
40
35
33
38
29
22
22
23
18
10
16
15
11
9
8
7
1
-1
-6
-10
-16
-22
-26
-23
-34
-40
-34
-34
-42
-51
-34
-47
-61
-49
-51
-64
-73
-51
-61
-79
-57
-52
-66
-65
-49
-55
-73
-54
-52
-66
-58
-49
-56
-60
-39
-44
-51
-40
-33
-42
-42
-23
-34
-38
-26
-22
-25
-28
-16
-14
-14
-15
-10
-3
-8
-10
1
3
-6
-6
13
9
-1
12
19
14
9
25
23
21
24
30
31
32
41
36
44
48
52
42
57
66
50
52
65
72
47
58
82
71
40
77
88
50
51
82
83
30
60
87
43
39
68
70
29
42
70
33
30
45
35
17
23
33
4
14
20
2
-2
7
9
-21
-8
-3
-24
-34
-21
-24
-39
-35
-29
-32
-49
-33
-35
-43
-49
-43
-41
-56
-50
-46
-51
-54
-46
-46
-51
-47
-47
-55
-53
-49
-57
-61
-50
-53
-63
-53
-48
-53
-56
-42
-42
-54
-41
-41
-41
-43
-39
-36
-38
-30
-31
-27
-20
-22
-17
-10
-15
-11
-7
0
-4
-3
9
6
12
14
22
29
24
31
36
41
40
34
53
47
42
49
57
57
44
63
64
57
59
66
72
58
61
68
69
63
62
68
68
59
57
71
61
55
58
65
60
49
60
58
53
47
46
51
46
37
39
45
36
24
30
35
19
10
21
16
-2
-3
5
-7
-20
-15
-18
-28
-35
-34
-39
-47
-50
-56
-61
-62
-67
-74
-73
-74
-81
-90
-85
-81
-98
-97
-87
-92
-105
-100
-82
-99
-102
-85
-85
-95
-91
-73
-81
-87
-70
-64
-71
-63
-50
-51
-52
-39
-32
-37
-28
-19
-18
-17
-8
-4
-4
-1
6
9
9
16
17
21
19
23
28
25
28
34
39
38
39
46
43
44
45
48
48
44
50
50
47
50
54
57
55
57
64
63
59
64
65
64
58
66
68
60
67
69
70
65
70
75
68
66
69
69
62
58
61
63
54
54
55
54
46
42
48
40
29
29
32
23
12
14
14
3
-2
-2
-2
-11
-17
-19
-21
-31
-40
-40
-42
-49
-59
-55
-55
-67
-70
-65
-64
-81
-78
-70
-78
-88
-79
-72
-84
-86
-70
-73
-81
-73
-64
-72
-79
-61
-63
-72
-60
-52
-59
-59
-40
-41
-48
-35
-21
-30
-30
-13
-10
-17
-12
6
-3
-6
10
12
4
6
16
11
7
19
17
12
17
23
19
16
28
29
19
27
32
26
21
28
30
20
23
32
25
20
26
31
23
22
33
30
26
29
37
30
30
43
40
37
40
47
41
39
45
47
41
40
47
44
43
46
48
46
44
46
45
39
40
38
36
28
23
25
17
11
9
9
3
-5
-7
-8
-15
-22
-23
-23
-28
-34
-31
-30
-35
-40
-37
-35
-42
-45
-39
-41
-45
-45
-42
-43
-43
-35
-35
-31
-27
-25
-21
-22
-17
-18
-14
-12
-10
-6
-4
-5
-5
-3
-2
-2
0
4
2
4
4
7
7
6
9
11
13
9
13
15
11
6
8
9
2
2
5
1
-2
0
5
-6
-4
2
-4
-7
-5
0
-9
-11
-3
-8
-13
-12
-9
-12
-19
-14
-10
-14
-15
-12
-7
-10
-7
1
0
0
5
9
7
8
15
13
7
10
16
8
7
13
13
4
5
13
8
3
9
13
4
2
12
7
1
2
4
-1
-6
0
-4
-14
-10
-8
-17
-17
-12
-14
-16
-11
-11
-15
-12
-9
-18
-15
-11
-12
-15
-10
-8
-15
-12
-4
-6
-6
1
5
3
9
15
9
14
20
15
18
26
26
17
22
29
17
13
24
23
16
21
32
22
21
30
26
22
22
36
26
20
28
25
17
12
20
11
1
4
3
-7
-8
-3
-4
-10
-12
-4
-10
-10
-6
-11
-10
-8
-13
-13
-12
-14
-17
-15
-19
-23
-17
-11
-11
-16
4
6
6
15
26
36
26
42
57
43
48
59
55
42
42
46
36
20
14
18
3
-15
-7
-9
-29
-37
-23
-33
-61
-44
-42
-61
-71
-55
-51
-79
-73
-58
-73
-85
-79
-72
-77
-79
-67
-62
-67
-68
-53
-44
-51
-42
-30
-31
-37
-33
-25
-40
-46
-40
-54
-61
-53
-56
-66
-59
-62
-65
-65
-55
-50
-62
-48
-39
-44
-51
-19
-18
-34
-20
-1
-10
-25
9
8
-3
-1
13
29
2
13
43
22
12
27
49
21
9
42
29
3
10
30
8
-16
15
16
3
7
22
42
7
7
35
22
6
3
37
20
-18
26
34
3
-1
36
45
-2
31
74
57
28
76
109
56
71
126
109
86
98
151
117
79
154
136
103
97
139
121
66
118
127
83
88
112
108
62
67
109
41
31
69
61
-1
19
52
-17
-23
-4
15
-61
-50
29
-67
-69
-22
-4
-82
-62
35
-62
-72
-12
10
-92
-68
28
-69
-118
-31
-30
-146
-129
-39
-130
-192
-84
-86
-175
-159
-44
-117
-191
-46
-45
-155
-91
9
-71
-129
9
8
-129
-44
37
-62
-105
18
11
-129
-26
47
-81
-90
26
-14
-136
-12
30
-114
-71
18
-83
-132
-36
-46
-171
-99
-5
-179
-141
-13
-105
-179
-39
1
-178
-62
87
-90
-77
130
14
-46
118
130
-7
86
215
41
60
239
128
29
233
210
37
212
237
99
138
236
172
78
250
204
70
208
205
106
145
229
145
105
236
180
71
204
196
45
156
174
53
103
174
96
56
179
117
18
156
172
-1
115
195
7
51
176
82
-29
129
119
-72
57
105
-42
-55
72
-35
-154
55
-32
-180
-53
11
-194
-188
42
-176
-258
-36
-102
-287
-134
-55
-274
-240
-42
-221
-257
-42
-158
-264
-89
-60
-273
-95
31
-239
-88
58
-100
-120
57
20
-183
78
9
-147
64
-8
-96
24
25
-119
-12
43
-124
-92
76
-140
-98
59
-118
-59
-46
-24
-72
-41
9
-74
-3
-16
-70
-14
-71
-91
-17
-71
-86
-5
-15
-103
-47
17
-70
-89
15
11
-110
-20
20
-98
-65
-18
-46
-63
-24
-24
-35
-8
0
-81
35
22
-99
93
32
1
60
57
42
19
103
8
30
182
-16
50
234
-5
59
192
75
80
151
145
112
159
149
97
153
141
-2
173
136
-83
204
53
-11
152
0
49
50
64
43
-19
149
12
-51
199
-5
-12
150
-10
27
50
6
53
-57
47
19
-70
89
-32
-39
81
-46
-28
43
-40
-4
-22
-42
21
-108
-21
-5
-184
4
-88
-130
-28
-147
-15
-109
-149
23
-139
-140
-8
-100
-139
12
-97
-54
-49
-94
-12
-120
-18
-90
-84
48
-141
-24
96
-132
29
46
-50
80
-55
60
56
-51
21
103
20
-68
181
13
-45
128
32
-3
17
25
4
-13
-18
-1
2
-99
53
-87
-59
65
-153
33
-24
-83
36
-70
-41
8
-27
-61
57
90
-105
142
82
-86
173
13
79
112
54
143
153
72
123
192
42
64
182
31
26
221
-57
59
144
-104
159
12
-58
199
-84
-10
181
-154
52
25
-92
39
-103
-6
-44
-62
-44
-1
-37
-94
64
-46
-102
74
-47
-90
67
15
-102
172
-51
46
197
-181
302
54
-79
313
5
3
144
53
55
52
67
50
96
-141
171
83
-259
301
-201
-34
57
-166
50
-161
108
-213
82
-112
-150
240
-457
259
-86
-244
265
-345
151
-54
-161
84
-85
-13
-171
156
-182
-35
52
-268
248
-311
43
173
-396
215
-110
-65
-51
4
22
-249
158
-162
40
-155
-11
208
-420
259
25
-198
100
-14
95
-198
123
115
-205
102
12
47
-192
120
53
-196
114
-104
169
-291
213
-17
-219
229
-249
130
-153
63
-16
-163
174
-158
83
-131
42
-17
-177
112
-137
67
-126
40
33
-73
20
-43
115
-118
-15
151
-176
66
44
11
23
-6
105
24
-96
156
137
-288
333
-106
-55
105
-87
126
-159
65
51
-95
-38
99
-80
-91
94
-181
125
-192
-96
123
-217
-75
52
-104
-109
-44
-129
12
-264
43
31
-335
169
-50
-216
65
-46
-84
-27
-54
52
-22
-181
270
-128
-106
251
-98
99
80
-66
310
-86
-34
424
-185
159
136
-73
277
-173
203
167
-188
297
55
-76
224
-23
60
182
-149
271
-83
47
137
-139
156
-76
6
12
14
-45
34
-18
-95
89
-73
21
5
21
-8
4
9
88
-64
50
98
-130
153
-90
74
1
-55
82
-71
-40
-33
38
-181
81
-170
-15
-73
-127
133
-265
75
-14
-186
93
-158
67
-103
-94
115
-244
145
-153
39
-35
-40
70
-84
120
-120
169
-97
80
37
-46
132
-79
95
-21
-9
16
61
-55
94
-43
74
6
-61
128
-37
30
-49
85
0
-73
10
115
-104
2
17
63
-55
-57
161
-87
68
-29
83
34
-47
98
19
9
50
-29
44
75
-94
95
-77
72
-87
-34
139
-52
-56
150
4
-13
118
-18
166
-84
136
100
0
93
106
83
11
149
15
84
14
56
117
-60
58
132
-76
149
-21
98
26
-25
181
-94
172
-37
84
-10
-9
54
-64
-14
-27
-13
-134
4
-31
-86
-99
81
-144
-72
8
-92
15
-225
82
-103
-223
11
-125
-195
-64
-188
-77
-233
-134
-12
-351
-49
-116
-236
-85
-185
-90
-98
-218
31
-224
7
-169
-92
-77
-27
-175
-28
51
-248
53
-91
-34
-68
-49
-16
20
-143
109
-73
-43
155
-226
283
-146
59
120
-131
256
-153
199
92
-40
148
104
-34
119
56
89
-2
31
187
-118
75
48
96
-88
133
165
-161
207
31
48
0
56
212
-201
233
143
-111
253
-84
266
-143
104
285
-224
261
78
-55
188
-24
6
64
-26
85
-69
74
68
-23
-10
82
80
-68
51
37
30
-95
77
-47
34
2
-223
234
-263
20
-14
-165
189
-323
25
165
-343
103
9
-62
-34
-114
173
-238
73
-55
9
-124
2
16
-208
63
-138
-109
-18
-157
40
-125
-76
36
-203
133
-214
129
-101
-66
215
-469
444
-301
-27
259
-376
430
-235
94
123
9
101
-20
258
29
159
-59
480
-112
21
465
-151
329
-21
187
226
-96
233
178
62
193
7
235
156
-55
246
181
63
79
232
194
-117
297
153
-32
160
160
96
13
195
103
66
45
159
54
-69
243
-134
65
103
-197
231
-145
84
-108
96
-70
-140
220
-272
115
-97
53
-179
64
-122
-56
17
-252
155
-209
-84
-70
-66
-200
45
-240
-26
-31
-393
210
-403
72
-146
-159
107
-324
150
-184
-100
74
-210
-30
-81
7
-159
-62
222
-385
191
-76
-87
55
-312
390
-407
66
78
-292
139
-215
-34
27
-62
-172
96
-37
-188
45
42
-125
-124
49
5
-184
-119
151
-67
-235
36
206
-363
139
-54
111
-79
-192
385
-268
160
-3
-26
185
-126
52
146
151
-5
41
265
58
-152
321
105
-12
99
294
-1
82
204
134
73
8
471
-346
486
-41
183
59
64
367
-348
484
19
-58
163
209
22
-40
194
167
-96
-123
507
-348
123
71
-155
388
-637
612
-192
-256
414
-500
275
-100
-330
334
-373
-29
-176
-117
-61
-227
-113
-51
-93
-489
227
-418
-119
-54
-498
328
-631
-142
176
-649
149
-234
-322
157
-452
-52
72
-436
158
-274
-43
54
-285
-34
313
-444
-60
516
-699
375
-111
-129
259
-412
396
-77
-275
411
-306
209
77
-151
443
-329
373
-151
100
262
-354
539
-71
160
-136
457
-173
-43
589
-399
722
-495
541
199
-510
942
-463
369
345
-181
342
92
193
-102
424
174
-171
502
-161
139
77
28
123
-53
128
135
-84
-160
479
-627
129
230
-421
103
-139
107
-368
-119
111
-247
-318
111
-72
-450
126
-299
-60
-138
-366
337
-522
-69
94
-460
234
-503
119
34
-492
256
-152
-143
-95
81
-160
-68
129
-226
149
-125
3
269
-404
558
-240
33
377
-352
600
-449
420
153
-161
470
-155
288
85
-185
659
-185
-10
468
3
-19
80
347
66
-160
288
358
-448
269
390
-284
29
125
298
-358
5
529
-396
-204
293
-121
-324
89
104
-70
-441
206
-35
-514
139
138
-340
-95
-27
-33
-323
-98
170
-188
-254
98
63
-594
297
-165
-200
-35
-77
246
-656
275
106
-612
386
-1
-445
360
-401
147
-94
-378
598
-681
139
334
-561
152
254
-377
132
-118
127
115
-451
628
-188
-303
572
-394
230
153
-302
560
-255
90
372
-268
315
84
-87
348
-251
265
296
-420
328
250
-584
450
107
-318
469
-504
747
-526
-79
1023
-1013
465
73
32
17
-208
523
-138
-237
292
326
-566
404
49
-33
223
-256
583
-264
-164
378
-105
122
-152
309
327
-585
402
364
-515
313
251
-65
96
-135
649
-458
11
694
-417
-32
390
95
-297
193
135
66
-348
194
512
-908
584
64
-443
320
-241
288
-394
-155
364
-500
8
186
-178
6
-113
8
-45
-168
114
-9
-78
63
-216
143
-242
79
-75
87
-93
-115
179
-258
265
-437
235
123
-627
307
-232
-65
-71
-288
297
-576
-124
155
-365
-116
-61
28
-253
-332
193
-295
-243
141
-162
-147
-87
-54
-81
-256
53
-124
-166
4
2
-122
-90
148
-231
-29
54
-94
-41
-35
34
-68
-120
24
38
-111
77
0
59
9
-61
153
34
-77
117
76
-69
143
-47
277
-168
10
334
-222
201
14
122
-17
-47
187
37
-90
134
172
-284
275
19
20
170
10
219
-3
83
245
-12
135
264
-30
226
169
-20
261
3
187
108
-50
300
-19
26
160
98
40
-27
195
-45
-42
55
79
-61
-96
113
-200
-24
-107
70
-7
-145
94
-60
-60
-3
-21
1
10
-119
-8
-22
-164
-74
-66
-35
-63
-50
-25
-159
-92
-73
-44
22
5
-121
-76
-40
-159
-133
-11
8
-190
-88
-14
-127
-130
42
50
-90
-5
-26
60
-110
-16
107
-101
-50
-25
45
-15
-100
87
-58
22
62
88
103
-54
-21
36
12
31
147
104
94
26
-15
23
40
-6
149
153
31
67
-77
100
-10
-26
170
21
88
39
61
-26
-54
-14
43
63
60
142
-1
100
-53
-38
99
-77
132
53
34
95
-76
-24
1
-89
-44
-98
-32
-21
-80
18
-41
-143
-106
-54
-98
-42
-9
22
-13
-102
-1
-133
-72
-56
-26
64
-22
147
-43
-43
4
-87
13
20
92
74
68
23
36
-47
-52
-19
-22
29
-46
52
-21
-112
3
-85
-38
-29
59
104
123
133
104
74
4
132
49
141
157
129
178
52
90
46
30
75
79
111
127
103
62
33
18
43
-2
88
65
71
60
43
-21
-14
-34
-61
31
-111
54
-6
-39
29
-81
-17
-66
-77
-66
-70
-123
-84
-100
-89
-124
-154
-176
-224
-206
-149
-123
-180
-155
-239
-253
-355
-263
-228
-246
-147
-225
-190
-306
-351
-255
-302
-265
-250
-316
-370
-513
-541
-476
-565
-514
-526
-588
-613
-676
-669
-658
-640
-563
-163
318
569
469
602
699
439
782
1480
1658
1348
1396
1554
1165
750
1164
1206
764
729
935
821
175
-122
-250
-629
-902
-762
-479
-664
-1046
-1020
-997
-1248
-1268
-905
-538
-428
-96
462
606
567
697
929
1123
1323
1604
1837
1903
1589
1476
1347
1111
881
869
915
675
394
142
-160
-591
-859
-791
-770
-870
-863
-804
-807
-1015
-1006
-879
-712
-541
-167
223
283
220
245
296
253
306
418
518
346
186
49
-253
-549
-872
-886
-1048
-1158
-1263
-1400
-1740
-2051
-2198
-2353
-2398
-2365
-2326
-2327
-2332
-2235
-1172
151
746
462
774
1101
539
1519
3546
3973
2665
2516
2962
1738
932
2100
2580
1139
620
1373
867
-847
-1441
-1415
-2239
-2571
-1809
-986
-1531
-2491
-2589
-2549
-2405
-2050
-956
20
108
104
782
1434
1325
1412
1987
2550
2540
2730
3047
2719
1901
1361
1490
1291
960
711
534
31
-894
-1183
-1379
-1722
-2054
-1966
-1499
-1547
-1617
-1468
-1215
-1276
-1086
-169
803
1242
1405
1787
1944
1677
1694
2394
2648
2217
2089
2009
1475
484
248
216
-236
-577
-534
-547
-1140
-1679
-1800
-1711
-1818
-1536
-909
-497
-519
-566
-227
-167
-188
106
633
914
904
1010
1059
832
409
335
321
200
2
-81
-238
-708
-1207
-1506
-1664
-1883
-1959
-1894
-1933
-2241
-2548
-2700
-2940
-3024
-2932
-2629
-2482
-2244
-751
1075
1660
1105
1207
1292
817
1960
4669
5369
3380
2325
2189
659
-329
1269
2348
877
-180
276
-313
-2219
-2906
-2561
-2799
-2725
-1410
-312
-973
-2177
-2729
-2445
-1576
-432
1120
1984
1806
1306
1363
2109
2309
2317
2653
2995
3015
2805
2544
1875
673
-142
38
467
572
211
-294
-1037
-1860
-2069
-1752
-1378
-1257
-970
-482
-352
-465
-537
-365
-110
306
1089
1847
1994
1686
1511
1612
1765
1752
1790
1747
1363
845
747
651
-37
-789
-1127
-1132
-1155
-1070
-748
-930
-1451
-1611
-1308
-920
-620
-190
196
363
314
409
532
401
210
316
548
574
410
141
-143
-580
-741
-638
-500
-537
-689
-851
-1020
-1186
-1312
-1279
-1279
-1284
-1301
-1217
-1212
-1472
-1745
-1897
-1921
-2033
-1921
-1856
-1945
-2270
-1969
-129
1707
1999
1202
1183
828
265
2040
5012
5203
2673
1508
1306
-283
-628
1735
2733
799
-534
-83
-730
-2413
-2536
-1853
-1997
-1865
-614
162
-792
-2110
-2445
-1743
-523
690
1862
2162
1519
867
1144
2035
2308
2199
2308
2593
2470
1994
1464
740
-183
-410
145
833
746
-119
-959
-1634
-1775
-1538
-986
-457
-472
-552
-377
-105
-180
-376
-181
319
920
1433
1811
1641
958
464
526
865
1171
1220
1006
585
148
-209
-656
-735
-705
-847
-763
-491
-526
-1043
-1303
-1067
-964
-898
-383
51
21
-87
88
249
89
1
127
217
145
172
244
43
-288
-489
-418
-293
-312
-291
-345
-473
-610
-547
-450
-372
-396
-534
-580
-643
-828
-960
-1062
-1175
-1307
-1565
-1784
-1951
-2282
-2508
-2546
-2580
-2769
-2835
-1083
1597
2582
1540
1226
970
-84
1173
5074
6959
4193
1648
1277
-269
-1491
836
3293
1679
-938
-830
-725
-2392
-3047
-2176
-2037
-2357
-1087
511
71
-1326
-2080
-1796
-558
1037
2648
3217
2759
1835
1338
1827
2421
2603
2488
2656
2543
1668
675
-203
-899
-1247
-854
-38
91
-500
-1330
-1931
-1934
-1648
-1076
-458
-101
143
211
286
273
64
154
673
1389
1813
1804
1490
774
120
-82
108
277
305
530
561
47
-564
-1063
-1292
-1322
-557
418
623
106
-645
-1138
-1329
-992
-94
498
588
537
357
202
-145
-223
-103
129
581
851
819
209
-456
-848
-888
-446
-7
182
67
-290
-561
-776
-768
-532
-271
7
105
51
-318
-895
-1293
-1506
-1410
-1297
-1382
-1611
-2080
-2525
-2909
-2953
-2940
-2979
-3084
-2171
546
3076
3018
1777
1384
450
122
3111
7179
6973
3093
946
116
-1710
-1323
1932
3095
346
-1696
-1199
-1646
-3037
-2946
-2098
-2195
-1912
-32
1028
181
-1056
-1600
-1087
289
2213
3581
3629
2826
1605
933
1344
2113
2394
2108
2009
1364
48
-980
-1482
-1597
-1510
-1060
-426
-301
-710
-1337
-1754
-1652
-1260
-647
140
967
1222
871
515
268
195
299
854
1451
1453
1137
640
98
-340
-547
-405
-82
394
626
352
-47
-491
-862
-880
-266
521
701
453
159
-280
-807
-763
-163
260
369
495
612
370
-43
-162
2
146
383
623
662
326
-224
-650
-845
-717
-461
-200
-42
-99
-329
-677
-802
-690
-535
-275
-14
95
-243
-735
-1116
-1442
-1667
-1737
-1565
-1618
-1961
-2414
-2782
-3108
-3358
-3167
-2991
-2097
441
3223
3618
2136
1595
918
245
2573
6576
7219
3564
790
-16
-1668
-1982
634
2341
280
-2009
-1713
-1638
-2778
-3142
-2413
-2132
-1901
-144
1403
1174
218
-608
-630
212
1948
3662
4096
3564
2375
1334
1063
1584
2149
1759
1291
764
-51
-838
-1410
-1592
-1831
-1823
-1249
-544
-185
-537
-1139
-1264
-1029
-502
207
1122
1640
1363
974
716
536
283
314
786
1043
1029
699
247
-262
-779
-899
-778
-307
384
634
372
-94
-484
-975
-986
-76
573
600
269
-62
-473
-1052
-837
-235
-48
126
412
582
317
-23
-62
-59
-32
118
508
603
304
-101
-647
-901
-868
-657
-262
-128
-157
-406
-655
-590
-424
-255
-236
-72
-79
-319
-470
-675
-1022
-1384
-1602
-1611
-1672
-1758
-1900
-2291
-2667
-2910
-2828
-2647
-1484
1161
3606
3778
2484
1779
955
534
2746
6027
6155
2892
557
-196
-1621
-1920
-67
1049
-622
-2176
-1597
-1338
-2167
-2665
-2445
-2497
-2039
-108
1553
1637
771
-223
-736
-189
1568
3300
3640
3046
2063
1231
1062
1570
1767
943
255
74
-86
-376
-750
-1122
-1770
-2097
-1522
-582
-44
-164
-468
-607
-558
-257
296
985
1336
1199
998
927
845
591
484
623
605
498
418
369
57
-380
-763
-887
-318
395
730
606
359
-236
-797
-426
332
634
363
65
-99
-560
-720
-324
-176
-269
-232
86
286
204
144
143
10
-78
152
369
300
39
-375
-727
-836
-768
-526
-433
-440
-464
-571
-520
-329
-204
-327
-358
-306
-363
-488
-741
-1040
-1356
-1569
-1690
-1844
-2191
-2448
-2733
-2940
-2972
-2962
-2953
-2827
-972
1994
3951
3495
2494
1751
611
1213
4189
6569
5300
2418
962
-186
-1393
-852
655
484
-1197
-1563
-921
-1040
-1686
-2189
-2637
-3014
-1929
236
1525
1608
917
-96
-685
-83
1608
2917
3172
2786
2245
1945
2018
2209
1638
552
-143
-397
-251
-41
-113
-628
-1481
-1892
-1695
-1114
-566
-379
-276
-207
-101
98
465
921
1003
845
772
863
986
962
942
749
384
31
-95
-27
-40
-195
-476
-406
-2
277
220
97
-238
-672
-605
-71
479
468
189
-34
-371
-611
-451
-192
-67
-62
96
369
391
293
186
-6
-266
-240
-25
80
-14
-362
-702
-990
-1094
-915
-695
-542
-523
-497
-355
-187
-101
-184
-319
-380
-361
-280
-337
-571
-995
-1482
-1802
-1933
-2114
-2351
-2575
-2877
-3269
-3385
-3189
-2934
-1469
1121
3178
3053
2417
2190
1491
1626
3582
5674
5029
2960
2006
1215
-36
-193
607
301
-1145
-1437
-791
-767
-1187
-1577
-2257
-3198
-2743
-1088
56
524
598
231
-314
-88
1134
2088
2384
2348
2205
2254
2693
3224
2836
1649
606
-46
-277
-242
-177
-374
-927
-1363
-1520
-1369
-1267
-1480
-1682
-1603
-1159
-659
-47
650
879
719
467
446
598
733
1028
1290
1411
1357
1177
898
467
-4
-517
-552
-40
452
607
537
186
-541
-1005
-824
-517
-377
-181
184
267
0
-30
-123
-425
-479
-136
380
694
833
825
570
171
-151
-365
-489
-441
-405
-472
-536
-653
-829
-980
-1014
-946
-891
-742
-473
-279
-248
-356
-432
-485
-530
-663
-899
-1150
-1394
-1675
-1846
-1977
-2118
-2407
-2806
-3054
-3252
-3345
-3383
-2458
-296
1929
2735
2663
2634
2021
1469
2346
4068
4389
3271
2773
2530
1484
842
1048
670
-802
-1505
-1014
-763
-819
-834
-1307
-2529
-3016
-2226
-1460
-1072
-633
-383
-571
-370
624
1569
1916
1972
1902
1916
2448
3370
3772
3182
2371
1666
1113
729
374
-35
-544
-885
-1025
-978
-842
-1016
-1552
-2030
-2063
-1796
-1420
-752
-58
426
624
761
898
865
834
904
1118
1400
1678
1817
1720
1454
978
508
237
136
8
-35
-25
-200
-519
-795
-968
-1087
-1131
-1001
-825
-798
-672
-585
-477
-312
-135
74
190
270
356
479
519
451
214
21
-19
-96
-258
-433
-629
-771
-831
-805
-680
-666
-703
-720
-726
-738
-707
-653
-573
-439
-410
-563
-845
-1144
-1344
-1489
-1580
-1643
-1735
-1911
-2105
-2263
-2424
-2600
-2636
-1689
125
1680
2176
2365
2388
1837
1601
2383
3378
3103
2413
2345
2094
1510
1426
1574
886
-159
-337
-139
-325
-466
-530
-1207
-2081
-1997
-1351
-1107
-1041
-891
-1007
-1310
-1005
-88
652
986
1178
1342
1575
2125
2739
2866
2510
2135
1883
1669
1456
1124
650
152
-165
-347
-406
-397
-624
-1108
-1562
-1753
-1798
-1727
-1378
-925
-598
-404
-174
2
56
86
189
343
521
820
1108
1342
1435
1410
1253
1071
891
743
603
447
230
-189
-514
-642
-696
-755
-795
-868
-1027
-1222
-1245
-1123
-934
-712
-535
-403
-251
-3
215
301
231
193
230
286
282
225
97
-38
-43
55
216
310
279
105
-167
-441
-607
-650
-662
-597
-510
-544
-777
-1105
-1404
-1718
-1972
-2085
-2074
-1968
-1915
-1902
-2044
-2209
-2337
-2163
-1116
284
1353
1668
1977
2164
1959
2146
2807
3164
2452
1880
1858
1643
1347
1381
1378
716
146
201
198
-150
-385
-712
-1479
-1976
-1624
-1143
-1139
-1131
-1035
-1193
-1281
-839
-179
107
242
453
696
1124
1759
2329
2377
2202
2113
1997
1780
1424
1007
538
247
209
207
224
195
-108
-641
-1121
-1396
-1599
-1686
-1538
-1269
-1006
-780
-513
-346
-278
-263
-269
-197
1
302
557
862
1166
1339
1361
1424
1431
1242
1029
801
456
51
-133
-151
-221
-310
-372
-581
-886
-1121
-1193
-1160
-1077
-930
-817
-672
-453
-185
-31
20
95
166
250
352
366
276
122
17
20
132
351
529
557
422
159
-137
-389
-567
-651
-649
-622
-644
-750
-908
-1068
-1300
-1591
-1826
-1933
-1926
-1976
-1983
-1985
-1988
-1864
-1635
-888
157
1097
1390
1526
1803
1802
2015
2615
3156
2810
2225
2120
1898
1473
1334
1443
1142
651
630
680
360
26
-308
-902
-1514
-1532
-1249
-1283
-1344
-1281
-1264
-1183
-813
-268
-45
-47
83
254
555
1091
1712
1991
1928
1976
2001
1820
1452
1050
698
399
265
204
200
222
91
-215
-588
-879
-1125
-1390
-1505
-1508
-1451
-1335
-1108
-833
-703
-596
-501
-416
-301
-130
38
231
505
812
1094
1378
1626
1607
1431
1163
813
414
131
-10
-108
-162
-187
-306
-565
-772
-890
-954
-1004
-976
-929
-808
-568
-326
-152
-44
89
183
282
360
365
298
175
98
138
313
528
695
704
578
357
140
-83
-306
-435
-539
-662
-811
-933
-1030
-1192
-1407
-1583
-1766
-1941
-2089
-2248
-2380
-2454
-2374
-2201
-2031
-1396
-349
645
1017
1240
1605
1646
1756
2259
2820
2617
2075
1976
1833
1522
1460
1626
1346
757
544
423
57
-250
-493
-1004
-1550
-1569
-1340
-1438
-1602
-1615
-1601
-1479
-1062
-454
-89
68
259
397
656
1159
1711
1971
1975
2131
2263
2172
1879
1509
1160
794
596
495
473
484
356
90
-259
-513
-756
-1057
-1265
-1372
-1396
-1346
-1185
-973
-810
-609
-404
-245
-60
119
265
411
683
980
1240
1531
1785
1835
1710
1489
1113
680
292
37
-152
-332
-436
-610
-828
-936
-960
-1003
-1123
-1194
-1206
-1127
-909
-692
-509
-395
-220
-37
86
175
200
117
-29
-75
32
225
403
523
481
363
239
127
-45
-249
-399
-614
-849
-1013
-1098
-1189
-1354
-1501
-1643
-1783
-1970
-2122
-2308
-2482
-2568
-2479
-2272
-2031
-1218
-62
951
1261
1517
1930
1911
2053
2603
3130
2746
2239
2272
2108
1744
1712
1845
1383
752
642
500
20
-374
-685
-1256
-1749
-1625
-1408
-1565
-1714
-1645
-1584
-1440
-990
-421
-116
92
417
643
994
1512
1976
2088
2079
2290
2365
2207
1851
1480
1107
754
559
387
276
202
31
-257
-532
-745
-1058
-1443
-1652
-1708
-1675
-1537
-1319
-1097
-883
-612
-365
-157
93
302
436
680
966
1282
1506
1756
1880
1790
1744
1501
1116
627
214
-125
-478
-618
-697
-896
-1059
-1103
-1060
-1114
-1163
-1149
-1201
-1091
-908
-661
-443
-212
81
234
394
470
453
306
154
147
230
360
507
581
513
399
275
141
-133
-350
-566
-805
-1011
-1142
-1208
-1360
-1472
-1609
-1702
-1862
-1974
-2142
-2374
-2607
-2693
-2596
-2306
-1183
216
1217
1483
1967
2370
2131
2270
2835
3058
2305
1941
2226
2087
1751
1794
1792
1040
378
316
46
-536
-924
-1301
-1951
-2235
-1847
-1600
-1774
-1774
-1598
-1630
-1514
-1045
-513
-296
2
533
988
1594
2212
2594
2493
2332
2412
2334
2113
1766
1385
971
655
538
338
118
-132
-502
-862
-1093
-1247
-1513
-1806
-1926
-1851
-1602
-1214
-853
-605
-405
-177
52
302
592
807
931
1152
1526
1892
2061
2088
2075
1879
1511
1135
730
235
-242
-593
-795
-931
-974
-1043
-1214
-1346
-1355
-1316
-1321
-1255
-1094
-859
-614
-294
72
314
480
583
634
621
539
370
223
162
226
317
377
418
324
122
-126
-361
-609
-879
-1069
-1159
-1258
-1293
-1315
-1393
-1623
-1802
-1943
-2053
-2143
-2211
-2276
-2397
-2408
-2098
-830
723
1758
1904
2348
2813
2534
2685
3282
3349
2205
1783
2256
2099
1681
1750
1664
521
-312
-188
-373
-1093
-1394
-1526
-2139
-2422
-1807
-1384
-1661
-1687
-1346
-1216
-1111
-602
10
204
505
1055
1567
2158
2735
3009
2721
2400
2362
2101
1680
1303
937
478
61
-83
-294
-623
-960
-1391
-1813
-2033
-1990
-2011
-2126
-1995
-1675
-1310
-898
-407
-33
147
294
481
674
935
1227
1449
1568
1744
1931
1899
1731
1441
1115
618
242
-43
-421
-692
-904
-1037
-1213
-1283
-1246
-1281
-1340
-1310
-1172
-982
-694
-330
38
349
609
783
856
844
805
682
588
554
496
435
362
281
178
37
-101
-233
-418
-558
-788
-928
-1004
-1082
-1070
-1094
-1060
-1144
-1309
-1483
-1699
-1882
-1973
-1991
-1961
-1979
-1857
-1935
-1708
-288
1330
2004
1615
2045
2358
1925
2476
3643
3581
1929
1467
1967
1350
614
868
753
-610
-1300
-690
-675
-1389
-1477
-1575
-2228
-2385
-1601
-1196
-1556
-1372
-892
-596
-164
534
1109
1075
1269
1547
1715
2169
2637
2754
2292
2089
2187
1812
1217
741
238
-329
-738
-771
-888
-1124
-1210
-1447
-1677
-1753
-1609
-1487
-1464
-1209
-856
-439
40
449
777
1018
1210
1239
1186
1300
1330
1375
1407
1454
1405
1134
912
626
335
-38
-397
-544
-786
-898
-843
-874
-887
-1019
-1042
-983
-979
-808
-665
-463
-174
168
530
669
736
730
585
421
279
190
97
71
82
54
58
-55
-263
-536
-797
-876
-891
-799
-687
-644
-616
-684
-741
-844
-1032
-1198
-1418
-1601
-1663
-1748
-1792
-1853
-1916
-2072
-2054
-2111
-1755
-101
1648
2238
1713
2227
2445
1794
2590
4171
4051
2095
1740
2256
1170
183
639
526
-986
-1438
-521
-639
-1477
-1408
-1564
-2449
-2528
-1478
-1069
-1385
-888
-163
160
581
1265
1721
1517
1564
1736
1881
2365
2756
2759
2252
2005
1898
1303
623
130
-364
-858
-1123
-990
-991
-1163
-1249
-1536
-1705
-1709
-1545
-1387
-1236
-770
-312
36
346
637
777
828
906
1033
1032
1084
1037
956
983
789
705
411
223
-47
-240
-253
-466
-482
-454
-575
-641
-789
-815
-868
-1020
-821
-709
-455
-212
28
268
341
489
446
374
403
430
474
506
545
493
313
163
-106
-306
-412
-535
-554
-634
-548
-455
-424
-372
-450
-485
-614
-759
-789
-933
-1021
-1095
-1254
-1408
-1627
-1721
-1865
-2139
-2211
-2368
-2360
-2526
-2050
-122
1778
2574
2010
2355
2424
1539
2349
4051
4037
1904
1291
1868
715
-397
81
110
-1274
-1888
-858
-700
-1551
-1626
-1908
-2588
-2519
-1380
-677
-803
-128
496
617
1012
1526
1823
1476
1531
1863
2016
2480
2804
2762
2137
1490
1174
534
-88
-366
-664
-844
-876
-636
-610
-889
-976
-1256
-1364
-1179
-858
-502
-291
134
443
476
525
540
607
606
719
962
1012
1047
933
727
455
195
25
41
159
195
206
129
-49
-341
-603
-764
-902
-1047
-947
-731
-539
-436
-395
-362
-434
-421
-273
-67
130
331
507
692
711
604
380
81
-110
-233
-280
-302
-240
-182
-191
-274
-355
-454
-574
-593
-508
-357
-273
-271
-357
-535
-832
-1067
-1327
-1515
-1674
-1738
-1760
-1782
-1866
-1962
-2110
-2239
-2161
-2192
-784
1315
2895
2679
2400
2959
2055
1730
3211
4402
2915
1233
1724
1431
-229
-437
205
-671
-2039
-1600
-566
-1070
-1535
-1408
-1825
-2049
-1411
-457
-297
-12
736
746
913
1364
1669
1503
1342
1703
1647
1763
2183
2306
1928
1183
813
379
-247
-509
-560
-611
-625
-565
-442
-550
-655
-840
-1105
-949
-710
-502
-281
47
386
369
242
241
197
191
169
322
508
536
545
407
364
260
141
131
230
236
223
198
82
-127
-236
-249
-378
-394
-400
-363
-449
-542
-538
-493
-342
-176
11
225
390
471
473
467
479
367
275
296
387
403
257
106
-59
-209
-315
-369
-336
-288
-224
-83
33
42
-84
-268
-441
-662
-779
-824
-915
-1063
-1207
-1274
-1454
-1841
-2007
-2154
-2175
-2239
-2170
-2042
-1990
-1854
-1621
170
2093
2967
2188
2114
2273
1190
1638
3433
3997
1745
742
1382
457
-1064
-715
33
-1136
-1889
-874
-77
-869
-1359
-1318
-1745
-1583
-624
345
429
539
748
411
561
944
1136
970
1092
1596
1711
1884
2100
1851
1012
245
92
-66
-444
-390
-86
-108
-317
-403
-447
-737
-858
-721
-609
-381
-93
210
395
399
275
-31
-218
-169
-63
145
357
451
386
271
343
291
117
136
68
130
204
469
548
253
93
-296
-543
-582
-517
-451
-540
-476
-355
-316
-214
-144
-130
-182
-224
1
271
480
599
650
704
607
411
170
-111
-291
-402
-398
-301
-187
-43
-58
-73
-47
-120
-193
-263
-235
-241
-227
-152
-280
-492
-682
-888
-1149
-1403
-1500
-1520
-1646
-1696
-1863
-2000
-2058
-1974
-1869
-1774
-1487
-1263
132
1850
2858
2075
1767
2094
1136
1287
3148
4303
2353
1008
1576
610
-1289
-1071
228
-513
-1314
-305
513
-523
-1406
-1185
-1523
-1736
-1101
-35
315
353
615
419
303
411
627
881
1285
1649
1657
1635
1817
1563
795
150
53
39
-213
-53
311
27
-520
-633
-488
-567
-639
-335
-125
-17
196
330
317
21
-288
-380
-303
-15
128
181
238
167
60
-62
-85
-15
-70
180
454
649
602
260
216
-102
-394
-405
-192
-38
-142
-62
2
-217
-430
-438
-438
-334
-203
148
484
604
698
656
639
511
287
173
74
-22
-21
47
169
96
1
-12
-57
-104
-216
-200
-155
-82
47
140
181
105
-101
-345
-688
-947
-1116
-1191
-1219
-1313
-1381
-1575
-1637
-1826
-1813
-1837
-1785
-1636
-1604
-1543
-1537
-1441
-1490
-161
1517
2360
1712
1726
2052
890
1147
2836
3475
1542
725
1500
443
-1039
-489
614
-384
-1160
-345
-57
-1236
-1922
-1302
-1149
-989
-420
272
430
243
354
310
409
525
724
1194
1736
1901
1539
1196
1030
746
332
198
304
195
36
183
494
175
-352
-474
-295
-79
105
451
556
318
38
-153
-272
-359
-499
-443
-226
15
91
55
57
-140
-296
-235
24
205
245
412
540
398
151
3
40
-16
-120
-41
-118
-236
-349
-396
-372
-459
-468
-273
28
210
251
259
276
162
189
343
416
490
461
420
321
189
145
57
-56
-67
49
140
87
50
78
24
-84
-111
-62
-45
-104
-175
-249
-458
-680
-857
-924
-1002
-1099
-1182
-1242
-1191
-1159
-1169
-1235
-1278
-1327
-1386
-1254
-1111
-1029
-1080
-1081
-1063
-1112
-7
1248
1810
1202
1198
1415
549
998
2448
2774
1195
720
1305
196
-876
-290
390
-567
-875
60
142
-792
-1197
-716
-851
-819
-308
220
281
89
146
86
199
226
300
630
1001
965
614
617
696
530
367
567
832
676
596
813
921
582
285
291
183
-13
81
316
207
-167
-450
-508
-591
-702
-676
-492
-286
-173
-4
157
196
2
-61
127
396
524
514
700
598
400
212
196
191
10
106
170
160
-39
-219
-309
-410
-377
-250
-45
78
210
269
271
276
293
348
389
468
492
544
605
511
287
142
110
-1
-89
-32
-26
-167
-300
-328
-356
-453
-408
-349
-341
-429
-447
-413
-526
-651
-681
-665
-717
-752
-685
-665
-698
-721
-765
-779
-833
-817
-880
-937
-1038
-1170
-1292
-1357
-1394
-1481
-1463
-1308
-287
659
1024
716
821
966
385
901
2029
2267
1243
1145
1645
732
-19
316
594
-230
-427
235
220
-441
-854
-708
-877
-916
-730
-385
-281
-480
-527
-517
-357
-397
-217
305
798
1004
954
1112
1192
1110
1028
1105
1188
986
823
928
1096
820
353
77
-127
-429
-557
-384
-364
-484
-516
-403
-381
-491
-579
-539
-392
-246
-73
84
210
122
100
198
307
349
380
583
640
642
568
504
380
195
101
62
104
99
119
147
137
9
-102
-76
-87
-64
89
292
406
445
496
452
325
232
203
179
107
50
65
28
-127
-307
-348
-371
-444
-432
-336
-291
-356
-377
-405
-420
-430
-401
-329
-247
-224
-274
-333
-359
-422
-553
-612
-566
-523
-547
-520
-490
-510
-606
-737
-815
-876
-914
-986
-1020
-946
-922
-908
-933
-819
-385
66
324
278
416
390
127
317
743
863
537
676
916
782
631
669
683
340
309
452
583
468
261
211
140
112
-99
-227
-372
-407
-284
-135
31
-30
-122
-214
-79
90
84
109
188
373
476
637
718
594
442
447
607
719
747
724
696
610
510
465
389
190
-1
9
121
138
6
-108
-132
-239
-430
-537
-507
-545
-577
-445
-229
-202
-256
-176
-101
-82
-90
13
116
225
332
403
483
515
526
504
539
529
445
410
452
462
368
276
203
109
38
3
-16
-61
-140
-218
-248
-265
-323
-410
-432
-374
-308
-249
-176
-88
-92
-151
-171
-199
-269
-303
-241
-149
-133
-116
-130
-208
-281
-309
-295
-287
-242
-192
-147
-141
-211
-329
-467
-551
-579
-535
-533
-564
-588
-639
-745
-847
-889
-864
-847
-799
-605
-410
-370
-538
-595
-581
-520
-318
-22
214
252
349
388
497
575
615
694
806
1003
1065
1243
1272
1048
780
646
594
373
318
311
282
184
117
107
-26
-159
-278
-233
-192
-159
-83
31
135
108
95
94
98
101
175
331
434
458
449
471
461
397
347
328
307
286
325
351
277
90
-51
-95
-147
-259
-289
-222
-187
-193
-163
-102
-131
-156
-112
-26
45
78
113
149
215
252
249
266
280
258
205
209
159
18
-59
-30
3
-33
-1
41
15
-49
-60
-46
-126
-193
-176
-92
-57
-67
-59
-67
-105
-151
-129
-121
-188
-215
-213
-165
-128
-106
-87
-88
-126
-232
-265
-213
-186
-224
-259
-275
-326
-364
-356
-331
-356
-355
-355
-364
-398
-491
-554
-594
-641
-716
-686
-661
-688
-773
-781
-595
-426
-362
-447
-386
-385
-380
-173
105
250
161
240
273
358
427
471
515
524
642
665
843
827
620
450
458
490
305
321
331
289
176
190
232
94
-52
-151
-63
-67
-110
-75
62
162
124
176
221
216
130
209
417
485
482
532
678
703
617
504
391
265
169
154
176
183
68
-18
-10
-38
-207
-322
-272
-238
-250
-173
-26
-48
-123
-67
60
60
7
48
89
118
116
161
161
109
35
44
132
113
50
22
63
28
-20
-9
4
-21
-77
-77
-40
-49
-145
-206
-179
-184
-237
-255
-192
-177
-204
-160
-89
-84
-97
-21
59
82
112
166
188
154
116
89
74
50
17
-19
-63
-158
-313
-411
-410
-455
-566
-631
-650
-713
-796
-789
-805
-891
-969
-932
-831
-804
-793
-784
-701
-563
-439
-420
-452
-430
-413
-228
27
171
88
35
98
152
320
487
597
603
695
802
865
891
759
606
576
693
660
539
469
391
308
248
307
257
111
-36
-46
34
45
91
144
236
293
325
348
316
232
176
281
406
436
441
506
537
437
336
271
198
109
101
194
240
187
93
79
56
-54
-187
-244
-213
-191
-149
-51
16
-42
-115
-98
-44
-91
-143
-77
0
-20
-52
22
50
-39
-85
-3
24
-54
-83
-40
-51
-112
-145
-136
-132
-162
-166
-130
-69
-80
-99
-35
14
-8
1
117
196
157
166
260
297
253
252
282
213
91
34
33
-19
-128
-216
-248
-277
-363
-412
-427
-486
-581
-595
-533
-523
-543
-560
-570
-596
-613
-612
-599
-623
-688
-716
-679
-670
-719
-729
-703
-697
-647
-454
-264
-280
-368
-317
-269
-226
-99
93
155
169
269
373
502
498
490
500
580
609
611
729
692
585
507
576
530
398
399
413
416
351
398
394
319
236
211
273
227
165
135
200
200
147
148
162
174
170
282
382
369
315
370
448
414
360
337
333
275
248
271
274
182
102
117
122
56
-30
-24
-27
-55
-71
-21
4
-59
-91
-98
-89
-144
-143
-82
-25
-15
-69
-96
-155
-230
-276
-226
-186
-203
-165
-84
-29
-58
-58
-40
-16
8
66
164
224
225
187
213
196
135
89
103
92
9
-23
-15
-22
-106
-150
-163
-215
-268
-253
-195
-217
-257
-262
-258
-281
-315
-332
-337
-334
-355
-369
-378
-426
-511
-566
-554
-540
-555
-570
-555
-546
-567
-576
-582
-596
-656
-665
-604
-564
-551
-492
-342
-245
-226
-264
-236
-203
-143
37
231
348
356
442
501
528
539
540
569
620
742
779
863
867
760
668
655
662
496
463
527
557
486
438
408
234
85
21
49
33
-6
21
108
197
176
134
121
120
101
172
344
403
354
316
358
329
247
222
239
232
191
184
179
145
40
-22
-31
-75
-180
-223
-190
-221
-310
-346
-339
-376
-402
-378
-318
-311
-329
-296
-193
-114
-122
-103
-45
-6
5
69
149
158
157
190
214
183
151
143
136
121
79
38
8
-11
-32
-32
-30
-51
-85
-95
-56
-36
-39
-51
-58
-90
-120
-131
-143
-155
-193
-211
-236
-269
-298
-307
-324
-373
-420
-446
-449
-435
-413
-397
-414
-447
-464
-459
-448
-465
-458
-452
-419
-368
-352
-376
-410
-436
-465
-442
-387
-346
-331
-270
-169
-91
-72
-92
-61
-18
63
203
348
407
398
462
502
531
560
584
612
641
707
720
729
648
517
428
432
443
366
357
357
336
279
267
235
129
79
88
146
170
172
176
194
225
210
208
202
186
155
181
250
252
206
183
185
153
117
80
43
0
-26
-46
-51
-75
-152
-204
-215
-208
-237
-237
-205
-163
-139
-101
-42
-31
-62
-74
-7
45
71
97
133
145
113
90
76
58
-3
-58
-56
-31
-58
-89
-68
-48
-86
-112
-77
-61
-96
-115
-75
-28
-33
-37
-35
-51
-85
-127
-141
-146
-170
-202
-193
-169
-179
-211
-217
-228
-283
-300
-266
-228
-218
-203
-190
-208
-238
-252
-228
-210
-211
-234
-257
-259
-270
-274
-272
-282
-302
-291
-247
-214
-200
-201
-205
-207
-189
-157
-122
-112
-101
-64
-16
21
32
71
98
109
135
181
205
206
216
252
282
291
305
324
364
366
356
362
364
336
333
362
340
318
322
321
303
309
308
273
233
218
228
223
227
217
188
176
176
182
191
189
140
77
70
79
64
63
68
63
41
57
75
44
19
-2
-3
5
14
17
17
11
-12
-17
-17
-32
-58
-68
-57
-66
-85
-91
-103
-136
-158
-146
-132
-109
-88
-68
-62
-81
-106
-114
-90
-75
-65
-55
-56
-57
-78
-98
-117
-162
-200
-210
-177
-153
-145
-148
-147
-165
-185
-180
-162
-160
-149
-97
-68
-74
-96
-109
-122
-129
-109
-95
-95
-100
-122
-148
-169
-208
-243
-247
-242
-236
-220
-199
-172
-151
-155
-164
-167
-156
-138
-108
-70
-25
-9
-5
9
14
-15
-47
-38
-33
-30
-7
16
18
12
7
3
2
8
16
40
74
86
109
143
172
192
214
238
278
318
347
378
376
368
363
380
385
362
344
333
313
296
290
273
224
174
167
183
179
157
142
133
122
110
112
95
74
58
57
69
58
36
24
29
16
-3
-19
-29
-39
-56
-58
-59
-89
-115
-124
-111
-107
-118
-101
-82
-78
-85
-72
-71
-75
-69
-47
-34
-43
-48
-48
-57
-85
-119
-160
-196
-224
-233
-239
-244
-257
-268
-272
-273
-276
-278
-271
-261
-239
-209
-174
-157
-147
-130
-111
-94
-92
-97
-89
-69
-51
-29
-15
-23
-45
-51
-44
-32
-37
-41
-45
-46
-35
-39
-35
-46
-71
-88
-81
-51
-29
-1
18
16
2
1
11
24
27
41
71
95
132
152
158
168
162
177
204
230
250
266
276
287
293
282
275
266
260
263
279
292
280
257
242
241
232
221
221
208
193
194
209
201
178
156
147
151
152
171
185
183
171
146
144
148
140
133
131
119
88
69
56
24
-15
-47
-72
-92
-114
-121
-124
-137
-162
-182
-195
-206
-237
-267
-272
-280
-285
-281
-253
-247
-263
-257
-248
-229
-220
-201
-189
-187
-175
-162
-142
-135
-143
-144
-145
-136
-122
-117
-108
-106
-111
-117
-126
-127
-135
-141
-137
-135
-134
-146
-161
-174
-195
-210
-213
-212
-198
-181
-172
-162
-156
-151
-146
-128
-108
-98
-80
-59
-26
-13
-8
2
-5
-13
-11
1
3
-4
-7
-3
-3
-17
-29
-34
-51
-44
-32
-15
-1
3
2
12
35
44
51
73
97
127
171
213
235
244
255
265
279
282
288
296
306
305
299
289
263
238
227
224
222
226
226
232
237
245
254
259
252
233
229
225
214
205
198
193
180
159
145
119
76
43
19
3
-19
-32
-50
-73
-90
-97
-99
-96
-105
-117
-126
-129
-139
-148
-160
-179
-200
-224
-237
-246
-258
-266
-261
-261
-261
-263
-255
-241
-223
-203
-189
-166
-153
-133
-98
-79
-66
-57
-42
-19
0
11
28
37
51
71
77
77
66
49
28
14
13
0
-9
-16
-15
-23
-36
-45
-61
-76
-87
-80
-78
-72
-67
-62
-59
-59
-56
-61
-57
-57
-50
-38
-28
-15
-16
-30
-47
-56
-61
-67
-60
-59
-65
-64
-62
-62
-59
-54
-44
-29
-6
20
33
56
70
91
114
125
145
159
164
171
186
201
213
218
225
222
214
219
218
216
216
213
210
223
229
229
233
231
227
218
227
224
209
194
183
181
174
161
152
129
109
88
75
62
35
15
7
-6
-18
-35
-49
-62
-80
-83
-90
-103
-117
-131
-143
-147
-144
-153
-173
-187
-204
-228
-235
-232
-249
-253
-241
-230
-226
-225
-214
-206
-197
-184
-158
-144
-130
-112
-83
-64
-43
-16
2
31
53
75
91
100
120
133
141
156
163
166
168
176
163
148
136
126
110
97
92
88
81
72
66
49
35
20
-5
-19
-24
-29
-32
-39
-50
-57
-71
-88
-96
-112
-123
-132
-135
-136
-140
-147
-162
-171
-176
-177
-179
-177
-175
-169
-158
-148
-137
-130
-131
-128
-126
-127
-118
-109
-99
-88
-76
-68
-62
-57
-48
-37
-27
-14
0
13
40
72
92
108
108
113
124
130
143
144
142
138
150
164
170
160
146
139
132
130
137
122
103
97
94
90
82
79
76
66
58
46
30
15
10
-1
-11
-16
-28
-30
-33
-40
-51
-65
-72
-69
-70
-71
-78
-83
-85
-81
-72
-73
-80
-86
-89
-86
-81
-72
-68
-72
-66
-56
-40
-35
-22
-11
-3
14
24
30
45
57
71
98
120
148
156
166
170
172
183
192
196
187
183
177
173
165
149
129
114
99
86
80
64
47
24
8
-2
-19
-35
-50
-63
-76
-87
-93
-96
-97
-98
-95
-99
-102
-100
-96
-97
-99
-104
-112
-119
-122
-130
-135
-138
-146
-141
-139
-135
-130
-137
-129
-115
-110
-105
-102
-100
-94
-81
-64
-54
-47
-37
-30
-23
-10
4
12
19
25
33
47
57
68
75
73
70
75
79
81
83
81
85
87
96
102
98
93
78
69
60
55
47
33
23
14
5
-3
-13
-21
-32
-45
-48
-49
-52
-52
-53
-61
-62
-65
-64
-57
-51
-39
-32
-25
-21
-9
-6
-8
-7
-9
-12
-13
-11
-18
-18
-23
-24
-27
-31
-22
-21
-14
-11
-1
10
21
42
60
79
95
114
121
132
139
141
143
148
153
156
158
161
155
147
141
133
125
113
105
91
83
71
58
53
37
17
6
-8
-14
-18
-26
-38
-54
-68
-82
-85
-92
-99
-105
-106
-104
-109
-110
-115
-123
-130
-134
-128
-124
-129
-133
-138
-136
-138
-141
-142
-141
-132
-126
-117
-104
-98
-95
-92
-88
-88
-81
-73
-60
-54
-44
-35
-25
-17
-8
6
6
8
17
27
34
40
52
55
59
64
74
80
77
81
79
80
79
80
80
75
67
53
46
43
32
27
23
19
19
26
31
33
29
32
35
43
50
53
55
49
52
50
50
43
33
31
27
28
27
20
11
0
-10
-17
-20
-23
-28
-28
-25
-20
-17
-19
-16
-16
-17
-15
-15
-14
-19
-21
-19
-16
-16
-16
-15
-20
-24
-25
-23
-16
-16
-15
-10
-2
7
8
11
15
16
20
24
28
32
30
33
27
25
27
27
28
27
24
21
24
24
25
26
24
23
25
23
20
23
19
21
22
22
24
24
20
15
11
13
14
11
6
-5
-14
-24
-30
-38
-50
-51
-53
-55
-55
-49
-45
-50
-51
-50
-49
-49
-47
-44
-39
-37
-31
-20
-18
-16
-14
-16
-13
-10
-10
-12
-10
-10
-8
-6
-6
-3
-6
-8
-5
-2
1
3
5
12
16
24
33
41
46
48
54
61
64
69
73
68
63
62
56
50
46
41
30
22
19
14
8
4
1
-2
-2
-4
-2
0
-3
-7
-9
-5
-5
-8
-15
-19
-21
-22
-25
-24
-30
-39
-42
-45
-49
-50
-49
-47
-42
-44
-38
-34
-30
-26
-21
-18
-17
-16
-11
-1
5
8
10
13
17
19
22
24
26
28
29
32
35
36
38
41
45
46
49
48
46
48
50
55
57
56
56
54
50
46
42
37
30
23
17
12
5
-3
-10
-17
-23
-25
-28
-31
-36
-42
-49
-55
-58
-61
-58
-58
-51
-46
-44
-41
-41
-37
-36
-35
-35
-35
-36
-35
-33
-32
-30
-32
-34
-33
-34
-38
-37
-36
-32
-23
-18
-12
-11
-8
-3
0
7
10
11
12
13
16
19
19
18
16
13
12
13
9
5
3
2
3
6
6
5
4
3
1
3
1
-4
-10
-12
-14
-15
-17
-21
-23
-25
-26
-28
-28
-29
-31
-30
-25
-20
-17
-13
-11
-6
-2
1
4
9
13
19
24
25
28
30
34
38
40
43
45
45
46
51
51
53
54
56
58
60
61
63
63
62
59
58
56
51
49
46
45
42
40
37
32
27
22
18
14
11
7
1
-4
-10
-15
-21
-25
-31
-36
-42
-49
-54
-58
-61
-65
-68
-69
-70
-68
-69
-69
-68
-68
-64
-60
-55
-53
-50
-47
-44
-41
-36
-34
-34
-33
-31
-27
-24
-20
-18
-16
-11
-6
-3
3
6
9
14
18
25
30
33
36
38
41
43
45
44
44
43
41
37
36
32
32
30
30
32
30
29
28
26
22
21
18
16
13
10
9
7
5
2
1
-1
-5
-9
-13
-14
-15
-15
-18
-20
-21
-22
-22
-23
-24
-25
-24
-23
-21
-19
-17
-17
-16
-13
-9
-5
-2
0
3
8
14
16
18
20
23
27
29
31
29
27
25
24
24
23
21
19
19
18
20
18
16
15
16
15
16
13
11
9
6
5
3
0
-5
-9
-14
-17
-21
-27
-33
-39
-42
-44
-47
-50
-52
-55
-55
-56
-54
-53
-53
-51
-49
-46
-43
-41
-39
-37
-34
-33
-30
-29
-26
-24
-21
-18
-15
-12
-9
-4
-1
5
9
13
20
27
34
39
44
48
53
58
60
64
65
68
71
72
73
73
71
72
72
72
71
70
66
63
60
58
55
51
49
46
44
41
38
32
30
25
23
20
17
13
8
3
0
-3
-8
-12
-16
-19
-23
-26
-31
-33
-37
-40
-41
-42
-44
-45
-46
-47
-46
-46
-44
-42
-40
-38
-39
-36
-36
-35
-33
-32
-31
-30
-29
-27
-26
-24
-25
-25
-24
-23
-22
-20
-19
-20
-19
-17
-14
-13
-11
-10
-9
-8
-9
-9
-10
-11
-12
-12
-12
-12
-16
-17
-20
-21
-22
-23
-24
-25
-26
-26
-26
-28
-29
-29
-29
-26
-25
-24
-24
-23
-22
-21
-19
-18
-16
-13
-12
-9
-6
-5
-5
-3
-1
4
7
9
11
15
19
23
27
31
35
40
44
48
51
56
59
62
65
69
70
72
73
74
74
76
76
76
76
75
75
76
73
71
68
66
65
61
59
55
52
49
47
42
38
33
28
24
20
13
7
1
-4
-9
-12
-17
-21
-25
-28
-33
-38
-42
-45
-49
-51
-53
-56
-59
-60
-62
-62
-62
-63
-64
-65
-65
-65
-65
-64
-62
-61
-59
-55
-52
-49
-47
-45
-42
-40
-37
-36
-34
-30
-26
-23
-20
-17
-13
-9
-8
-5
-3
0
1
2
3
5
7
8
9
11
12
12
12
13
12
11
9
7
7
6
5
4
4
3
2
1
0
0
-2
-4
-5
-6
-6
-7
-7
-7
-9
-9
-10
-10
-11
-11
-11
-11
-9
-7
-6
-5
-4
-3
-1
3
3
5
6
7
9
10
14
16
18
21
23
27
29
31
32
32
33
34
34
36
36
38
40
41
40
40
39
38
38
36
34
33
32
31
32
30
28
25
21
19
16
12
9
6
3
1
0
-3
-5
-7
-9
-10
-12
-15
-18
-21
-22
-24
-27
-28
-28
-28
-29
-28
