68
70
77
81
84
87
84
89
91
96
95
94
98
96
95
94
98
93
94
99
99
94
90
87
82
81
77
75
64
58
59
49
45
37
31
20
13
10
5
2
-8
-17
-20
-27
-41
-50
-55
-68
-75
-87
-90
-97
-113
-114
-118
-120
-134
-130
-133
-147
-144
-150
-152
-161
-160
-160
-164
-168
-166
-168
-179
-171
-178
-175
-172
-171
-157
-162
-160
-158
-158
-150
-143
-141
-128
-117
-117
-108
-92
-78
-85
-68
-45
-40
-28
-13
15
27
46
75
94
113
120
142
175
201
218
250
264
271
291
302
310
316
319
316
315
319
304
289
270
253
239
211
189
171
148
125
105
96
78
47
30
30
20
-2
3
8
-12
-10
5
5
5
1
20
19
9
16
13
2
-13
-19
-14
-37
-68
-71
-87
-130
-159
-161
-173
-201
-210
-190
-204
-216
-235
-229
-222
-259
-231
-210
-197
-189
-209
-154
-168
-192
-169
-140
-134
-171
-91
-107
-123
-85
-123
-90
-132
-120
-90
-130
-96
-105
-106
-87
-107
-77
-76
-67
-29
-15
27
33
56
88
100
133
172
185
200
225
225
229
237
248
238
238
258
241
228
211
173
161
120
104
95
67
53
20
4
-19
-49
-72
-80
-76
-87
-73
-46
-52
-44
-48
-27
-6
-12
20
53
51
78
111
124
140
138
167
172
173
186
207
206
191
210
196
192
173
171
167
151
145
140
128
113
92
84
84
53
47
38
22
19
-29
-13
18
-70
-46
-3
-67
-51
-20
-61
-11
-72
-19
9
-110
7
7
-150
-33
37
-262
-10
-40
-323
9
-261
-187
-48
-406
-108
-133
-405
-240
-156
-326
-379
-236
-228
-340
-439
-196
-233
-543
-294
-172
-440
-428
-185
-266
-366
-252
-142
-242
-273
-101
-114
-154
-42
-24
-20
37
27
97
83
115
185
128
239
279
201
279
301
254
241
254
249
182
176
187
162
142
124
111
135
121
98
130
156
109
94
157
146
104
139
172
133
135
169
173
157
183
189
181
221
197
191
234
215
197
201
209
176
123
187
170
117
126
140
100
43
98
88
3
32
44
24
4
4
41
-7
-24
20
-24
-52
-38
-99
-109
-70
-190
-102
-133
-247
-46
-262
-174
-21
-395
6
-222
-335
65
-465
-12
-181
-444
91
-366
-268
6
-356
-115
-94
-325
12
-229
-241
30
-274
-193
-24
-256
-215
-64
-236
-184
-99
-216
-121
-157
-192
-51
-207
-163
-10
-209
-127
-85
-165
-62
-140
-83
-32
-144
7
-85
-37
87
-22
92
113
100
158
152
184
250
192
239
321
268
278
301
273
281
247
245
270
218
236
233
203
193
154
157
142
98
105
130
74
72
104
53
52
65
34
35
51
53
37
49
43
5
9
7
9
-29
16
59
-6
-6
62
48
16
-2
66
76
-27
37
101
38
-22
21
79
-61
-65
27
13
-117
-15
27
-123
4
-193
76
-157
-245
183
-368
-6
-118
-271
90
-410
-14
-151
-323
-7
-293
-60
-183
-254
88
-320
-99
60
-353
68
-138
-189
29
-192
-13
-65
-74
7
-35
-131
29
-72
-169
-18
-34
-118
-116
39
-200
-79
-124
-180
-35
-310
-108
-68
-261
-32
-104
-95
-51
-189
-2
-77
-110
51
-40
24
34
-18
109
47
87
180
155
203
236
235
256
243
221
261
218
262
223
206
223
142
165
103
87
125
67
88
100
78
106
64
105
116
51
113
97
103
130
99
126
80
82
111
81
96
89
61
115
74
30
118
61
24
69
29
83
41
31
143
28
13
69
25
-8
51
38
42
69
45
25
34
21
-75
68
-42
39
30
-78
199
-204
37
-14
-249
41
-279
-65
-172
-198
-153
-231
-208
-222
-203
-267
-101
-279
-115
-182
-251
-89
-279
-52
-278
-47
-100
-281
40
-329
-11
-153
-259
97
-274
-60
-33
-241
32
-234
-71
-77
-224
-56
-175
-173
-133
-227
-153
-182
-242
-139
-120
-142
-103
-87
-43
-103
-105
46
-60
-18
10
94
72
46
175
126
157
180
184
273
195
239
290
236
270
236
244
279
150
206
218
156
143
134
187
136
93
151
197
75
107
142
132
45
77
117
71
53
29
148
6
13
104
15
72
-5
45
92
-33
65
29
-22
41
-41
10
56
-5
57
48
9
104
-17
70
90
0
140
46
89
107
6
118
16
61
77
-57
134
-42
28
18
-44
65
-147
21
-47
-131
-32
-123
-39
-180
-94
-79
-127
-194
-46
-165
-157
-110
-181
-80
-253
-32
-137
-189
-5
-207
-77
-140
-204
-42
-189
-151
-131
-77
-130
-179
-63
-160
-206
-161
-184
-200
-233
-216
-214
-280
-222
-224
-268
-193
-112
-241
-165
-81
-195
-156
-63
-32
-91
-41
82
6
24
99
131
152
157
268
251
232
293
267
283
292
260
285
280
302
233
265
274
179
176
185
210
117
184
226
130
170
196
143
116
176
135
130
197
82
205
146
58
214
67
130
125
72
145
103
1
118
61
-1
82
52
58
80
41
48
87
28
43
127
75
60
157
75
92
123
44
141
71
4
197
31
91
139
-24
187
-91
50
23
-22
20
-49
42
-49
-49
-118
16
-160
-86
-102
-96
-77
-126
-93
-147
-86
-198
-91
-171
-211
24
-285
-171
-35
-289
-134
-211
-145
-166
-198
-230
-131
-218
-293
-52
-356
-141
-228
-271
-126
-342
-166
-256
-308
-230
-359
-207
-333
-257
-162
-311
-241
-253
-194
-257
-199
-66
-125
-134
-44
-7
-28
-60
62
60
43
124
191
164
172
214
174
233
150
224
253
202
259
215
255
190
144
222
183
177
176
237
200
132
187
153
125
108
144
191
157
141
138
148
76
79
96
128
104
80
136
139
23
92
58
93
14
60
153
43
92
136
80
55
99
80
90
108
113
126
160
101
170
128
108
215
42
182
114
79
155
-8
113
-51
15
-38
-7
-38
-63
-13
-111
-127
-101
-111
-175
-186
-54
-188
-264
-22
-284
-152
-220
-157
-44
-444
23
-121
-343
-60
-220
-40
-284
-242
17
-272
-249
-138
-72
-301
-241
-176
-252
-226
-404
-141
-270
-360
-328
-287
-331
-420
-366
-383
-224
-467
-277
-145
-364
-246
-205
-225
-125
-165
-29
22
-136
103
35
16
121
125
197
203
238
345
306
307
361
343
348
317
366
381
320
310
358
240
244
257
191
190
219
185
153
256
82
230
114
110
246
33
233
170
76
214
83
60
94
43
112
92
68
159
69
37
110
53
56
63
37
150
-41
123
59
-32
156
-14
76
73
96
96
12
147
60
26
32
86
27
35
35
-2
97
-43
-132
117
-123
-100
3
-117
59
-238
-62
52
-269
-217
57
-285
-178
-113
-146
-93
-261
-124
42
-419
14
-147
-143
-108
-138
-91
-124
-116
-109
-114
-142
-26
-187
-111
-55
-123
-203
-104
-102
-205
-127
-143
-81
-131
-294
-21
-232
-295
-97
-328
-219
-226
-259
-120
-244
-147
-138
-187
-91
-60
-36
23
22
58
51
79
59
81
131
187
199
239
275
261
262
223
317
240
233
251
288
200
196
179
140
35
68
80
32
52
103
91
-35
54
91
-30
11
64
96
-24
6
130
-45
71
-56
165
15
-10
248
-77
181
107
-25
223
-3
132
188
17
204
141
98
215
45
194
141
68
194
157
108
150
43
165
41
21
148
69
-21
142
24
-91
86
-94
-89
-38
-96
-39
-49
-217
156
-258
-80
140
-484
260
-327
-290
306
-628
156
-265
-260
39
-476
115
-264
-195
31
-363
154
-432
84
-224
-282
36
-358
-141
-101
-277
-78
-302
-195
-14
-483
-71
-129
-275
-153
-263
-110
-239
-389
-34
-242
-373
-99
-314
-140
-206
-202
19
-262
-77
-82
-129
38
-91
30
13
-9
146
7
191
174
246
231
322
324
293
300
311
299
291
246
313
275
161
281
173
170
127
124
129
112
61
130
16
37
26
9
8
19
65
20
14
134
-59
46
95
-50
94
46
114
71
46
137
125
-53
161
165
-15
145
166
101
89
163
104
162
45
155
229
57
253
137
176
141
72
143
141
9
68
257
-18
1
177
38
-75
181
-189
227
-181
-200
331
-435
-10
91
-340
92
-245
-98
-102
-286
-70
-179
-211
-71
-203
-130
-93
-160
-219
16
-199
-184
-18
-185
-89
-238
-52
-142
-192
-201
4
-301
-206
-12
-317
-140
-132
-300
-69
-230
-285
-109
-262
-234
-218
-169
-216
-233
-277
-200
-70
-279
-184
-34
-200
-85
-91
42
76
-32
67
127
176
66
125
265
240
214
317
403
301
326
298
379
297
159
430
255
200
265
137
204
17
95
55
43
89
-7
99
2
24
-38
0
40
-20
81
9
11
12
4
5
14
13
36
85
18
34
87
-34
113
-27
83
145
61
120
167
86
71
126
83
18
215
116
50
229
76
132
-17
212
127
-138
224
110
-120
89
-4
78
-207
-53
80
-149
-303
156
-118
-342
41
-205
-71
-354
-13
-187
-105
-348
-33
-17
-500
152
-261
-278
130
-393
-46
-51
-273
-143
45
-216
-220
69
-218
-117
-198
-295
88
-401
-217
-61
-412
-146
-170
-455
-48
-356
-265
-265
-246
-337
-320
-217
-451
-170
-390
-74
-223
-241
-155
-174
-167
-121
22
29
93
39
93
229
161
153
243
340
357
300
441
451
278
338
416
384
229
271
551
230
131
306
209
151
44
147
131
70
48
18
156
-93
14
-45
42
-10
-39
124
23
46
-27
153
-67
112
148
-118
393
-164
160
254
-242
399
-108
204
223
25
338
113
183
106
227
150
-2
472
-20
255
333
-155
433
19
-64
379
-185
283
-4
-108
264
-85
-96
21
-110
131
-354
2
176
-407
-106
-132
30
-528
73
-37
-394
123
-537
399
-508
-305
622
-840
361
-95
-214
199
-447
353
-219
-233
399
-444
91
-149
-84
-63
-325
75
-187
-256
-72
-137
-273
-248
-265
-187
-342
-343
-47
-663
-175
-348
-617
55
-798
-59
-180
-551
181
-687
37
-126
-460
295
-186
157
-24
-48
400
-53
197
312
331
424
254
493
496
208
331
424
380
291
318
423
304
49
270
73
81
80
-17
198
2
127
-29
5
39
-76
67
97
73
107
48
242
-52
74
190
10
219
-9
426
145
-97
451
65
115
175
176
449
29
274
395
105
248
200
177
296
126
297
220
163
122
228
52
-7
319
-64
99
116
-164
153
-145
-147
-69
-137
-135
-238
-93
-284
-299
-202
-255
-431
-48
-334
-298
-113
-596
206
-693
-308
146
-718
88
-372
-113
-235
-354
4
-256
-156
-80
-177
-13
-386
-60
-81
-332
-112
-63
-341
-27
-385
-172
-251
-511
-46
-495
-166
-383
-394
-10
-737
-295
-122
-623
-269
-338
-140
-97
-581
-4
-190
-343
-91
19
182
-19
69
187
187
143
228
393
521
384
473
572
481
431
368
518
534
318
440
479
387
156
149
397
-43
6
232
114
96
-102
123
115
-281
33
-11
82
-20
-27
353
-98
151
86
80
211
10
311
276
165
137
233
122
115
149
197
316
157
225
245
166
113
116
212
252
214
202
358
115
73
164
96
128
-14
317
40
-68
150
-217
-127
25
-179
131
-316
236
-176
-532
45
-366
-252
-198
-107
-79
-285
-385
-68
-324
-387
178
-217
-265
93
-301
-129
-423
140
-108
-384
301
-286
52
-188
-291
307
-555
-74
168
-570
84
-147
-531
6
-477
-432
-176
-308
-393
-269
-379
-388
-571
-608
-345
-448
-536
-365
-108
-371
-287
-286
-237
-206
-51
-90
175
159
-1
88
144
289
173
416
576
552
514
522
578
464
323
559
601
428
465
396
324
215
19
170
176
11
43
17
10
-120
-216
-127
-165
-187
-88
103
-114
-54
-136
13
-96
-170
197
143
46
128
223
140
-1
153
282
173
142
255
270
139
109
128
269
158
135
340
286
251
120
207
245
67
225
162
300
279
42
188
158
-102
-111
128
-49
46
-119
-116
-21
-385
-246
-13
-264
-214
-119
-153
-206
-500
-94
-362
-16
-435
-68
142
-672
213
-430
-53
-82
-314
117
-54
38
-301
29
8
-335
-71
-14
35
-181
-243
-127
-258
-334
-472
15
-361
-411
-214
-771
-274
-805
-792
-409
-740
-439
-766
-330
-284
-659
-373
-459
-124
-377
-180
343
-49
-40
-82
324
312
215
572
646
733
457
659
754
566
512
643
931
585
518
548
392
239
-39
272
190
-90
-17
-73
-40
-357
-432
-150
-287
-206
-270
-121
-216
-358
-338
-182
-71
-90
47
34
164
115
-12
219
309
288
297
416
496
240
213
453
347
244
401
483
430
220
339
288
167
257
383
473
301
296
280
71
182
193
198
206
198
212
-42
2
-165
-79
-38
-157
176
-242
-186
-51
-484
-230
-187
-197
15
-371
-73
-102
-590
-146
-214
130
-192
-112
322
-289
-119
-197
68
103
-211
420
-131
-33
-285
-291
28
-382
167
-260
-356
2
-718
-540
-352
-528
-463
-763
-609
-697
-1191
-1050
-658
-528
-433
-296
-854
-459
-586
-579
26
186
520
-198
-11
334
218
376
604
1229
1067
698
1024
864
804
543
976
1330
888
808
590
568
117
-65
363
383
45
-158
-156
-316
-648
-607
-342
-169
-329
-271
-186
-482
-601
-503
-57
13
-97
71
165
-2
-235
115
352
328
310
509
600
237
154
273
460
384
329
544
357
279
167
278
232
112
211
279
339
155
53
131
-44
60
48
127
157
-98
18
-181
-101
-197
-272
-58
-187
-222
-414
-287
-362
-489
-199
-204
-465
-481
-184
-523
-549
-29
-384
-359
-345
-246
-30
-564
-158
304
-339
-356
130
1
-220
-189
-4
81
-267
-354
168
-201
-335
-364
-236
-392
-573
-296
-573
-609
-787
-999
-853
-1050
-894
-564
-525
-265
-806
-931
-563
-347
-210
-13
434
231
-471
60
548
586
631
926
1319
943
574
1045
1240
1012
1060
1305
1462
856
521
777
686
348
311
587
471
-293
-422
-184
-306
-373
-446
-147
-310
-705
-611
-522
-517
-637
-399
-109
-246
-451
-325
-110
-31
-11
296
425
252
82
280
462
394
432
576
672
410
316
397
404
462
552
630
434
163
224
321
415
433
363
356
48
85
56
153
158
-40
191
-32
-177
-199
-228
-62
-180
-142
-149
-322
-300
-346
-218
-231
-272
-265
-355
-214
-353
-343
-74
-161
-217
-228
-115
-19
-241
-116
87
-85
-162
-96
-8
-148
-96
-121
-85
-131
-323
-257
-400
-302
-423
-528
-321
-553
-747
-854
-921
-933
-1083
-845
-870
-774
-516
-541
-885
-1018
-361
-158
-170
141
282
12
-500
116
869
976
909
967
1308
871
699
1288
1589
1560
1102
1311
1282
751
697
829
1049
474
286
426
140
-174
-336
5
79
-305
-450
-411
-434
-542
-435
-131
-274
-485
-456
-230
-232
-317
-15
153
72
-50
138
282
225
279
527
650
435
287
444
508
435
431
546
499
263
387
463
463
185
256
495
355
286
174
266
91
-3
188
161
42
-206
-178
-1
-185
-216
-227
-218
-386
-568
-395
-407
-442
-526
-421
-417
-587
-511
-389
-305
-345
-366
-283
-266
-342
-211
-31
-129
-88
-109
-195
-27
-205
-121
-117
-130
-74
-287
-243
-278
-415
-418
-351
-311
-462
-563
-579
-806
-835
-877
-956
-1026
-1068
-1034
-935
-473
-436
-760
-1276
-595
-59
-69
152
299
154
-631
-154
957
1235
970
813
1189
1036
585
1335
1810
1765
1220
1028
1367
890
880
1078
1320
722
114
221
206
-4
-206
54
88
-402
-727
-616
-406
-418
-452
-200
-391
-674
-724
-356
-144
-247
-140
-33
-69
-228
-44
303
338
242
252
397
277
203
383
561
518
335
327
357
275
350
672
595
399
70
208
381
349
527
377
243
-100
-169
196
152
156
-34
-87
-121
-417
-101
-89
-99
-207
-366
-301
-515
-364
-325
-299
-344
-530
-413
-403
-364
-297
-239
-206
-333
-310
-217
-105
-23
-68
1
-163
-227
-253
-132
-48
-177
-190
-302
-321
-381
-387
-261
-359
-407
-556
-738
-778
-940
-942
-1013
-1147
-1176
-1226
-975
-545
-630
-1056
-1507
-705
-260
-161
-54
-34
-98
-809
-96
992
1257
777
541
1041
1055
881
1440
1877
1780
1002
984
1379
1181
1181
1153
1372
685
137
272
468
324
-63
11
6
-433
-699
-423
-125
-224
-467
-404
-526
-644
-582
-179
-64
-290
-365
-231
-97
-128
87
343
312
71
117
323
393
337
450
551
346
189
248
419
430
272
511
514
292
162
212
578
366
354
412
278
190
-120
340
444
143
35
-190
35
-228
-94
123
-115
-224
-530
-253
-207
-294
-232
-397
-386
-612
-495
-240
-283
-244
-336
-272
-335
-350
-194
-83
-32
-162
-122
-139
-208
-137
-60
31
-129
-297
-223
-136
-202
-236
-247
-347
-515
-547
-449
-519
-741
-846
-988
-1071
-1274
-1209
-1027
-1064
-601
-649
-927
-1662
-999
-82
66
-20
-128
-77
-807
-377
1005
1540
999
376
752
1109
1046
1652
2089
1965
1077
750
1440
1522
1616
1364
1307
664
20
357
745
710
97
-140
-240
-539
-605
-284
-38
-255
-717
-766
-802
-741
-574
-231
-218
-612
-713
-518
-218
-80
41
104
-47
-238
-57
331
490
381
325
311
238
266
418
563
566
390
474
304
313
381
619
701
365
332
262
265
322
299
470
177
-69
-7
28
191
-66
35
-101
-333
-330
-312
-57
-243
-312
-387
-486
-485
-402
-178
-192
-344
-399
-360
-289
-230
-149
-66
-123
-168
-184
-62
-25
-10
-23
-66
-138
-191
-166
-140
-142
-270
-334
-399
-396
-448
-528
-590
-698
-841
-888
-1011
-1149
-1313
-1299
-1293
-1055
-563
-656
-1099
-1675
-843
-108
55
-3
-33
-148
-800
-71
1262
1614
943
318
782
1235
1351
1866
2101
1768
891
849
1646
1861
1720
1220
1030
490
188
598
940
653
-85
-398
-324
-332
-384
-213
-142
-392
-790
-770
-626
-508
-371
-253
-329
-657
-689
-339
-27
102
81
-9
-133
-115
234
586
618
371
223
308
367
474
619
527
471
240
358
436
444
563
385
513
269
196
294
240
386
96
113
43
-138
15
-140
81
-157
-309
-234
-391
-174
-346
-258
-294
-462
-417
-514
-328
-353
-319
-314
-357
-311
-318
-164
-82
-93
-78
-156
-99
-82
26
52
-28
-65
-183
-93
-145
-102
-140
-245
-332
-415
-374
-409
-474
-578
-647
-761
-830
-964
-985
-1117
-1216
-1315
-1297
-1300
-1190
-531
-561
-1047
-1663
-759
103
120
71
118
31
-694
-13
1468
1828
920
391
990
1487
1379
1873
2212
1817
980
999
1869
1862
1552
1116
1012
586
256
609
821
426
-277
-480
-325
-352
-458
-353
-341
-591
-935
-866
-711
-583
-491
-430
-574
-806
-707
-344
-31
5
-56
-138
-148
-17
382
619
514
226
181
358
495
559
596
488
357
318
389
505
442
491
372
316
289
206
273
189
216
123
-33
-29
-43
83
-26
-120
-142
-269
-245
-228
-133
-172
-362
-358
-353
-284
-305
-290
-248
-298
-293
-275
-192
-168
-143
-92
-60
-44
-88
-57
-13
10
10
-16
-28
-104
-133
-96
-68
-129
-235
-325
-325
-404
-416
-506
-546
-645
-777
-816
-877
-986
-1088
-1196
-1250
-1375
-1338
-1241
-1202
-628
-664
-977
-1573
-887
36
49
55
30
9
-549
-144
1238
1722
1116
493
786
1345
1358
1836
2145
1842
1082
834
1587
1768
1647
1179
957
606
209
448
666
523
-162
-558
-478
-382
-381
-406
-455
-667
-967
-906
-755
-608
-584
-554
-570
-683
-602
-335
-79
-3
-41
-15
64
166
377
549
593
454
418
538
619
659
664
625
589
556
599
557
548
537
557
522
435
283
171
191
203
223
97
-60
-120
-161
-121
-129
-198
-220
-374
-353
-368
-337
-361
-392
-297
-410
-419
-399
-295
-184
-269
-276
-306
-234
-151
-93
-26
-41
-71
-102
-46
56
67
46
-47
-75
-107
-109
-76
-90
-130
-279
-307
-356
-396
-445
-485
-565
-721
-839
-802
-881
-980
-1109
-1187
-1220
-1289
-1183
-1243
-746
-505
-695
-1312
-1114
-162
78
96
283
391
-220
-418
852
1855
1561
848
792
1297
1370
1786
2317
2108
1325
750
1307
1775
1714
1313
904
589
120
208
530
518
-84
-670
-732
-548
-547
-607
-696
-771
-965
-1070
-935
-863
-722
-613
-511
-579
-614
-444
-218
9
125
151
96
91
274
561
707
622
501
547
618
677
727
723
635
543
545
607
596
464
424
339
334
214
103
165
99
51
-104
-93
-76
-200
-182
-200
-182
-236
-355
-266
-284
-271
-305
-284
-177
-254
-217
-177
-92
-131
-161
-54
7
-4
-23
5
57
45
57
103
100
31
-39
48
39
-37
-154
-112
-106
-190
-267
-345
-363
-469
-518
-612
-696
-811
-855
-876
-875
-971
-1176
-1316
-1338
-1204
-1160
-1196
-1174
-701
-610
-824
-1179
-670
-74
23
299
452
358
-268
103
1333
1862
1484
956
1098
1361
1394
1913
2278
1929
1100
811
1397
1554
1430
1011
703
274
-122
49
194
32
-518
-813
-800
-793
-835
-835
-844
-945
-1062
-1006
-941
-865
-710
-511
-403
-449
-422
-244
-30
168
336
451
445
392
523
732
795
781
737
717
661
659
733
698
737
660
614
439
341
374
345
345
178
93
-42
-133
-33
-36
-99
-280
-366
-312
-382
-302
-309
-297
-356
-463
-323
-343
-274
-270
-229
-192
-284
-216
-141
-99
-126
-94
-47
-87
-128
-72
12
59
-5
-7
-44
-48
-73
-27
-21
-112
-183
-228
-177
-221
-288
-382
-444
-511
-555
-604
-600
-764
-840
-947
-945
-1052
-1140
-1180
-1177
-1068
-997
-408
-365
-670
-1161
-683
129
251
465
574
438
-137
145
1400
1973
1650
1221
1220
1484
1469
1985
2382
2073
1383
866
1312
1425
1364
1122
793
308
-232
-118
35
-119
-577
-850
-891
-1027
-1158
-1057
-885
-928
-1156
-1206
-1139
-1037
-870
-624
-423
-475
-497
-375
-118
188
358
464
392
376
485
669
808
768
721
634
578
568
593
616
485
467
411
310
272
158
182
49
33
41
-79
-112
-231
-165
-175
-232
-171
-235
-201
-313
-276
-120
-117
-42
-120
-86
-111
-128
53
79
109
-27
-78
0
50
128
84
41
-66
-109
-26
8
7
-67
-118
-167
-217
-217
-242
-218
-248
-297
-356
-406
-400
-441
-496
-507
-565
-645
-752
-765
-754
-930
-1049
-1221
-1163
-1216
-1231
-1223
-1135
-477
-445
-656
-1140
-602
30
100
478
687
490
-280
-44
1268
1836
1594
1241
1229
1338
1158
1783
2241
2085
1393
850
1207
1147
1159
999
821
367
-253
-262
-195
-239
-552
-735
-686
-852
-1079
-1068
-834
-629
-710
-767
-867
-888
-687
-328
-37
-71
-115
-137
-7
299
567
716
613
494
551
722
852
809
737
654
581
571
530
465
330
275
345
251
128
15
-30
-51
-123
-52
-66
-151
-239
-291
-210
-235
-199
-140
-161
-142
-235
-160
-87
-64
73
46
25
-44
2
116
113
133
69
-5
3
20
89
26
-61
-121
-151
-149
-190
-181
-234
-315
-381
-359
-354
-445
-478
-463
-413
-469
-564
-578
-578
-523
-520
-540
-592
-726
-763
-803
-786
-911
-1047
-1166
-1172
-1101
-1035
-391
-191
-483
-1165
-852
-91
134
400
714
624
-237
-396
769
1690
1626
1225
1118
1184
933
1275
1934
2094
1499
852
953
983
927
813
842
532
-9
-236
-255
-328
-613
-610
-454
-520
-847
-1078
-927
-715
-559
-427
-501
-659
-751
-489
-131
68
118
56
49
173
467
696
680
576
586
743
810
773
636
546
523
538
572
463
236
36
58
137
164
104
-14
-137
-224
-226
-104
-52
-49
-119
-174
-156
-167
-34
70
153
116
31
56
80
189
275
285
245
180
148
162
145
132
90
59
20
-56
-139
-235
-266
-240
-230
-321
-397
-474
-461
-465
-453
-427
-483
-525
-572
-548
-525
-501
-505
-508
-486
-475
-514
-561
-607
-586
-591
-633
-788
-957
-1039
-1099
-1003
-1035
-757
-350
-212
-632
-1057
-645
-71
152
436
669
522
-197
-113
781
1422
1409
1145
1290
1297
1120
1234
1592
1749
1377
1160
1217
1114
776
543
597
572
382
180
-7
-359
-713
-676
-330
-232
-487
-791
-819
-760
-691
-592
-481
-450
-467
-362
-276
-224
-173
-67
144
329
415
382
289
285
412
633
713
607
463
348
361
395
419
404
298
181
98
123
97
43
-15
-19
-42
-126
-161
-161
-144
-164
-150
-77
-72
-90
-43
14
58
-17
-5
67
108
118
53
55
50
55
79
89
78
29
9
22
-35
-112
-142
-107
-78
-95
-142
-203
-277
-306
-286
-283
-256
-272
-375
-379
-264
-270
-436
-453
-319
-309
-408
-431
-382
-433
-553
-530
-445
-529
-662
-681
-714
-746
-770
-786
-763
-764
-475
-197
-257
-474
-555
-365
-199
76
402
583
374
88
229
629
931
1087
1184
1252
1169
1111
1159
1223
1211
1104
1120
1089
950
740
580
418
240
156
135
39
-204
-466
-504
-384
-423
-586
-724
-728
-672
-660
-663
-675
-663
-608
-472
-317
-212
-252
-277
-242
-59
170
279
310
255
263
294
360
425
461
481
469
491
441
357
275
233
310
329
304
237
116
48
-4
25
73
95
73
-15
-12
-15
-32
-54
-52
14
14
27
50
39
-3
-49
-9
41
44
62
61
30
-42
-78
-20
26
50
43
-7
-26
4
-21
-12
11
-4
-94
-131
-59
-51
-80
-180
-68
-105
-234
-155
-246
-254
-360
-397
-247
-468
-584
-569
-558
-516
-618
-591
-578
-670
-726
-733
-740
-816
-809
-753
-583
-405
-269
-310
-454
-370
-167
91
328
519
644
529
487
604
808
990
1030
1263
1383
1342
1237
1116
1110
978
872
920
883
775
553
322
134
-90
-200
-219
-268
-437
-644
-716
-723
-794
-902
-904
-839
-814
-809
-750
-658
-593
-515
-397
-287
-187
-77
45
176
278
371
413
434
461
505
575
606
600
568
515
506
483
422
300
202
187
163
152
115
61
-42
-151
-173
-152
-126
-122
-130
-114
-140
-159
-151
-93
-28
14
72
67
71
75
93
157
159
143
101
119
192
188
158
93
58
34
25
65
80
35
-53
-72
-62
-101
-182
-107
-79
-155
-122
-140
-222
-343
-408
-315
-314
-406
-402
-436
-432
-494
-652
-651
-677
-622
-611
-700
-709
-811
-900
-919
-861
-830
-678
-380
-80
-177
-406
-411
-212
138
470
741
737
600
663
869
1043
1093
1061
1264
1395
1430
1350
1164
1003
729
665
743
686
496
186
-57
-283
-485
-581
-675
-844
-1061
-1121
-1006
-885
-957
-1079
-1086
-965
-823
-706
-596
-514
-399
-231
-35
101
157
266
410
557
659
705
746
743
744
767
732
661
607
609
620
522
388
255
138
69
51
82
79
-5
-86
-148
-160
-201
-198
-119
-72
-55
-95
-66
-6
46
83
86
101
114
192
278
296
273
227
211
237
245
216
158
104
51
23
17
13
-34
-122
-161
-180
-168
-163
-158
-177
-225
-261
-294
-333
-299
-273
-295
-367
-404
-476
-547
-527
-502
-487
-521
-559
-643
-747
-813
-825
-868
-952
-999
-992
-1031
-927
-640
-313
-175
-399
-470
-319
-60
334
559
753
605
573
776
981
1212
1163
1274
1451
1517
1544
1358
1181
857
660
733
739
653
327
36
-242
-499
-648
-734
-855
-1023
-1159
-1151
-1008
-960
-999
-1027
-993
-871
-724
-543
-398
-298
-104
84
281
374
443
579
680
841
921
961
968
945
930
874
788
700
658
621
567
457
334
182
47
5
-11
-33
-89
-140
-158
-178
-173
-157
-143
-67
-63
-63
-24
71
182
220
263
294
298
322
360
397
376
290
251
233
213
144
64
-17
-98
-155
-168
-208
-296
-361
-386
-385
-431
-460
-478
-455
-445
-458
-451
-458
-476
-496
-464
-424
-425
-481
-487
-464
-477
-498
-559
-596
-661
-723
-797
-887
-967
-1070
-1124
-1200
-1060
-675
-317
-202
-433
-522
-413
-163
337
642
831
597
577
878
1128
1364
1251
1351
1427
1509
1612
1507
1362
1021
773
745
652
555
301
110
-154
-460
-623
-737
-853
-1091
-1231
-1164
-955
-834
-839
-851
-804
-641
-450
-307
-247
-156
113
407
641
684
667
710
827
1020
1129
1117
985
857
834
872
827
630
399
233
102
40
-51
-181
-346
-474
-522
-519
-479
-449
-419
-433
-383
-285
-151
-4
62
100
146
255
387
490
591
618
647
685
661
669
625
569
506
416
350
191
62
-58
-199
-311
-406
-462
-591
-727
-821
-853
-855
-840
-802
-797
-786
-760
-668
-576
-556
-539
-489
-359
-290
-264
-251
-271
-274
-290
-303
-376
-515
-642
-752
-832
-969
-1129
-1244
-1343
-1312
-888
-404
-170
-434
-628
-442
-283
180
490
862
750
574
856
1124
1465
1389
1383
1514
1481
1621
1613
1622
1378
949
832
650
563
352
207
-14
-354
-565
-632
-737
-1024
-1237
-1183
-906
-716
-667
-631
-551
-389
-188
20
143
99
253
497
778
932
1001
1071
1034
1060
1079
1129
1066
890
749
681
670
549
336
120
-111
-281
-363
-397
-529
-705
-807
-772
-716
-663
-583
-511
-414
-311
-97
73
211
306
408
579
659
754
819
874
902
887
907
857
738
616
491
394
244
89
-70
-227
-365
-521
-617
-705
-817
-928
-998
-1057
-1081
-1043
-935
-859
-810
-756
-687
-573
-470
-360
-274
-178
-125
-91
-76
-82
-111
-144
-158
-224
-358
-556
-709
-855
-1011
-1163
-1346
-1455
-1640
-1480
-968
-484
-387
-632
-508
-248
-43
354
628
923
726
789
1224
1493
1748
1559
1729
1703
1657
1670
1614
1593
1156
844
693
539
300
31
-148
-463
-758
-874
-889
-1045
-1334
-1387
-1217
-883
-776
-697
-579
-385
-103
113
337
340
369
551
778
966
1030
1112
1174
1129
1129
1088
1040
866
654
518
444
369
177
-40
-257
-449
-604
-673
-796
-966
-1051
-1033
-922
-851
-791
-658
-529
-325
-133
77
318
450
621
779
952
1084
1087
1129
1151
1111
1073
951
871
722
584
473
278
121
-106
-299
-418
-560
-692
-838
-946
-993
-1062
-1076
-1089
-1077
-988
-861
-727
-635
-553
-441
-301
-189
-97
-34
33
63
89
105
67
39
-45
-101
-223
-398
-561
-738
-896
-1075
-1264
-1427
-1576
-1705
-1777
-1897
-1521
-1025
-542
-483
-520
-140
55
395
678
1026
1172
974
1244
1631
1923
1987
1791
2002
1898
1880
1780
1627
1371
814
621
475
334
10
-286
-579
-864
-1045
-1094
-1137
-1337
-1483
-1417
-1128
-805
-716
-577
-389
-86
225
405
573
527
636
843
1043
1152
1166
1217
1247
1222
1196
1041
810
567
373
293
147
-62
-275
-400
-480
-589
-724
-826
-965
-1033
-1046
-990
-883
-832
-640
-438
-193
11
152
394
528
686
843
976
1109
1095
1153
1195
1182
1105
949
853
717
524
316
110
-52
-206
-368
-491
-600
-713
-803
-901
-964
-1032
-1037
-962
-910
-795
-669
-509
-368
-244
-125
-47
18
66
109
138
167
164
159
103
20
-85
-230
-391
-586
-764
-944
-1122
-1299
-1471
-1579
-1696
-1781
-1833
-1839
-1719
-1273
-833
-513
-390
-78
387
533
901
1056
1404
1332
1361
1668
1806
1991
1850
1982
2045
1978
1829
1608
1381
987
543
300
6
-331
-654
-863
-1063
-1254
-1309
-1350
-1442
-1590
-1533
-1421
-1196
-1029
-823
-504
-203
130
356
578
732
756
828
907
973
1048
1087
1172
1145
1111
1070
957
807
601
390
161
-109
-376
-548
-658
-738
-856
-898
-897
-937
-922
-895
-823
-757
-616
-382
-184
31
240
479
717
918
1051
1143
1158
1161
1132
1048
970
866
798
714
609
488
346
212
45
-148
-321
-487
-582
-673
-761
-821
-845
-809
-766
-705
-621
-545
-468
-363
-264
-153
-69
30
117
166
215
221
228
199
118
54
-67
-195
-364
-547
-678
-835
-960
-1084
-1203
-1318
-1449
-1541
-1615
-1652
-1620
-1624
-1419
-956
-480
-172
38
485
869
1005
1275
1509
1719
1575
1507
1740
1850
1913
1783
1838
1867
1725
1591
1422
1187
761
268
-71
-407
-751
-998
-1206
-1359
-1469
-1455
-1370
-1404
-1436
-1341
-1207
-1001
-861
-664
-402
-138
185
434
694
851
934
1070
1164
1191
1176
1116
1077
973
906
859
722
578
428
275
95
-138
-380
-582
-780
-910
-1063
-1098
-1109
-1144
-1048
-900
-664
-533
-370
-199
-38
147
274
450
609
733
818
917
1042
1081
1026
965
867
754
604
464
330
164
15
-101
-176
-290
-422
-519
-565
-627
-690
-741
-757
-748
-726
-639
-533
-428
-322
-177
-7
89
143
203
237
258
226
177
140
44
-52
-151
-271
-419
-589
-711
-838
-1001
-1144
-1279
-1360
-1466
-1539
-1566
-1607
-1590
-1589
-1351
-922
-558
-295
-72
419
818
960
1254
1506
1735
1618
1553
1785
1795
1726
1544
1607
1728
1552
1439
1335
1193
842
331
15
-331
-721
-1057
-1365
-1549
-1628
-1634
-1556
-1519
-1408
-1198
-1060
-872
-704
-470
-219
-61
155
422
671
850
950
1145
1312
1321
1383
1359
1323
1179
1015
936
759
604
434
244
68
-150
-317
-411
-575
-716
-856
-931
-968
-1044
-986
-885
-739
-607
-461
-227
-30
188
413
613
794
865
933
1005
1024
1002
924
868
799
738
661
581
468
300
158
14
-120
-264
-417
-552
-647
-697
-761
-808
-801
-762
-692
-642
-549
-453
-341
-222
-136
-40
6
30
46
57
69
42
16
-35
-113
-193
-325
-440
-580
-743
-857
-1027
-1144
-1273
-1372
-1424
-1510
-1502
-1508
-1419
-1314
-1196
-815
-492
-218
-5
333
785
937
1224
1520
1754
1778
1650
1809
1863
1730
1525
1434
1490
1354
1180
1107
1006
792
431
142
-98
-449
-825
-1127
-1359
-1522
-1649
-1651
-1566
-1455
-1227
-1007
-770
-520
-270
-37
157
339
537
679
802
914
1037
1198
1226
1282
1362
1375
1308
1147
1034
845
602
404
176
-44
-300
-499
-607
-716
-812
-911
-962
-963
-945
-897
-793
-686
-605
-489
-300
-111
77
268
453
647
796
962
1065
1103
1100
1037
1000
886
742
583
444
328
188
71
-52
-140
-187
-227
-298
-388
-479
-559
-637
-692
-688
-673
-642
-571
-429
-253
-101
10
118
221
272
289
284
271
200
120
58
-24
-122
-262
-357
-440
-552
-648
-758
-857
-970
-1122
-1229
-1324
-1420
-1453
-1495
-1416
-1330
-1199
-839
-572
-286
-45
335
756
888
1186
1403
1598
1583
1510
1662
1601
1461
1297
1309
1299
1126
978
944
825
555
284
59
-163
-536
-795
-1027
-1266
-1445
-1538
-1519
-1471
-1361
-1178
-957
-743
-428
-154
84
263
430
651
724
784
873
976
1043
1032
1121
1218
1204
1156
1093
1037
860
630
463
239
-27
-280
-479
-605
-756
-898
-922
-930
-903
-852
-785
-653
-618
-536
-375
-245
-62
12
246
445
515
713
760
926
952
905
963
834
774
631
486
401
187
34
-113
-271
-314
-403
-440
-464
-538
-504
-535
-571
-588
-633
-622
-611
-555
-448
-392
-303
-161
-38
90
155
221
288
254
221
135
23
-84
-258
-341
-430
-538
-612
-707
-763
-849
-951
-979
-1053
-1134
-1171
-1230
-1201
-1236
-1235
-1167
-978
-706
-461
-176
159
588
813
1118
1431
1695
1749
1625
1737
1695
1572
1326
1244
1239
1051
911
854
807
593
336
145
-1
-319
-644
-911
-1126
-1338
-1525
-1551
-1559
-1508
-1409
-1200
-942
-644
-355
-88
156
390
597
676
744
815
902
898
884
943
1028
1035
996
1002
1022
949
798
715
574
325
37
-168
-331
-552
-748
-815
-843
-850
-812
-697
-559
-456
-320
-161
18
121
269
361
449
516
595
698
691
750
777
839
795
740
724
606
455
290
175
32
-157
-295
-396
-509
-563
-585
-574
-605
-609
-517
-466
-437
-427
-372
-299
-252
-186
-88
-13
19
82
168
215
213
200
171
97
4
-93
-211
-359
-506
-613
-718
-842
-946
-1028
-1098
-1157
-1164
-1167
-1151
-1150
-1118
-1071
-1065
-833
-626
-420
-182
59
520
686
988
1325
1535
1693
1583
1781
1787
1607
1430
1290
1256
1018
824
792
671
456
251
94
4
-305
-550
-739
-966
-1147
-1350
-1406
-1452
-1453
-1345
-1162
-945
-631
-356
-110
160
408
694
786
871
992
1028
1029
967
1000
1035
932
882
887
880
806
635
581
461
256
79
-118
-286
-517
-706
-799
-907
-950
-922
-856
-711
-587
-394
-204
-56
156
270
357
407
451
523
471
450
489
473
474
416
439
453
353
305
209
150
12
-157
-241
-374
-504
-605
-675
-706
-755
-750
-666
-621
-527
-437
-339
-234
-165
-67
-8
43
93
143
175
183
180
182
143
89
61
-8
-82
-192
-287
-403
-527
-665
-783
-875
-975
-1026
-1058
-1074
-1071
-1061
-989
-942
-841
-572
-423
-185
-28
301
610
718
1103
1302
1500
1484
1512
1703
1581
1457
1328
1271
1169
936
841
774
569
388
212
106
-93
-396
-566
-782
-978
-1179
-1313
-1399
-1441
-1408
-1299
-1145
-935
-629
-410
-146
124
397
597
651
823
944
956
948
931
982
930
852
875
843
779
652
570
524
343
178
27
-129
-285
-479
-583
-690
-803
-829
-823
-767
-664
-509
-355
-178
-3
218
322
381
509
526
559
487
504
522
404
397
374
388
346
247
249
184
79
-11
-107
-178
-339
-451
-493
-572
-600
-626
-586
-537
-502
-407
-301
-207
-109
-17
71
154
178
201
207
203
197
148
104
72
27
-28
-112
-173
-220
-323
-438
-520
-601
-720
-840
-932
-967
-1042
-1103
-1093
-1092
-1063
-1014
-941
-708
-530
-350
-107
85
458
579
833
1121
1243
1396
1333
1498
1495
1347
1275
1173
1126
950
771
718
568
370
216
41
-61
-317
-507
-654
-869
-995
-1142
-1188
-1223
-1225
-1162
-1048
-893
-652
-439
-237
25
242
475
581
716
860
865
876
872
886
868
774
765
753
689
634
520
469
355
201
80
-73
-194
-368
-494
-572
-642
-678
-676
-611
-509
-404
-281
-128
26
166
255
333
392
409
415
411
417
408
351
343
342
329
307
256
247
204
126
31
-60
-156
-286
-385
-449
-496
-541
-565
-538
-493
-443
-358
-267
-158
-69
17
102
155
180
174
179
170
144
69
32
-4
-51
-99
-163
-200
-268
-334
-414
-494
-595
-706
-805
-901
-950
-1033
-1065
-1079
-1058
-998
-948
-876
-735
-521
-366
-162
55
354
524
683
985
1131
1236
1218
1336
1428
1283
1203
1163
1124
953
786
757
648
445
275
130
19
-212
-426
-552
-753
-895
-1035
-1092
-1122
-1154
-1086
-1003
-861
-670
-478
-300
-77
156
366
478
582
730
754
751
761
785
761
655
643
651
597
511
461
450
365
241
131
47
-82
-222
-328
-394
-443
-490
-466
-438
-373
-287
-186
-58
81
209
288
330
385
427
418
409
402
405
372
348
358
344
288
240
223
191
113
15
-61
-153
-248
-350
-417
-462
-509
-516
-496
-441
-388
-324
-237
-151
-60
11
88
135
149
158
151
136
91
49
0
-41
-86
-139
-182
-213
-262
-334
-415
-494
-579
-680
-778
-847
-912
-980
-1016
-1034
-1004
-991
-931
-830
-632
-473
-324
-113
116
385
488
750
976
1083
1156
1180
1319
1245
1140
1113
1058
978
827
762
720
569
444
337
200
41
-205
-364
-557
-760
-895
-1043
-1112
-1164
-1157
-1078
-993
-830
-611
-421
-225
-4
226
388
462
597
692
699
720
731
742
659
601
623
589
549
520
507
480
385
301
228
115
-16
-137
-223
-294
-373
-384
-369
-332
-243
-179
-54
50
147
261
282
344
369
363
368
315
312
273
211
221
200
188
163
143
139
87
36
-28
-102
-188
-291
-357
-430
-498
-531
-540
-516
-476
-411
-315
-232
-157
-86
-27
37
67
77
93
78
57
25
-20
-38
-70
-95
-113
-152
-177
-234
-306
-377
-445
-516
-609
-681
-757
-813
-869
-903
-912
-883
-822
-745
-685
-536
-361
-225
-31
146
403
497
652
886
970
1035
1038
1161
1160
1039
1021
1012
955
826
728
699
584
416
317
203
73
-131
-296
-403
-571
-718
-829
-909
-967
-1001
-962
-870
-780
-622
-466
-317
-127
38
196
299
413
532
540
545
588
604
565
518
529
513
447
411
384
333
245
160
111
49
-45
-132
-169
-223
-281
-307
-288
-252
-242
-195
-108
-21
67
132
210
289
315
327
319
314
299
270
248
215
188
159
117
90
55
4
-31
-77
-123
-195
-250
-280
-324
-332
-348
-351
-313
-283
-256
-210
-167
-110
-71
-19
42
60
81
69
64
51
40
34
21
13
-7
-20
-48
-89
-152
-230
-288
-362
-450
-534
-618
-681
-739
-779
-793
-787
-757
-734
-676
-606
-527
-449
-311
-161
-41
90
221
406
500
633
799
890
960
993
1071
1074
1005
976
932
824
681
587
517
381
233
151
43
-96
-225
-304
-386
-531
-625
-665
-690
-739
-739
-662
-584
-522
-398
-260
-142
-5
115
235
302
385
453
481
521
529
526
492
460
454
415
359
326
276
253
235
200
180
134
97
61
16
1
-30
-78
-108
-124
-122
-124
-96
-38
6
41
86
138
179
191
205
232
223
203
162
117
54
-27
-77
-139
-202
-258
-297
-316
-340
-341
-319
-295
-289
-272
-244
-227
-230
-210
-199
-203
-182
-173
-154
-137
-117
-85
-44
-21
7
31
44
50
35
12
-34
-84
-136
-203
-271
-344
-405
-462
-511
-546
-568
-571
-571
-554
-512
-475
-450
-425
-385
-356
-323
-274
-232
-180
-119
-29
80
190
314
461
593
704
808
905
952
946
932
882
798
694
593
493
361
248
157
57
-28
-104
-151
-212
-292
-329
-356
-396
-442
-465
-472
-475
-470
-444
-386
-335
-263
-160
-52
45
146
261
344
406
459
501
519
501
492
449
399
380
348
329
294
297
294
284
284
270
276
230
185
151
81
23
-36
-73
-108
-143
-130
-109
-82
-46
-8
48
92
128
152
153
139
104
75
24
-47
-105
-160
-210
-241
-241
-231
-222
-203
-175
-156
-142
-135
-131
-142
-158
-180
-205
-221
-236
-229
-219
-198
-166
-134
-86
-45
-10
13
18
8
-6
-31
-59
-112
-169
-223
-283
-332
-380
-423
-448
-462
-462
-440
-430
-385
-356
-321
-272
-235
-207
-174
-147
-120
-91
-57
6
33
85
156
235
319
386
472
526
566
621
631
631
630
579
519
450
380
289
183
112
33
-54
-116
-155
-192
-250
-284
-280
-291
-305
-308
-299
-276
-279
-265
-226
-190
-138
-78
8
85
149
233
299
343
391
430
471
467
445
435
401
353
288
239
175
121
77
42
2
-32
-40
-44
-47
-55
-37
-29
-18
-11
3
24
19
29
43
49
60
67
80
71
52
48
28
-4
-35
-67
-104
-152
-189
-229
-268
-291
-316
-321
-316
-310
-308
-287
-263
-233
-200
-167
-131
-92
-59
-17
26
67
100
120
147
157
163
152
135
113
81
47
7
-38
-86
-142
-175
-214
-253
-284
-326
-341
-358
-372
-355
-339
-322
-302
-275
-230
-186
-127
-64
-7
54
117
167
215
264
314
336
373
400
399
397
367
355
314
268
220
166
122
72
30
-19
-67
-122
-171
-212
-239
-258
-281
-275
-270
-251
-223
-190
-147
-109
-55
-7
39
86
135
171
196
231
259
279
294
293
298
298
281
268
261
245
230
205
189
183
155
132
121
114
107
99
90
83
76
71
80
90
109
139
158
162
160
151
152
140
120
106
77
35
-13
-57
-104
-142
-182
-231
-278
-311
-347
-373
-376
-390
-396
-402
-394
-384
-365
-337
-313
-272
-234
-195
-162
-119
-67
-22
14
55
88
110
125
121
122
96
69
38
-4
-45
-84
-119
-164
-201
-245
-275
-294
-311
-330
-347
-341
-324
-305
-291
-261
-218
-168
-112
-70
-2
67
115
176
243
321
385
424
455
480
495
486
486
481
455
423
392
359
315
275
224
181
144
101
57
3
-40
-82
-116
-139
-164
-171
-166
-162
-149
-132
-111
-87
-50
-11
27
61
88
116
148
161
167
178
176
162
144
135
121
103
85
61
41
13
0
-12
-25
-36
-41
-43
-52
-55
-51
-35
-37
-33
-21
-6
4
11
26
40
50
56
51
49
41
21
-3
-28
-52
-89
-125
-171
-205
-244
-280
-304
-330
-339
-338
-336
-332
-313
-284
-258
-231
-199
-173
-142
-106
-66
-31
0
38
66
90
110
140
166
165
170
169
166
138
109
96
72
50
11
-14
-32
-64
-100
-130
-149
-169
-185
-186
-185
-186
-191
-178
-149
-113
-76
-38
8
43
92
134
171
209
245
278
296
306
307
307
290
262
238
209
184
159
135
105
74
47
18
5
-13
-35
-51
-63
-76
-84
-89
-93
-93
-85
-68
-53
-40
-26
-11
3
20
46
61
72
90
102
118
121
116
117
122
123
114
109
91
76
66
57
50
36
33
37
34
28
28
31
31
39
52
61
71
78
98
105
99
95
93
87
66
46
25
14
-9
-37
-57
-92
-120
-160
-202
-238
-275
-304
-341
-362
-387
-394
-387
-382
-366
-346
-317
-292
-262
-220
-184
-151
-123
-91
-55
-29
6
31
53
73
82
92
104
118
120
107
108
105
91
75
55
48
30
7
-14
-33
-40
-51
-56
-64
-67
-66
-47
-27
-17
-1
17
38
61
91
122
154
187
213
238
264
274
278
281
271
241
203
176
152
116
77
42
17
-4
-25
-42
-58
-65
-72
-75
-75
-75
-83
-98
-108
-114
-114
-130
-133
-120
-120
-116
-119
-102
-95
-97
-85
-71
-57
-60
-54
-55
-60
-56
-62
-68
-77
-80
-79
-68
-56
-52
-36
-23
-8
1
19
44
54
70
84
100
108
116
133
138
145
146
140
143
142
146
139
129
124
98
78
56
30
-6
-41
-63
-92
-109
-129
-144
-154
-156
-149
-135
-119
-105
-73
-47
-20
-3
20
44
56
80
101
115
134
147
155
161
162
161
153
154
157
151
142
136
115
92
69
38
12
-11
-24
-42
-55
-64
-73
-75
-78
-77
-73
-66
-57
-51
-38
-26
-13
8
25
40
57
79
96
108
121
124
122
126
125
104
89
55
28
4
-20
-37
-56
-70
-87
-92
-92
-90
-89
-87
-82
-79
-77
-79
-81
-84
-90
-101
-103
-99
-92
-87
-77
-74
-72
-66
-54
-43
-37
-24
-20
-12
-9
-11
-12
-19
-18
-25
-34
-41
-39
-40
-39
-24
-11
0
11
34
53
67
73
74
76
75
73
