15
-16
16
-16
-10
16
-8
71
-11
34
8
14
51
-13
61
0
42
5
2
2
27
3
-1
61
-14
4
21
-3
-28
43
-50
45
-28
-19
6
-39
67
-37
24
37
-12
19
7
-32
38
10
-7
76
-28
63
-27
39
23
-25
75
-34
51
-7
8
-43
25
-23
-14
22
-35
18
-70
17
-60
18
-43
2
-47
-29
-4
-2
26
11
5
-16
1
-28
28
15
3
4
16
3
32
3
39
27
-41
103
-26
-6
16
-69
6
-77
18
-26
-13
34
-26
-52
-74
37
-35
25
9
-59
5
-84
118
45
15
98
-41
47
21
29
96
-29
-9
9
-52
6
41
19
49
-30
-8
0
-52
33
-48
-37
-51
-70
-5
-58
-13
28
-59
-18
-6
17
40
4
86
-27
8
23
24
107
48
71
78
16
95
69
69
27
-40
-30
-47
-6
32
-26
-35
-25
-86
-51
-8
-5
-10
13
-9
-28
-39
-71
11
-38
90
62
6
78
-19
118
-29
78
17
1
19
32
34
62
58
14
19
-32
19
-21
52
-55
-35
-78
-98
-106
-91
-51
-72
19
-35
-21
-6
8
31
32
-7
66
22
38
48
-5
72
6
66
42
43
69
-14
43
-11
9
33
27
-48
-52
-101
-38
-28
-25
79
-82
25
-37
-64
-6
-31
17
59
-28
6
13
-91
43
-27
20
89
35
12
-42
-70
-28
-57
-15
32
30
62
-66
-76
-31
-78
-11
7
-41
-77
-130
-66
-76
-54
-47
-36
21
-37
21
-15
56
10
-25
91
-40
41
6
-57
36
1
-9
-11
32
31
-2
-49
-12
18
-11
28
19
-12
-60
-93
-64
-36
-39
-3
31
-12
-36
2
-1
14
2
32
-2
-7
27
-53
17
-21
-52
-63
-73
29
-85
-80
-58
-72
-45
-81
14
3
30
-5
42
88
-33
11
45
27
-42
-55
31
-27
32
31
24
17
-38
72
59
62
92
71
21
-36
14
31
31
47
64
-11
-65
-19
-58
-35
-15
-48
-67
-88
-97
-62
-49
-69
-44
-44
2
-18
-5
28
17
-16
41
58
42
52
32
38
-11
-31
-44
-14
-51
-52
-15
7
-24
-54
33
-54
11
80
84
48
28
66
26
-18
10
74
-11
-36
-54
-14
-48
-114
-10
-12
-38
2
-18
17
-20
34
93
30
41
36
43
-34
-13
28
-32
-17
-4
30
-46
-52
-69
-71
-32
-60
-15
-42
-46
-75
-50
-21
-30
-58
-48
-16
-17
17
-27
-29
-37
-28
-20
2
3
4
4
-3
-8
-57
-9
-23
-12
14
52
77
32
56
36
-9
0
27
-1
8
-4
-32
-34
-41
12
6
10
32
34
44
28
40
53
81
71
69
88
65
62
52
57
50
24
11
-3
-20
-12
-8
-7
9
33
44
11
11
25
33
43
9
27
40
55
61
58
73
77
74
76
76
69
67
32
26
1
-25
-58
-46
11
17
45
13
10
21
24
53
71
83
72
50
34
35
37
43
21
13
2
-18
-30
-42
-60
-61
-57
-68
-78
-97
-94
-109
-106
-77
-74
-74
-62
-57
-72
-61
-82
-101
-98
-119
-109
-127
-103
-100
-86
-70
-73
-45
-51
-41
-42
-49
-48
-42
-50
-45
-66
-63
-70
-95
-58
-70
-92
-130
-139
-123
-121
-70
-28
25
48
76
80
75
66
40
28
34
20
18
46
47
78
90
138
152
165
161
145
160
133
147
131
120
130
139
167
151
147
128
144
142
158
162
169
184
185
191
168
169
138
121
105
81
46
20
16
9
26
44
70
53
67
43
21
18
4
-14
-56
-47
-77
-83
-93
-80
-104
-136
-161
-204
-212
-244
-234
-271
-250
-227
-206
-194
-176
-157
-201
-215
-269
-290
-370
-401
-464
-569
-616
-647
-662
-702
-713
-749
-796
-786
-705
-668
-634
-585
-500
-320
-23
381
793
1103
1335
1527
1636
1700
1652
1509
1168
783
450
174
5
-94
-144
-219
-173
-71
60
177
222
197
166
194
213
254
240
202
170
195
250
303
338
310
280
244
294
382
500
595
656
725
744
731
642
502
296
92
-83
-196
-293
-348
-392
-418
-409
-404
-361
-405
-461
-515
-529
-499
-447
-389
-358
-332
-304
-266
-270
-283
-353
-434
-509
-559
-578
-658
-707
-803
-831
-829
-835
-804
-875
-946
-1077
-1203
-1278
-1404
-1531
-1766
-2006
-2198
-2159
-1192
28
1052
1586
2193
2569
2483
2970
3155
2745
1579
817
34
-741
-743
-590
-514
-756
-469
-286
31
368
430
32
-491
-442
-414
-199
-110
172
139
106
264
439
596
391
163
-201
-145
236
734
1027
1179
1210
1105
1035
846
597
199
-182
-526
-592
-293
56
277
358
431
524
571
510
340
158
-39
-157
-59
251
534
678
652
555
519
470
353
144
27
-56
-53
83
274
435
423
275
58
-83
-214
-355
-509
-548
-467
-318
-126
46
185
197
117
-41
-113
-163
-247
-329
-334
-257
-236
-240
-320
-414
-568
-728
-885
-982
-1007
-1032
-1016
-985
-846
-744
-740
-783
-898
-1017
-1255
-1514
-1786
-2034
-2314
-2591
-2723
-2683
-1335
213
1538
1971
2426
2811
2378
2978
3074
2815
1420
484
-287
-1091
-982
-935
-816
-1365
-1180
-1184
-685
-260
-168
-347
-830
-445
-203
301
398
594
393
145
180
317
551
361
174
-272
-89
454
1081
1352
1348
1250
963
828
659
495
183
39
-92
-22
452
933
1038
793
585
315
74
-66
-177
-297
-341
-243
-129
208
523
575
449
394
675
655
761
710
691
761
756
945
740
741
430
19
-400
-522
-595
-635
-533
-477
-122
51
321
343
407
405
256
173
166
138
112
91
-35
-29
-196
-361
-663
-850
-949
-997
-962
-830
-591
-442
-240
-179
-37
-67
-152
-303
-450
-506
-616
-650
-722
-732
-877
-998
-1187
-1393
-1555
-1838
-1968
-2233
-2313
-2492
-2422
-2437
-1517
435
1971
2764
2621
3207
2487
2429
2791
2628
1529
-1
-424
-1520
-1564
-1372
-829
-1195
-1323
-919
-537
301
552
815
95
37
312
759
811
803
803
192
11
-9
390
228
145
-221
-403
6
649
1234
1255
1242
990
871
673
673
573
335
118
-20
252
679
1002
853
513
165
-65
-245
-340
-353
-475
-533
-562
-341
-80
96
38
-153
-171
-87
197
483
862
1069
1145
1027
871
753
507
114
-438
-773
-926
-949
-942
-746
-565
-353
-191
-141
1
97
102
-58
-70
10
111
67
-58
-248
-528
-808
-1152
-1269
-1230
-1041
-829
-576
-264
44
289
389
433
352
229
35
-53
-109
-185
-229
-299
-400
-562
-758
-917
-1038
-1158
-1272
-1335
-1351
-1365
-1389
-1556
-1642
-1964
-2115
-2429
-1383
810
2564
3581
3406
3819
2717
2530
3007
2724
1584
-174
-822
-2041
-1880
-1292
-595
-891
-1091
-903
-560
519
893
1233
511
408
574
1043
1189
1048
768
-293
-890
-1011
-350
-296
-187
-415
-558
-39
844
1750
1829
1686
1080
716
414
427
294
68
-82
-292
-50
308
642
319
-146
-635
-879
-873
-644
-339
-214
-95
-177
-25
157
263
57
-186
-202
-81
222
482
591
591
425
330
407
454
502
88
-245
-664
-513
-44
66
73
-128
-244
-431
-268
-62
121
105
31
89
246
536
428
175
-123
-408
-484
-542
-570
-531
-577
-595
-550
-301
-39
7
-58
-110
32
207
403
459
441
187
-79
-231
-389
-494
-802
-1130
-1308
-1305
-1207
-1141
-1132
-1181
-1296
-1294
-1351
-1334
-1455
-1615
-1887
-1986
-1855
-25
2349
3813
3910
3125
2807
1265
1576
2165
2112
862
-451
-882
-1773
-1315
-770
-327
-1056
-1093
-787
125
1285
1697
1711
754
637
625
1019
774
487
-101
-943
-1236
-928
-110
-137
-153
-509
-397
157
1182
1814
1647
1193
582
220
-50
280
343
280
26
-121
26
246
327
-244
-876
-1277
-1250
-946
-405
12
150
7
-247
-269
-130
-16
-195
-277
-127
193
538
766
708
450
53
-108
-46
264
480
225
-53
-303
-60
31
65
14
-86
-187
-265
-81
171
426
277
124
49
212
320
256
193
101
44
11
-86
-123
-136
-300
-408
-388
-119
62
122
58
3
-49
-50
-20
-40
-65
-257
-345
-452
-472
-501
-653
-801
-941
-945
-964
-1001
-1100
-1201
-1262
-1250
-1280
-1322
-1511
-1699
-2014
-2188
-2171
-1816
306
2201
3637
3273
2690
2214
1037
1776
2209
2366
1029
-200
-1065
-1886
-1768
-1199
-799
-1117
-928
-616
531
1136
1469
1172
307
58
19
425
432
541
261
-275
-585
-264
107
72
27
-213
-124
295
1170
1699
1686
1137
450
-96
-312
-92
53
217
107
82
198
506
606
281
-143
-516
-648
-527
-106
167
157
-113
-378
-413
-193
69
117
193
270
362
504
669
719
543
324
202
202
502
598
434
45
-269
-190
-262
-51
-80
-184
-324
-488
-220
-4
205
63
-100
-92
139
429
628
682
496
238
-159
-326
-321
-284
-361
-420
-271
-3
210
220
108
-76
-189
-247
-111
189
413
430
287
141
-19
-251
-670
-1094
-1415
-1595
-1549
-1373
-1024
-753
-647
-711
-978
-1244
-1599
-1970
-2124
-2308
-2021
-2059
-600
1822
3421
3885
2405
2075
560
673
1934
2715
2674
738
-72
-1556
-1933
-1815
-1160
-1118
-1541
-1286
-511
685
939
1170
267
-346
-439
172
580
650
754
-19
-770
-1167
-561
-386
-408
-573
-707
-389
347
1160
1263
896
218
-85
-240
355
939
1306
1258
823
708
562
605
205
-187
-457
-529
-358
-37
264
177
-233
-735
-737
-373
200
545
798
932
854
759
578
459
183
-49
-7
147
613
724
442
-120
-746
-778
-869
-583
-222
116
383
475
712
793
754
405
104
-31
105
302
379
377
172
-121
-444
-619
-579
-457
-406
-239
-5
298
488
459
364
164
72
40
80
206
273
44
-346
-694
-964
-1167
-1398
-1445
-1413
-1305
-1187
-1092
-952
-895
-970
-1152
-1289
-1311
-1317
-1416
-1397
-1619
-1486
-1692
-916
1337
2789
3486
2051
1764
797
602
2536
3331
3416
1071
-40
-1601
-2585
-1929
-1099
-529
-1082
-653
-337
294
401
385
-306
-987
-511
195
926
946
1113
331
-644
-981
-588
-136
-188
-47
-217
-109
425
1021
1110
643
200
-14
-24
551
1228
1482
1248
640
305
149
293
294
13
-108
-257
-361
-365
-271
-317
-618
-790
-570
-45
591
906
893
737
462
298
223
441
685
763
825
745
643
410
-17
-502
-736
-546
-250
22
297
457
257
52
-40
-102
-80
-90
-1
180
486
606
514
266
1
-335
-633
-628
-512
-200
-49
102
211
190
133
-74
-264
-396
-354
-239
-52
85
95
-145
-536
-867
-1112
-1137
-1145
-1051
-989
-907
-885
-870
-793
-797
-747
-903
-1028
-1197
-1324
-1428
-1531
-1763
-1710
-1841
-780
1619
3151
3391
1694
1340
345
682
2956
4106
3961
1214
-50
-1858
-2585
-1582
-522
103
-813
-749
-861
-533
-518
-547
-880
-1099
-126
739
1460
1193
1017
7
-942
-874
-118
825
777
745
166
-224
-131
125
330
21
-46
-38
93
615
1096
1093
695
191
88
389
872
1099
676
328
-116
-530
-640
-567
-398
-600
-655
-405
-28
399
474
289
135
55
112
326
753
1196
1208
990
583
205
-6
-322
-502
-552
-355
-235
-283
-130
-35
-40
-129
-154
-81
-1
60
176
369
618
640
464
339
105
-185
-540
-651
-546
-399
-186
-75
-53
-170
-338
-478
-478
-284
-80
52
129
103
-78
-396
-708
-907
-974
-925
-796
-662
-642
-861
-1174
-1342
-1378
-1371
-1242
-1170
-1141
-1375
-1530
-1719
-1849
-1826
-1390
1280
3559
4162
2379
1213
796
133
2632
4649
4961
2143
70
-941
-2454
-1295
87
962
-161
-919
-1123
-1548
-1262
-1148
-1115
-1402
-393
695
1174
856
325
-266
-1177
-532
713
2076
2183
1492
774
-147
-42
364
853
776
366
133
-280
-387
-131
160
222
153
93
213
379
445
210
-149
-23
72
238
360
303
6
-674
-912
-793
-278
306
518
561
308
-36
-370
-327
170
629
843
740
593
375
257
-23
-394
-470
-521
-384
-249
123
253
-163
-607
-867
-542
-53
381
612
647
630
428
268
236
203
-1
-244
-308
-100
105
91
-178
-532
-618
-612
-443
-173
25
40
-201
-326
-301
-264
-285
-402
-555
-716
-880
-900
-921
-988
-1159
-1359
-1473
-1573
-1541
-1611
-1749
-1853
-1777
-1746
-1527
-1316
116
2407
3356
2418
730
820
595
1805
4278
4927
3026
-133
-654
-1491
-1093
655
1754
1212
-813
-1024
-1552
-1454
-1147
-769
-868
-967
57
108
-239
-836
-585
-701
-294
893
1725
1884
944
559
224
807
1726
2247
1933
835
114
-573
-753
-510
86
269
109
-81
-326
-475
-565
-467
-395
92
531
661
479
178
-260
-751
-607
-110
439
662
674
488
263
142
68
299
529
827
787
545
250
139
349
82
-174
-382
-493
-631
-589
-183
-206
-340
-586
-662
-534
-181
244
192
187
165
145
169
349
543
274
-32
-114
-55
-41
-37
-60
-189
-294
-360
-397
-378
-368
-446
-548
-410
-120
-6
-60
-237
-372
-596
-839
-966
-1025
-1108
-1239
-1326
-1353
-1494
-1763
-2107
-2361
-2240
-2112
-1724
-1595
-378
1814
2987
2150
453
843
1267
2430
4489
5254
3057
-382
-751
-463
301
1597
2663
1429
-1300
-1917
-1839
-1240
-854
-220
-715
-1642
-1380
-1419
-1658
-1828
-869
-468
-328
359
841
690
90
428
1101
2002
2955
3365
2726
1373
470
223
355
600
741
465
-39
-658
-1119
-1247
-1043
-835
-723
-511
-391
-481
-595
-417
-217
-59
97
302
373
411
528
626
773
1055
1369
1336
1252
1136
874
571
509
727
713
476
-136
-799
-1088
-915
-535
-395
-384
-694
-1096
-1256
-948
-403
-22
219
312
353
330
338
345
373
444
475
440
319
207
17
-211
-298
-286
-203
-295
-490
-646
-784
-888
-909
-739
-577
-550
-645
-692
-701
-742
-801
-888
-977
-1190
-1360
-1485
-1558
-1777
-1980
-2147
-2177
-2193
-1647
414
1966
1358
-687
-650
702
2090
4279
5722
4023
43
-895
575
1793
2686
3631
2592
-694
-2129
-1382
-405
-135
313
-135
-1668
-2036
-1579
-1803
-2364
-1527
-636
-927
-1050
-533
-320
-740
-245
789
1367
1734
2059
1921
1281
1389
1971
2093
1833
1614
1301
598
203
119
78
-98
-394
-839
-1349
-1444
-1500
-1542
-1397
-987
-785
-1011
-1093
-907
-521
-163
223
657
1125
1414
1339
1351
1527
1739
1795
1810
1787
1560
1195
619
318
292
277
-124
-674
-960
-1138
-1245
-1404
-1263
-1081
-1042
-1080
-1018
-762
-598
-437
-210
205
570
668
605
567
654
699
682
623
584
510
305
98
7
-41
-234
-444
-561
-674
-927
-1158
-1142
-1156
-1247
-1432
-1540
-1683
-1762
-1684
-1581
-1623
-1833
-2004
-2170
-1987
-1830
-740
1106
2034
704
-795
77
1527
2754
3997
4382
1952
-505
395
2372
2825
2647
2721
1036
-1221
-1094
534
813
116
-123
-1122
-2377
-2170
-1139
-1413
-1848
-1008
-695
-1520
-1809
-938
-578
-569
280
1094
1014
900
1407
1542
1369
1802
2229
1862
1414
1604
1495
890
580
644
465
78
-119
-503
-990
-1149
-1120
-1273
-1505
-1507
-1583
-1658
-1354
-853
-615
-681
-479
-132
243
583
903
1097
1260
1653
1831
1732
1606
1646
1443
1165
1197
1190
895
491
353
201
-74
-394
-702
-970
-1136
-1130
-1184
-1200
-1131
-1070
-1163
-1191
-922
-635
-398
-157
97
282
430
594
660
665
691
733
723
697
696
587
352
51
-248
-540
-653
-687
-871
-1130
-1372
-1590
-1914
-2109
-2189
-2276
-2448
-2431
-2327
-2251
-2236
-2100
-908
461
604
-807
-917
700
2083
2998
3758
3277
700
-166
1901
3743
3516
3007
2645
870
-473
493
1826
1276
290
-89
-1030
-1934
-1388
-834
-1702
-2178
-1469
-1500
-2389
-2062
-897
-770
-979
-234
433
241
539
1482
1828
1738
2194
2493
2004
1890
2464
2507
1899
1696
1712
1217
685
575
324
-244
-563
-719
-1092
-1496
-1660
-1863
-2084
-1995
-1803
-1832
-1867
-1428
-924
-600
-314
152
449
573
810
1059
1256
1410
1603
1482
1290
1293
1373
1116
721
509
282
41
-126
-71
-131
-377
-693
-1027
-1209
-1241
-1141
-1241
-1356
-1352
-1325
-1247
-1125
-899
-873
-824
-566
-194
108
260
394
404
454
591
840
1030
959
705
378
261
156
-97
-495
-767
-912
-1162
-1470
-1788
-2019
-2272
-2434
-2525
-2473
-2403
-2160
-1125
-174
-546
-1733
-1325
421
1622
2412
2961
2169
271
550
2919
4121
3525
3078
2715
1325
892
2258
3006
1921
854
465
-374
-831
-142
-39
-1191
-1870
-1601
-2026
-2692
-2158
-1307
-1504
-1904
-1397
-969
-841
-139
764
871
695
1141
1503
1495
1900
2603
2561
1946
1889
2084
1878
1625
1688
1509
927
545
277
-217
-667
-801
-964
-1349
-1552
-1538
-1733
-1979
-1905
-1677
-1659
-1586
-1193
-808
-600
-338
-10
163
345
705
892
916
1136
1493
1515
1338
1314
1213
857
558
609
646
461
219
20
-187
-402
-570
-838
-1059
-1080
-1013
-1034
-1020
-933
-966
-1074
-1084
-915
-762
-614
-459
-363
-300
-155
63
165
166
208
321
414
339
145
-37
-177
-330
-542
-676
-874
-1208
-1506
-1681
-1779
-1947
-1906
-1194
-519
-864
-1995
-2002
-787
262
953
1410
963
-547
-616
1295
2860
2830
2412
2170
1311
979
2026
3054
2616
1599
1121
597
309
714
845
-30
-914
-967
-1235
-1725
-1517
-964
-1214
-1959
-2036
-1806
-1698
-1246
-525
-169
-278
-26
333
457
837
1480
1853
1583
1542
1813
1941
1894
1877
1828
1375
937
746
686
547
317
137
-205
-467
-558
-685
-921
-1036
-904
-941
-969
-829
-709
-837
-1011
-867
-559
-206
26
29
-88
19
403
643
738
838
889
783
690
899
1030
830
516
362
363
322
234
-25
-325
-464
-439
-443
-506
-486
-564
-773
-838
-614
-472
-563
-612
-518
-477
-516
-486
-457
-562
-695
-628
-446
-349
-461
-656
-806
-885
-882
-916
-932
-952
-1006
-1100
-1199
-830
-136
28
-810
-1348
-682
190
628
942
961
-64
-819
218
1725
2035
1546
1308
729
131
853
2193
2486
1615
878
232
-204
372
1225
942
-119
-439
-473
-896
-960
-390
-242
-908
-1249
-1088
-1029
-879
-452
-258
-649
-703
-264
-50
55
476
963
949
862
1056
1241
1375
1658
1860
1628
1311
1198
1076
912
863
767
354
-89
-161
-118
-273
-463
-473
-576
-785
-795
-613
-509
-536
-509
-507
-529
-408
-185
-129
-210
-119
106
255
299
352
389
332
359
481
564
549
461
386
354
467
544
449
158
-154
-301
-306
-231
-241
-328
-541
-759
-752
-549
-398
-539
-798
-908
-831
-667
-505
-447
-579
-804
-909
-844
-705
-683
-865
-1110
-1255
-1283
-1274
-1213
-1125
-1139
-1050
-565
-84
-335
-985
-906
-234
353
834
1207
719
-428
-497
647
1620
1728
1660
1342
465
199
1126
2151
2089
1474
850
125
-50
637
1227
811
47
-407
-926
-1200
-732
-106
-385
-1046
-1108
-918
-888
-744
-343
-288
-459
-292
30
95
109
421
631
623
800
1094
1084
861
943
1172
1171
1065
1104
1096
887
684
573
411
245
185
94
-114
-253
-229
-307
-459
-459
-353
-415
-539
-485
-346
-300
-308
-262
-219
-183
-107
-54
-41
23
97
84
28
105
220
199
142
217
284
148
-16
30
131
80
-76
-211
-296
-298
-197
-198
-328
-431
-445
-475
-475
-350
-299
-462
-596
-471
-262
-257
-370
-489
-637
-730
-705
-630
-705
-847
-1011
-1165
-1238
-1220
-1107
-1113
-1110
-860
-421
-163
-356
-472
-299
16
371
792
989
582
232
448
922
1185
1364
1465
1075
561
602
1130
1463
1447
1358
1003
543
437
658
673
430
323
107
-262
-514
-433
-420
-701
-800
-671
-518
-539
-556
-582
-601
-359
14
268
257
297
393
423
500
698
904
866
752
721
742
685
641
634
569
459
344
212
45
9
92
150
50
-68
-173
-310
-378
-282
-168
-192
-228
-175
-113
-116
-141
-184
-255
-224
-23
107
3
-140
-137
-141
-193
-134
-16
-66
-210
-238
-197
-201
-196
-147
-121
-121
-106
-133
-207
-218
-139
-145
-278
-306
-172
-80
-153
-210
-188
-201
-256
-268
-249
-291
-346
-410
-461
-467
-428
-473
-638
-760
-799
-880
-1014
-1078
-1044
-1004
-1030
-994
-795
-512
-390
-438
-427
-288
-59
259
628
774
577
423
514
711
933
1208
1381
1213
938
884
938
920
924
1007
901
722
701
702
521
316
305
234
77
67
192
100
-220
-391
-394
-371
-347
-281
-293
-381
-351
-241
-161
-71
133
279
249
242
392
563
555
515
465
402
342
339
370
284
163
38
-62
-126
-128
-113
-145
-145
-101
-99
-150
-150
-79
-5
61
121
126
69
29
31
39
43
65
113
152
164
90
-28
-135
-149
-82
-39
-62
-202
-331
-407
-426
-423
-437
-427
-449
-423
-359
-277
-221
-212
-190
-184
-93
18
75
69
101
182
173
150
187
246
180
35
-61
-132
-205
-270
-323
-398
-479
-539
-600
-706
-814
-872
-939
-1006
-1047
-1067
-1052
-1011
-948
-854
-726
-581
-442
-306
-213
-140
-14
174
345
408
479
582
632
674
811
981
1008
945
909
906
888
898
946
902
792
710
645
583
533
507
419
311
263
235
159
22
-71
-96
-78
-60
-79
-136
-187
-215
-193
-139
-61
16
39
58
105
172
208
196
145
124
146
152
128
53
-42
-119
-138
-123
-128
-169
-217
-241
-240
-123
28
119
130
135
202
288
394
449
468
483
488
505
481
434
346
213
138
128
145
96
-9
-99
-189
-274
-361
-398
-415
-439
-477
-495
-470
-450
-458
-491
-468
-365
-224
-119
-57
0
82
138
165
223
271
289
291
317
327
269
175
54
-67
-109
-99
-160
-304
-404
-435
-514
-619
-677
-708
-775
-881
-929
-897
-829
-771
-775
-816
-845
-812
-690
-509
-308
-206
-217
-252
-206
-52
97
203
253
284
327
388
480
589
699
730
723
756
798
807
798
795
755
698
665
651
621
573
522
443
324
227
165
114
46
-47
-128
-186
-201
-195
-169
-165
-210
-258
-300
-281
-223
-153
-85
-42
-36
-42
-35
-32
-35
-4
3
-56
-100
-99
-44
-24
-37
-29
-17
15
59
122
194
253
271
303
375
443
464
386
319
285
278
223
116
25
-61
-124
-172
-159
-138
-177
-272
-340
-348
-339
-361
-409
-422
-396
-352
-311
-273
-255
-227
-173
-91
1
71
124
153
194
275
385
412
343
290
274
294
308
294
227
123
56
43
59
52
-4
-130
-273
-322
-284
-248
-259
-313
-377
-440
-483
-494
-463
-424
-411
-428
-445
-441
-441
-431
-398
-347
-318
-288
-245
-187
-121
-34
55
95
109
125
177
212
237
257
287
321
343
383
397
389
343
284
283
296
305
276
221
147
66
35
37
26
-20
-78
-129
-190
-234
-224
-193
-154
-148
-172
-194
-167
-96
-45
-39
-40
-42
-51
-10
50
94
89
72
91
116
174
227
255
270
303
376
445
462
452
409
360
386
432
441
360
282
238
189
137
102
66
10
-27
-60
-109
-168
-215
-262
-297
-301
-270
-258
-301
-334
-333
-314
-254
-174
-88
-25
10
29
41
97
164
194
206
251
303
317
307
294
278
252
247
246
225
179
94
24
-19
-18
-41
-99
-171
-209
-237
-286
-302
-317
-340
-354
-341
-327
-330
-341
-361
-351
-317
-259
-217
-218
-220
-219
-187
-145
-86
-36
-19
4
3
16
31
42
57
68
96
91
61
61
82
84
58
41
34
34
17
16
39
43
28
28
56
64
29
-15
-31
10
55
36
-28
-74
-64
-40
-13
-6
-14
-34
-66
-68
-60
-37
-29
-29
-26
-10
26
17
2
2
38
99
136
160
165
176
183
200
216
235
231
229
256
258
256
231
196
172
150
137
101
50
9
-45
-108
-130
-125
-150
-203
-232
-252
-254
-230
-194
-177
-174
-156
-137
-102
-73
-36
-15
0
28
55
66
88
123
156
183
210
244
252
230
202
183
139
106
87
75
59
62
44
-20
-63
-96
-89
-72
-47
-20
-40
-54
-59
-55
-28
-6
-1
-12
-20
-13
4
13
31
60
78
98
101
105
90
73
55
22
-3
-23
-58
-98
-121
-152
-186
-231
-258
-258
-249
-254
-277
-313
-317
-274
-236
-198
-167
-140
-130
-108
-45
34
90
112
132
161
199
210
195
193
213
228
212
190
164
113
61
11
-9
-12
-28
-71
-114
-121
-127
-146
-147
-113
-63
-17
5
18
48
96
160
204
229
242
241
257
282
311
299
248
193
170
161
143
120
74
21
-34
-88
-111
-123
-149
-169
-181
-191
-197
-201
-222
-225
-202
-165
-149
-153
-149
-116
-86
-64
-23
-1
-13
-48
-49
-19
22
42
42
30
11
-1
-12
6
27
39
17
-8
-16
-32
-43
-39
-14
17
8
-26
-35
8
59
74
57
38
16
-12
-4
35
56
54
36
27
33
49
51
41
36
20
9
-8
-9
-18
-50
-113
-152
-161
-185
-206
-224
-232
-249
-251
-246
-221
-194
-155
-118
-109
-95
-70
-23
34
87
131
154
166
187
208
214
228
246
240
218
198
193
174
153
150
128
68
-6
-36
-58
-76
-88
-87
-94
-121
-145
-162
-145
-103
-60
-62
-73
-74
-56
-22
23
73
102
115
142
161
162
161
147
157
165
166
146
125
101
68
42
18
-12
-55
-106
-127
-113
-113
-120
-131
-155
-154
-155
-165
-149
-121
-111
-108
-101
-89
-86
-87
-57
-29
-14
-10
-16
-5
17
36
63
67
60
50
34
58
69
56
25
-8
-27
-24
4
24
25
5
-18
-45
-42
-26
-31
-48
-50
-28
-40
-51
-49
-33
-25
-43
-28
-9
-9
-39
-34
-26
-37
-55
-92
-98
-115
-129
-144
-156
-158
-157
-155
-140
-122
-123
-120
-99
-50
19
73
108
149
183
211
256
311
366
380
365
363
348
342
324
315
315
288
227
152
107
83
44
-2
-24
-46
-72
-107
-123
-106
-87
-79
-91
-105
-80
-51
-20
18
28
56
60
61
73
77
70
60
76
108
107
90
73
50
52
68
78
44
13
10
0
-24
-25
-16
-42
-55
-73
-90
-123
-139
-133
-150
-143
-139
-149
-172
-192
-172
-160
-163
-163
-149
-140
-127
-101
-65
-50
-58
-52
-17
8
22
30
8
7
5
-8
11
15
4
-10
-36
-16
-20
-37
-48
-59
-59
-66
-62
-50
-55
-75
-60
-49
-36
-31
-68
-76
-77
-70
-58
-70
-74
-90
-105
-96
-108
-111
-119
-124
-117
-103
-76
-65
-59
-42
-24
13
50
77
97
109
142
186
214
247
279
309
331
335
341
324
313
306
304
304
268
218
179
125
101
83
49
15
-50
-85
-120
-153
-152
-151
-180
-199
-203
-181
-166
-155
-129
-103
-74
-56
-37
-29
5
28
54
78
71
76
90
102
124
108
83
69
37
46
59
40
28
25
17
-13
-19
-4
8
-18
-19
-4
-32
-41
-44
-20
6
-23
5
-14
-55
-55
-71
-33
-38
-48
-37
-71
-57
-61
-67
-58
-52
-65
-71
-71
-54
-50
-70
-64
-78
-69
-58
-78
-64
-84
-80
-59
-34
0
-37
-38
-39
-16
4
-1
34
23
-5
-12
-9
1
-10
-33
-27
-43
-60
-93
-115
-122
-121
-101
-82
-66
-78
-76
-79
-62
-26
1
16
34
79
78
91
88
135
144
139
165
166
166
140
134
123
131
105
97
78
74
48
-4
-1
-16
-49
-93
-98
-110
-126
-153
-161
-167
-175
-164
-167
-140
-148
-141
-146
-130
-91
-66
-23
-10
37
25
25
52
95
133
157
166
165
140
127
129
143
172
159
135
104
110
97
113
133
103
120
93
98
117
111
119
122
134
121
122
134
136
139
117
119
140
127
108
115
112
88
81
99
86
53
49
36
16
-1
-12
6
-12
-44
-57
-68
-95
-114
-102
-116
-149
-155
-148
-183
-190
-173
-178
-177
-195
-161
-155
-165
-134
-113
-109
-103
-83
-58
-85
-91
-79
-111
-97
-111
-119
-116
-160
-142
-161
-141
-111
-131
-90
-125
-73
-49
-52
42
50
81
86
104
120
115
126
117
100
82
74
61
58
37
38
23
9
-30
-61
-51
-73
-86
-100
-121
-130
-182
-174
-158
-172
-135
-148
-155
-174
-156
-146
-154
-102
-84
-75
-50
-36
-31
-15
27
65
62
87
78
90
96
87
120
103
82
119
107
95
108
98
91
33
86
91
80
128
130
132
121
144
168
134
147
159
191
181
175
196
154
153
164
163
165
160
147
122
106
118
118
110
111
84
60
40
32
29
19
10
14
16
-28
-20
-20
-43
-35
-25
-20
-42
-24
-53
-64
-55
-44
-60
-38
-32
-36
-20
-47
-30
-21
-30
-34
-39
-42
-34
-26
-10
-13
-25
-27
-58
-55
-44
-30
-5
11
8
20
22
13
50
42
84
85
103
113
84
105
87
103
94
71
56
34
-31
-25
-51
-47
-63
-101
-126
-166
-143
-184
-187
-174
-187
-219
-234
-211
-191
-186
-156
-146
-149
-147
-172
-140
-133
-129
-109
-120
-89
-102
-115
-75
-71
-88
-31
-39
-18
-11
-13
32
28
54
75
111
115
126
101
152
127
123
138
119
137
145
152
174
144
148
169
110
157
127
115
133
92
99
80
64
99
67
75
63
32
46
1
3
-11
-33
-33
-68
-42
-71
-94
-92
-88
-111
-128
-124
-108
-134
-143
-131
-125
-66
-94
-60
-73
-66
-39
-60
-15
-13
-25
-1
-9
-14
13
-12
14
-3
-11
2
-23
12
-17
20
28
1
24
35
36
67
88
95
101
80
121
75
98
97
114
119
98
129
109
93
86
80
52
59
28
5
-26
-35
-34
-18
-43
-48
-44
-67
-67
-109
-72
-76
-93
-73
-113
-111
-122
-140
-126
-135
-118
-158
-179
-165
-186
-164
-163
-125
-142
-139
-123
-115
-85
-98
-63
-62
-58
-37
7
-12
20
45
33
86
60
110
113
108
151
122
139
135
151
166
176
181
206
204
177
215
179
181
182
152
140
116
105
71
49
52
18
-13
-39
-67
-80
-102
-100
-111
-122
-123
-138
-124
-130
-141
-125
-153
-137
-118
-120
-107
-113
-87
-89
-90
-68
-70
-70
-56
-48
-34
-40
-26
-12
-7
1
0
35
28
25
31
15
38
7
24
22
33
40
5
25
5
-5
15
15
23
13
12
11
-1
35
27
41
36
38
43
43
77
58
62
80
69
82
70
69
71
62
49
34
61
37
35
26
19
10
1
5
9
-8
-15
-39
-40
-31
-32
-23
-32
-46
-31
-41
-37
-23
-48
-16
-36
-21
-5
8
39
27
30
45
49
64
59
78
99
91
97
80
89
70
79
81
77
77
74
81
77
75
88
68
78
75
60
66
47
63
15
9
9
-15
-29
-48
-52
-75
-88
-110
-116
-120
-135
-138
-126
-139
-135
-136
-135
-136
-117
-113
-129
-120
-131
-121
-115
-90
-71
-60
-58
-58
-66
-76
-59
-69
-65
-50
-48
-31
-36
-34
-18
-12
-7
-9
-17
-3
-2
-30
-5
2
-4
3
-7
-15
-21
-21
9
-3
21
19
-8
14
2
33
39
49
51
52
65
59
65
37
45
37
36
60
53
74
60
47
39
25
29
21
27
20
19
26
29
44
56
63
65
50
60
63
60
63
64
72
74
85
83
81
81
86
95
85
85
86
86
69
77
86
89
90
84
87
63
57
49
35
27
23
14
-2
-14
-16
-19
-22
-29
-42
-49
-61
-82
-95
-84
-86
-74
-83
-74
-74
-81
-83
-111
-100
-108
-111
-103
-105
-104
-114
-118
-109
-109
-97
-101
-119
-112
-108
-104
-95
-91
-74
-70
-60
-53
-53
-53
-50
-39
-41
-18
-5
-2
-4
-7
-7
-3
2
9
14
22
13
8
11
15
21
20
15
7
11
9
23
23
28
27
23
23
15
17
16
15
14
18
18
20
17
14
21
11
11
13
13
11
12
11
8
4
10
22
26
32
38
43
40
38
47
64
62
68
77
87
97
105
114
110
110
105
96
97
104
107
106
109
116
123
118
102
96
97
94
83
89
85
80
79
66
67
50
43
32
17
9
-3
-12
-23
-29
-37
-39
-49
-56
-58
-66
-64
-76
-81
-73
-77
-78
-76
-69
-64
-59
-52
-48
-59
-63
-64
-68
-64
-59
-56
-56
-48
-44
-37
-29
-33
-31
-34
-33
-28
-15
-8
-8
-1
1
-2
9
11
12
7
-4
-6
-5
-6
-7
-7
-5
-7
-14
-12
-8
-7
-6
-13
-13
-16
-18
-14
-11
-6
-7
1
-3
-4
-2
-11
-18
-21
-21
-16
-13
-21
-28
-35
-44
-44
-47
-49
-56
-62
-61
-60
-56
-46
-40
-38
-37
-36
-26
-21
-22
-13
-11
-11
-1
8
31
36
44
52
46
54
68
80
88
95
98
98
104
111
116
115
116
112
112
115
106
103
91
86
74
68
64
54
47
36
29
22
15
8
2
-12
-21
-23
-24
-29
-32
-36
-45
-50
-56
-52
-57
-57
-57
-65
-66
-67
-61
-53
-51
-50
-52
-54
-52
-42
-28
-21
-23
-26
-25
-18
-9
-4
8
7
5
5
4
8
4
7
5
1
-7
-5
1
5
6
2
0
-6
-5
-3
5
8
9
8
11
9
3
2
-2
5
4
4
3
0
-5
-12
-14
-16
-16
-23
-28
-32
-32
-34
-42
-40
-44
-49
-57
-63
-64
-63
-61
-60
-64
-64
-67
-66
-64
-65
-57
-56
-57
-55
-43
-33
-26
-15
-9
-3
-6
3
15
31
45
56
63
69
78
80
93
99
102
105
100
98
98
97
102
100
93
86
75
66
62
59
59
45
36
30
20
17
11
9
1
-7
-16
-22
-26
-29
-33
-38
-43
-49
-51
-53
-54
-53
-57
-63
-61
-58
-58
-59
-52
-46
-39
-32
-22
-15
-12
-8
-5
8
23
30
35
38
43
47
50
55
58
59
57
50
53
55
55
53
47
46
42
37
29
33
37
33
27
21
18
13
10
8
14
8
2
-9
-15
-13
-14
-16
-21
-23
-30
-34
-35
-32
-28
-30
-38
-47
-53
-52
-48
-53
-50
-57
-59
-65
-65
-58
-56
-51
-54
-55
-52
-45
-42
-33
-29
-26
-23
-24
-15
-10
-2
0
5
12
16
22
27
29
31
33
33
36
38
38
35
34
36
37
39
37
37
27
25
27
29
33
28
26
18
15
15
15
19
16
8
2
-4
-3
-3
-6
-11
-17
-26
-31
-35
-33
-31
-39
-44
-54
-56
-57
-57
-55
-54
-56
-59
-60
-56
-48
-44
-41
-38
-35
-30
-23
-16
-6
3
6
7
9
17
27
33
40
41
43
46
49
54
61
64
61
55
53
58
60
61
56
55
52
48
50
52
53
45
36
30
29
32
31
25
15
6
-2
-7
-8
-10
-16
-28
-39
-47
-46
-45
-49
-52
-58
-66
-69
-66
-60
-59
-58
-59
-59
-56
-47
-35
-31
-24
-23
-17
-7
-2
9
14
18
21
23
30
35
38
43
43
45
45
45
44
42
44
41
41
40
41
37
35
33
29
32
27
26
21
20
18
15
15
13
11
7
4
0
1
-3
-7
-12
-16
-18
-22
-26
-30
-33
-35
-40
-45
-48
-51
-56
-56
-57
-56
-53
-55
-55
-54
-49
-39
-38
-29
-26
-24
-20
-17
-7
-1
6
6
7
10
16
21
24
27
25
21
20
23
28
31
30
27
24
23
23
25
29
29
27
26
22
25
29
28
28
25
26
24
21
23
17
16
14
9
3
-1
-3
-9
-11
-14
-19
-26
-29
-35
-38
-37
-40
-41
-43
-44
-48
-46
-43
-38
-33
-30
-28
-28
-20
-18
-10
-6
-1
4
6
9
12
19
22
24
24
28
28
27
31
33
35
35
33
31
27
27
30
26
31
28
25
24
20
21
21
22
20
16
14
12
7
8
8
3
-1
-7
-9
-12
-10
-14
-17
-21
-28
-30
-36
-34
-38
-37
-38
-45
-42
-40
-36
-35
-34
-34
-35
-31
-26
-22
-16
-13
-12
-8
0
4
9
10
12
13
12
18
19
23
24
21
21
22
24
25
23
20
17
13
17
17
17
18
14
14
11
14
16
15
16
10
10
10
8
5
7
8
1
0
-2
-5
-3
-9
-12
-14
-16
-20
-24
-20
-17
-24
-24
-25
-28
-24
-27
-23
-20
-18
-16
-19
-11
-11
-4
0
1
6
1
5
1
8
13
17
16
13
16
13
19
20
20
