-232
-220
-197
-176
-149
-125
-95
-65
-29
8
48
91
132
177
217
256
286
316
340
362
384
399
412
417
413
399
384
361
336
306
276
247
218
191
162
137
112
91
73
62
53
44
39
39
42
48
58
61
66
68
74
78
85
90
93
96
97
97
90
78
59
36
15
-5
-23
-46
-70
-98
-127
-152
-176
-197
-217
-233
-245
-249
-255
-255
-258
-261
-260
-259
-253
-247
-238
-234
-223
-214
-202
-193
-185
-184
-188
-191
-193
-192
-200
-201
-212
-214
-225
-230
-248
-260
-274
-280
-273
-269
-253
-241
-217
-202
-162
-129
-81
-35
13
66
118
177
217
264
285
314
327
347
360
369
368
359
360
342
334
307
278
238
205
171
140
110
78
53
27
19
4
0
-6
-1
11
35
63
86
114
134
160
179
209
226
250
260
268
274
279
287
272
261
228
218
191
173
145
108
73
43
19
-17
-32
-74
-104
-136
-140
-139
-133
-124
-121
-110
-97
-77
-66
-60
-60
-47
-34
-1
13
21
14
15
16
13
18
1
-11
-27
-26
-35
-45
-73
-97
-115
-124
-131
-144
-155
-174
-178
-192
-204
-222
-240
-252
-273
-279
-273
-270
-273
-285
-294
-315
-340
-359
-389
-425
-456
-475
-482
-487
-502
-497
-483
-452
-391
-324
-245
-186
-103
-25
46
125
183
218
234
263
283
312
326
339
325
333
346
329
326
304
271
223
209
196
157
115
76
41
21
32
22
0
-10
6
11
30
55
62
69
116
164
190
241
269
291
315
359
370
372
365
328
277
242
225
186
165
138
122
118
118
112
72
46
17
5
6
-8
-12
-55
-59
-60
-52
-45
-42
-38
-47
-17
14
56
70
80
81
97
114
113
118
99
72
56
42
14
-22
-62
-96
-106
-100
-97
-91
-95
-79
-72
-55
-58
-91
-113
-140
-149
-168
-161
-169
-179
-185
-190
-186
-183
-172
-184
-195
-214
-238
-255
-286
-309
-330
-351
-362
-377
-379
-394
-400
-415
-431
-433
-437
-435
-446
-438
-435
-388
-328
-253
-203
-156
-65
-13
85
165
212
214
238
290
324
369
405
432
437
473
496
511
508
495
455
406
395
346
278
215
168
114
91
78
37
-6
-20
-20
-24
-5
-1
-28
-43
-24
7
35
70
93
113
151
185
192
182
167
150
126
125
113
84
46
21
6
5
14
4
7
18
23
10
16
17
-17
-40
-52
-55
-67
-75
-88
-102
-89
-86
-65
-50
-27
-10
25
54
66
84
82
85
64
52
41
28
0
-21
-42
-47
-49
-51
-38
-29
-24
-24
-13
-15
-19
-40
-60
-70
-79
-81
-80
-88
-109
-110
-114
-132
-141
-152
-165
-171
-171
-191
-194
-207
-239
-255
-268
-275
-295
-307
-334
-354
-384
-422
-442
-463
-468
-481
-478
-475
-444
-386
-329
-278
-212
-136
-68
27
116
194
248
291
347
368
389
405
420
430
446
457
454
461
448
415
371
347
319
275
230
182
120
72
51
21
-14
-28
-29
-26
-11
7
10
12
27
52
109
155
176
197
226
252
264
263
248
217
168
136
120
90
54
24
-9
-29
-24
-8
16
28
49
63
85
106
89
63
38
25
17
12
-3
-36
-71
-71
-57
-38
-25
-26
-25
-23
-16
2
5
-14
-35
-71
-68
-84
-88
-109
-123
-125
-137
-126
-119
-116
-121
-109
-100
-78
-72
-73
-68
-72
-65
-69
-61
-60
-79
-77
-73
-57
-72
-86
-96
-106
-100
-97
-103
-117
-119
-130
-136
-145
-151
-164
-177
-170
-173
-165
-168
-160
-169
-175
-146
-137
-134
-130
-129
-128
-102
-62
-44
-23
14
52
105
193
263
302
346
393
431
476
510
520
499
489
501
487
447
399
344
281
257
225
168
116
83
53
34
39
40
-1
-25
-25
-36
-45
-80
-106
-152
-171
-159
-156
-133
-98
-70
-39
7
45
59
72
71
63
46
34
21
-13
-21
-36
-48
-57
-55
-48
-37
-17
-15
-13
-14
0
5
10
11
1
-11
-9
-16
-33
-44
-63
-66
-66
-56
-53
-40
-24
-17
2
11
7
9
-5
-7
3
-6
-11
-21
-35
-49
-42
-58
-57
-58
-54
-52
-47
-40
-56
-52
-63
-57
-67
-69
-77
-104
-110
-128
-143
-161
-168
-169
-178
-164
-161
-150
-147
-154
-160
-168
-171
-181
-180
-183
-172
-169
-161
-148
-142
-134
-120
-101
-107
-102
-109
-111
-123
-116
-98
-79
-55
-22
34
78
149
185
207
222
263
296
316
353
362
352
338
341
339
317
290
258
214
187
173
140
107
75
17
-11
-38
-51
-77
-124
-139
-167
-182
-201
-213
-227
-222
-182
-146
-94
-51
-21
-1
54
91
95
98
97
89
69
60
46
29
7
7
14
11
31
42
53
74
106
106
117
114
100
97
81
81
37
4
-17
-37
-41
-42
-33
-18
9
30
68
93
114
130
120
134
124
109
91
65
48
20
17
4
2
-5
0
16
18
36
30
36
32
25
19
-6
-18
-38
-51
-58
-59
-69
-100
-118
-146
-130
-138
-127
-131
-141
-151
-179
-183
-210
-213
-236
-231
-248
-255
-251
-268
-258
-250
-234
-227
-214
-203
-196
-195
-191
-178
-168
-161
-136
-105
-78
-44
-1
43
90
138
186
215
235
263
276
287
286
272
226
202
181
146
128
103
100
72
64
63
31
10
-9
-18
-19
-22
-24
-59
-83
-83
-97
-89
-68
-40
-14
20
52
75
107
145
174
186
204
199
181
163
143
117
91
87
70
51
44
49
46
46
57
62
72
82
94
107
121
127
125
134
129
123
123
113
113
100
92
85
83
93
89
105
98
114
120
121
125
103
82
54
45
28
23
2
6
-10
-18
-23
-31
-18
-49
-36
-62
-69
-108
-120
-155
-171
-175
-195
-190
-222
-179
-202
-190
-183
-177
-169
-160
-142
-132
-122
-129
-130
-146
-133
-163
-166
-186
-207
-232
-261
-264
-280
-279
-292
-279
-267
-258
-239
-228
-221
-227
-228
-224
-214
-206
-179
-152
-133
-113
-101
-72
-49
-4
41
70
104
113
117
114
115
115
108
100
101
114
123
136
145
161
160
169
166
172
152
132
116
92
92
67
57
40
65
72
94
107
99
114
120
157
182
185
181
178
177
179
173
164
162
164
147
139
132
134
129
124
143
129
129
124
118
109
115
110
84
96
74
73
61
73
62
40
65
39
47
46
58
46
33
35
11
13
-2
3
-33
-31
-50
-75
-83
-90
-86
-92
-89
-62
-69
-48
-11
-2
59
22
36
-39
-51
-69
-86
-49
-90
-85
-119
-130
-146
-162
-128
-134
-120
-130
-113
-112
-128
-93
-119
-92
-126
-93
-105
-75
-83
-92
-89
-135
-108
-158
-128
-154
-159
-169
-170
-171
-197
-210
-238
-222
-236
-239
-253
-257
-229
-225
-194
-165
-119
-91
-63
-4
42
88
102
139
147
147
152
158
154
152
178
176
186
184
173
160
165
189
188
182
170
172
143
117
100
61
43
31
59
79
105
115
122
133
146
165
167
167
160
169
171
172
149
127
109
73
56
36
21
4
-4
-6
-3
4
-1
18
25
32
19
23
29
1
-6
-1
10
-15
7
1
2
-3
-12
9
-5
43
24
34
47
38
49
20
73
54
55
64
28
48
33
61
46
40
54
6
27
48
26
34
-4
27
-28
-57
-27
-87
-60
-113
-71
-97
-117
-77
-109
-67
-108
-67
-91
-84
-67
-82
-71
-106
-82
-129
-105
-131
-133
-139
-167
-160
-211
-196
-210
-207
-194
-238
-223
-258
-279
-280
-302
-271
-305
-283
-275
-240
-210
-175
-126
-78
-25
21
78
114
158
178
201
188
184
152
135
114
117
113
110
144
150
186
207
244
254
260
259
243
221
185
151
122
97
82
73
57
60
54
77
100
128
150
163
180
179
186
174
152
133
104
75
56
29
8
-19
-35
-43
-69
-79
-78
-98
-96
-92
-83
-83
-106
-73
-82
-93
-98
-82
-82
-77
-60
-63
-37
-51
-39
-33
-19
-6
-21
-11
-12
2
-9
19
36
31
51
47
71
45
57
48
42
40
32
35
24
51
28
32
1
19
12
6
28
19
50
20
40
41
58
69
66
44
45
30
14
-1
7
-17
-48
-65
-105
-131
-170
-157
-191
-183
-199
-196
-227
-239
-247
-276
-272
-309
-331
-371
-378
-390
-380
-351
-326
-290
-249
-168
-100
-29
72
153
202
233
303
305
308
293
255
223
173
165
120
123
138
137
142
159
193
175
177
165
131
84
52
7
-38
-63
-96
-98
-107
-76
-44
3
71
128
183
214
270
292
281
284
259
241
179
147
113
74
49
31
36
23
40
47
52
56
77
100
99
89
74
58
50
45
49
27
26
34
4
22
36
49
33
41
42
35
37
33
35
17
23
14
-2
-20
-26
-40
-58
-76
-76
-83
-85
-61
-71
-62
-67
-70
-75
-73
-78
-94
-96
-91
-121
-104
-114
-87
-88
-91
-53
-65
-60
-109
-106
-116
-126
-155
-186
-215
-259
-294
-293
-297
-299
-292
-308
-303
-356
-352
-369
-376
-407
-436
-463
-504
-513
-517
-430
-364
-289
-203
-62
86
183
373
521
616
655
752
780
714
703
650
589
469
425
356
288
284
245
217
175
179
124
62
23
-25
-124
-208
-250
-350
-423
-461
-447
-449
-391
-303
-214
-94
38
181
291
390
453
492
503
502
477
411
363
284
215
154
107
86
33
18
-4
-13
-22
-26
-15
-55
-70
-98
-137
-169
-206
-185
-198
-167
-106
-58
1
60
185
227
307
320
323
344
275
265
175
145
78
17
-34
-74
-58
-95
-80
-108
-90
-103
-99
-107
-130
-133
-180
-194
-222
-224
-235
-219
-209
-192
-163
-145
-127
-125
-93
-86
-59
-61
-84
-74
-113
-120
-154
-186
-228
-290
-304
-360
-389
-448
-465
-513
-574
-620
-710
-739
-833
-858
-927
-912
-940
-848
-643
-518
-346
-178
176
250
506
798
989
1017
1019
1200
1040
1041
910
862
638
523
531
364
371
281
306
146
177
119
-40
-177
-281
-376
-610
-620
-710
-786
-852
-747
-627
-526
-305
-98
112
311
587
773
903
1019
1074
1048
1003
973
848
701
626
544
439
371
340
288
211
189
186
143
97
41
-92
-212
-320
-434
-541
-636
-626
-604
-502
-404
-269
-69
72
293
437
593
678
717
755
676
647
499
399
223
77
-20
-163
-201
-273
-260
-291
-253
-226
-230
-241
-297
-320
-401
-429
-482
-478
-463
-435
-360
-267
-159
-66
33
103
172
185
189
165
135
87
25
-17
-92
-161
-240
-318
-381
-455
-528
-605
-676
-773
-871
-989
-1088
-1156
-1226
-1278
-1322
-1359
-1277
-945
-678
-438
-228
304
544
722
1286
1544
1645
1421
1718
1562
1283
1172
977
806
388
538
315
273
208
182
14
-146
-38
-344
-561
-780
-813
-1126
-1222
-1177
-1217
-1222
-1084
-726
-500
-119
218
539
761
1069
1291
1342
1374
1312
1177
991
910
757
576
445
380
288
215
241
184
73
-10
-82
-203
-347
-430
-585
-752
-847
-888
-899
-873
-747
-582
-388
-148
125
351
574
711
884
988
1056
1086
1016
972
806
702
545
400
254
97
-27
-187
-267
-369
-447
-520
-539
-543
-558
-526
-489
-449
-412
-313
-234
-165
-88
-24
44
92
144
177
200
211
194
189
175
165
130
71
4
-71
-178
-326
-455
-609
-763
-906
-1047
-1161
-1296
-1366
-1461
-1517
-1564
-1579
-1649
-1686
-1635
-1500
-904
-579
-204
23
755
1082
1172
1939
2139
2142
1593
1932
1673
1154
892
589
379
-148
162
-7
-24
-108
-94
-339
-532
-416
-794
-1131
-1372
-1335
-1646
-1596
-1370
-1172
-1026
-623
-22
348
849
1248
1544
1632
1855
1939
1809
1638
1419
1165
869
730
579
359
233
178
87
-4
-23
-129
-327
-435
-530
-657
-779
-761
-794
-791
-666
-486
-318
-198
33
233
409
578
738
814
865
862
876
840
818
801
665
592
475
418
214
49
-98
-315
-487
-661
-735
-827
-836
-807
-723
-584
-430
-265
-116
52
170
246
303
337
308
261
230
194
158
131
114
87
85
86
80
76
42
-41
-151
-241
-362
-500
-652
-740
-833
-915
-955
-983
-1039
-1107
-1063
-1131
-1128
-1236
-1243
-1382
-1447
-1448
-1164
-403
-98
266
543
1540
1586
1818
2559
2659
2267
1487
1877
1186
642
257
127
-242
-503
-3
-108
-5
-62
28
-479
-615
-650
-1078
-1605
-1701
-1573
-1750
-1438
-986
-528
-289
363
954
1357
1686
1901
1851
1634
1687
1585
1293
981
819
523
303
278
206
-30
-177
-266
-471
-607
-675
-806
-977
-975
-874
-759
-601
-332
-163
-26
184
382
485
479
497
411
373
402
391
457
502
619
629
670
717
575
479
217
12
-246
-527
-745
-962
-1016
-1055
-955
-815
-564
-348
-177
31
176
244
240
233
187
136
114
127
128
206
264
271
257
253
192
76
-28
-127
-230
-331
-339
-353
-356
-310
-252
-249
-290
-335
-422
-554
-706
-822
-995
-1105
-1180
-1171
-1136
-1163
-1080
-1082
-1105
-1167
-1265
-1186
-546
62
400
505
1317
1880
1748
2484
2979
2828
1801
1776
1649
792
424
162
-72
-647
-247
-66
-163
-194
-151
-538
-1059
-983
-1209
-1697
-1948
-1596
-1517
-1194
-509
126
440
856
1442
1712
1916
1965
1776
1348
1240
1206
992
733
612
413
143
88
50
-204
-543
-736
-993
-1172
-1150
-1089
-1113
-1016
-724
-424
-157
145
343
375
426
510
562
496
430
329
283
313
374
436
415
345
249
258
142
34
-89
-225
-391
-400
-292
-346
-351
-294
-171
-235
-148
-66
-65
-118
-75
24
58
183
256
321
368
493
452
387
345
270
62
-67
-74
-158
-250
-276
-174
-125
-27
56
110
102
61
-24
-194
-339
-489
-648
-767
-801
-819
-853
-888
-848
-901
-869
-966
-1055
-1218
-1419
-1532
-1774
-1715
-1647
-606
183
742
1034
1873
2598
2181
2972
3159
2784
1440
1332
1227
299
136
48
68
-456
159
308
106
-176
-278
-906
-1621
-1533
-1706
-1999
-2131
-1414
-1071
-457
312
959
1173
1389
1790
1759
1753
1553
1315
905
888
1008
949
840
687
499
163
-31
-234
-629
-979
-1204
-1306
-1303
-1056
-779
-608
-337
-13
341
493
600
584
450
332
277
317
245
206
158
204
251
289
240
209
135
-34
-99
-202
-159
-298
-238
-143
-115
-48
-129
-117
-204
-242
-387
-421
-385
-327
-250
-81
196
359
464
496
547
446
264
58
-70
-241
-395
-474
-471
-355
-270
-195
-97
19
38
2
-52
-97
-201
-304
-391
-452
-510
-547
-557
-578
-624
-690
-804
-936
-1055
-1144
-1170
-1349
-1350
-1463
-1418
-1481
-1457
-1351
-1041
206
860
1219
1337
2387
2467
2118
2897
2993
2273
976
1356
963
255
72
143
-137
-517
81
6
-277
-652
-675
-1433
-1788
-1578
-1562
-1777
-1579
-759
-403
260
832
1293
1236
1373
1584
1499
1434
1252
1034
736
855
986
922
679
442
138
-241
-450
-687
-1026
-1228
-1210
-1086
-894
-552
-219
-77
73
315
516
529
522
454
373
306
371
440
380
303
203
142
47
-55
-182
-198
-278
-299
-205
9
127
135
303
310
251
180
28
-190
-317
-403
-478
-434
-235
-87
11
220
395
407
335
270
113
-82
-209
-250
-312
-310
-268
-209
-138
-12
4
-72
-76
-87
-133
-201
-184
-211
-202
-187
-195
-296
-379
-468
-640
-788
-981
-1101
-1255
-1359
-1404
-1359
-1335
-1385
-1344
-1348
-1356
-1418
-1410
-497
559
1286
1332
1762
2714
2262
2496
2922
2819
1502
731
1056
379
33
-72
48
-473
-319
135
-69
-518
-770
-1125
-1908
-1884
-1593
-1525
-1688
-947
-234
250
814
1291
1392
1160
1282
1284
1296
1259
1187
857
822
1061
1128
836
445
71
-453
-784
-974
-1098
-1275
-1170
-936
-652
-217
160
311
336
415
451
414
355
335
256
213
324
483
537
450
331
102
-75
-278
-371
-358
-408
-273
-191
198
339
533
663
482
405
118
-18
-382
-496
-565
-583
-487
-276
14
132
270
298
329
228
156
-21
-169
-271
-249
-218
-150
-50
-80
-95
-120
-154
-241
-275
-290
-220
-134
6
104
146
142
72
-96
-342
-581
-808
-1040
-1245
-1306
-1373
-1438
-1412
-1298
-1230
-1277
-1345
-1444
-1598
-1684
-1567
-386
844
1556
1702
2310
3161
2548
2800
3074
2586
1016
361
677
1
-195
-115
47
-445
-176
229
-95
-715
-1040
-1463
-2155
-1929
-1503
-1263
-1294
-440
241
620
1048
1228
1083
678
803
830
935
1101
1246
1075
1024
1281
1236
777
36
-520
-1047
-1334
-1421
-1394
-1188
-854
-419
-49
391
617
507
288
150
145
75
95
207
323
474
646
792
721
510
168
-223
-452
-563
-588
-521
-338
-40
344
720
943
900
815
601
243
67
-131
-356
-470
-425
-299
-171
-15
73
38
9
12
-99
-181
-195
-151
-137
-39
123
166
103
54
23
-123
-247
-334
-394
-341
-188
-26
145
271
348
262
70
-138
-440
-783
-1094
-1238
-1333
-1410
-1420
-1338
-1332
-1361
-1375
-1501
-1646
-1859
-1854
-2006
-1556
163
1478
2066
2049
3112
3333
2604
3077
3015
2007
159
289
412
-194
-128
94
-17
-518
72
160
-379
-960
-1110
-1754
-2022
-1363
-835
-686
-485
457
771
1076
1284
1203
747
524
782
847
1050
1301
1449
1261
1284
1300
967
217
-592
-1231
-1668
-1666
-1500
-1274
-971
-410
77
414
682
715
480
215
196
209
224
355
538
601
602
635
519
148
-281
-566
-808
-917
-887
-636
-350
-51
286
440
765
767
634
460
351
298
-2
-19
28
46
-50
-124
-139
-186
-325
-416
-432
-380
-292
-243
-84
52
175
141
94
33
-93
-276
-428
-411
-372
-328
-283
-96
125
292
360
387
372
230
68
-144
-355
-579
-795
-964
-1088
-1179
-1262
-1374
-1460
-1481
-1518
-1587
-1718
-1655
-1765
-1734
-1724
-840
906
1883
2159
2044
3110
2846
2377
2983
2834
1585
113
677
454
-144
-140
26
-437
-833
-200
-152
-641
-1094
-1130
-1624
-1507
-892
-492
-504
-211
580
702
951
1104
1004
578
515
865
1046
1189
1284
1214
928
894
802
390
-392
-1007
-1369
-1542
-1349
-1104
-848
-549
-102
227
419
577
505
284
238
402
491
508
649
693
540
370
282
-17
-509
-814
-935
-957
-770
-491
-297
-63
125
411
510
722
702
457
499
412
454
332
239
138
-56
-176
-311
-407
-540
-630
-612
-445
-229
-57
11
93
136
124
41
-95
-200
-317
-351
-354
-252
-105
-116
-93
42
162
227
184
183
179
76
-34
-168
-339
-566
-800
-987
-1123
-1309
-1416
-1531
-1567
-1550
-1550
-1590
-1616
-1613
-1661
-1765
-977
878
2086
2263
2092
2949
2758
2111
2698
2726
1414
-113
370
515
-111
-94
98
-358
-855
-333
-102
-592
-1061
-1184
-1542
-1391
-625
-156
-163
-14
584
706
863
1032
828
412
354
835
1110
1257
1330
1171
766
556
461
108
-543
-1172
-1483
-1494
-1117
-819
-670
-401
-29
161
255
436
451
303
304
613
815
856
852
726
432
117
-51
-321
-701
-920
-915
-732
-448
-174
51
132
208
350
486
628
502
372
443
543
728
662
478
332
114
-78
-297
-355
-453
-599
-570
-338
-55
15
-13
17
68
37
-23
-147
-231
-335
-368
-277
-154
-83
-168
-146
-15
155
273
264
217
144
18
-120
-272
-485
-746
-996
-1106
-1140
-1201
-1248
-1314
-1365
-1449
-1431
-1470
-1565
-1616
-1698
-1563
-1585
-377
1374
2372
2227
1964
2670
2018
1665
2285
2312
956
-5
686
748
115
154
115
-576
-864
-474
-209
-671
-799
-990
-1180
-775
-173
-6
-199
87
420
444
639
978
823
542
624
1054
1308
1300
1238
814
392
156
19
-230
-714
-1133
-1356
-1249
-900
-689
-644
-459
-213
-30
112
347
467
413
497
706
818
767
724
431
58
-206
-314
-492
-710
-707
-761
-685
-260
127
200
78
217
464
416
640
685
588
532
539
747
551
295
53
-209
-299
-361
-306
-278
-290
-145
18
222
261
146
80
47
16
-92
-180
-249
-394
-454
-420
-314
-238
-309
-252
-72
137
283
248
239
166
-66
-272
-479
-683
-964
-1173
-1188
-1167
-1183
-1239
-1345
-1346
-1454
-1475
-1539
-1493
-1543
-1598
-1367
-998
781
2249
2753
2067
2146
2341
1283
1578
2283
1793
-32
-99
602
162
-468
-201
-400
-1063
-757
2
291
-162
-152
-521
-501
16
450
315
213
673
793
767
936
920
251
-121
33
438
542
627
637
297
105
53
98
-146
-614
-939
-870
-495
-145
35
196
303
232
206
241
250
46
-109
-19
95
137
57
-74
-329
-575
-717
-725
-705
-571
-297
-101
99
345
615
645
626
811
819
660
591
640
611
391
260
78
-222
-348
-355
-352
-308
-191
-2
103
189
292
269
191
42
37
110
128
74
-34
-91
-223
-385
-493
-507
-524
-462
-306
-3
252
348
336
241
126
-123
-398
-614
-770
-941
-1054
-1070
-1054
-1133
-1288
-1255
-1279
-1263
-1357
-1434
-1438
-1530
-1495
-1515
-1354
-943
772
2227
2587
1767
1753
1797
854
1329
2156
1965
50
40
605
102
-664
-379
-385
-1201
-736
155
658
25
11
-380
-445
16
443
482
323
818
758
651
763
707
4
-389
-55
406
596
773
855
395
50
-22
107
12
-374
-602
-511
-110
175
277
300
225
-65
-215
-47
61
-14
-169
-57
2
25
-1
-152
-403
-670
-691
-578
-333
-149
-48
0
254
404
500
631
659
706
519
607
510
343
278
80
-110
-244
-202
-159
-112
-129
-57
-100
-18
-1
-8
84
110
190
207
358
428
309
74
-97
-202
-361
-511
-491
-401
-352
-284
-183
57
164
145
96
9
-66
-322
-531
-713
-836
-940
-1009
-966
-918
-964
-1116
-1092
-1169
-1295
-1464
-1485
-1425
-1382
-1312
-1247
-1345
-393
1320
2405
2125
1419
1822
1096
824
1746
2679
1466
-8
499
442
-357
-651
110
-547
-927
-209
689
455
-128
-188
-836
-684
-135
499
456
571
872
506
340
477
269
-382
-368
269
785
1001
1314
1139
302
-211
-199
53
-61
-281
-284
-213
-20
105
208
115
-210
-542
-512
-147
102
87
-63
-80
-213
-210
-168
-190
-377
-645
-626
-456
-230
-115
-84
-33
204
402
641
774
1005
865
576
454
326
194
16
135
48
25
18
143
2
-173
-265
-328
-243
-128
161
330
486
488
523
597
608
452
180
41
-1
-156
-293
-263
-222
-278
-324
-172
17
54
47
38
-27
-236
-495
-603
-645
-678
-732
-737
-647
-733
-884
-1126
-1176
-1248
-1373
-1404
-1307
-1190
-1297
-1419
-1490
-1375
-1402
-28
1436
2132
1351
1215
1590
694
988
1994
2608
841
407
1020
497
-334
2
653
-518
-626
200
626
-159
-341
-143
-740
-736
-174
450
382
577
603
126
18
236
311
132
528
914
1055
1141
1364
925
51
-217
-75
138
62
235
245
-2
-248
-211
9
-92
-380
-534
-334
-136
95
168
53
-232
-484
-419
-322
-189
-234
-363
-405
-257
-21
52
149
369
495
401
516
849
914
517
333
379
265
161
282
418
153
-106
-220
-275
-390
-423
-414
-325
-168
30
305
434
434
284
252
268
205
73
-8
-40
-199
-333
-371
-357
-431
-484
-390
-224
-113
-160
-171
-197
-363
-583
-689
-621
-619
-673
-649
-576
-641
-877
-1024
-1073
-1169
-1316
-1272
-1167
-1062
-1251
-1231
-1221
-1205
-1193
-1065
193
1158
1693
1044
1137
1217
638
1027
1964
2620
1231
934
1224
746
-117
71
795
117
-155
263
484
-365
-724
-517
-828
-1134
-933
-261
-189
-57
130
40
-285
-466
-127
205
688
1029
1273
1235
976
633
302
162
115
200
251
356
353
201
-61
-267
-346
-520
-641
-579
-318
-133
-108
-163
-282
-457
-583
-513
-334
-249
-263
-183
83
274
313
383
483
523
452
663
894
890
599
459
455
342
331
322
396
240
149
21
-149
-288
-421
-422
-354
-94
135
314
406
452
393
289
232
144
19
-64
-28
-56
-97
-90
-105
-252
-349
-267
-211
-204
-152
-95
-194
-333
-420
-464
-491
-483
-482
-498
-464
-483
-615
-777
-855
-1014
-1127
-1093
-966
-908
-979
-926
-1075
-1146
-1212
-1128
-1067
-960
-265
400
833
598
596
611
404
607
1135
1679
1327
1237
1477
1380
878
661
999
842
573
616
865
459
-132
-174
-99
-295
-698
-617
-553
-635
-663
-431
-218
-418
-514
-300
139
354
459
594
613
437
345
556
766
831
806
899
873
707
529
418
289
-2
-169
-127
-35
-145
-289
-388
-500
-650
-678
-615
-639
-627
-543
-282
-33
138
169
72
-5
-31
106
241
344
373
376
420
523
618
565
420
285
185
124
141
156
123
88
108
107
84
71
51
-29
-64
0
-27
-183
-286
-245
-315
-436
-388
-250
-265
-328
-167
-43
-67
-96
17
78
13
2
-6
-2
-41
-44
-75
-190
-335
-510
-586
-608
-656
-734
-801
-823
-872
-885
-857
-881
-972
-982
-899
-817
-769
-699
-632
-604
-462
-365
-379
-468
-429
-309
-102
256
547
672
605
659
739
854
934
992
1100
1135
1237
1287
1282
1083
837
699
556
443
298
155
-24
-80
-2
21
-48
-185
-271
-297
-226
-180
-223
-229
-210
-163
-100
53
151
47
-45
15
126
117
104
140
164
163
190
189
65
-53
-98
-20
111
214
235
211
219
212
220
196
109
-45
-112
-52
29
89
101
52
-53
-108
-108
-55
-29
-5
35
105
208
272
292
279
292
286
321
421
483
422
328
310
269
130
29
4
-78
-184
-135
-5
-11
-109
-157
-135
-164
-182
-155
-149
-149
-160
-133
-167
-224
-329
-433
-493
-524
-505
-550
-564
-595
-629
-673
-722
-773
-883
-902
-889
-838
-797
-770
-717
-731
-677
-645
-542
-382
-265
-228
-275
-129
-14
172
378
602
718
675
755
796
910
860
903
1022
1101
1136
1101
1151
901
636
467
433
289
99
52
-93
-156
-186
-129
-227
-377
-421
-403
-294
-279
-219
-191
-148
-76
6
99
111
146
157
178
209
221
245
267
296
249
180
122
43
-13
-17
14
13
31
60
63
34
-28
-42
-4
41
-13
-41
-34
-71
-93
-45
3
-72
-126
-112
-51
-10
32
39
35
72
170
325
419
436
402
432
464
460
407
328
222
101
51
43
44
-49
-147
-134
-84
-78
-113
-122
-171
-242
-213
-109
-56
-87
-84
-89
-116
-132
-182
-275
-426
-515
-561
-581
-612
-655
-678
-754
-773
-801
-808
-856
-898
-908
-897
-797
-782
-785
-818
-754
-753
-712
-471
-310
-285
-356
-187
-67
53
208
376
464
427
601
769
929
882
940
1039
1049
1041
1024
1065
788
600
533
496
308
91
34
-108
-168
-227
-207
-327
-462
-441
-366
-233
-247
-184
-129
-81
-35
22
104
72
102
160
283
328
297
326
372
379
288
243
187
67
25
117
202
184
186
190
151
68
13
-14
-67
-96
-67
29
48
37
17
16
-33
-96
-51
-16
40
48
105
168
212
235
261
346
331
318
333
418
404
307
251
152
72
-37
-54
-104
-182
-211
-178
-83
-118
-143
-136
-107
-121
-121
-42
12
69
104
155
144
82
28
-31
-84
-167
-225
-290
-332
-359
-407
-505
-638
-683
-682
-690
-712
-740
-757
-788
-804
-827
-828
-848
-829
-774
-629
-360
-192
-156
-209
-111
-10
124
301
476
580
574
722
789
860
837
851
913
941
1027
1036
1047
855
651
533
489
402
249
201
63
-6
-85
-140
-233
-361
-382
-387
-255
-188
-119
-50
-29
-76
-145
-61
22
110
189
270
278
245
284
302
275
177
154
192
230
257
263
251
179
143
143
146
75
-33
-80
-46
22
-12
-78
-121
-164
-183
-129
-63
-83
-103
-65
20
63
103
116
157
219
256
312
330
314
240
251
248
158
50
-18
-89
-183
-201
-229
-250
-248
-196
-151
-149
-132
-135
-151
-131
-83
-62
-54
-15
31
51
-14
-105
-190
-285
-348
-388
-430
-471
-498
-518
-569
-619
-673
-758
-797
-796
-767
-769
-768
-771
-802
-823
-854
-851
-837
-781
-722
-601
-388
-212
-101
-83
28
115
222
424
647
796
789
852
881
902
877
875
914
909
948
948
932
767
554
454
398
341
242
215
178
131
98
71
8
-152
-233
-230
-151
-104
-111
-101
-139
-194
-230
-163
-81
-70
-34
32
123
124
142
199
187
105
94
199
224
189
148
117
69
21
29
10
-43
-86
-84
-29
-5
-32
-74
-83
-45
-17
31
89
113
87
119
190
217
220
240
267
241
236
246
221
152
71
11
-58
-84
-107
-139
-151
-135
-104
-89
-54
-52
-74
-80
-78
-81
-78
-37
-16
-24
-11
10
-11
-94
-183
-255
-312
-341
-339
-335
-389
-437
-472
-506
-541
-593
-657
-704
-697
-663
-665
-693
-728
-763
-791
-814
-831
-823
-780
-734
-654
-536
-339
-149
-28
23
110
245
370
576
792
930
934
958
1001
1014
1008
999
1014
997
982
967
965
833
590
453
418
351
218
180
118
11
-59
-83
-143
-287
-369
-368
-291
-266
-275
-251
-259
-280
-287
-196
-106
-78
-1
83
152
180
260
332
301
205
177
258
292
283
252
220
121
41
43
-3
-79
-148
-122
-53
7
30
15
23
16
45
117
174
163
144
203
256
292
311
301
245
189
184
154
101
17
-75
-133
-162
-165
-191
-219
-219
-205
-194
-153
-120
-132
-135
-126
-135
-140
-112
-76
-77
-86
-57
-55
-124
-181
-211
-247
-267
-247
-223
-250
-295
-317
-341
-370
-405
-441
-504
-542
-515
-502
-557
-625
-712
-782
-814
-794
-772
-777
-761
-731
-649
-582
-465
-291
-141
-50
15
174
307
459
620
781
840
802
815
833
882
869
915
918
912
874
841
842
650
474
363
347
260
184
160
66
-2
-74
-79
-176
-259
-296
-280
-220
-241
-238
-247
-246
-269
-245
-135
-23
39
86
197
245
276
318
356
313
212
201
237
237
215
230
182
80
30
11
-20
-75
-76
-52
-5
45
46
47
36
43
39
96
151
184
213
241
289
286
266
205
176
137
87
75
79
55
-15
-33
-46
-100
-144
-133
-112
-126
-104
-65
-25
-39
-67
-71
-79
-98
-116
-102
-116
-147
-167
-189
-224
-274
-295
-310
-322
-347
-362
-384
-434
-469
-489
-498
-539
-575
-572
-550
-550
-587
-624
-661
-699
-706
-682
-642
-649
-653
-617
-559
-509
-442
-264
-91
35
109
252
384
474
606
752
873
835
874
920
963
959
939
953
878
817
771
776
609
390
292
263
222
135
126
32
-61
-117
-157
-187
-262
-266
-267
-234
-236
-247
-233
-227
-231
-240
-135
-35
37
111
181
207
191
255
315
323
260
235
259
245
234
208
152
78
53
66
51
2
-45
-34
15
84
87
41
15
17
60
119
174
191
201
228
262
250
179
115
73
83
88
105
107
58
-11
-75
-91
-136
-184
-176
-137
-93
-56
-29
-34
-68
-106
-132
-160
-179
-168
-144
-135
-160
-209
-264
-294
-305
-323
-356
-376
-351
-335
-337
-368
-401
-440
-434
-403
-412
-443
-473
-454
-462
-476
-503
-553
-592
-603
-568
-573
-580
-582
-537
-475
-403
-323
-263
-96
71
200
236
300
368
398
510
642
736
682
696
744
787
767
719
711
647
639
642
684
587
436
365
332
281
179
152
58
-33
-72
-57
-75
-170
-214
-249
-228
-205
-184
-173
-159
-131
-109
-22
31
32
33
87
152
160
165
179
167
143
140
163
158
139
150
159
175
162
160
177
189
169
145
164
157
135
89
111
111
93
103
114
108
53
64
80
74
58
73
78
61
56
59
42
-27
-68
-90
-76
-76
-82
-81
-87
-97
-104
-88
-102
-133
-154
-130
-107
-129
-160
-216
-239
-245
-260
-270
-288
-288
-277
-235
-218
-232
-252
-280
-292
-303
-286
-285
-290
-297
-303
-304
-344
-385
-413
-418
-421
-422
-414
-401
-386
-396
-378
-355
-319
-279
-201
-116
-37
81
164
196
175
242
324
403
506
573
585
529
566
592
600
557
517
514
500
504
465
428
281
146
112
98
52
-22
-42
-109
-157
-176
-198
-256
-313
-314
-298
-222
-185
-184
-174
-136
-106
-85
-19
20
33
102
186
198
184
188
181
147
138
157
173
176
201
216
198
162
144
132
120
114
98
98
90
99
89
57
32
10
2
-7
11
9
13
12
9
-1
-17
-3
-1
21
24
35
41
31
14
2
3
-26
-47
-61
-39
-44
-64
-73
-103
-130
-173
-188
-214
-213
-216
-220
-199
-186
-188
-215
-222
-231
-228
-231
-249
-261
-278
-278
-296
-323
-352
-352
-331
-342
-343
-361
-396
-422
-418
-397
-393
-386
-348
-306
-267
-232
-216
-208
-186
-146
-114
-77
-31
-8
37
123
216
274
293
321
361
423
475
506
500
482
475
483
497
459
436
408
382
371
361
332
236
154
87
47
8
-6
-9
-46
-61
-64
-54
-78
-98
-111
-121
-102
-93
-50
-18
-4
1
40
128
193
220
221
235
230
250
292
318
308
271
291
308
344
343
304
273
232
223
212
205
169
119
70
74
84
64
36
5
-6
-11
1
-1
-30
-48
-46
-22
-32
-45
-30
-30
-49
-40
-3
8
7
-3
9
12
0
-10
-30
-62
-84
-71
-67
-69
-91
-126
-137
-160
-181
-200
-215
-228
-227
-216
-212
-206
-230
-236
-229
-211
-210
-208
-201
-193
-182
-170
-152
-180
-202
-201
-203
-203
-198
-177
-176
-167
-133
-100
-78
-79
-47
-13
20
63
104
148
191
223
242
257
279
307
325
352
363
347
325
313
322
313
307
284
266
259
247
221
176
153
101
63
37
39
14
-16
-27
-42
-49
-77
-77
-91
-74
-81
-88
-61
-52
-51
-49
-3
31
56
81
107
117
107
115
123
124
110
100
86
85
90
92
75
40
6
-14
-19
-25
-34
-55
-64
-86
-95
-100
-105
-119
-142
-140
-122
-127
-148
-148
-159
-178
-187
-166
-163
-188
-204
-192
-190
-210
-218
-237
-258
-278
-277
-260
-257
-266
-272
-274
-263
-270
-265
-250
-251
-261
-272
-262
-259
-270
-274
-260
-244
-232
-206
-182
-173
-181
-176
-155
-140
-147
-153
-144
-136
-124
-108
-97
-103
-111
-92
-68
-43
-29
-8
26
56
94
136
175
202
239
280
322
349
352
369
384
416
437
450
449
433
418
389
373
341
317
278
272
274
263
248
216
200
177
166
129
98
81
87
86
83
87
67
53
33
35
22
12
12
17
36
35
47
58
59
62
63
67
53
40
43
62
58
41
36
38
20
19
36
34
25
17
15
2
-17
-21
-21
-9
10
7
1
-8
-9
-16
-17
-20
-38
-51
-62
-71
-99
-137
-170
-191
-206
-208
-212
-213
-209
-210
-211
-222
-238
-254
-252
-230
-208
-191
-185
-179
-180
-165
-155
-151
-138
-138
-120
-110
-92
-81
-72
-62
-56
-48
-44
-42
-38
-42
-44
-55
-63
-75
-86
-74
-71
-70
-71
-72
-72
-64
-54
-49
-39
-33
0
39
74
106
129
153
178
206
225
245
258
266
279
304
311
301
298
287
291
290
273
257
233
220
201
184
166
137
117
98
93
63
26
-1
-25
-45
-60
-51
-63
-84
-94
-93
-101
-103
-92
-84
-83
-87
-76
-70
-77
-76
-72
-62
-54
-44
-26
-12
-10
-11
1
11
18
17
18
12
9
20
33
33
21
18
19
32
44
44
41
42
37
40
38
26
9
-11
-19
-32
-59
-83
-101
-111
-123
-143
-161
-170
-174
-181
-171
-165
-161
-157
-154
-149
-162
-172
-178
-170
-158
-138
-111
-105
-99
-97
-94
-95
-87
-63
-39
-24
-22
-17
-16
-21
-26
-19
-21
-25
-23
-12
-10
-18
-38
-48
-39
-19
-15
-14
-17
-13
-1
16
40
46
41
55
94
112
111
118
133
154
172
204
229
233
232
240
239
218
198
187
168
154
145
139
128
120
125
100
78
65
58
43
27
1
-29
-55
-66
-74
-94
-114
-127
-124
-126
-132
-140
-143
-133
-110
-83
-61
-50
-39
-31
-19
-10
-14
-24
-33
-27
-14
1
5
21
41
57
62
64
73
72
74
88
94
97
104
128
142
141
138
134
135
147
164
163
159
152
150
154
154
130
110
99
91
94
86
67
48
37
27
24
16
10
2
-5
-11
-25
-38
-56
-64
-75
-79
-85
-98
-102
-98
-98
-93
-74
-54
-44
-26
-28
-30
-27
-35
-40
-46
-48
-64
-64
-60
-49
-46
-54
-60
-63
-64
-75
-81
-83
-88
-83
-70
-57
-47
-56
-61
-48
-47
-43
-19
0
18
24
31
37
37
43
48
51
48
59
59
49
33
13
-6
-28
-37
-47
-57
-68
-92
-115
-139
-156
-179
-196
-195
-207
-210
-216
-224
-227
-229
-223
-217
-204
-189
-172
-165
-157
-146
-141
-124
-109
-86
-74
-72
-59
-53
-40
-29
-16
-9
3
22
31
36
42
54
63
72
78
90
108
123
142
163
172
183
198
206
219
222
207
203
201
190
187
184
176
158
141
137
129
115
98
97
93
78
62
47
29
11
-1
-15
-24
-28
-31
-38
-48
-51
-63
-64
-53
-40
-37
-33
-2
7
18
31
40
49
52
58
55
42
24
19
13
7
-6
-11
-11
-8
-10
-18
-20
-20
-17
-17
-8
-13
-17
-5
-1
4
5
13
30
46
63
72
80
76
75
79
82
84
82
80
87
75
52
39
26
14
1
-12
-30
-49
-57
-75
-100
-118
-138
-154
-158
-163
-174
-189
-198
-207
-206
-211
-202
-183
-174
-157
-143
-129
-131
-133
-121
-109
-101
-97
-83
-75
-69
-60
-50
-32
-19
0
18
37
53
66
69
69
79
86
97
97
98
107
117
121
122
128
141
147
154
156
153
157
151
149
149
138
125
120
99
78
69
61
64
56
41
32
25
25
28
27
22
17
11
-3
-11
-14
-28
-42
-38
-33
-31
-23
-13
-6
-3
4
10
8
-2
7
12
8
10
4
1
-2
-7
-12
-14
-14
-18
-17
-12
-11
-14
-15
-1
-2
6
21
25
30
35
43
48
48
60
63
61
62
68
68
63
64
43
31
26
20
10
-4
-14
-34
-40
-41
-47
-54
-61
-60
-61
-64
-74
-95
-108
-112
-115
-116
-120
-120
-122
-121
-116
-118
-114
-105
-99
-84
-83
-78
-68
-63
-49
-48
-43
-39
-34
-35
-33
-21
-18
-19
-18
-18
-11
-6
3
9
7
18
25
34
36
36
40
34
37
36
33
36
32
33
35
39
42
40
43
38
33
24
12
2
-8
-11
-21
-34
-44
-53
-56
-60
-62
-69
-66
-72
-74
-66
-59
-58
-63
-58
-56
-52
-52
-41
-37
-43
-46
-39
-41
-41
-22
-11
3
13
21
24
34
47
46
40
35
36
32
31
37
33
23
23
32
36
38
52
54
56
59
69
72
70
80
83
97
104
107
107
106
103
98
92
84
82
78
75
75
72
66
62
60
57
59
54
53
49
39
34
28
20
9
0
0
-10
-12
-12
-19
-27
-34
-26
-31
-39
-36
-35
-27
-22
-14
-7
-6
-5
4
12
19
26
25
33
37
43
45
51
55
54
60
65
72
74
67
66
61
53
53
51
48
47
47
50
47
46
48
39
32
28
27
16
4
-6
-15
-24
-37
-40
-51
-60
-71
-77
-77
-95
-99
-96
-98
-92
-91
-82
-76
-80
-77
-79
-77
-79
-76
-72
-67
-65
-72
-72
-70
-68
-68
-65
-58
-51
-45
-44
-39
-34
-33
-27
-25
-21
-17
-13
-9
-13
-24
-26
-24
-23
-14
-12
-12
-13
-15
-12
-13
-8
-5
-5
2
10
15
16
21
29
34
40
43
45
