-8
2
33
-38
35
5
11
29
20
38
20
61
-23
37
46
-1
26
11
45
-40
7
-33
3
-39
-23
-9
-58
-11
-67
22
-38
14
-8
-5
-10
-35
27
-3
32
-11
-7
13
-50
45
-34
63
-52
5
-15
-17
1
-32
57
-69
1
-96
34
-66
8
-1
-34
-34
-28
-14
-11
22
3
3
3
-10
-24
25
1
38
0
-9
-9
-12
-4
-6
12
-13
-24
5
-49
6
-26
27
-32
12
5
-31
23
-8
71
-1
50
22
47
47
41
71
11
50
30
13
2
36
0
-14
4
-2
-62
-4
-13
-14
-6
-6
-11
7
3
-5
29
1
15
9
25
10
29
26
37
32
19
38
13
51
-4
49
20
11
18
34
-1
7
-2
-41
23
-60
-11
-15
-10
-40
-8
-15
-57
1
-7
-42
34
-23
6
27
19
13
19
6
1
20
13
1
27
-21
-17
-25
-15
-3
-44
13
-69
-1
-42
-15
10
-22
23
-24
17
5
-3
34
-26
30
-43
20
-38
-9
40
-11
-8
1
16
-49
25
-20
-13
-31
-4
-40
-5
-4
-7
23
-28
3
-16
-14
-24
18
-63
-8
-18
2
4
6
3
-18
7
-3
-17
19
-5
-2
2
-5
-11
-15
10
-10
-18
-36
-17
-24
-23
17
-2
-5
-1
2
-17
-7
44
15
35
32
20
38
39
56
34
26
-8
4
-11
-19
-32
-35
-32
-14
-3
-12
8
-10
27
-34
40
20
18
22
-23
41
-48
56
5
30
19
-19
25
-36
29
-39
50
-9
58
-20
16
-19
-9
-16
-14
29
-40
13
-31
19
-42
48
-8
29
21
14
23
2
33
-18
15
15
25
41
-14
22
-16
-12
-3
-9
4
-44
23
-57
25
-15
27
36
0
2
-15
-2
-19
23
-17
-1
-35
8
-39
-2
-11
9
9
1
19
-36
26
-39
12
5
-18
0
-45
-15
-91
-37
-52
-72
-1
-62
-8
-52
-11
25
-53
50
-31
54
-27
39
31
-32
33
-28
45
-52
42
-27
-23
-27
-37
-22
-54
26
-67
-8
-41
-6
5
0
17
-11
-1
-19
-21
50
-3
59
6
39
-11
19
6
-4
25
11
6
-14
20
-8
16
35
46
14
1
19
-15
34
-10
44
7
9
44
-40
109
-80
129
-66
82
22
-1
81
3
134
-52
122
-7
125
-13
83
11
1
28
-15
41
-48
54
-21
-30
-19
-36
-35
-7
38
-34
35
0
59
-14
69
9
28
31
18
33
-32
33
-63
4
-41
-22
-38
-37
-18
-62
-24
-71
-45
-65
-38
-59
-42
-44
-39
-12
-19
-11
-29
6
-27
-15
-21
-21
-56
-38
-53
-27
-50
-18
-38
-31
-14
18
-22
6
-23
-7
-37
1
-1
-45
41
-61
43
-40
52
9
38
40
-6
52
18
38
24
-10
45
-10
54
41
55
30
6
45
5
26
30
30
29
51
35
30
27
61
36
47
67
49
49
24
88
64
69
86
73
82
64
67
71
85
86
28
68
29
2
11
28
6
-26
11
-74
7
-84
-4
-42
-15
21
-39
45
-29
60
14
14
29
-13
60
-71
64
-20
25
-22
-15
1
-81
17
-61
-5
-72
-31
-94
-50
-48
-63
-14
-49
17
-52
12
9
17
19
-8
28
-11
39
31
40
1
28
10
1
22
-12
17
-40
-3
-26
-40
-17
-54
5
-54
13
-24
1
13
7
16
48
18
26
54
60
76
72
89
49
54
21
49
7
27
18
6
2
-13
-20
-39
-45
-1
-51
-19
-70
-35
-21
-102
11
-90
1
-89
40
-33
-24
31
-48
21
-73
27
-84
36
-14
21
-26
44
-43
13
-27
-42
-56
-90
-40
-106
-36
-101
-20
-97
-14
-87
-22
-88
-34
-46
-45
-19
-53
9
-9
22
-4
34
22
-14
4
-54
-11
-80
-61
-84
-101
-63
-139
-54
-110
-56
-90
-38
-23
-62
-26
-39
-10
-40
-50
18
-23
36
-14
6
-12
-34
5
-90
18
-86
21
-38
19
-15
-22
6
-64
16
-50
1
-13
-14
-4
-38
15
3
40
50
7
54
-2
5
22
22
61
8
73
51
45
80
16
122
62
110
52
5
19
14
35
-11
50
3
13
-6
62
16
73
32
53
20
25
13
37
65
21
67
15
53
11
47
31
1
58
-19
44
-48
27
-22
8
15
-37
-11
-13
21
9
-10
-11
-5
-6
27
15
50
31
42
28
2
7
-12
8
-34
-23
-31
-51
-20
-40
-33
-65
-35
-9
-17
19
-40
-5
-28
36
-5
17
-46
-12
-11
-39
33
-35
-16
-35
-39
8
-89
52
-78
6
-72
-42
-13
-49
37
-72
33
-96
22
-75
27
6
-2
14
-3
-7
-17
-4
22
26
-3
63
-34
30
-58
52
-17
1
-31
-37
-27
-56
43
-1
38
-27
47
-6
30
12
68
30
94
57
55
95
-14
113
15
101
15
33
44
-41
41
-23
60
9
50
71
-12
25
-34
46
-30
2
-15
-64
17
-77
61
-13
66
17
49
98
-9
85
45
31
3
-8
23
-59
62
-11
0
4
-70
30
-83
20
-56
11
-31
-5
-17
-65
26
-106
20
-79
76
-79
23
41
-32
66
-24
41
-27
-23
51
-31
15
-28
-38
-50
-115
-26
-101
-56
-115
-57
-152
-68
-74
-72
-7
-93
23
-48
54
-29
80
37
52
65
53
67
6
75
-6
50
-8
8
17
-5
30
51
-8
36
-52
-4
-56
-2
-32
-29
-52
-34
-8
-8
74
3
67
-34
44
43
49
45
45
45
5
14
33
43
5
22
6
-26
-20
15
-21
-9
-35
-25
-80
13
-46
15
-80
-8
-41
-47
7
-71
84
-56
99
-14
16
24
23
76
45
79
-6
57
-1
-2
35
-14
11
-69
-13
-58
-45
-12
-74
-3
-69
-16
-21
-72
-29
-37
-30
-11
-12
57
17
51
10
29
18
18
20
63
-30
18
35
-15
8
13
46
-69
38
3
7
10
6
25
-20
-22
34
-30
44
-37
21
-53
-25
17
-20
126
-66
94
-67
75
23
73
100
25
51
-23
21
26
27
57
-2
2
-41
-54
-5
-50
54
-37
35
-27
-13
-17
-6
15
-14
33
21
-2
69
3
26
6
-39
36
-55
51
-86
83
-84
4
5
-43
84
-80
56
-72
3
-37
-51
50
-121
55
-9
-16
23
-58
71
-105
47
-56
-15
41
-122
3
-54
-32
-24
48
-4
-7
-56
40
-60
34
56
45
11
-46
17
-35
27
-130
37
-62
-23
-35
46
61
-17
88
40
2
11
67
26
3
-6
-43
-60
31
-24
65
-50
31
-62
-35
-5
-115
71
-39
75
9
84
17
0
31
19
43
43
12
57
-17
46
12
58
75
-3
104
-64
16
-107
-5
-19
-82
11
-49
15
-44
-36
-22
-141
33
-49
48
26
-26
95
-72
94
-54
62
5
-19
43
-7
87
-49
94
-17
120
60
26
38
-47
20
19
40
43
12
33
-16
55
-4
-28
47
-109
3
-139
-10
-88
23
39
-57
49
-69
85
-98
52
-62
-90
-23
-77
14
-126
29
-120
59
-39
-8
-6
-95
59
-149
98
-51
0
-19
-8
12
-56
-11
-55
-57
-23
-24
-43
-31
-89
-10
-69
28
0
53
47
88
2
36
29
59
64
37
157
-40
94
77
94
10
65
156
-2
111
66
-28
79
-65
88
-39
20
80
-58
96
-82
133
-34
53
35
12
91
-31
57
-28
109
-78
78
24
-61
23
-21
64
-91
30
-53
-63
-22
-56
47
-57
14
21
-112
47
-75
11
-77
-181
6
-199
-54
-61
-140
-33
-165
-26
-70
-41
-2
-103
22
-47
18
9
-18
-26
-130
28
-77
78
34
-4
62
-29
78
-67
61
-4
-30
124
-88
50
-78
72
-53
-11
57
-63
103
-27
87
26
16
118
72
57
44
24
71
-31
18
-8
-79
67
-38
118
-19
78
26
-29
138
-34
165
-18
111
57
11
140
-33
99
-57
16
14
-10
34
13
67
-25
30
36
9
91
16
25
-11
-28
35
-117
35
-49
-57
-21
-58
93
-57
67
35
-8
14
-55
48
-74
-4
11
-22
35
-52
24
-35
12
37
-11
67
-28
35
-117
-41
-55
-75
-24
-69
-9
-118
-28
-83
-17
-35
-49
18
-73
5
-142
-41
-90
-2
62
-99
120
-93
14
-11
-32
-1
-92
67
-142
-40
-34
-135
17
-23
189
-24
35
58
-78
48
-73
69
-111
-83
-6
-173
22
-91
23
42
37
108
-90
53
-25
-7
-45
-57
-1
-69
96
-13
81
-64
44
24
20
93
-11
45
-50
11
13
40
56
69
144
35
48
54
9
55
59
56
-43
56
65
45
31
10
3
-22
31
70
35
-25
21
-22
-8
-40
10
19
30
70
34
35
56
62
75
124
127
82
65
107
77
70
129
139
103
70
70
1
-10
3
-33
-60
-82
-113
-137
-95
-84
-62
-73
-101
-117
-102
-56
-155
-67
-128
-121
-111
-109
22
-14
35
66
10
32
27
32
25
-35
22
-65
-35
-69
-60
-24
-41
12
-98
-10
-95
-48
22
-67
-1
-78
-15
-83
-36
7
-26
70
19
59
52
139
74
121
142
-5
49
30
57
4
4
21
-98
-8
-56
-34
-33
-69
19
-72
-6
-28
-12
40
-34
7
-85
13
8
5
64
-14
58
-3
78
59
51
73
-6
125
52
84
69
15
28
-8
50
-37
27
-4
-35
-86
-89
-77
-65
-3
7
-56
-37
-32
7
32
36
71
-37
25
-14
-6
-18
32
-20
-27
-31
-8
7
24
58
35
14
24
23
56
80
-3
-5
-69
-15
-65
-51
-20
-37
-40
-60
-77
-88
-106
-64
-109
-99
-120
-139
-125
-134
-108
-137
-73
-93
-43
-49
-17
-29
5
12
26
80
73
113
93
120
80
65
109
80
149
121
154
112
134
187
149
187
168
196
134
140
122
145
145
136
136
77
71
84
114
115
155
151
147
172
142
180
129
173
151
119
117
2
41
-78
-28
-130
-111
-127
-126
-81
-169
-109
-225
-183
-233
-246
-243
-322
-276
-341
-340
-383
-418
-382
-437
-342
-421
-407
-440
-484
-430
-481
-425
-530
-523
-577
-602
-591
-598
-509
-469
-360
-293
-187
30
173
372
520
689
818
894
990
954
932
874
785
667
564
493
332
279
162
87
21
-14
25
-3
47
7
-18
-51
-55
-56
-79
-83
-90
-91
-67
-15
50
133
264
410
515
621
744
837
871
901
905
847
792
716
596
456
317
205
49
-43
-133
-233
-315
-339
-354
-389
-373
-362
-381
-414
-396
-387
-384
-371
-373
-391
-377
-351
-344
-332
-320
-309
-312
-285
-292
-328
-363
-453
-526
-665
-747
-891
-1026
-1170
-1310
-1415
-1488
-1531
-1467
-1366
-1265
-1119
-903
-521
-335
145
494
816
1048
1397
1677
1626
1821
1811
1718
1519
1493
1269
963
836
644
334
205
159
-37
-230
-225
-299
-522
-505
-520
-669
-799
-742
-817
-919
-827
-784
-764
-634
-368
-229
-51
270
464
685
862
1140
1193
1259
1314
1263
1178
996
901
644
445
247
100
-105
-232
-294
-377
-421
-340
-269
-255
-109
-33
64
102
228
245
215
249
244
248
227
250
256
255
289
332
348
394
426
421
348
317
212
85
-45
-178
-348
-517
-624
-741
-802
-823
-781
-770
-685
-585
-510
-438
-371
-339
-357
-369
-429
-529
-662
-806
-1018
-1224
-1431
-1548
-1557
-1461
-1402
-1323
-1002
-694
-364
83
690
995
1246
1679
1927
1976
1961
2050
1754
1489
1293
1043
667
387
191
-130
-243
-276
-385
-562
-524
-544
-710
-777
-737
-911
-1121
-1190
-1242
-1385
-1423
-1353
-1329
-1175
-876
-549
-256
192
635
987
1361
1759
2021
2110
2202
2236
2081
1884
1643
1355
950
639
349
45
-183
-346
-452
-552
-486
-421
-359
-279
-101
-17
91
156
281
317
285
355
337
387
323
391
357
401
445
458
497
507
506
405
333
239
63
-140
-337
-547
-752
-964
-1086
-1209
-1259
-1260
-1190
-1084
-956
-807
-651
-521
-374
-298
-272
-324
-398
-531
-703
-864
-1087
-1312
-1587
-1789
-1978
-1902
-1814
-1703
-1536
-1135
-650
-340
340
994
1371
1603
2107
2469
2296
2322
2305
1991
1544
1343
1092
619
408
206
-56
-144
-94
-219
-391
-329
-354
-626
-746
-791
-1054
-1411
-1533
-1590
-1807
-1825
-1687
-1527
-1273
-784
-268
193
775
1407
1850
2268
2736
2959
2905
2838
2786
2423
1978
1597
1191
609
194
-102
-413
-682
-794
-860
-926
-793
-695
-654
-555
-336
-260
-217
-69
65
39
76
236
359
395
519
701
807
891
1029
1095
1051
1048
930
744
529
298
-47
-397
-627
-896
-1192
-1356
-1418
-1444
-1447
-1303
-1126
-986
-813
-629
-472
-395
-312
-312
-373
-460
-587
-785
-970
-1119
-1313
-1579
-1782
-1984
-2173
-2180
-1985
-1863
-1764
-1404
-916
-578
-33
745
1149
1381
1799
2283
2161
2119
2234
1972
1532
1296
1225
809
546
441
253
128
149
111
-89
-139
-165
-483
-754
-842
-1094
-1524
-1752
-1702
-1871
-1939
-1737
-1464
-1203
-707
-32
470
1083
1752
2274
2604
3054
3276
3162
2965
2813
2417
1820
1359
928
367
-144
-377
-588
-787
-878
-810
-826
-756
-631
-593
-599
-564
-503
-502
-473
-299
-257
-81
148
537
900
1187
1577
1870
2151
2175
2240
2092
1801
1423
944
404
-130
-663
-1169
-1574
-1795
-2000
-2067
-1961
-1783
-1537
-1307
-995
-729
-507
-388
-293
-273
-381
-519
-639
-823
-971
-1090
-1126
-1211
-1142
-1126
-1100
-1085
-1126
-1212
-1487
-1461
-1471
-1476
-1680
-1576
-1302
-1192
-834
-157
511
717
1271
2021
2351
2411
2716
2834
2486
2260
2185
1738
1251
959
546
111
-109
-257
-705
-928
-961
-1158
-1458
-1499
-1466
-1729
-1890
-1766
-1663
-1702
-1561
-1247
-993
-606
-21
517
1002
1581
2159
2504
2844
3184
3197
2998
2823
2632
2115
1556
1156
640
112
-308
-524
-837
-1060
-1073
-1118
-1129
-1058
-967
-984
-947
-782
-725
-706
-420
-177
-2
249
766
1219
1490
2047
2458
2654
2767
2900
2724
2291
1942
1386
670
30
-559
-1172
-1726
-2008
-2233
-2353
-2210
-1965
-1684
-1387
-962
-626
-474
-305
-210
-289
-482
-614
-799
-1059
-1207
-1279
-1314
-1329
-1147
-1051
-906
-773
-673
-714
-900
-1100
-1502
-1875
-2018
-2158
-2501
-2588
-2271
-1828
-1581
-568
414
997
1588
2651
3388
3256
3665
3793
3423
2782
2620
2099
1177
701
210
-402
-769
-811
-1117
-1361
-1189
-1105
-1375
-1273
-1112
-1266
-1522
-1402
-1302
-1516
-1470
-1234
-1019
-758
-168
432
939
1590
2300
2813
3189
3644
3770
3572
3353
3129
2591
1822
1293
685
-70
-649
-987
-1341
-1713
-1751
-1715
-1705
-1523
-1303
-1109
-995
-657
-479
-363
30
219
527
589
1175
1381
1618
2094
2210
2468
2364
2576
2170
1860
1465
882
318
-308
-746
-1329
-1773
-1990
-2200
-2184
-2139
-1906
-1664
-1482
-1038
-857
-623
-511
-418
-441
-578
-569
-681
-782
-794
-830
-768
-701
-512
-469
-429
-386
-453
-625
-957
-1338
-1836
-2372
-2507
-2649
-2781
-2835
-2481
-1724
-1393
-221
855
1757
2215
3199
4072
3827
4004
3964
3580
2631
2286
1806
853
252
-107
-601
-890
-862
-923
-1166
-1084
-885
-1200
-1204
-1236
-1367
-1857
-1972
-1898
-2157
-2163
-1968
-1593
-1213
-525
291
987
1737
2536
3165
3585
3927
4108
3831
3423
3039
2420
1552
788
243
-499
-1104
-1368
-1522
-1724
-1707
-1489
-1304
-1084
-782
-561
-414
-276
-99
-187
4
207
241
394
645
1267
1293
1904
2340
2608
2776
2948
3001
2471
2230
1657
942
158
-506
-1175
-1883
-2295
-2523
-2716
-2591
-2428
-1992
-1698
-1266
-783
-562
-319
-196
-168
-363
-550
-643
-912
-1100
-1177
-1237
-1207
-1116
-942
-874
-708
-638
-629
-795
-966
-1405
-1887
-2404
-2594
-2588
-2842
-2810
-2589
-1558
-1234
-185
1168
2115
2666
3377
4674
4346
4338
4311
3952
2879
2264
1841
769
20
-350
-858
-1273
-1186
-1220
-1400
-1454
-1015
-1278
-1393
-1443
-1441
-1833
-2186
-2016
-2151
-2208
-2072
-1553
-1107
-409
479
1311
2027
2921
3633
4041
4310
4511
4178
3582
3121
2441
1473
489
-60
-819
-1412
-1727
-1784
-1895
-1842
-1522
-1237
-954
-639
-349
-251
-131
-52
-76
-114
60
173
231
505
996
1418
1778
2294
2660
2794
2873
2760
2415
1845
1199
386
-443
-1186
-1916
-2554
-2953
-3118
-3143
-2989
-2623
-2150
-1699
-1220
-761
-412
-254
-178
-199
-333
-546
-754
-949
-1115
-1149
-1142
-1036
-842
-641
-461
-328
-191
-186
-402
-653
-1135
-1607
-2272
-2596
-2561
-2805
-2707
-2650
-1471
-942
-2
1439
2506
3236
3642
5054
4881
4608
4450
4173
3061
2139
1782
817
-145
-499
-844
-1269
-1257
-1227
-1236
-1463
-958
-1189
-1372
-1511
-1575
-1918
-2427
-2275
-2388
-2403
-2287
-1669
-1136
-385
558
1527
2321
3162
4002
4384
4625
4654
4375
3686
3062
2356
1404
403
-211
-832
-1382
-1694
-1676
-1649
-1613
-1243
-929
-653
-440
-182
-98
-153
-135
-277
-293
-305
-194
-20
193
778
1064
1776
2138
2589
2819
2867
2771
2268
1869
992
184
-697
-1511
-2276
-2904
-3190
-3410
-3373
-3035
-2673
-2085
-1631
-1034
-625
-355
-108
-111
-137
-352
-533
-750
-990
-1036
-1086
-1022
-850
-622
-357
-208
82
107
130
-132
-403
-899
-1564
-2104
-2758
-2675
-2944
-2845
-2831
-1958
-980
-342
1182
2286
3324
3556
4746
5097
4658
4391
4070
3263
2002
1541
782
-196
-786
-959
-1367
-1441
-1371
-1236
-1474
-1222
-1139
-1448
-1624
-1817
-1966
-2538
-2582
-2576
-2542
-2433
-1876
-1122
-406
594
1689
2600
3412
4286
4853
4941
4937
4736
4072
3268
2495
1657
560
-161
-737
-1216
-1537
-1601
-1480
-1380
-1051
-741
-518
-313
-166
-96
-231
-313
-456
-586
-597
-532
-234
-64
557
1022
1755
2324
2789
3118
3191
3229
2741
2274
1471
609
-364
-1254
-1990
-2654
-3051
-3256
-3259
-2910
-2568
-2030
-1542
-1000
-549
-334
-95
-96
-144
-411
-649
-835
-1071
-1203
-1253
-1190
-1066
-840
-570
-315
-172
-20
-76
-221
-543
-981
-1557
-2220
-2780
-3033
-2935
-3015
-2792
-2294
-1021
-397
814
2200
3277
3643
4291
5277
4751
4328
3960
3527
2087
1398
922
-24
-822
-991
-1196
-1493
-1367
-1202
-1285
-1336
-1044
-1361
-1578
-1846
-1932
-2428
-2674
-2616
-2544
-2382
-1961
-1150
-372
604
1619
2655
3432
4243
4814
5003
4901
4729
4169
3373
2538
1785
806
-34
-556
-1016
-1318
-1508
-1373
-1311
-1083
-874
-673
-589
-547
-530
-684
-859
-1013
-1137
-1029
-999
-624
-348
284
875
1501
2317
2698
3088
3094
3230
2720
2173
1474
576
-376
-1298
-1956
-2622
-3011
-3113
-3133
-2787
-2366
-1856
-1375
-917
-418
-263
-107
-111
-154
-408
-700
-883
-1051
-1162
-1166
-1037
-842
-587
-261
-23
152
304
251
87
-312
-721
-1415
-2047
-2677
-2834
-2849
-2924
-2702
-2218
-945
-416
872
2113
3195
3539
4148
5037
4482
4093
3638
3210
1856
1177
691
-141
-870
-1013
-1172
-1379
-1261
-1120
-1195
-1303
-1085
-1429
-1678
-2050
-2140
-2606
-2855
-2821
-2676
-2449
-2020
-1172
-346
644
1621
2696
3446
4202
4724
4892
4765
4521
3981
3207
2376
1628
706
-35
-470
-914
-1141
-1278
-1160
-1117
-895
-674
-559
-529
-533
-585
-758
-903
-1073
-1082
-1099
-881
-541
-109
534
1053
1884
2413
2953
3229
3309
3218
2705
2238
1429
606
-328
-1176
-1829
-2461
-2743
-2909
-2890
-2609
-2283
-1762
-1410
-968
-635
-486
-384
-428
-453
-690
-908
-1001
-1166
-1153
-1112
-937
-731
-464
-146
23
210
220
171
-101
-445
-920
-1567
-2161
-2779
-3193
-3039
-3037
-2736
-2544
-1413
-369
369
1784
2760
3673
3588
4594
4661
4101
3572
3207
2539
1318
1058
471
-194
-643
-590
-767
-830
-775
-688
-1033
-974
-1152
-1545
-1987
-2319
-2498
-2967
-2939
-2847
-2447
-2114
-1365
-457
551
1512
2535
3404
4067
4639
4935
4829
4538
4140
3475
2675
1887
1251
398
-91
-489
-668
-862
-924
-838
-831
-727
-779
-843
-993
-1138
-1336
-1550
-1747
-1817
-1633
-1432
-954
-486
276
967
1654
2525
2986
3404
3347
3409
2933
2303
1588
681
-161
-1061
-1653
-2214
-2573
-2620
-2619
-2358
-2003
-1569
-1202
-971
-600
-521
-535
-649
-728
-895
-1155
-1243
-1238
-1224
-1041
-829
-517
-203
93
394
419
496
293
9
-495
-1065
-1670
-2411
-2948
-3500
-3194
-3176
-2832
-2535
-1460
-188
383
1900
2836
3759
3584
4403
4565
3821
3239
2877
2324
1091
849
462
-31
-479
-268
-375
-408
-457
-382
-794
-998
-1284
-1902
-2418
-2948
-3103
-3575
-3545
-3353
-2815
-2279
-1414
-310
837
1913
2921
3858
4481
4924
5092
4866
4470
3938
3226
2438
1652
1131
390
33
-204
-322
-410
-450
-343
-412
-437
-604
-865
-1162
-1467
-1769
-2048
-2220
-2277
-2080
-1636
-1072
-331
378
1304
2054
2893
3402
3682
3706
3450
3051
2289
1547
588
-278
-1079
-1715
-2114
-2425
-2432
-2335
-2135
-1779
-1470
-1160
-1055
-893
-841
-966
-1081
-1247
-1346
-1487
-1501
-1390
-1225
-923
-619
-292
2
317
478
512
417
204
-153
-668
-1209
-1755
-2374
-2900
-3373
-3473
-2977
-2784
-2227
-1815
-412
430
1236
2478
3263
3697
3466
4210
3920
3285
2701
2526
1824
1074
1014
787
355
196
319
150
-46
-197
-444
-1128
-1436
-1986
-2475
-3121
-3372
-3448
-3523
-3303
-2778
-1947
-1197
-251
839
1974
2812
3560
4152
4517
4609
4516
4126
3721
3168
2602
1930
1413
1051
618
360
152
53
-173
-385
-588
-790
-1125
-1499
-1926
-2183
-2448
-2563
-2571
-2404
-2050
-1584
-911
-197
642
1321
1968
2502
2952
3067
3016
2775
2397
1828
1246
685
43
-519
-980
-1265
-1536
-1667
-1712
-1732
-1709
-1612
-1526
-1561
-1590
-1534
-1520
-1497
-1412
-1256
-1145
-1034
-769
-531
-310
-155
15
111
138
138
-16
-187
-453
-697
-1030
-1371
-1690
-2055
-2380
-2588
-2838
-2371
-2093
-1763
-1515
-844
306
577
1686
2347
3056
2901
3339
3762
3278
2901
2610
2519
1693
1433
1245
871
301
117
-114
-423
-944
-1177
-1689
-2098
-2447
-2825
-3038
-3397
-3194
-3131
-2741
-2338
-1614
-848
-146
692
1571
2376
2991
3473
3904
4080
4148
3960
3702
3403
2957
2567
2005
1704
1219
843
473
114
-216
-640
-1002
-1324
-1625
-1890
-2211
-2366
-2351
-2310
-2136
-1902
-1444
-960
-383
199
840
1368
1839
2247
2586
2776
2717
2622
2366
2033
1587
1139
603
58
-388
-794
-1180
-1510
-1726
-1929
-2097
-2095
-2013
-1976
-1909
-1759
-1542
-1381
-1181
-947
-790
-637
-485
-315
-215
-188
-156
-165
-160
-150
-194
-299
-391
-484
-620
-815
-1071
-1366
-1699
-2146
-2399
-2825
-2525
-2317
-2181
-1788
-1322
-10
322
1557
2460
3235
3404
3622
4269
3774
3330
2783
2593
1774
1166
865
546
25
-280
-395
-421
-816
-1047
-1345
-1634
-1934
-2407
-2553
-2975
-2891
-2922
-2630
-2264
-1614
-846
-133
718
1678
2595
3223
3683
4091
4271
4203
3944
3616
3315
2693
2257
1738
1435
969
609
382
68
-225
-554
-807
-1138
-1453
-1706
-1939
-2136
-2192
-2155
-2026
-1853
-1476
-943
-451
113
734
1264
1766
2118
2554
2635
2582
2450
2228
1910
1418
975
451
-60
-554
-962
-1317
-1620
-1853
-2031
-2123
-2079
-2006
-1917
-1805
-1580
-1381
-1192
-1000
-818
-695
-625
-498
-426
-386
-415
-413
-377
-345
-261
-261
-230
-229
-285
-355
-662
-822
-1249
-1599
-2120
-2533
-2867
-3203
-2602
-2524
-2008
-1701
-537
501
1148
2528
3165
3785
3511
4049
3974
3264
2556
2093
1734
860
539
475
271
-34
-90
110
18
-496
-686
-1169
-1493
-2211
-2602
-2965
-3309
-3210
-3119
-2552
-2003
-1111
-239
597
1552
2457
3197
3517
3738
3945
3797
3496
3073
2894
2401
1877
1649
1479
1241
802
740
538
166
-240
-575
-922
-1447
-1838
-2087
-2299
-2426
-2433
-2240
-1983
-1600
-1058
-588
6
561
1102
1485
1813
2311
2446
2483
2407
2366
2167
1732
1381
969
482
-121
-609
-990
-1391
-1776
-1995
-2037
-2034
-1976
-1788
-1549
-1355
-1160
-896
-740
-648
-632
-634
-653
-687
-692
-731
-686
-587
-441
-266
-110
49
131
99
-38
-260
-562
-1007
-1526
-2025
-2547
-2960
-3269
-3343
-2662
-2332
-1735
-1188
-24
1088
1667
2806
3271
3616
3296
3422
3191
2478
1822
1379
1117
630
466
541
595
470
356
423
256
-362
-826
-1475
-1965
-2700
-3111
-3337
-3450
-3131
-2763
-2008
-1186
-278
607
1365
2143
2722
3180
3333
3246
3263
3110
2945
2581
2547
2419
2171
2077
1963
1821
1393
1078
753
283
-255
-754
-1175
-1604
-1990
-2131
-2140
-2121
-2013
-1748
-1408
-1131
-756
-384
-49
321
673
1042
1287
1699
1905
2104
2199
2274
2209
1869
1550
1024
550
-130
-702
-1185
-1633
-1932
-2096
-2035
-1940
-1789
-1478
-1242
-1033
-899
-810
-824
-960
-1022
-1150
-1250
-1310
-1258
-1035
-839
-539
-240
90
282
365
490
323
77
-326
-626
-1092
-1551
-1953
-2279
-2504
-2768
-2736
-2787
-2087
-1570
-1101
-582
163
1179
1502
2295
2735
3019
2793
2791
2853
2414
1942
1545
1604
1288
1048
1063
1220
1020
623
527
370
-298
-902
-1401
-1823
-2388
-2794
-2789
-2770
-2460
-2092
-1497
-789
-90
539
1050
1527
1945
2326
2496
2485
2550
2626
2596
2451
2586
2609
2359
2171
2075
1914
1395
926
529
74
-450
-998
-1352
-1647
-1954
-2146
-2189
-2100
-2053
-1936
-1681
-1431
-1154
-854
-537
-127
291
689
978
1371
1787
1987
2098
2125
2076
1798
1431
1027
638
140
-379
-809
-1013
-1196
-1387
-1391
-1290
-1229
-1235
-1164
-1083
-1128
-1201
-1262
-1295
-1360
-1390
-1315
-1144
-935
-718
-370
-77
206
377
542
543
453
317
69
-200
-502
-767
-1060
-1279
-1417
-1629
-1812
-1940
-1986
-2096
-1891
-1344
-1131
-750
-394
497
990
1566
2153
2398
2581
2471
2598
2323
2008
1659
1500
1360
1098
954
997
889
640
376
267
-216
-787
-1199
-1610
-1998
-2430
-2446
-2428
-2179
-1830
-1427
-898
-307
244
724
1097
1443
1695
1964
2138
2176
2285
2404
2459
2485
2615
2575
2429
2161
1937
1512
1042
546
-30
-540
-1013
-1384
-1749
-1946
-2044
-2082
-2002
-1844
-1682
-1471
-1278
-1091
-884
-627
-333
-126
176
459
815
1180
1475
1696
1850
1987
1899
1741
1479
1173
688
247
-168
-583
-935
-1243
-1420
-1535
-1532
-1520
-1479
-1383
-1311
-1270
-1254
-1199
-1160
-1154
-1101
-1007
-862
-703
-501
-232
27
241
360
437
504
474
391
253
133
-3
-192
-395
-566
-752
-989
-1290
-1524
-1798
-2018
-2317
-2128
-1684
-1453
-972
-559
386
944
1696
2296
2599
2775
2664
2650
2338
2007
1531
1321
1182
1017
875
1007
1120
1029
797
740
374
-76
-534
-1003
-1391
-1971
-2200
-2371
-2198
-1942
-1698
-1246
-752
-190
324
757
1176
1450
1808
2008
2156
2339
2450
2455
2340
2402
2249
2047
1701
1365
1009
512
47
-404
-764
-1139
-1508
-1649
-1731
-1841
-1958
-1920
-1789
-1783
-1705
-1646
-1483
-1358
-1192
-917
-559
-160
258
723
1273
1692
2042
2266
2349
2348
2068
1708
1218
726
164
-395
-774
-1094
-1297
-1379
-1366
-1244
-1127
-1002
-951
-932
-901
-1017
-1125
-1238
-1317
-1340
-1274
-1044
-759
-395
-57
336
727
1033
1232
1306
1319
1199
1015
725
423
148
-181
-538
-840
-1084
-1316
-1574
-1771
-1935
-2029
-2127
-2149
-1660
-1358
-900
-511
14
590
1030
1712
1875
2103
2113
1978
1771
1617
1517
1389
1458
1492
1426
1506
1516
1444
1256
900
330
-366
-852
-1539
-2040
-2405
-2661
-2726
-2592
-2128
-1613
-1072
-466
68
566
872
1069
1288
1419
1499
1504
1552
1578
1689
1774
1863
1936
1880
1780
1555
1343
1029
604
183
-321
-752
-1152
-1462
-1626
-1811
-1907
-1929
-1905
-1809
-1701
-1536
-1323
-1097
-873
-667
-378
-26
361
719
1033
1308
1485
1608
1636
1619
1506
1269
988
684
420
103
-150
-325
-444
-587
-768
-882
-998
-1094
-1203
-1294
-1360
-1436
-1471
-1385
-1265
-1062
-816
-501
-155
192
519
784
1012
1120
1141
1074
944
762
596
442
328
189
54
-17
-85
-127
-243
-328
-474
-724
-1014
-1362
-1658
-1994
-2233
-2447
-2338
-2033
-1639
-1044
-469
320
918
1533
2029
2393
2630
2645
2458
2136
1772
1466
1317
1201
1123
1014
961
872
777
567
380
32
-347
-742
-1240
-1537
-1816
-1923
-1901
-1727
-1377
-1150
-834
-500
-202
98
246
418
574
677
796
899
1079
1315
1482
1616
1707
1733
1627
1377
1101
797
386
18
-312
-600
-845
-1056
-1133
-1139
-1111
-1069
-1037
-995
-976
-991
-1027
-1040
-1003
-917
-791
-590
-325
-65
232
539
852
1095
1241
1314
1247
1091
887
648
436
202
-16
-190
-333
-388
-475
-505
-505
-458
-424
-414
-406
-397
-416
-448
-423
-384
-306
-261
-190
-64
29
146
272
343
419
449
511
541
504
511
476
482
425
367
314
242
124
-38
-189
-305
-375
-535
-530
-625
-662
-707
-613
-538
-443
-334
-291
-172
-284
-242
-269
-181
-183
-138
-55
19
65
132
244
244
353
360
353
337
247
186
176
168
186
213
274
315
330
357
341
286
168
92
36
-91
-126
-179
-184
-169
-129
-102
-71
7
48
98
110
150
135
99
96
114
164
171
151
207
234
183
130
92
41
-46
-125
-185
-223
-269
-294
-268
-231
-211
-212
-225
-212
-242
-287
-333
-357
-378
-391
-381
-347
-301
-260
-173
-55
59
132
179
226
219
181
148
88
9
-73
-114
-149
-181
-192
-194
-162
-109
-53
-1
50
117
153
173
164
160
149
145
146
141
172
205
252
311
397
475
523
551
588
614
592
526
440
335
226
86
-32
-121
-219
-297
-348
-354
-376
-379
-358
-310
-245
-222
-161
-106
-61
14
26
71
86
74
76
51
73
62
39
46
55
76
79
93
84
81
77
45
-29
-121
-199
-286
-363
-447
-499
-529
-514
-481
-415
-325
-247
-153
-41
64
133
197
226
254
234
205
164
107
51
-33
-64
-91
-130
-144
-152
-137
-132
-155
-179
-228
-268
-318
-367
-409
-453
-492
-511
-474
-412
-337
-225
-83
63
162
259
357
422
452
463
442
405
335
252
202
129
102
58
52
27
19
28
19
20
-1
-5
-2
-6
-38
-48
-47
-33
-36
27
89
151
222
285
331
367
423
460
489
514
502
467
444
358
292
233
147
55
7
-48
-120
-171
-238
-267
-283
-242
-238
-201
-158
-146
-155
-153
-121
-92
-86
-82
-50
-49
-28
-42
-3
38
51
74
42
58
40
-3
-40
-76
-126
-223
-238
-266
-260
-275
-255
-217
-166
-93
2
78
155
224
241
276
282
268
225
217
190
150
108
72
41
78
81
57
29
-17
-80
-174
-223
-275
-330
-424
-498
-568
-593
-618
-603
-554
-521
-458
-401
-308
-197
-73
41
152
229
306
352
418
464
498
519
509
529
512
510
497
465
437
366
306
279
211
126
54
1
-44
-96
-107
-77
-62
-48
-46
-23
-16
-9
23
43
66
61
72
92
114
174
220
248
255
247
235
186
154
106
44
-16
-81
-135
-174
-194
-177
-163
-159
-152
-163
-153
-162
-162
-175
-191
-205
-229
-235
-238
-220
-214
-225
-232
-254
-281
-313
-339
-367
-390
-414
-440
-454
-453
-441
-397
-349
-304
-269
-244
-207
-183
-141
-96
-30
48
109
178
230
287
343
405
464
493
517
515
507
482
443
395
357
325
253
190
130
55
-23
-87
-129
-156
-171
-178
-186
-168
-148
-126
-101
-98
-95
-92
-92
-104
-107
-80
-56
3
66
127
214
294
395
468
526
574
595
591
551
490
394
277
185
89
23
-50
-116
-122
-133
-105
-74
-47
-31
-35
-39
-53
-69
-95
-128
-170
-207
-221
-208
-188
-156
-103
-40
14
70
139
211
257
297
331
327
321
307
284
253
219
171
130
95
77
45
27
29
13
13
6
3
-23
-59
-85
-138
-182
-238
-282
-330
-364
-377
-383
-362
-336
-298
-261
-236
-208
-183
-170
-162
-162
-157
-159
-150
-147
-150
-128
-125
-108
-84
-60
-28
-8
22
46
50
49
28
-8
-60
-107
-141
-200
-254
-295
-331
-357
-380
-369
-341
-314
-281
-244
-191
-157
-141
-137
-143
-158
-193
-226
-262
-293
-313
-331
-301
-246
-155
-52
70
208
327
439
545
626
681
689
681
654
599
548
502
475
430
405
376
368
352
344
334
302
258
184
88
-6
-110
-207
-278
-328
-353
-347
-318
-270
-197
-112
-35
53
147
216
271
314
344
373
370
373
378
374
377
370
360
342
311
275
219
159
118
57
-3
-60
-119
-156
-211
-254
-303
-350
-388
-403
-407
-414
-403
-379
-336
-307
-258
-202
-158
-115
-92
-66
-53
-81
-107
-164
-201
-241
-275
-265
-259
-207
-160
-110
-60
-24
11
23
11
-30
-73
-127
-207
-294
-355
-394
-403
-396
-370
-335
-279
-234
-205
-166
-152
-141
-146
-152
-148
-156
-158
-155
-136
-88
-23
66
133
217
303
370
427
446
481
501
509
489
459
451
430
411
384
357
321
275
239
195
155
102
50
7
-37
-76
-107
-123
-125
-135
-122
-116
-110
-110
-110
-90
-86
-76
-63
-25
16
46
85
130
170
202
220
235
238
231
222
203
186
161
156
156
157
174
173
185
189
188
176
157
123
72
37
-10
-64
-118
-161
-184
-205
-226
-243
-245
-244
-261
-266
-275
-280
-293
-304
-300
-320
-342
-358
-350
-332
-308
-270
-219
-179
-126
-76
-27
25
67
110
128
140
127
106
81
46
11
-25
-49
-64
-79
-94
-86
-73
-47
-17
20
61
88
107
109
106
100
78
84
103
123
167
217
273
312
365
416
440
453
438
408
358
294
229
160
105
48
19
-5
-23
-23
-31
-31
-38
-42
-49
-85
-128
-151
-164
-176
-181
-158
-135
-98
-58
-25
24
50
74
84
83
78
59
48
34
29
21
22
37
42
47
67
68
68
67
61
57
48
34
16
10
-2
-17
-13
-12
-13
-26
-42
-44
-43
-62
-96
-123
-155
-185
-208
-216
-225
-234
-227
-215
-214
-216
-214
-200
-203
-217
-222
-230
-229
-226
-216
-197
-176
-137
-94
-78
-51
-26
-15
-23
-35
-47
-70
-79
-90
-93
-94
-91
-66
-54
-47
-33
-17
-3
-15
-24
-34
-51
-62
-72
-64
-51
-7
45
88
137
190
221
246
268
277
282
285
292
297
298
305
337
365
383
398
420
436
432
420
399
369
336
278
235
192
147
114
79
64
47
40
33
28
27
29
25
30
21
3
-10
-29
-51
-70
-87
-96
-95
-102
-96
-90
-98
-100
-99
-90
-82
-69
-53
-44
-44
-42
-48
-66
-76
-94
-117
-140
-159
-190
-219
-229
-233
-230
-225
-222
-212
-210
-212
-222
-239
-260
-298
-335
-366
-382
-394
-391
-377
-362
-338
-307
-281
-249
-219
-188
-164
-145
-115
-96
-66
-40
-15
8
25
47
60
65
82
79
77
79
77
95
108
110
111
116
107
89
69
54
38
25
17
23
47
79
110
146
190
229
259
277
296
302
297
277
260
236
219
211
215
221
222
235
230
237
229
209
187
156
128
89
61
29
0
-19
-31
-31
-17
3
30
45
72
99
117
125
134
142
140
140
123
118
111
97
88
85
78
64
44
28
17
2
-14
-21
-28
-26
-24
-14
-5
-1
7
7
-3
-13
-24
-47
-59
-73
-84
-91
-92
-97
-106
-112
-125
-145
-164
-195
-227
-267
-301
-340
-374
-393
-403
-396
-382
-353
-326
-292
-253
-219
-189
-164
-147
-130
-108
-89
-69
-38
-19
-1
17
38
58
76
82
97
107
106
87
60
39
16
-1
-23
-31
-47
-57
-55
-63
-52
-39
-14
14
37
63
77
85
99
107
118
139
153
169
175
187
192
193
197
201
204
208
205
201
189
171
156
124
91
68
48
29
23
16
19
20
25
26
30
37
42
54
56
56
57
63
70
71
78
90
96
106
105
102
99
94
78
61
44
20
4
-14
-29
-42
-55
-65
-70
-80
-81
-75
-67
-58
-61
-50
-42
-40
-47
-55
-56
-63
-70
-88
-103
-116
-135
-142
-155
-157
-156
-154
-140
-131
-120
-117
-113
-102
-90
-89
-83
-73
-60
-52
-46
-34
-39
-39
-40
-35
-18
1
13
21
29
20
14
4
5
9
10
9
5
2
-3
-4
0
23
40
50
61
77
93
98
110
125
125
123
122
116
117
117
115
116
112
98
89
88
89
81
73
56
39
18
2
-10
-22
-33
-36
-35
-26
-12
1
23
38
58
70
78
94
99
92
80
70
46
21
-6
-23
-38
-51
-66
-77
-80
-91
-106
-108
-112
-122
-129
-132
-129
-124
-130
-136
-135
-126
-113
-98
-72
-52
-31
-22
-23
-26
-19
-19
-23
-30
-47
-66
-88
-106
-123
-140
-154
-164
-179
-190
-199
-204
-205
-207
-203
-201
-202
-193
-174
-152
-132
-109
-92
-77
-59
-38
-9
18
39
54
69
81
81
76
70
62
48
45
39
29
27
28
35
41
43
65
79
98
123
142
151
149
155
156
159
162
164
171
179
191
199
209
221
229
229
219
201
178
155
133
107
76
42
22
4
-11
-19
-12
-5
12
35
43
51
60
70
78
89
103
106
109
111
119
125
117
118
117
113
106
94
86
70
62
47
30
6
-18
-38
-63
-81
-102
-119
-149
-172
-186
-199
-209
-211
-205
-201
-192
-180
-176
-171
-172
-166
-164
-168
-171
-179
-184
-192
-193
-191
-175
-161
-143
-122
-104
-89
-75
-60
-49
-51
-62
-76
-89
-102
-102
-102
-97
-78
-58
-33
-16
3
21
40
49
36
30
23
2
-7
-17
-27
-44
-57
-66
-76
-72
-64
-56
-51
-37
-28
-20
-10
-4
5
12
15
13
5
5
7
16
25
36
54
68
82
102
121
147
167
181
189
195
197
188
180
167
154
142
131
127
135
139
145
153
161
171
175
175
172
162
152
138
119
108
102
110
110
114
118
122
125
134
138
129
126
110
90
70
47
24
0
-23
-40
-60
-76
-85
-97
-102
-103
-104
-106
-108
-114
-117
-123
-130
-139
-141
-142
-149
-160
-161
-153
-151
-142
-123
-108
-96
-84
-75
-63
-62
-53
-46
-42
-38
-42
-52
-57
-66
-69
-59
-64
-55
-53
-47
-52
-53
-53
-56
-60
-65
-68
-85
-91
-92
-92
-85
-83
-74
-66
-61
-44
-38
-27
-22
-20
-21
-24
-25
-30
-30
-27
-24
-21
-18
-11
8
18
29
29
25
22
11
0
-10
-18
-27
-35
-40
-35
-34
-31
-19
-8
3
15
30
41
59
68
78
89
100
108
117
122
127
126
129
133
138
150
155
158
156
159
155
151
151
144
137
133
131
123
113
103
95
88
87
89
93
100
105
107
109
105
98
88
77
68
54
36
17
-13
-40
-53
-72
-92
-100
-98
-102
-106
-102
-103
-104
-102
-108
-104
-107
-112
-105
-102
-87
-69
-51
-30
-10
11
29
53
75
84
93
93
83
73
52
36
25
9
-4
-19
-31
-43
-45
-49
-47
-44
-45
-49
-54
-58
-66
-76
-79
-72
-67
-59
-48
-35
-18
0
24
38
46
54
60
57
50
37
21
2
-18
-41
-70
-90
-111
-122
-127
-130
-138
-144
-142
-137
-133
-121
-116
-110
-99
-95
-87
-81
-68
-52
-42
-22
-3
16
44
64
89
109
131
144
146
145
135
130
119
105
97
85
72
60
52
54
47
46
44
44
42
32
27
14
8
2
-6
-14
-23
-33
-32
-33
-27
-24
-16
-10
-14
-10
-15
-17
-25
-30
-38
-40
-50
-59
-64
-71
-71
-68
-61
-54
-40
-28
-12
-2
8
16
23
36
38
39
39
35
38
40
40
37
38
45
49
51
49
42
38
36
27
16
3
-5
-13
-22
-27
-30
-33
-34
-24
-17
-13
-3
3
8
16
21
26
24
27
32
28
30
28
22
18
14
7
2
-6
-6
-7
-16
-23
-25
-30
-38
-44
-55
-57
-58
-55
-57
-56
-46
-44
-35
-27
-17
-9
2
14
30
42
50
57
60
71
74
79
87
90
88
87
86
82
71
65
63
59
53
42
31
18
8
-1
-9
-21
-30
-38
-44
-48
-52
-58
-62
-66
-66
-65
-65
-63
-62
-65
-63
-58
-55
-50
-42
-36
-32
-30
-28
-24
-17
-10
-9
-8
-9
-14
-17
-18
-20
-23
-25
-29
-30
-33
-37
-41
-38
-32
-31
-24
-25
-25
-23
-23
-23
-23
-19
-17
-14
-8
-1
5
12
20
31
36
36
35
32
38
39
39
38
35
34
34
33
32
32
31
28
25
21
13
8
2
-2
-5
-9
-9
-12
-19
-22
-28
-31
-27
-26
-21
-12
-4
3
11
20
28
35
40
47
51
55
59
63
68
75
82
89
96
97
98
102
103
102
98
94
90
85
80
73
63
52
42
34
23
16
10
1
-4
-7
-11
-18
-26
-29
-34
-39
-44
-48
-51
-52
-51
-49
-53
-56
-56
-55
-57
-56
-57
-59
-60
-60
-61
-63
-59
-58
-58
-59
-56
-58
-58
-54
-48
-43
-37
-32
-31
-24
-19
-14
-15
-14
-15
-18
-22
-25
-24
-26
-27
-27
-29
-33
-31
-29
-27
-24
-19
-14
-15
-10
-5
-2
0
5
7
10
16
19
30
36
40
45
47
52
49
47
45
39
32
22
10
-1
-9
-17
-26
-32
-35
-40
-41
-44
-42
-38
-33
-32
-28
-24
-24
-20
-13
-8
-1
6
14
27
32
38
41
44
50
57
63
64
65
61
58
52
44
37
31
26
23
19
16
13
10
11
14
18
20
23
26
27
29
28
31
31
30
32
32
34
37
37
39
35
34
30
26
20
13
7
-2
-11
-18
-24
-29
-34
-37
-37
-42
-41
-40
-39
-39
-39
-36
-35
-35
-33
-31
-31
-34
-36
-36
-36
-35
-33
-30
-29
-28
-26
-25
-24
-24
-25
-26
-25
-14
-9
-9
-10
-8
0
4
13
23
29
26
30
39
46
46
44
46
44
40
39
39
34
24
17
14
9
2
-3
-13
-23
-31
-33
-34
-37
-41
-44
-44
-43
-40
-36
-36
-36
-31
-25
-20
-15
-10
-8
-7
-1
5
5
4
6
7
5
5
5
5
0
-4
-5
-6
-9
-12
-11
-11
-11
-9
-2
0
2
3
8
12
16
20
22
27
29
31
34
35
