30
27
21
23
26
25
18
19
19
17
20
24
28
26
30
27
25
25
26
26
19
18
18
18
14
12
10
6
7
4
-2
-13
-17
-23
-33
-41
-49
-54
-65
-71
-75
-75
-76
-84
-85
-86
-83
-87
-86
-86
-88
-86
-86
-76
-75
-69
-62
-57
-54
-56
-47
-48
-49
-49
-45
-45
-44
-33
-28
-23
-23
-16
-16
-17
-18
-19
-15
-17
-5
0
7
12
16
29
31
43
48
62
66
71
86
93
100
91
99
105
109
119
133
150
147
151
153
154
147
144
140
130
125
124
126
115
107
97
92
85
72
64
45
38
37
34
30
24
30
18
13
7
10
2
-18
-23
-25
-23
-41
-59
-71
-86
-99
-115
-122
-135
-146
-161
-178
-192
-210
-229
-246
-253
-261
-265
-267
-269
-269
-270
-264
-274
-275
-274
-275
-277
-281
-279
-290
-284
-278
-278
-280
-276
-259
-253
-239
-221
-203
-179
-153
-110
-65
-10
36
84
150
219
273
323
382
435
478
525
574
603
625
642
654
660
653
643
611
584
557
520
472
413
368
309
256
204
163
129
88
64
41
24
3
-12
-15
-22
-12
-1
18
31
47
65
78
85
84
87
90
84
70
60
46
23
-8
-41
-76
-124
-165
-201
-237
-278
-318
-356
-400
-428
-460
-490
-514
-524
-523
-517
-503
-494
-478
-461
-447
-439
-411
-382
-371
-347
-320
-296
-302
-287
-271
-270
-270
-270
-262
-266
-251
-243
-232
-180
-136
-106
-94
-29
-3
23
111
187
229
260
365
408
417
488
550
553
546
618
655
635
622
607
539
471
440
377
300
242
198
130
80
22
-38
-81
-118
-151
-161
-127
-142
-170
-137
-99
-98
-99
-42
-6
-2
43
98
121
120
153
179
173
189
206
243
227
220
216
217
177
146
179
153
114
98
121
108
54
73
71
62
44
58
76
11
4
6
1
-47
-45
-40
-67
-71
-63
-18
-30
-29
-9
9
2
-9
24
19
-18
-30
-9
-17
-61
-76
-81
-133
-170
-170
-183
-234
-289
-281
-318
-370
-399
-422
-457
-505
-492
-522
-538
-575
-610
-604
-637
-656
-672
-679
-720
-707
-685
-679
-590
-493
-384
-368
-274
-201
-206
-88
43
122
109
238
361
319
411
505
535
462
573
709
650
628
650
649
502
479
483
400
284
227
198
130
55
-13
-41
-107
-146
-146
-113
-110
-144
-86
2
8
-2
83
131
96
151
265
308
274
351
421
384
343
401
423
378
368
394
396
331
376
354
353
252
259
253
178
188
147
153
90
83
85
44
19
-36
-23
-56
-51
-34
-61
-90
-139
-107
-136
-127
-151
-140
-125
-139
-117
-102
-108
-158
-132
-110
-109
-121
-102
-111
-123
-104
-106
-120
-157
-178
-176
-181
-197
-199
-185
-209
-218
-200
-265
-281
-301
-376
-329
-349
-392
-380
-415
-393
-440
-446
-409
-411
-426
-404
-341
-408
-409
-369
-347
-284
-251
-177
-203
-104
-77
-73
31
101
121
112
273
342
316
385
507
504
436
560
662
574
553
628
617
511
497
528
465
365
373
364
316
242
190
204
129
88
78
114
70
0
17
48
0
-49
16
36
-27
-10
94
83
43
85
131
95
57
104
128
93
71
83
125
106
103
103
114
75
45
75
72
13
-9
37
15
-41
-49
-21
-68
-118
-103
-81
-135
-191
-177
-207
-273
-294
-289
-280
-324
-336
-296
-305
-345
-335
-279
-336
-369
-297
-274
-253
-256
-166
-179
-163
-102
-96
-150
-67
66
-218
79
-2
-77
12
-157
164
-159
-37
117
-86
52
-66
17
-6
-78
-16
-51
-55
-82
-179
-62
-166
-255
-169
-244
-272
-331
-298
-292
-368
-292
-250
-271
-249
-247
-193
-181
-199
-120
-15
-71
-3
57
125
120
94
263
238
263
297
389
413
381
477
458
472
429
456
463
404
406
372
340
264
257
217
153
117
106
105
67
27
25
31
-31
-68
-49
-48
-104
-98
-49
-66
-75
-60
-35
-69
-64
-32
-20
-1
13
61
88
104
136
157
164
172
154
195
183
175
176
168
170
124
134
101
73
58
73
58
4
-1
-5
-80
-112
-124
-135
-165
-191
-180
-203
-214
-296
-219
-269
-322
-301
-254
-258
-344
-239
-196
-228
-264
-180
-120
-165
-233
18
-85
-165
67
-69
6
-55
13
4
-72
22
29
-105
-35
28
-193
-35
-123
-104
-126
-242
-30
-243
-247
-70
-293
-240
-216
-301
-237
-300
-280
-259
-270
-213
-176
-195
-143
-104
-112
-68
42
57
58
186
229
271
266
367
371
383
409
479
525
484
547
512
530
455
453
464
387
394
339
346
289
177
155
126
61
10
-9
-31
-87
-128
-137
-163
-215
-237
-236
-227
-250
-231
-208
-204
-204
-180
-157
-164
-142
-120
-82
-73
-49
-9
4
32
59
87
76
92
151
145
153
204
212
205
180
207
213
182
161
191
186
114
112
92
49
12
-19
10
-30
-74
-42
-49
-66
-79
-81
-25
-119
-81
-63
-63
-127
-36
25
-155
154
-102
56
24
-71
198
3
32
171
36
130
-13
77
135
-98
19
38
-36
-2
-152
-108
-126
-250
-219
-234
-269
-219
-381
-308
-262
-438
-399
-375
-375
-480
-414
-319
-511
-423
-355
-373
-308
-330
-210
-172
-219
-113
-11
-30
35
44
171
199
209
260
354
380
378
463
572
503
489
559
551
478
446
449
453
361
317
335
253
176
131
114
38
-6
-42
-77
-109
-176
-172
-215
-237
-272
-234
-213
-256
-204
-155
-149
-169
-126
-79
-89
-99
-38
13
29
49
75
106
102
118
157
195
191
200
192
224
167
156
195
146
166
143
188
167
90
111
87
59
37
30
40
-8
-25
-31
-76
-89
-100
-108
-128
-55
-153
-162
-53
-196
-152
-145
19
-189
-115
74
-163
92
-153
71
90
-84
61
104
136
-60
-32
288
-80
-56
161
25
-20
-179
147
-118
-204
-34
-166
-254
-115
-192
-354
-195
-275
-343
-319
-343
-330
-455
-351
-352
-491
-290
-423
-449
-262
-340
-239
-268
-206
-169
-226
-135
-55
-32
-54
77
151
126
185
288
287
300
340
483
431
441
483
479
443
417
448
394
397
311
339
283
181
146
117
74
-10
16
47
-18
-76
-40
-44
-89
-115
-76
-47
-58
-66
-35
23
-39
-3
63
65
89
79
138
136
93
142
172
188
146
207
229
139
127
143
178
129
106
163
119
77
49
71
59
3
16
46
28
-11
-57
-3
-136
-94
-124
-169
-93
-216
-106
-146
-322
45
-353
-278
120
-486
158
-299
-19
13
-318
83
-92
-2
-196
191
-38
-183
307
-111
121
1
-33
219
-167
54
36
-100
-40
-96
-1
-81
-271
32
-181
-318
-43
-245
-180
-220
-225
-199
-226
-378
-96
-321
-420
-51
-427
-203
-219
-338
-176
-205
-91
-214
0
-34
-139
36
61
91
47
144
211
186
205
267
303
283
342
412
403
413
442
423
366
387
337
370
303
250
244
216
140
133
61
30
45
-74
-30
-39
-94
-94
-72
-61
-73
-69
-86
-55
-67
-30
-19
3
4
-25
48
-8
14
56
34
122
82
56
198
104
77
145
104
109
108
116
145
99
59
116
30
63
75
-1
39
3
-6
-10
-28
-95
-82
-95
-195
-85
-239
-174
-161
-287
-174
-243
-181
-259
-184
-237
-104
-168
-387
59
-259
-110
-184
-108
243
-430
32
231
-153
-44
30
234
-94
-94
245
147
-153
20
308
-118
-162
299
-70
-104
-98
114
-96
-301
175
-232
-65
-158
-247
-4
-400
-105
-332
-256
-137
-364
-236
-210
-267
-323
-133
-103
-226
-61
-77
-138
-127
-79
27
-32
46
60
131
151
83
243
205
200
274
295
317
273
349
286
272
281
199
270
173
148
208
154
122
21
85
38
-11
-12
30
10
10
-15
-28
-5
-15
-40
36
48
80
110
95
152
106
153
185
146
180
156
221
185
174
245
182
213
142
211
221
122
215
199
128
163
121
108
61
37
97
-9
31
-18
-39
-45
-126
-94
-135
-170
-180
-93
-216
-145
-216
-127
-318
-216
-116
-349
-105
-260
-198
-194
-53
-307
-269
183
-240
-243
38
84
-167
-100
149
-101
59
-267
212
-83
-211
188
-166
-99
8
-90
-182
-8
-105
-146
-99
-147
-200
-124
-197
-211
-64
-246
-120
-174
-176
-136
-186
-175
-195
-47
-298
-81
-105
-196
-165
-93
-46
-12
-62
-10
9
39
-99
97
65
17
125
127
167
157
214
168
257
225
296
347
278
275
308
222
214
280
219
221
201
170
165
119
66
36
98
-24
21
35
18
-4
41
35
16
100
-7
144
85
56
161
81
152
115
109
113
123
139
122
182
105
141
82
80
185
-36
169
57
76
117
-60
212
-67
-49
101
-93
-6
-105
-58
-68
-161
-100
-124
-129
-258
-147
-51
-287
-143
-188
-77
-258
-329
144
-234
-395
183
-290
-15
-200
-78
127
-323
119
-129
-116
120
-236
-64
68
-60
-189
32
33
-249
40
-57
-164
-47
-32
-132
-129
-102
26
-319
-66
-55
-191
-157
-69
-120
-144
-167
-75
-170
-132
-59
-146
-113
-140
-67
-167
-114
-182
-50
-96
-266
-62
-55
-232
-100
45
-224
-1
-72
-70
-3
-109
-36
18
0
1
65
109
93
40
125
82
143
77
151
190
117
99
170
117
92
120
108
163
39
167
47
104
81
-34
171
-14
93
177
-10
196
33
65
184
-44
187
27
118
201
-44
290
-83
180
108
-3
384
-56
186
168
18
141
47
85
114
12
177
12
31
97
-56
107
-20
-71
98
2
-145
30
-62
-86
-65
-94
16
-227
-3
-72
-192
-72
-33
-97
-233
24
26
-376
168
-40
-163
74
136
-201
64
245
-293
194
63
22
55
-58
293
-293
102
130
-318
193
-90
5
-100
-98
132
-380
-5
75
-288
-31
45
-176
-182
78
-148
-195
149
-179
-46
-27
-71
7
-170
-77
13
-50
-201
186
-158
-120
115
-148
-5
-135
62
-94
-184
151
-138
-42
-39
-70
19
-98
26
18
-17
27
13
71
-9
44
22
66
151
5
116
179
106
113
152
101
96
187
43
221
103
110
230
51
167
218
97
218
112
268
87
193
166
230
206
53
368
71
183
180
141
278
86
207
244
98
114
30
199
85
5
243
26
65
11
9
83
-58
83
6
22
-10
-14
-5
-179
99
-141
-24
25
-194
151
-113
-137
5
25
-135
-126
105
-104
-27
55
-197
157
32
-235
90
230
-264
33
203
-240
34
-22
-49
-41
-60
77
-199
57
-38
-91
-134
-62
-64
-216
-16
-191
-255
54
-181
-380
-23
86
-506
-121
151
-328
-325
40
-246
-359
12
-229
-222
-14
-238
-147
-214
-125
-181
-190
-191
4
-238
-181
-145
-129
-186
-254
47
-205
-147
-75
-109
-134
-127
-23
-80
-49
-44
27
16
20
94
6
130
64
90
129
192
21
132
186
79
163
140
226
33
200
180
23
222
120
116
318
1
140
316
-16
192
183
106
259
99
62
270
128
180
-3
323
154
-7
281
55
241
-11
233
161
7
240
76
66
246
37
60
196
-108
148
-46
59
107
-73
-71
83
-63
-286
220
-261
103
-170
-297
364
-542
-124
169
-315
-63
-54
30
-221
-95
-41
32
-388
33
-31
-218
13
-230
50
-129
-199
-175
34
-203
-124
-154
238
-334
-223
262
-424
160
-287
-8
173
-568
306
-308
-161
166
-646
400
-321
-284
123
-186
-175
-133
3
-281
-34
-190
-138
-82
-393
108
-211
-260
101
-174
-199
18
-168
-94
-64
5
-49
10
-70
23
115
-119
326
76
111
247
102
301
68
257
248
54
261
131
181
186
156
108
149
200
-40
278
36
46
224
-57
142
102
-3
197
72
103
160
-15
195
162
37
253
145
243
45
187
214
-38
316
162
126
389
-17
147
277
98
87
255
164
54
218
-20
308
-111
105
265
-270
255
-128
22
67
-487
397
-477
101
-71
-394
266
-431
-44
-219
-9
-130
-190
-39
-159
-112
-192
-144
-148
-100
-47
-293
116
-333
-7
-166
-239
117
-347
174
-247
-50
22
-146
-193
-7
25
-380
65
22
-327
-111
-131
-4
-361
-255
299
-577
-284
6
-566
-18
-558
-128
-73
-771
-20
-344
-456
-155
-218
-150
-233
-144
-245
-80
-137
-39
75
-103
215
-67
137
193
114
244
197
389
222
330
363
210
340
340
327
296
308
362
122
180
183
96
199
83
113
128
84
25
3
60
78
15
144
89
69
-87
171
58
-57
216
73
140
76
222
205
90
251
197
145
213
332
206
207
357
165
55
342
272
175
224
178
213
-9
196
147
136
-56
69
-12
-41
-124
-112
-61
-296
-23
-473
-26
-430
-252
-293
-390
-200
-405
-344
-257
-203
-299
-256
-92
-218
-291
-128
-28
-170
-391
56
-91
-314
-144
33
-184
-238
-10
29
-323
-182
43
-497
41
-93
-220
-169
-205
-229
-429
-181
-214
-149
-569
-206
-297
-673
-338
-405
-273
-390
-241
-57
-73
-428
-257
16
-103
18
213
302
43
-46
246
416
257
460
697
626
450
500
806
601
463
805
724
593
457
444
412
203
200
157
273
60
-51
-78
-48
-90
-201
-112
-101
-135
-200
-58
-113
-138
-73
-41
21
71
41
60
143
78
125
220
300
236
279
315
344
292
342
401
321
360
282
348
235
272
230
192
306
130
140
207
84
74
43
108
-6
-125
-31
-163
-104
-250
-224
-78
-397
-309
-277
-380
-325
-273
-322
-361
-334
-343
-200
-343
-123
-206
-180
-102
-382
106
-50
-272
150
-108
-168
-75
-266
161
-222
-123
108
-437
-91
-204
-313
-222
-293
-326
-379
-386
-491
-380
-348
-645
-529
-571
-638
-602
-602
-520
-680
-461
-253
-326
-528
-428
-191
-256
-24
190
280
18
-252
316
522
495
688
751
897
484
615
970
847
885
772
977
803
508
525
558
517
287
371
323
30
-50
-118
-2
60
-131
-201
-194
-275
-309
-225
-40
-141
-246
-150
-109
-66
-52
67
127
199
137
163
267
248
246
376
454
427
299
358
380
375
420
520
438
403
350
345
365
284
376
286
337
163
110
110
10
97
31
-74
-195
-281
-243
-363
-321
-313
-456
-459
-539
-463
-521
-528
-449
-489
-511
-539
-471
-412
-410
-331
-241
-221
-228
-224
-137
-165
-115
-106
-1
47
-194
11
-149
-173
19
-263
-113
-56
-381
-261
-353
-496
-294
-647
-526
-500
-724
-698
-851
-795
-838
-960
-534
-214
-280
-603
-810
-269
-277
-79
416
534
201
-346
211
898
875
774
1028
1241
804
723
1415
1503
1143
984
1115
1061
798
754
833
804
396
208
168
104
-26
-156
-4
2
-341
-601
-523
-421
-267
-210
-219
-389
-553
-527
-313
-21
8
-50
-88
-133
-44
65
230
318
297
295
272
303
279
340
458
583
478
395
349
366
518
511
550
512
290
247
275
446
389
164
89
15
-36
-74
-27
-12
-137
-290
-343
-382
-371
-464
-386
-343
-502
-678
-663
-533
-551
-481
-475
-476
-531
-560
-357
-219
-164
-219
-254
-101
-104
-46
50
31
0
-93
-19
-11
-2
-108
-94
-168
-270
-339
-435
-400
-511
-559
-629
-781
-918
-933
-1022
-970
-1043
-1168
-1233
-923
-470
-529
-960
-1183
-389
-215
-111
306
486
-30
-711
401
1402
1251
724
920
1241
901
989
1803
1939
1244
845
1162
1500
1168
1096
1071
842
390
187
432
429
175
-141
-206
-220
-442
-529
-451
-212
-225
-417
-555
-593
-424
-301
-74
63
-64
-321
-250
85
340
376
304
215
181
313
397
553
523
374
334
364
456
492
569
520
444
456
429
367
252
498
469
222
208
79
122
-25
126
225
-132
-222
-315
-148
-119
-262
-217
-394
-478
-496
-426
-293
-462
-496
-504
-533
-474
-499
-368
-383
-416
-394
-355
-270
-208
-84
-72
-97
-130
-119
-33
-28
-4
-67
-186
-230
-257
-217
-220
-342
-346
-495
-592
-630
-615
-692
-927
-969
-1057
-1116
-1224
-1229
-1176
-963
-672
-768
-1207
-1277
-584
-183
-132
52
190
-293
-600
419
1439
1190
522
789
1240
1149
1249
1865
1903
1142
877
1366
1775
1510
1236
1066
822
454
478
743
650
280
-177
-274
-233
-233
-255
-301
-309
-334
-525
-580
-429
-225
-185
-259
-258
-288
-253
-169
90
251
99
-33
-4
227
338
323
308
246
154
173
329
440
342
241
275
241
383
357
365
350
286
404
273
213
246
187
238
103
45
-4
-157
-16
-83
-82
-239
-374
-313
-352
-281
-351
-435
-473
-536
-455
-466
-412
-441
-510
-434
-384
-305
-313
-265
-207
-205
-151
-125
-92
-45
-79
-28
-25
-38
-131
-198
-136
-205
-272
-341
-403
-486
-549
-556
-717
-809
-962
-1031
-1011
-1120
-1168
-1275
-1229
-915
-561
-708
-1375
-1368
-509
-124
-188
-32
113
-447
-680
571
1525
1083
308
626
1266
1195
1356
1903
1771
971
753
1502
1911
1567
1156
905
661
485
688
892
687
158
-267
-267
-65
85
-54
-326
-372
-280
-353
-404
-280
-136
-244
-398
-285
-150
-82
-86
0
112
44
-27
103
342
406
214
107
143
255
333
339
362
242
110
25
314
537
420
279
127
317
211
310
539
349
181
-94
98
231
88
130
-22
-146
-256
-241
-15
-160
-306
-441
-519
-399
-428
-291
-402
-531
-647
-645
-467
-405
-327
-416
-459
-421
-269
-135
-102
-144
-133
-145
-22
75
95
33
-98
-80
-107
-16
-116
-229
-288
-374
-429
-503
-600
-663
-844
-835
-903
-1007
-1141
-1239
-1067
-855
-523
-696
-1244
-1293
-500
20
-116
-123
45
-295
-556
464
1472
1109
274
573
1282
1320
1352
1743
1731
996
798
1458
1921
1579
1116
847
627
614
748
932
649
140
-263
-289
37
162
-34
-439
-506
-385
-321
-376
-333
-215
-347
-489
-390
-112
-95
-189
-172
-36
-33
-85
24
163
229
56
33
114
239
246
229
204
162
118
172
455
501
344
54
336
444
376
383
430
299
-65
122
417
338
-69
-106
71
6
-161
-58
-46
-252
-456
-387
-220
-349
-442
-522
-470
-568
-561
-442
-406
-422
-563
-479
-351
-256
-196
-213
-216
-163
-100
-28
5
64
20
-63
-36
12
12
-110
-145
-280
-326
-411
-463
-392
-597
-738
-933
-981
-946
-1014
-1073
-1232
-1278
-1113
-697
-601
-958
-1385
-913
-247
-142
-111
-38
-100
-521
6
1148
1352
666
425
1010
1381
1409
1681
1822
1347
972
1263
1846
1831
1397
1021
728
670
787
929
751
331
-91
-273
-81
201
111
-296
-514
-389
-261
-283
-298
-263
-326
-494
-469
-211
-73
-183
-261
-170
-92
-93
-83
56
137
78
-63
-5
112
233
167
139
139
109
141
93
571
426
317
-20
239
582
248
492
435
296
51
115
550
285
-28
-13
-28
95
-169
-29
0
-335
-370
-404
-140
-235
-342
-367
-472
-460
-515
-343
-318
-386
-437
-462
-276
-150
-142
-181
-152
-58
-31
10
78
50
-1
-125
-48
32
-32
-108
-219
-284
-351
-407
-391
-451
-632
-830
-954
-911
-1024
-1070
-1155
-1307
-1209
-834
-608
-929
-1453
-1190
-433
-293
-297
-132
-100
-592
-451
806
1364
773
280
802
1359
1322
1504
1819
1522
922
1064
1771
1996
1534
1056
785
713
793
964
894
456
-10
-282
-98
222
179
-251
-560
-441
-218
-184
-284
-306
-340
-482
-440
-199
-57
-164
-335
-250
-80
-49
-44
23
135
108
-63
-13
160
312
260
144
135
113
196
161
410
591
352
92
-29
568
591
387
407
248
192
-58
352
601
165
-196
-296
40
85
-132
-67
-276
-462
-539
-357
-30
-291
-474
-633
-520
-429
-457
-304
-324
-430
-548
-409
-122
-44
-196
-259
-154
6
22
70
65
-13
-180
-187
-11
-20
-114
-288
-366
-421
-466
-434
-440
-570
-861
-1044
-1030
-936
-987
-1133
-1288
-1422
-1322
-886
-525
-852
-1411
-1252
-515
-241
-156
49
-15
-477
-345
812
1487
1003
525
854
1310
1464
1658
1953
1634
1134
1174
1724
2030
1696
1240
857
731
745
889
850
540
63
-223
-161
83
125
-193
-421
-432
-328
-384
-400
-375
-349
-488
-539
-390
-239
-188
-257
-190
-130
-133
-167
-21
160
174
0
-39
137
278
265
224
283
247
217
173
476
613
490
257
148
580
523
520
419
339
302
28
334
445
221
-25
-225
49
59
-92
-69
-265
-306
-479
-361
-150
-321
-437
-639
-527
-477
-485
-329
-341
-381
-487
-406
-171
-91
-86
-127
-86
-41
-60
76
144
105
-74
-152
-35
2
-68
-188
-303
-432
-563
-513
-483
-591
-854
-1070
-1047
-1088
-1084
-1185
-1315
-1464
-1436
-1006
-672
-800
-1237
-1279
-724
-248
-66
73
31
-269
-267
517
1389
1293
801
758
1203
1574
1738
1929
1754
1324
1131
1480
1922
1842
1403
965
745
723
806
847
660
229
-171
-282
-82
34
-136
-414
-594
-554
-493
-466
-415
-422
-513
-644
-554
-336
-205
-234
-305
-259
-202
-105
12
134
151
83
57
188
309
343
281
303
344
299
248
325
586
558
368
112
329
482
397
374
334
298
-64
-58
258
286
-22
-334
-229
-66
-183
-200
-203
-283
-505
-578
-268
-223
-347
-537
-541
-436
-438
-333
-259
-238
-317
-346
-226
-74
7
-42
-67
-23
37
78
127
156
61
-25
-58
-37
-49
-158
-316
-376
-465
-568
-556
-649
-750
-1040
-1129
-1100
-1167
-1191
-1365
-1460
-1486
-1350
-912
-711
-886
-1196
-1174
-435
-68
89
261
153
-60
-29
953
1626
1308
971
1083
1441
1644
1894
2192
1884
1415
1285
1567
1923
1842
1482
976
594
578
726
765
557
101
-325
-471
-193
-33
-275
-577
-732
-663
-600
-526
-470
-493
-655
-704
-517
-294
-254
-309
-289
-204
-54
-37
5
106
245
225
230
291
309
270
306
473
438
359
124
502
617
489
287
173
521
224
340
513
262
-37
-336
139
243
-132
-245
-335
-195
-298
-373
-131
-360
-555
-625
-461
-235
-411
-436
-489
-431
-414
-402
-211
-141
-187
-286
-178
14
95
43
57
152
123
93
145
241
210
31
-51
16
-5
-127
-208
-259
-352
-589
-681
-649
-565
-798
-1062
-1140
-1224
-1259
-1372
-1322
-1320
-1510
-1448
-1137
-609
-741
-1163
-1045
-520
-79
67
353
433
46
-34
840
1621
1548
1121
1128
1412
1580
1911
2144
2043
1470
1135
1393
1800
1869
1448
867
486
448
511
578
410
24
-444
-625
-420
-228
-318
-665
-807
-691
-693
-686
-643
-530
-517
-582
-516
-397
-314
-280
-157
74
115
-40
-43
193
531
570
432
324
301
326
511
669
706
535
349
472
439
636
514
519
380
236
322
105
154
104
52
-55
-273
-238
-198
-226
-229
-382
-416
-552
-567
-408
-430
-420
-614
-584
-526
-434
-336
-308
-278
-327
-282
-169
-14
14
-5
1
139
199
173
142
120
85
76
17
20
-52
-165
-201
-240
-279
-476
-608
-668
-664
-666
-798
-958
-1075
-1175
-1177
-1199
-1275
-1279
-1397
-1352
-1271
-871
-586
-753
-926
-882
-337
75
299
539
506
219
254
936
1678
1639
1321
1277
1435
1658
1910
2183
2005
1489
1204
1297
1565
1606
1321
885
406
196
217
305
230
-91
-486
-724
-700
-604
-632
-744
-746
-785
-861
-898
-810
-598
-513
-537
-515
-480
-390
-250
-37
201
200
82
21
227
551
684
620
474
350
369
462
697
695
599
667
360
393
245
563
574
233
444
96
-33
-216
-64
285
-101
-324
-417
-429
-188
-322
-145
-230
-628
-568
-554
-199
-224
-318
-290
-424
-391
-295
-78
42
-26
-110
-80
-29
75
126
206
266
173
89
90
85
117
49
-23
-133
-277
-353
-379
-306
-352
-550
-815
-950
-890
-843
-837
-949
-1163
-1411
-1473
-1325
-1262
-1302
-1350
-1283
-1024
-814
-745
-775
-730
-388
-55
330
536
479
315
376
1012
1462
1536
1409
1335
1421
1553
1836
2030
1881
1472
1189
1240
1364
1363
1158
779
372
97
49
75
1
-239
-551
-731
-790
-790
-799
-798
-720
-720
-763
-793
-768
-621
-489
-330
-258
-259
-249
-147
68
325
438
419
314
350
512
709
838
817
651
462
467
588
795
760
683
345
231
243
418
473
305
147
-108
-223
-140
-11
-25
-264
-456
-430
-421
-350
-357
-335
-402
-540
-503
-453
-340
-307
-293
-243
-258
-283
-230
-91
45
88
77
82
105
133
164
224
278
222
90
10
-24
0
-19
-103
-187
-345
-431
-448
-452
-441
-638
-752
-856
-912
-944
-1015
-1013
-1179
-1275
-1282
-1275
-1270
-1327
-1163
-793
-485
-539
-750
-633
-214
145
460
826
833
467
340
1036
1640
1676
1522
1523
1575
1426
1603
1981
2024
1607
1241
1160
1143
1051
938
805
517
190
-181
-368
-375
-376
-481
-630
-693
-844
-1073
-1073
-744
-478
-545
-742
-739
-571
-450
-256
-45
96
-18
-103
57
347
559
585
562
571
526
503
564
695
760
567
479
348
467
373
279
305
146
133
-59
4
46
-191
-257
-379
-253
-268
-434
-413
-520
-490
-429
-391
-283
-427
-445
-394
-304
-142
-168
-156
-128
-84
-3
28
54
86
72
111
147
172
171
116
135
161
127
73
0
-115
-136
-168
-149
-294
-452
-573
-592
-537
-595
-649
-754
-786
-845
-871
-898
-931
-989
-1049
-1104
-1109
-1129
-1157
-1129
-1030
-654
-292
-239
-522
-578
-106
179
459
805
1063
750
356
863
1564
1731
1496
1517
1597
1431
1378
1709
1851
1523
1178
1036
1055
881
688
553
438
222
-76
-406
-598
-664
-744
-701
-625
-583
-852
-1101
-958
-565
-340
-394
-418
-343
-306
-214
38
340
396
246
279
480
664
661
634
719
740
616
491
510
557
482
348
353
287
85
-2
46
124
-35
-203
-270
-258
-259
-231
-260
-374
-459
-423
-290
-278
-365
-427
-316
-245
-196
-149
-102
-114
-109
5
73
75
31
52
81
109
95
36
-6
-23
-20
-1
20
-16
-80
-161
-170
-150
-222
-327
-386
-372
-353
-449
-531
-613
-621
-635
-650
-659
-708
-735
-799
-758
-753
-817
-904
-959
-917
-929
-986
-985
-891
-601
-291
-120
-232
-404
-233
135
478
734
906
848
581
628
1140
1526
1485
1340
1483
1605
1508
1452
1574
1599
1248
951
996
1063
751
373
254
280
100
-261
-468
-553
-679
-781
-634
-429
-537
-846
-890
-635
-401
-391
-407
-270
-141
-115
-53
127
270
284
289
407
569
594
495
484
554
585
481
358
339
329
253
175
216
178
53
-124
-130
-99
-132
-267
-344
-244
-258
-322
-370
-366
-349
-394
-321
-224
-207
-251
-284
-216
-148
-146
-122
-73
-19
1
16
76
91
112
99
106
112
89
60
63
87
65
18
-1
-29
-87
-105
-110
-156
-262
-321
-296
-285
-333
-429
-474
-514
-522
-516
-529
-576
-658
-712
-719
-726
-759
-869
-907
-902
-883
-911
-943
-881
-803
-596
-338
-190
-284
-308
-159
83
262
343
508
612
704
821
969
1109
1089
1117
1260
1445
1491
1355
1203
1110
1052
971
927
856
737
538
374
283
142
-39
-228
-334
-364
-352
-352
-385
-436
-448
-378
-314
-293
-299
-289
-205
-132
-63
-2
55
102
106
126
176
221
252
293
320
308
253
201
201
195
171
153
174
195
190
174
155
120
6
-53
-30
27
16
-92
-135
-149
-151
-205
-230
-187
-217
-253
-268
-225
-201
-248
-259
-245
-229
-241
-218
-153
-118
-122
-125
-98
-99
-73
-62
-15
6
17
33
37
21
14
12
6
35
-55
-57
-58
-39
-39
-106
-120
-230
-248
-259
-310
-268
-350
-338
-382
-512
-494
-546
-571
-687
-788
-757
-757
-795
-831
-857
-950
-943
-821
-644
-398
-291
-220
-216
-177
-30
89
278
469
662
815
888
1009
1094
1102
1135
1213
1369
1465
1460
1370
1213
1093
993
919
778
600
457
300
186
59
-88
-228
-343
-421
-485
-533
-531
-528
-565
-563
-497
-451
-468
-488
-435
-338
-238
-169
-104
-11
57
138
206
229
260
304
401
461
484
461
409
387
365
394
415
423
393
342
335
315
212
76
-13
-8
-13
-48
-116
-184
-264
-307
-253
-212
-234
-298
-285
-237
-224
-244
-261
-222
-208
-209
-184
-143
-87
-68
-2
61
100
108
89
126
154
153
125
132
141
116
82
52
36
2
-42
-54
-74
-132
-220
-298
-348
-431
-469
-525
-580
-667
-757
-788
-868
-939
-1045
-1128
-1157
-1206
-1223
-1253
-1275
-1282
-1224
-980
-671
-353
-201
-158
-64
138
358
542
758
970
1164
1255
1359
1475
1546
1575
1600
1704
1739
1650
1480
1341
1226
1027
794
578
396
169
-64
-253
-411
-595
-795
-926
-1043
-1118
-1148
-1106
-1014
-963
-877
-733
-562
-443
-388
-302
-131
46
199
349
506
701
803
879
936
987
1012
995
973
951
894
839
724
610
499
314
227
106
128
42
-34
-183
-364
-392
-430
-392
-439
-505
-524
-537
-477
-408
-362
-341
-323
-201
-62
15
-14
66
98
171
150
179
233
215
280
236
264
212
154
131
100
74
12
-36
-75
-142
-199
-197
-210
-283
-360
-429
-425
-457
-518
-532
-550
-510
-581
-628
-653
-701
-726
-776
-814
-859
-960
-1048
-1099
-1151
-1166
-1252
-1281
-1264
-1126
-740
-303
-56
-83
-42
240
533
661
803
1057
1267
1274
1357
1571
1722
1636
1505
1656
1788
1632
1288
1135
1108
906
587
353
177
-64
-374
-554
-651
-843
-1090
-1254
-1304
-1286
-1246
-1122
-972
-893
-767
-532
-209
-6
82
216
394
564
680
822
1032
1169
1231
1258
1314
1310
1217
1099
1001
885
712
534
379
262
112
-37
-193
-308
-406
-481
-588
-719
-748
-658
-588
-582
-586
-474
-413
-391
-317
-157
24
35
78
243
433
458
408
401
476
451
385
362
323
265
141
87
48
-58
-168
-254
-316
-363
-432
-441
-450
-514
-543
-494
-440
-435
-460
-438
-357
-335
-327
-336
-304
-294
-319
-302
-316
-377
-444
-489
-539
-634
-785
-912
-1030
-1147
-1223
-1350
-1364
-1415
-1142
-704
-339
-222
-260
73
357
486
601
863
1189
1077
1070
1385
1746
1684
1418
1567
1842
1802
1304
1125
1085
856
343
29
85
-68
-431
-755
-783
-852
-1086
-1329
-1370
-1311
-1292
-1209
-1007
-724
-523
-301
-8
265
475
610
816
972
1061
1201
1286
1410
1445
1512
1519
1382
1221
1060
929
697
400
115
-40
-207
-384
-527
-695
-804
-894
-933
-967
-1081
-1068
-960
-831
-633
-491
-286
-220
-139
38
218
342
314
404
572
728
745
763
764
728
606
451
406
263
108
-65
-147
-209
-344
-451
-540
-638
-745
-793
-789
-793
-804
-742
-617
-532
-448
-387
-322
-244
-205
-97
-59
-47
-74
-72
-26
-51
-84
-199
-286
-380
-542
-669
-867
-1012
-1180
-1308
-1361
-1415
-1438
-1418
-976
-591
-373
-398
-171
295
383
572
818
1230
1172
1027
1386
1778
1812
1486
1575
1898
1845
1418
1219
1277
948
380
13
66
-57
-495
-731
-827
-837
-1082
-1197
-1217
-1271
-1274
-1240
-957
-724
-434
-185
150
475
774
1024
1049
1127
1206
1382
1401
1326
1385
1459
1498
1324
1224
1094
808
457
128
-25
-328
-666
-940
-988
-1038
-1177
-1118
-1098
-986
-1123
-1112
-953
-892
-684
-607
-252
-63
105
323
495
675
664
729
768
823
757
775
748
695
644
484
414
178
22
-156
-361
-505
-648
-653
-740
-807
-845
-803
-765
-778
-746
-671
-534
-501
-349
-195
-73
-12
-7
161
233
245
201
144
99
-24
-98
-137
-229
-373
-558
-708
-881
-1089
-1266
-1431
-1603
-1665
-1688
-1645
-1275
-834
-503
-392
-133
391
568
630
914
1290
1373
1116
1361
1848
1887
1646
1637
2062
2031
1566
1280
1285
950
272
-165
-193
-288
-792
-1013
-1054
-1019
-1198
-1326
-1282
-1369
-1360
-1291
-1042
-785
-484
-217
132
559
1021
1370
1417
1499
1601
1760
1745
1584
1637
1658
1554
1352
1284
1281
962
530
212
-33
-424
-882
-1163
-1226
-1351
-1411
-1341
-1228
-1094
-1109
-1014
-948
-841
-696
-558
-356
-125
167
425
595
741
970
1054
999
929
941
914
695
573
568
506
301
97
42
-56
-333
-579
-702
-815
-991
-1151
-1131
-1056
-1032
-945
-793
-615
-503
-424
-261
-143
-46
22
100
211
286
357
387
388
337
253
108
-87
-219
-385
-549
-781
-979
-1109
-1256
-1404
-1520
-1548
-1657
-1736
-1757
-1393
-940
-713
-465
-133
505
736
863
1303
1624
1700
1390
1555
1909
1857
1644
1667
2015
1942
1581
1373
1395
992
323
-135
-326
-523
-1042
-1212
-1270
-1281
-1367
-1393
-1233
-1246
-1219
-1145
-949
-722
-412
-150
191
643
1137
1570
1665
1851
1980
2005
1863
1618
1622
1508
1289
1094
1072
1039
691
295
67
-142
-585
-1040
-1325
-1496
-1688
-1856
-1634
-1370
-1273
-1181
-1044
-678
-538
-458
-234
-114
106
184
446
759
859
1022
1137
1265
1289
1175
1047
881
624
461
217
2
-141
-303
-353
-546
-660
-735
-836
-967
-1088
-1112
-1108
-1112
-1036
-818
-664
-439
-222
13
200
235
353
421
424
414
375
425
372
297
270
162
55
-149
-283
-469
-739
-1003
-1202
-1338
-1528
-1669
-1778
-1736
-1802
-1772
-1702
-1337
-824
-593
-236
64
671
906
1064
1512
1746
1836
1519
1712
1939
1836
1589
1555
1822
1672
1363
1157
1138
677
87
-304
-520
-834
-1371
-1464
-1500
-1503
-1567
-1451
-1258
-1276
-1187
-969
-667
-499
-222
91
493
882
1281
1676
1804
1965
2011
2019
1885
1641
1534
1307
1072
875
773
630
300
-1
-176
-398
-773
-1106
-1305
-1466
-1669
-1674
-1521
-1354
-1278
-1090
-771
-503
-267
-160
103
241
374
511
626
820
849
962
1042
1126
1135
1055
923
718
502
251
-2
-273
-427
-566
-681
-778
-822
-855
-909
-926
-904
-877
-871
-800
-692
-510
-328
-154
37
212
388
519
619
698
718
711
667
601
539
414
304
134
-31
-170
-400
-599
-789
-954
-1071
-1323
-1464
-1618
-1736
-1805
-1972
-1911
-1967
-1804
-1714
-1204
-522
-232
183
424
1184
1291
1480
1862
1977
2055
1584
1908
1994
1867
1581
1549
1774
1508
1250
1001
947
391
-57
-428
-631
-948
-1386
-1420
-1553
-1517
-1564
-1384
-1296
-1234
-990
-734
-496
-344
87
359
621
907
1312
1626
1567
1684
1749
1769
1568
1327
1318
1116
858
597
501
311
-32
-252
-349
-516
-820
-997
-1138
-1245
-1353
-1275
-1197
-1094
-979
-764
-521
-442
-134
31
235
287
411
638
590
611
656
817
799
697
704
722
578
336
205
64
-138
-411
-534
-607
-766
-873
-867
-812
-776
-727
-617
-499
-392
-239
-108
-2
126
241
401
468
547
669
702
734
687
737
679
511
384
220
66
-213
-422
-561
-775
-957
-1103
-1174
-1270
-1454
-1557
-1624
-1704
-1815
-1823
-1795
-1716
-1633
-1458
-1202
-817
-164
138
553
831
1295
1589
1582
1975
2002
2042
1706
1739
1898
1679
1437
1237
1397
1207
982
765
687
333
-139
-406
-680
-874
-1322
-1502
-1576
-1591
-1542
-1437
-1274
-1124
-834
-546
-279
-112
205
425
553
790
1052
1268
1198
1257
1457
1505
1421
1267
1237
1125
853
631
496
333
43
-181
-263
-372
-557
-698
-735
-694
-764
-809
-743
-703
-642
-610
-460
-340
-261
-151
-61
135
272
308
336
405
481
513
450
426
397
303
219
86
27
-69
-227
-332
-370
-395
-477
-543
-520
-467
-455
-384
-292
-175
-110
-68
73
180
249
286
319
390
425
424
422
385
366
287
174
109
-9
-149
-322
-474
-593
-724
-884
-1013
-1133
-1190
-1295
-1408
-1413
-1457
-1414
-1455
-1387
-1272
-1221
-1066
-949
-740
-607
-322
156
449
731
964
1362
1579
1636
1907
2005
1967
1688
1620
1642
1413
1137
944
956
825
623
494
447
203
-122
-352
-571
-840
-1219
-1417
-1539
-1578
-1552
-1387
-1168
-979
-675
-365
-49
144
362
497
583
751
878
1006
1000
1100
1230
1284
1300
1288
1314
1187
987
813
687
471
153
-104
-224
-351
-499
-605
-652
-632
-698
-668
-654
-653
-661
-711
-674
-651
-563
-497
-432
-278
-97
54
159
269
382
430
410
407
373
277
165
59
9
-33
-107
-117
-107
-92
-108
-123
-108
-132
-139
-143
-171
-150
-102
-62
19
63
143
203
228
279
270
256
182
141
122
42
-73
-182
-213
-280
-374
-489
-549
-626
-776
-859
-965
-1032
-1162
-1262
-1239
-1245
-1219
-1172
-1074
-959
-879
-749
-570
-450
-262
67
329
558
705
1021
1301
1352
1578
1705
1764
1619
1516
1577
1394
1146
938
901
809
605
468
408
223
-65
-250
-433
-634
-948
-1151
-1259
-1368
-1406
-1378
-1249
-1114
-905
-632
-334
-98
179
406
544
714
871
1021
994
1015
1104
1138
1132
1113
1157
1114
959
831
733
558
308
57
-113
-271
-401
-585
-666
-691
-732
-720
-771
-663
-633
-615
-586
-571
-440
-410
-342
-191
-21
101
165
298
477
533
524
536
544
484
357
277
206
100
-14
-71
-75
-94
-133
-141
-144
-149
-138
-156
-155
-155
-179
-181
-177
-159
-132
-134
-81
-1
73
110
101
125
124
74
-33
-98
-199
-304
-425
-530
-554
-701
-765
-826
-873
-903
-1001
-1017
-1069
-1123
-1106
-1103
-1060
-988
-933
-768
-614
-250
94
301
588
865
1230
1298
1450
1651
1677
1558
1376
1476
1402
1187
994
1013
1025
838
709
621
532
232
-28
-223
-465
-766
-1061
-1215
-1326
-1379
-1368
-1269
-1155
-936
-678
-447
-235
-1
297
421
564
743
895
936
924
1051
1126
1116
1074
1105
1097
963
840
749
613
362
137
-27
-206
-369
-550
-627
-701
-770
-769
-781
-724
-711
-673
-606
-557
-470
-380
-320
-227
-99
44
138
211
357
449
479
478
489
495
409
297
216
145
33
-52
-103
-141
-200
-245
-218
-205
-207
-222
-202
-165
-158
-172
-152
-149
-114
-97
-60
13
62
147
162
222
252
247
203
130
86
-33
-149
-276
-373
-485
-599
-692
-767
-845
-939
-987
-1029
-1053
-1090
-1112
-1105
-1061
-991
-942
-848
-704
-400
-97
123
400
697
1071
1214
1369
1620
1681
1605
1407
1440
1363
1099
899
844
846
685
570
542
503
285
81
-77
-275
-552
-865
-1051
-1223
-1335
-1384
-1333
-1207
-1008
-758
-522
-279
-18
243
357
484
641
762
769
723
834
886
860
816
864
902
815
736
678
581
373
165
14
-149
-346
-512
-619
-669
-698
-720
-706
-636
-547
-455
-402
-330
-253
-199
-134
-90
30
115
171
265
388
507
531
533
575
581
501
411
325
221
68
-49
-114
-175
-265
-320
-322
-309
-306
-314
-283
-256
-207
-196
-180
-159
-139
-110
-93
-48
8
71
105
145
194
203
186
159
116
48
-49
-168
-278
-398
-543
-663
-758
-829
-901
-972
-984
-1016
-1029
-1052
-1036
-1023
-1012
-992
-967
-877
-711
-367
-156
91
358
735
1039
1113
1424
1551
1566
1392
1341
1414
1161
923
779
788
669
517
507
529
408
208
127
-18
-231
-549
-750
-918
-1092
-1161
-1208
-1155
-1076
-863
-618
-394
-151
127
344
451
633
746
790
710
728
820
751
700
673
748
726
655
661
641
533
356
251
123
-46
-269
-394
-481
-572
-594
-629
-551
-517
-441
-337
-276
-183
-127
-60
-28
3
69
115
131
205
297
369
414
441
491
457
379
311
234
123
-28
-140
-201
-288
-357
-395
-390
-374
-364
-300
-258
-221
-190
-162
-120
-125
-144
-121
-109
-100
-71
-34
20
82
123
163
179
169
149
77
-17
-141
-276
-397
-524
-624
-727
-804
-844
-877
-864
-870
-882
-881
-890
-874
-883
-882
-837
-757
-646
-395
-154
70
311
584
918
1028
1248
1435
1490
1443
1328
1383
1235
996
842
791
714
570
523
525
450
277
196
82
-105
-345
-564
-712
-890
-1025
-1083
-1098
-1043
-913
-722
-509
-290
-30
186
305
457
606
654
621
587
623
577
473
468
521
524
469
462
512
479
354
285
199
69
-106
-276
-347
-444
-517
-554
-546
-474
-419
-325
-236
-158
-57
-3
33
80
127
154
149
192
255
260
273
306
330
320
288
276
257
177
78
-2
-94
-181
-273
-315
-326
-361
-344
-304
-255
-222
-206
-148
-115
-116
-140
-160
-148
-144
-125
-93
-67
-29
-9
26
40
38
24
-55
-100
-188
-278
-369
-493
-562
-662
-721
-758
-797
-813
-845
-836
-810
-797
-775
-762
-717
-674
-486
-302
-160
52
260
619
730
934
1235
1329
1375
1260
1380
1339
1073
959
911
864
668
585
624
574
410
330
279
135
-66
-275
-390
-593
-769
-870
-951
-973
-935
-800
-648
-496
-285
-15
148
310
507
614
643
595
671
650
497
441
430
428
330
320
395
380
302
262
259
204
57
-60
-146
-276
-387
-496
-518
-534
-521
-490
-418
-293
-198
-103
-35
74
143
170
185
191
209
174
136
137
149
156
124
140
180
154
115
90
54
-21
-128
-193
-222
-275
-317
-330
-299
-284
-251
-203
-156
-107
-83
-71
-84
-69
-79
-86
-88
-89
-75
-90
-72
-37
-13
-15
-25
-21
-36
-110
-180
-239
-310
-402
-521
-554
-593
-638
-661
-668
-627
-621
-597
-553
-500
-439
-421
-305
-136
-54
104
267
511
663
739
973
1075
1110
1064
1113
1145
980
873
828
789
637
518
517
479
363
266
221
105
-62
-229
-384
-538
-700
-814
-898
-949
-932
-859
-757
-641
-468
-236
-86
37
208
328
371
351
400
414
327
253
252
262
222
221
270
319
272
287
311
266
195
76
28
-107
-236
-322
-421
-453
-503
-465
-405
-343
-240
-135
-39
44
124
184
216
208
231
223
189
178
168
183
177
183
212
225
217
211
211
174
105
31
-27
-122
-201
-246
-289
-309
-326
-294
-267
-241
-202
-155
-100
-94
-54
-59
-53
-69
-79
-63
-107
-72
-79
-57
-56
-71
-43
-95
-114
-174
-232
-304
-411
-445
-525
-581
-655
-696
-681
-695
-661
-616
-533
-464
-374
-263
-118
-15
86
213
340
461
499
621
719
779
786
803
883
865
818
795
806
746
628
558
492
390
237
119
-5
-143
-277
-412
-496
-585
-641
-674
-674
-657
-621
-551
-469
-344
-222
-112
-29
78
176
195
205
223
267
242
216
238
284
301
294
350
397
411
384
369
330
229
121
18
-67
-170
-259
-304
-314
-305
-290
-249
-173
-84
-17
45
97
145
167
185
204
213
207
194
198
203
203
189
182
189
193
179
164
148
132
81
27
-33
-89
-151
-220
-263
-290
-307
-324
-317
-293
-259
-218
-186
-143
-108
-78
-49
-33
-16
-24
-17
-8
-11
-13
-23
-16
-30
-46
-67
-95
-136
-192
-242
-312
-377
-444
-504
-552
-587
-597
-588
-541
-483
-421
-340
-249
-154
-38
51
147
228
319
422
472
554
618
673
709
730
777
751
720
699
669
609
499
416
326
205
68
-34
-144
-260
-370
-456
-509
-581
-609
-622
-621
-588
-542
-470
-399
-322
-225
-150
-72
10
79
137
149
183
226
235
251
291
337
351
349
364
359
316
254
200
139
54
-34
-107
-163
-211
-226
-218
-209
-183
-161
-108
-61
-24
17
48
97
123
146
174
200
222
234
237
242
250
241
221
200
187
148
98
46
4
-35
-99
-142
-177
-227
-280
-292
-304
-326
-337
-328
-306
-301
-272
-224
-181
-140
-104
-45
-1
16
50
72
80
67
37
19
-3
-25
-45
-74
-109
-155
-198
-249
-292
-333
-370
-398
-419
-426
-430
-410
-385
-333
-263
-214
-147
-81
-2
72
132
207
269
329
393
457
513
561
618
673
703
726
727
699
664
610
536
441
337
252
161
70
-16
-83
-152
-214
-240
-248
-263
-275
-263
-258
-243
-226
-202
-160
-140
-101
-54
-29
16
54
95
127
160
200
227
258
280
294
290
275
241
209
166
118
74
18
-28
-72
-112
-131
-141
-149
-138
-115
-87
-60
-43
-9
5
13
28
43
46
37
41
42
44
44
32
24
21
22
25
-10
-59
-105
-154
-202
-260
-299
-338
-379
-402
-424
-432
-446
-428
-405
-373
-340
-305
-262
-237
-187
-141
-96
-63
-25
17
46
65
87
117
135
146
160
175
164
164
174
170
161
155
159
165
156
149
152
150
148
155
160
171
177
188
203
203
218
225
235
264
273
285
300
315
340
345
350
341
340
350
344
325
287
252
208
167
128
95
49
-5
-41
-67
-98
-143
-176
-204
-229
-242
-265
-282
-312
-338
-347
-362
-377
-378
-369
-360
-353
-329
-292
-269
-251
-235
-210
-183
-167
-139
-127
-132
-126
-120
-119
-124
-126
-125
-125
-121
-119
-113
-120
-125
-107
-92
-77
-72
-56
-29
-12
-4
6
23
31
41
43
54
56
53
53
48
44
39
30
16
9
-1
-27
-56
-90
-127
-153
-193
-225
-237
-241
-229
-205
-174
-143
-97
-52
-5
40
86
130
170
210
224
253
275
297
319
332
344
344
343
340
322
286
245
199
166
117
75
39
0
-19
-33
-51
-56
-60
-41
-24
-17
9
24
39
55
95
135
177
229
274
332
381
419
446
472
489
489
476
451
415
370
331
276
223
180
122
65
11
-39
-98
-166
-220
-257
-289
-326
-351
-373
-387
-404
-412
-399
-394
-369
-351
-322
-290
-264
-223
-191
-156
-124
-92
-72
-60
-59
-58
-70
-91
-94
-109
-134
-154
-166
-178
-197
-215
-223
-223
-207
-212
-202
-187
-181
-169
-154
-122
-107
-85
-59
-41
-29
-20
1
15
27
38
39
24
16
13
5
-8
-19
-16
-13
-24
-52
-71
-93
-110
-115
-115
-111
-103
-87
-64
-30
1
35
71
110
147
185
212
222
238
256
282
295
306
315
323
334
324
314
286
267
241
205
179
142
111
70
34
17
-1
-11
-17
-14
-15
-25
-24
-23
-13
-6
-1
8
20
40
50
71
90
133
171
183
199
200
202
169
142
107
79
50
-17
-59
-90
-126
-167
-214
-243
-263
-295
-323
-325
-333
-350
-364
-352
-337
-336
-324
-317
-296
-270
-246
-208
-166
-124
-86
-57
-30
-1
26
44
60
68
72
72
66
58
46
40
35
27
28
30
35
43
52
68
72
78
92
109
120
133
161
179
202
220
236
255
267
279
285
291
297
296
283
276
257
229
191
151
126
88
47
15
3
-10
-41
-63
-73
-70
-81
-91
-85
-77
-74
-72
-50
-14
10
33
59
84
109
124
148
165
186
194
196
187
171
145
115
88
60
35
8
-22
-50
-74
-99
-127
-153
-175
-195
-218
-227
-231
-234
-222
-213
-196
-180
-162
-141
-117
-90
-65
-33
-14
13
35
46
55
46
45
34
16
4
-18
-50
-77
-106
-129
-158
-188
-206
-222
-234
-243
-247
-256
-254
-263
-271
-261
-253
-242
-231
-213
-181
-140
-96
-60
-30
-2
19
34
49
59
71
80
85
96
103
100
97
104
106
102
96
106
115
112
107
104
110
112
117
124
138
146
153
157
161
165
178
184
181
186
180
177
174
168
164
154
139
118
97
72
43
14
-13
-41
-62
-82
-103
-113
-120
-115
-106
-101
-95
-96
-85
-74
-71
-61
-46
-21
1
20
49
75
94
113
125
132
132
134
131
122
109
90
76
55
43
30
-2
-24
-41
-64
-85
-110
-132
-146
-168
-180
-180
-177
-170
-167
-163
-153
-142
-129
-121
-110
-95
-78
-57
-41
-24
-17
-6
0
-3
-19
-33
-51
-79
-112
-142
-154
-178
-193
-205
-214
-219
-223
-216
-205
-209
-208
-201
-196
-187
-176
-152
-127
-90
-61
-25
10
35
73
100
122
143
166
173
164
159
156
150
151
154
159
163
164
159
156
166
164
159
155
153
152
156
157
157
165
170
185
191
201
210
212
217
210
219
215
218
212
204
199
180
163
135
112
82
54
13
-15
-47
-79
-99
-119
-130
-132
-132
-132
-138
-135
-137
-135
-126
-109
-89
-78
-68
-58
-42
-29
-17
-8
10
24
27
26
9
3
-1
-4
-18
-33
-41
-62
-81
-110
-129
-147
-157
-172
-185
-194
-200
-199
-199
-185
-171
-151
-125
-112
-97
-84
-69
-44
-15
2
23
40
51
71
85
94
100
101
93
87
76
63
50
28
10
-9
-19
-21
-27
-30
-40
-48
-59
-61
-61
-63
-62
-57
-47
-43
-32
-19
-10
8
27
46
58
62
62
65
58
50
46
38
36
25
20
17
20
25
27
27
27
22
14
6
-6
-15
-17
-21
-21
-18
-15
-13
-18
-2
12
24
34
38
43
50
53
52
54
51
50
41
28
11
1
-9
-30
-41
-52
-54
-62
-70
-74
-78
-74
-77
-79
-73
-65
-50
-36
-22
-4
13
33
51
71
91
106
118
125
125
121
121
128
130
132
125
112
99
94
87
73
60
45
26
6
-14
-36
-59
-73
-82
-82
-79
-78
-73
-65
-56
-45
-27
-13
1
4
4
11
22
36
46
46
42
46
44
39
35
30
29
27
18
5
-10
-24
-34
-43
-54
-62
-67
-78
-83
-86
-88
-87
-84
-75
-65
-50
-34
-26
-11
-1
-5
-10
-14
-11
-9
0
-1
-2
5
12
17
21
28
28
23
12
10
12
3
-3
-11
-12
-13
-19
-22
-29
-26
-18
-7
9
22
22
24
14
7
15
18
17
14
7
1
-2
-11
-21
-31
-39
-47
-58
-61
-66
-72
-83
-91
-94
-92
-97
-101
-99
-95
-84
-74
-61
-43
-27
-10
17
44
65
77
85
87
88
91
95
95
100
99
99
99
97
96
91
85
80
75
69
56
37
17
2
-3
-12
-15
-23
-23
-21
-18
-9
-1
10
13
15
26
37
47
56
58
60
60
63
68
65
62
59
55
48
44
36
22
10
4
-1
-11
-27
-40
-54
-61
-70
-74
-78
-73
-65
-64
-53
-48
-33
-19
-13
-6
-8
-8
-7
-5
-5
-2
-5
1
0
2
3
0
0
-4
-1
-6
-12
-22
-30
-35
-44
-49
-58
-63
-63
-60
-56
-48
-41
-37
-27
-19
-8
2
9
16
16
17
17
17
21
21
21
23
18
11
3
-7
-15
-23
-24
-28
-33
-36
-39
-41
-43
-41
-45
-43
-39
-32
-23
-19
-11
-2
6
17
26
32
39
44
51
56
57
57
58
60
61
59
49
38
35
28
16
5
-8
-16
-23
-34
-40
-45
-49
-54
-56
-56
-53
-49
-45
-37
-28
-21
-19
-11
-5
0
5
4
7
10
18
21
24
31
34
38
35
31
25
23
16
8
-4
-8
-14
-22
-24
-27
-24
-25
-23
-16
-9
2
13
21
30
36
38
41
45
50
51
47
49
49
50
47
47
44
41
39
38
31
25
22
