-53
-52
-55
-53
-56
-55
-59
-61
-60
-64
-62
-64
-63
-64
-62
-61
-59
-56
-56
-52
-51
-47
-45
-41
-37
-32
-28
-23
-16
-11
-3
3
11
17
25
31
36
41
46
52
57
66
71
79
82
92
95
99
101
102
104
101
103
100
102
101
101
105
106
110
109
112
110
111
108
105
101
96
95
92
92
88
86
83
82
80
76
69
61
55
46
42
33
27
18
11
5
1
-5
-14
-22
-33
-40
-51
-59
-71
-79
-85
-90
-92
-95
-96
-99
-101
-102
-104
-106
-109
-113
-116
-120
-121
-123
-123
-121
-121
-119
-117
-112
-109
-107
-106
-107
-104
-105
-102
-104
-99
-100
-94
-88
-84
-76
-73
-64
-64
-56
-52
-44
-38
-32
-21
-13
5
16
33
46
60
73
82
96
101
111
116
125
130
137
145
153
160
164
170
170
173
171
168
162
155
147
140
133
126
119
111
105
98
94
88
77
68
58
52
44
38
32
25
19
16
16
12
8
1
-5
-13
-22
-32
-43
-55
-68
-75
-83
-88
-97
-105
-115
-124
-131
-140
-151
-162
-174
-184
-192
-196
-200
-203
-204
-202
-197
-193
-188
-183
-180
-173
-170
-161
-156
-150
-144
-138
-131
-126
-118
-117
-117
-119
-124
-126
-132
-133
-138
-142
-144
-147
-150
-147
-142
-135
-129
-122
-112
-98
-83
-62
-44
-17
18
56
97
135
174
206
248
289
328
357
378
390
397
409
417
427
431
422
404
391
383
373
349
314
275
241
212
192
159
125
89
64
49
37
34
23
29
28
38
45
50
61
58
67
78
105
122
128
141
146
153
150
143
123
95
70
47
11
-20
-49
-90
-118
-145
-172
-194
-215
-236
-252
-272
-286
-297
-300
-312
-315
-307
-305
-290
-287
-266
-259
-262
-258
-267
-259
-258
-262
-265
-274
-281
-285
-290
-291
-287
-295
-311
-339
-352
-367
-391
-405
-434
-433
-434
-419
-368
-309
-238
-177
-74
24
114
208
291
381
413
456
487
526
539
541
552
539
545
529
532
508
490
434
379
365
312
247
171
135
77
27
11
4
-12
-40
-39
-32
-9
23
29
41
54
94
127
163
209
244
260
289
335
337
338
327
318
280
247
228
200
200
191
178
156
158
141
116
79
51
29
-10
-21
-47
-64
-85
-91
-100
-102
-93
-101
-92
-93
-83
-90
-79
-69
-74
-73
-78
-44
-34
-18
-15
-31
-41
-49
-47
-60
-70
-77
-86
-85
-88
-91
-108
-148
-176
-216
-235
-243
-255
-282
-302
-305
-309
-299
-312
-316
-332
-344
-357
-387
-415
-450
-475
-486
-497
-532
-565
-601
-637
-660
-673
-684
-684
-687
-608
-469
-298
-171
-80
65
112
241
373
495
507
463
469
435
499
493
524
465
454
444
454
541
514
478
310
265
214
144
93
0
-69
-197
-183
-157
-150
-158
-173
-161
-145
-56
14
55
79
139
207
315
438
500
492
475
484
463
454
443
402
317
289
285
262
248
213
153
80
32
24
1
-19
-57
-125
-141
-145
-118
-119
-119
-112
-126
-100
-69
6
10
17
36
65
115
137
161
136
137
127
129
147
130
93
51
45
46
49
41
10
-13
-27
-24
-14
-33
-59
-84
-93
-96
-96
-106
-116
-127
-138
-129
-114
-107
-125
-149
-155
-168
-188
-211
-247
-268
-282
-309
-334
-369
-414
-456
-488
-506
-516
-543
-569
-587
-613
-609
-614
-552
-429
-290
-175
-81
42
122
240
356
480
517
499
504
492
537
551
559
536
515
502
496
538
530
487
372
311
268
189
115
24
-47
-130
-158
-143
-124
-131
-141
-146
-142
-88
-23
6
33
94
168
256
353
430
440
439
446
431
427
415
368
283
229
199
169
145
103
54
-25
-77
-96
-116
-139
-161
-192
-218
-212
-199
-185
-193
-212
-222
-215
-181
-142
-134
-136
-121
-85
-44
4
28
34
21
20
22
17
6
-48
-97
-135
-138
-120
-97
-86
-79
-78
-78
-49
-34
-41
-59
-76
-90
-83
-77
-85
-80
-82
-78
-75
-52
-39
-46
-44
-49
-46
-65
-85
-125
-169
-213
-259
-285
-337
-393
-446
-501
-550
-600
-636
-665
-674
-690
-698
-621
-495
-321
-213
-117
-6
67
192
337
485
513
501
492
494
545
569
591
530
503
467
466
508
497
441
298
240
185
127
25
-80
-176
-286
-283
-273
-263
-284
-298
-296
-240
-131
-40
23
68
135
206
310
430
499
501
484
493
503
510
495
440
359
303
267
243
216
153
86
12
-28
-52
-109
-173
-233
-275
-295
-287
-277
-277
-306
-295
-253
-203
-108
-68
-35
-13
31
90
138
184
188
195
185
194
168
141
89
14
-39
-114
-128
-158
-189
-199
-205
-193
-173
-135
-125
-113
-96
-84
-93
-96
-107
-135
-143
-143
-120
-99
-72
-43
-37
-25
-14
-30
-55
-94
-141
-193
-233
-282
-359
-427
-480
-505
-534
-556
-574
-626
-660
-689
-722
-744
-745
-755
-715
-592
-394
-211
-113
50
169
298
474
642
743
727
739
748
781
785
798
743
672
634
598
612
588
564
427
326
268
187
93
-44
-125
-225
-266
-266
-252
-253
-255
-239
-194
-110
-22
54
99
159
222
297
378
461
493
479
486
491
474
451
400
310
207
135
87
44
-6
-59
-127
-199
-222
-227
-250
-291
-334
-378
-388
-386
-381
-383
-377
-324
-270
-184
-87
-7
58
117
214
304
356
386
371
352
326
293
240
176
112
27
-31
-70
-111
-143
-153
-158
-144
-147
-129
-109
-109
-94
-110
-116
-131
-148
-158
-155
-141
-117
-89
-70
-30
18
46
50
33
-2
-32
-83
-136
-197
-275
-349
-438
-510
-563
-600
-652
-710
-747
-789
-831
-860
-888
-914
-931
-931
-886
-714
-500
-289
-156
42
263
393
614
825
978
934
888
916
881
862
817
727
611
533
494
487
489
486
372
196
137
89
-9
-155
-250
-330
-395
-379
-325
-290
-270
-203
-134
-17
135
255
291
338
428
507
589
642
634
575
528
498
457
402
324
218
117
62
43
-5
-74
-121
-167
-215
-228
-239
-276
-343
-395
-420
-430
-421
-423
-446
-449
-355
-225
-108
10
110
230
296
431
542
575
548
493
464
380
338
229
109
4
-60
-94
-115
-108
-101
-92
-70
7
33
26
0
-16
-33
-59
-36
-54
-74
-71
-57
-40
1
45
66
81
95
105
97
90
55
-12
-98
-188
-281
-390
-501
-605
-704
-777
-832
-923
-968
-994
-1050
-1103
-1144
-1152
-1158
-1201
-1101
-800
-459
-168
-12
386
650
791
1128
1392
1523
1273
1152
1078
846
738
595
401
166
22
9
-42
2
68
-89
-246
-257
-282
-420
-578
-625
-701
-728
-592
-450
-330
-195
-43
143
403
681
851
914
968
1027
1061
1078
1027
866
660
521
404
280
199
96
-73
-200
-202
-174
-180
-211
-249
-317
-385
-341
-329
-350
-370
-385
-368
-342
-253
-208
-190
-132
-49
99
277
416
496
527
605
635
631
691
613
437
290
162
56
-87
-187
-266
-395
-382
-322
-263
-197
-122
-65
-44
43
135
127
96
94
68
56
80
75
46
41
59
70
102
134
111
76
49
22
-27
-91
-175
-292
-422
-495
-581
-689
-781
-888
-966
-1060
-1109
-1159
-1190
-1216
-1244
-1340
-1335
-1353
-1282
-712
-209
238
359
908
1323
1280
1729
2024
2078
1550
1274
1224
737
497
312
26
-236
-266
-107
-110
-22
147
-135
-433
-375
-399
-622
-917
-913
-971
-984
-664
-361
-74
193
461
676
981
1303
1379
1266
1141
1050
885
772
663
436
219
107
47
-40
-43
-42
-217
-339
-334
-306
-316
-335
-328
-380
-397
-311
-215
-162
-102
-100
-76
3
98
166
122
127
140
149
212
347
438
479
481
518
574
529
536
425
283
114
-103
-208
-341
-403
-487
-557
-485
-389
-231
-75
55
184
215
269
294
265
226
120
23
-61
-83
-88
-112
-109
-111
-83
-53
-15
-3
-41
-104
-182
-253
-322
-385
-506
-644
-743
-832
-892
-955
-1029
-1099
-1206
-1272
-1358
-1387
-1490
-1613
-1677
-1676
-892
-107
515
695
1236
1918
1701
2097
2538
2498
1673
928
905
316
-3
-87
-344
-545
-507
-109
15
133
338
-61
-678
-754
-744
-1012
-1379
-1356
-1214
-1075
-515
14
418
790
1023
1150
1334
1574
1537
1154
862
719
615
589
574
407
169
72
35
-61
-133
-176
-415
-682
-683
-567
-491
-394
-250
-178
-64
150
340
385
363
272
107
23
3
3
-91
-144
-101
-20
121
301
489
554
527
499
485
446
321
192
59
-86
-173
-235
-246
-246
-284
-307
-292
-249
-182
-149
-76
-16
17
87
141
220
245
232
192
112
26
-63
-150
-282
-389
-451
-484
-440
-355
-277
-226
-188
-172
-212
-271
-382
-539
-765
-923
-1076
-1202
-1275
-1337
-1382
-1446
-1393
-1427
-1497
-1584
-1668
-1645
-836
219
911
1021
1594
2337
2004
2311
2808
2737
1719
782
800
117
-174
-137
-316
-485
-429
89
163
202
358
-123
-853
-935
-802
-914
-1152
-945
-555
-273
367
868
1178
1365
1308
1185
1141
1274
1216
865
673
691
804
902
911
665
244
-62
-295
-558
-737
-763
-886
-963
-698
-303
26
229
410
450
387
366
319
155
-101
-292
-387
-350
-218
-24
57
115
169
228
191
211
279
225
178
123
295
274
336
454
378
319
96
11
-163
-313
-431
-586
-580
-467
-289
-91
145
343
394
404
456
449
331
157
-3
-140
-249
-265
-262
-255
-235
-236
-219
-140
-64
-54
-86
-97
-143
-221
-295
-391
-531
-745
-870
-985
-1079
-1220
-1316
-1343
-1479
-1479
-1511
-1491
-1617
-1757
-1743
-1100
100
1024
1276
1483
2274
2102
1965
2446
2535
1730
422
339
-21
-385
-289
-341
-513
-645
-201
-45
-118
-22
-299
-1078
-1284
-935
-769
-829
-662
-177
99
622
1037
1146
1172
997
783
669
873
1011
872
741
757
859
902
797
413
-154
-580
-838
-1046
-1116
-935
-745
-641
-308
176
497
602
596
449
236
93
34
-57
-159
-169
-134
-23
83
209
175
-30
-173
-296
-352
-419
-392
-126
206
490
737
898
1039
831
655
566
153
-127
-444
-599
-639
-635
-412
-321
-112
132
301
419
436
397
257
144
126
52
26
10
-97
-158
-181
-200
-363
-514
-562
-595
-509
-339
-212
-105
-28
-76
-157
-248
-428
-764
-1083
-1312
-1452
-1556
-1571
-1532
-1516
-1457
-1382
-1441
-1516
-1645
-1691
-725
428
1383
1457
1889
2684
2122
2316
2725
2572
1367
184
265
-338
-485
-264
-380
-560
-520
-47
-1
-94
16
-518
-1268
-1134
-715
-436
-446
-115
329
537
1043
1200
1136
991
683
491
538
910
1083
971
932
899
890
804
510
-91
-749
-1095
-1221
-1205
-995
-583
-258
-28
297
632
704
567
377
112
-71
-137
-34
16
44
102
119
154
65
-50
-264
-532
-702
-729
-625
-452
-254
75
413
750
1026
1048
1078
757
611
359
84
85
-190
-171
-294
-254
-137
-165
-32
-20
119
256
349
459
499
575
563
479
419
272
19
-192
-338
-402
-503
-520
-467
-343
-93
60
189
287
233
39
-209
-398
-614
-904
-1139
-1241
-1249
-1254
-1222
-1193
-1281
-1370
-1415
-1591
-1755
-1906
-2099
-1384
53
1364
1778
1765
2722
2381
1896
2377
2383
1577
-56
-124
-305
-750
-350
-252
-493
-689
-263
-8
-234
-145
-299
-1148
-1255
-688
-267
-176
-70
382
424
752
1037
881
770
528
352
362
781
1147
1075
905
729
606
502
303
-180
-813
-1134
-1139
-1025
-786
-338
3
69
189
425
510
413
259
50
-62
-11
218
342
300
228
45
-97
-282
-421
-577
-824
-874
-756
-472
-207
-13
175
182
617
921
938
875
630
719
168
224
395
11
-15
-439
-401
-509
-477
-293
-449
-182
90
296
476
639
698
453
255
210
-4
-244
-446
-622
-608
-499
-366
-378
-313
-103
-121
-86
34
16
-85
-262
-360
-522
-660
-833
-968
-1113
-1212
-1231
-1289
-1300
-1361
-1396
-1421
-1499
-1613
-1644
-1675
-456
1069
2029
2012
2117
2945
2038
1848
2366
2239
1021
-333
19
-398
-577
-184
-245
-588
-659
-176
-105
-232
-47
-370
-1136
-793
-195
143
137
310
644
595
973
1037
856
704
485
354
535
1001
1200
1011
740
524
302
220
21
-507
-997
-1044
-875
-735
-344
146
291
181
243
354
321
297
187
-28
-85
82
254
238
191
-2
-308
-539
-643
-649
-791
-848
-745
-488
-179
111
333
413
576
780
882
858
758
631
361
153
140
38
-131
-346
-524
-603
-565
-450
-302
-55
237
499
624
763
817
684
458
281
140
-92
-275
-375
-380
-336
-280
-291
-245
-101
-24
2
44
97
14
-121
-250
-399
-603
-865
-1033
-1116
-1167
-1217
-1324
-1234
-1303
-1342
-1418
-1403
-1461
-1775
-1772
-1436
223
1701
2300
2015
2395
2545
1348
1631
2069
1671
31
-512
-55
-575
-415
-171
-357
-865
-737
-363
-435
-312
-139
-736
-1137
-348
201
364
309
579
536
465
816
719
661
523
372
380
772
1260
1251
906
551
199
-16
-19
-160
-640
-930
-762
-524
-266
181
454
277
90
104
151
151
181
48
-138
-46
124
222
93
-79
-411
-776
-864
-798
-702
-768
-700
-476
-208
123
370
518
723
778
758
604
601
579
235
273
124
-78
-249
-425
-453
-660
-577
-473
-337
14
322
567
663
728
724
591
468
326
140
-22
-226
-349
-311
-236
-250
-390
-399
-306
-216
-72
43
89
38
-85
-224
-348
-501
-798
-1077
-1227
-1264
-1241
-1304
-1246
-1342
-1429
-1468
-1501
-1543
-1695
-1853
-1633
65
1779
2589
2090
2396
2504
1107
1370
1972
1868
223
-493
132
-431
-325
-132
-370
-997
-1067
-516
-426
-147
165
-406
-912
-217
395
492
245
450
459
299
725
783
816
650
384
378
677
1156
1141
773
468
175
19
39
86
-267
-684
-625
-392
-184
150
413
325
143
195
292
313
388
321
75
-17
91
216
87
-103
-336
-622
-696
-608
-437
-419
-386
-228
-47
312
518
700
959
957
889
630
718
655
335
395
102
-109
-327
-464
-422
-613
-532
-441
-284
104
410
637
710
700
640
528
528
429
277
176
5
-166
-206
-149
-246
-475
-522
-436
-293
-40
161
245
195
70
-164
-382
-560
-853
-1145
-1324
-1289
-1180
-1176
-1133
-1255
-1367
-1484
-1646
-1659
-1736
-1687
-1669
-262
1607
2566
2217
1971
2405
1175
933
1731
1923
780
-411
157
-259
-608
-420
-589
-1124
-1376
-730
-349
-107
315
22
-689
-390
225
339
104
231
474
331
619
832
816
646
301
175
347
791
943
762
544
320
140
56
88
-194
-656
-740
-493
-229
39
394
480
279
187
168
136
123
131
35
-82
8
189
117
-93
-304
-556
-729
-754
-540
-429
-422
-268
-79
199
459
726
906
843
741
547
460
451
384
313
40
-229
-417
-498
-482
-514
-508
-421
-238
3
275
473
517
423
380
423
515
530
416
288
103
-113
-314
-422
-525
-705
-775
-604
-281
18
193
245
172
-36
-294
-555
-743
-936
-1143
-1184
-1077
-959
-1021
-1108
-1165
-1361
-1497
-1639
-1552
-1641
-1637
-1547
-1415
215
1786
2549
1840
1669
1997
597
716
1740
2090
810
-172
465
-233
-766
-587
-682
-1134
-1206
-347
103
230
545
-28
-805
-555
-66
54
-30
467
750
614
890
1011
813
431
189
153
451
972
1184
1037
739
347
-4
-79
17
-287
-601
-423
-190
-32
246
615
502
67
-84
-80
22
230
307
219
128
120
106
-71
-195
-430
-748
-826
-651
-331
-255
-256
-122
23
234
452
699
808
741
578
441
500
476
312
102
-107
-303
-394
-336
-305
-342
-424
-389
-272
-15
293
458
509
535
663
755
747
605
363
93
-201
-419
-508
-505
-521
-536
-439
-202
16
130
157
76
-93
-325
-487
-602
-707
-819
-914
-909
-817
-791
-900
-1084
-1161
-1337
-1487
-1525
-1578
-1441
-1528
-1311
-1322
-518
1075
1893
1718
1141
1688
1001
362
1474
2373
1761
306
468
352
-661
-663
-274
-450
-778
-324
252
140
170
-56
-910
-1088
-546
-86
30
500
1002
775
652
735
648
398
236
384
638
1123
1463
1294
893
248
-283
-442
-258
-169
-317
-162
91
138
241
404
340
-117
-445
-263
1
235
375
313
133
-93
-208
-266
-377
-437
-642
-681
-453
-221
-184
-274
-90
28
163
357
597
743
511
420
348
392
395
190
148
-1
-181
-292
-360
-305
-440
-580
-467
-247
96
318
512
661
674
705
611
491
333
118
-54
-233
-311
-330
-320
-325
-374
-274
-142
-94
-32
14
-15
-206
-355
-452
-590
-628
-691
-729
-790
-766
-796
-968
-1077
-1201
-1347
-1481
-1417
-1324
-1331
-1297
-1163
-1259
-664
726
1633
1556
1121
1555
1029
339
1218
2117
1679
375
499
543
-408
-579
-12
-70
-566
-263
256
117
-234
-247
-710
-891
-481
-50
99
308
827
613
417
492
501
324
337
820
1120
1344
1424
1203
698
66
-322
-319
-106
12
-25
122
314
168
20
39
-4
-246
-391
-129
134
237
258
163
-4
-190
-312
-323
-322
-348
-437
-441
-270
-136
-51
-33
141
285
341
481
528
599
323
161
216
167
197
89
32
-104
-305
-373
-405
-411
-422
-433
-265
-5
186
364
475
589
590
541
526
392
237
101
-33
-227
-365
-348
-343
-346
-291
-205
-164
-165
-61
-17
-110
-299
-465
-587
-653
-656
-651
-703
-738
-762
-883
-938
-1035
-1110
-1217
-1331
-1272
-1174
-1118
-1101
-1209
-503
731
1503
1366
984
1383
854
377
1258
2149
1697
511
738
761
-110
-432
140
160
-360
-145
364
254
-302
-369
-693
-779
-579
-223
-101
-13
433
294
261
236
231
192
247
802
1076
1236
1285
1118
836
351
25
26
133
136
46
119
246
-58
-243
-168
-146
-288
-389
-164
-129
-102
15
18
-131
-335
-314
-263
-244
-194
-215
-211
-146
-44
115
238
369
472
515
583
482
369
271
108
9
-65
-33
-12
-58
-136
-223
-282
-377
-395
-377
-352
-209
-23
140
277
387
497
481
455
423
358
249
102
67
-63
-286
-417
-378
-324
-346
-290
-204
-202
-229
-195
-207
-354
-548
-709
-792
-758
-705
-724
-758
-779
-883
-1001
-1066
-1092
-1171
-1275
-1196
-1127
-1043
-961
-942
-456
288
894
785
668
936
746
608
1107
1711
1339
658
736
704
173
-91
381
492
195
268
618
490
-126
-314
-373
-376
-447
-218
-60
-123
-22
67
200
41
-80
-7
134
434
741
1053
1198
1107
900
733
587
455
381
337
361
298
304
169
-10
-108
-227
-363
-475
-450
-469
-524
-390
-236
-297
-482
-491
-408
-486
-506
-270
-97
-92
97
351
464
437
595
704
551
477
407
338
238
224
202
80
-8
-34
-51
-159
-197
-261
-376
-417
-391
-263
-147
-13
149
296
407
484
473
410
353
245
180
151
117
27
-105
-112
-100
-141
-162
-136
-124
-155
-150
-153
-210
-380
-549
-660
-690
-675
-708
-718
-715
-755
-881
-975
-988
-1045
-1119
-1119
-987
-935
-883
-836
-636
-293
49
273
205
351
378
444
614
838
950
603
580
556
591
433
493
692
658
662
661
819
532
192
23
22
39
-81
-13
-68
-134
-200
-148
-76
-227
-263
-239
-32
172
385
613
699
705
614
609
597
568
523
549
627
686
672
567
483
358
185
31
-71
-146
-210
-215
-176
-214
-361
-494
-601
-705
-791
-719
-561
-427
-280
-81
55
39
72
173
217
170
176
249
256
299
333
334
256
149
114
41
34
14
-69
-153
-197
-177
-171
-116
-47
0
61
144
231
238
165
98
31
-14
-84
-128
-154
-194
-172
-113
-44
9
85
95
35
41
67
11
-125
-224
-286
-346
-379
-384
-430
-544
-665
-763
-846
-929
-982
-982
-984
-996
-991
-977
-951
-914
-802
-665
-473
-407
-341
-243
-149
-6
68
214
206
251
342
485
645
696
844
872
970
961
1042
1066
914
871
788
822
665
558
437
257
167
67
67
-29
-122
-216
-240
-197
-190
-117
-85
-72
-147
-144
-88
-53
9
64
160
204
249
332
407
422
346
293
238
182
194
212
200
129
63
9
-63
-107
-173
-201
-197
-171
-78
-29
9
-24
-31
10
4
-15
-43
-16
-52
-49
60
132
147
127
134
112
80
99
84
89
105
151
230
320
370
342
305
298
307
267
188
93
10
-103
-215
-247
-282
-352
-349
-245
-179
-150
-132
-175
-285
-304
-304
-382
-412
-399
-386
-405
-382
-384
-495
-639
-710
-758
-819
-884
-880
-871
-889
-907
-897
-911
-845
-694
-546
-403
-304
-159
-149
-28
132
273
350
350
438
474
665
728
804
853
889
921
846
952
866
781
671
631
602
452
395
253
157
63
51
-2
-106
-173
-272
-280
-288
-215
-145
-79
-34
-24
38
72
107
127
210
324
385
404
491
582
500
400
390
352
229
205
267
223
130
48
-40
-171
-304
-380
-403
-399
-350
-275
-187
-143
-125
-101
-93
-82
-100
-61
-14
65
99
134
243
269
274
261
297
273
229
294
317
332
320
336
359
358
342
289
267
243
200
161
119
48
-69
-185
-234
-273
-343
-356
-269
-171
-115
-51
-18
-71
-140
-147
-184
-267
-317
-317
-344
-387
-392
-464
-582
-697
-787
-860
-913
-942
-986
-1010
-1022
-1020
-1017
-1000
-843
-705
-559
-440
-326
-242
-214
-14
129
257
294
371
447
525
701
746
830
860
926
903
906
964
822
724
647
655
544
429
378
225
132
73
99
3
-119
-202
-249
-236
-238
-158
-134
-108
-91
-32
44
75
115
148
232
290
315
391
483
458
328
271
246
160
112
127
121
37
-8
-64
-151
-225
-285
-334
-343
-275
-231
-178
-145
-140
-154
-137
-93
-90
-73
-66
-40
21
73
133
157
172
165
180
209
208
246
278
279
238
229
236
227
215
184
162
120
79
18
-20
-81
-201
-311
-377
-410
-434
-399
-324
-235
-159
-91
-34
-25
-62
-88
-108
-126
-142
-148
-152
-202
-245
-313
-408
-523
-634
-732
-807
-823
-845
-848
-841
-854
-883
-886
-845
-754
-606
-437
-328
-262
-164
-81
58
167
294
345
415
539
612
761
800
849
881
947
979
985
1006
890
832
756
729
601
485
425
274
222
168
142
22
-82
-136
-173
-144
-143
-67
-22
13
13
36
79
81
116
136
200
203
216
257
293
289
187
122
54
2
-30
-16
-22
-91
-137
-186
-203
-208
-218
-268
-282
-219
-186
-145
-126
-88
-134
-162
-130
-119
-107
-157
-108
-67
-16
48
104
143
135
168
173
205
227
226
219
200
204
205
228
228
200
176
150
127
89
56
-12
-116
-216
-285
-300
-301
-281
-230
-154
-101
-88
-63
-71
-112
-145
-167
-154
-154
-161
-177
-198
-231
-325
-434
-560
-661
-741
-762
-749
-750
-744
-745
-742
-754
-702
-580
-450
-356
-280
-147
-86
43
176
273
300
311
395
414
554
611
695
728
775
859
841
928
812
709
607
600
593
482
482
355
251
140
132
65
-64
-139
-209
-199
-210
-130
-81
-17
22
30
76
104
157
171
223
283
309
300
292
316
268
202
152
89
11
-19
-6
-57
-115
-137
-154
-195
-225
-213
-225
-228
-175
-113
-77
-72
-72
-99
-105
-96
-107
-80
-102
-96
-54
-12
19
15
44
41
67
101
129
136
140
134
111
129
142
150
155
158
126
96
89
56
-15
-101
-179
-245
-284
-295
-284
-269
-261
-238
-186
-161
-166
-180
-202
-207
-197
-164
-144
-134
-145
-195
-232
-286
-386
-514
-597
-639
-659
-647
-634
-630
-655
-658
-646
-567
-431
-343
-329
-254
-117
-25
90
194
243
213
265
325
384
475
515
577
622
693
705
720
720
605
544
540
560
490
462
449
345
283
229
162
28
-28
-51
-86
-85
-93
-75
-73
-28
-17
-33
-34
-15
-1
31
109
145
133
115
161
160
109
77
59
-4
-25
27
20
-43
-120
-148
-195
-209
-211
-215
-211
-186
-159
-114
-50
-93
-98
-88
-65
-35
-15
12
-17
-23
-23
7
19
20
39
85
133
127
130
130
107
67
64
89
93
116
138
146
127
64
0
-50
-106
-181
-248
-299
-335
-366
-384
-365
-367
-395
-398
-362
-309
-291
-288
-279
-249
-227
-212
-194
-204
-226
-241
-236
-262
-324
-370
-416
-450
-465
-486
-483
-499
-508
-496
-462
-363
-290
-247
-216
-123
-41
31
129
185
198
201
270
302
366
423
459
511
551
615
623
639
613
558
554
597
623
600
611
573
508
443
395
316
223
199
170
157
140
114
75
62
56
-2
-14
-2
15
37
114
191
188
192
214
234
228
223
225
202
195
199
199
171
102
31
-32
-79
-109
-115
-123
-119
-111
-100
-107
-147
-177
-196
-200
-207
-202
-192
-187
-186
-183
-170
-161
-152
-139
-109
-73
-43
-8
28
33
29
40
46
54
65
116
153
146
135
86
33
-14
-82
-150
-206
-239
-286
-329
-332
-334
-370
-401
-397
-395
-388
-360
-319
-295
-296
-296
-280
-259
-262
-269
-276
-282
-290
-288
-290
-301
-339
-388
-407
-387
-374
-369
-343
-314
-239
-161
-75
-38
0
46
77
158
222
279
300
353
387
433
488
514
560
574
623
627
645
655
621
624
645
686
669
667
646
572
519
430
363
293
246
213
177
154
85
39
27
8
-46
-84
-82
-69
-6
59
78
60
35
38
41
65
70
44
11
-5
5
-6
-53
-169
-259
-299
-311
-293
-297
-307
-340
-336
-309
-301
-316
-354
-364
-338
-269
-219
-187
-157
-166
-145
-99
-54
-31
-10
11
32
63
89
86
63
67
70
88
118
134
123
111
73
43
0
-32
-74
-126
-146
-170
-185
-215
-237
-289
-307
-325
-324
-313
-299
-252
-221
-177
-180
-173
-157
-148
-117
-114
-109
-104
-83
-65
-69
-88
-137
-196
-229
-201
-198
-210
-218
-228
-217
-205
-168
-158
-145
-139
-113
-74
-31
20
35
75
113
165
198
237
284
310
362
400
439
468
502
543
580
617
624
603
590
595
567
526
474
434
414
381
349
288
205
120
74
67
44
8
-39
-71
-74
-72
-76
-101
-111
-106
-84
-36
-3
-2
-21
-19
-18
-26
-49
-85
-121
-139
-117
-98
-101
-135
-181
-209
-200
-186
-195
-219
-238
-223
-216
-211
-219
-219
-231
-252
-229
-197
-187
-188
-179
-157
-133
-105
-74
-67
-52
-30
-23
9
33
57
60
44
37
16
-2
-14
-23
-28
-39
-64
-90
-119
-156
-177
-191
-196
-186
-174
-152
-136
-140
-145
-139
-135
-104
-66
-45
-19
4
42
63
67
66
53
54
72
73
77
78
85
85
102
102
97
99
99
122
124
143
152
185
217
231
240
244
247
248
256
279
295
285
289
306
322
321
310
328
345
339
340
356
355
324
289
278
266
240
203
153
114
70
36
16
1
-46
-98
-136
-133
-125
-149
-170
-184
-180
-175
-162
-148
-156
-183
-191
-183
-174
-175
-177
-176
-178
-167
-147
-129
-139
-167
-175
-168
-166
-166
-149
-152
-153
-139
-121
-120
-150
-142
-137
-137
-125
-110
-104
-92
-72
-62
-61
-59
-65
-84
-72
-48
-41
-38
-26
-18
-19
-9
-8
-19
-27
-40
-47
-52
-38
-48
-67
-54
-51
-68
-76
-75
-71
-59
-54
-45
-48
-50
-65
-77
-81
-69
-45
-32
-5
9
10
1
-25
-33
-28
-32
-21
-7
-6
-7
8
-1
-10
-4
13
31
45
69
93
109
125
124
126
148
142
142
170
189
195
196
196
200
197
209
220
218
220
216
211
219
229
213
180
156
170
177
166
136
92
63
29
10
5
-17
-58
-91
-98
-92
-111
-134
-152
-166
-169
-152
-118
-105
-118
-123
-107
-89
-89
-101
-99
-105
-116
-102
-87
-107
-125
-125
-123
-113
-127
-132
-127
-131
-126
-112
-108
-126
-129
-114
-100
-82
-53
-48
-63
-33
-5
5
-4
-3
-11
-14
3
35
64
63
83
85
94
101
97
88
78
77
74
67
55
45
24
8
-1
-7
-11
-31
-43
-46
-47
-59
-87
-93
-97
-91
-83
-65
-63
-72
-62
-56
-46
-43
-29
-31
-21
-14
2
11
8
7
-12
-5
5
23
33
44
61
65
78
87
102
105
109
131
142
155
163
159
147
132
133
138
133
142
156
157
157
157
173
166
155
140
129
126
130
141
150
140
117
99
89
79
45
9
-28
-40
-32
-44
-62
-93
-120
-127
-126
-108
-98
-104
-121
-104
-79
-70
-66
-87
-108
-112
-105
-91
-82
-88
-110
-115
-105
-94
-96
-115
-126
-122
-97
-69
-55
-53
-43
-26
-6
12
26
34
28
46
71
76
67
65
59
59
62
65
73
59
57
64
75
83
84
82
85
86
83
83
74
63
43
41
37
24
5
-9
-14
-19
-19
-25
-24
-31
-35
-19
-21
-10
-6
-14
-21
-29
-25
-27
-29
-39
-44
-50
-50
-59
-74
-82
-93
-95
-100
-98
-91
-95
-86
-83
-70
-60
-61
-47
-23
-10
-4
18
28
27
35
40
54
57
55
73
80
84
88
86
90
83
76
80
92
101
111
119
106
91
69
58
46
21
0
-12
-12
-15
-23
-42
-61
-77
-85
-80
-67
-64
-62
-45
-33
-15
-3
-1
-16
-32
-23
-9
-3
-5
-2
-18
-38
-48
-43
-36
-49
-59
-67
-73
-65
-63
-50
-37
-23
-6
3
10
18
27
23
42
65
65
70
71
64
61
54
58
55
43
50
53
57
73
81
66
51
41
27
17
15
12
5
-2
-1
-12
-26
-36
-59
-71
-78
-96
-90
-85
-87
-88
-90
-79
-61
-50
-54
-49
-37
-22
-9
-16
-9
1
-5
-4
-5
-21
-34
-42
-46
-41
-32
-37
-42
-32
-37
-46
-46
-45
-41
-40
-26
-12
-14
-12
-13
-12
-13
-13
-2
0
-1
9
25
26
18
25
23
14
14
24
31
26
17
20
22
17
5
-12
-29
-41
-41
-37
-46
-63
-81
-91
-95
-109
-121
-122
-122
-111
-96
-88
-81
-76
-81
-76
-67
-67
-70
-75
-78
-66
-61
-55
-53
-63
-71
-66
-52
-44
-42
-48
-34
-11
4
18
19
24
39
57
77
90
96
103
103
100
108
118
121
118
112
111
115
112
115
111
101
94
88
84
81
71
70
69
53
35
18
-1
-14
-15
-27
-31
-37
-47
-54
-75
-74
-78
-82
-71
-60
-48
-42
-32
-22
-15
-10
-4
11
20
26
30
24
22
15
15
14
5
-3
-14
-25
-25
-23
-28
-30
-25
-17
-17
-5
3
1
-10
-14
-9
-9
7
15
23
36
44
54
58
60
61
65
74
84
104
106
101
100
88
80
61
45
33
16
-1
-7
-7
-23
-41
-54
-68
-77
-89
-103
-104
-99
-96
-86
-75
-61
-56
-58
-57
-45
-37
-27
-13
-3
11
22
27
26
20
19
25
23
22
26
39
37
42
53
51
47
39
38
31
33
40
43
41
28
23
26
29
29
18
12
2
-1
-2
-3
2
1
12
14
10
6
8
7
-1
3
-1
-12
-19
-22
-22
-30
-42
-41
-49
-60
-55
-46
-43
-45
-43
-40
-31
-22
-17
-4
-4
-7
3
11
17
12
9
12
16
20
20
18
7
9
13
10
17
16
11
10
9
13
18
12
2
0
-2
1
5
4
6
16
28
34
42
43
43
49
61
71
78
89
98
100
100
103
102
88
75
66
63
56
45
37
18
-2
-16
-17
-25
-37
-50
-58
-60
-64
-69
-72
-73
-71
-73
-71
-70
-73
-81
-84
-84
-90
-90
-85
-82
-80
-85
-83
-83
-87
-82
-77
-65
-53
-38
-26
-18
-16
-13
-4
-2
4
7
17
30
31
32
38
46
50
44
45
51
57
66
74
80
89
88
85
82
72
65
60
59
57
50
39
27
19
11
-2
-11
-10
-11
-22
-21
-13
-14
-22
-28
-33
-35
-31
-20
-13
-13
-11
-9
-3
-7
-11
-13
-19
-28
-32
-29
-26
-30
-32
-27
-28
-32
-33
-27
-23
-22
-18
-6
0
-2
2
13
17
23
33
41
45
51
60
65
58
57
64
70
75
81
88
85
76
76
78
64
51
49
45
36
22
15
4
-16
-37
-47
-47
-60
-65
-66
-73
-82
-89
-85
-85
-88
-84
-78
-76
-74
-69
-67
-69
-66
-62
-57
-51
-48
-44
-44
-45
-44
-40
-36
-30
-23
-18
-13
-8
0
6
15
21
31
44
50
52
56
63
71
76
82
86
90
97
103
99
97
94
92
90
93
98
95
86
71
64
50
39
32
22
12
2
-9
-13
-20
-33
-44
-49
-45
-45
-44
-39
-39
-42
-43
-32
-28
-25
-22
-19
-19
-17
-13
-11
-12
-15
-12
-11
-11
-14
-16
-23
-35
-36
-30
-28
-31
-29
-25
-22
-20
-20
-19
-12
-4
0
9
16
15
15
19
24
32
36
43
42
40
48
49
52
50
47
47
51
52
49
45
29
17
12
4
-5
-13
-25
-31
-35
-47
-50
-53
-60
-72
-75
-74
-73
-71
-72
-69
-67
-60
-52
-50
-51
-49
-46
-48
-41
-35
-28
-25
-21
-17
-14
-11
-14
-11
-5
3
13
22
31
37
37
46
58
66
68
70
80
88
86
86
89
83
78
79
82
82
78
74
71
67
58
55
52
48
40
35
32
30
21
10
3
-1
-4
-8
-12
-17
-24
-28
-28
-27
-30
-36
-36
-30
-29
-28
-26
-21
-22
-23
-20
-20
-17
-16
-18
-24
-24
-23
-26
-32
-41
-45
-45
-46
-45
-45
-44
-44
-44
-41
-38
-36
-33
-32
-25
-19
-14
-16
-14
-12
-9
-6
-2
5
7
5
8
11
13
6
1
2
1
4
8
7
5
-1
-4
-6
-8
-7
-8
-12
-13
-14
-18
-19
-23
-31
-34
-30
-27
-25
-24
-24
-22
-21
-18
-14
-13
-10
-5
-2
0
5
4
1
4
7
10
12
16
20
19
