-14
-13
-16
-25
-31
-35
-39
-32
-25
-20
-23
-24
-26
-31
-34
-44
-53
-63
-62
-69
-76
-82
-92
-94
-104
-100
-111
-115
-119
-118
-113
-110
-98
-105
-100
-99
-89
-86
-76
-73
-81
-77
-84
-83
-87
-74
-67
-55
-41
-24
-9
-6
5
3
7
10
19
20
22
24
31
39
48
57
59
64
69
84
94
103
103
105
107
115
126
134
145
153
165
170
174
170
162
150
145
144
139
138
131
125
112
105
98
97
96
97
96
92
91
91
96
94
91
75
58
36
22
9
-8
-30
-62
-84
-106
-111
-115
-114
-121
-121
-124
-134
-143
-159
-172
-186
-195
-204
-216
-239
-260
-273
-281
-291
-308
-322
-332
-333
-327
-313
-311
-316
-317
-301
-292
-282
-281
-285
-284
-275
-248
-231
-211
-203
-161
-96
-10
61
109
153
183
230
271
319
329
325
321
338
371
388
400
389
387
378
394
398
376
333
288
267
242
230
203
176
141
131
142
158
158
136
120
114
141
161
187
204
217
233
267
306
323
323
314
320
315
317
309
287
258
237
226
206
181
137
92
55
26
-12
-45
-83
-123
-162
-173
-166
-163
-172
-179
-187
-204
-212
-215
-226
-251
-265
-271
-269
-266
-268
-269
-271
-274
-287
-296
-299
-314
-332
-347
-364
-387
-419
-450
-487
-521
-557
-588
-608
-634
-643
-658
-640
-642
-590
-444
-279
-149
-112
-22
-16
63
165
260
286
215
209
174
285
336
407
390
372
384
404
528
503
455
307
277
247
208
184
99
26
-71
-21
-2
4
-56
-129
-156
-155
-85
-57
-31
-58
-49
6
127
242
256
240
238
263
249
286
295
251
189
168
189
186
184
145
93
41
34
23
13
-8
-45
-74
-84
-48
-37
-9
11
14
10
26
68
66
69
60
67
75
100
125
130
136
122
134
129
137
120
89
52
35
43
32
43
17
-8
-33
-42
-49
-67
-95
-138
-167
-185
-203
-227
-225
-227
-228
-221
-205
-186
-196
-225
-241
-245
-274
-302
-341
-380
-420
-453
-486
-532
-578
-634
-670
-693
-726
-767
-812
-830
-846
-800
-633
-438
-277
-222
-110
-72
20
137
241
291
201
184
112
207
232
294
299
276
309
324
460
449
436
302
261
264
234
226
136
76
-27
-1
31
38
2
-51
-56
-59
15
49
69
56
77
143
244
377
430
421
412
439
433
436
438
391
329
308
323
327
313
293
260
217
210
212
193
161
125
77
64
67
84
73
55
41
18
21
12
8
-7
-2
5
20
54
94
119
127
150
148
145
137
131
95
41
15
-17
-28
-34
-27
-24
-31
-24
-22
-18
-23
-22
-58
-83
-113
-149
-163
-189
-207
-223
-230
-245
-256
-268
-285
-291
-311
-319
-339
-367
-382
-394
-418
-461
-495
-532
-577
-620
-650
-662
-673
-617
-475
-283
-134
-35
54
78
166
258
393
435
412
385
348
410
433
503
495
505
495
531
611
596
545
391
334
275
268
229
172
113
24
62
86
111
51
-4
-36
-29
23
46
77
67
89
138
249
367
400
386
375
391
396
413
389
328
253
219
238
243
228
174
125
103
102
81
8
-77
-156
-200
-207
-189
-207
-225
-256
-223
-171
-141
-124
-155
-162
-166
-100
-69
-50
-48
-60
-25
31
103
86
78
36
26
29
14
0
-51
-79
-90
-41
-24
-30
-49
-83
-73
-61
-35
-42
-70
-111
-124
-97
-85
-82
-107
-143
-152
-140
-120
-116
-140
-180
-215
-240
-254
-257
-279
-310
-337
-379
-425
-467
-505
-561
-599
-626
-654
-661
-662
-652
-594
-487
-345
-220
-125
-43
21
86
169
246
286
319
319
330
349
369
397
403
442
460
503
516
514
481
418
404
359
310
245
193
139
84
78
51
30
6
-9
-26
-17
20
45
87
126
170
190
226
277
302
307
306
303
279
275
277
273
267
234
210
189
185
177
142
107
75
39
2
-18
-41
-87
-123
-144
-152
-163
-169
-178
-186
-179
-160
-116
-112
-117
-132
-139
-117
-90
-67
-68
-71
-83
-67
-47
-40
-64
-91
-106
-118
-109
-114
-128
-148
-149
-123
-99
-77
-76
-82
-85
-79
-71
-73
-86
-112
-131
-138
-122
-103
-98
-94
-96
-108
-114
-120
-126
-140
-168
-197
-224
-243
-279
-318
-343
-375
-385
-396
-411
-422
-450
-467
-491
-527
-560
-564
-575
-554
-500
-435
-335
-215
-91
18
127
212
286
338
382
416
438
462
479
497
513
534
563
589
616
639
635
583
523
449
384
328
260
192
115
69
41
42
40
33
21
25
39
50
65
51
56
46
71
108
120
127
123
127
127
132
133
101
78
72
69
72
63
34
-7
-37
-50
-67
-96
-117
-130
-146
-122
-115
-111
-118
-138
-139
-109
-64
-60
-59
-70
-52
-24
15
31
36
22
-3
11
6
13
-6
-35
-67
-69
-59
-55
-34
-31
-19
-21
10
31
28
22
15
19
16
22
12
5
3
-5
-5
3
14
-10
-31
-50
-78
-96
-131
-164
-211
-250
-273
-283
-308
-338
-343
-369
-377
-393
-412
-425
-443
-454
-468
-483
-495
-509
-500
-485
-471
-445
-407
-356
-293
-224
-133
-36
43
143
239
328
387
428
456
479
513
537
552
553
551
551
574
587
585
551
495
441
376
330
267
188
113
69
35
23
-4
-41
-66
-95
-79
-73
-63
-63
-68
-51
-18
27
67
88
109
137
149
164
162
155
133
105
90
81
67
55
30
2
-7
-22
-28
-29
-44
-82
-112
-135
-154
-155
-160
-167
-163
-149
-123
-71
-28
5
29
51
74
94
109
97
78
63
62
77
91
107
108
90
91
102
115
114
103
95
95
100
109
108
94
87
90
94
111
119
108
92
74
54
46
34
15
-6
-26
-35
-39
-61
-83
-104
-149
-170
-210
-250
-293
-340
-365
-383
-394
-401
-406
-406
-406
-411
-410
-407
-419
-435
-457
-474
-489
-491
-471
-458
-431
-375
-290
-199
-119
-33
42
113
180
240
297
333
360
368
370
365
359
357
362
358
347
320
298
262
215
173
129
91
42
-14
-64
-101
-141
-168
-194
-187
-165
-148
-129
-108
-94
-70
-19
54
121
166
203
226
265
287
289
293
278
239
214
197
183
157
122
103
95
89
77
56
42
15
-2
-12
-34
-37
-67
-94
-85
-56
-28
5
38
57
85
108
135
146
149
154
140
125
126
134
114
114
118
119
135
139
139
140
136
131
128
122
107
83
63
49
36
17
-1
-24
-12
35
77
80
24
-19
-68
-91
-66
-70
-78
-120
-190
-236
-278
-300
-302
-336
-366
-395
-409
-424
-442
-461
-473
-456
-444
-434
-429
-423
-427
-436
-437
-438
-422
-381
-330
-252
-141
-47
51
157
277
382
442
498
537
566
550
520
482
439
400
348
306
265
228
178
103
54
0
-54
-112
-192
-261
-328
-384
-432
-460
-471
-465
-433
-389
-315
-238
-161
-81
4
99
183
257
311
346
382
409
429
446
426
391
363
328
296
266
218
178
148
129
120
90
47
-12
-57
-91
-118
-153
-190
-198
-205
-195
-162
-122
-95
-45
29
92
159
216
262
278
278
275
244
219
183
157
118
78
62
45
30
45
58
56
61
52
65
69
54
34
25
33
13
-13
-14
-32
-57
-73
-84
-75
-76
-61
-46
-65
-71
-92
-130
-165
-195
-230
-270
-297
-330
-365
-397
-432
-465
-501
-533
-553
-588
-604
-633
-660
-687
-703
-660
-558
-422
-300
-143
59
243
406
600
788
899
933
962
955
901
823
732
623
508
435
363
313
257
202
131
52
23
-40
-137
-276
-396
-496
-603
-682
-749
-775
-788
-754
-649
-493
-314
-139
49
224
388
515
609
672
680
680
644
611
571
521
462
404
380
355
344
302
259
194
129
77
11
-69
-173
-250
-326
-375
-404
-428
-440
-410
-337
-212
-102
14
142
266
427
519
611
636
633
603
528
473
349
244
132
51
-4
-36
-57
-88
-104
-118
-93
-114
-117
-150
-191
-214
-223
-206
-227
-208
-184
-169
-126
-75
-5
48
101
129
158
150
110
65
-21
-76
-138
-195
-267
-342
-416
-490
-533
-585
-650
-731
-812
-888
-922
-977
-1032
-1067
-1108
-1085
-891
-581
-332
-112
182
544
783
1082
1422
1586
1530
1404
1385
1212
1060
888
679
495
398
392
306
289
241
115
-101
-222
-343
-611
-887
-1112
-1224
-1327
-1317
-1239
-1087
-854
-597
-267
87
429
677
834
953
1057
1120
1110
1038
921
822
755
693
662
635
599
527
429
360
259
97
-120
-315
-479
-644
-766
-843
-866
-850
-777
-658
-506
-344
-192
-55
48
207
326
389
519
616
740
749
858
949
867
891
744
590
372
133
-91
-361
-554
-732
-877
-918
-814
-749
-619
-490
-355
-240
-186
-90
-124
-112
-128
-179
-167
-129
-80
-58
30
118
168
203
231
194
104
-11
-166
-322
-479
-623
-772
-903
-964
-1056
-1113
-1141
-1195
-1309
-1405
-1514
-1626
-1773
-1837
-1850
-1784
-1069
-396
178
517
1256
1855
1916
2463
2745
2720
1993
1637
1370
853
649
366
192
-69
166
216
174
220
94
-331
-918
-1005
-1280
-1559
-1850
-1848
-1636
-1309
-784
-356
164
583
890
1120
1413
1590
1542
1373
1251
1258
1296
1312
1226
1088
969
793
580
365
79
-275
-663
-917
-1042
-1084
-1100
-1074
-948
-734
-480
-247
-19
107
153
127
145
206
221
222
210
334
490
668
899
1020
1131
1093
1035
882
655
474
110
-133
-379
-540
-626
-670
-587
-558
-520
-461
-362
-320
-241
-232
-190
-144
-111
0
40
184
260
333
394
401
376
272
162
12
-130
-253
-324
-367
-330
-291
-261
-217
-226
-275
-389
-536
-673
-870
-1060
-1185
-1291
-1328
-1415
-1431
-1455
-1473
-1515
-1586
-1657
-1487
-662
64
536
762
1565
1954
1926
2505
2780
2566
1548
1265
947
473
304
126
-28
-272
67
63
10
-66
-230
-895
-1464
-1420
-1524
-1572
-1675
-1337
-916
-369
175
565
918
1084
1091
1066
1213
1278
1248
1100
1117
1265
1461
1543
1354
987
597
157
-301
-672
-1004
-1259
-1513
-1454
-1184
-834
-543
-342
-150
14
133
165
190
128
80
22
151
356
537
663
692
793
762
696
580
469
320
99
-7
-85
-53
-57
-24
23
-9
-36
-153
-203
-309
-417
-556
-590
-509
-403
-214
-74
118
230
322
343
317
247
97
-21
-138
-172
-205
-230
-242
-233
-232
-234
-203
-210
-217
-254
-298
-309
-315
-329
-381
-450
-547
-669
-755
-854
-949
-1051
-1176
-1328
-1431
-1548
-1669
-1869
-1971
-2080
-1837
-665
320
979
1139
1998
2404
2202
2792
2904
2550
1294
951
695
302
302
187
22
-271
113
35
-114
-369
-623
-1352
-1895
-1621
-1505
-1343
-1320
-801
-271
291
757
944
1047
983
891
839
1081
1294
1384
1281
1320
1522
1649
1536
1030
341
-234
-745
-1165
-1402
-1493
-1442
-1386
-1077
-609
-207
-8
10
-10
9
0
49
156
220
352
465
704
919
982
854
565
349
86
-133
-367
-431
-270
-154
25
169
479
470
367
378
191
35
-246
-327
-389
-330
-228
-146
11
193
360
320
355
311
234
93
76
112
99
166
136
178
203
183
22
-184
-313
-455
-543
-498
-366
-225
-55
77
140
157
60
-148
-486
-818
-1009
-1234
-1298
-1394
-1333
-1311
-1336
-1340
-1467
-1491
-1865
-1938
-2129
-1246
100
1016
1473
1720
2842
2574
2760
3093
2942
1956
668
666
143
78
-35
-60
-386
-298
18
-199
-359
-681
-1036
-1898
-1767
-1358
-998
-810
-528
119
572
1079
1192
1242
1127
947
796
1002
1380
1561
1538
1385
1422
1358
1168
638
-151
-864
-1302
-1545
-1648
-1501
-1177
-876
-631
-262
61
185
127
1
-108
-103
31
281
475
670
834
902
956
807
547
115
-272
-558
-701
-753
-646
-302
-100
260
445
725
629
444
423
59
-24
-251
-260
-271
-215
-86
-96
-33
-31
-65
-163
-65
-59
-41
-23
125
301
322
396
289
163
-33
-251
-431
-592
-700
-780
-740
-531
-297
-98
33
53
-18
-161
-374
-597
-851
-1174
-1302
-1380
-1310
-1264
-1271
-1280
-1448
-1552
-1640
-1915
-2088
-2263
-2157
-651
808
1917
1982
2542
3212
2516
2939
2925
2499
962
36
123
-293
-8
-28
-191
-620
-339
-223
-420
-635
-927
-1449
-2083
-1425
-838
-289
-172
80
586
889
1172
1062
990
806
628
671
1156
1595
1749
1562
1228
1087
860
480
-226
-1023
-1528
-1733
-1672
-1404
-1047
-653
-408
-227
63
235
229
71
-30
54
178
479
825
971
974
816
654
409
61
-312
-714
-938
-987
-834
-548
-142
155
344
437
470
476
320
359
223
148
171
158
272
295
319
165
13
-60
-98
-165
-94
24
160
328
480
678
718
642
387
140
-68
-302
-478
-535
-532
-475
-376
-173
45
171
213
96
-3
-153
-332
-567
-719
-891
-1064
-1163
-1203
-1198
-1321
-1443
-1639
-1812
-1964
-2085
-2265
-2254
-2291
-1397
483
1867
2465
2312
3079
2777
2326
2811
2672
1850
246
123
-83
-198
-15
-205
-704
-1069
-707
-762
-779
-855
-946
-1608
-1553
-677
-14
332
262
639
911
1174
1222
1155
1059
856
712
886
1361
1622
1537
1043
698
580
431
1
-672
-1215
-1437
-1456
-1188
-829
-502
-262
-213
-28
212
406
346
204
259
449
601
792
983
909
612
219
8
-230
-541
-845
-1106
-1088
-982
-658
-338
70
363
392
493
487
647
508
503
527
375
397
227
196
53
-114
-325
-445
-433
-321
-236
-96
179
306
455
470
541
461
290
96
-149
-243
-315
-398
-456
-470
-423
-398
-347
-166
-41
-9
-44
-81
-134
-300
-503
-770
-1033
-1297
-1443
-1550
-1682
-1660
-1779
-1826
-1957
-1952
-1967
-2149
-2096
-1020
886
2196
2455
2465
3160
2581
2375
2827
2771
1679
20
27
-351
-296
-209
-462
-1011
-1271
-897
-1007
-940
-900
-1029
-1742
-1409
-444
351
641
539
851
997
1276
1222
1121
986
725
564
831
1340
1547
1343
675
339
247
239
-113
-802
-1204
-1356
-1264
-964
-478
-154
-123
-155
105
460
654
601
363
388
536
644
732
726
556
74
-363
-478
-505
-620
-908
-1022
-907
-653
-564
-20
363
442
467
311
795
476
824
780
465
643
270
392
49
55
-235
-581
-589
-344
-207
-94
92
136
401
357
508
292
262
122
-166
-163
-198
-191
-334
-362
-371
-394
-348
-249
-234
-55
27
2
-58
-99
-252
-607
-971
-1172
-1367
-1612
-1652
-1751
-1784
-1803
-1835
-1836
-1935
-1923
-1989
-1661
257
1946
2820
2624
2971
3191
2136
2564
2776
2348
735
-101
13
-365
-110
-273
-785
-1419
-1235
-1104
-1131
-929
-701
-1062
-1477
-561
400
1025
941
949
1134
1209
1323
1240
1202
1038
831
788
1176
1508
1514
951
274
33
31
100
-284
-760
-973
-996
-815
-444
-54
71
-129
-239
129
537
738
622
459
506
585
730
761
600
291
-216
-576
-646
-569
-607
-856
-895
-708
-104
228
321
293
254
346
102
522
652
524
400
131
276
175
136
-123
-443
-481
-468
-451
-267
-63
-27
-50
-27
226
275
242
89
-53
51
44
-49
-189
-214
-236
-382
-369
-287
-288
-244
-206
-131
-7
-11
-158
-407
-655
-809
-1093
-1394
-1535
-1600
-1619
-1680
-1730
-1723
-1803
-1850
-1967
-1920
-1786
-1269
519
2081
2847
2556
2756
2765
1760
2159
2439
2107
684
14
159
-352
-247
-456
-955
-1603
-1518
-1228
-1190
-850
-544
-746
-1092
-351
480
967
925
941
1145
1158
1273
1254
1276
1054
759
693
960
1178
1110
681
44
-198
-150
9
-239
-705
-909
-980
-846
-526
-141
8
-141
-204
104
532
772
691
485
506
548
653
686
520
185
-333
-600
-658
-582
-575
-710
-827
-697
-300
200
390
240
251
131
179
273
648
831
496
428
202
141
28
-235
-516
-716
-620
-419
-209
66
254
140
78
135
283
258
77
-39
-52
58
52
-54
-96
-149
-298
-379
-312
-202
-196
-172
-165
-199
-179
-288
-510
-740
-939
-1139
-1348
-1468
-1446
-1459
-1540
-1652
-1686
-1621
-1492
-1475
-1451
-1359
-1028
514
2089
2878
2605
2428
2417
1402
1694
2383
2135
934
63
239
-277
-388
-377
-936
-1656
-1717
-1186
-990
-658
-368
-522
-972
-504
382
808
854
771
1014
1092
1187
1262
1235
1046
656
564
832
1160
1180
811
140
-243
-195
-126
-332
-792
-978
-992
-885
-477
-67
105
-48
-190
13
395
644
621
524
572
671
706
738
565
161
-350
-690
-652
-489
-376
-395
-378
-180
63
113
90
24
-101
-135
4
397
607
737
672
395
298
151
24
-177
-274
-231
-234
-98
83
194
189
115
43
70
137
129
70
41
134
133
79
40
21
-16
-83
-77
-96
-90
-122
-128
-113
-139
-234
-414
-597
-788
-934
-1120
-1319
-1435
-1442
-1406
-1428
-1424
-1366
-1359
-1425
-1419
-1454
-1376
-1267
-601
1066
2296
2591
2146
2107
1806
1030
1714
2246
1729
648
349
406
-358
-444
-503
-1163
-1814
-1511
-826
-703
-482
-396
-666
-927
-381
289
510
624
685
837
916
1186
1289
1103
890
807
924
1137
1382
1270
701
-26
-244
-194
-246
-516
-856
-879
-801
-580
-361
-226
-206
-328
-360
-64
331
564
622
623
718
676
624
516
227
-151
-466
-505
-327
-208
-205
-254
-256
-236
-304
-226
-224
-301
-258
-69
224
474
671
581
319
171
-1
-96
-146
-161
-170
-188
-68
-3
44
6
-84
-126
-60
26
40
57
64
78
32
12
-49
-87
-82
-96
-124
-120
-121
-183
-238
-264
-264
-340
-430
-603
-811
-980
-1149
-1251
-1319
-1312
-1259
-1314
-1359
-1352
-1435
-1523
-1547
-1483
-1369
-1238
-813
448
1862
2415
2080
1870
1779
1092
1277
2375
2538
1528
805
854
301
-440
-376
-618
-1310
-1492
-943
-452
-340
-276
-657
-1118
-874
-238
175
463
751
806
815
1064
1304
1174
928
858
913
1161
1413
1442
1092
454
-29
-167
-118
-208
-511
-676
-647
-615
-487
-360
-324
-393
-460
-196
171
445
533
526
573
471
336
252
202
4
-204
-224
-119
-78
-69
-67
-189
-250
-333
-355
-338
-146
42
14
151
344
389
246
137
90
-35
-77
-25
29
32
-30
-115
-136
-55
19
16
56
146
184
179
165
155
106
66
21
-20
-29
-15
-11
-21
-42
-134
-210
-223
-227
-265
-383
-525
-742
-974
-1053
-1062
-1106
-1173
-1219
-1184
-1228
-1317
-1354
-1476
-1538
-1560
-1399
-1182
-965
-718
168
1455
2099
1882
1596
1720
1123
1021
2063
2500
1454
398
383
-127
-979
-839
-473
-1009
-1214
-557
-40
-85
-111
-166
-737
-674
13
562
756
1020
1162
858
806
866
776
492
526
749
836
1080
1157
931
453
126
87
84
133
21
-63
-44
-84
-201
-205
-172
-261
-310
-124
153
191
147
113
131
62
-62
-105
-80
-34
-52
-38
5
47
42
67
108
110
15
-136
-101
0
28
-28
-75
-108
-123
-134
-112
-55
-12
-3
-59
-54
-81
-152
-224
-217
-148
-43
57
90
125
122
103
36
-13
-19
25
84
92
88
78
56
29
-23
-141
-235
-319
-360
-385
-456
-583
-781
-929
-1045
-1006
-959
-1000
-1094
-1176
-1221
-1319
-1329
-1307
-1300
-1284
-1154
-994
-823
-524
230
1122
1617
1612
1608
1664
1337
1331
1908
2125
1348
631
427
-25
-660
-598
-250
-480
-664
-440
-227
-431
-534
-458
-605
-537
-141
352
546
714
840
662
499
403
444
499
713
978
1084
1147
1115
933
603
369
326
350
306
247
177
25
-217
-416
-399
-403
-479
-459
-252
-80
-61
-79
-79
-73
-129
-132
-79
101
202
110
70
246
294
168
128
205
130
-68
14
74
-30
-143
-130
-145
-174
-79
80
93
51
86
44
-4
-88
-124
-130
-177
-138
-53
55
96
67
12
19
57
58
103
164
225
242
209
167
133
67
18
-36
-92
-152
-270
-374
-468
-560
-665
-782
-827
-818
-851
-862
-940
-1018
-1094
-1095
-1065
-1059
-992
-990
-944
-973
-931
-934
-786
-176
530
1044
1098
1226
1239
953
942
1370
1627
1129
776
789
611
111
28
319
40
-290
-206
16
-225
-481
-285
-294
-493
-468
-88
60
-16
161
337
309
136
217
425
554
757
963
1124
1122
1057
919
777
701
668
616
473
375
209
-31
-249
-316
-357
-530
-621
-528
-378
-349
-316
-273
-294
-362
-386
-290
-192
-117
-63
39
195
289
282
244
143
10
-61
-50
-29
-80
-71
-27
24
24
57
58
-37
-138
-158
-103
-145
-177
-208
-251
-336
-373
-353
-352
-314
-265
-176
-59
58
128
132
166
230
266
269
282
350
348
313
250
128
-20
-137
-170
-216
-250
-312
-400
-490
-549
-583
-678
-791
-848
-823
-782
-713
-661
-668
-728
-808
-856
-866
-844
-858
-856
-746
-476
-161
68
98
25
11
29
174
387
571
579
516
564
608
593
520
524
549
593
709
889
944
717
469
340
356
316
222
153
50
2
10
81
36
-71
-117
-106
4
176
344
351
324
333
360
341
282
270
213
173
167
201
208
184
182
208
267
263
222
183
140
100
63
60
85
83
34
13
17
-71
-187
-296
-351
-432
-486
-439
-392
-340
-277
-145
-71
-39
26
125
177
162
225
313
353
304
274
222
104
-2
-66
-40
-55
-79
-58
-15
16
16
-17
-44
-33
-19
40
95
113
90
37
-6
-99
-219
-288
-275
-246
-251
-252
-252
-323
-429
-490
-562
-671
-737
-706
-654
-616
-591
-591
-672
-779
-861
-883
-892
-901
-871
-769
-557
-332
-180
-171
-188
-177
-61
158
379
523
527
587
670
813
868
840
842
848
944
1025
1170
1148
934
702
573
548
449
375
234
136
85
80
91
-20
-113
-205
-169
-87
26
94
40
19
69
162
160
151
138
128
125
137
216
251
288
293
338
410
391
345
287
262
193
118
126
147
110
19
-23
-83
-194
-329
-415
-430
-447
-425
-383
-323
-299
-303
-261
-205
-139
-37
83
168
194
224
299
307
242
185
123
62
6
3
44
33
0
-14
-53
-118
-155
-154
-109
-40
36
83
94
102
82
40
-14
-79
-176
-238
-218
-208
-266
-329
-346
-388
-446
-491
-503
-557
-636
-604
-567
-544
-544
-583
-622
-688
-725
-776
-827
-892
-901
-829
-719
-523
-354
-250
-272
-227
-130
18
235
410
495
531
626
681
755
773
768
748
778
857
922
960
820
634
500
462
436
346
280
197
149
139
154
114
13
-70
-150
-142
-94
-63
-82
-90
-41
8
54
94
116
119
110
107
155
194
296
374
388
385
370
373
329
275
205
115
43
54
59
-4
-95
-210
-316
-407
-413
-396
-391
-392
-402
-351
-293
-250
-264
-221
-122
5
174
303
369
324
300
298
269
238
192
161
137
129
128
131
58
-44
-119
-183
-186
-155
-102
-69
-29
-1
2
8
-28
-66
-109
-131
-168
-196
-191
-175
-191
-254
-250
-277
-329
-353
-370
-411
-467
-463
-460
-479
-485
-506
-546
-590
-637
-708
-812
-884
-891
-866
-829
-789
-661
-470
-288
-233
-248
-169
-60
68
228
431
513
551
636
732
783
732
704
697
758
814
866
862
711
589
536
550
492
406
356
271
250
284
300
184
45
-24
-26
-9
-50
-70
-65
-33
-37
28
116
88
52
38
118
159
216
281
316
373
367
400
404
362
263
179
168
138
88
-2
-55
-130
-242
-324
-374
-397
-434
-414
-390
-394
-403
-357
-320
-299
-215
-100
44
127
182
197
179
171
155
151
131
108
90
101
138
132
82
12
-75
-118
-104
-54
12
38
79
114
134
149
137
97
32
16
-3
-34
-36
-38
-31
-100
-144
-180
-237
-262
-282
-280
-314
-319
-288
-278
-311
-365
-414
-469
-501
-534
-579
-646
-693
-700
-741
-744
-710
-716
-720
-624
-433
-294
-233
-190
-136
-37
102
267
387
442
455
486
579
644
688
742
789
821
824
841
822
709
600
532
508
469
406
386
372
346
293
245
196
95
4
3
5
-7
4
81
168
149
90
63
69
91
133
217
269
263
302
370
412
351
253
176
135
166
188
132
21
-44
-118
-206
-249
-296
-364
-419
-408
-357
-324
-305
-322
-324
-274
-155
-52
4
18
4
23
26
47
52
38
32
51
74
87
55
0
-50
-112
-111
-113
-74
-32
15
67
72
111
75
31
4
-19
-14
-27
-81
-119
-128
-134
-181
-249
-298
-354
-380
-398
-388
-391
-416
-396
-370
-373
-407
-441
-447
-460
-465
-450
-487
-513
-554
-567
-586
-610
-618
-653
-659
-642
-559
-399
-274
-245
-202
-112
4
107
231
342
374
415
490
611
691
740
777
795
800
817
839
798
717
623
602
554
515
470
413
351
262
256
233
157
101
95
96
36
28
93
108
61
23
24
28
59
129
197
210
202
194
250
280
239
218
185
227
240
243
217
137
55
-29
-37
-79
-137
-233
-291
-322
-305
-263
-290
-278
-283
-228
-168
-88
-37
-34
-34
-29
25
65
95
73
76
65
65
44
-18
-49
-111
-143
-148
-113
-43
-2
28
52
77
91
70
78
80
71
28
-23
-26
-93
-154
-228
-298
-345
-413
-433
-452
-457
-472
-455
-406
-391
-390
-378
-349
-347
-332
-306
-285
-266
-291
-285
-280
-289
-332
-393
-434
-533
-594
-587
-549
-525
-496
-444
-380
-280
-209
-148
-76
-19
29
132
277
360
400
455
488
509
582
648
702
715
714
740
754
760
679
620
577
504
461
476
450
364
334
303
240
157
122
98
45
22
19
31
61
59
32
41
36
57
108
166
223
259
322
365
349
298
236
210
192
182
162
134
89
27
-24
-108
-168
-226
-241
-231
-197
-127
-102
-80
-110
-141
-156
-154
-168
-189
-160
-124
-100
-104
-76
-100
-146
-161
-147
-143
-147
-90
-7
56
91
119
147
134
113
131
135
127
101
82
48
-21
-59
-127
-195
-244
-298
-329
-341
-362
-362
-343
-343
-333
-334
-334
-335
-314
-290
-275
-246
-231
-253
-230
-223
-254
-262
-271
-297
-371
-397
-382
-404
-434
-442
-456
-475
-467
-431
-397
-424
-440
-400
-333
-267
-200
-72
30
71
140
206
280
306
352
444
512
537
603
661
658
694
697
718
693
692
683
644
625
524
424
328
256
185
140
112
66
54
41
19
-22
-41
-96
-96
-34
2
57
95
153
161
178
195
176
156
155
200
199
204
193
166
86
41
42
36
58
97
135
150
151
101
32
-68
-147
-204
-208
-172
-150
-123
-139
-170
-188
-217
-256
-281
-273
-236
-177
-74
16
40
44
56
72
98
124
168
195
200
202
191
168
98
15
-50
-101
-148
-155
-184
-241
-271
-269
-273
-295
-304
-299
-288
-274
-242
-211
-196
-192
-191
-173
-159
-133
-140
-149
-161
-193
-206
-213
-214
-243
-248
-245
-260
-254
-238
-235
-254
-250
-232
-206
-168
-132
-93
-64
-62
-81
-93
-70
-48
-29
13
82
131
134
165
193
196
218
243
283
303
326
361
358
355
336
296
271
249
213
217
218
235
223
194
202
175
175
165
164
178
196
230
239
218
162
116
54
37
15
-4
16
22
20
0
-5
-13
-69
-86
-43
-13
27
84
130
129
101
112
108
98
94
111
134
132
141
135
89
37
8
-11
-47
-60
-24
-2
7
13
15
27
5
-13
-22
-23
-10
-6
10
-20
-52
-84
-151
-205
-246
-273
-302
-318
-306
-274
-258
-274
-271
-237
-225
-209
-177
-145
-121
-95
-78
-76
-58
-59
-69
-85
-78
-73
-125
-156
-137
-128
-151
-157
-160
-190
-225
-224
-194
-178
-159
-148
-138
-115
-87
-94
-106
-112
-121
-95
-65
-5
52
71
112
132
163
192
182
188
209
242
253
245
261
253
224
224
199
155
104
56
40
24
15
4
-28
-86
-131
-143
-146
-142
-134
-105
-72
-58
-54
-47
-66
-88
-85
-51
-26
-2
22
46
89
94
86
89
84
76
91
120
143
165
167
152
141
144
143
130
130
142
135
121
126
120
84
33
13
19
12
11
40
74
96
98
85
92
83
66
70
105
151
164
151
144
110
71
53
7
-35
-82
-135
-145
-147
-134
-134
-151
-155
-142
-137
-158
-157
-138
-126
-114
-82
-45
-22
-14
3
4
-11
-21
-43
-55
-53
-42
-31
-42
-51
-67
-86
-86
-85
-72
-51
-46
-44
-37
-11
-3
-11
-17
-8
11
38
74
127
149
147
153
158
158
146
159
160
182
212
236
253
253
256
247
222
197
186
159
121
113
116
110
65
9
-60
-117
-146
-151
-139
-153
-159
-177
-182
-199
-226
-250
-269
-273
-250
-223
-216
-206
-218
-227
-238
-249
-258
-268
-260
-224
-195
-173
-141
-127
-126
-123
-80
-48
-24
22
51
73
93
104
84
46
53
57
38
37
59
83
86
102
120
130
124
142
172
182
198
213
215
212
196
184
146
93
60
33
2
-14
-8
-26
-45
-54
-57
-53
-45
-52
-41
-18
10
21
18
26
24
21
15
5
-7
-6
-5
-7
-5
23
14
-22
-26
-30
-52
-66
-69
-54
-47
-54
-47
-60
-50
-48
-53
-58
-51
-43
-32
-6
7
31
45
38
24
42
42
26
45
70
100
116
137
148
169
169
157
160
164
176
167
151
139
140
111
51
21
0
-19
-61
-67
-67
-86
-91
-96
-104
-153
-167
-177
-194
-204
-195
-192
-197
-190
-186
-195
-223
-232
-219
-207
-181
-145
-105
-83
-62
-37
-40
-33
-20
-12
0
26
44
41
20
14
31
19
12
21
42
58
87
127
149
167
173
181
180
197
207
212
241
248
241
217
190
168
134
105
71
47
31
16
20
17
7
-13
-31
-43
-48
-44
-52
-40
-37
-30
-20
-22
-20
-33
-42
-37
-40
-34
-14
2
6
25
14
-7
-29
-42
-31
-39
-21
-19
-24
-44
-61
-65
-73
-86
-103
-112
-111
-100
-101
-88
-79
-56
-51
-41
-29
-25
-5
2
20
43
54
60
79
89
85
81
79
81
73
83
101
91
71
55
44
7
-25
-38
-55
-54
-50
-57
-68
-76
-82
-90
-106
-113
-114
-118
-112
-100
-81
-77
-86
-94
-102
-105
-99
-90
-81
-82
-64
-44
-32
-24
-33
-24
-19
-5
12
18
36
39
25
26
24
14
5
-6
5
17
43
91
119
138
133
138
148
148
167
180
196
197
201
200
176
159
131
92
63
59
60
49
26
20
8
-17
-31
-38
-30
-38
-51
-51
-40
-29
-51
-68
-75
-68
-80
-81
-65
-74
-86
-85
-52
-35
-52
-52
-30
-22
-26
-18
-8
-20
-32
-29
-12
-22
-37
-49
-54
-62
-79
-73
-68
-65
-65
-54
-41
-42
-34
-34
-42
-31
1
22
32
57
70
88
94
110
141
142
141
147
149
150
144
126
112
76
52
55
55
42
13
6
2
-14
-32
-60
-77
-96
-112
-106
-90
-79
-87
-104
-119
-128
-127
-130
-130
-120
-118
-98
-82
-70
-59
-66
-71
-75
-53
-30
-17
-19
-13
-3
-23
-26
-22
-14
-8
-10
27
52
55
71
75
77
66
88
119
112
109
127
155
159
161
170
173
146
116
119
108
79
67
65
47
31
26
20
9
-5
-8
-22
-42
-44
-39
-42
-53
-69
-77
-89
-111
-120
-130
-131
-129
-124
-104
-89
-77
-76
-64
-46
-42
-33
-10
2
7
23
33
28
17
-4
-22
-29
-33
-27
-25
-24
-20
-13
-5
-21
-24
-22
-16
-8
2
16
26
38
40
52
60
58
78
90
89
100
108
121
110
92
104
96
81
83
91
84
59
48
60
53
38
24
12
-6
-34
-31
-33
-52
-60
-65
-72
-83
-79
-83
-89
-108
-110
-95
-114
-113
-112
-114
-110
-115
-112
-106
-97
-87
-76
-66
-68
-53
-47
-51
-29
-15
4
24
43
54
60
66
72
80
75
98
111
121
128
133
145
128
123
119
114
103
87
88
92
75
55
53
39
32
22
26
33
33
38
37
37
29
20
6
-1
-14
-20
-13
-25
-48
-62
-56
-66
-81
-87
-90
-94
-96
-88
-77
-71
-79
-77
-68
-64
-81
-79
-81
-91
-91
-92
-63
-60
-58
-48
-52
-45
-51
-47
-34
-38
-25
-6
11
34
38
41
34
29
38
45
67
87
110
124
128
143
149
150
133
136
146
144
144
135
131
116
96
73
43
25
21
9
9
-5
-21
-29
-50
-65
-88
-75
-72
-81
-80
-79
-71
-87
-82
-73
-85
-89
-91
-73
-59
-56
-48
-38
-37
-44
-39
-35
-39
-50
-51
-58
-68
-53
-42
-48
-61
-64
-51
-31
-26
-9
7
18
33
43
62
69
55
55
54
49
44
35
49
48
43
51
48
54
48
38
34
33
42
47
42
46
41
29
24
12
2
-18
-35
-47
-55
-51
-59
-64
-68
-75
-83
-85
-74
-69
-63
-66
-52
-44
-46
-54
-58
-55
-66
-66
-55
-46
-44
-42
-49
-56
-59
-56
-43
-41
-25
-16
-10
-9
-14
-8
-21
-19
-12
-5
1
6
22
35
35
36
41
43
41
40
59
67
68
68
75
76
68
77
82
72
66
52
44
37
26
12
-7
-4
-3
-8
-6
-14
-23
-37
-48
-53
-63
-73
-69
-57
-58
-53
-40
-34
-30
-33
-29
-27
-36
-40
-35
-39
-35
-26
-14
-3
-3
-5
-15
-14
-6
1
19
30
39
40
36
48
53
55
59
58
61
68
72
68
65
57
45
43
51
51
46
44
45
47
54
54
52
51
41
35
26
12
10
0
-3
-8
-12
-15
-33
-36
-47
-50
-52
