-39
-23
-32
-36
-49
-53
-33
-6
4
0
4
-7
-14
-13
-10
6
20
15
12
10
11
3
-1
8
-5
-16
-14
-16
-23
-28
-22
-20
-35
-33
-28
-20
-13
-17
-8
-12
-14
-24
-21
-10
-11
-7
-12
6
21
32
27
33
44
40
39
39
33
19
7
-13
-14
-16
-15
-16
-24
-28
-32
-31
-26
-47
-45
-48
-20
-32
-31
-25
-24
-2
-35
346
219
34
59
-27
-55
-129
206
153
-60
-39
-104
-138
-90
69
85
7
44
10
-62
-74
-87
-83
-82
-2
17
66
97
95
76
19
62
64
48
85
107
116
92
62
70
51
46
222
254
99
32
-115
-25
-56
-6
92
5
-129
-165
-93
-140
-38
67
44
11
-39
4
-72
-14
13
37
142
69
224
394
280
202
247
134
16
50
209
101
41
54
-146
-248
-318
-173
-110
57
85
56
-15
-185
-200
-190
-152
-42
44
57
87
23
12
-105
-8
4
68
76
223
146
72
134
91
101
78
221
157
209
88
106
-67
-169
-153
-239
-119
-217
-246
-223
-312
-259
-144
-98
-134
-110
-84
-131
-85
6
-2
-28
111
44
-23
97
78
2
159
145
114
56
75
13
-68
30
49
-11
8
-14
-151
-50
-226
-200
-201
-200
-157
-179
-100
-230
-244
-156
-195
-224
-14
-121
-109
-87
-42
-68
-43
-19
18
12
-11
110
-68
62
-47
57
35
83
77
1
131
-71
96
14
9
-18
-62
-11
-91
-25
-34
5
-51
-28
-53
-17
-47
-28
-2
4
36
-34
13
-73
-38
-19
-50
76
45
-16
66
32
50
33
97
86
62
100
55
143
-3
30
128
5
187
195
85
95
9
115
22
107
142
80
114
69
63
-1
41
12
72
100
118
41
40
18
-69
-18
103
183
182
158
144
50
-42
16
80
131
210
191
69
60
-27
-57
99
131
255
259
180
176
-26
-98
11
51
84
156
168
72
-60
-75
-148
-82
133
129
258
114
-92
-210
-299
-176
-29
170
164
53
-130
-320
-372
-214
-19
143
178
142
-165
-364
-301
-286
-42
101
192
97
-58
-141
-310
-261
-110
-56
61
151
25
-158
-268
-337
-332
-126
125
133
65
-101
-337
-358
-271
-79
81
173
70
-146
-216
-273
-196
-29
117
174
130
21
-84
-154
-71
47
125
276
202
147
7
-19
-5
-36
104
116
137
142
89
57
-57
-65
11
73
226
140
94
-29
-147
-128
-71
106
84
70
30
-68
-93
-75
-43
75
122
110
128
62
13
-73
-32
37
46
92
131
130
102
80
86
72
75
118
158
196
182
124
5
-63
-81
-45
5
113
71
-23
-83
-87
-92
-86
6
66
114
69
38
42
21
47
100
156
185
158
149
151
116
113
125
45
7
-11
51
49
18
-33
-206
-282
-298
-311
-300
-264
-281
-387
-496
-473
-472
-451
-342
-307
-292
-296
-297
-327
-344
-305
-246
-216
-116
-135
-131
-129
-185
-137
-133
-71
4
-8
101
50
1
13
-57
85
105
223
237
154
140
67
174
273
309
413
346
309
296
274
381
356
370
349
334
328
268
266
213
204
206
211
238
226
177
147
123
145
162
185
183
141
167
166
207
227
235
219
189
199
182
180
190
185
130
111
51
-3
-35
-52
-53
-88
-167
-208
-308
-410
-396
-454
-493
-590
-672
-633
-672
-622
-616
-725
-760
-848
-806
-769
-750
-747
-875
-919
-1075
-1050
-999
-975
-980
-1125
-1181
-1308
-879
-533
-307
-387
-471
-310
-505
30
597
786
788
495
690
495
849
1205
1313
1509
1235
1324
1061
1143
992
736
926
851
756
556
445
139
-307
-280
-224
-179
-232
-369
-446
-536
-474
-465
-180
87
284
498
594
745
544
811
1075
1347
1693
1654
1725
1522
1467
1489
1571
1714
1478
1294
1158
892
632
370
250
43
-124
-234
-373
-547
-839
-1019
-1028
-977
-909
-838
-807
-808
-844
-795
-622
-527
-474
-362
-245
-145
-166
-160
-110
-114
-72
-102
-78
-217
-469
-456
-504
-477
-609
-778
-1006
-1260
-1220
-1295
-1291
-1438
-1605
-1795
-1879
-1887
-1825
-1731
-1814
-1338
-1052
-720
-863
-760
-515
-791
-121
477
930
705
513
792
531
896
1355
1691
1600
1371
1413
1227
1261
1083
998
865
902
803
526
433
12
-360
-525
-327
-258
-468
-554
-792
-949
-942
-808
-530
-525
-369
-253
-128
-16
-53
228
389
739
987
1206
1335
1281
1408
1500
1765
1895
1843
1757
1609
1500
1455
1297
1230
921
721
613
404
265
24
-134
-339
-446
-501
-434
-631
-682
-695
-819
-705
-672
-543
-739
-597
-483
-430
-324
-318
-171
-294
-235
-177
99
78
-39
-18
-83
-87
-216
-219
-129
-196
-194
-315
-485
-510
-589
-498
-490
-285
-396
-672
-793
-732
-655
-650
-376
-415
-670
-750
-673
-645
-518
-308
-252
-389
-495
-480
-418
-410
-319
-216
-272
-322
-298
-284
-337
-256
-153
-79
-68
-114
-80
-94
-21
47
64
94
85
131
133
180
263
267
207
186
176
175
218
293
298
285
301
258
255
337
415
423
409
383
381
414
433
473
501
544
514
529
554
564
582
588
585
551
584
585
554
491
454
440
391
340
311
255
199
137
104
77
29
-4
-44
-57
-54
-50
-60
-57
-46
-22
-10
1
12
23
8
5
49
76
78
58
66
42
31
7
18
43
23
49
31
-1
-54
-116
-137
-157
-170
-201
-239
-309
-359
-402
-429
-413
-426
-434
-441
-435
-441
-435
-426
-421
-403
-401
-367
-392
-374
-358
-347
-294
-237
-202
-179
-162
-148
-110
-56
-14
7
39
47
61
63
59
55
47
15
20
33
44
36
20
34
46
52
35
25
18
12
22
45
28
0
-35
-48
-32
0
6
12
34
30
20
56
75
79
79
113
142
176
169
162
193
184
192
196
229
238
227
230
268
298
297
307
295
294
321
299
294
285
232
171
158
168
140
106
102
111
76
29
1
-39
-58
-40
-28
-55
-94
-171
-248
-271
-260
-248
-276
-257
-328
-214
-158
-294
-444
-390
-229
-331
-346
-156
-156
-372
-435
-292
-174
-226
-117
-58
-149
-204
-190
-71
-62
-28
-24
-7
12
43
79
110
114
120
161
172
177
117
270
387
435
396
411
431
248
187
319
258
133
81
121
84
-99
-62
-17
7
-56
27
59
-13
-93
-202
-110
-177
-165
-49
123
98
47
291
117
-77
195
251
153
220
486
316
-97
-42
2
-39
-160
320
433
104
22
63
-72
-499
-163
287
227
-45
212
288
-377
-402
35
175
21
213
351
19
-191
-201
-171
-38
129
181
212
189
-176
-562
-230
-140
-338
-136
293
46
-634
-526
-260
-501
-537
8
434
109
-321
-102
-247
-533
-316
203
610
204
-27
97
-96
-430
-38
456
462
338
183
41
-364
-265
-177
82
200
89
46
-356
-331
-522
-367
-160
-102
195
-146
-334
-419
-418
-321
-261
251
213
-108
-97
-226
-297
-163
-17
353
248
138
116
-227
-266
-49
223
179
352
217
-82
-214
-342
-203
78
354
278
-34
-87
-244
-495
-117
193
208
56
-180
-191
-332
-300
-90
123
32
-190
-68
-244
-308
-147
-103
-194
-309
-277
-296
-98
209
227
-3
-122
61
196
266
687
940
579
268
326
542
669
873
1180
1122
670
516
703
784
732
724
790
622
316
222
284
129
13
-30
-24
-1
-220
-403
-376
-342
-317
-246
-142
-142
-234
-199
-119
-5
96
231
327
298
326
327
399
544
671
696
668
635
547
351
430
529
402
378
161
83
-122
-258
-193
-235
-157
-315
-523
-553
-493
-596
-629
-494
-291
-383
-526
-501
-503
-624
-567
-223
-74
-195
-409
-335
-536
-632
-405
-175
-166
-396
-437
-749
-868
-694
-453
-563
-653
-646
-958
-1105
-1018
-822
-864
-825
-957
-1076
-1168
-1202
-1115
-1034
-542
-255
-432
-814
-842
-578
-442
-100
508
753
90
-368
-72
411
705
1061
1508
1226
615
552
956
1249
1365
1367
1332
976
688
605
645
732
629
514
395
290
-54
-276
-239
-107
-73
-121
-110
-345
-544
-457
-164
-15
36
145
137
136
238
531
799
829
897
947
1081
1180
1200
1279
1244
1219
1172
1193
1160
1038
901
728
660
605
487
356
189
76
0
-114
-180
-167
-390
-461
-511
-612
-594
-700
-616
-717
-651
-586
-630
-570
-684
-610
-546
-283
-276
-259
-143
-385
-360
-343
-203
-129
-108
-90
-322
-334
-376
-532
-478
-376
-366
-505
-713
-780
-882
-983
-1062
-950
-877
-1058
-1264
-1396
-1404
-1266
-681
-402
-794
-1163
-1009
-693
-518
70
678
430
-394
-362
385
728
1023
1400
1598
996
598
1030
1495
1582
1360
1394
1227
850
642
696
714
488
177
38
-31
-298
-736
-832
-684
-726
-851
-914
-949
-1084
-978
-708
-545
-592
-594
-402
-290
-68
216
463
505
559
820
1115
1295
1355
1396
1462
1588
1666
1636
1487
1425
1350
1256
1215
1143
929
576
339
326
260
106
-45
-208
-426
-683
-695
-692
-829
-895
-902
-891
-958
-982
-898
-930
-885
-754
-651
-536
-506
-445
-392
-426
-304
-77
70
149
70
-43
-226
-316
-192
-10
101
23
-270
-683
-889
-798
-672
-581
-544
-799
-1263
-1587
-1547
-1437
-1345
-1352
-1507
-1544
-1125
-721
-986
-1487
-1203
-603
-414
64
656
601
-494
-648
637
1428
1517
1533
1725
1154
634
1274
2114
2208
1652
1357
1284
1007
904
1059
1149
823
287
53
72
-24
-335
-456
-413
-523
-770
-841
-763
-822
-768
-560
-427
-571
-568
-244
22
169
273
484
610
725
1020
1300
1365
1311
1400
1654
1800
1871
1847
1704
1577
1469
1547
1561
1489
1323
994
752
544
419
353
230
79
-206
-514
-691
-824
-892
-937
-983
-1125
-1333
-1399
-1395
-1335
-1220
-1091
-1076
-1111
-1069
-886
-769
-659
-447
-347
-357
-342
-108
-156
-248
-225
-79
-153
-271
-167
-271
-460
-689
-650
-693
-871
-968
-1050
-1253
-1499
-1564
-1590
-1695
-1800
-1825
-1957
-1808
-1153
-856
-1371
-1873
-1278
-610
-401
192
754
364
-661
-217
1171
1711
1717
1816
1750
1111
1082
2038
2596
2375
1894
1596
1374
1206
1417
1460
1243
828
316
39
63
112
-146
-355
-553
-740
-863
-754
-686
-777
-677
-612
-642
-652
-283
109
135
164
295
535
806
1152
1437
1496
1486
1490
1642
1911
2226
2223
2031
1908
1837
1781
1664
1715
1711
1436
1113
805
610
469
400
347
39
-296
-640
-860
-909
-936
-945
-1118
-1372
-1545
-1580
-1457
-1350
-1347
-1354
-1368
-1348
-1250
-1000
-763
-695
-693
-612
-459
-342
-168
-84
-165
-285
-240
-123
-139
-178
-294
-595
-792
-721
-713
-808
-1010
-1201
-1504
-1705
-1670
-1807
-1904
-2053
-2268
-2213
-1459
-913
-1393
-2277
-1924
-958
-729
-142
598
471
-859
-981
881
1802
1706
1665
1854
1445
973
1954
2892
2684
1985
1638
1611
1465
1521
1640
1463
969
314
-65
54
249
-6
-486
-806
-934
-1128
-1032
-673
-733
-916
-1020
-947
-828
-592
-71
64
12
-8
190
600
1012
1419
1456
1403
1452
1637
1899
2204
2398
2167
1906
1895
2034
1949
1802
1843
1652
1312
987
872
772
572
466
179
-134
-453
-674
-748
-875
-1014
-1262
-1506
-1645
-1690
-1610
-1552
-1559
-1608
-1657
-1607
-1487
-1270
-1006
-826
-753
-669
-517
-373
-222
-52
84
65
-14
-18
15
25
-7
-85
-265
-485
-624
-579
-659
-871
-1107
-1311
-1431
-1630
-1761
-1961
-2176
-2286
-1788
-984
-1079
-1882
-2390
-1459
-797
-455
326
511
-207
-1085
160
1649
1791
1687
1794
1828
1298
1681
2670
2795
2284
1959
1816
1596
1642
1740
1626
1107
657
218
-2
226
204
-284
-876
-1104
-1133
-1139
-827
-745
-1044
-1283
-1287
-1008
-860
-459
-135
-191
-224
-165
137
581
1065
1297
1095
1101
1325
1449
1639
2022
2176
1832
1598
1852
2018
1851
1729
1710
1571
1257
1042
951
797
602
376
133
-36
-277
-511
-681
-770
-886
-1131
-1303
-1385
-1415
-1451
-1502
-1525
-1539
-1529
-1495
-1440
-1293
-1154
-1073
-983
-834
-681
-577
-413
-261
-222
-201
-112
27
84
10
-37
-87
-173
-217
-236
-327
-515
-679
-789
-929
-1000
-1161
-1421
-1638
-1810
-1821
-1895
-1400
-788
-1082
-1928
-2198
-1092
-452
-289
156
283
-314
-911
279
1531
1655
1513
1595
1663
1254
1622
2450
2586
2240
1811
1603
1416
1613
1856
1599
1005
459
154
113
390
327
-262
-871
-1089
-967
-863
-721
-893
-1131
-1106
-1040
-920
-801
-346
-122
-287
-274
-29
426
725
924
1103
1101
1218
1349
1600
1873
1992
1963
1812
1850
1978
2041
2010
1954
1865
1625
1372
1292
1294
1112
805
579
430
178
-106
-237
-400
-623
-891
-1001
-1080
-1266
-1427
-1508
-1557
-1646
-1716
-1679
-1622
-1584
-1551
-1490
-1334
-1200
-1050
-934
-833
-759
-669
-485
-311
-192
-198
-256
-209
-207
-159
-167
-214
-223
-440
-488
-660
-685
-786
-1003
-1092
-1353
-1363
-1502
-1649
-1942
-2077
-1537
-958
-969
-1709
-2128
-1470
-784
-427
41
246
-250
-844
-32
1345
1598
1358
1425
1564
1307
1393
2178
2468
2084
1762
1625
1539
1538
1691
1648
1166
719
347
213
473
509
40
-598
-734
-564
-592
-619
-596
-663
-802
-792
-614
-493
-336
-94
-13
54
171
340
607
911
1165
1307
1309
1280
1287
1582
2082
2114
1867
1634
1601
1715
1760
1886
1733
1399
1145
976
1003
902
776
552
199
-20
-206
-280
-401
-589
-812
-1076
-1232
-1311
-1309
-1345
-1498
-1714
-1759
-1615
-1481
-1446
-1424
-1332
-1306
-1154
-899
-759
-745
-684
-368
-164
-163
-178
-152
-37
54
177
194
93
30
-29
-50
-103
-193
-348
-485
-607
-663
-844
-1047
-1214
-1397
-1526
-1713
-1710
-1391
-904
-1117
-1769
-2008
-1245
-553
-499
-195
-187
-462
-785
45
1156
1157
972
922
1123
1106
1370
1920
1967
1671
1326
1225
1267
1465
1493
1184
734
378
191
155
338
242
-298
-790
-863
-695
-662
-668
-706
-848
-855
-807
-693
-568
-349
-84
-144
-114
53
329
587
748
972
908
906
1168
1458
1550
1407
1512
1500
1372
1574
1620
1391
1042
1248
1435
1072
823
707
672
483
438
461
130
-192
-294
-220
-243
-487
-687
-840
-941
-982
-1020
-1056
-1140
-1230
-1269
-1187
-1073
-1020
-1005
-972
-893
-794
-629
-503
-392
-300
-225
-134
-100
-23
45
131
210
193
67
-41
21
92
37
-207
-347
-426
-562
-629
-754
-836
-1136
-1335
-1340
-1554
-1648
-1726
-1320
-868
-1267
-1690
-1832
-917
-488
-605
-174
-194
-363
-643
269
1139
825
816
1028
1261
1013
1174
1827
1792
1501
1260
1242
1215
1362
1478
1196
732
446
419
414
552
383
-125
-390
-393
-164
-222
-247
-315
-519
-352
-252
-175
-234
52
375
258
244
365
582
780
923
1053
970
961
1021
1087
1434
1379
1021
756
1084
1333
878
927
952
691
295
449
772
349
157
141
52
-279
-391
-149
-226
-510
-729
-756
-746
-801
-817
-917
-1031
-1137
-1140
-1037
-932
-949
-1113
-1089
-906
-745
-692
-711
-663
-590
-417
-359
-357
-252
-153
-79
-184
-133
-49
-2
8
18
17
-152
-179
-117
-97
-238
-412
-472
-539
-494
-636
-839
-1009
-1030
-1031
-1271
-1235
-1106
-709
-657
-998
-1215
-1125
-350
-163
-66
51
-116
-246
-246
764
1112
837
838
981
1082
914
1384
1722
1447
1192
1129
1156
1099
1276
1327
991
580
450
452
490
601
384
-49
-305
-141
35
-62
-99
-150
-178
-147
-147
-16
83
299
306
108
120
298
581
624
606
512
406
507
605
676
569
642
608
328
196
333
633
400
290
308
85
-74
-26
342
210
-80
-160
-188
-92
-156
-160
-249
-370
-374
-389
-332
-427
-546
-630
-669
-644
-654
-668
-711
-758
-838
-806
-686
-605
-567
-622
-673
-678
-507
-346
-367
-378
-404
-329
-264
-162
-117
-139
-133
-139
-152
-188
-124
-146
-232
-306
-366
-307
-345
-416
-639
-801
-776
-794
-913
-1053
-1014
-862
-535
-642
-942
-1117
-662
-120
-310
-187
-48
-79
-350
-107
734
690
546
757
937
801
755
1359
1528
1174
1007
1084
1125
1153
1300
1207
837
614
686
737
730
650
322
115
141
251
175
16
76
23
-32
-47
-31
42
112
249
88
-108
-34
211
384
257
152
144
216
268
252
193
207
208
283
314
151
34
60
355
357
266
215
49
109
274
560
460
244
215
227
264
239
303
273
117
-8
-56
-3
-5
-71
-261
-451
-513
-496
-429
-443
-550
-767
-858
-716
-564
-542
-685
-733
-729
-671
-548
-469
-381
-423
-361
-284
-201
-106
-102
-97
-116
-39
-49
-95
-92
-91
-158
-294
-249
-295
-451
-620
-698
-703
-929
-1001
-962
-943
-675
-772
-1055
-1368
-1000
-294
-495
-546
-395
-305
-590
-585
357
565
313
342
613
692
546
1025
1319
1126
936
955
1081
1118
1280
1221
933
711
721
760
739
762
457
139
61
238
261
39
-29
-186
-268
-215
-132
-77
-160
-61
-146
-274
-138
93
198
52
39
75
89
106
178
252
241
142
49
98
202
392
310
115
16
161
468
406
421
350
264
292
378
559
460
355
291
232
293
295
289
187
28
-65
-107
-73
-52
-98
-312
-529
-554
-462
-411
-473
-562
-697
-751
-632
-423
-369
-541
-614
-519
-305
-135
-59
-89
-165
-83
63
213
295
300
259
211
176
211
240
241
153
-34
-168
-222
-242
-314
-471
-633
-786
-930
-857
-833
-588
-576
-888
-1252
-1096
-348
-435
-609
-463
-302
-520
-642
184
477
225
246
515
588
407
810
1151
950
773
812
862
847
981
940
636
480
579
525
390
379
231
-59
-178
-1
14
-179
-272
-314
-327
-313
-339
-357
-329
-145
-182
-362
-287
-101
64
35
5
12
16
177
286
257
193
189
226
285
271
329
265
232
372
324
404
273
454
560
431
523
320
455
426
441
437
149
248
166
171
133
16
34
-144
-144
-179
-218
-247
-381
-406
-444
-460
-504
-541
-522
-531
-566
-566
-467
-433
-413
-412
-297
-126
-72
-17
-99
47
162
213
296
227
266
220
276
273
176
206
136
59
-14
-93
-191
-368
-363
-487
-738
-863
-807
-752
-860
-725
-815
-1110
-1271
-746
-350
-697
-701
-503
-389
-677
-353
318
193
160
316
504
409
502
990
970
833
815
849
845
924
1082
853
581
538
559
461
416
437
154
-103
-153
-31
-33
-138
-253
-422
-320
-220
-251
-336
-266
-99
-232
-255
-109
59
100
37
148
151
177
232
271
291
246
210
214
232
249
224
142
128
129
269
184
27
143
194
169
39
184
197
-4
106
174
136
-17
0
117
-41
-86
-66
-29
-82
-177
-163
-222
-255
-226
-194
-234
-313
-359
-350
-287
-283
-319
-344
-280
-221
-189
-99
-52
35
62
122
186
194
269
267
254
237
284
309
151
91
53
43
-64
-164
-233
-412
-545
-649
-706
-846
-1016
-1060
-1099
-1091
-910
-899
-1114
-1398
-1078
-539
-671
-702
-499
-353
-560
-471
324
435
292
449
685
730
644
1103
1300
1088
1008
1021
1093
1073
1164
1099
812
688
655
593
555
525
290
28
6
113
39
-126
-165
-242
-249
-169
-146
-201
-231
-39
-45
-143
-64
103
239
190
193
164
200
324
343
282
219
228
204
127
127
44
80
163
66
-20
-198
22
38
42
131
-25
9
-155
86
213
154
151
-11
102
98
178
225
121
74
-76
-56
62
141
40
-101
-129
-119
-87
-35
28
-78
-204
-216
-118
18
2
-34
-106
-89
64
126
217
138
98
78
94
214
217
176
10
-78
-64
-41
-112
-266
-349
-454
-560
-691
-737
-794
-958
-1078
-1212
-1170
-1225
-1181
-904
-979
-1203
-1496
-922
-446
-732
-711
-541
-300
-611
-332
336
238
219
344
656
585
567
945
912
851
854
845
759
797
935
762
517
483
477
364
360
312
74
-85
-61
38
-50
-101
-147
-239
-95
-19
-55
-167
-82
132
29
-9
89
213
230
157
177
148
224
271
192
80
89
117
61
59
10
-53
-108
-46
73
7
-105
-183
-43
169
92
40
94
108
114
205
415
392
303
350
391
384
370
434
450
346
267
299
333
338
295
193
68
36
96
108
81
-21
-140
-179
-101
5
-15
-103
-145
-113
-16
26
7
-51
-84
-33
14
-1
-25
-52
-92
-156
-228
-242
-233
-315
-471
-592
-605
-621
-722
-834
-947
-1032
-1071
-1014
-1053
-912
-777
-925
-1217
-1108
-456
-466
-693
-528
-334
-452
-624
19
283
49
71
232
328
263
585
781
589
569
592
580
588
757
703
413
395
492
416
335
435
325
21
0
169
176
79
99
64
-43
60
167
121
57
194
191
24
74
275
318
164
110
142
148
184
168
93
24
3
-9
-10
13
45
9
-67
-18
36
167
223
248
259
166
310
432
585
650
528
534
543
753
789
707
681
581
570
548
606
597
448
285
177
221
245
164
46
-59
-182
-224
-171
-123
-195
-397
-456
-373
-255
-220
-295
-355
-418
-352
-219
-135
-111
-195
-234
-170
-72
-14
-67
-130
-167
-183
-205
-244
-244
-304
-445
-587
-627
-659
-715
-808
-924
-1013
-1031
-1037
-972
-823
-947
-1231
-1223
-699
-611
-893
-761
-576
-625
-760
-243
42
-199
-90
180
299
243
517
762
595
645
757
746
745
929
971
712
673
803
749
617
648
597
383
323
409
410
314
265
153
18
129
165
74
-46
-12
4
-113
-65
-9
0
-49
-78
-66
-97
-27
3
-47
-85
-81
-43
-44
34
95
65
112
108
160
223
373
431
319
454
543
549
513
559
686
609
609
592
587
614
508
463
406
359
259
146
164
108
-45
-181
-163
-164
-307
-401
-407
-403
-459
-454
-448
-453
-449
-453
-409
-372
-275
-230
-239
-176
-102
-44
-68
-19
47
29
10
8
35
-15
-92
-166
-213
-216
-286
-385
-471
-550
-677
-771
-809
-858
-984
-1071
-1110
-1173
-1222
-1269
-1069
-1001
-1173
-1337
-1192
-751
-802
-862
-631
-473
-512
-535
-5
237
154
288
499
628
650
897
1057
969
1012
1068
1093
1133
1202
1073
899
956
996
869
763
785
601
379
375
405
366
237
166
13
-23
125
48
-72
-121
-36
-100
-178
-55
-25
-61
-99
-37
-16
-2
79
60
40
54
85
53
122
216
199
110
192
351
298
299
306
412
337
336
496
399
392
333
409
381
271
348
259
267
203
123
148
80
46
-89
-114
-111
-233
-273
-323
-332
-401
-443
-399
-398
-414
-452
-428
-398
-331
-299
-315
-299
-244
-147
-151
-101
-81
-79
-78
-61
17
-34
-81
-112
-101
-87
-125
-168
-262
-299
-332
-377
-436
-501
-569
-667
-723
-747
-793
-885
-920
-902
-926
-1002
-977
-709
-647
-803
-903
-626
-299
-421
-353
-114
-10
-134
-23
468
512
441
614
802
836
824
1038
1108
1049
1084
1067
1045
1085
1159
1050
901
897
865
750
695
708
541
371
352
379
299
142
84
11
47
78
-30
-160
-219
-124
-165
-263
-234
-185
-169
-227
-223
-179
-151
-99
-111
-134
-129
-82
-67
-42
-22
-62
-34
-32
48
16
43
111
59
154
123
138
132
176
280
156
198
224
202
186
124
163
99
60
50
-31
-61
-122
-131
-165
-242
-251
-294
-318
-329
-348
-427
-448
-414
-405
-419
-429
-362
-360
-338
-347
-321
-267
-247
-173
-156
-118
-110
-114
-67
-24
34
-8
-43
-44
-58
-57
-97
-141
-217
-304
-316
-348
-402
-488
-562
-609
-659
-689
-690
-687
-710
-724
-758
-665
-514
-502
-585
-572
-277
-199
-255
-107
46
71
16
316
549
496
595
742
813
812
974
1132
1070
1079
1123
1071
1074
1175
1145
949
860
894
817
711
702
616
439
379
373
283
151
115
46
-69
-69
-91
-189
-285
-238
-221
-321
-328
-284
-273
-290
-255
-236
-240
-179
-121
-138
-125
-11
-1
-41
-17
118
96
-2
63
187
235
150
183
246
199
254
333
339
244
193
221
180
161
110
7
-22
-79
-122
-184
-238
-294
-376
-395
-443
-492
-529
-539
-565
-636
-654
-602
-567
-575
-574
-550
-510
-459
-381
-316
-319
-270
-184
-75
-21
-4
23
49
121
188
171
151
139
128
118
87
78
33
-1
-54
-107
-129
-153
-192
-271
-331
-354
-361
-404
-419
-434
-442
-466
-481
-306
-247
-321
-394
-190
78
34
88
244
303
262
378
688
691
620
735
816
818
880
1010
973
863
910
875
793
819
825
676
497
518
507
379
301
250
82
-61
-47
-81
-194
-283
-321
-410
-440
-382
-421
-482
-482
-406
-438
-447
-338
-299
-300
-303
-260
-203
-131
-64
-100
-79
32
72
55
126
251
193
106
196
321
312
232
275
299
222
218
261
275
184
107
103
91
83
22
-54
-99
-133
-197
-233
-235
-268
-331
-372
-364
-366
-370
-393
-428
-465
-443
-412
-364
-338
-343
-336
-301
-198
-112
-79
-85
-59
8
90
131
142
165
187
204
205
242
258
220
176
144
133
102
53
1
-78
-138
-174
-207
-221
-277
-368
-444
-480
-464
-479
-532
-549
-550
-519
-516
-460
-349
-368
-401
-358
-136
-12
-68
21
130
163
155
309
474
411
405
514
544
543
598
651
607
574
610
543
506
538
466
339
299
344
266
145
118
73
-27
-76
-91
-147
-197
-200
-235
-296
-265
-247
-293
-301
-247
-208
-250
-224
-146
-131
-96
-76
-44
-32
37
53
63
148
198
208
177
303
301
264
342
358
335
291
374
359
270
299
329
271
230
209
219
163
126
109
34
30
3
-35
-114
-170
-184
-229
-245
-270
-316
-364
-360
-355
-365
-360
-327
-310
-317
-273
-236
-182
-148
-103
-55
-32
42
91
113
110
118
147
166
197
212
200
182
157
136
126
96
80
28
-48
-127
-154
-153
-212
-277
-330
-356
-407
-432
-417
-431
-464
-477
-432
-409
-405
-300
-238
-270
-279
-138
-13
-57
-20
132
182
133
224
398
373
312
412
478
450
472
547
524
466
528
515
427
422
417
316
219
244
219
94
54
61
-43
-139
-130
-122
-202
-253
-241
-287
-308
-266
-264
-318
-311
-273
-273
-265
-205
-172
-169
-130
-87
-68
-63
18
32
42
116
144
137
139
240
265
228
269
282
259
250
273
273
221
230
227
171
168
135
108
45
-13
-40
-85
-91
-118
-169
-219
-258
-289
-308
-308
-323
-360
-351
-312
-314
-312
-297
-247
-219
-196
-123
-97
-68
-19
51
108
130
151
195
247
272
267
270
289
300
273
241
259
261
212
174
140
101
45
-9
-38
-81
-142
-201
-237
-256
-303
-343
-341
-349
-374
-394
-388
-343
-319
-319
-337
-315
-233
-206
-208
-181
-110
-73
-47
21
71
67
90
157
227
256
242
273
288
305
316
328
327
295
277
262
261
230
178
142
111
70
24
15
20
6
-44
-94
-119
-131
-121
-153
-200
-188
-158
-170
-185
-168
-149
-158
-130
-94
-60
-19
3
27
29
78
123
117
170
226
208
200
253
293
253
242
269
270
255
269
276
238
184
172
177
161
150
94
58
42
12
-13
-58
-90
-110
-150
-151
-151
-173
-209
-234
-210
-213
-215
-219
-228
-203
-174
-143
-126
-113
-91
-70
-35
-10
14
43
58
83
99
97
112
118
103
80
78
92
79
51
31
8
-21
-29
-19
-52
-84
-105
-132
-162
-185
-189
-214
-218
-215
-233
-260
-233
-207
-220
-203
-178
-151
-138
-81
-41
-29
-13
7
39
62
106
132
153
191
223
230
214
227
239
250
272
293
285
261
263
273
252
203
190
194
182
143
99
72
54
32
-8
-51
-60
-63
-71
-88
-113
-118
-128
-128
-137
-142
-138
-148
-147
-135
-139
-145
-128
-99
-88
-72
-36
-26
-3
25
39
53
65
106
111
98
107
105
119
114
124
124
107
120
119
108
88
80
74
34
11
-10
-33
-48
-68
-97
-135
-166
-172
-186
-214
-220
-231
-228
-220
-206
-190
-169
-148
-159
-151
-114
-74
-39
-25
-6
7
19
51
88
110
111
112
134
144
142
124
121
108
71
59
36
26
-3
-46
-88
-102
-102
-128
-161
-165
-165
-193
-222
-214
-188
-190
-171
-150
-153
-152
-127
-85
-69
-48
-8
24
60
102
126
138
162
210
230
236
262
279
270
251
276
276
242
240
231
203
170
166
140
99
71
60
39
8
-11
-35
-61
-84
-88
-103
-102
-117
-135
-149
-150
-124
-118
-114
-121
-112
-87
-65
-50
-49
-25
-14
-7
12
44
58
60
66
89
90
92
125
140
153
145
136
143
156
165
149
132
126
131
131
124
103
64
48
54
58
31
0
-22
-47
-63
-78
-89
-120
-173
-201
-209
-197
-199
-222
-237
-238
-230
-222
-214
-202
-200
-195
-180
-163
-151
-141
-143
-151
-139
-124
-110
-103
-105
-104
-102
-79
-71
-75
-94
-113
-112
-119
-114
-130
-148
-173
-170
-170
-157
-125
-123
-109
-101
-74
-54
-34
0
21
47
69
107
144
183
216
233
277
321
360
378
408
428
430
447
456
465
465
459
447
430
410
394
364
338
313
286
268
249
222
175
137
115
90
43
2
-25
-55
-90
-132
-150
-171
-197
-230
-269
-293
-311
-323
-326
-320
-324
-335
-327
-318
-302
-290
-269
-245
-232
-211
-193
-175
-161
-138
-112
-93
-75
-53
-33
-18
-4
3
13
10
5
3
2
11
1
-12
-35
-49
-57
-69
-85
-103
-107
-108
-124
-150
-153
-151
-159
-164
-177
-195
-199
-196
-192
-175
-162
-141
-121
-92
-65
-50
-23
1
37
45
73
102
102
109
122
152
155
160
165
163
161
150
155
142
129
102
74
67
54
38
7
-5
-6
-10
-16
-9
5
10
29
53
85
105
131
158
164
184
212
237
251
266
289
300
320
327
324
315
305
304
294
287
263
233
204
186
174
153
131
102
71
47
40
25
-2
-30
-37
-46
-64
-77
-93
-112
-133
-156
-167
-168
-173
-190
-209
-215
-213
-206
-201
-199
-191
-182
-159
-144
-134
-140
-138
-116
-97
-72
-50
-24
-13
6
23
28
40
48
64
67
69
78
86
90
84
82
61
43
40
26
14
2
-1
-8
-19
-43
-71
-77
-81
-75
-98
-117
-126
-135
-141
-151
-145
-150
-153
-155
-152
-143
-145
-131
-126
-119
-114
-102
-80
-71
-64
-52
-45
-50
-46
-24
-8
-6
-10
-3
16
33
35
39
43
50
55
61
73
70
59
61
70
76
80
87
112
125
142
161
175
179
182
192
204
219
216
218
224
234
235
230
226
219
212
202
200
191
168
145
122
104
87
59
32
7
-10
-30
-49
-72
-90
-103
-124
-140
-162
-184
-204
-226
-241
-252
-262
-260
-266
-279
-292
-301
-302
-305
-311
-304
-292
-279
-272
-259
-235
-212
-185
-164
-146
-122
-94
-65
-27
11
39
61
90
128
169
194
215
233
250
264
264
285
299
297
285
273
274
262
248
232
214
186
151
121
93
68
45
30
20
6
-9
-28
-42
-53
-67
-83
-92
-90
-87
-85
-87
-85
-83
-74
-57
-44
-41
-35
-31
-35
-34
-20
-20
-19
-13
-7
3
-7
-10
-10
-3
8
9
6
3
10
13
16
18
17
12
10
14
12
8
8
11
14
28
43
51
52
45
40
46
53
54
42
32
29
33
29
23
17
0
-6
-15
-27
-41
-56
-75
-91
-97
-105
-117
-132
-133
-138
-161
-184
-191
-192
-201
-215
-226
-231
-236
-237
-238
-229
-223
-221
-224
-218
-203
-198
-174
-146
-124
-108
-91
-70
-47
-20
15
56
76
93
119
147
175
206
237
257
279
303
320
338
358
379
385
383
392
394
386
378
376
368
355
340
315
287
259
235
206
172
144
113
74
37
14
-15
-46
-71
-90
-112
-133
-147
-163
-181
-195
-204
-213
-223
-228
-228
-226
-221
-217
-209
-205
-200
-192
-181
-169
-172
-173
-167
-162
-167
-168
-162
-152
-148
-145
-134
-130
-124
-121
-113
-103
-90
-81
-76
-58
-40
-32
-23
-15
-3
9
19
25
30
37
45
57
65
74
77
79
84
87
93
96
99
92
90
91
90
92
91
80
66
62
65
59
41
32
25
15
6
1
-4
-15
-24
-27
-33
-39
-47
-51
-54
-57
-62
-71
-75
-80
-78
-71
-61
-45
-32
-23
-13
-1
17
31
50
66
81
99
119
140
154
172
181
189
193
193
191
191
198
197
197
195
188
177
162
148
133
116
97
73
46
25
11
-5
-20
-37
-57
-80
-98
-110
-121
-139
-149
-155
-169
-177
-178
-178
-186
-186
-178
-174
-174
-171
-171
-168
-153
-148
-145
-140
-123
-114
-99
-73
-52
-41
-32
-9
7
8
9
16
22
30
41
50
52
58
60
67
70
66
58
52
57
57
52
44
52
58
60
54
46
47
40
42
43
41
25
19
23
29
38
40
40
36
37
33
31
33
30
24
20
16
16
16
18
16
17
20
22
19
9
4
4
7
7
-2
-9
-17
-16
-16
-18
-19
-17
-13
-14
-11
-5
-9
-9
-2
7
16
21
23
36
51
60
69
76
86
92
98
108
108
105
103
110
118
120
107
98
95
88
82
62
49
29
14
2
-8
-22
-49
-68
-83
-101
-125
-143
-154
-163
-176
-191
-197
-202
-208
-214
-217
-209
-201
-203
-199
-193
-186
-178
-172
-162
-146
-132
-119
-103
-86
-67
-57
-45
-33
-21
-12
-3
9
21
37
46
55
57
67
79
80
74
69
70
71
75
77
77
75
78
73
63
58
57
49
47
49
44
38
32
31
32
40
43
42
42
42
44
46
51
50
52
51
53
52
53
56
62
67
59
61
64
64
61
56
53
50
43
37
45
53
57
59
62
65
60
50
48
49
54
52
47
56
64
66
69
72
73
78
79
78
77
81
81
77
77
74
71
65
61
50
40
29
19
12
1
-8
-19
-28
-39
-56
-71
-89
-105
-119
-133
-145
-157
-167
-178
-189
-196
-203
-208
-213
-214
-214
-214
-209
-206
-199
-194
-183
-171
-165
-160
-153
-145
-131
-115
-104
-94
-84
-64
-48
-38
-34
-30
-16
-3
8
14
22
30
39
45
51
50
41
46
53
56
56
54
54
64
71
71
65
60
65
69
74
72
71
71
74
80
84
88
92
90
89
85
84
87
89
91
91
84
79
77
73
