37
40
42
53
65
69
74
62
43
32
22
23
20
9
3
-3
-7
-12
-15
-10
-5
0
-9
-16
-37
-49
-63
-90
-93
-109
-111
-105
-104
-102
-111
-110
-104
-89
-56
-41
-36
-37
-42
-39
-23
-14
0
12
6
20
27
31
37
35
39
43
45
57
58
55
49
36
27
15
16
34
52
49
56
63
80
99
98
127
158
308
422
372
331
187
209
362
406
415
263
104
-2
-81
-69
-89
-131
-163
-276
-310
-355
-385
-358
-381
-350
-357
-363
-362
-352
-385
-402
-343
-262
-218
-250
-231
-200
-124
-49
-54
-16
0
-43
-80
-108
-84
-86
-124
-184
-252
-272
-229
-177
-162
-192
-229
-198
-156
-110
-45
-3
104
175
207
264
290
361
396
423
460
449
466
470
452
449
402
433
444
390
367
284
259
197
118
55
-26
-63
-87
-127
-160
-167
-172
-162
-188
-160
-118
-128
-105
-91
-66
-34
-26
16
3
26
23
15
20
-32
2
-8
-19
-53
-68
-44
-95
-71
-86
-125
-175
-249
-264
-318
-347
-354
-388
-400
-456
-466
-464
-489
-446
-445
-389
-364
-350
-288
-245
-223
-205
-168
-114
-137
-110
-43
1
46
24
78
113
130
180
198
243
236
240
248
190
157
110
54
0
-83
-122
-198
-278
-300
-288
-296
-288
-218
-117
-40
27
135
204
305
347
417
521
603
666
704
800
885
955
1046
1109
1157
1149
1110
1110
1039
924
826
741
678
568
458
390
280
224
124
39
-47
-153
-194
-265
-289
-267
-241
-201
-161
-111
-83
-49
14
39
32
39
58
83
102
112
149
151
134
122
93
111
52
-18
-89
-161
-216
-328
-367
-415
-465
-527
-582
-626
-716
-782
-833
-865
-932
-975
-1020
-1069
-1153
-1214
-1294
-1364
-1459
-1582
-1711
-1814
-1870
-1702
-1134
-870
-871
-679
63
285
140
669
1215
1040
402
969
1621
1340
1113
1716
2199
1890
1984
2708
2677
2055
1837
1779
1351
724
565
133
-386
-538
-524
-698
-936
-907
-1072
-1474
-1512
-1359
-1613
-1891
-1785
-1526
-1549
-1314
-728
-379
-321
-78
415
635
614
710
906
947
942
1099
1317
1458
1517
1585
1666
1740
1669
1442
1203
1041
796
462
286
213
132
-107
-116
27
-57
-162
-217
-171
-339
-578
-586
-649
-739
-809
-713
-523
-473
-304
-131
-23
39
15
20
-18
-32
-88
-157
-122
-40
-22
6
84
161
154
101
111
26
-189
-364
-437
-547
-715
-787
-763
-784
-848
-881
-915
-983
-1144
-1288
-1440
-1648
-1853
-2092
-2209
-2380
-2154
-1634
-1395
-1333
-1082
-181
-51
-137
541
1084
890
302
1051
1594
1041
905
1632
2062
1604
1784
2681
2522
1945
1974
2041
1482
756
662
134
-537
-720
-808
-1117
-1369
-1208
-1258
-1524
-1306
-1079
-1352
-1562
-1295
-1123
-1401
-1223
-639
-417
-466
-9
710
930
1063
1453
1825
1819
1797
2005
2015
1902
1810
1806
1817
1836
1838
1712
1639
1622
1386
993
820
634
214
-224
-299
-341
-669
-790
-643
-603
-754
-765
-589
-653
-834
-805
-778
-891
-1002
-934
-837
-812
-697
-519
-353
-202
-20
96
132
202
249
204
151
133
80
-9
-26
34
20
-27
-27
-20
-88
-188
-220
-341
-527
-709
-815
-999
-1177
-1317
-1424
-1556
-1674
-1690
-1819
-1913
-2050
-2081
-2219
-2039
-1636
-1562
-1524
-1146
-406
-362
-257
596
1115
951
818
1618
1886
1283
1409
2020
2000
1547
1904
2577
2275
1983
2298
2301
1806
1399
1341
801
130
-100
-440
-904
-1169
-1160
-1329
-1469
-1173
-1063
-1191
-1042
-736
-774
-940
-629
-395
-536
-466
-42
291
328
631
1049
1227
1322
1555
1756
1700
1736
1792
1685
1595
1582
1467
1237
1135
1081
818
587
537
407
149
-14
-31
-184
-391
-411
-475
-633
-736
-701
-710
-843
-819
-770
-792
-774
-703
-622
-643
-608
-491
-459
-376
-299
-255
-215
-163
-38
-11
12
83
97
55
27
66
59
-62
-113
-120
-165
-247
-301
-334
-423
-503
-549
-595
-646
-729
-820
-896
-973
-1041
-1131
-1202
-1250
-1377
-1452
-1539
-1617
-1664
-1750
-1429
-1192
-1103
-964
-545
40
22
294
985
1206
1033
1002
1642
1623
1085
1337
1688
1586
1300
1663
2102
1744
1668
1879
1784
1435
1133
1026
522
61
-135
-516
-805
-962
-1067
-1260
-1238
-953
-984
-1012
-729
-464
-543
-544
-177
-43
-180
-73
231
338
286
531
821
926
1069
1294
1491
1536
1639
1651
1519
1479
1367
1122
888
770
596
236
108
126
-27
-207
-245
-193
-320
-444
-362
-381
-534
-649
-673
-705
-832
-849
-830
-886
-881
-836
-725
-654
-612
-502
-423
-321
-245
-238
-198
-192
-190
-168
-151
-121
-128
-120
-83
-72
-43
-18
-20
-33
-61
-82
-141
-225
-299
-415
-515
-589
-671
-742
-826
-873
-908
-965
-1015
-1079
-1119
-1217
-1330
-1400
-1482
-1564
-1608
-1357
-1219
-1181
-1061
-593
-250
-251
205
742
890
808
1125
1614
1420
1187
1494
1570
1342
1232
1592
1672
1390
1580
1706
1596
1381
1321
1177
760
530
281
-153
-451
-675
-916
-1156
-1111
-985
-1109
-959
-607
-405
-397
-160
173
187
162
347
487
388
356
518
582
611
757
910
1029
1115
1260
1335
1357
1380
1266
1108
993
840
547
313
186
-25
-257
-327
-281
-383
-426
-315
-233
-240
-266
-230
-289
-421
-496
-631
-791
-906
-994
-1012
-1026
-937
-836
-741
-536
-371
-251
-129
-17
34
-10
-1
-6
-80
-118
-148
-185
-232
-208
-140
-112
-70
44
82
69
88
103
48
-47
-134
-256
-384
-486
-575
-719
-819
-870
-934
-1008
-1046
-1054
-1122
-1247
-1227
-1292
-1260
-1111
-1135
-1095
-1018
-643
-548
-484
75
376
467
555
1057
1344
1037
1162
1500
1437
1263
1343
1637
1436
1245
1492
1480
1339
1198
1188
1013
725
653
406
104
-91
-276
-494
-668
-647
-740
-876
-709
-537
-538
-469
-184
9
-28
126
331
357
306
387
475
415
458
550
568
600
727
831
824
921
1054
987
922
938
852
612
434
349
127
-133
-191
-250
-360
-408
-335
-282
-337
-235
-172
-186
-220
-271
-333
-473
-574
-660
-786
-842
-854
-856
-821
-734
-617
-536
-417
-280
-194
-137
-82
-68
-65
-78
-95
-136
-192
-210
-226
-224
-174
-129
-86
-32
30
102
129
131
106
13
-87
-219
-366
-514
-686
-822
-968
-1090
-1181
-1300
-1368
-1450
-1477
-1487
-1533
-1337
-1202
-1171
-1113
-880
-531
-532
-319
168
333
364
566
1066
1157
975
1336
1595
1529
1490
1736
1930
1670
1719
1878
1725
1568
1473
1369
1026
796
721
348
108
-21
-225
-447
-565
-536
-726
-816
-661
-580
-638
-539
-256
-195
-164
49
162
159
183
298
298
255
356
352
331
431
539
552
561
707
754
666
707
740
609
422
386
318
89
-56
-107
-194
-321
-315
-274
-318
-306
-236
-186
-184
-156
-174
-257
-260
-326
-416
-481
-517
-517
-588
-536
-429
-437
-380
-245
-119
-60
-24
93
112
112
161
141
121
53
34
11
-27
-10
-27
-37
-11
42
53
51
62
43
-54
-125
-187
-323
-475
-615
-751
-946
-1087
-1201
-1301
-1422
-1483
-1516
-1553
-1551
-1499
-1269
-1214
-1124
-942
-640
-471
-428
-21
284
374
466
813
1107
1006
1066
1379
1406
1300
1357
1561
1513
1353
1489
1459
1330
1238
1136
975
715
596
349
38
-109
-305
-559
-755
-776
-829
-970
-896
-739
-706
-615
-404
-184
-148
-53
110
197
260
295
349
373
453
515
538
641
760
778
796
891
979
892
831
884
803
643
511
458
279
50
-5
-131
-268
-367
-393
-377
-462
-400
-371
-367
-287
-270
-218
-238
-255
-265
-346
-308
-374
-464
-449
-460
-409
-419
-333
-214
-211
-112
-18
46
69
79
122
57
8
-22
-108
-178
-222
-220
-236
-248
-202
-152
-135
-108
-66
-70
-98
-115
-173
-243
-342
-455
-554
-695
-791
-921
-1035
-1106
-1204
-1251
-1302
-1290
-1271
-1144
-998
-944
-820
-559
-337
-289
-31
294
382
399
627
921
898
869
1111
1223
1163
1206
1374
1413
1296
1362
1382
1275
1186
1074
903
695
526
308
1
-147
-301
-529
-653
-685
-716
-822
-747
-562
-520
-460
-292
-102
-21
51
216
272
295
363
407
429
477
516
481
527
608
606
561
595
662
602
555
592
550
410
324
273
122
-36
-125
-226
-368
-431
-434
-486
-497
-423
-351
-280
-182
-79
-31
2
81
63
3
-25
-99
-175
-239
-250
-273
-299
-231
-187
-151
-64
29
86
94
145
190
120
70
33
-32
-116
-161
-160
-207
-228
-183
-158
-127
-72
-43
-12
1
28
-2
-80
-135
-219
-340
-481
-577
-723
-881
-969
-1084
-1188
-1289
-1305
-1384
-1347
-1138
-1153
-1077
-854
-548
-476
-418
33
198
165
303
637
759
565
740
1004
909
929
1108
1259
1189
1194
1394
1283
1207
1173
1012
869
714
630
350
133
85
-140
-333
-404
-427
-567
-664
-495
-431
-458
-325
-134
-44
-6
170
285
273
334
375
358
316
321
275
168
201
231
172
200
310
352
314
378
457
361
283
268
188
36
-56
-96
-201
-280
-295
-269
-295
-230
-143
-83
17
92
173
200
254
279
200
155
121
11
-78
-158
-199
-282
-324
-255
-252
-210
-157
-89
-24
6
76
84
52
53
-4
-37
-79
-135
-173
-243
-241
-244
-244
-212
-175
-148
-105
-58
-56
-72
-131
-175
-280
-402
-537
-693
-854
-1005
-1163
-1279
-1363
-1495
-1538
-1596
-1425
-1310
-1335
-1150
-925
-674
-628
-379
54
123
195
440
730
775
672
935
1064
967
1050
1181
1303
1254
1342
1493
1428
1456
1406
1301
1216
1050
883
579
413
264
-64
-244
-358
-480
-656
-694
-560
-571
-535
-398
-251
-138
-94
21
68
88
123
85
57
41
13
-42
-56
7
10
-16
89
210
280
341
460
547
518
543
570
524
425
336
255
147
57
-43
-110
-125
-122
-109
-48
45
100
120
199
265
211
135
99
71
-66
-170
-217
-320
-402
-427
-408
-398
-360
-267
-198
-115
-6
81
129
157
175
164
126
98
51
-21
-73
-109
-137
-173
-184
-168
-153
-111
-66
-65
-63
-69
-102
-172
-286
-408
-571
-722
-870
-1048
-1186
-1316
-1446
-1527
-1638
-1591
-1419
-1430
-1341
-1153
-837
-711
-595
-128
48
123
291
598
787
649
802
1012
960
1001
1118
1285
1268
1298
1520
1482
1531
1577
1509
1440
1313
1226
943
693
560
243
-59
-241
-384
-587
-780
-724
-682
-749
-638
-473
-336
-280
-140
-23
-11
41
31
-16
-40
-30
-91
-177
-144
-69
-100
-32
135
273
313
421
597
616
627
671
669
591
503
440
310
180
90
-29
-111
-140
-144
-157
-131
-66
-31
-5
79
130
107
67
48
1
-100
-185
-275
-358
-419
-467
-493
-487
-432
-349
-266
-151
-36
56
120
185
235
214
180
138
81
20
-48
-100
-136
-157
-141
-124
-109
-85
-64
-44
-50
-37
-93
-167
-256
-394
-543
-723
-899
-1100
-1301
-1455
-1586
-1696
-1816
-1776
-1618
-1625
-1543
-1287
-972
-848
-662
-167
45
144
352
672
800
720
931
1124
1079
1122
1288
1414
1383
1476
1655
1618
1660
1693
1582
1474
1367
1239
919
672
503
157
-154
-337
-473
-701
-868
-808
-824
-889
-792
-646
-530
-439
-252
-136
-90
19
52
30
49
92
30
-40
20
70
25
113
284
399
473
620
801
839
875
926
894
804
714
605
426
269
151
-4
-122
-172
-232
-286
-268
-204
-175
-147
-63
-27
-57
-64
-60
-124
-237
-311
-387
-476
-542
-585
-600
-595
-523
-436
-349
-242
-109
-3
82
202
278
286
273
274
214
123
45
-47
-110
-180
-215
-211
-211
-192
-180
-135
-100
-109
-137
-191
-282
-384
-513
-656
-837
-1047
-1204
-1351
-1514
-1632
-1706
-1707
-1554
-1495
-1391
-1185
-880
-665
-521
-68
224
366
538
849
1110
1042
1123
1342
1345
1323
1383
1498
1516
1477
1586
1589
1592
1609
1517
1443
1332
1211
974
694
528
247
-63
-292
-488
-677
-888
-939
-920
-947
-880
-769
-614
-473
-339
-211
-123
-20
18
-10
11
31
-47
-124
-114
-71
-124
-108
24
131
191
293
473
569
600
663
693
661
596
501
374
230
97
-73
-191
-257
-334
-375
-371
-303
-275
-223
-115
-44
8
37
82
92
23
-34
-117
-194
-246
-339
-379
-396
-389
-368
-332
-218
-140
-64
59
155
233
245
269
274
195
138
54
-26
-118
-198
-217
-266
-272
-259
-270
-251
-223
-208
-216
-239
-227
-309
-427
-505
-647
-810
-957
-1105
-1237
-1393
-1473
-1556
-1667
-1485
-1415
-1357
-1175
-887
-581
-531
-142
246
340
525
771
1040
1037
1045
1283
1271
1250
1324
1374
1443
1399
1509
1529
1468
1572
1495
1411
1346
1249
1088
806
661
447
118
-92
-278
-457
-657
-739
-707
-769
-749
-659
-556
-452
-337
-211
-145
-59
15
-10
-39
-23
-79
-154
-169
-137
-180
-177
-69
18
91
191
343
430
499
583
598
563
525
474
355
236
171
33
-79
-122
-170
-234
-254
-191
-168
-158
-78
-16
1
8
28
32
-43
-86
-145
-256
-326
-392
-476
-535
-547
-512
-513
-436
-312
-244
-148
-62
41
98
124
187
185
154
135
85
26
-51
-72
-94
-145
-129
-132
-125
-100
-84
-84
-117
-132
-177
-283
-379
-495
-658
-823
-981
-1118
-1277
-1402
-1492
-1592
-1607
-1478
-1409
-1367
-1151
-845
-658
-494
-103
195
307
497
771
950
961
1039
1181
1198
1199
1268
1323
1361
1400
1469
1489
1512
1564
1489
1403
1348
1251
1060
847
694
465
198
-17
-224
-422
-596
-699
-730
-750
-722
-667
-585
-479
-398
-324
-252
-176
-161
-187
-157
-140
-205
-231
-172
-125
-133
-65
59
135
225
357
486
554
638
704
724
739
728
665
552
469
387
238
154
106
12
-56
-83
-57
-84
-70
-9
-16
8
31
25
-16
-91
-126
-213
-336
-409
-495
-559
-602
-617
-607
-603
-517
-412
-335
-228
-125
-22
35
87
146
144
119
76
15
-46
-99
-131
-167
-176
-152
-144
-118
-69
-52
-69
-78
-62
-120
-224
-300
-399
-530
-702
-832
-960
-1111
-1214
-1278
-1321
-1352
-1351
-1225
-1071
-1013
-862
-623
-419
-312
-90
227
367
484
684
886
969
1015
1145
1251
1256
1332
1427
1500
1526
1555
1608
1574
1574
1531
1413
1299
1157
963
715
520
334
84
-144
-326
-484
-635
-733
-753
-788
-803
-760
-707
-675
-632
-557
-513
-496
-442
-402
-389
-355
-315
-301
-283
-201
-146
-106
-19
88
181
276
389
496
569
619
648
635
599
556
497
408
324
234
144
77
31
-29
-92
-115
-117
-138
-142
-129
-118
-123
-161
-185
-239
-300
-383
-470
-516
-575
-618
-635
-620
-559
-518
-456
-367
-277
-186
-108
-4
55
80
116
138
142
117
89
71
39
34
17
5
32
35
52
46
49
46
0
-38
-96
-168
-244
-380
-496
-619
-759
-890
-995
-1075
-1144
-1192
-1193
-1196
-1149
-983
-915
-808
-638
-447
-304
-195
87
260
355
543
753
911
969
1090
1252
1296
1362
1444
1484
1526
1529
1560
1522
1462
1407
1240
1109
981
791
575
364
192
-16
-204
-347
-509
-656
-756
-822
-858
-879
-862
-837
-793
-730
-678
-631
-573
-491
-407
-359
-288
-208
-175
-118
-38
57
101
173
285
357
443
517
588
628
639
655
633
602
570
504
440
400
340
264
195
165
144
80
53
45
8
-30
-56
-82
-126
-158
-208
-276
-322
-362
-411
-452
-455
-453
-461
-432
-372
-323
-280
-209
-108
-35
15
70
112
133
137
139
144
121
104
116
130
139
153
149
161
182
173
161
149
116
58
-11
-80
-180
-301
-425
-522
-602
-711
-783
-835
-889
-927
-951
-960
-964
-961
-935
-816
-740
-695
-567
-413
-299
-192
19
202
315
464
673
830
919
1049
1165
1213
1271
1321
1338
1318
1292
1275
1205
1121
1014
861
718
574
425
249
84
-65
-238
-381
-486
-606
-712
-778
-827
-866
-898
-891
-875
-855
-793
-742
-687
-616
-541
-434
-359
-271
-158
-75
6
84
180
231
273
350
398
409
432
455
441
437
427
404
400
380
355
339
314
287
222
187
153
95
42
-16
-53
-101
-171
-209
-258
-306
-330
-356
-349
-367
-367
-344
-327
-291
-271
-255
-226
-199
-159
-134
-90
-43
-22
16
48
95
126
154
218
261
294
308
328
352
329
312
316
307
277
228
188
127
47
-30
-124
-199
-284
-372
-443
-515
-584
-652
-713
-743
-782
-827
-832
-845
-842
-867
-841
-733
-727
-680
-553
-415
-319
-243
-16
143
245
423
611
765
847
956
1060
1109
1147
1158
1138
1129
1093
1048
961
871
789
652
546
453
329
174
51
-35
-153
-284
-377
-474
-568
-643
-709
-730
-758
-764
-747
-702
-643
-603
-528
-427
-324
-225
-132
-11
96
147
205
285
336
361
382
404
421
421
427
432
435
439
434
434
446
441
412
397
392
372
317
266
242
172
96
32
-14
-67
-138
-179
-210
-248
-268
-283
-289
-284
-285
-284
-289
-284
-280
-278
-253
-234
-219
-204
-186
-179
-169
-131
-94
-44
1
61
111
165
216
268
328
357
385
393
388
384
354
311
253
196
123
29
-60
-150
-241
-324
-390
-459
-530
-593
-649
-705
-757
-815
-852
-875
-886
-902
-874
-800
-790
-747
-623
-505
-427
-286
-71
75
184
377
556
671
769
892
1012
1050
1093
1095
1087
1074
1035
1008
934
869
785
660
574
489
384
258
161
89
-21
-135
-229
-333
-414
-476
-534
-561
-587
-593
-592
-564
-519
-489
-447
-387
-310
-230
-157
-90
-29
-6
33
82
103
124
142
172
174
184
203
209
227
246
253
267
287
290
288
292
306
284
265
237
205
182
131
94
61
10
-41
-103
-139
-165
-202
-222
-255
-280
-290
-307
-315
-326
-332
-324
-321
-308
-309
-309
-284
-262
-232
-189
-153
-118
-64
-7
45
101
160
217
267
322
343
346
342
337
301
254
211
150
72
-7
-77
-163
-268
-345
-407
-492
-551
-601
-655
-715
-775
-821
-860
-899
-914
-945
-940
-876
-857
-813
-721
-597
-514
-402
-195
-51
93
279
451
606
719
832
938
1004
1078
1117
1123
1149
1137
1108
1052
986
932
828
753
673
576
469
361
265
139
21
-80
-195
-293
-355
-437
-493
-527
-558
-580
-576
-545
-540
-503
-435
-379
-326
-264
-187
-130
-90
-42
15
58
88
130
166
195
229
270
294
340
378
392
423
448
468
458
457
469
445
412
386
359
320
262
209
164
109
44
-14
-55
-102
-147
-168
-197
-231
-264
-296
-299
-300
-321
-322
-316
-321
-326
-317
-290
-279
-232
-182
-148
-93
-38
9
66
127
178
220
254
290
302
310
305
289
271
236
190
133
57
-23
-83
-161
-239
-321
-402
-471
-555
-611
-674
-735
-779
-837
-873
-919
-956
-982
-983
-966
-938
-890
-829
-757
-656
-522
-393
-229
-49
111
261
423
575
702
811
897
979
1036
1071
1096
1100
1083
1045
1013
962
889
812
722
628
528
425
315
202
88
-21
-138
-234
-334
-416
-481
-549
-598
-639
-658
-650
-619
-595
-555
-490
-434
-370
-304
-247
-181
-117
-44
16
77
128
168
236
274
301
349
396
434
459
486
497
505
508
503
505
503
491
462
432
399
342
299
253
210
161
99
55
4
-47
-94
-151
-178
-212
-257
-268
-286
-294
-286
-287
-278
-278
-278
-257
-234
-211
-179
-131
-83
-42
6
43
78
107
140
184
192
202
222
223
222
186
157
126
59
11
-60
-135
-204
-294
-388
-472
-556
-631
-703
-752
-808
-860
-885
-910
-919
-934
-931
-907
-888
-846
-809
-760
-676
-609
-522
-420
-319
-201
-80
58
199
350
491
615
740
831
910
971
1004
1018
1016
1006
974
917
857
795
707
611
523
418
332
237
142
63
-24
-103
-173
-234
-301
-370
-421
-463
-490
-512
-524
-509
-493
-480
-452
-400
-338
-277
-203
-123
-33
57
114
188
251
306
360
408
435
467
476
477
498
497
526
531
549
574
564
571
564
551
540
511
492
460
404
354
295
237
160
70
2
-77
-139
-204
-259
-300
-325
-359
-379
-380
-372
-358
-342
-309
-292
-256
-224
-176
-142
-110
-67
-33
14
48
92
127
150
177
194
205
224
227
228
210
173
135
84
18
-66
-152
-235
-325
-411
-484
-558
-623
-682
-732
-774
-787
-794
-791
-771
-734
-704
-670
-615
-573
-518
-464
-412
-339
-267
-187
-87
-2
97
187
294
396
495
596
674
742
797
820
845
845
813
777
726
671
605
534
463
374
283
194
96
26
-46
-107
-148
-214
-273
-318
-383
-421
-448
-468
-477
-495
-502
-509
-490
-466
-432
-382
-325
-260
-194
-127
-49
32
113
180
239
301
338
377
407
423
448
458
469
491
505
509
527
550
557
561
562
548
530
502
482
435
375
298
220
135
56
-13
-103
-159
-227
-290
-347
-392
-414
-437
-437
-415
-393
-377
-356
-336
-296
-263
-241
-203
-165
-130
-107
-93
-66
-38
-11
13
49
87
115
135
135
145
133
109
64
27
-19
-84
-146
-203
-245
-308
-371
-427
-490
-522
-546
-559
-557
-548
-541
-531
-495
-464
-427
-394
-353
-316
-276
-237
-198
-153
-113
-67
-8
54
114
183
253
344
424
485
542
600
648
657
659
663
639
615
555
492
435
362
291
213
133
66
2
-62
-116
-168
-213
-245
-273
-307
-328
-358
-391
-414
-422
-423
-426
-416
-410
-390
-356
-300
-241
-163
-73
10
88
169
241
306
368
426
479
523
558
583
609
620
626
633
634
629
619
615
608
589
578
549
507
465
398
323
251
173
82
-16
-109
-192
-279
-365
-440
-492
-539
-558
-567
-574
-566
-546
-515
-499
-460
-424
-387
-344
-307
-268
-240
-192
-142
-99
-57
-16
28
57
81
103
123
139
137
133
124
109
87
47
12
-36
-87
-147
-215
-266
-307
-338
-373
-395
-415
-414
-396
-374
-340
-312
-274
-228
-188
-165
-138
-99
-76
-46
-19
18
45
58
100
133
168
203
230
277
329
354
377
400
424
436
429
426
401
378
340
289
254
197
138
80
33
-15
-63
-101
-132
-142
-157
-174
-180
-189
-194
-206
-211
-215
-225
-229
-225
-221
-217
-199
-173
-131
-84
-42
25
91
163
233
303
365
433
484
515
540
565
592
586
579
574
564
537
508
481
456
431
383
339
287
227
163
83
17
-56
-134
-217
-291
-350
-416
-479
-536
-576
-616
-639
-647
-641
-611
-575
-546
-502
-449
-394
-347
-313
-258
-198
-165
-130
-89
-47
-12
11
35
55
81
101
118
140
136
129
119
109
94
59
24
-15
-41
-73
-120
-162
-188
-202
-227
-246
-243
-228
-209
-183
-150
-108
-71
-41
-2
25
52
78
99
140
171
187
201
225
242
236
244
270
294
298
307
316
320
312
303
307
295
287
261
216
170
129
82
15
-33
-70
-118
-145
-155
-163
-174
-180
-183
-181
-164
-161
-157
-154
-142
-135
-138
-120
-118
-109
-82
-61
-30
-7
31
74
114
162
210
256
294
344
387
417
430
440
455
454
424
380
353
329
297
240
202
172
111
52
-7
-46
-103
-159
-198
-252
-312
-360
-405
-458
-506
-561
-599
-618
-633
-634
-632
-597
-566
-541
-501
-458
-404
-341
-276
-225
-175
-119
-65
-21
10
47
79
93
128
159
178
193
205
210
208
201
195
174
155
146
131
103
80
55
34
4
-28
-58
-78
-76
-76
-69
-59
-41
-20
-1
32
67
99
133
160
189
218
217
225
242
255
257
246
249
259
265
251
246
247
240
239
230
220
207
177
139
113
81
47
12
-26
-54
-116
-168
-196
-240
-262
-286
-297
-288
-293
-299
-299
-300
-281
-256
-247
-231
-198
-167
-149
-123
-90
-59
-15
12
64
117
155
197
226
258
283
323
368
382
385
387
383
384
350
320
301
259
221
172
121
73
14
-46
-97
-143
-180
-202
-239
-292
-338
-368
-406
-442
-455
-455
-458
-473
-462
-458
-448
-434
-417
-370
-341
-314
-275
-222
-183
-153
-120
-67
-25
1
30
55
100
126
139
146
167
202
223
233
229
242
230
216
210
193
186
161
136
119
86
46
31
18
5
5
11
20
20
21
38
53
61
61
93
117
142
155
158
171
171
158
148
167
166
155
143
139
121
102
98
82
76
64
58
50
46
34
4
-18
-38
-45
-57
-81
-82
-86
-108
-122
-129
-135
-138
-138
-132
-133
-138
-136
-129
-125
-121
-108
-84
-69
-59
-49
-31
-13
-3
12
38
55
67
89
117
134
147
169
181
195
206
216
217
199
178
170
167
142
115
98
76
52
16
-21
-42
-81
-121
-144
-166
-199
-232
-258
-281
-304
-317
-325
-331
-337
-346
-339
-333
-334
-331
-312
-287
-262
-230
-207
-173
-146
-119
-97
-64
-13
15
42
79
114
129
136
168
187
190
188
190
203
210
206
186
176
173
171
157
150
149
136
132
118
103
77
73
73
66
65
66
76
75
73
73
84
81
78
72
68
69
67
70
66
59
52
37
24
18
15
1
-15
-16
-26
-39
-65
-69
-79
-94
-108
-128
-141
-153
-171
-187
-178
-175
-200
-203
-197
-196
-200
-199
-191
-187
-181
-166
-143
-126
-116
-104
-78
-56
-44
-30
-8
18
33
46
82
113
125
126
151
183
205
222
231
252
259
264
269
267
257
247
233
214
193
169
135
110
84
47
11
-14
-41
-77
-108
-131
-141
-170
-194
-205
-202
-222
-233
-225
-231
-234
-237
-225
-214
-198
-180
-151
-123
-113
-86
-57
-32
-2
28
51
77
113
146
173
188
193
207
212
219
218
215
210
200
188
168
157
142
134
113
98
94
83
79
74
71
62
52
30
27
33
37
43
42
47
34
24
24
36
49
46
45
43
41
43
35
29
23
19
9
1
-13
-21
-22
-27
-30
-50
-54
-60
-67
-68
-71
-74
-97
-118
-125
-126
-129
-129
-123
-133
-128
-132
-139
-130
-133
-122
-125
-130
-123
-112
-101
-98
-86
-80
-84
-74
-51
-48
-46
-27
-10
3
18
35
49
56
62
86
105
111
121
138
152
148
138
141
139
120
102
100
93
63
36
23
6
-16
-42
-58
-77
-88
-103
-117
-121
-132
-129
-126
-126
-112
-103
-96
-88
-77
-66
-58
-49
-30
-14
-11
8
30
43
59
62
76
97
103
110
128
139
135
130
126
129
122
112
102
82
69
55
43
37
33
37
33
17
5
0
-5
-16
-31
-42
-42
-54
-70
-74
-75
-80
-77
-78
-89
-91
-91
-81
-78
-84
-82
-69
-54
-40
-22
-26
-20
-10
-7
-7
-4
7
5
-6
-11
-6
-3
-12
-18
-14
-34
-38
-47
-46
-40
-62
-68
-71
-76
-85
-81
-65
-61
-69
-63
-48
-50
-48
-51
-35
-21
-18
-13
4
18
27
49
62
78
88
102
111
124
128
122
122
135
145
148
140
126
119
104
94
80
69
52
32
25
11
-14
-34
-37
-39
-60
-83
-90
-96
-113
-132
-128
-113
-115
-110
-108
-101
-78
-63
-56
-51
-40
-25
-17
-2
10
15
28
41
58
76
83
94
106
108
112
108
107
105
105
106
100
96
86
78
69
66
48
31
28
15
-2
-19
-27
-35
-29
-27
-31
-35
-47
-54
-63
-75
-78
-72
-63
-67
-68
-54
-48
-50
-43
-28
-10
5
8
17
25
25
22
27
49
54
60
62
56
63
54
42
37
33
25
20
15
-8
-27
-39
-40
-47
-66
-80
-77
-78
-95
-101
-95
-83
-81
-93
-85
-78
-67
-64
-71
-57
-50
-43
-39
-21
-9
6
18
25
47
49
52
56
61
77
70
69
69
71
81
81
74
67
62
55
57
47
37
35
32
25
23
18
13
7
6
14
10
8
-2
-10
-5
-3
-4
2
-2
-1
1
0
5
-4
-9
-8
-3
4
11
18
25
25
26
25
33
42
32
30
24
21
7
-8
-7
-12
-27
-43
-43
-46
-63
-68
-62
-62
-66
-78
-76
-66
-68
-70
-70
-68
-56
-60
-61
-56
-53
-45
-44
-39
-22
-7
-6
-6
-5
9
20
19
31
37
30
29
35
42
40
40
39
42
45
45
42
34
23
23
18
13
2
-5
-9
-20
-29
-36
-36
-42
-39
-42
-42
-36
-45
-40
-40
-36
-39
-41
-39
-39
-26
-20
-17
-21
-13
-11
-5
-6
-4
13
20
27
37
46
51
49
53
60
58
66
69
73
66
57
56
50
48
38
29
23
24
22
7
2
1
12
6
-3
-2
1
4
-7
-3
-2
-10
-12
-9
-8
-12
-14
-12
-10
-16
-16
-12
0
0
-2
7
8
11
5
11
24
24
22
17
17
22
13
7
6
-3
-6
-20
-25
-25
-23
-28
-38
-39
-38
-41
-46
-44
-43
-47
-50
-49
-41
-46
-51
-48
-42
-44
-42
-32
-14
-4
0
2
4
12
16
29
38
44
62
59
58
69
75
79
82
87
94
94
93
82
79
78
69
68
61
53
38
16
3
-5
-10
-22
-35
-39
-49
-60
-65
-70
-72
-79
-81
-79
-83
-87
-88
-88
-77
-70
-66
-57
-47
-41
-37
-31
-20
-1
7
16
32
45
48
49
54
66
71
69
71
73
75
69
70
78
79
75
71
73
72
60
54
46
38
31
24
25
16
8
1
-14
-13
-14
-23
-27
-35
-33
-35
-48
-45
-39
-36
-38
-38
-33
-36
-38
-39
-33
-27
-30
-31
-29
-24
-23
-22
-21
-19
-19
-18
-20
-18
-18
-22
-24
-20
-15
-12
-14
-16
-15
-22
-30
-30
-28
-31
-33
-33
-26
-27
-36
-35
-29
-28
-22
-19
-9
-5
-7
-3
5
14
12
17
21
28
26
20
28
33
40
41
39
47
49
48
49
50
56
53
49
47
46
42
32
23
20
20
12
7
3
0
-9
-16
-17
-19
-14
-26
-29
-29
-35
-39
-41
-38
-39
-44
-44
-42
-39
-41
-41
-33
-24
-22
-24
-21
-19
-20
-20
-15
