8
-15
-9
-1
0
-24
-8
3
-23
1
30
1
-1
34
-2
3
20
-2
15
9
1
-13
20
30
12
43
48
26
37
31
22
19
12
5
-16
-12
-16
-26
-32
-20
-31
-38
-36
-51
-48
-48
-39
-39
-23
2
-14
13
11
13
21
-7
-3
-11
-6
-12
-19
-9
-19
-14
-5
4
1
5
10
14
12
33
55
24
57
49
25
45
15
-17
7
-32
-54
-33
-85
-79
-61
-51
-61
-34
-29
-58
-10
-19
-8
20
-17
-19
6
-16
-9
7
-12
40
-2
-5
34
-41
5
39
-8
67
62
18
86
53
55
88
38
62
34
12
29
-4
-10
17
6
-9
23
-19
-5
-23
-27
16
-51
-13
28
-84
8
45
-53
72
4
3
35
-63
24
-8
-62
42
12
-70
70
17
1
102
17
86
27
-19
65
-89
6
0
-78
15
-116
-24
-55
-81
-16
-42
-55
-22
-2
-43
8
-41
26
-41
-33
64
-139
-40
36
-169
-26
-61
-35
-62
-72
99
-103
60
68
23
133
25
133
44
86
127
1
58
72
-41
-95
32
-66
-117
-73
-9
-66
-146
35
-18
-75
108
-2
62
138
-15
103
19
88
-75
-56
130
-193
-29
-39
-61
-115
-95
58
-139
6
9
29
35
3
132
60
114
85
90
168
7
-38
175
-19
-205
70
-42
-232
-26
-4
-196
-38
45
-220
14
54
-113
43
50
-27
-79
51
-20
-58
-20
50
-103
-35
-5
-42
-51
-117
119
-80
-68
131
-13
-140
229
0
31
155
2
172
-3
80
113
36
-42
126
-14
-157
205
-109
-109
196
-122
-7
64
-116
73
43
-98
67
59
-186
98
73
-189
181
26
-124
127
59
-114
68
49
-79
41
-72
86
-65
-65
186
-111
16
16
66
-94
17
96
-124
80
10
38
-87
179
-7
-32
122
-42
42
-82
54
-97
-56
-53
-45
22
-144
110
-56
-107
98
-28
0
156
-100
139
125
-149
142
140
-78
105
107
-88
190
-176
28
75
-288
58
-11
-196
0
-55
-33
-50
-7
-41
99
-66
61
121
-78
176
-104
120
40
-48
12
1
-33
-216
91
-85
-151
31
-85
-49
-87
-57
55
-196
-42
92
-254
114
-43
-3
6
-26
187
-97
1
126
-35
-147
118
-74
-72
-137
125
-190
-135
173
-195
24
-1
7
22
-98
-38
69
-186
92
-85
123
9
-100
188
-48
67
-112
206
-71
-48
193
-11
-76
112
79
-166
179
91
-69
65
80
-48
-87
85
22
-242
241
-50
-114
90
54
-43
-89
183
-56
-7
-60
176
-132
-86
275
-193
56
126
-70
175
-145
179
31
-70
29
203
-103
-87
357
-213
67
29
161
-171
51
80
-21
-108
22
291
-396
315
69
-102
97
71
121
-142
171
151
-43
-37
203
-26
-127
163
-25
-80
75
49
-35
-14
115
-54
-98
91
52
-127
5
128
-107
-37
-53
190
-273
52
149
-274
41
-65
61
-164
87
144
-214
21
148
-143
-119
299
-203
-31
150
-135
70
-88
-59
64
-116
10
67
-136
294
-388
125
140
-326
25
14
-8
-252
186
-116
-26
-43
25
33
-106
125
-188
6
62
-254
71
-40
-25
-24
8
135
-81
118
-56
57
31
-115
73
30
-79
23
-73
19
-16
-193
124
11
-58
28
7
118
-128
26
132
21
-2
76
90
146
-205
156
3
-96
7
-136
136
-198
-99
72
-53
-206
106
-167
91
-121
-59
151
-141
44
-85
114
107
-145
158
207
-154
203
-19
103
13
-131
116
-118
-17
-143
-88
133
-293
-89
131
-106
-83
-97
297
-109
-220
344
89
-212
155
99
106
-248
145
286
-362
201
-52
125
-162
-112
431
-423
185
36
-56
214
-176
185
103
-63
23
140
22
-86
184
-58
109
-59
-52
256
-275
130
60
-231
253
-264
113
68
-244
295
-171
119
-54
189
65
-41
228
25
2
-25
98
28
-268
161
-87
-122
-36
-141
180
-346
59
44
-76
-143
130
123
-198
91
63
6
-40
25
115
-73
-132
135
-86
-43
-69
50
-84
-149
22
-104
153
-306
115
128
-445
325
-241
133
-124
-23
251
-333
398
-290
330
-167
-14
302
-460
361
-334
84
-175
-141
79
-339
377
-417
436
-120
-51
421
-370
403
-57
94
170
-203
345
-352
155
-1
-270
279
-470
335
-507
100
-37
-310
207
-367
319
-258
-77
429
-356
279
162
-149
441
-362
543
-194
181
109
-18
392
-635
844
-686
138
188
-433
237
-370
259
-304
-9
141
-121
-20
165
-77
79
149
-148
269
-132
33
145
-240
322
-231
143
36
-19
55
63
123
-211
359
-265
102
126
-69
25
129
-63
-125
110
-68
-104
42
25
-146
60
-194
206
-262
-69
226
-106
-199
273
120
-395
303
179
-331
144
204
-187
74
-67
243
-171
-45
63
175
-471
176
186
-603
572
-568
333
-140
-238
402
-301
155
-58
207
-168
160
-102
333
-253
113
380
-456
452
-262
45
47
-217
48
274
-449
203
333
-582
495
-183
253
-128
162
151
-31
57
-84
588
-768
714
-280
131
2
-202
546
-621
435
-93
156
-225
238
-25
-155
238
-244
543
-465
383
227
-470
424
111
-186
120
264
-338
173
-114
-43
145
-451
346
-115
-377
416
-67
-254
348
-30
-117
299
-262
343
2
-272
698
-481
89
393
-440
129
271
-329
164
142
-418
563
-743
397
241
-949
981
-454
-342
485
-247
-167
369
-273
200
225
-526
837
-592
190
284
-268
266
-163
280
-327
334
-295
319
-252
91
145
-240
188
-26
118
-259
473
-384
314
-279
206
-69
-357
587
-601
259
-177
163
-326
-89
300
-498
177
-209
353
-378
-73
466
-372
-112
305
67
-428
115
273
-517
-40
261
-277
-203
110
88
-442
108
250
-407
-89
246
-94
-439
288
176
-465
91
471
-569
68
307
-378
167
-282
295
-162
-443
444
-227
-513
443
-312
-367
345
-454
113
-200
-22
107
-234
-3
300
-379
2
498
-877
735
-278
-259
411
-362
193
-46
-169
301
-201
-221
646
-705
460
223
-569
563
-178
-69
-16
91
-203
69
-287
373
-313
-176
586
-622
262
-47
143
-221
57
319
-170
-192
531
-201
-189
524
-109
41
49
471
-394
271
298
-148
121
138
282
-182
58
336
-55
-181
485
-198
143
-70
222
-88
23
246
-344
374
-444
383
-364
184
126
-396
514
-464
339
-247
-19
227
-429
234
54
-94
99
81
128
-1
93
174
198
-247
346
231
-399
427
45
-96
95
3
93
-287
85
-59
-349
204
-154
-151
153
-376
277
-328
-3
159
-313
243
-366
241
-266
92
-225
163
19
-371
267
-263
-23
-130
108
-58
-35
115
-125
136
-138
-66
423
-374
177
221
-212
100
-43
-47
248
-425
267
200
-590
447
-325
149
-89
-134
273
-243
175
-97
69
92
-203
-52
133
-116
-139
333
-211
117
-114
119
10
-81
244
-64
25
68
137
-378
433
-125
37
-9
351
-130
-98
426
-273
104
12
130
-199
104
-57
-75
-41
79
-274
210
-118
-9
7
-140
268
-501
371
-70
-279
172
-40
-168
17
115
-221
8
68
-184
64
-62
-126
226
-441
444
-198
-133
276
-307
271
-308
529
-148
-249
555
-469
71
-28
88
-217
8
367
-592
315
147
-436
359
62
-197
144
37
-10
-215
202
318
-558
289
171
-407
107
-135
302
-380
44
196
-234
-20
45
-212
363
-585
280
106
-620
507
-431
320
-342
341
-184
-77
409
-399
121
276
-246
-107
387
-251
-15
175
-186
1
132
-216
116
33
27
-234
250
169
-504
495
118
-468
399
155
-471
442
-55
100
-110
604
-251
-291
712
-527
-205
390
54
-737
802
-347
-288
470
-216
-46
346
-160
-1
12
114
-181
-50
522
-580
289
218
-365
15
470
-454
55
313
-149
-211
228
115
-314
446
-156
116
1
-68
117
-295
553
-465
88
461
-760
259
-74
-94
-416
359
-228
-199
124
-95
115
-382
302
-241
2
10
-185
64
100
-471
341
-20
-146
69
63
128
-687
755
-707
93
168
-452
322
-449
502
-472
169
376
-585
449
-99
-122
95
223
-145
94
250
-105
-58
332
-138
-184
512
-427
233
134
-361
459
-619
568
-377
193
475
-698
877
-392
9
199
21
70
0
135
29
-236
327
-168
151
171
-243
190
-85
-22
-161
317
-166
-194
162
162
-574
457
26
-130
228
-40
122
-210
177
-198
141
-308
253
-322
-31
146
-498
409
-432
416
-348
-39
403
-635
433
-232
-52
247
-399
64
425
-856
395
104
-602
420
-683
716
-726
21
348
-461
-53
-92
47
-129
-38
-180
544
-821
516
-151
-155
279
-303
288
-460
157
-79
-205
388
-392
240
-161
-70
30
-468
756
-698
254
176
-403
303
-245
301
-25
-1
326
-153
171
187
-316
511
-419
609
-375
28
420
-413
173
-12
317
-328
13
414
-241
-122
274
-139
152
-265
143
36
-118
-70
-2
122
-272
174
-164
209
-247
-111
520
-363
19
197
252
-571
566
-146
1
-73
152
20
-326
369
-290
286
-312
545
-479
-34
491
-667
336
-140
20
-150
-296
392
-587
63
106
-305
384
-311
88
117
-155
-68
-31
231
-269
165
-13
62
-79
-288
267
-193
-284
365
-285
175
-231
130
92
-471
776
-516
433
-7
-138
282
-292
185
42
-52
88
210
-454
719
-651
552
-401
196
240
-670
825
-923
821
-733
222
159
-589
454
-377
124
-20
-106
221
10
-251
306
-208
-69
234
-54
-26
190
-177
-15
67
-258
318
-438
293
118
-220
71
210
-149
-31
273
85
-227
141
3
45
-304
373
-25
-500
692
-634
333
-225
83
63
-342
506
-459
326
-151
169
69
-190
705
-395
257
144
39
98
-112
418
-171
133
-218
285
-166
-265
525
-363
127
79
71
-183
219
-160
167
176
-214
313
27
-267
312
-263
64
-18
-420
634
-899
335
77
-573
489
-392
386
-412
162
245
-546
411
-326
226
-294
58
46
-336
300
-438
253
37
-330
223
67
-243
193
132
90
-35
97
55
-221
297
-276
286
-282
388
-327
-3
455
-876
1010
-623
384
-109
2
554
-775
720
-136
-341
460
-373
419
-31
-129
620
-706
593
-327
103
300
-383
737
-588
402
-128
-213
408
-285
236
-10
138
-97
-286
380
-470
50
121
-126
70
-188
88
74
-335
102
-34
209
-325
519
-58
-80
264
-370
396
-592
546
139
-575
584
-387
-255
-192
67
-67
-55
-58
107
47
-685
743
-585
264
1
109
218
-598
665
-557
239
-88
127
44
-193
279
-175
63
-8
149
-311
354
-23
-13
15
227
-82
-97
268
-200
80
-306
414
-484
315
137
-513
492
-365
193
-284
403
-94
-122
267
-125
224
-349
315
-102
-112
259
-93
128
24
-8
-165
440
-488
281
21
-140
226
-334
522
-548
332
23
57
-26
-111
475
-577
191
41
-113
-76
50
-22
-70
305
-512
511
-132
70
-27
20
451
-790
711
-136
-476
477
-108
-167
-4
31
167
-571
423
109
-504
289
-86
2
-106
212
-54
-23
129
-239
183
-124
-147
379
-335
234
-21
-78
-69
127
19
-19
221
48
-26
-2
259
-399
121
102
3
-115
28
215
-201
-272
100
128
-434
248
144
-117
-42
-128
171
-257
79
301
-271
176
37
-165
3
-100
73
-13
-23
-197
103
-112
-338
196
-72
-181
-291
360
-165
-501
592
-265
-211
222
-9
-229
267
-187
316
-206
117
46
-212
274
-286
326
-48
165
25
220
-247
223
-98
138
201
-196
640
-722
444
6
-346
628
-435
527
-134
-207
490
-547
231
-43
37
-21
-61
387
-547
189
-140
104
-320
227
405
-606
147
440
-683
110
538
-438
192
-76
420
-592
-110
614
-566
10
285
-128
-251
122
-78
-279
268
-176
-51
320
-242
242
-210
141
155
-124
199
270
-10
-27
192
-39
-46
76
246
-170
8
24
-119
-290
191
94
-535
509
-136
-231
-49
170
-217
-61
150
-81
232
-511
537
-295
-150
282
-256
194
-25
125
-127
159
-102
5
71
85
453
-370
427
76
-214
141
165
158
-159
366
-193
12
-38
64
-124
104
269
-197
-8
-61
40
-205
141
79
79
-208
-3
219
-269
-163
278
110
-602
383
130
-224
-166
41
420
-712
245
268
-263
68
-55
151
-295
139
-152
103
11
4
26
-17
-31
-15
-117
-34
63
-190
-20
-92
108
-188
-174
184
-138
-96
106
-11
14
-120
-15
47
-226
-26
-86
-213
103
-304
-30
-171
22
-229
-107
164
-272
11
-94
74
-121
0
72
11
-35
13
146
-39
-17
165
1
155
85
127
82
71
4
15
56
18
93
-57
114
0
-5
-7
53
96
151
6
216
99
6
179
2
179
80
228
58
198
119
-14
208
39
216
47
129
203
-58
32
85
-1
54
-49
28
165
-96
-62
144
-50
-194
141
-25
-32
-108
-127
-160
-151
-274
-95
-158
-286
-201
-325
-314
-342
-390
-309
-334
-384
-325
-496
-519
-479
-601
-662
-368
-612
-530
-525
-425
-433
-537
-192
-129
-65
94
236
213
419
405
626
779
763
1008
929
1031
1011
987
1060
1054
1080
929
903
788
612
610
433
520
291
154
63
-135
-280
-283
-252
-416
-307
-353
-493
-333
-357
-443
-144
-177
-102
-127
55
82
-86
223
278
320
266
239
267
63
-7
-100
-5
-113
-491
-433
-602
-1011
-1046
-1126
-1095
-1536
-1490
-1637
-1906
-1980
-2068
-1988
-2094
-1138
-621
-455
-820
-1182
-796
-837
568
1665
1787
1132
333
711
868
1461
2608
2830
2455
1513
1431
1437
1210
1454
1485
1606
1006
438
78
-575
-670
-812
-283
-128
-695
-1233
-1892
-1795
-1821
-1250
-625
-531
-703
-996
-714
-701
-389
303
916
1344
1396
1372
1316
1322
1652
2350
2906
2856
2398
1876
1564
1530
1673
1854
1721
1132
436
23
-183
-414
-549
-504
-770
-1103
-1498
-1840
-1978
-1972
-1701
-1412
-1357
-1557
-1752
-1801
-1518
-1117
-730
-471
-556
-648
-803
-691
-506
-337
-153
-341
-395
-831
-1018
-1217
-1432
-1291
-1597
-1663
-1892
-962
-504
-538
-1423
-1899
-944
-835
712
1709
1538
-217
-1168
268
1145
2200
3172
3105
1984
585
1213
2183
2539
2696
2169
1736
634
62
185
192
343
-179
-233
-702
-1572
-2216
-2288
-1498
-1255
-1087
-1175
-1623
-1920
-1793
-906
-388
44
92
154
267
515
996
1295
1643
1822
1992
2121
2028
1811
1805
1867
2064
1968
1873
1486
957
674
577
613
567
318
-38
-266
-513
-606
-491
-428
-361
-485
-631
-689
-645
-559
-274
-54
-79
-142
-323
-276
-218
12
159
135
-25
-286
-387
-355
-276
-316
-438
-630
-1002
-1210
-1468
-1525
-1642
-1909
-2133
-2497
-2811
-3150
-2957
-2842
-1330
-367
-519
-2153
-2775
-1253
-455
1793
3228
2792
149
-1290
773
2452
3975
4731
3932
2224
153
1074
2670
3468
3280
1802
782
-710
-951
-521
7
137
-1028
-1870
-2713
-3143
-3283
-2721
-1614
-1657
-1987
-2594
-2835
-2276
-1226
17
433
344
18
-118
554
1678
2598
2813
2712
2419
2320
2424
2584
2942
2985
2766
2246
1718
1308
907
785
905
1114
483
-316
-940
-1335
-995
-699
-354
-702
-1276
-1610
-1394
-666
-290
47
-139
-341
-419
-289
321
625
767
643
383
218
34
289
487
614
384
-11
-458
-846
-724
-694
-589
-922
-1524
-2070
-2452
-2487
-2348
-2553
-2622
-3261
-3627
-3629
-2923
-682
-70
-769
-2973
-2360
-859
590
3229
3619
2312
-1138
-743
2135
4007
5430
4747
3415
880
244
2401
4027
4425
2702
614
-660
-1146
-116
438
655
-608
-2599
-3379
-3489
-2788
-2469
-1997
-1940
-2758
-3251
-3322
-2386
-1157
-216
131
-478
-644
-589
364
1727
2797
3129
2362
1881
1915
2668
3402
3671
3382
2755
1897
1564
1775
2008
1721
1157
779
89
-190
-607
-539
-537
-846
-836
-1173
-1260
-1355
-1118
-790
-650
-510
-647
-549
-450
-240
208
488
651
500
349
426
623
948
1013
869
546
198
-32
4
179
35
-313
-799
-1207
-1452
-1504
-1357
-1550
-1859
-2394
-2712
-2720
-2775
-2645
-3068
-2983
-3320
-2016
-257
-135
-1568
-3045
-1196
19
1911
3275
2731
123
-2091
484
3235
4617
4433
2808
1056
-489
1170
3555
4013
2795
146
-1200
-1440
-163
874
418
-671
-2658
-3527
-3172
-2119
-1434
-1870
-2279
-3076
-3246
-2622
-1842
-706
-172
-108
-681
-928
-94
979
2265
2918
3041
2489
1759
2080
3176
4311
4282
3361
2452
1811
1704
2261
2813
2778
1409
117
-275
-91
299
173
85
-661
-1364
-1633
-1470
-789
-643
-659
-855
-1071
-1019
-784
-41
369
444
223
20
133
425
897
1091
1123
684
234
156
344
648
582
296
-76
-489
-742
-805
-780
-1041
-1345
-1764
-2080
-2177
-2323
-2295
-2511
-2653
-3112
-3436
-3652
-3493
-3190
-2059
-354
-535
-2182
-3974
-1963
71
1891
3134
2239
-170
-2757
-37
3600
5228
4667
2512
750
-381
1541
4422
5001
3547
493
-1152
-659
1052
2528
1653
-56
-2259
-3270
-2318
-779
64
-1082
-2609
-3666
-3607
-2300
-1106
-268
-332
-1223
-2077
-2018
-337
1186
1983
1852
1342
799
649
1728
3143
3985
3495
2325
1491
1469
2138
2773
3039
2357
1073
20
269
955
1275
826
-127
-647
-1040
-689
-337
-193
-550
-1111
-1040
-935
-463
-223
-150
-227
-578
-326
12
396
515
330
327
240
463
540
636
590
364
303
256
261
-10
-317
-414
-411
-446
-516
-834
-1128
-1492
-1636
-1644
-1631
-1806
-2154
-2429
-2809
-2803
-2978
-2848
-2824
-2587
-1390
-954
-1192
-2788
-2536
-797
512
1875
1641
635
-1577
-1250
1671
3763
4205
2721
1078
40
753
3281
4716
3936
1626
-506
-558
822
2638
2548
548
-1577
-2640
-1817
-404
449
-434
-2319
-3414
-3210
-1796
-580
-441
-1127
-1951
-2132
-1724
-420
722
888
349
-10
359
956
1686
2313
2598
2288
1725
1682
2185
2695
2716
2415
2068
1631
1359
1262
1739
1919
1388
653
63
241
305
556
542
-80
-700
-1035
-562
-51
14
-280
-831
-1049
-875
-363
136
120
-295
-724
-657
-217
191
304
105
-204
-347
-190
163
347
192
-179
-481
-462
-264
-171
-372
-715
-1022
-1211
-1077
-1023
-1234
-1664
-1973
-2210
-2240
-2158
-2275
-2564
-2758
-2615
-2371
-1672
-1270
-1464
-2343
-2273
-1128
-90
684
688
163
-823
-688
970
2448
2750
2199
1312
913
1412
2740
3590
3032
1818
694
701
1415
2249
2085
832
-447
-1083
-605
89
334
-350
-1589
-2208
-2004
-1173
-543
-593
-1160
-1729
-1690
-1258
-480
78
162
-117
-310
53
630
1267
1468
1513
1480
1412
1473
1601
1948
1953
1721
1495
1345
1346
1308
1202
1287
1199
895
459
296
657
581
561
342
78
-205
-452
-177
-94
-100
-397
-751
-819
-733
-562
-583
-635
-804
-990
-863
-647
-160
-119
-158
117
107
375
411
441
240
146
280
245
256
107
-68
-276
-250
-127
-263
-552
-673
-751
-796
-954
-1097
-1320
-1589
-1558
-1314
-1088
-1274
-1602
-1896
-1871
-1637
-1395
-1113
-1162
-1164
-1227
-1142
-743
-298
-143
-129
15
102
-1
-63
394
764
867
812
813
827
764
944
1197
1304
1066
696
615
709
921
980
847
590
362
270
361
491
436
111
-244
-375
-274
-120
-91
-127
-226
-327
-305
-124
197
289
215
215
302
453
583
634
752
768
701
700
866
1052
974
857
841
924
859
715
719
772
844
692
484
346
162
127
181
318
270
-42
-370
-441
-276
-205
-191
-220
-281
-354
-257
-73
-7
-146
-341
-320
-115
80
117
39
-39
-109
-68
153
212
148
-50
-213
-253
-277
-297
-396
-577
-663
-734
-776
-814
-933
-1028
-1026
-933
-888
-877
-1008
-1190
-1206
-1026
-755
-675
-739
-850
-824
-565
-323
-196
-252
-311
-353
-258
-39
183
231
147
76
88
184
296
324
289
239
144
25
-26
75
174
128
91
13
-85
-173
-116
16
-31
-77
-171
-266
-274
-155
-19
52
0
-69
-58
35
271
387
425
387
359
384
506
731
849
854
817
836
936
1071
1155
1151
1054
999
1042
1121
1149
1035
817
620
497
513
538
398
209
-16
-106
-101
-45
-119
-292
-410
-413
-257
-126
-176
-337
-473
-385
-156
-48
-37
-126
-260
-228
-34
167
93
-122
-248
-241
-190
-161
-217
-391
-613
-746
-755
-753
-833
-934
-1022
-1045
-1037
-1070
-1014
-936
-873
-908
-917
-829
-625
-489
-375
-254
-191
-188
-127
190
440
494
484
501
523
566
690
801
811
654
532
528
556
574
430
357
202
56
-8
4
89
-33
-205
-344
-370
-355
-341
-326
-353
-446
-555
-481
-322
-237
-328
-448
-473
-432
-300
-116
18
-7
-193
-289
-109
183
338
289
236
197
192
290
460
647
583
412
383
450
568
620
647
626
509
482
536
632
626
518
454
441
455
442
465
461
362
165
82
166
246
206
141
67
-42
-89
-122
-123
-190
-265
-328
-361
-348
-326
-383
-452
-455
-451
-439
-436
-426
-408
-402
-371
-345
-292
-293
-307
-349
-321
-205
-134
-67
-19
19
11
-51
-53
-9
31
151
161
158
71
-18
6
57
141
142
109
30
-35
-51
22
128
112
-5
-110
-105
-63
-17
29
38
15
-40
-33
39
122
118
47
-10
7
60
99
109
58
-22
-148
-135
-46
1
-31
-102
-131
-156
-157
-124
-108
-58
-81
-119
-116
-67
3
-10
23
112
159
171
136
183
238
311
438
401
361
302
316
414
483
526
462
376
319
330
444
480
417
284
206
238
255
248
181
103
-12
-78
-71
-23
-76
-184
-247
-252
-246
-319
-314
-304
-324
-370
-379
-330
-325
-412
-468
-424
-378
-368
-416
-360
-298
-309
-362
-369
-261
-249
-278
-242
-151
-142
-198
-186
-113
-110
-135
-120
-96
-110
-143
-71
-13
19
-35
-69
-39
-13
11
54
107
78
-23
-47
38
145
140
133
138
128
132
183
274
269
190
94
62
117
194
204
152
44
-113
-205
-176
-81
-76
-169
-299
-374
-443
-399
-314
-277
-320
-394
-390
-337
-215
-129
-113
-108
-15
127
245
320
329
331
376
469
572
638
637
605
584
599
660
653
586
493
421
406
419
353
253
139
55
52
58
36
-32
-94
-107
-133
-122
-117
-94
-129
-164
-124
-106
-91
-99
-46
-9
5
-10
-44
-19
37
86
125
149
74
-8
-59
4
79
42
-33
-84
-99
-92
-97
-100
-153
-268
-328
-314
-273
-307
-347
-387
-410
-410
-396
-302
-259
-269
-310
-274
-141
-57
-4
-5
13
42
44
104
230
318
275
186
197
218
222
195
200
222
174
48
-21
-28
-111
-175
-215
-234
-303
-400
-417
-343
-291
-339
-427
-446
-421
-365
-303
-251
-178
-189
-197
-151
-46
44
73
135
189
236
259
232
296
359
405
422
404
362
323
388
446
460
428
355
311
313
347
380
329
239
158
146
187
177
99
14
-55
-48
-5
-5
-33
-142
-193
-171
-157
-178
-259
-286
-284
-221
-167
-138
-172
-272
-277
-232
-117
-56
-80
-93
-90
-50
-1
39
74
64
60
114
164
198
211
212
197
183
176
187
203
203
212
240
231
160
62
57
137
155
110
30
-51
-125
-135
-79
-51
-135
-265
-326
-313
-239
-188
-220
-302
-383
-385
-316
-222
-188
-249
-323
-347
-301
-188
-104
-82
-121
-151
-137
-100
-48
-16
33
35
38
32
42
58
80
116
129
142
126
138
146
168
170
170
148
126
114
109
117
119
120
99
72
56
54
72
138
198
200
145
106
92
116
140
152
137
72
50
57
77
51
-2
-65
-101
-110
-121
-131
-172
-228
-303
-310
-299
-316
-333
-336
-329
-339
-322
-299
-249
-226
-221
-203
-144
-83
-28
31
83
94
95
133
208
313
340
329
304
316
359
407
443
421
345
253
228
259
279
253
190
121
69
53
60
56
16
-76
-166
-205
-183
-144
-189
-233
-264
-288
-282
-245
-211
-233
-260
-255
-197
-139
-114
-122
-121
-81
-43
-13
16
56
69
91
110
157
195
212
231
219
216
175
158
185
222
258
227
175
140
163
223
267
267
177
104
113
175
259
264
212
124
82
131
182
197
153
76
49
36
64
76
49
-21
-100
-108
-115
-115
-158
-187
-205
-223
-242
-273
-295
-308
-328
-327
-333
-342
-363
-391
-394
-380
-342
-293
-276
-268
-251
-205
-182
-147
-99
-67
-32
-12
49
98
102
116
161
204
219
211
180
170
171
197
215
192
149
68
24
38
25
-24
-71
-117
-155
-174
-163
-170
-229
-309
-320
-271
-254
-263
-265
-264
-249
-208
-129
-96
-102
-91
-50
35
94
103
79
81
129
162
185
199
189
166
157
202
237
227
210
187
203
190
182
201
209
208
198
195
199
180
194
211
243
253
233
232
224
219
220
235
251
226
207
181
153
159
152
174
164
110
36
20
32
23
-3
-46
-126
-201
-230
-231
-244
-283
-308
-320
-338
-352
-368
-369
-351
-349
-339
-337
-347
-357
-333
-284
-243
-236
-269
-265
-208
-137
-97
-105
-134
-138
-92
-13
56
49
11
-14
31
85
93
95
49
21
-9
21
55
55
28
-2
-12
-33
-43
-37
-25
-38
-35
-63
-72
-90
-84
-44
-7
14
7
4
23
40
87
130
145
137
83
87
128
187
202
198
195
172
168
180
210
215
169
134
139
163
170
153
139
97
86
87
96
119
111
108
93
90
84
79
96
109
133
138
124
117
125
143
145
140
123
87
72
60
55
55
33
-8
-52
-72
-91
-118
-152
-193
-213
-244
-272
-289
-304
-321
-348
-352
-325
-282
-248
-252
-238
-228
-216
-185
-118
-56
-49
-40
-15
32
75
97
127
172
186
163
173
201
201
189
170
138
90
62
57
69
51
-12
-69
-95
-95
-99
-96
-105
-135
-164
-154
-117
-75
-57
-78
-65
-54
-31
8
67
98
101
108
127
151
173
200
211
224
221
218
220
214
181
139
125
141
144
126
100
61
26
15
17
19
3
-47
-87
-85
-63
-54
-43
-43
-47
-43
-38
3
26
52
50
62
80
80
94
112
153
159
169
157
143
108
84
78
68
56
7
-17
-46
-65
-99
-123
-178
-228
-270
-282
-262
-267
-305
-351
-359
-361
-339
-327
-327
-324
-311
-274
-214
-164
-138
-144
-134
-80
-41
-26
-12
-6
6
21
41
79
105
91
75
88
86
75
67
68
68
66
61
56
60
64
53
35
32
25
19
27
34
40
33
24
13
25
18
4
19
12
29
34
39
49
51
70
82
106
126
125
113
116
137
137
132
132
90
69
49
37
42
14
-17
-40
-52
-67
-81
-92
-115
-134
-149
-126
-112
-126
-143
-157
-135
-104
-80
-80
-93
-113
-112
-75
-40
-21
-26
-40
-41
-15
4
7
-8
-27
-40
-46
-27
-22
-20
-39
-47
-38
-33
-34
-53
-57
-80
-94
-88
-74
-50
-53
-59
-58
-45
-30
-5
8
12
5
4
38
73
87
75
51
53
72
95
127
148
121
98
101
103
120
138
123
91
77
77
89
99
102
76
53
33
39
47
47
36
12
12
-1
-5
10
25
38
65
63
45
36
25
25
33
68
72
65
59
58
62
55
58
54
53
54
64
41
25
-5
-21
-2
6
13
-10
-35
-58
-50
-49
-46
-77
-123
-142
-151
-133
-108
-114
-140
-164
-168
-155
-116
-103
-121
-151
-159
-144
-112
-81
-69
-38
-39
-17
3
22
31
19
20
15
33
36
39
60
75
80
89
92
111
131
137
148
157
158
146
130
131
120
130
89
80
27
8
-82
-106
-86
-139
-50
-119
-46
-142
-128
-114
-95
-23
-28
-6
-46
-11
-24
121
85
219
109
161
142
131
222
92
203
47
130
78
132
149
90
137
40
92
45
45
-3
-26
-81
-80
-93
-76
-126
-142
-231
-274
-280
-360
-319
-380
-311
-315
-271
-196
-187
-103
-59
-45
34
-31
33
-37
-20
10
17
120
76
159
101
159
128
130
140
87
55
47
7
30
37
45
44
-16
-15
-95
-92
-118
-129
-147
-150
-182
-198
-162
-189
-170
-178
-175
-176
-130
-81
-35
-2
16
73
88
218
199
229
184
143
126
54
123
141
86
75
90
11
22
-16
48
-55
0
65
-81
31
-39
-29
5
23
53
-35
13
18
-86
45
66
50
86
65
177
1
183
122
64
58
50
187
-33
235
99
82
282
156
313
250
203
234
64
96
107
-110
31
-40
-153
97
-108
109
-8
44
73
-150
61
-267
-191
-343
-288
-363
-391
-197
-298
-131
-219
54
-15
-138
85
-125
-171
-216
-194
-102
-298
-66
-98
39
-14
112
196
-76
255
-89
80
38
-122
192
-176
108
17
-120
347
-246
234
28
-116
65
-123
101
-36
18
137
190
0
329
273
40
208
74
-147
263
-239
432
-150
177
442
-348
601
-309
708
-168
57
644
-519
347
-161
81
108
-67
207
195
-312
266
-102
-108
114
-286
83
-155
-245
220
-257
-15
-27
-189
428
-387
436
-231
63
-227
-155
101
-151
92
43
95
-129
35
-65
114
-196
265
-396
160
-286
-21
-179
-190
-18
-378
170
-719
553
-838
49
-91
-824
549
-1131
534
-204
-977
1147
-1509
523
-149
-875
1158
-1638
916
-414
-765
731
-645
167
196
-416
210
-82
-149
328
-204
55
257
-276
114
499
-389
288
227
-297
633
-491
666
-20
-251
486
-348
558
-354
655
-226
314
-119
301
439
-364
1130
-428
367
432
38
311
245
340
218
61
581
54
180
260
261
93
424
86
419
-75
171
312
-146
442
13
312
-12
247
-327
498
-510
344
103
-333
280
-506
120
-336
114
-276
71
-246
-161
-184
-442
203
-483
-65
-31
-317
-87
-214
-71
-36
-366
189
-374
46
-314
-68
41
-610
527
-689
108
-91
-324
205
-443
197
-274
-107
-116
-223
-121
-68
-22
-279
81
-349
-86
-127
17
-95
-135
-43
-414
-50
-6
-301
282
-113
-87
164
-510
374
-338
72
117
-74
216
48
58
-90
286
14
28
275
-100
343
-400
362
455
-547
766
-38
-25
171
3
287
-434
540
12
-363
665
-109
22
22
170
185
-476
720
4
7
289
111
466
-424
574
346
-305
720
-90
620
-44
41
703
-330
512
298
27
711
-248
218
411
-455
555
-431
389
-173
-314
363
-596
127
-308
-2
-170
-133
-260
-155
-278
-317
5
-396
190
-712
190
-263
-428
241
-605
253
-402
-3
-78
-115
-13
-200
-52
-87
-143
6
-114
40
-296
120
-120
-451
615
-675
309
-185
-378
489
-852
456
-259
-186
250
-478
296
-253
186
-151
214
-223
-1
208
-449
413
-148
75
-87
43
287
-412
481
-75
49
249
-265
664
-809
825
-349
61
499
-349
324
-107
158
-230
342
93
6
143
104
39
-68
370
191
-37
328
-11
137
6
158
273
-44
225
54
152
79
187
244
-138
460
-206
291
181
69
202
66
286
-412
416
37
-159
260
-169
233
-164
-128
621
-565
101
173
-472
173
-288
359
-412
75
2
-370
284
-596
255
-237
-277
172
-353
-15
-116
-268
83
-460
314
-585
117
-50
-454
412
-584
266
-409
-103
124
-522
280
-452
-94
-73
-502
364
-609
359
-302
-204
217
-601
478
-459
283
-29
-358
416
-493
283
-78
139
106
70
275
-210
549
-409
521
143
-190
728
-457
292
353
-360
653
-296
346
104
-514
1025
-866
715
-232
149
246
-488
607
-265
83
153
120
-75
419
-151
155
243
-93
83
220
-101
159
-251
287
-19
-390
515
-160
-15
50
62
-1
-180
397
-417
277
-196
-210
304
-659
628
-610
223
63
-295
37
53
-120
-187
382
-570
634
-546
347
-72
-364
421
-542
135
55
-155
52
141
-214
144
-200
163
-139
3
96
-287
80
-99
-129
-124
105
-330
4
-59
-324
382
-741
472
-449
-335
576
-1041
720
-506
-246
197
-442
249
-293
31
-21
-91
-183
228
-124
2
55
77
-191
-32
184
-107
-132
207
-52
-16
226
-169
370
-130
157
64
97
168
203
17
103
423
-491
522
-21
13
434
-314
412
169
-437
743
-397
178
278
-427
775
-669
508
-146
-51
-24
88
-29
-215
561
-604
313
16
-313
348
-316
256
36
-424
524
-270
-88
175
12
-243
216
-174
59
151
-256
248
-113
-26
145
-207
239
-40
-303
359
-285
116
32
-254
292
-355
200
-85
-36
176
-194
231
-121
79
-2
-203
211
-329
205
-137
-5
187
-410
529
-665
645
-545
211
14
-379
591
-756
382
-146
-295
265
-344
115
-25
-489
793
-991
731
-337
-316
566
-1062
896
-657
81
193
-527
416
-474
197
-28
-150
302
-277
395
-291
355
-56
-124
640
-700
731
-247
-142
586
-705
738
-571
219
411
-755
825
-550
239
-191
-14
149
-375
404
-249
29
-165
50
14
-216
447
-334
211
90
-584
810
-840
740
-292
-63
707
-1020
824
-202
-338
590
-285
31
470
-746
767
-525
74
233
-276
374
-320
209
-22
-103
170
-182
122
-123
13
177
-269
381
-368
182
-317
223
-361
160
145
-490
635
-690
495
-185
-246
483
-498
215
-10
-141
204
-131
76
172
-307
338
-148
-106
332
-249
244
16
-77
236
-150
-168
267
-206
-28
434
-372
323
14
-405
632
-678
556
-116
-73
334
-215
159
71
-226
314
-30
-200
416
-345
301
-109
183
-36
-14
45
-327
144
-25
-154
48
35
-122
-142
-139
322
-446
143
8
-27
-283
224
27
-308
409
-434
269
-151
-26
122
-52
-9
1
-21
32
31
-180
212
144
-413
454
-155
-158
460
-534
622
-332
22
419
-453
441
-172
-3
123
-297
321
-240
219
-326
93
-63
-354
450
-479
298
-98
-316
196
-319
282
-402
218
34
-516
284
-99
-327
364
-289
113
134
-418
724
-864
543
-16
-315
416
-66
-2
68
97
-157
-2
264
-96
103
354
-326
542
-550
612
-53
-314
763
-767
656
-257
-54
519
-541
545
-210
-99
287
-362
259
-298
-39
195
-461
177
-85
171
-519
278
-16
-470
372
-345
226
-186
-167
390
-422
106
256
-342
153
228
-459
645
-467
60
700
-1177
1205
-481
-373
1034
-1236
1016
-379
-233
741
-736
667
-578
500
-505
480
-222
-48
511
-630
599
-188
-234
273
-71
-95
171
-474
902
-1006
392
123
-287
47
-307
628
-862
549
-165
-137
117
-280
354
-590
536
-352
-14
314
-429
520
-629
621
-432
-282
772
-854
504
151
-605
672
-526
90
243
-724
1018
-903
391
26
-340
204
-98
-1
-39
178
-171
103
-34
403
-605
683
-311
191
-30
25
217
-168
170
4
150
-163
396
-387
256
-4
-163
179
76
-84
165
-247
288
-226
-259
652
-626
273
115
-399
337
-283
-12
391
-754
644
-159
-621
1048
-1008
583
-289
-38
259
-480
538
-372
160
-171
189
-296
424
-400
256
43
-353
448
-318
239
-133
178
-102
-60
212
-259
183
-137
135
80
-249
588
-446
148
187
-341
197
94
-27
31
202
-257
315
-513
518
-426
235
119
-262
433
-304
158
37
168
-352
716
-511
186
228
-313
306
-321
217
139
-592
737
-198
-74
99
65
30
-446
383
45
-374
190
-6
-69
146
-415
744
-707
488
6
-401
688
-547
310
-68
-1
185
-313
290
-23
-72
-148
369
-128
-224
415
-117
186
-281
135
341
-625
277
230
-131
-44
-60
379
-535
7
504
-592
447
-433
345
-94
-656
1084
-1047
580
-301
7
217
-769
764
-583
20
283
-444
407
-489
108
330
-780
742
-460
229
-300
250
-36
-427
674
-694
560
-405
113
129
-481
368
-100
-298
326
-262
126
-220
291
-8
-499
828
-928
974
-1109
940
89
-1185
1758
-1228
580
-213
237
288
-739
953
-539
388
-413
755
-286
-263
840
-683
315
139
-151
468
-394
323
249
-775
1114
-898
770
-283
-180
846
-1238
889
-299
-289
336
-243
238
-149
-72
401
-396
-11
347
-184
-245
385
-128
-386
457
-320
203
-478
425
-141
-642
638
-59
-498
631
-167
-132
151
-342
699
-854
536
153
-398
445
-384
353
-89
-186
201
331
-498
215
442
-765
819
-743
472
146
-843
1275
-699
-81
852
-772
303
343
-614
715
-328
-94
530
-596
209
136
-326
19
252
-377
61
240
-594
760
-723
369
146
-719
850
-796
514
-248
37
-91
118
-176
-107
346
-441
201
77
-376
350
-39
-147
283
-231
210
-279
56
326
-412
17
626
-733
86
235
-72
-354
211
465
-783
461
64
-123
157
-183
506
-492
-46
454
-414
99
132
-107
-12
-66
-35
160
-333
175
10
-379
333
-132
-204
315
-326
-31
98
-257
216
-247
201
-184
-80
53
-25
-26
-71
369
-435
176
125
-215
-9
166
124
-428
326
-19
-119
75
87
45
-55
59
-18
247
-392
258
315
-823
817
-481
-130
680
-1066
1107
-848
407
13
-577
825
-795
410
-373
519
-699
302
66
-296
44
-90
414
-706
494
131
-363
204
189
-377
495
-703
747
-554
3
410
-692
652
-633
295
-99
-156
-64
142
-274
-123
352
-657
531
-615
319
6
-801
1145
-1081
580
-155
-152
453
-832
1055
-915
594
-60
-291
670
-819
799
-493
96
90
-154
223
-173
299
34
-208
410
-243
208
-106
194
243
-580
1030
-791
705
-389
130
376
-862
1118
-832
536
-84
-162
362
-402
374
-141
-64
236
-162
-78
155
41
-108
-272
534
-518
88
-78
143
-53
-360
495
-232
-97
-85
268
-215
-206
371
-410
44
96
-218
168
-190
262
-306
18
524
-616
389
110
-284
265
-185
355
-149
-28
296
-130
54
145
-44
152
-5
-32
164
57
-171
191
7
88
-87
440
-309
281
81
-136
374
-356
776
-468
224
318
-435
624
-480
271
357
-814
886
-668
226
216
-772
1042
-929
259
210
-461
381
-551
529
-409
-176
269
-162
-98
0
180
-198
88
-140
205
-45
-260
598
-424
142
192
-299
232
-382
281
-343
51
179
-402
272
-324
240
-382
76
276
-426
448
-266
219
-69
-31
257
-353
490
-125
-165
373
-190
184
-148
178
103
-347
329
-75
21
-1
135
70
-263
318
-298
240
-228
111
279
-483
505
-309
104
-77
36
11
-151
383
-390
431
-341
345
-324
-52
593
-1042
850
-351
-250
479
-669
758
-774
408
34
-469
625
-644
559
-495
201
-26
-213
193
-413
544
-761
412
-125
-435
565
-626
363
-314
126
-36
-413
248
-233
-199
-40
98
-392
22
98
-488
295
-194
-37
17
-332
618
-988
570
-73
-376
513
-717
820
-692
86
409
-517
361
-130
169
3
-165
368
-386
324
-90
-37
248
-139
241
-338
513
-451
190
248
-204
201
-91
115
71
-133
82
145
-62
-52
167
31
-240
330
-238
167
222
-394
581
-407
74
221
-610
747
-647
317
-148
30
99
-471
683
-575
308
-308
276
-99
-140
63
-24
44
-226
95
-92
-36
-237
219
-421
317
-372
98
16
-143
190
-477
564
-305
-95
291
-59
-28
42
114
161
-230
238
134
-166
82
31
24
-99
76
-189
229
-199
52
144
-138
56
-56
222
-57
100
59
142
-44
125
-72
288
-100
28
312
-281
410
-353
444
-171
6
166
-65
59
2
251
-291
371
-40
-135
263
-13
107
-18
129
149
-194
224
-74
99
38
-176
237
-130
-54
48
32
124
-287
282
159
-373
193
107
-169
120
-25
67
107
-160
157
-15
-8
157
-263
398
-171
-61
324
-311
326
-192
218
5
-210
383
-285
198
-5
-29
316
-315
249
46
-79
67
64
16
25
98
-44
198
-59
63
110
-47
115
-87
190
-94
15
273
-250
72
162
-222
30
-31
150
-287
51
122
-226
70
-90
13
-146
46
-88
-102
175
-175
-152
189
-335
-123
32
-268
23
-178
38
-103
-343
375
-270
-167
177
-128
-61
-192
44
-46
-153
23
-21
18
-143
60
127
-284
173
-31
4
-129
64
209
-381
212
-74
29
-104
-27
240
-353
256
-44
-129
301
-202
195
36
-70
243
-172
202
20
5
179
-147
161
29
-98
260
-227
305
-228
159
26
-72
220
-109
163
-42
108
-47
-11
43
27
-107
26
21
10
-106
38
84
-205
68
29
-203
163
-219
151
-176
-49
32
-217
8
-186
255
-470
149
-11
-205
28
-180
100
-331
-43
5
-258
25
-35
-79
-210
130
-24
-381
173
-96
-183
58
-190
142
-99
-240
279
-296
17
73
-144
209
-198
130
62
-166
124
113
-118
160
143
-138
229
51
-146
341
-247
325
-114
91
313
-248
337
-63
162
7
190
26
105
64
64
200
-55
102
168
-126
170
83
-74
283
-113
275
-197
172
77
-134
76
105
149
-378
526
-277
-204
391
-442
281
-188
37
93
-340
322
-257
-61
65
-125
-49
-136
150
-225
38
35
-178
84
-182
-37
-18
-99
0
-51
22
-116
17
-56
35
-78
13
132
-104
88
156
-47
2
174
-70
35
47
79
6
31
129
140
-128
291
74
-200
427
-104
156
194
-109
351
-76
-33
292
-69
9
1
169
3
-2
102
152
-14
-134
266
-224
70
22
-15
97
-130
175
-165
84
-18
-124
107
-209
65
-10
-234
204
-217
-5
-112
-167
28
-266
19
27
-149
36
-149
61
-122
-136
33
-179
76
-229
24
19
-247
-28
-78
-86
-186
46
-31
-49
-109
-111
191
-381
67
41
-154
-95
-70
-91
24
-130
42
10
-166
89
-269
134
-102
-47
86
-57
11
-173
97
20
-69
-39
114
-72
-155
70
-13
-122
48
-40
-124
44
-10
-65
154
-8
10
111
-112
234
-190
158
-8
-19
73
-47
206
-97
127
84
-165
218
-225
86
65
-212
281
-207
51
67
-127
187
-146
221
52
-131
388
-246
182
150
-280
397
-124
34
153
-116
242
-210
144
149
-242
214
-82
-7
27
-46
39
16
-79
81
99
-215
187
-121
61
-61
-49
126
-36
-108
178
-6
-81
149
-9
81
-35
224
-200
194
-26
27
84
-26
156
-183
203
-129
143
-65
-6
82
-55
13
-21
36
59
-88
21
108
-129
42
39
-33
-53
44
56
-144
18
114
-231
-26
-22
-7
-87
-32
75
-48
-106
-108
42
-74
-86
88
45
-108
72
-134
113
-45
-44
183
-206
167
-145
41
59
-28
46
64
-25
21
39
-39
145
-40
56
22
9
81
48
-43
113
-19
13
42
31
115
99
-84
206
28
-94
90
-35
102
-11
9
150
9
37
93
53
-45
33
23
10
-4
-22
117
-92
21
17
11
-36
0
68
-34
127
-111
95
143
-181
135
-94
103
-34
-50
168
-43
40
-13
43
-51
96
-58
8
146
-7
-59
-4
134
-129
51
72
104
-116
-27
149
-185
-93
125
-121
-33
37
-45
-33
-103
52
-73
50
-24
25
-25
-19
-84
-51
6
-96
-116
105
-187
-66
13
-247
41
-78
-97
-30
0
-15
-22
-64
62
-96
-4
37
-40
20
25
-68
-171
149
-238
-92
93
-60
-70
-6
22
-92
-88
-27
47
-170
86
-59
41
-41
-9
79
-97
141
-92
102
-18
-32
-6
-32
46
-125
63
-5
-22
-64
24
41
-84
29
104
-62
-29
105
-16
-11
95
50
17
43
-21
87
-55
88
70
-56
51
-23
-61
-65
44
66
-22
43
134
-19
-79
99
-2
-110
137
-6
-10
54
-56
90
-85
26
73
-94
98
25
27
39
-9
14
9
-23
24
38
-7
-3
27
28
-133
125
-61
-39
68
-46
-8
24
-21
89
29
26
96
-69
121
-55
19
104
-12
54
42
-40
31
-64
53
22
-74
172
-132
77
-2
-58
23
-110
30
-13
-14
11
29
-52
-20
-24
-47
59
-19
52
48
-71
65
-68
-45
69
-2
15
52
48
23
-8
66
42
-4
-13
55
-42
-24
52
-12
43
-57
-24
28
-111
-22
-59
-20
-48
-53
15
-29
43
-65
16
82
-53
14
30
-35
-21
-50
-13
-102
-52
-33
-87
8
18
-40
-22
29
21
-63
76
-53
-30
47
-49
70
-25
58
-4
-45
70
-19
14
-56
-46
60
-103
33
-34
-12
-21
-112
60
-74
9
-17
-32
-59
-34
-85
-31
46
-23
2
-19
-12
-36
-8
37
-36
24
80
-100
45
4
62
-57
-45
155
-124
43
20
6
65
-52
92
-23
54
23
3
27
-11
-49
-66
58
-46
-1
-12
-23
-41
-11
42
-2
20
62
-25
-37
44
11
24
-9
98
-57
-43
42
-27
-4
50
137
-33
30
63
-15
-51
71
52
-18
43
-59
3
-85
-52
56
-73
5
-18
-87
33
-42
-35
48
-42
19
-4
-33
36
-53
28
42
-1
36
1
41
15
11
57
4
-5
-48
38
-21
27
34
-33
78
-13
-13
45
-10
18
8
-57
0
-41
-110
-4
29
-36
16
-10
-10
-41
-74
23
-115
-3
-60
-34
-29
-59
25
-70
27
27
34
14
7
1
15
-51
24
10
20
68
37
25
32
-1
-27
43
13
23
-19
29
-11
-34
3
-45
18
-29
-5
-26
-18
4
-10
11
56
17
16
36
13
65
41
68
99
72
73
67
64
69
52
92
89
58
68
57
37
45
43
21
-24
17
-29
-1
-13
-2
7
-10
-8
13
-34
6
-55
-15
25
-37
25
-60
19
-29
-50
28
10
36
24
34
36
-4
-10
38
-5
-15
10
-29
-49
-41
-56
-31
-33
-74
-44
-41
-50
-55
-38
-34
-48
-27
-62
-1
-44
-34
21
-44
15
28
-41
1
-12
-55
-60
-56
11
-15
10
38
-12
-13
6
-23
28
17
5
25
-22
-3
-20
-23
-7
-41
-8
2
-65
4
-12
-67
-13
-37
4
-6
51
58
38
62
39
-12
17
-13
-28
47
-30
3
7
-84
10
-45
-60
20
-16
62
20
4
38
-30
-21
12
0
-11
-20
-9
-28
-28
-15
-9
-35
-14
-17
-16
-51
-18
-5
6
4
30
25
9
11
35
18
-30
16
-16
22
0
-15
14
-73
-39
3
-35
60
8
7
14
8
-12
-45
20
-33
-5
7
-4
-11
-55
-8
-38
-35
2
-10
-18
20
3
17
-5
-16
5
32
6
55
88
84
99
-2
32
4
0
20
-1
39
5
-80
-14
1
-21
10
34
19
-2
5
1
40
5
6
14
-19
9
-52
19
7
-8
25
-13
40
3
15
34
7
34
-5
11
25
9
19
3
-3
-10
-47
-11
-69
-51
-36
