10
-22
-2
-20
6
2
-16
1
-25
-19
15
-5
-8
-20
-19
-13
-17
13
4
0
-3
-18
2
-1
-16
9
6
6
-12
-15
-25
2
-12
28
1
-11
6
4
25
6
-4
-14
13
21
19
-1
-27
-5
6
19
40
-10
19
-15
30
10
-12
27
-5
2
-3
-11
-29
18
17
-13
4
7
1
4
39
-20
-20
28
4
23
-25
23
-40
-9
12
4
-8
8
23
-17
2
-30
-8
2
-34
15
-44
-29
-38
-13
-14
19
7
-9
4
-48
18
-40
47
-25
-6
0
-30
2
-2
-3
-15
54
-2
16
12
6
-32
41
36
-27
17
6
-9
-21
38
23
26
11
28
-18
-10
59
-19
25
-16
-23
-20
-10
6
-23
25
-48
44
-31
30
30
-3
4
-13
25
-4
-25
38
-36
-33
1
4
-37
-19
26
-35
6
12
-45
-22
-4
-44
10
-1
-18
-40
14
-1
-38
3
3
-13
-63
42
-29
4
16
-12
20
-39
54
-14
68
-18
-3
9
-39
53
-14
39
6
7
-2
29
10
26
32
55
15
12
34
-56
56
-18
27
10
-13
51
15
12
74
6
62
-49
140
-39
56
22
5
17
-48
44
-80
85
-91
4
-8
11
-43
31
-12
-32
-41
18
-4
-13
-29
-47
-36
-85
1
-30
1
-41
-31
-115
-64
-53
-85
-22
-14
-42
-45
-9
-33
-35
19
-25
-24
15
-27
-38
-35
8
-96
20
5
17
7
18
17
1
54
-14
76
17
2
-18
1
9
-13
84
-9
98
36
97
107
112
70
74
110
24
89
60
31
22
62
37
10
88
55
56
104
63
46
29
48
40
34
11
18
-68
-27
-27
-49
18
27
-4
-19
18
-39
-7
30
12
-38
-51
-62
-46
-15
-45
-23
-32
-51
-66
-37
-65
-69
-11
-54
-109
-67
-109
-106
-9
-74
-79
-87
-53
-86
-34
-9
-42
-78
-101
-83
-87
-33
-6
19
-28
-55
-46
-44
24
-10
-1
25
-25
-38
-70
2
-37
90
69
72
65
4
15
5
89
8
148
73
-14
30
-38
-32
14
11
-63
54
-15
8
63
53
56
36
108
27
56
81
111
3
-14
-14
-37
18
87
78
25
58
-39
11
31
88
31
42
48
-79
-39
-28
65
-52
77
37
-26
27
-31
64
-55
66
-4
85
45
28
-29
-30
43
4
58
11
8
-15
-31
21
36
3
32
18
-47
-74
-75
-100
-79
-76
-49
-66
-33
-40
-45
-62
-22
-31
-48
-23
-62
-68
-69
-69
-60
-84
-40
-42
-45
-54
-21
-45
-89
-55
-67
-42
-84
-45
-110
-68
-81
-20
-14
-20
-1
-43
23
9
84
-11
42
20
-4
31
58
83
4
22
-22
-29
41
-6
33
76
58
37
25
54
-10
52
35
73
-33
33
-54
-20
17
18
83
75
103
60
81
74
35
67
115
86
114
99
123
87
141
130
104
135
124
120
59
44
31
51
23
70
8
25
55
43
31
9
-47
-88
-38
-73
-100
-51
-88
-113
-84
-40
-71
-43
-24
-10
-64
-41
-63
-37
-60
-43
-9
-46
2
-66
-28
-93
-83
-78
-37
-37
-92
-71
-139
-73
-118
-39
-64
-69
-74
-165
-130
-156
-105
-72
-46
-52
-57
-23
0
20
56
10
54
-26
-22
-27
-29
-25
-53
23
-12
70
82
53
21
39
34
-10
43
15
-29
-47
-3
14
8
62
31
35
11
94
56
45
129
120
128
125
131
104
122
114
79
76
39
49
39
5
26
10
17
13
34
54
49
72
37
-5
14
-15
159
143
119
75
52
-67
-16
36
-53
-61
-136
-159
-274
-182
-146
-139
-55
-87
-119
-150
-95
-99
-94
-69
-75
-97
-103
-50
-45
26
58
78
17
48
59
64
68
77
68
26
67
62
72
67
48
-32
-53
-23
-28
-23
-40
-86
-108
-92
-81
-32
27
38
93
55
83
87
92
89
109
114
78
144
113
137
158
143
154
118
174
98
125
88
30
-23
-112
-65
-124
-101
-148
-171
-190
-227
-162
-178
-118
-108
-91
-79
-49
-1
-42
2
-35
10
-2
17
25
-41
-35
-69
1
-5
63
34
5
-25
-27
-7
3
73
51
35
-5
-6
-99
-117
-98
-173
-164
-141
-112
-161
-107
-106
-88
-22
-28
-6
-9
15
-26
-29
-55
-64
-41
-23
43
54
70
69
47
21
35
72
49
67
62
-1
-5
6
26
73
76
47
0
-8
-34
-26
14
-22
56
25
39
10
47
41
19
49
-15
-17
-51
-37
-82
-67
-32
-29
-11
29
46
52
33
36
-8
14
33
42
25
24
12
-30
16
14
62
70
85
75
36
24
23
9
26
36
47
22
32
53
37
60
60
100
83
129
107
59
50
55
83
80
118
107
111
96
100
95
99
102
111
96
87
89
53
43
44
20
-8
13
-11
-12
-15
-22
-8
-16
36
44
47
27
18
-7
-33
0
-32
-58
-88
-89
-118
-139
-100
-116
-109
-104
-114
-123
-136
-121
-174
-186
-214
-263
-302
-334
-331
-369
-373
-395
-408
-449
-450
-425
-467
-458
-478
-482
-509
-509
-461
-427
-371
-304
-216
-116
31
179
373
511
680
779
906
994
1071
1105
1092
1083
959
897
768
695
529
455
329
238
152
74
52
-7
-10
-45
-45
-76
-93
-133
-139
-129
-81
-79
-27
16
57
85
159
234
281
345
377
412
402
408
381
347
270
203
109
23
-99
-188
-322
-423
-502
-590
-648
-703
-742
-804
-827
-865
-866
-874
-871
-863
-858
-842
-835
-834
-828
-844
-819
-805
-719
-669
-587
-467
-271
-110
92
381
584
788
935
1161
1178
1245
1207
1194
1026
917
786
580
405
203
101
-94
-74
-187
-177
-240
-189
-240
-250
-218
-246
-236
-300
-294
-334
-349
-358
-325
-252
-150
-20
182
343
579
759
982
1120
1305
1389
1422
1430
1344
1287
1107
987
769
596
391
216
62
-98
-207
-306
-356
-387
-410
-410
-426
-411
-408
-414
-390
-391
-368
-366
-313
-264
-205
-135
-67
14
76
139
193
218
193
142
71
-24
-114
-230
-344
-460
-583
-679
-765
-829
-882
-925
-978
-1001
-1045
-1070
-1138
-1193
-1268
-1417
-1485
-1609
-1462
-1403
-1253
-1134
-802
-379
-165
527
969
1474
1619
2174
2408
2322
2430
2287
2123
1559
1457
1027
630
312
49
-198
-437
-410
-541
-643
-578
-590
-666
-695
-658
-713
-927
-910
-1031
-1084
-1195
-1133
-1070
-1002
-720
-456
-107
204
643
985
1235
1592
1828
1867
1848
1832
1683
1337
1163
828
454
122
-105
-303
-580
-597
-697
-700
-692
-571
-472
-459
-250
-139
-38
29
184
255
231
342
392
413
428
481
528
524
581
602
602
573
548
496
351
258
97
-86
-282
-427
-585
-736
-806
-874
-925
-921
-858
-794
-735
-629
-529
-475
-420
-398
-357
-401
-428
-501
-607
-731
-863
-993
-1177
-1331
-1522
-1616
-1576
-1481
-1476
-1285
-940
-638
-315
274
835
1030
1406
1867
2066
1969
2156
2118
1766
1509
1392
1123
717
563
304
53
-87
-96
-303
-440
-445
-570
-813
-893
-963
-1232
-1459
-1518
-1580
-1698
-1621
-1504
-1331
-1097
-660
-236
192
689
1190
1582
1940
2319
2486
2467
2433
2366
2030
1710
1397
1009
539
207
-29
-325
-508
-622
-692
-782
-741
-671
-590
-563
-441
-378
-254
-161
-31
151
188
415
527
785
833
1041
1137
1185
1278
1226
1223
1031
933
713
501
284
9
-221
-480
-669
-813
-989
-1017
-1072
-1028
-1051
-951
-828
-796
-682
-625
-528
-538
-511
-495
-526
-538
-559
-587
-647
-733
-753
-900
-989
-1147
-1335
-1528
-1566
-1450
-1513
-1467
-1238
-928
-663
-170
514
873
1173
1673
2028
2145
2163
2297
2047
1754
1539
1280
972
591
422
62
-119
-233
-353
-546
-726
-723
-969
-1096
-1145
-1243
-1459
-1584
-1512
-1568
-1536
-1384
-1196
-945
-561
-16
425
885
1439
1870
2239
2531
2824
2799
2665
2562
2305
1920
1481
1131
634
189
-108
-377
-623
-819
-908
-993
-1030
-948
-961
-871
-896
-606
-615
-456
-288
-36
222
236
877
861
1305
1282
1712
1698
1653
1807
1493
1514
987
931
425
86
-270
-671
-907
-1255
-1363
-1511
-1659
-1497
-1543
-1358
-1322
-1106
-1015
-1019
-817
-909
-823
-971
-940
-991
-1071
-1034
-1088
-1068
-1079
-1080
-1005
-1198
-1154
-1405
-1586
-1671
-1677
-1537
-1810
-1511
-1358
-967
-617
72
835
1028
1678
2181
2674
2647
2920
2997
2630
2393
2184
1859
1334
1011
648
243
4
-109
-430
-592
-752
-771
-1083
-1137
-1208
-1397
-1589
-1654
-1521
-1621
-1512
-1383
-1107
-825
-334
214
667
1189
1739
2158
2525
2851
3071
2952
2843
2692
2325
1846
1378
958
353
-64
-390
-672
-991
-1142
-1196
-1256
-1235
-1147
-1062
-1045
-878
-811
-635
-500
-266
-28
95
574
689
1218
1353
1711
1924
1984
2198
1927
2056
1506
1333
800
331
-70
-658
-950
-1460
-1606
-1820
-1910
-1768
-1771
-1495
-1362
-1116
-864
-796
-571
-620
-488
-620
-651
-664
-820
-786
-867
-793
-759
-696
-536
-577
-449
-592
-687
-916
-1330
-1553
-1896
-1892
-2176
-2306
-2154
-1983
-1502
-1060
-68
499
1115
1908
2536
3015
3098
3455
3229
2954
2575
2228
1712
1085
616
118
-307
-542
-783
-988
-1120
-1142
-1197
-1366
-1234
-1342
-1381
-1567
-1482
-1515
-1575
-1484
-1377
-1060
-756
-221
274
840
1471
2038
2600
3045
3412
3539
3483
3397
3095
2655
2088
1529
905
257
-261
-692
-1058
-1343
-1510
-1501
-1477
-1312
-1144
-937
-695
-494
-224
-91
146
344
494
701
909
1223
1367
1538
1792
1912
2001
1993
2010
1779
1498
1207
758
322
-221
-674
-1148
-1575
-1852
-2112
-2185
-2201
-2064
-1881
-1696
-1362
-1150
-935
-777
-607
-551
-586
-556
-629
-676
-739
-758
-773
-818
-786
-778
-748
-767
-788
-911
-1148
-1407
-1785
-2002
-2107
-2155
-2357
-2282
-1954
-1520
-972
-96
796
1348
2112
2852
3412
3540
3739
3720
3340
2898
2511
2001
1280
684
194
-283
-637
-810
-1062
-1249
-1299
-1230
-1380
-1427
-1433
-1530
-1682
-1758
-1707
-1796
-1779
-1666
-1408
-1058
-557
37
651
1288
2004
2627
3139
3522
3754
3742
3525
3278
2770
2142
1443
820
120
-495
-961
-1322
-1601
-1724
-1690
-1569
-1352
-1094
-798
-591
-341
-167
-21
12
68
166
274
376
596
824
1122
1381
1794
2185
2333
2562
2575
2557
2149
1800
1222
510
-163
-909
-1486
-2126
-2461
-2705
-2764
-2586
-2339
-1925
-1575
-1088
-633
-366
-94
15
55
-106
-252
-448
-735
-931
-1098
-1171
-1187
-1128
-985
-851
-672
-569
-510
-572
-761
-1112
-1549
-1885
-2076
-2254
-2590
-2521
-2299
-1763
-1285
-215
811
1509
2407
3286
4084
4111
4419
4284
3798
3159
2581
1854
853
115
-553
-1201
-1542
-1725
-1903
-1979
-1879
-1619
-1670
-1476
-1425
-1380
-1556
-1641
-1607
-1720
-1713
-1680
-1367
-972
-438
262
942
1718
2514
3203
3799
4185
4496
4335
4079
3664
3036
2236
1351
608
-254
-921
-1458
-1795
-1953
-1997
-1833
-1550
-1192
-815
-503
-190
-16
163
145
107
80
-33
-13
-48
248
395
792
1153
1599
2192
2449
2792
2813
2835
2391
1831
1177
283
-590
-1535
-2257
-2918
-3359
-3537
-3557
-3214
-2835
-2243
-1563
-928
-243
140
477
568
549
342
15
-269
-668
-977
-1201
-1281
-1231
-1116
-861
-572
-263
44
134
242
36
-270
-872
-1540
-1910
-2372
-2662
-3131
-2924
-2565
-1989
-1065
213
1377
2236
3360
4394
4902
4994
5042
4591
3830
2891
2153
985
24
-878
-1530
-1978
-2182
-2120
-2178
-1879
-1591
-1282
-1177
-1061
-1004
-1155
-1407
-1583
-1754
-1912
-2083
-1924
-1593
-1042
-323
480
1416
2340
3343
4055
4680
5027
5061
4756
4246
3598
2633
1587
553
-350
-1145
-1777
-2141
-2303
-2274
-2055
-1725
-1270
-870
-496
-286
-104
-19
-105
-312
-509
-646
-780
-712
-518
-119
218
885
1463
2197
2737
3137
3350
3205
3012
2328
1595
481
-489
-1518
-2459
-3133
-3643
-3822
-3832
-3463
-2840
-2163
-1375
-670
27
527
798
909
708
438
-29
-432
-881
-1224
-1431
-1531
-1411
-1194
-799
-415
19
408
632
703
567
189
-434
-1277
-2009
-2544
-2906
-3324
-3529
-3094
-2432
-1538
-309
1279
2398
3352
4480
5328
5440
5216
4891
4059
2899
1856
850
-318
-1255
-1923
-2264
-2465
-2254
-2064
-1785
-1408
-986
-739
-752
-702
-887
-1217
-1639
-1880
-2069
-2259
-2224
-1871
-1265
-436
516
1590
2635
3708
4556
5147
5516
5523
5176
4429
3632
2605
1460
303
-682
-1447
-2071
-2416
-2512
-2363
-2095
-1726
-1287
-884
-554
-364
-331
-331
-463
-678
-986
-1077
-1133
-1105
-805
-368
321
852
1691
2375
3036
3469
3621
3641
3173
2658
1724
719
-410
-1465
-2353
-3157
-3554
-3737
-3625
-3258
-2658
-1846
-1152
-426
157
598
822
791
631
242
-184
-627
-1039
-1318
-1473
-1417
-1265
-967
-497
-95
370
638
896
839
624
241
-435
-1206
-2228
-3055
-3695
-3843
-3981
-3992
-3444
-2433
-1226
-3
1826
3177
4022
4801
5627
5692
4955
4450
3516
2282
1001
139
-766
-1619
-2004
-2143
-1966
-1672
-1259
-915
-588
-310
-250
-437
-740
-1153
-1614
-2169
-2528
-2589
-2563
-2340
-1818
-840
260
1448
2693
3819
4847
5577
6013
6111
5838
5191
4211
3156
2005
824
-293
-1209
-1826
-2218
-2350
-2292
-2005
-1655
-1284
-961
-689
-546
-571
-745
-928
-1164
-1421
-1627
-1609
-1438
-1147
-560
109
1063
1759
2693
3250
3837
4088
3947
3675
2872
2182
917
-122
-1312
-2256
-3018
-3627
-3753
-3730
-3330
-2790
-2092
-1259
-638
14
392
670
732
501
257
-195
-505
-904
-1123
-1209
-1186
-964
-716
-322
80
457
715
814
846
579
190
-435
-1095
-1929
-2837
-3669
-4316
-4246
-4119
-3817
-3445
-2271
-926
153
1853
3302
4286
4537
5328
5585
4809
4097
3306
2310
943
244
-408
-1149
-1479
-1517
-1409
-1169
-839
-589
-619
-496
-575
-926
-1408
-1918
-2265
-2807
-3026
-3017
-2679
-2316
-1636
-645
539
1798
2926
3964
4777
5428
5646
5540
5196
4546
3548
2500
1496
528
-486
-1158
-1666
-1943
-2025
-1960
-1730
-1518
-1213
-1114
-1014
-1006
-1075
-1302
-1487
-1614
-1645
-1745
-1523
-1142
-631
118
731
1750
2263
3230
3530
3855
4051
3602
3257
2286
1779
530
-479
-1387
-2204
-2651
-3208
-3183
-3120
-2797
-2298
-1856
-1108
-752
-280
-47
64
196
-90
-233
-577
-683
-864
-1045
-925
-844
-591
-343
-48
284
467
644
553
507
221
-212
-723
-1318
-1929
-2705
-3367
-3986
-4079
-3728
-3445
-3066
-2251
-967
180
1311
2911
3937
4403
4758
5257
5013
4070
3463
2577
1545
553
-8
-555
-1066
-1111
-1146
-944
-685
-472
-465
-483
-446
-717
-1166
-1646
-2006
-2389
-2734
-2747
-2460
-2050
-1508
-666
431
1582
2722
3648
4441
5068
5379
5278
4922
4423
3535
2493
1537
676
-275
-1092
-1571
-1882
-2069
-2045
-1893
-1676
-1496
-1306
-1210
-1201
-1216
-1377
-1519
-1636
-1595
-1598
-1471
-1084
-449
140
848
1629
2418
3084
3469
3909
3886
3744
3186
2538
1761
794
-154
-1186
-1856
-2444
-2859
-3041
-2998
-2692
-2379
-1907
-1390
-924
-554
-371
-145
-126
-215
-406
-580
-705
-814
-856
-821
-659
-410
-146
107
420
631
734
693
624
383
-18
-496
-1064
-1609
-2340
-2984
-3594
-4006
-3772
-3427
-2989
-2549
-1497
-87
781
2186
3462
4301
4398
4741
5169
4300
3511
2772
2056
919
179
-96
-651
-856
-819
-652
-456
-297
-156
-373
-529
-672
-1196
-1788
-2359
-2590
-3014
-3212
-2953
-2483
-1912
-1187
-32
1129
2300
3359
4179
4818
5177
5274
4889
4347
3685
2656
1681
760
23
-809
-1397
-1583
-1755
-1723
-1664
-1404
-1239
-1183
-1086
-1175
-1282
-1497
-1679
-1802
-1899
-1802
-1697
-1361
-832
-95
567
1353
2214
2918
3488
3711
4085
3782
3534
2827
2091
1312
192
-617
-1658
-2149
-2730
-3026
-3060
-2987
-2568
-2293
-1795
-1334
-957
-610
-541
-293
-339
-445
-561
-707
-699
-824
-701
-604
-364
-76
195
475
704
882
901
807
604
318
-200
-711
-1260
-1862
-2532
-3263
-3712
-4153
-3725
-3354
-2924
-2371
-1358
202
784
2429
3538
4279
4233
4654
5078
3904
3321
2654
2001
838
393
217
-315
-439
-298
-190
-17
50
49
-336
-590
-870
-1643
-2249
-2949
-3127
-3578
-3650
-3269
-2671
-1975
-1187
138
1339
2458
3440
4210
4752
4958
4942
4510
3894
3227
2234
1424
594
29
-639
-1019
-1100
-1214
-1129
-1167
-978
-986
-1048
-1150
-1373
-1604
-1924
-2115
-2235
-2240
-2073
-1802
-1317
-684
206
911
1830
2537
3266
3700
3853
4097
3678
3386
2530
1907
1037
61
-715
-1560
-1956
-2468
-2642
-2691
-2612
-2285
-2090
-1674
-1378
-1065
-840
-799
-575
-638
-632
-714
-685
-617
-641
-439
-293
-36
214
433
705
818
958
891
765
570
177
-199
-805
-1231
-1923
-2514
-3171
-3718
-4104
-4044
-3404
-3075
-2449
-1718
-103
781
1965
3382
4140
4371
4356
5029
4245
3377
2747
2196
1211
448
440
106
-190
-122
145
242
184
101
-147
-674
-1099
-1798
-2463
-3287
-3654
-3880
-3997
-3656
-2994
-2053
-1241
61
1384
2582
3598
4343
4905
5042
5028
4666
3946
3270
2371
1625
857
291
-144
-534
-604
-722
-642
-680
-737
-847
-1047
-1275
-1619
-2048
-2409
-2649
-2726
-2694
-2459
-2040
-1501
-762
59
1028
1686
2665
3136
3621
3783
3728
3727
2880
2620
1724
1116
237
-550
-984
-1789
-2015
-2352
-2365
-2396
-2331
-2005
-1909
-1579
-1431
-1244
-1095
-1043
-817
-928
-789
-729
-634
-497
-370
-28
114
399
680
911
1078
1073
1143
968
762
427
-40
-431
-1083
-1572
-2253
-2763
-3300
-3845
-4099
-3925
-3198
-2716
-2121
-1208
202
1192
2207
3453
4126
4141
4100
4461
3853
2895
2292
1828
1050
477
602
516
323
420
681
712
435
151
-346
-1096
-1807
-2577
-3280
-4005
-4287
-4205
-3976
-3336
-2414
-1259
-181
1037
2296
3298
4052
4458
4609
4494
4205
3668
2945
2319
1693
1180
756
484
295
124
110
-5
-79
-266
-609
-989
-1433
-1802
-2330
-2804
-2990
-2984
-2836
-2544
-2012
-1309
-668
146
902
1696
2273
2684
3146
3161
3359
2989
2837
2443
1890
1566
802
418
-309
-750
-1235
-1698
-1923
-2277
-2334
-2466
-2339
-2191
-2073
-1824
-1683
-1309
-1159
-935
-760
-714
-525
-515
-294
-168
4
218
408
742
941
1111
1160
1160
1044
784
475
-25
-513
-1189
-1734
-2313
-2844
-3287
-3758
-3960
-3935
-3092
-2473
-1799
-1127
134
1281
1909
3086
3689
3887
3435
3720
3626
2726
2080
1759
1547
960
988
1235
1215
1059
1046
1082
748
40
-624
-1473
-2229
-3055
-3627
-4016
-4222
-3855
-3407
-2583
-1628
-448
555
1400
2371
3093
3520
3607
3592
3482
3126
2812
2460
2206
1842
1560
1493
1353
1176
838
696
366
-91
-577
-1111
-1597
-2130
-2482
-2775
-2938
-2892
-2723
-2359
-1907
-1317
-759
-266
235
741
1050
1437
1691
2051
2179
2187
2420
2231
2384
1975
1863
1419
833
362
-404
-866
-1606
-1982
-2360
-2584
-2555
-2472
-2106
-1862
-1473
-1101
-843
-550
-499
-383
-461
-489
-466
-480
-284
-137
171
493
849
1239
1389
1512
1414
1223
914
361
-135
-830
-1317
-1923
-2305
-2632
-2944
-3072
-3276
-3125
-3170
-2299
-1740
-1260
-819
-86
1039
1193
2196
2800
3144
2849
3029
3439
2743
2283
2067
2056
1511
1228
1404
1266
871
563
435
101
-658
-1221
-1860
-2317
-2868
-3205
-3262
-3337
-2877
-2479
-1700
-977
-100
675
1163
1841
2335
2708
2753
2717
2788
2664
2571
2390
2339
2140
1793
1723
1521
1275
757
454
108
-395
-849
-1301
-1635
-2049
-2271
-2321
-2363
-2278
-2117
-1791
-1469
-1147
-711
-467
-95
186
584
837
1216
1647
1797
2028
2105
2363
2167
1991
1711
1241
734
42
-398
-1028
-1554
-1892
-2039
-2015
-2020
-1759
-1469
-1205
-938
-721
-511
-529
-478
-482
-524
-530
-477
-304
-118
178
541
827
1066
1246
1320
1245
1002
736
325
-96
-583
-956
-1334
-1607
-1842
-1999
-2113
-2250
-2365
-2514
-2624
-2461
-1782
-1522
-1085
-737
332
887
1438
2487
2884
3151
2834
3383
3127
2486
2074
1880
1645
999
1001
1064
858
471
309
210
-279
-938
-1425
-1904
-2355
-2850
-2933
-3006
-2764
-2338
-1794
-1069
-477
361
814
1265
1671
1981
2182
2004
2114
2158
2099
2065
2004
2181
1953
1845
1740
1498
1134
598
300
-255
-747
-1220
-1545
-1804
-2040
-2054
-2017
-1876
-1679
-1399
-1139
-935
-659
-510
-327
-165
93
274
510
989
1318
1667
1753
2104
2109
2024
1824
1481
1094
420
-10
-555
-965
-1332
-1485
-1471
-1477
-1291
-1090
-854
-684
-600
-490
-546
-553
-601
-579
-526
-490
-242
-25
275
546
796
990
996
1014
862
616
282
-40
-312
-634
-833
-994
-1088
-1150
-1212
-1225
-1400
-1581
-1820
-2201
-2463
-2806
-2305
-2032
-1757
-1286
-613
579
928
2101
2749
3133
3019
3001
3263
2494
1945
1491
1415
908
581
737
835
619
359
354
118
-522
-1052
-1495
-1944
-2512
-2847
-2805
-2721
-2305
-1959
-1344
-766
-100
476
767
1054
1249
1478
1502
1523
1709
1756
1800
1892
2182
2335
2072
1994
1762
1509
956
459
68
-548
-1001
-1367
-1467
-1594
-1729
-1667
-1543
-1411
-1265
-1195
-1116
-1105
-1058
-950
-834
-585
-363
-16
332
929
1394
1699
1966
2005
2218
1937
1792
1408
964
567
-19
-154
-524
-709
-829
-821
-664
-712
-557
-531
-499
-562
-614
-567
-680
-624
-592
-426
-306
-170
107
270
473
531
590
566
475
443
271
145
11
-33
-73
-143
-113
-207
-299
-533
-696
-943
-1370
-1804
-2260
-2568
-2936
-3079
-2703
-2073
-1581
-994
-213
811
1499
2115
2750
2856
2774
2403
2273
1855
1263
917
788
850
741
820
1055
1113
965
720
422
-152
-955
-1579
-2105
-2532
-2959
-3075
-2867
-2461
-1938
-1402
-731
-211
257
622
846
1008
1085
1218
1251
1392
1665
1874
2070
2216
2395
2389
2250
2025
1625
1179
624
128
-319
-731
-1048
-1319
-1447
-1518
-1529
-1532
-1606
-1622
-1638
-1631
-1599
-1501
-1321
-1097
-729
-269
156
659
1074
1443
1804
1920
2142
1934
1815
1595
1307
1205
752
688
422
246
133
-54
-47
-279
-425
-566
-701
-799
-976
-1005
-1042
-983
-939
-820
-623
-470
-221
-74
143
327
440
592
628
726
683
623
613
507
439
274
180
34
-143
-348
-581
-795
-1065
-1295
-1557
-1823
-2084
-2347
-2516
-2690
-2532
-2050
-1681
-1178
-683
31
641
1190
1858
2120
2304
2312
2206
2033
1673
1463
1261
1154
1076
873
844
709
530
253
-125
-554
-1172
-1651
-2070
-2308
-2484
-2581
-2418
-2174
-1754
-1316
-854
-439
-116
202
327
476
730
985
1257
1517
1847
2139
2418
2711
2835
2792
2535
2202
1706
1118
552
4
-491
-1010
-1348
-1551
-1660
-1688
-1712
-1653
-1585
-1512
-1455
-1407
-1275
-1173
-995
-786
-501
-109
227
595
991
1332
1613
1655
1814
1886
1737
1763
1520
1492
1314
1090
1047
725
592
309
-1
-253
-694
-928
-1195
-1396
-1411
-1458
-1337
-1150
-874
-575
-267
3
239
435
516
618
603
597
593
528
564
532
580
573
525
594
514
475
326
137
-55
-352
-632
-939
-1181
-1464
-1725
-1949
-2104
-2269
-2423
-2536
-2493
-2275
-1955
-1453
-898
-287
245
843
1346
1745
1961
2048
2021
1781
1428
1001
667
465
394
431
523
604
669
589
494
259
-38
-429
-901
-1316
-1764
-2063
-2212
-2132
-1841
-1482
-1060
-610
-226
163
463
720
971
1120
1289
1438
1555
1648
1689
1777
1865
1822
1709
1497
1216
848
423
101
-167
-424
-644
-770
-839
-888
-932
-951
-963
-992
-995
-1018
-1034
-1006
-932
-758
-504
-136
281
663
1044
1387
1629
1744
1736
1690
1528
1313
1090
869
633
407
264
139
31
-103
-217
-363
-509
-676
-796
-884
-970
-978
-947
-828
-697
-572
-394
-228
-101
15
81
121
147
134
174
175
210
324
388
485
533
518
476
357
325
153
-138
-335
-561
-667
-801
-889
-848
-752
-715
-542
-381
-338
-336
-376
-365
-380
-471
-551
-569
-569
-532
-489
-356
-297
-263
-218
-196
-119
-194
-159
-148
-154
-169
-206
-130
-64
15
56
71
81
115
151
217
306
404
515
584
696
752
737
691
618
538
381
247
175
102
82
68
85
141
108
132
89
36
-9
-109
-124
-178
-207
-175
-124
-54
17
88
175
214
259
247
238
267
268
302
317
402
519
584
641
684
663
572
437
313
160
-28
-185
-313
-372
-417
-437
-392
-358
-311
-261
-223
-197
-225
-263
-276
-297
-330
-387
-383
-370
-355
-284
-207
-95
1
120
237
337
431
472
494
473
452
411
327
220
130
34
-56
-133
-170
-206
-274
-286
-263
-244
-265
-257
-234
-228
-255
-290
-308
-352
-422
-469
-480
-493
-499
-477
-423
-346
-254
-137
-33
70
150
205
221
192
162
83
18
-14
-35
-45
-46
36
103
181
300
382
462
459
463
484
431
374
298
222
158
63
-18
-91
-158
-182
-198
-185
-173
-169
-121
-86
-42
-4
32
38
31
42
21
-31
-83
-117
-149
-152
-153
-115
-85
-42
36
109
204
262
307
385
423
448
435
406
374
320
288
251
161
106
-28
-1
21
-1
117
-6
24
-90
-188
-281
-393
-386
-379
-317
-302
-297
-295
-299
-301
-322
-331
-334
-302
-236
-173
6
167
375
562
671
809
739
643
488
270
106
-71
-154
-222
-175
-55
40
115
192
175
45
-74
-243
-417
-541
-618
-628
-638
-514
-412
-321
-233
-193
-212
-247
-247
-320
-274
-271
-205
-150
-29
51
106
164
155
175
165
145
79
41
-38
-95
-7
52
106
239
313
327
335
347
272
199
201
198
196
157
99
42
3
-17
-17
39
63
90
67
39
19
-46
-78
-102
-96
-96
-86
-77
-56
-48
-36
-32
-47
-73
-119
-136
-141
-104
-36
31
86
148
193
237
267
264
234
200
190
146
103
69
33
3
-1
17
46
74
70
38
-24
-53
-98
-158
-197
-260
-297
-342
-366
-349
-296
-213
-136
-5
100
160
185
174
164
135
116
81
65
49
39
49
52
60
33
3
-44
-92
-151
-212
-262
-304
-348
-332
-330
-287
-256
-220
-150
-170
-122
-105
-80
-34
11
95
146
176
212
211
214
199
172
140
74
17
-52
-96
-134
-130
-125
-111
-56
-27
19
57
82
116
123
150
148
150
146
112
122
117
105
99
91
125
140
158
200
196
201
179
166
175
154
139
111
54
1
-58
-95
-116
-123
-105
-106
-97
-77
-67
-56
-56
-36
-58
-71
-68
-61
-44
-43
0
55
89
112
158
195
218
226
246
244
259
274
285
300
302
287
230
179
119
51
-19
-64
-137
-203
-255
-270
-262
-239
-192
-141
-75
-35
-6
26
49
68
73
68
71
44
36
12
17
25
13
21
37
59
36
23
-39
-117
-194
-279
-347
-412
-459
-495
-530
-539
-512
-495
-438
-387
-339
-313
-304
-304
-316
-346
-362
-362
-374
-347
-350
-320
-299
-238
-191
-139
-69
2
93
167
280
369
432
485
514
501
461
410
383
345
317
291
291
278
253
221
196
150
90
35
8
-21
-68
-88
-123
-146
-173
-171
-157
-125
-75
-3
62
124
206
296
388
480
573
651
693
698
667
589
515
428
351
270
183
143
117
92
82
75
86
49
9
-14
-90
-138
-189
-176
-165
-159
-115
-101
-65
-54
-36
-23
-22
-12
-5
-10
-6
-9
6
9
11
17
-23
-67
-141
-226
-315
-392
-454
-487
-510
-512
-503
-493
-460
-453
-435
-417
-408
-400
-405
-435
-499
-575
-670
-743
-844
-805
-744
-599
-377
-190
99
232
428
557
602
662
614
612
518
375
319
246
279
329
418
542
573
579
492
392
228
43
-97
-209
-288
-364
-376
-354
-342
-277
-217
-137
-80
-62
-22
-37
-23
-11
50
180
308
489
663
774
855
864
826
754
639
537
422
324
253
213
216
232
287
342
367
336
258
148
13
-110
-214
-293
-310
-302
-253
-191
-135
-64
-10
55
115
141
138
124
95
60
27
0
-17
-16
-17
-27
-53
-105
-165
-219
-257
-275
-279
-268
-245
-226
-202
-183
-149
-120
-99
-81
-80
-90
-133
-165
-197
-210
-191
-164
-120
-50
11
63
90
84
73
44
12
-29
-75
-109
-136
-166
-169
-159
-145
-130
-112
-76
-58
-71
-83
-89
-96
-101
-110
-112
-133
-142
-155
-182
-203
-234
-274
-297
-327
-334
-329
-310
-272
-242
-197
-164
-121
-89
-68
-60
-40
-26
-29
-10
10
50
74
105
134
153
159
164
185
190
200
191
168
155
118
103
98
85
91
76
67
61
56
66
66
72
86
95
117
139
163
195
217
236
239
225
211
197
175
167
158
167
176
193
221
224
246
225
189
151
93
39
-26
-76
-125
-166
-181
-188
-190
-185
-181
-175
-181
-195
-196
-199
-195
-185
-143
-103
-84
-59
-33
-7
-5
-2
10
3
3
-3
-14
-22
-41
-61
-88
-92
-111
-110
-112
-126
-150
-183
-193
-210
-207
-195
-184
-150
-121
-90
-54
-13
20
43
62
70
56
39
23
17
28
32
67
97
97
97
94
82
76
56
32
9
-27
-53
-86
-96
-95
-92
-77
-56
-40
-26
-32
-30
-28
-13
9
28
66
75
93
122
142
169
192
227
241
223
203
175
148
140
151
179
197
207
216
228
225
232
233
211
197
176
154
115
96
81
73
85
81
72
70
58
51
49
41
24
10
7
-3
-5
-14
-8
-4
14
4
-15
-25
-51
-63
-90
-118
-145
-171
-188
-194
-200
-204
-209
-212
-204
-185
-167
-150
-133
-122
-115
-103
-92
-78
-62
-45
-18
-24
-35
-54
-66
-62
-75
-72
-71
-69
-72
-78
-63
-72
-63
-53
-46
-44
-66
-85
-116
-125
-126
-118
-97
-70
-42
-21
-5
14
15
24
32
37
61
59
53
57
77
105
132
164
170
171
165
157
137
121
90
69
46
27
30
27
42
53
77
108
123
145
157
167
177
174
173
166
155
164
155
146
137
122
126
125
138
152
173
194
193
177
151
127
85
44
9
-25
-71
-113
-127
-138
-153
-159
-168
-175
-189
-204
-218
-234
-230
-222
-206
-187
-164
-141
-107
-72
-42
-14
9
45
66
91
111
116
125
113
90
66
37
24
-3
-25
-34
-53
-56
-60
-74
-80
-101
-111
-128
-137
-141
-158
-162
-172
-170
-169
-169
-154
-142
-127
-110
-101
-86
-87
-82
-60
-49
-47
-56
-67
-88
-106
-119
-126
-110
-102
-93
-79
-78
-73
-81
-83
-86
-94
-88
-92
-83
-78
-81
-75
-67
-50
-44
-38
-22
-3
12
17
23
30
43
56
76
91
108
120
125
143
162
172
176
181
191
187
185
188
180
183
175
171
174
173
185
194
208
217
221
236
244
264
274
268
274
258
238
200
175
171
150
136
123
109
92
64
36
-1
-48
-102
-151
-183
-205
-218
-228
-231
-222
-204
-194
-175
-153
-126
-99
-81
-49
-27
-9
12
40
59
68
72
81
80
71
62
52
36
17
-6
-25
-41
-62
-78
-88
-92
-103
-117
-132
-137
-141
-149
-164
-181
-182
-184
-193
-192
-192
-190
-195
-188
-177
-168
-161
-150
-135
-124
-113
-102
-102
-99
-95
-98
-97
-97
-86
-78
-60
-32
-11
2
2
16
18
7
-5
-26
-39
-63
-81
-89
-93
-87
-75
-49
-28
-6
27
53
74
93
109
126
133
144
152
155
178
189
192
193
201
203
200
202
211
202
202
195
174
157
143
133
115
104
108
116
125
138
135
142
143
145
150
152
151
135
119
104
89
70
53
33
11
-16
-49
-82
-103
-122
-139
-156
-167
-184
-196
-205
-210
-204
-196
-183
-177
-169
-166
-154
-135
-115
-93
-74
-57
-35
-22
-9
-8
-9
-7
-16
-21
-34
-34
-38
-42
-43
-40
-34
-41
-40
-37
-44
-50
-57
-59
-66
-62
-46
-32
-16
-3
-1
-3
-4
7
13
13
12
9
13
8
9
18
16
17
16
20
30
43
61
66
70
67
57
42
34
21
4
-12
-21
-31
-40
-39
-41
-37
-31
-31
-31
-26
-24
-18
-9
3
9
15
29
37
44
52
56
66
76
84
99
111
124
128
126
124
116
110
90
83
77
79
84
89
97
104
116
118
120
115
103
93
82
76
64
51
44
30
18
15
11
0
-15
-25
-38
-52
-68
-74
-86
-102
-111
-117
-116
-106
-96
-91
-81
-78
-72
-60
-38
-22
-5
15
33
46
60
82
96
106
112
116
102
88
71
59
44
22
7
-13
-33
-49
-63
-68
-66
-66
-72
-78
-75
-76
-75
-72
-68
-57
-51
-40
-33
-24
-21
-12
-7
-2
3
2
4
-8
-19
-35
-52
-72
-94
-114
-128
-143
-157
-171
-182
-187
-192
-194
-202
-202
-196
-188
-171
-149
-118
-89
-60
-35
-10
22
40
70
97
118
134
146
160
167
183
195
212
225
227
228
215
206
190
171
153
132
112
90
72
56
49
49
47
45
46
47
44
41
35
33
36
43
45
43
34
21
11
-3
-20
-36
-46
-62
-82
-101
-123
-151
-180
-196
-211
-226
-234
-240
-239
-239
-229
-211
-192
-170
-150
-124
-98
-73
-39
-12
15
39
64
83
98
113
116
119
118
106
94
81
64
57
39
21
3
-1
-12
-20
-27
-27
-24
-25
-17
-9
4
18
36
48
54
60
68
74
78
80
83
85
78
73
63
56
42
33
19
-2
-20
-39
-61
-78
-87
-101
-115
-121
-125
-125
-127
-124
-119
-115
-105
-89
-72
-55
-24
8
36
60
84
110
132
152
170
186
202
215
222
224
221
218
213
202
190
179
173
159
141
120
96
73
55
32
7
-13
-29
-47
-55
-57
-54
-47
-41
-30
-26
-21
-16
-7
5
15
27
30
35
35
37
36
30
20
4
-17
-42
-69
-82
-102
-120
-127
-137
-153
-157
-152
-149
-139
-125
-105
-90
-75
-58
-45
-37
-26
-12
-4
3
10
12
10
2
-11
-14
-23
-31
-30
-33
-42
-55
-59
-60
-63
-54
-44
-37
-33
-26
-16
-10
1
7
14
24
30
41
45
49
53
58
60
52
48
40
27
18
17
4
-11
-25
-28
-31
-41
-43
-49
-50
-53
-50
-39
-31
-17
-3
9
17
21
27
35
46
56
62
73
81
90
95
100
109
115
115
115
107
107
102
94
90
83
76
67
62
55
46
39
33
30
15
5
0
-15
-22
-26
-22
-16
-11
-1
5
10
10
7
8
4
-4
-6
-11
-19
-30
-34
-34
-33
-27
-25
-26
-36
-46
-53
-59
-67
-73
-80
-90
-94
-97
-90
-88
-80
-69
-62
-61
-63
-54
-48
-47
-45
-51
-51
-56
-56
-47
-48
-47
-46
-48
-61
-71
-72
-71
-79
-83
-80
-76
-81
-77
-64
-65
-58
-50
-44
-39
-28
-18
-12
-10
-9
2
9
7
8
11
12
16
19
21
19
17
6
-3
-8
-11
-15
-20
-23
-23
-16
-14
2
14
30
46
65
71
73
79
80
92
95
103
119
127
137
146
151
158
159
161
161
160
159
149
147
139
135
129
124
123
119
114
116
118
117
115
110
100
86
76
65
56
40
29
17
3
-13
-30
-39
-55
-73
-84
-98
-110
-115
-121
-125
-128
-122
-126
-133
-135
-131
-125
-121
-119
-115
-112
-117
-117
-105
-97
-100
-96
-86
-83
-81
-72
-67
-63
-59
-54
-41
-37
-34
-33
-32
-31
-28
-26
-23
-17
-15
-15
-12
-7
0
2
2
6
6
6
0
6
8
9
10
10
19
22
23
27
28
21
22
12
-1
-14
-19
-28
-29
-33
-37
-38
-47
-54
-55
-49
-50
-45
-37
-31
-25
-11
-6
1
10
15
30
40
58
66
74
78
78
85
83
79
75
77
81
78
80
85
83
90
88
90
92
90
91
93
93
94
101
104
108
113
121
126
131
130
132
126
116
108
95
75
55
40
17
-9
-27
-46
-65
-82
-103
-112
-124
-138
-147
-150
-155
-156
-157
-155
-149
-143
-133
-123
-115
-111
-104
-101
-97
-94
-87
-77
-74
-73
-68
-66
-67
-65
-65
-64
-68
-64
-59
-55
-47
-39
-34
-29
-20
-10
0
16
28
42
55
63
75
82
85
86
90
89
88
90
88
88
80
76
70
60
50
44
41
35
26
18
10
1
-9
-19
-22
-26
-31
-41
-43
-43
-41
-39
-38
-39
-37
-34
-31
-20
-10
-4
1
8
10
15
17
22
27
27
26
29
35
39
42
43
42
35
34
36
35
38
35
36
42
41
45
49
49
54
59
71
80
87
97
103
107
108
106
100
90
84
75
56
41
26
11
-7
-21
-38
-55
-68
-81
-94
-99
-107
-112
-112
-116
-119
-114
-109
-105
-100
-97
-92
-85
-84
-83
-81
-81
-79
-79
-75
-79
-81
-82
-84
-86
-90
-88
-90
-91
-88
-84
-79
-77
-69
-62
-55
-42
-32
-15
0
13
30
36
42
49
58
62
63
68
68
69
68
68
68
64
67
65
67
63
60
56
52
45
41
37
34
32
35
34
31
33
34
34
37
42
42
47
48
50
56
53
52
55
53
52
51
50
45
40
38
37
40
34
33
34
36
40
41
42
35
34
33
33
34
32
29
27
22
23
23
26
31
37
39
40
41
38
37
35
30
24
16
3
-7
-15
-21
-32
-40
-44
-51
-60
-67
-69
-73
-80
-85
-85
-87
-86
-84
-86
-84
-77
-71
-60
-48
-43
-35
-33
-36
-36
-38
-37
-36
-34
-35
-39
-39
-43
-48
-51
-55
-58
-61
-66
-63
-61
-58
-49
-41
-26
-16
-9
8
23
33
39
45
51
55
56
64
73
76
78
78
74
69
67
64
61
53
45
38
30
20
11
7
1
1
4
5
7
8
9
14
18
26
29
30
34
34
38
35
29
29
29
24
25
24
22
12
7
4
-1
2
5
9
11
10
12
16
15
18
21
17
15
16
24
24
25
27
27
25
25
29
30
28
29
25
22
16
12
6
-2
-9
-16
-21
-24
-30
-35
-37
-41
-45
-44
-47
-51
-48
-47
-50
-49
-52
-53
-52
-56
-58
-59
-59
-62
-62
-63
-64
-59
-59
-59
-58
-57
-56
-58
-56
-57
-59
-63
-63
-63
-66
-66
-63
-56
-50
-45
-40
-30
-23
-17
-6
0
7
10
14
20
19
19
20
24
28
34
39
45
49
52
56
57
57
55
55
51
45
41
39
36
34
34
35
37
42
44
48
51
52
51
52
49
45
42
34
27
20
15
8
4
1
-1
1
3
6
7
5
6
4
4
3
3
1
2
5
6
9
13
18
24
30
34
39
41
41
37
32
28
22
15
10
5
-2
-9
-13
-16
-19
-20
-20
-17
-18
-18
-19
-21
-24
-24
-25
-27
-28
-31
-29
-28
-28
-28
-28
-27
-26
-31
-33
-36
-43
-47
-52
-57
-62
-65
-65
-68
-66
-66
-63
-58
-56
-51
-47
-43
-40
-36
-32
-28
-24
-22
-19
-14
-9
-3
2
8
13
17
21
23
25
26
27
28
27
25
25
24
26
30
33
37
39
43
47
51
51
54
57
56
53
51
50
46
43
42
44
43
42
42
41
38
36
32
32
27
21
18
13
8
3
-4
-8
-10
-11
-11
-10
-10
-10
-6
-4
-3
0
2
2
2
3
2
4
5
5
7
8
13
13
14
14
14
15
12
8
4
-1
-6
-10
-14
-16
-21
-26
-27
-28
-30
-30
-27
-26
-26
-25
-23
-22
-24
-24
-25
-27
-30
-32
-32
-35
-36
-35
-36
-34
-34
-33
-35
-37
-39
-41
-44
-45
-45
-46
-48
-48
-44
-40
-36
-29
-23
-16
-11
-5
1
7
12
14
15
16
15
14
15
16
17
20
21
24
25
28
29
29
30
28
27
26
27
25
25
24
27
27
31
34
37
39
41
43
45
44
43
42
39
33
29
25
21
17
14
12
10
6
4
3
2
0
-1
-2
-4
-6
-6
-7
-7
-6
-7
-9
-8
-7
-4
-2
1
5
6
5
6
7
7
5
1
1
-1
-3
-4
-4
-4
-3
-4
-4
-3
-5
-6
-8
-10
-13
-16
-17
-18
-19
-20
-22
-23
-22
-22
-21
-19
-16
-16
-17
-18
-17
-19
-21
-22
-23
-25
-28
-26
-26
-25
-25
-23
-21
-20
-21
-21
-20
-20
-20
-19
-18
-17
-14
-12
-8
-5
-2
1
6
11
15
18
19
22
22
21
21
20
20
19
19
20
