4
3
5
7
6
3
5
5
2
2
1
3
1
3
8
11
15
24
33
39
49
60
67
74
85
99
112
121
137
151
159
168
178
185
193
202
211
210
209
210
208
199
187
178
167
152
138
123
105
87
71
56
39
24
11
-6
-18
-29
-35
-41
-49
-55
-58
-58
-58
-58
-57
-58
-57
-54
-55
-55
-55
-59
-68
-75
-79
-85
-94
-105
-117
-132
-147
-159
-175
-194
-209
-219
-233
-245
-250
-255
-266
-274
-270
-268
-266
-258
-251
-247
-241
-225
-215
-209
-197
-183
-173
-167
-152
-144
-138
-134
-122
-116
-111
-100
-93
-88
-83
-67
-54
-38
-21
1
21
42
70
102
135
164
197
229
262
293
326
355
376
398
423
444
452
457
461
456
444
435
426
402
375
351
323
288
258
231
197
159
135
116
88
66
53
36
18
14
19
14
13
17
20
20
32
45
49
50
52
55
49
48
37
25
6
-8
-23
-49
-74
-102
-129
-161
-185
-210
-233
-259
-283
-300
-315
-328
-341
-340
-342
-342
-338
-325
-319
-313
-297
-281
-264
-249
-222
-209
-197
-183
-171
-163
-156
-142
-140
-142
-139
-130
-132
-131
-124
-120
-118
-109
-84
-77
-70
-52
-35
-21
7
46
69
90
120
152
163
182
213
231
246
261
278
276
278
275
270
252
231
219
194
162
126
105
75
46
18
-5
-29
-62
-77
-81
-87
-93
-83
-78
-81
-65
-42
-28
-17
6
44
69
100
134
152
164
184
218
236
254
269
283
281
279
286
278
264
251
258
243
221
206
180
151
102
89
74
40
16
-11
-38
-68
-78
-82
-86
-102
-105
-90
-93
-88
-80
-75
-75
-68
-47
-30
-43
-51
-46
-61
-75
-72
-78
-93
-116
-130
-159
-200
-220
-258
-286
-336
-370
-396
-434
-450
-481
-500
-519
-537
-552
-567
-574
-582
-580
-568
-533
-488
-439
-415
-367
-329
-287
-209
-134
-53
-2
46
113
160
200
262
305
336
386
429
462
460
471
477
447
429
397
366
332
303
274
240
201
165
135
88
47
23
18
11
12
18
23
33
54
79
95
106
108
145
175
200
241
275
291
296
315
320
323
316
334
344
344
381
398
408
363
354
324
287
263
240
238
189
181
168
127
98
65
36
-6
-30
-46
-57
-70
-94
-104
-140
-163
-181
-190
-190
-191
-187
-191
-189
-223
-216
-225
-229
-204
-185
-156
-146
-119
-106
-113
-128
-131
-131
-155
-165
-151
-162
-179
-192
-212
-235
-273
-292
-307
-331
-341
-341
-335
-347
-370
-371
-394
-414
-402
-392
-367
-344
-338
-323
-324
-328
-306
-326
-315
-280
-263
-199
-157
-140
-104
-64
-49
20
86
123
155
197
253
256
280
320
341
369
427
485
504
517
532
527
484
460
453
410
372
338
323
282
231
204
173
123
89
89
96
70
40
41
16
-2
9
15
-3
-39
-26
-9
-4
6
31
72
78
85
106
111
116
117
129
133
130
140
164
148
123
125
122
110
79
66
76
61
54
67
43
4
-15
-41
-75
-118
-128
-138
-163
-158
-167
-183
-202
-220
-166
-185
-218
-175
-138
-151
-149
-116
-130
-145
-106
-113
-84
-89
-64
0
-48
-37
-17
-59
-36
-44
-49
-46
-97
-59
-102
-134
-125
-162
-176
-156
-170
-195
-208
-202
-185
-213
-209
-181
-249
-200
-209
-294
-240
-259
-305
-275
-273
-247
-174
-159
-127
-126
-102
-77
-98
-41
-1
-21
14
95
114
139
177
222
215
217
284
306
314
360
388
374
352
351
338
295
261
254
262
240
240
212
183
175
157
158
129
82
101
110
88
79
92
94
86
110
115
120
107
104
141
118
101
105
99
104
67
108
109
99
118
102
106
76
75
77
63
42
35
60
56
59
74
66
35
14
9
-9
-49
-63
-69
-111
-131
-134
-121
-133
-125
-113
-178
-161
-145
-221
-188
-193
-227
-172
-177
-167
-173
-170
-169
-148
-120
-117
-183
-101
-38
-156
-73
-91
-106
-65
-73
-65
-77
-148
-64
-76
-130
-45
-46
-138
-63
-67
-121
-119
-141
-54
-121
-152
-34
-86
-183
-78
-93
-175
-162
-114
-104
-198
-123
-97
-122
-76
-56
-77
-8
9
-30
50
58
51
115
137
155
162
198
265
275
269
328
378
353
361
386
366
296
311
334
284
249
250
225
191
158
109
80
41
2
32
33
-12
-30
-15
-40
-72
-86
-80
-89
-93
-76
-84
-92
-104
-86
-77
-94
-104
-69
-75
-67
-41
-28
12
-32
-9
11
-17
13
40
60
58
57
96
98
60
82
94
73
64
84
92
70
77
87
78
35
-14
41
-20
-43
-19
-63
6
-137
-32
-87
-139
6
-194
24
-115
-83
77
-258
70
-146
-173
7
-227
-65
-149
-75
-80
-143
-48
-183
-137
-42
-240
-105
-109
-209
-89
-237
-168
-151
-286
-170
-231
-253
-202
-297
-255
-244
-301
-281
-249
-244
-329
-242
-228
-330
-215
-214
-269
-170
-161
-125
-136
-100
-32
-45
28
20
73
72
99
174
209
182
255
294
286
352
353
362
386
380
394
348
363
366
357
340
310
293
238
205
179
148
157
95
68
77
24
16
0
-21
-63
-49
-77
-74
-95
-92
-39
-64
-40
-25
-36
-38
-42
-22
-23
-16
27
20
27
51
71
74
88
79
109
102
94
119
112
116
95
131
119
72
122
91
63
41
107
25
-27
117
-23
-15
-9
-35
-106
-85
-74
-147
-29
-183
3
-13
-194
87
-46
-40
17
-5
6
52
-110
103
-51
-144
178
-165
-12
51
-174
42
-45
-115
-3
-140
-61
-37
-213
9
-78
-225
-3
-89
-239
-116
-53
-250
-132
-126
-203
-107
-303
-163
-149
-351
-152
-236
-320
-215
-236
-265
-214
-231
-168
-228
-138
-101
-192
-20
-28
-33
78
73
67
147
159
192
239
229
303
308
290
340
331
316
307
313
258
245
233
204
228
175
150
130
80
72
66
61
75
36
36
73
13
43
75
49
58
76
120
89
80
167
168
125
184
177
166
187
171
220
199
162
186
159
198
146
150
156
123
108
121
127
99
110
100
77
70
58
-45
75
-44
-72
-22
-108
-146
-148
-100
-200
-128
-185
-141
-225
-134
-197
-261
-134
-81
-302
-94
-90
-252
-72
-260
27
-263
-56
-70
-186
-58
-64
-97
-172
91
-181
-28
-86
-96
-79
-97
-38
-195
44
-270
-41
-187
-169
37
-394
15
-130
-360
70
-426
-72
-56
-410
72
-242
-307
-3
-326
-150
-85
-238
-28
-220
-68
-35
-151
19
33
-8
39
121
87
164
147
230
238
207
288
241
310
259
298
257
279
277
225
268
166
182
198
89
140
108
43
74
28
4
24
-37
-2
32
-59
18
0
-24
-5
-19
20
33
41
46
95
72
-15
111
90
-2
89
97
117
59
118
128
44
110
81
124
86
64
90
103
85
16
84
42
32
-4
14
64
31
-64
25
67
-98
-50
50
-107
-69
-144
-5
-100
-280
183
-335
-143
136
-454
113
-278
98
-111
-335
452
-489
88
-30
-34
-55
-156
356
-268
-95
175
-134
25
-254
242
-3
-468
372
-317
55
-184
-167
317
-610
224
-124
-311
79
-292
-92
-264
-60
-339
-283
-2
-451
-225
-221
-284
-259
-228
-178
-230
-190
-219
-76
-224
-41
-57
-118
37
-1
-3
69
108
75
171
205
193
159
276
168
208
274
160
239
184
156
134
164
58
84
116
27
91
47
28
45
30
-11
82
51
-22
35
51
2
-13
65
40
38
40
96
69
23
135
79
156
181
33
155
241
126
142
159
237
143
46
282
169
65
174
138
187
8
114
279
-49
161
156
-96
255
-101
-57
277
-287
-72
281
-447
116
-138
-247
189
-642
187
-305
-204
-99
-358
141
-501
100
-220
-219
42
-228
-49
-129
70
-211
106
-25
-90
163
-181
101
114
-175
104
30
57
-168
-15
227
-416
160
-135
-123
87
-591
425
-387
-437
344
-463
-210
-298
-61
-371
-403
44
-462
-138
-197
-257
-65
-268
-122
-168
-96
-36
-118
-78
122
-34
-60
157
95
3
149
272
126
190
340
274
171
307
250
206
211
182
248
105
81
136
0
-34
49
12
-72
-45
11
-81
-94
-3
-95
-29
-62
-72
47
-84
-44
92
9
55
15
36
118
-22
-21
159
180
-35
137
298
147
-48
334
245
-58
311
284
78
290
211
232
163
106
336
-82
197
331
-226
223
20
77
-74
-149
443
-587
181
166
-551
367
-259
-278
266
-284
-250
147
-131
-236
-130
85
-117
-362
176
-154
-184
76
-347
432
-251
-273
526
-289
-20
30
73
-51
-154
86
-25
-141
-217
206
-254
-332
247
-359
-379
251
-395
-426
26
-162
-553
-255
70
-593
-377
46
-375
-480
-29
-334
-265
-83
-306
22
-103
-301
141
-33
-175
157
14
19
139
115
116
78
244
150
145
263
338
156
322
368
215
321
312
230
220
211
146
133
133
117
22
93
101
-40
46
57
11
22
-38
145
-33
-58
159
-64
81
-5
29
247
-49
-19
261
49
-86
134
201
212
-118
367
378
-152
252
342
55
87
263
133
154
139
55
133
118
23
-39
212
47
-226
293
-17
-29
-142
197
2
-548
515
-544
-55
173
-735
482
-593
-31
-14
-544
323
-515
-72
229
-471
-34
262
-567
296
-100
-349
366
-317
52
-55
-61
-9
-238
118
-94
-73
-83
92
-120
3
-66
-68
-77
70
-180
-174
348
-624
94
-65
-288
-5
-466
189
-397
-224
35
-448
-54
-347
-135
-112
-212
-133
-22
-157
-94
-31
-88
57
-117
58
60
59
48
126
201
118
226
189
277
214
213
276
306
191
186
323
74
234
150
78
193
24
92
44
49
-32
-32
37
-73
50
-74
14
43
-100
27
-15
64
-61
91
140
-89
171
52
7
123
76
66
168
115
152
238
16
147
85
84
131
-58
271
95
-84
226
145
-61
-24
311
-44
40
99
187
-89
6
410
-268
-165
584
-689
234
184
-591
553
-495
118
-26
-312
15
-132
-235
-14
-82
-157
9
-188
9
-119
-49
-245
181
-116
-343
327
-370
43
-97
-337
444
-731
142
275
-802
460
-253
-342
186
-365
-97
-51
-464
143
-326
-301
30
-416
-97
-246
-70
-363
-170
-46
-408
-271
33
-334
-382
191
-410
-79
-67
-253
156
-309
68
95
-149
131
130
93
65
218
249
38
297
305
166
309
344
177
257
325
119
229
285
79
154
243
75
107
29
165
102
-146
170
105
-117
65
135
-26
37
38
74
99
-113
282
107
-74
357
73
73
136
219
124
-87
407
98
46
176
181
92
72
48
305
2
-81
459
-129
193
36
135
139
-239
421
-135
37
237
-80
277
-352
334
-69
-455
551
-560
55
6
-262
134
-557
161
-8
-836
564
-402
-417
447
-708
410
-448
-319
496
-852
134
206
-713
585
-484
-337
743
-1074
255
317
-723
408
-219
-221
132
-347
-134
156
-582
119
88
-760
250
-141
-572
47
-336
-77
-486
-113
-140
-484
-58
-232
-231
-299
-96
-256
-132
-145
-211
9
-205
-34
125
-151
122
196
-116
264
159
80
244
207
262
219
303
257
258
210
292
246
183
238
265
170
60
278
143
-88
345
-70
-13
249
-276
266
-102
59
149
-294
351
-246
68
-45
90
105
-297
548
-232
38
314
-191
334
-143
175
99
-95
378
-66
212
154
71
239
-87
388
72
13
428
-123
333
20
68
287
-93
197
118
151
-77
241
-2
-6
47
-69
99
-188
51
-91
-177
46
-218
-149
-3
-386
134
-349
-69
-34
-254
-78
-108
-192
-109
-9
-320
61
-160
29
-312
105
-270
-31
-187
-255
195
-349
-126
148
-268
-145
129
-429
105
-305
-138
97
-456
150
-248
-204
-40
-434
77
-166
-450
204
-328
-261
-58
-229
-285
-71
-219
55
-292
-55
67
-340
127
-152
53
31
-126
242
36
-34
300
21
231
246
65
483
219
203
415
167
411
78
331
331
99
261
241
228
69
164
242
-60
253
-89
163
289
-355
411
20
2
88
107
145
73
-150
383
97
-324
597
8
-156
340
54
113
47
144
362
-39
91
417
44
49
280
156
262
-35
236
296
110
-129
428
167
-419
714
-162
-77
507
-326
215
-47
-160
172
-307
-84
270
-436
-213
246
-628
73
-199
-508
349
-509
-258
389
-760
268
-263
-555
603
-942
256
3
-535
366
-594
161
-97
-442
177
-41
-512
233
-232
-258
165
-680
293
-218
-554
93
-114
-444
-81
-435
-67
-222
-769
264
-495
-638
185
-675
-323
-137
-516
-348
-205
-314
-280
-74
-398
95
-421
19
59
-429
379
-158
2
269
23
87
302
16
244
331
140
354
355
304
239
459
247
109
404
261
47
253
272
86
-21
234
9
227
-339
482
173
-443
575
-139
184
-123
96
356
-129
199
66
400
84
-36
321
314
-6
108
392
94
359
-125
346
401
-216
322
269
112
238
6
405
184
-148
588
-196
279
306
-181
565
-153
334
80
-237
487
-240
-70
47
88
-289
-54
204
-533
144
-141
-572
358
-575
-240
214
-620
-135
-7
-517
125
-513
-51
177
-711
270
-228
-211
-349
161
-187
-302
161
-195
-167
-77
-97
-147
-141
-26
-255
-112
-73
-229
-329
1
-341
-259
-87
-533
-61
-428
-482
25
-608
-362
45
-717
-277
-24
-663
164
-349
-131
142
-345
57
-13
88
-39
164
82
226
290
-28
496
207
186
473
197
526
286
234
589
221
197
575
-19
502
250
86
470
-20
172
253
-94
184
314
-268
341
133
-163
332
-233
315
-12
-184
425
-98
46
256
-160
461
-121
-33
563
-247
257
299
-88
297
34
233
-31
27
493
-52
-27
421
230
-129
84
461
14
-305
716
-239
-25
451
-428
221
11
-7
-192
93
85
-317
-54
-43
-210
-244
-178
-106
-316
-172
-64
-597
-55
-146
-251
-343
-32
232
-880
324
-15
-563
410
-399
152
-207
-191
304
-633
26
456
-714
316
-76
-211
-27
-235
226
-487
-43
455
-824
28
314
-678
21
-257
30
-326
-554
299
-400
-621
212
-616
-176
-186
-322
230
-403
118
-184
-402
339
-276
51
321
-21
271
26
223
392
-123
644
450
162
650
531
155
395
384
432
187
382
474
175
111
225
81
-68
-42
20
95
-64
-105
94
-89
-238
-102
-17
-7
-208
44
141
-176
84
-197
19
231
-288
280
254
-93
126
83
-58
52
-118
202
166
-139
381
-31
74
7
58
231
-71
318
148
186
78
-148
425
-180
53
316
-42
382
-77
37
87
-158
155
-353
113
285
-517
-41
-174
2
-807
52
185
-830
337
-476
-168
6
-762
267
81
-701
195
267
-431
-99
-30
103
-77
-547
564
-87
-370
242
-77
-19
-218
-162
61
-56
-323
-264
-64
-292
-499
-352
-207
-364
-594
-382
-219
-792
-331
-554
-583
-333
-569
9
-304
-621
55
-310
-484
101
53
-24
80
94
325
229
32
440
513
395
536
696
570
428
430
462
580
360
535
470
390
237
91
246
132
4
198
204
-43
-16
-159
-61
-141
-257
113
-62
-82
-117
-13
-39
-189
-28
-35
132
-17
112
267
-80
59
138
56
195
145
274
252
146
209
83
128
341
283
427
333
357
128
14
452
189
175
370
279
211
-105
147
147
-91
5
306
7
-211
40
-333
-203
-165
-113
-268
-179
-85
-540
-269
-231
-433
-151
-84
-359
58
-237
-288
-193
-115
-123
-368
154
155
-445
-220
315
-453
-543
530
-38
-399
6
-82
21
-937
89
283
-710
-160
-447
12
-738
-940
11
-343
-928
-520
-268
-738
-811
-357
-101
-305
-585
-230
-20
-363
-89
343
251
-129
93
506
340
237
681
793
646
659
791
894
657
663
773
1001
609
612
688
471
321
190
431
255
-14
53
-5
-105
-245
-276
-210
-152
-229
-187
-169
-200
-327
-238
-78
-129
-52
-129
-41
36
-11
4
20
114
34
90
285
263
209
146
253
242
118
297
385
292
241
383
214
137
343
375
377
317
342
318
65
248
329
185
271
130
211
101
-117
47
-27
-22
-161
-124
-151
-462
-383
-185
-438
-350
-178
-453
-413
-372
-416
-271
-460
-132
-80
-516
-81
-261
-405
-184
-8
-82
-63
57
-244
-240
-51
-129
-102
15
-21
-341
-587
-24
-447
-685
-158
-261
-750
-783
-568
-787
-1021
-712
-610
-964
-675
-324
-608
-716
-598
-362
-313
-247
192
202
-207
-255
209
526
444
605
823
893
625
664
1056
1048
926
953
1139
1100
601
622
822
649
476
551
531
224
-93
4
126
-33
-109
-155
-156
-254
-371
-245
-164
-347
-339
-247
-174
-279
-327
-173
-77
-77
-36
47
34
-5
33
224
265
172
174
226
219
180
226
244
334
278
229
330
247
334
232
338
516
285
250
244
372
187
90
287
185
76
48
31
101
-80
-117
21
-97
-148
-328
-224
-190
-450
-338
-314
-352
-481
-452
-308
-376
-332
-347
-355
-213
-398
-227
-21
-217
37
-194
-129
31
-161
84
58
-81
85
-214
-255
-32
-247
-190
-152
-268
-416
-552
-470
-481
-657
-668
-580
-877
-955
-924
-934
-600
-392
-383
-704
-1033
-505
-289
-231
236
366
-119
-537
51
811
760
662
972
1036
684
689
1301
1458
1256
1069
1192
1224
792
798
1057
999
658
432
423
233
18
71
269
172
-268
-395
-349
-263
-286
-247
-198
-447
-622
-503
-327
-206
-270
-244
-183
-247
-215
-183
35
113
43
140
184
48
47
219
399
350
237
230
190
198
349
548
599
354
250
506
553
445
554
634
399
246
283
431
327
109
355
308
30
-58
-40
69
-50
-160
-123
-246
-407
-432
-303
-289
-522
-511
-467
-513
-518
-493
-399
-387
-393
-341
-310
-212
-241
-234
-116
-67
-160
-146
-64
-61
-77
-35
-102
-186
-235
-288
-184
-295
-352
-476
-636
-644
-793
-779
-855
-1035
-1051
-1150
-1207
-1114
-771
-505
-767
-1260
-1086
-425
-269
-87
211
175
-493
-569
520
1216
910
560
826
964
780
1096
1840
1824
1168
953
1297
1418
1153
1248
1210
941
390
258
582
456
211
156
39
-195
-488
-407
-100
-123
-307
-527
-634
-643
-582
-326
-184
-316
-591
-656
-391
-201
-83
-5
-114
-211
-195
19
190
238
174
164
118
115
191
333
375
321
264
124
409
466
457
450
413
529
350
394
630
488
277
152
403
382
32
138
198
114
-69
-96
119
-100
-290
-185
-185
-163
-460
-373
-243
-443
-511
-545
-341
-468
-565
-389
-323
-321
-398
-247
-116
-175
-175
-60
-12
-53
-87
21
34
-16
-66
-51
-35
-68
-210
-214
-314
-459
-479
-612
-718
-832
-1012
-1069
-1138
-1180
-1296
-1186
-728
-651
-1067
-1473
-1077
-388
-326
-221
6
-236
-801
-432
890
1257
556
344
663
1070
1096
1493
1969
1511
929
988
1646
1808
1393
1288
1080
741
514
676
888
615
143
-110
-65
-92
-207
-108
-88
-309
-598
-698
-584
-389
-432
-428
-510
-719
-781
-537
-229
-144
-263
-401
-405
-269
22
177
137
3
-9
16
276
467
396
350
333
255
378
473
591
783
547
491
231
655
703
569
740
504
267
35
398
707
344
18
50
39
109
-25
162
9
-401
-364
-282
-50
-355
-441
-372
-545
-558
-537
-353
-332
-501
-496
-402
-227
-233
-190
-43
-136
-147
-79
80
114
84
76
89
22
-10
-25
-1
-53
-246
-320
-368
-401
-506
-617
-759
-883
-1033
-1032
-1035
-1150
-1268
-1109
-599
-700
-1219
-1436
-737
-253
-330
-157
-38
-473
-864
158
1345
1036
179
365
932
1177
1342
1825
1800
1061
799
1365
2037
1752
1270
987
774
655
718
989
812
242
-187
-169
104
93
-153
-296
-449
-547
-650
-585
-449
-489
-628
-727
-681
-625
-590
-476
-345
-304
-469
-496
-264
-74
53
-12
-62
-76
-53
151
352
328
169
119
203
387
440
507
299
503
600
511
472
474
728
451
578
668
499
305
194
565
492
87
55
103
193
69
-40
109
-244
-373
-286
-169
-178
-511
-427
-460
-495
-456
-535
-342
-487
-495
-397
-316
-225
-294
-148
-69
-94
-74
-6
56
51
64
34
59
-76
-42
-7
-93
-194
-354
-383
-544
-512
-595
-739
-974
-1077
-1113
-1154
-1170
-1234
-832
-661
-1066
-1538
-1180
-405
-337
-390
-155
-290
-846
-518
798
1269
440
-39
580
1140
1310
1535
1803
1384
793
1105
1807
2086
1488
1015
818
730
836
904
944
471
-74
-249
8
235
21
-350
-536
-549
-576
-523
-469
-442
-658
-848
-766
-595
-462
-503
-465
-383
-386
-404
-268
-16
33
10
-41
-14
87
198
308
331
249
188
237
383
515
486
427
327
623
634
574
594
598
677
412
516
682
463
373
375
505
334
-2
213
257
207
30
-70
113
-173
-224
-84
-188
-281
-465
-340
-281
-442
-431
-505
-380
-422
-441
-283
-319
-326
-314
-213
-81
-106
-157
-55
-29
1
-8
-23
-39
-97
-147
-109
-141
-307
-409
-481
-430
-579
-664
-865
-975
-995
-1159
-1118
-1251
-1310
-1110
-689
-754
-1283
-1453
-818
-324
-323
-249
-200
-475
-734
232
1227
931
224
363
1058
1395
1553
1761
1653
1125
1023
1601
2071
1830
1183
886
803
850
881
869
668
154
-144
-128
136
123
-242
-480
-532
-562
-584
-517
-520
-624
-821
-841
-727
-564
-510
-537
-464
-504
-491
-384
-137
42
-7
-141
-142
16
180
329
334
234
165
210
428
547
520
385
279
552
540
668
581
614
572
360
628
634
525
330
312
406
205
90
203
114
101
-148
-94
-10
-245
-143
-244
-192
-354
-451
-241
-272
-306
-479
-472
-349
-412
-317
-242
-237
-273
-310
-115
26
7
-50
-10
55
89
82
145
140
46
-9
-32
-7
-95
-185
-329
-383
-512
-589
-688
-788
-874
-1077
-1139
-1220
-1269
-1224
-1254
-1016
-771
-1013
-1345
-1297
-535
-328
-452
-220
-132
-425
-407
478
1250
814
364
703
1241
1505
1497
1782
1645
1189
1121
1581
1971
1618
1106
826
733
733
751
749
557
15
-399
-360
-42
-53
-464
-776
-834
-778
-767
-698
-655
-801
-1029
-994
-719
-521
-573
-618
-554
-453
-368
-229
-17
78
42
10
162
345
411
451
468
463
451
512
594
670
682
567
592
634
648
570
607
691
607
599
562
529
421
330
452
372
159
101
48
112
66
-27
-50
-209
-202
-210
-177
-208
-358
-311
-341
-388
-360
-330
-273
-366
-395
-375
-269
-174
-171
-116
-149
-167
-102
33
102
15
-59
2
52
38
-41
-121
-199
-283
-361
-335
-457
-614
-761
-801
-789
-975
-1099
-1192
-1207
-1246
-1304
-1342
-1215
-843
-733
-1136
-1391
-988
-440
-237
-36
162
-191
-606
51
1279
1472
784
602
1070
1432
1659
1969
2048
1460
999
1297
1914
2045
1478
1061
783
648
637
735
781
309
-280
-531
-280
-144
-399
-730
-851
-860
-920
-931
-835
-802
-918
-976
-869
-724
-651
-560
-352
-223
-257
-301
-112
167
318
318
253
286
340
483
653
691
573
467
542
668
720
670
512
661
604
536
471
495
586
328
390
431
220
90
75
276
160
-196
-167
-155
-78
-142
-259
-167
-396
-435
-310
-218
-199
-427
-398
-374
-373
-292
-308
-225
-277
-299
-188
-60
-17
-51
-65
24
91
90
139
133
134
110
69
23
-83
-113
-115
-198
-291
-409
-491
-583
-625
-630
-743
-920
-1086
-1073
-1109
-1141
-1263
-1333
-1350
-1313
-874
-534
-791
-1282
-1177
-317
54
114
336
329
-123
-122
992
1767
1339
859
1120
1480
1637
1767
2171
1928
1292
1135
1458
1844
1550
1216
902
571
264
158
318
236
-159
-654
-797
-764
-802
-954
-940
-906
-1089
-1312
-1258
-991
-834
-854
-890
-845
-801
-694
-392
-43
73
-72
-178
52
347
538
570
583
558
476
598
813
1004
931
791
682
707
782
797
992
801
640
315
423
608
506
533
323
144
-107
-41
222
172
-42
-208
-352
-256
-271
-166
-61
-298
-410
-528
-293
-191
-201
-171
-335
-380
-404
-253
-69
-106
-200
-270
-200
-85
-33
53
47
36
-22
-24
19
62
25
-53
-92
-214
-286
-301
-251
-321
-476
-646
-730
-791
-777
-799
-902
-1080
-1274
-1311
-1299
-1250
-1337
-1369
-1285
-753
-522
-847
-1173
-940
-222
-10
323
633
334
-185
154
1397
1855
1373
1133
1381
1552
1667
1970
2344
1967
1326
1239
1567
1763
1430
1206
952
557
142
-13
123
30
-314
-624
-739
-884
-1106
-1161
-907
-752
-1020
-1307
-1309
-1079
-870
-749
-622
-683
-812
-744
-337
120
218
103
31
176
370
504
663
751
717
646
656
768
823
831
883
835
702
527
580
684
606
507
358
264
109
75
305
152
-52
-196
-200
-135
-287
-219
-183
-272
-291
-373
-244
-233
-359
-251
-256
-201
-271
-317
-158
-165
-118
-65
-47
-6
-85
11
175
198
184
101
133
194
197
260
216
134
71
22
47
-20
-181
-250
-272
-352
-482
-613
-722
-821
-889
-862
-970
-1092
-1286
-1386
-1349
-1379
-1399
-1472
-1474
-1270
-792
-567
-835
-1156
-782
-256
-24
339
653
434
-103
245
1269
1583
1350
1339
1530
1540
1450
1761
2071
1849
1368
1159
1267
1209
915
828
767
429
-74
-375
-339
-437
-617
-770
-824
-1013
-1388
-1512
-1266
-969
-1040
-1198
-1190
-1088
-994
-790
-479
-278
-312
-373
-218
135
372
483
613
689
672
636
765
993
1097
1090
1021
982
892
892
914
968
905
761
763
594
584
409
454
419
223
200
91
47
-75
-112
-8
-144
-277
-260
-289
-254
-413
-356
-246
-357
-346
-444
-335
-306
-287
-109
-140
-208
-317
-269
-101
-91
-61
-39
-30
-31
-62
42
111
86
12
20
9
-17
-56
-52
-49
-173
-310
-391
-464
-500
-556
-637
-722
-984
-1010
-1079
-1087
-1094
-1296
-1221
-1440
-1423
-1376
-1362
-1199
-1058
-555
-586
-838
-852
-376
-23
206
616
896
515
225
894
1545
1680
1457
1710
1825
1637
1639
1888
2112
1764
1464
1406
1340
987
641
669
659
366
-99
-337
-534
-761
-837
-789
-687
-967
-1337
-1481
-1272
-1039
-1075
-981
-895
-875
-915
-730
-406
-201
-166
-86
116
265
350
440
667
849
860
817
803
891
910
1016
1066
1020
827
724
677
649
745
533
489
315
385
326
182
103
-34
0
-83
-71
-29
-213
-356
-297
-237
-124
-309
-374
-295
-394
-271
-234
-186
-233
-302
-147
-129
-111
-89
-121
-39
-38
4
-27
-44
52
127
145
136
110
44
68
51
120
51
-51
-106
-138
-111
-253
-333
-422
-524
-597
-685
-827
-914
-1010
-1078
-1032
-1117
-1149
-1360
-1412
-1347
-1378
-1290
-1254
-977
-652
-598
-659
-689
-383
-49
204
622
863
670
486
769
1359
1541
1480
1667
1772
1716
1563
1714
1889
1688
1480
1362
1308
1017
593
454
411
190
-32
-299
-519
-829
-1000
-1016
-903
-969
-1104
-1309
-1272
-1151
-1194
-905
-1203
-436
-550
-967
-228
-218
-247
-87
248
599
375
307
936
784
723
1063
972
943
859
973
1033
946
849
845
734
574
763
590
440
262
398
494
104
149
98
-86
-189
-218
-64
-175
-421
-481
-244
-289
-508
-385
-268
-401
-412
-406
-308
-308
-464
-278
-211
-178
-229
-237
-82
-118
-107
-105
-44
-60
-43
10
74
114
27
43
71
86
23
-49
-76
-110
-146
-211
-328
-402
-553
-606
-610
-702
-762
-965
-1039
-1038
-1032
-1036
-1198
-1271
-1340
-1396
-1317
-1187
-844
-572
-543
-562
-598
-305
-61
255
673
895
855
702
810
1187
1494
1575
1626
1744
1877
1714
1613
1678
1620
1467
1255
1264
1178
859
500
265
165
-22
-275
-465
-615
-826
-1025
-1027
-989
-1045
-1156
-1148
-1061
-1026
-1089
-1045
-838
-686
-543
-470
-349
-233
-175
-17
206
387
453
511
625
685
732
749
747
756
816
858
812
731
644
604
628
664
618
536
451
381
315
277
194
145
90
23
22
-59
-163
-249
-278
-221
-273
-277
-278
-330
-323
-321
-291
-258
-257
-222
-234
-209
-177
-208
-183
-204
-155
-30
-21
-7
4
18
54
59
117
146
124
140
139
114
79
-13
-45
-80
-141
-233
-337
-396
-490
-537
-611
-674
-808
-945
-1024
-1017
-1041
-1130
-1215
-1295
-1270
-1286
-1242
-1164
-923
-652
-505
-434
-457
-331
-151
125
373
593
768
839
941
1082
1251
1282
1283
1418
1666
1771
1678
1536
1400
1289
1159
1069
991
838
655
406
196
-30
-254
-438
-560
-642
-706
-740
-841
-966
-1080
-1061
-990
-939
-912
-849
-740
-649
-566
-497
-340
-190
-47
112
269
387
456
517
588
652
727
777
783
794
823
832
804
797
771
772
734
697
634
572
529
465
416
325
250
166
92
52
-2
-59
-146
-234
-268
-311
-362
-387
-409
-401
-423
-440
-451
-481
-461
-460
-407
-367
-326
-293
-282
-261
-234
-160
-96
-53
-27
3
51
78
69
80
89
121
143
104
92
66
-5
-78
-96
-154
-262
-383
-439
-485
-605
-712
-785
-814
-885
-957
-960
-994
-1064
-1124
-1166
-1156
-1157
-1128
-1020
-823
-533
-315
-259
-297
-181
25
284
464
665
896
1004
1086
1202
1333
1355
1316
1387
1596
1699
1612
1497
1351
1206
1025
858
779
644
433
207
-22
-228
-431
-625
-724
-824
-941
-1013
-1056
-1092
-1129
-1130
-1031
-953
-963
-908
-726
-563
-471
-378
-202
-9
143
308
420
519
581
662
791
911
959
915
940
946
946
923
887
854
782
749
727
697
582
459
394
332
229
115
62
34
-6
-45
-97
-170
-243
-312
-338
-335
-370
-384
-385
-349
-321
-336
-345
-382
-345
-303
-259
-217
-207
-176
-155
-106
-70
-74
-67
-54
-38
24
55
75
64
30
11
-2
-17
-52
-81
-122
-137
-159
-246
-361
-466
-541
-608
-701
-749
-802
-891
-936
-971
-987
-1053
-1124
-1158
-1176
-1144
-1162
-1116
-1080
-1003
-790
-498
-196
-154
-116
88
306
528
629
870
1145
1267
1381
1468
1543
1499
1449
1571
1733
1713
1532
1363
1243
1076
870
684
516
306
37
-191
-380
-579
-779
-930
-1077
-1217
-1326
-1354
-1283
-1260
-1231
-1158
-1014
-868
-805
-654
-484
-277
-92
73
308
500
657
749
852
975
1067
1140
1206
1238
1192
1165
1168
1144
1083
1006
915
740
626
558
450
389
205
165
87
-30
-102
-230
-239
-273
-301
-297
-315
-359
-405
-422
-339
-344
-354
-339
-289
-213
-208
-238
-222
-202
-150
-97
-68
-65
-102
-55
6
9
-22
-53
-51
-62
-109
-108
-93
-87
-111
-156
-158
-169
-199
-238
-276
-298
-343
-426
-493
-505
-564
-592
-622
-666
-741
-828
-809
-852
-889
-976
-1029
-1066
-1119
-1168
-1139
-1110
-990
-667
-324
-8
-90
21
195
416
599
675
996
1172
1332
1465
1588
1667
1580
1588
1773
1883
1760
1494
1356
1254
1046
773
608
385
120
-181
-430
-626
-906
-1048
-1164
-1226
-1368
-1492
-1439
-1339
-1254
-1164
-996
-810
-704
-652
-440
-199
4
125
300
548
714
839
954
1087
1174
1208
1233
1267
1235
1151
1090
1016
936
823
696
565
372
249
96
13
-61
-211
-223
-340
-321
-347
-362
-330
-382
-306
-327
-305
-295
-270
-190
-153
-98
-19
-3
42
76
119
167
118
97
91
108
115
56
-26
-77
-144
-173
-231
-276
-321
-394
-397
-441
-449
-441
-462
-438
-407
-391
-344
-364
-342
-355
-372
-336
-378
-404
-448
-460
-460
-518
-592
-681
-728
-769
-866
-924
-1031
-1070
-1213
-1294
-1308
-1267
-909
-588
-206
-227
-115
159
383
550
642
973
1153
1190
1307
1594
1849
1771
1674
1901
2063
1918
1542
1447
1428
1230
835
589
431
119
-202
-489
-630
-902
-1166
-1375
-1432
-1460
-1456
-1402
-1334
-1255
-1096
-800
-606
-467
-358
-112
125
249
393
626
883
1026
1124
1289
1396
1398
1292
1274
1315
1221
1061
926
851
713
534
336
201
-15
-171
-309
-442
-577
-726
-698
-754
-640
-567
-399
-304
-378
-204
-94
42
67
87
318
314
388
449
552
616
465
509
545
505
314
195
164
104
-90
-244
-262
-383
-506
-704
-732
-805
-928
-944
-901
-810
-799
-742
-592
-491
-441
-319
-208
-117
-82
-23
103
96
73
74
39
13
-131
-211
-281
-429
-597
-781
-875
-982
-1187
-1307
-1446
-1537
-1620
-1670
-1397
-984
-676
-582
-491
-65
244
329
530
872
1200
1113
1208
1612
1956
1849
1700
2011
2289
2073
1603
1588
1596
1251
661
416
393
42
-418
-697
-770
-1018
-1378
-1523
-1491
-1544
-1665
-1644
-1413
-1168
-1027
-810
-506
-261
-70
85
295
483
668
890
1022
1176
1336
1482
1499
1452
1466
1434
1266
1031
880
794
616
365
215
121
-41
-254
-384
-411
-585
-752
-771
-721
-692
-686
-536
-294
-167
-84
29
223
355
355
452
556
553
532
586
690
687
590
564
511
390
220
46
-96
-289
-425
-497
-557
-668
-785
-805
-798
-882
-945
-941
-894
-814
-718
-568
-414
-303
-180
0
144
213
226
277
293
291
270
218
152
44
-34
-106
-265
-512
-737
-887
-1016
-1193
-1395
-1515
-1668
-1790
-1830
-1796
-1725
-1428
-988
-677
-511
-247
228
536
707
1053
1431
1573
1430
1632
2029
2071
1877
1872
2252
2240
1836
1599
1653
1378
683
238
158
-103
-737
-1079
-1102
-1182
-1544
-1754
-1663
-1689
-1807
-1810
-1559
-1314
-1210
-1037
-637
-214
80
283
502
777
980
1137
1244
1307
1459
1557
1582
1558
1590
1598
1381
1152
1007
829
473
89
-101
-197
-437
-712
-761
-709
-764
-957
-866
-705
-722
-760
-657
-309
-198
-126
135
430
664
673
812
997
973
870
817
874
804
627
558
562
457
276
99
-45
-244
-523
-666
-825
-966
-1082
-1132
-1079
-1037
-956
-890
-792
-676
-537
-411
-309
-202
-24
156
264
414
520
591
582
553
552
390
184
10
-81
-275
-523
-749
-919
-1062
-1310
-1372
-1594
-1736
-1924
-2090
-1997
-2147
-2027
-1781
-1178
-706
-527
-58
430
880
953
1366
1750
1880
1706
1810
2292
2202
2066
1944
2380
2363
1918
1682
1554
1295
464
42
-214
-527
-1185
-1530
-1544
-1673
-1832
-2043
-1870
-1935
-1885
-1835
-1678
-1399
-1219
-853
-595
-89
348
660
878
1132
1480
1595
1592
1561
1749
1740
1586
1499
1572
1588
1223
1011
898
696
231
-195
-317
-524
-867
-1170
-1157
-1105
-1170
-1180
-953
-750
-731
-662
-431
-85
-19
93
334
591
815
903
1127
1242
1265
1213
1132
1111
965
769
577
415
266
71
-156
-311
-431
-603
-799
-953
-1015
-1111
-1210
-1219
-1116
-1009
-937
-792
-537
-321
-192
-29
161
321
401
479
600
642
628
612
626
586
398
244
100
-76
-353
-627
-849
-1057
-1306
-1541
-1622
-1769
-1842
-1958
-1983
-1942
-1990
-1846
-1356
-814
-519
-258
256
917
1071
1408
1902
2175
2118
1910
2347
2433
2150
1896
2060
2302
1961
1657
1592
1454
780
226
-85
-377
-1036
-1599
-1731
-1929
-2063
-2227
-2068
-2003
-1967
-1749
-1566
-1368
-1177
-864
-586
-269
141
616
878
1106
1472
1749
1868
1779
1875
1949
1731
1496
1383
1326
1022
688
601
443
78
-272
-438
-612
-910
-1180
-1257
-1336
-1456
-1463
-1287
-1070
-1032
-791
-476
-162
61
255
594
728
857
977
1116
1163
1151
1188
1209
1118
956
880
728
543
284
80
-148
-424
-602
-780
-936
-1061
-1098
-1081
-1061
-1075
-989
-877
-807
-715
-566
-360
-239
-81
162
380
531
638
782
852
834
780
705
615
414
210
41
-111
-347
-603
-769
-989
-1204
-1398
-1540
-1654
-1869
-1954
-2004
-1999
-1966
-1928
-1710
-1236
-672
-335
19
475
1063
1307
1576
2050
2236
2254
2044
2280
2384
2113
1869
1834
1993
1779
1466
1300
1172
693
148
-274
-621
-1120
-1691
-1952
-2150
-2217
-2291
-2226
-2057
-1841
-1544
-1330
-1108
-783
-439
-292
-63
342
754
930
1073
1466
1792
1876
1796
1868
1943
1711
1388
1199
1073
742
347
171
55
-223
-515
-669
-773
-956
-1192
-1322
-1400
-1443
-1463
-1386
-1204
-1029
-748
-468
-158
201
469
742
923
1095
1266
1247
1254
1253
1227
1164
978
910
811
594
389
226
87
-186
-484
-600
-731
-929
-1073
-1146
-1103
-1118
-1123
-999
-839
-696
-562
-387
-164
-17
125
310
448
591
658
758
807
808
796
743
645
488
303
114
-117
-365
-561
-849
-1047
-1229
-1370
-1489
-1609
-1658
-1693
-1779
-1763
-1726
-1720
-1606
-1501
-848
-444
-138
265
735
1401
1512
1950
2338
2495
2385
2241
2422
2278
1917
1622
1713
1661
1412
1147
1102
920
400
39
-327
-668
-1257
-1715
-1930
-2127
-2267
-2334
-2201
-1993
-1703
-1400
-1061
-729
-344
-57
100
405
715
918
974
1139
1484
1637
1684
1759
1888
1874
1624
1431
1303
1006
543
192
-26
-273
-617
-838
-880
-968
-1088
-1181
-1156
-1164
-1229
-1214
-1190
-1039
-941
-746
-514
-194
169
373
687
971
1275
1339
1364
1424
1379
1224
959
866
728
510
274
199
138
-68
-270
-373
-475
-687
-869
-963
-1017
-1154
-1226
-1143
-1016
-900
-743
-499
-235
-29
184
387
534
638
717
772
773
749
701
677
623
561
470
320
150
-36
-228
-520
-772
-1064
-1237
-1447
-1662
-1697
-1802
-1765
-1839
-1752
-1610
-1584
-1493
-1413
-1190
-777
-402
-176
210
646
1223
1424
1743
2250
2366
2376
2180
2363
2281
1840
1517
1423
1400
1076
779
704
614
217
-61
-313
-575
-1003
-1444
-1628
-1913
-2093
-2238
-2204
-2032
-1788
-1397
-1030
-659
-230
206
462
730
1010
1194
1217
1263
1504
1571
1532
1539
1669
1746
1582
1443
1357
1163
778
420
154
-173
-603
-911
-1039
-1145
-1259
-1341
-1258
-1170
-1100
-1036
-930
-804
-731
-603
-480
-243
-20
187
412
682
981
1115
1211
1313
1363
1258
1066
912
766
516
211
21
-94
-265
-475
-579
-599
-680
-797
-847
-856
-899
-963
-985
-931
-865
-796
-657
-457
-226
-10
204
430
637
776
827
824
813
762
613
476
335
195
8
-145
-263
-387
-566
-742
-835
-992
-1154
-1324
-1391
-1470
-1565
-1610
-1555
-1512
-1457
-1337
-1235
-984
-850
-445
-23
268
639
954
1449
1686
1919
2259
2404
2348
2216
2199
2084
1760
1405
1252
1066
817
544
373
234
-83
-340
-596
-815
-1106
-1446
-1693
-1898
-2005
-2056
-2018
-1891
-1643
-1339
-998
-628
-218
222
499
782
1086
1313
1412
1426
1557
1590
1528
1504
1531
1517
1381
1242
1142
965
674
370
85
-187
-501
-783
-977
-1140
-1245
-1296
-1275
-1181
-1112
-965
-842
-698
-512
-354
-145
-23
201
384
544
713
851
1018
1062
1095
1106
1074
985
830
660
500
284
78
-129
-324
-478
-614
-681
-759
-825
-835
-834
-801
-773
-734
-653
-591
-503
-377
-256
-102
71
250
420
556
682
773
796
791
718
599
450
280
98
-104
-331
-516
-654
-803
-931
-1073
-1160
-1246
-1308
-1374
-1419
-1429
-1420
-1388
-1334
-1235
-1148
-1027
-908
-634
-313
40
362
659
1078
1389
1725
1943
2168
2264
2169
2099
1953
1771
1414
1114
891
706
447
199
28
-143
-308
-523
-672
-911
-1165
-1416
-1611
-1725
-1864
-1908
-1877
-1708
-1468
-1137
-767
-368
45
423
801
1086
1353
1489
1545
1593
1581
1528
1411
1334
1300
1228
1120
1011
907
735
514
288
85
-180
-482
-732
-918
-1056
-1191
-1241
-1223
-1163
-1021
-880
-676
-480
-300
-68
86
279
404
501
620
680
773
819
825
892
897
870
795
659
574
397
205
17
-194
-361
-541
-706
-792
-862
-891
-863
-815
-726
-643
-543
-430
-328
-203
-92
24
149
245
354
439
511
560
576
591
559
498
412
280
129
-33
-231
-399
-621
-806
-966
-1087
-1170
-1320
-1316
-1351
-1320
-1311
-1284
-1133
-1122
-1030
-994
-851
-733
-620
-326
-81
261
512
878
1248
1534
1838
2005
2150
2153
2098
1954
1711
1402
1101
822
526
293
83
-57
-236
-343
-444
-600
-775
-953
-1081
-1268
-1454
-1618
-1658
-1679
-1635
-1451
-1194
-884
-538
-78
354
724
1028
1289
1481
1558
1598
1558
1454
1324
1203
1104
1003
918
830
735
621
512
371
193
-28
-260
-466
-679
-865
-1036
-1143
-1177
-1136
-1035
-877
-674
-462
-255
-26
179
340
462
506
599
617
623
616
596
632
607
603
585
559
517
429
333
229
49
-147
-313
-472
-622
-763
-819
-812
-786
-704
-569
-409
-258
-115
46
173
266
332
371
399
394
375
366
344
327
299
244
203
138
47
-63
-237
-400
-577
-753
-905
-1053
-1189
-1305
-1356
-1356
-1271
-1234
-1104
-1000
-904
-727
-710
-560
-541
-508
-387
-254
-27
90
337
622
921
1149
1440
1649
1733
1763
1681
1644
1372
1107
820
513
261
-16
-203
-370
-482
-564
-602
-651
-678
-766
-846
-934
-1073
-1165
-1290
-1329
-1338
-1240
-1069
-886
-581
-225
141
466
790
1065
1254
1366
1430
1440
1327
1188
1041
917
765
605
516
434
376
294
236
194
104
-19
-141
-264
-409
-565
-671
-702
-739
-701
-647
-514
-346
-188
6
135
301
415
465
518
510
477
419
366
342
291
231
208
197
191
155
109
73
-11
-103
-209
-305
-400
-511
-569
-585
-550
-495
-411
-284
-138
9
136
255
339
392
389
385
363
317
242
151
101
32
-39
-94
-135
-201
-289
-384
-478
-601
-743
-866
-993
-1099
-1195
-1222
-1184
-1141
-1045
-941
-804
-668
-536
-407
-303
-223
-164
9
120
285
408
590
833
968
1251
1384
1532
1598
1571
1557
1381
1219
959
690
445
212
-27
-226
-392
-502
-568
-659
-686
-758
-787
-854
-918
-963
-1049
-1088
-1105
-1036
-940
-788
-585
-310
-6
290
633
891
1137
1303
1421
1449
1394
1318
1146
993
802
647
513
398
314
248
212
176
136
39
-50
-172
-292
-426
-552
-627
-728
-719
-693
-615
-496
-371
-183
-35
151
299
373
437
435
430
395
302
245
166
89
48
0
-8
-31
-41
-21
-38
-54
-106
-160
-219
-279
-332
-365
-376
-359
-294
-212
-105
9
127
241
327
401
445
448
416
352
281
186
102
-9
-99
-189
-277
-348
-409
-475
-563
-638
-721
-801
-899
-968
-995
-1021
-1024
-993
-939
-845
-776
-651
-494
-381
-246
-54
197
402
524
696
918
1063
1188
1335
1476
1514
1456
1468
1428
1256
1020
816
668
455
223
11
-155
-330
-506
-637
-737
-840
-954
-1035
-1095
-1128
-1175
-1191
-1162
-1076
-952
-807
-606
-373
-101
163
406
683
943
1099
1192
1292
1349
1302
1189
1085
963
805
633
494
384
264
166
118
80
-11
-112
-211
-285
-348
-482
-540
-602
-598
-590
-563
-443
-360
-216
-90
55
186
270
300
339
369
341
276
205
158
90
19
-37
-75
-102
-144
-163
-159
-190
-218
-236
-255
-276
-317
-339
-332
-310
-269
-228
-148
-36
63
166
241
333
407
424
421
389
352
275
189
93
-6
-121
-226
-322
-425
-529
-629
-705
-789
-864
-936
-982
-1037
-1050
-1038
-1017
-966
-886
-768
-673
-557
-420
-315
-94
143
335
506
687
957
1066
1193
1367
1471
1469
1389
1416
1355
1140
925
783
644
440
236
96
-23
-201
-343
-446
-539
-661
-820
-920
-1009
-1098
-1172
-1203
-1174
-1098
-988
-832
-622
-363
-82
152
400
668
878
997
1090
1200
1223
1159
1070
1013
925
774
666
591
500
379
281
241
165
41
-52
-122
-210
-288
-371
-421
-450
-488
-443
-410
-332
-221
-136
-42
44
137
192
218
240
260
236
189
154
126
77
1
-31
-63
-108
-163
-200
-213
-257
-295
-314
-322
-344
-365
-353
-324
-282
-235
-165
-94
-14
70
145
231
301
359
386
370
334
289
243
171
97
30
-62
-153
-232
-326
-419
-526
-607
-686
-781
-855
-943
-986
-1029
-1040
-1002
-978
-912
-808
-699
-554
-426
-267
-32
178
389
559
784
987
1109
1260
1384
1460
1414
1367
1343
1228
1061
900
781
635
468
330
235
107
-44
-155
-289
-426
-587
-740
-869
-990
-1082
-1161
-1184
-1140
-1072
-936
-755
-533
-264
-7
233
473
691
845
930
996
1036
1009
944
873
829
746
668
618
577
517
447
404
355
264
171
80
-34
-134
-213
-292
-361
-386
-393
-357
-349
-268
-141
-69
30
119
211
258
235
246
248
215
144
89
78
21
-51
-73
-87
-124
-166
-182
-170
-198
-222
-245
-271
-312
-354
-346
-333
-294
-255
-203
-119
-43
36
95
147
206
243
242
235
223
188
136
71
22
-37
-125
-193
-250
-317
-412
-514
-580
-649
-757
-836
-910
-963
-1017
-1053
-995
-972
-905
-831
-719
-579
-473
-325
-176
26
178
334
519
705
841
930
1081
1176
1216
1198
1196
1178
1038
909
789
661
501
346
242
142
11
-118
-222
-317
-419
-553
-660
-765
-850
-928
-988
-994
-983
-924
-830
-680
-483
-278
-85
118
345
525
658
732
802
825
792
756
712
659
582
531
506
486
440
403
392
361
330
241
188
108
-25
-93
-182
-230
-287
-320
-289
-290
-255
-213
-149
-59
3
84
140
173
195
189
157
122
61
32
-13
-67
-93
-143
-172
-192
-193
-185
-179
-161
-141
-138
-135
-136
-130
-125
-149
-132
-108
-85
-45
-15
37
70
94
142
159
168
153
131
125
81
17
-53
-114
-166
-256
-332
-382
-460
-519
-575
-629
-678
-737
-763
-779
-774
-758
-744
-709
-664
-588
-480
-377
-265
-142
23
174
312
447
593
720
798
927
1012
1053
1046
1039
1031
952
847
733
633
514
390
277
165
64
-40
-118
-195
-275
-376
-458
-519
-602
-684
-748
-766
-761
-747
-679
-569
-446
-306
-147
25
184
332
454
565
644
693
697
688
661
595
542
477
457
435
412
435
412
425
395
361
325
219
156
47
-67
-156
-262
-320
-374
-412
-398
-380
-335
-265
-202
-126
-74
-26
25
31
30
-5
-36
-96
-160
-191
-218
-255
-262
-226
-195
-152
-124
-66
-26
-9
20
14
-6
-46
-82
-118
-156
-193
-216
-202
-178
-140
-78
-20
36
90
137
167
158
136
96
41
-35
-114
-185
-253
-324
-378
-425
-467
-490
-511
-515
-512
-514
-510
-495
-476
-450
-425
-393
-339
-288
-230
-133
-48
86
224
337
465
575
689
754
809
871
885
870
842
811
743
628
539
472
367
249
148
87
6
-88
-178
-258
-331
-422
-489
-539
-602
-657
-677
-667
-645
-616
-558
-463
-370
-258
-130
-10
123
245
345
437
505
556
578
592
596
572
560
555
539
518
498
498
451
399
350
293
215
118
51
-19
-107
-190
-232
-256
-288
-296
-275
-248
-232
-193
-126
-50
-25
-16
22
36
26
-11
-5
-10
-56
-76
-68
-66
-76
-73
-38
-14
-21
-3
11
-12
-36
-58
-87
-135
-183
-211
-238
-265
-276
-258
-238
-215
-158
-112
-65
-41
-27
-2
-6
-22
-24
-56
-106
-146
-190
-223
-276
-306
-326
-348
-369
-387
-374
-379
-388
-383
-377
-375
-357
-317
-287
-244
-184
-103
-32
33
127
208
286
355
417
466
506
533
568
589
578
566
562
553
528
503
465
420
371
302
238
166
83
11
-63
-136
-195
-238
-261
-273
-282
-268
-261
-241
-204
-167
-120
-74
-15
42
87
135
183
238
280
308
347
376
393
415
428
420
406
370
341
303
244
186
123
56
7
-39
-86
-134
-175
-192
-209
-223
-217
-198
-170
-159
-146
-130
-124
-133
-137
-142
-147
-148
-150
-131
-120
-111
-93
-80
-82
-88
-92
-97
-100
-128
-136
-149
-169
-171
-173
-159
-164
-159
-165
-150
-141
-135
-124
-115
-94
-82
-64
-70
-57
-48
-46
-45
-59
-62
-76
-76
-82
-96
-118
-135
-152
-179
-212
-244
-251
-266
-261
-264
-254
-226
-211
-168
-128
-87
-37
29
96
157
209
257
313
352
381
419
456
465
476
473
465
456
430
415
384
353
333
292
241
193
147
98
44
4
-26
-61
-93
-117
-131
-141
-145
-139
-111
-84
-57
-44
-27
-11
-8
5
26
45
67
89
119
158
186
207
221
233
244
236
225
218
206
191
165
145
125
93
66
45
20
3
-4
-16
-26
-29
-31
-40
-48
-60
-69
-80
-82
-97
-116
-137
-162
-180
-211
-230
-246
-266
-282
-292
-295
-291
-282
-280
-263
-257
-255
-259
-260
-255
-254
-248
-235
-215
-210
-189
-187
-175
-157
-143
-125
-118
-97
-84
-78
-65
-67
-74
-72
-69
-71
-93
-95
-82
-90
-89
-98
-99
-107
-122
-114
-115
-119
-111
-106
-91
-66
-52
-23
8
43
75
96
122
146
179
219
254
288
330
369
400
419
434
453
447
448
441
434
416
382
376
352
311
275
240
225
204
171
150
126
106
83
64
47
17
-10
-31
-55
-71
-92
-99
-96
-106
-100
-99
-91
-74
-70
-45
-16
6
36
46
50
65
70
60
51
38
23
6
-8
-22
-39
-46
-50
-54
-58
-64
-67
-76
-94
-106
-118
-124
-133
-145
-153
-160
-170
-184
-203
-200
-188
-183
-186
-189
-189
-194
-196
-204
-212
-219
-215
-206
-202
-200
-190
-183
-173
-155
-157
-136
-105
-71
-43
-30
-3
27
46
55
71
81
100
90
87
98
104
110
112
125
124
116
109
115
108
95
89
80
71
49
32
10
-7
-29
-41
-48
-52
-44
-41
-33
-13
5
24
42
70
93
119
149
179
201
227
244
261
272
271
276
257
248
236
212
190
178
166
148
136
107
83
52
23
3
-25
-38
-64
-84
-104
-121
-147
-171
-175
-180
-189
-191
-182
-175
-163
-150
-143
-133
-121
-111
-100
-90
-84
-69
-56
-40
-27
-26
-15
-17
-26
-38
-41
-27
-22
-19
-16
-7
-9
-8
-11
-13
-10
-24
-16
-13
-10
-5
-11
0
12
12
13
16
24
27
21
24
15
3
-7
-19
-29
-43
-45
-48
-40
-40
-42
-27
-19
-1
13
28
42
60
75
82
97
109
123
130
143
153
156
155
150
148
144
139
122
110
103
95
75
61
56
34
14
-1
-16
-25
-38
-55
-60
-78
-98
-102
-115
-124
-141
-145
-127
-116
-109
-102
-79
-60
-52
-39
-19
5
26
49
74
82
84
93
77
65
51
32
17
6
-1
-18
-31
-40
-46
-55
-66
-72
-80
-88
-101
-110
-125
-135
-144
-158
-170
-179
-183
-187
-185
-175
-163
-152
-138
-121
-102
-96
-94
-85
-83
-75
-64
-52
-36
-19
-4
9
22
37
42
45
57
57
56
65
79
91
97
102
109
110
108
113
111
107
101
94
90
87
88
87
74
64
60
52
46
34
15
11
8
-1
-2
-8
-7
-10
-10
-2
-3
-1
7
23
35
45
60
74
84
95
104
110
117
130
138
148
148
153
149
137
125
104
89
76
59
44
22
-5
-22
-31
-37
-49
-67
-79
-84
-101
-117
-124
-126
-128
-124
-121
-117
-115
-106
-95
-91
-75
-54
-28
-6
6
21
35
43
45
54
52
54
57
52
40
22
5
-11
-15
-31
-50
-65
-71
-73
-82
-93
-100
-100
-109
-111
-110
-121
-123
-121
-120
-112
-105
-104
-96
-85
-76
-69
-63
-54
-44
-38
-41
-43
-42
-41
-37
-35
-32
-23
-14
3
13
15
20
29
43
53
49
49
53
61
63
60
59
56
63
61
61
57
54
51
48
50
44
43
43
39
31
23
13
2
-11
-22
-30
-37
-41
-41
-40
-35
-22
-5
11
22
34
46
56
69
82
87
92
103
115
122
122
127
130
131
139
143
144
136
127
121
101
80
61
38
23
10
-3
-13
-27
-41
-48
-55
-56
-55
-58
-62
-67
-65
-69
-67
-58
-49
-38
-34
-20
-2
8
14
22
38
51
55
53
56
55
49
44
38
32
27
17
7
3
-6
-17
-21
-27
-36
-43
-46
-51
-61
-66
-71
-78
-88
-95
-103
-105
-108
-112
-114
-115
-103
-92
-84
-76
-70
-67
-64
-63
-60
-59
-59
-56
-48
-48
-45
-44
-41
-30
-22
-10
5
22
39
51
63
67
64
66
67
65
62
52
46
41
33
24
16
13
9
6
6
4
1
1
-2
-6
-18
-31
-39
-50
-54
-54
-63
-59
-51
-44
-33
-20
-2
19
36
52
71
85
93
93
94
100
104
106
106
104
98
90
86
83
74
69
60
51
39
22
8
-6
-19
-31
-41
-56
-63
-71
-76
-71
-70
-71
-72
-71
-65
-56
-52
-45
-30
-15
-4
4
17
28
37
40
45
50
54
62
66
66
60
59
56
47
37
30
22
15
14
9
3
-2
-9
-12
-15
-13
-17
-16
-15
-16
-15
-21
-28
-30
-33
-38
-38
-39
-39
-38
-29
-19
-16
-10
-2
0
5
9
13
19
21
25
27
32
35
39
42
50
60
68
72
75
78
78
76
73
74
69
60
54
44
35
27
19
8
2
-3
-6
-11
-19
-23
-31
-35
-40
-45
-47
-53
-56
-58
-61
-65
-65
-59
-50
-40
-31
-20
-11
0
9
16
19
23
22
16
17
10
7
3
-2
-11
-18
-24
-25
-30
-33
-37
-44
-46
-55
-61
-70
-76
-81
-87
-91
-91
-91
-85
-78
-71
-63
-61
-53
-45
-35
-25
-23
-20
-14
-11
-7
-3
1
9
13
19
23
26
28
28
30
32
34
35
37
38
37
38
37
36
34
31
31
31
29
30
28
25
24
21
16
13
7
7
1
0
0
-2
-1
-3
-5
-5
-6
-4
-1
4
10
11
12
15
13
16
20
23
27
33
40
46
50
54
54
57
59
61
61
