-60
-66
-66
-66
-71
-68
-69
-67
-65
-64
-56
-55
-52
-46
-41
-38
-33
-31
-28
-22
-22
-14
-13
-11
-5
-6
4
5
8
14
14
21
23
29
33
35
44
43
51
55
56
63
62
67
68
69
73
69
71
77
75
70
72
70
69
66
66
66
61
58
58
56
51
44
43
37
33
31
25
25
15
11
9
-2
-3
-9
-18
-23
-31
-36
-40
-53
-57
-64
-69
-73
-75
-80
-87
-90
-91
-94
-98
-96
-102
-108
-104
-103
-107
-108
-101
-104
-106
-104
-102
-100
-103
-100
-94
-96
-89
-87
-86
-77
-70
-63
-52
-38
-21
-3
14
37
55
80
99
120
147
165
178
200
211
220
229
241
243
243
246
242
241
227
220
207
191
181
158
140
127
107
94
75
70
52
30
21
8
7
0
-15
0
-2
-17
-3
3
3
-9
0
16
1
-14
-8
-7
-41
-52
-54
-72
-102
-129
-139
-140
-169
-219
-157
-243
-236
-234
-301
-208
-333
-260
-259
-337
-223
-313
-296
-252
-270
-284
-263
-211
-255
-254
-202
-189
-236
-203
-151
-185
-203
-137
-115
-161
-102
-63
-63
-44
-7
31
42
80
126
141
172
209
208
262
264
289
323
308
350
331
353
353
317
329
304
279
257
235
211
156
136
120
71
42
21
9
-18
-23
-25
-13
-25
-36
-17
-3
4
3
41
49
59
75
83
105
99
118
126
132
146
139
149
144
150
137
130
126
102
89
83
65
61
44
21
19
-3
-11
-40
-18
-56
-49
-34
-56
-48
-49
-46
-63
-20
-62
-8
-66
-14
-15
-75
3
-47
-43
-49
-50
-48
-40
-65
-73
-35
-59
-101
-113
-57
-101
-199
-91
-77
-167
-216
-86
-124
-266
-159
-173
-151
-280
-228
-117
-277
-279
-211
-218
-286
-271
-253
-216
-298
-243
-168
-223
-218
-144
-138
-154
-107
-44
-38
-44
17
66
52
64
133
140
152
187
223
211
233
232
229
228
219
197
185
179
149
140
127
98
62
61
55
40
39
46
32
29
49
40
55
52
30
61
97
86
81
124
136
103
121
165
136
134
143
172
175
157
189
178
136
157
168
158
159
143
186
146
73
135
84
79
74
54
150
5
24
17
47
-35
-170
113
-139
-56
-58
-82
29
-198
-57
-104
-68
-194
-106
-12
-224
-50
-50
-140
-75
-117
-114
-103
-154
-114
-77
-177
-103
-117
-178
-141
-171
-105
-214
-70
-214
-202
-1
-382
-69
-204
-245
-82
-312
-142
-157
-240
-246
-210
-263
-265
-251
-277
-189
-207
-200
-177
-182
-156
-203
-128
-107
-59
-50
-5
56
55
89
116
187
185
182
273
283
247
313
273
307
310
239
306
255
238
251
197
204
176
174
153
93
113
118
108
107
152
105
88
132
84
147
97
148
184
88
199
163
99
155
102
133
115
128
192
95
110
127
113
71
60
88
40
53
67
37
52
-8
64
21
10
-24
32
-23
-100
16
-115
26
-227
-23
-89
-231
-5
-277
-77
-203
-292
-155
-202
-283
-355
-148
-202
-382
-294
24
-319
-486
25
-222
-398
-201
-72
-157
-360
-69
-23
-341
-195
13
-207
-189
-106
-47
-137
-176
-1
-191
-30
-145
-121
-10
-139
-19
-195
-73
-48
-260
-53
-108
-113
-65
-59
-16
-128
-57
-4
-107
45
101
24
119
115
146
161
157
250
224
265
346
336
347
336
319
348
316
303
324
323
309
247
280
265
182
164
164
149
85
91
138
74
83
71
89
53
1
87
83
82
55
155
135
66
143
88
108
94
47
160
105
69
113
67
87
-29
26
88
-29
22
53
25
49
-9
65
8
-35
39
72
2
-13
71
-48
85
-123
-17
73
-62
-9
-34
-24
-31
-145
29
-283
56
-228
-244
152
-451
22
-294
-194
-223
-197
-212
-98
-153
-225
27
-399
41
-226
-275
-116
-143
-227
-297
-16
-256
-238
-191
-174
-271
-206
-233
-233
-146
-223
-243
-286
-166
-174
-403
-138
-223
-286
-323
-218
-219
-312
-164
-114
-201
-172
-28
-128
10
-50
76
34
25
153
99
174
203
247
290
325
357
371
356
409
368
367
425
370
417
364
346
346
266
233
189
179
115
117
142
172
63
41
191
58
28
113
113
165
2
198
196
-40
199
-7
86
79
-69
200
47
65
-4
46
53
-81
60
6
-12
7
-24
19
-33
-1
13
-23
-22
-14
-14
22
-58
57
-29
14
57
-79
185
-146
105
-44
-51
39
-147
51
-87
-71
-76
-121
67
-227
-234
52
-110
-276
-214
158
-88
-500
184
-41
-264
-311
159
-86
-474
248
-171
-195
-103
-140
11
-433
34
-26
-432
169
-299
-135
-62
-302
-126
-265
-126
-290
-325
-151
-256
-391
-202
-192
-393
-315
-290
-136
-331
-164
-99
-224
-114
-196
-68
-38
-85
53
-13
206
68
56
314
168
202
319
354
359
251
369
409
187
355
301
294
304
250
310
241
136
171
190
163
84
124
321
57
28
281
116
-6
101
272
22
49
213
159
115
31
253
24
87
180
-28
115
107
-15
-35
51
50
-173
20
139
-151
-62
103
6
-38
-83
148
35
-110
153
100
89
-145
260
24
-28
134
21
233
-68
121
95
114
-121
71
104
-37
-98
87
-39
-53
-206
126
-154
-215
171
-281
62
-149
-57
-79
-197
50
-300
58
-69
-272
148
-230
-66
-235
21
-109
-448
270
-188
-327
37
-84
-296
-153
-247
-16
-350
-302
125
-619
-135
-327
-309
-332
-437
-135
-398
-406
-204
-209
-369
-370
-252
-221
-337
-144
-52
-25
-53
9
158
81
22
251
195
281
272
411
433
258
389
374
269
334
357
301
369
217
240
180
110
141
94
107
106
169
66
53
33
99
-21
-108
269
-69
10
166
60
105
-94
172
88
-104
195
96
54
119
48
65
-6
89
-47
0
103
86
96
-72
301
19
-91
239
25
131
100
174
186
27
229
191
44
140
250
108
78
233
77
220
-86
83
236
-219
156
20
-208
259
-343
54
-40
-221
38
-464
342
-556
24
-159
-317
315
-910
564
-340
-507
525
-745
381
-416
-224
340
-853
502
-253
-367
395
-537
144
-239
-174
-27
-402
-52
-258
-437
-64
-167
-529
-296
-115
-521
-551
-219
-241
-615
-395
-35
-380
-340
-253
-79
-300
-395
253
-203
-95
64
89
232
-143
345
286
104
436
271
487
317
235
505
247
339
314
335
342
232
186
266
107
99
95
72
178
39
3
106
44
-96
-88
54
67
-167
90
140
15
-57
75
73
-14
8
64
183
77
98
93
39
165
-66
52
123
143
-11
25
237
24
-31
173
103
-16
153
159
133
-23
190
161
-76
151
265
46
2
299
107
-52
-4
275
72
-218
341
192
-285
112
205
-248
-167
113
-133
-156
-37
-236
15
-251
-351
58
-198
-318
-126
-2
-229
-135
-209
24
95
-479
146
175
-397
-97
10
-81
-132
-417
162
69
-775
238
-46
-538
-215
-105
-128
-662
-32
-35
-608
-370
9
-431
-521
-267
-78
-438
-408
-7
-104
-337
-295
156
-220
-138
255
11
49
189
186
184
213
323
332
298
390
517
305
414
349
309
449
183
418
336
169
259
189
167
-56
88
229
-119
29
196
4
-136
-104
208
-169
-188
224
62
-153
-54
225
-1
-218
42
327
-99
-131
238
184
-29
-156
187
233
-139
-62
187
151
-110
-72
149
94
-40
-118
220
113
-47
98
101
222
-76
87
175
229
74
-30
301
195
-146
-79
405
-23
-323
141
429
-472
-103
301
-264
93
-413
221
49
-408
8
-14
17
-540
237
-210
-31
-141
-409
477
-474
-246
102
93
-391
-7
-59
-87
61
-550
206
-40
-373
-378
101
-114
-485
-163
-73
-120
-749
77
-157
-601
-246
-61
-180
-779
159
-156
-740
-47
-184
-332
-317
69
-78
-315
-61
17
-113
-13
265
139
104
228
316
110
309
372
382
336
541
508
376
466
366
415
395
432
360
475
340
121
326
179
87
123
131
252
-145
42
234
-249
-145
77
55
-124
-128
239
-52
-128
43
73
70
4
43
214
91
-119
185
9
57
-3
-103
334
-107
-84
117
-93
107
-178
99
180
-70
32
25
83
-19
30
55
22
97
57
-3
101
90
-11
9
40
302
-119
-117
453
-239
-171
200
-201
2
-223
5
15
-479
30
-227
-238
-245
-93
89
-712
343
-393
-247
104
-546
408
-417
-3
42
-364
27
-74
-138
-286
207
-198
-366
146
-335
-119
-293
-114
-49
-549
244
-553
-297
-184
-511
-30
-722
-7
-437
-581
-169
-627
-258
-405
-163
-85
-447
-30
-197
-177
5
93
269
62
138
328
147
272
382
486
435
469
614
454
469
392
505
442
471
430
427
371
63
290
84
81
175
-30
154
-7
-7
-95
-155
-8
-163
90
1
-34
83
-81
76
-159
110
203
-9
199
146
241
-68
93
244
76
149
154
250
37
9
136
46
78
116
164
187
7
53
91
34
55
146
139
40
69
47
13
-21
83
73
-67
89
116
-111
-116
52
-20
-178
-4
9
-146
-121
-195
-34
-371
-146
-116
-221
-192
-141
-294
-259
-47
-270
-1
-323
241
-305
-134
127
-308
6
-110
154
-416
-97
150
-406
-217
-37
-246
-214
-283
-149
-357
-340
-212
-541
-425
-253
-427
-680
-340
-517
-656
-658
-315
-42
-313
-433
-279
-324
-372
-136
364
285
-90
111
136
244
109
492
699
630
525
607
661
383
432
669
730
621
567
379
295
96
69
156
246
44
-67
-26
-203
-359
-327
-110
-140
-231
-92
-91
-232
-329
-178
9
-20
8
60
140
2
-67
147
233
249
224
350
341
84
136
248
297
243
269
341
178
11
112
187
135
189
205
215
-11
-23
9
37
183
112
162
68
-81
11
-5
35
34
-16
69
-174
-125
-104
-243
-70
-168
-94
-152
-318
-333
-358
-279
-234
-228
-196
-322
-246
-254
-317
-154
-183
24
-314
-255
196
-321
-256
42
-58
-254
-178
-189
34
-457
-416
86
-538
-424
-314
-366
-522
-736
-495
-522
-899
-747
-499
-853
-645
-281
-246
-572
-734
-265
-331
-200
311
351
4
-357
263
482
351
769
916
900
471
637
995
699
896
952
1060
908
407
541
454
375
350
452
437
-25
-306
-214
-229
-295
-194
-118
-183
-375
-442
-304
-352
-358
-134
22
-29
-183
-157
30
70
145
363
463
274
173
319
391
379
382
523
564
337
250
324
345
250
304
398
291
112
54
231
229
173
244
105
148
80
66
200
65
130
3
96
123
-92
64
-18
53
-63
-129
-71
-254
-150
-158
-148
-118
-338
-273
-223
-270
-266
-261
-120
-148
-367
-246
-118
-229
-187
-104
59
-222
-334
-38
-102
-235
-126
0
-208
-308
-293
-215
-311
-375
-301
-350
-578
-700
-515
-697
-774
-772
-802
-881
-972
-467
-297
-374
-877
-659
-265
-331
109
411
394
-226
-347
530
741
764
939
1045
946
466
920
1186
1171
1083
991
1248
705
495
675
744
587
316
431
200
-252
-386
-162
33
-225
-409
-378
-461
-619
-539
-148
-254
-391
-405
-218
-268
-389
-91
121
155
47
123
245
164
244
511
596
471
347
435
500
393
403
509
466
221
158
198
220
84
105
193
17
88
-108
10
-124
-82
84
-49
97
-175
-145
-177
-208
163
-70
32
-116
-265
-44
-292
108
-100
-126
-118
-381
-135
-345
-98
-71
-204
-229
-362
-281
-343
-278
-88
-247
-300
-124
-288
-187
-180
-52
-62
-205
-127
-187
-230
-200
-270
-136
-299
-341
-230
-486
-393
-524
-633
-576
-864
-721
-897
-908
-864
-1036
-265
-336
-623
-1116
-703
-187
-302
175
397
64
-697
-200
816
960
857
920
1022
715
506
1308
1555
1417
1017
1001
1113
592
768
941
1059
481
128
329
38
-192
-178
118
108
-495
-578
-485
-485
-405
-297
-56
-455
-696
-527
-166
-169
-205
-7
4
-90
-153
161
296
229
264
380
393
243
258
442
523
459
371
376
302
211
301
346
348
104
167
114
266
142
60
34
-127
125
-146
153
62
-107
-23
-184
177
-40
-49
59
-183
67
-265
47
37
-184
20
-259
10
-277
-134
37
-181
-144
-321
-181
-158
-178
-64
-96
-177
-231
-217
-101
-115
-118
-70
-68
-201
-224
-178
-154
-198
-319
-254
-332
-517
-496
-519
-504
-693
-816
-918
-928
-1136
-1154
-953
-1125
-469
-445
-659
-1416
-1030
-101
-311
201
392
29
-818
-511
1121
1196
963
913
839
848
482
1594
1854
1502
1021
765
1262
840
1048
1200
1084
456
-102
207
261
-24
-95
41
-86
-702
-795
-488
-321
-296
-438
-376
-819
-918
-610
-113
-107
-358
-364
-328
-278
-132
274
392
220
80
254
371
358
390
592
592
415
320
356
424
378
424
505
361
152
69
246
323
332
224
40
-42
-174
146
108
181
76
-172
-73
-203
154
121
64
98
-175
13
-127
124
239
42
150
-143
-5
-11
117
221
-42
-74
-267
-159
-22
-37
-7
-152
-212
-250
-249
-128
-131
-130
-196
-206
-260
-271
-200
-192
-194
-322
-342
-458
-506
-544
-507
-559
-734
-850
-950
-1023
-956
-1133
-1094
-1245
-1102
-387
-550
-857
-1532
-655
-126
-159
362
249
-136
-881
40
1360
1226
869
634
811
782
822
1891
1828
1405
712
945
1458
1111
1272
1114
961
159
42
430
411
70
-235
-106
-331
-706
-629
-339
-306
-535
-711
-694
-860
-726
-446
-139
-372
-618
-572
-311
-12
41
186
97
-31
26
343
544
474
391
439
464
396
410
545
582
432
363
353
335
243
301
417
376
279
92
62
44
172
340
224
221
1
-83
-11
38
293
91
26
-82
-176
17
-37
230
132
-58
-125
-176
99
38
124
40
-169
-183
-181
59
40
-96
-152
-236
-194
-114
-39
-32
-143
-209
-225
-174
-213
-188
-225
-277
-434
-404
-434
-460
-482
-582
-648
-802
-856
-898
-972
-1030
-1132
-1209
-1215
-1248
-530
-493
-816
-1599
-1054
-190
-285
124
143
-30
-884
-391
1151
1406
998
636
803
990
841
1844
2153
1673
946
777
1556
1331
1452
1267
1009
356
-70
499
647
338
-158
-244
-272
-576
-494
-218
-280
-581
-863
-661
-807
-685
-501
-288
-430
-827
-655
-379
-66
-60
35
46
-89
34
373
626
566
362
376
421
488
590
619
605
426
369
339
432
386
378
384
314
208
-27
60
94
288
141
36
-11
-152
-53
-63
146
85
-173
-129
-185
-16
-99
-113
75
-137
-80
-230
-31
75
-59
35
-125
-137
-217
-126
20
-78
-154
-230
-175
-124
-133
-6
-51
-138
-206
-177
-107
-150
-168
-229
-278
-381
-385
-408
-505
-592
-661
-810
-856
-961
-918
-1048
-1146
-1251
-1322
-1249
-1357
-509
-452
-805
-1572
-1063
-137
-278
115
245
46
-815
-403
1207
1521
1035
714
768
1044
930
1920
2255
1728
937
720
1611
1515
1556
1288
944
307
-50
502
713
294
-291
-408
-357
-577
-557
-316
-373
-642
-979
-734
-719
-642
-515
-365
-449
-744
-596
-305
47
56
69
28
-49
83
418
692
608
335
284
408
590
646
678
597
382
318
352
547
525
329
310
310
197
54
58
245
193
78
1
-64
-103
-185
22
98
-41
-217
-297
-97
-113
-98
-59
-95
-150
-257
-124
-36
-51
-82
-139
-171
-220
-200
-77
-50
-116
-181
-222
-165
-169
-79
-82
-143
-215
-241
-181
-187
-170
-170
-245
-339
-432
-386
-318
-470
-529
-692
-693
-826
-831
-763
-942
-1042
-1172
-1188
-1074
-1260
-918
-336
-436
-941
-1489
-389
-62
20
394
401
25
-847
406
1660
1671
1123
788
1131
1046
1478
2407
2334
1575
682
1128
1776
1663
1580
1116
736
-1
151
739
681
37
-537
-478
-495
-611
-471
-388
-612
-1001
-1051
-774
-758
-689
-596
-468
-691
-817
-551
-168
57
-35
5
-44
-31
212
558
695
470
287
348
521
634
619
592
418
214
206
314
431
227
208
206
121
-19
-120
117
85
26
-57
-176
-171
-239
-83
-25
-125
-224
-365
-212
-166
-100
-104
-211
-148
-178
-75
-43
-23
-12
-52
-60
-64
-11
15
-23
-25
-39
-55
-81
-91
-27
-23
-39
-97
-149
-150
-128
-120
-84
-150
-300
-415
-359
-273
-321
-448
-561
-672
-739
-765
-679
-785
-981
-1190
-1121
-1071
-1050
-1076
-1175
-517
-512
-678
-1340
-855
-137
-206
208
358
237
-673
-305
1259
1658
1241
849
884
1123
1015
2008
2289
1737
866
652
1523
1448
1502
1102
791
227
-72
430
622
258
-382
-598
-472
-532
-560
-485
-642
-770
-1001
-762
-803
-747
-628
-505
-418
-577
-377
-207
32
118
217
274
196
281
524
703
719
573
587
688
686
723
741
745
574
481
503
512
449
316
400
305
124
-71
4
167
28
51
-56
-126
-225
-256
73
-6
-77
-194
-227
-72
-237
-16
-60
-94
-157
-323
-93
-157
-22
-99
-159
-89
-196
-78
-74
-30
-60
-167
-140
-179
-117
-106
-110
-90
-200
-225
-279
-182
-175
-231
-319
-462
-437
-460
-456
-448
-549
-661
-825
-772
-682
-735
-878
-1013
-1066
-1034
-1079
-1030
-1055
-1069
-452
-418
-599
-1271
-724
-55
7
457
516
257
-532
84
1501
1777
1351
1009
1045
1161
1206
2142
2251
1665
871
794
1493
1326
1275
947
697
123
-144
297
352
-121
-641
-628
-430
-661
-861
-824
-787
-764
-920
-725
-868
-892
-703
-381
-173
-383
-350
-270
-27
225
418
542
352
291
479
711
857
690
687
619
587
655
658
710
506
427
317
275
228
170
240
171
37
-203
-254
-172
-109
-84
-129
-227
-394
-410
-199
-49
-2
-133
-207
-191
-166
-16
54
92
-51
-114
-35
51
59
46
80
61
-49
-74
-5
31
18
-3
44
-37
-142
-168
-47
24
-95
-213
-260
-240
-234
-213
-254
-381
-550
-586
-510
-477
-661
-756
-806
-749
-776
-846
-819
-1036
-1108
-1165
-1056
-1052
-1194
-1245
-715
-268
-496
-1133
-1010
-226
-73
301
708
639
-214
-355
1027
1801
1643
1336
1229
1221
977
1647
2340
2077
1409
869
1238
1217
1088
1110
915
457
-195
-79
141
-108
-506
-591
-476
-757
-1142
-1045
-871
-743
-808
-716
-774
-958
-820
-405
-12
-132
-249
-203
28
274
528
715
599
447
554
792
921
873
846
838
760
682
724
755
588
428
371
336
180
54
8
3
-105
-248
-294
-328
-318
-397
-315
-318
-346
-368
-350
-228
-256
-191
-185
-145
-71
-124
-37
-37
60
99
77
129
26
86
66
129
166
75
63
-45
-8
-4
-22
-63
-168
-162
-206
-181
-180
-235
-204
-234
-191
-238
-311
-368
-396
-342
-380
-425
-540
-633
-651
-671
-604
-676
-759
-893
-1002
-937
-914
-930
-1067
-1026
-1179
-724
-253
-238
-770
-1028
-243
-89
311
788
805
180
-390
695
1500
1663
1623
1293
1342
907
1323
1978
1975
1654
872
1086
975
793
811
668
470
-197
-300
-270
-509
-757
-856
-643
-768
-1179
-1248
-1239
-993
-925
-688
-693
-901
-870
-627
-184
-47
53
113
121
225
369
682
844
801
805
749
841
855
932
974
932
898
765
665
568
498
506
429
344
148
-17
-71
-129
-102
-142
-172
-251
-305
-308
-290
-251
-203
-235
-199
-169
-114
-137
-80
27
15
29
41
132
152
123
172
210
182
165
166
201
167
85
74
24
-15
-33
-25
-39
-96
-168
-93
-208
-163
-236
-303
-231
-414
-334
-455
-428
-491
-582
-578
-614
-649
-726
-768
-761
-797
-853
-942
-992
-1019
-1047
-1081
-1062
-1152
-950
-254
-165
-451
-1059
-444
-39
91
763
986
748
-271
299
1357
1659
1683
1569
1615
1197
1009
1660
1891
1751
1140
1018
1098
597
528
406
459
-42
-352
-281
-553
-925
-1176
-859
-630
-873
-1145
-1291
-1180
-1058
-778
-463
-539
-669
-670
-299
-34
101
243
332
438
506
716
822
787
810
885
978
941
831
774
718
763
782
769
598
326
201
147
140
79
14
-123
-265
-380
-448
-390
-316
-303
-380
-416
-452
-431
-332
-168
-72
-106
-166
-124
-25
29
45
87
165
137
130
156
192
166
115
149
154
95
42
-4
-27
-50
-44
-24
-115
-188
-221
-173
-153
-181
-213
-226
-256
-303
-336
-339
-371
-433
-429
-479
-547
-645
-675
-667
-655
-653
-737
-865
-1017
-1074
-971
-945
-930
-1050
-953
-411
-187
-359
-774
-500
-149
-66
435
948
915
108
136
960
1395
1410
1439
1647
1402
981
1192
1452
1394
974
947
1061
723
254
64
103
-157
-345
-315
-375
-916
-1368
-1245
-867
-815
-1038
-1104
-1034
-998
-893
-650
-461
-467
-430
-156
93
167
175
298
478
646
857
953
904
788
782
885
966
990
930
857
739
666
652
620
455
261
192
162
114
-6
-121
-218
-277
-281
-267
-235
-266
-342
-365
-299
-197
-179
-200
-148
-99
-80
-116
-45
33
46
46
100
151
110
71
74
93
60
67
63
47
-22
-55
-72
-88
-100
-96
-119
-174
-215
-221
-162
-151
-145
-150
-136
-187
-246
-293
-303
-322
-348
-382
-478
-549
-576
-568
-616
-659
-698
-817
-920
-907
-855
-826
-905
-930
-900
-586
-274
-179
-403
-432
-170
25
353
717
1023
775
537
768
1127
1358
1377
1529
1634
1478
1356
1261
1271
1101
969
1008
914
696
352
140
-119
-339
-378
-406
-571
-872
-1008
-945
-923
-1052
-1153
-1054
-910
-803
-710
-620
-586
-573
-381
-77
125
186
225
298
379
519
630
705
697
703
722
734
759
721
689
589
525
541
505
374
175
78
60
7
-38
-116
-172
-253
-297
-289
-314
-307
-316
-298
-237
-217
-211
-249
-200
-143
-107
-63
-74
-29
-31
-9
47
68
94
53
44
52
45
53
52
43
4
-36
-14
-33
-57
-92
-131
-124
-115
-95
-130
-164
-146
-142
-157
-154
-207
-302
-331
-357
-342
-360
-488
-553
-618
-603
-646
-706
-587
-672
-732
-771
-750
-767
-909
-828
-781
-755
-809
-652
-322
-85
-179
-264
-85
98
274
495
842
856
701
771
1042
1226
1188
1191
1344
1345
1279
1192
1151
1003
685
544
583
600
387
101
-105
-325
-501
-544
-588
-702
-859
-902
-828
-812
-868
-912
-856
-682
-541
-406
-321
-239
-134
22
193
310
376
440
558
710
801
808
776
746
778
821
859
745
620
557
559
566
452
330
199
84
4
-28
-38
-134
-241
-273
-231
-245
-292
-311
-294
-286
-301
-240
-210
-197
-194
-161
-83
-69
-52
-37
-1
48
56
102
106
95
71
66
89
41
15
-27
-5
-4
-52
-65
-68
-59
-92
-88
-63
-111
-114
-111
-82
-114
-193
-244
-305
-304
-334
-360
-432
-545
-593
-588
-595
-651
-699
-657
-678
-726
-743
-787
-806
-868
-797
-737
-759
-787
-765
-413
-78
138
57
-15
123
271
630
907
1124
1026
898
1045
1215
1355
1256
1255
1281
1286
1324
1214
1070
714
479
407
334
206
-62
-213
-424
-593
-731
-865
-992
-1170
-1173
-1062
-920
-911
-977
-892
-728
-508
-378
-269
-137
-1
213
395
568
635
691
815
920
1026
1028
1041
1036
1037
1063
1016
924
746
636
611
558
448
277
155
23
-87
-168
-254
-334
-395
-391
-359
-373
-410
-409
-411
-362
-311
-210
-152
-156
-127
-67
47
87
97
134
139
187
189
202
184
148
169
157
165
69
26
15
-29
-88
-167
-169
-191
-189
-190
-186
-223
-308
-279
-244
-211
-213
-231
-231
-290
-309
-333
-358
-421
-525
-525
-522
-517
-568
-641
-660
-759
-807
-878
-926
-983
-1052
-1007
-1022
-1018
-1007
-704
-332
-141
-199
-243
-80
101
459
750
1002
938
871
1032
1248
1415
1339
1335
1334
1335
1366
1293
1119
726
407
303
226
98
-191
-403
-644
-846
-996
-1105
-1174
-1330
-1361
-1290
-1104
-976
-927
-845
-701
-478
-282
-124
30
177
420
667
857
947
984
1097
1204
1327
1335
1328
1281
1230
1213
1177
1086
880
688
578
480
356
191
54
-69
-210
-308
-371
-439
-559
-589
-562
-498
-503
-503
-428
-355
-264
-193
-87
-55
-55
11
118
214
226
241
295
279
265
241
254
218
138
104
72
23
-89
-150
-183
-233
-293
-323
-340
-362
-364
-351
-335
-349
-358
-318
-283
-263
-268
-260
-251
-275
-273
-302
-340
-434
-486
-473
-481
-495
-561
-638
-730
-819
-868
-955
-1030
-1095
-1083
-1036
-1033
-773
-445
-91
-82
-107
19
129
482
746
1142
1142
1056
1197
1362
1608
1539
1548
1536
1451
1426
1315
1261
933
532
297
144
53
-231
-467
-758
-993
-1165
-1225
-1245
-1399
-1502
-1514
-1262
-1030
-879
-780
-695
-507
-275
0
196
291
479
693
980
1191
1293
1339
1327
1410
1422
1397
1298
1191
1096
973
872
735
531
304
144
47
-64
-249
-436
-557
-643
-683
-705
-690
-705
-719
-670
-567
-442
-366
-296
-199
-59
81
217
317
373
394
438
502
517
520
502
478
442
347
263
148
36
-66
-169
-230
-324
-426
-518
-556
-561
-569
-556
-556
-512
-440
-369
-323
-272
-209
-161
-122
-93
-58
-55
-72
-109
-132
-161
-228
-306
-403
-500
-615
-750
-885
-1021
-1140
-1221
-1291
-1351
-1475
-1417
-1029
-562
-229
-233
-141
-9
136
539
840
1164
1007
1072
1386
1657
1871
1688
1762
1632
1599
1580
1476
1293
805
518
307
133
-141
-444
-685
-1013
-1261
-1408
-1457
-1601
-1777
-1782
-1641
-1375
-1217
-1021
-821
-607
-345
-104
165
291
450
693
985
1231
1359
1445
1525
1594
1631
1557
1415
1270
1114
1017
896
745
520
284
90
-70
-248
-412
-577
-685
-773
-831
-816
-816
-773
-744
-636
-505
-365
-218
-55
110
216
346
495
621
698
701
747
754
736
689
598
535
378
284
181
75
-84
-285
-374
-494
-587
-696
-756
-791
-847
-826
-782
-680
-606
-523
-421
-340
-223
-112
23
116
179
229
257
266
224
155
75
-35
-145
-291
-391
-557
-741
-927
-1106
-1238
-1430
-1557
-1684
-1706
-1792
-1611
-1163
-678
-401
-334
-61
167
498
852
1148
1324
1221
1441
1751
2013
2117
2011
2114
1967
1923
1755
1540
1229
720
451
156
-25
-305
-546
-859
-1208
-1403
-1529
-1579
-1788
-1915
-1910
-1728
-1402
-1140
-841
-631
-374
-53
211
449
505
644
861
1082
1305
1417
1539
1561
1574
1557
1450
1289
1051
844
661
470
264
58
-114
-259
-407
-542
-662
-807
-955
-1047
-1066
-1008
-901
-771
-667
-515
-305
-75
139
289
416
514
646
782
899
956
919
905
857
827
747
589
428
237
111
-43
-159
-322
-481
-563
-657
-688
-744
-772
-837
-887
-862
-789
-651
-549
-417
-280
-102
75
175
257
315
381
396
422
412
357
263
150
41
-110
-337
-557
-776
-941
-1145
-1360
-1558
-1743
-1832
-1940
-1924
-2000
-1683
-1235
-771
-525
-390
17
217
674
994
1296
1327
1247
1521
1775
1988
1958
1924
1965
1898
1867
1763
1513
1105
588
260
-41
-316
-634
-877
-1133
-1367
-1477
-1543
-1586
-1794
-1864
-1812
-1563
-1294
-1082
-762
-449
-36
325
575
750
836
967
1136
1263
1352
1408
1470
1527
1583
1573
1451
1229
1037
832
612
370
78
-148
-357
-460
-526
-597
-671
-805
-853
-861
-856
-833
-794
-678
-570
-388
-106
153
386
552
707
857
944
1002
982
936
860
787
733
637
531
383
248
93
-64
-217
-376
-544
-683
-766
-831
-880
-896
-888
-873
-812
-730
-653
-562
-451
-327
-188
-54
93
218
317
401
472
516
489
400
298
173
46
-128
-318
-527
-736
-930
-1122
-1309
-1500
-1654
-1770
-1865
-1952
-2000
-2012
-1665
-1194
-731
-483
-267
181
519
961
1234
1439
1440
1434
1658
1849
1971
1939
1950
1997
1988
1902
1773
1490
1095
639
269
-61
-438
-764
-1047
-1302
-1464
-1499
-1476
-1493
-1596
-1580
-1486
-1308
-1156
-1016
-754
-424
-14
333
584
770
915
1065
1210
1264
1276
1264
1250
1265
1254
1239
1133
982
849
686
505
277
36
-213
-469
-614
-719
-820
-877
-954
-941
-888
-824
-729
-643
-538
-428
-266
-26
166
353
516
689
868
968
1120
1147
1111
1009
883
805
649
504
328
172
28
-103
-182
-270
-395
-519
-598
-657
-716
-793
-823
-837
-814
-729
-610
-465
-344
-236
-98
52
182
260
312
347
363
362
344
313
240
149
53
-81
-268
-467
-679
-857
-1043
-1232
-1397
-1548
-1648
-1719
-1732
-1735
-1706
-1657
-1395
-1011
-653
-367
-88
317
624
952
1206
1427
1549
1564
1656
1757
1817
1817
1803
1822
1780
1673
1581
1392
1092
694
340
6
-372
-742
-1064
-1321
-1483
-1546
-1532
-1485
-1477
-1398
-1256
-1049
-878
-740
-543
-332
-85
167
394
602
777
958
1106
1197
1262
1283
1310
1281
1194
1099
986
853
712
601
472
301
71
-100
-249
-370
-503
-649
-732
-833
-874
-884
-819
-750
-687
-579
-442
-218
-26
174
351
520
687
769
875
927
926
910
851
821
719
598
480
351
243
86
-38
-154
-293
-378
-446
-503
-561
-647
-669
-677
-667
-622
-585
-498
-407
-294
-151
-19
92
150
215
308
359
388
367
336
300
230
123
-25
-189
-342
-486
-639
-788
-968
-1110
-1215
-1294
-1361
-1442
-1480
-1513
-1503
-1485
-1386
-1154
-884
-581
-299
17
385
693
1023
1304
1526
1626
1641
1719
1771
1796
1700
1605
1575
1526
1461
1348
1185
938
627
315
3
-350
-719
-1056
-1333
-1506
-1595
-1581
-1535
-1493
-1391
-1204
-915
-686
-536
-381
-202
0
171
323
484
622
783
946
1094
1223
1278
1295
1270
1214
1137
988
807
612
437
280
94
-82
-225
-348
-453
-563
-649
-716
-781
-817
-828
-834
-819
-755
-625
-449
-312
-118
62
261
468
613
781
819
848
852
817
787
654
560
465
341
263
160
106
37
-55
-106
-194
-272
-380
-478
-540
-617
-651
-647
-623
-562
-469
-349
-203
-109
-23
66
145
207
210
218
208
196
179
116
45
-43
-153
-266
-392
-510
-632
-762
-871
-989
-1083
-1170
-1243
-1288
-1323
-1328
-1338
-1317
-1243
-1081
-823
-569
-340
-84
252
585
882
1137
1362
1540
1626
1688
1709
1683
1618
1524
1469
1404
1299
1167
1018
868
650
433
181
-121
-438
-743
-1002
-1240
-1399
-1496
-1530
-1516
-1434
-1256
-1031
-821
-648
-440
-187
30
205
354
496
631
768
891
1007
1107
1187
1235
1255
1243
1190
1107
964
783
586
392
204
0
-180
-346
-509
-640
-726
-753
-750
-751
-747
-705
-617
-536
-464
-367
-242
-94
27
147
285
409
522
613
691
738
729
708
669
605
506
380
258
146
46
-52
-142
-219
-283
-354
-409
-461
-505
-538
-566
-571
-558
-531
-476
-395
-298
-183
-79
16
88
159
215
237
247
213
158
68
-24
-121
-253
-363
-477
-584
-686
-782
-852
-949
-1025
-1081
-1118
-1164
-1218
-1225
-1221
-1192
-1125
-952
-725
-498
-253
52
410
687
963
1200
1410
1534
1567
1641
1632
1562
1431
1330
1303
1200
1087
955
799
633
420
238
17
-260
-540
-813
-1030
-1228
-1372
-1447
-1469
-1440
-1329
-1160
-948
-712
-475
-190
35
229
406
547
678
758
853
924
959
1009
1041
1084
1114
1113
1089
993
866
737
586
406
178
-46
-247
-406
-535
-662
-722
-756
-762
-717
-638
-544
-453
-365
-251
-133
-42
36
113
207
299
384
466
524
585
632
649
645
607
552
476
386
275
147
5
-146
-249
-328
-386
-439
-489
-492
-480
-458
-434
-407
-375
-337
-278
-209
-142
-69
8
83
180
244
258
267
276
277
234
143
32
-76
-203
-326
-453
-594
-722
-837
-926
-998
-1056
-1113
-1159
-1170
-1166
-1144
-1131
-1100
-950
-769
-584
-379
-146
207
486
771
1055
1262
1460
1493
1609
1661
1600
1536
1367
1318
1162
988
859
687
559
336
155
-4
-216
-438
-660
-865
-1049
-1214
-1322
-1356
-1380
-1320
-1222
-1064
-874
-675
-404
-154
106
335
510
665
781
882
946
939
938
945
949
947
898
858
790
721
666
569
449
250
49
-109
-282
-455
-616
-705
-734
-743
-723
-659
-595
-486
-356
-223
-85
-5
91
169
257
335
362
422
460
514
550
550
552
520
509
474
396
313
218
112
-6
-133
-245
-367
-490
-540
-563
-552
-536
-500
-434
-386
-310
-227
-135
-69
-25
39
92
139
181
208
221
210
175
139
84
20
-41
-121
-222
-352
-475
-578
-681
-761
-828
-911
-984
-1052
-1077
-1076
-1079
-1043
-1017
-947
-781
-619
-416
-237
18
336
512
806
1028
1255
1372
1381
1553
1549
1522
1405
1331
1263
1042
895
759
619
430
235
125
-2
-238
-426
-583
-746
-903
-1062
-1115
-1187
-1228
-1169
-1069
-924
-790
-621
-394
-190
36
237
391
562
661
752
791
783
817
798
766
716
663
650
578
511
466
391
303
163
58
-54
-216
-353
-474
-541
-616
-650
-605
-540
-464
-404
-304
-187
-81
30
133
228
272
313
365
399
407
388
384
378
361
323
286
244
186
140
77
0
-95
-178
-250
-314
-388
-451
-486
-495
-470
-435
-374
-311
-228
-132
-42
54
137
205
253
266
262
257
220
179
134
93
28
-64
-136
-221
-317
-438
-539
-624
-724
-817
-886
-925
-978
-1029
-1064
-1079
-1071
-1051
-1006
-819
-640
-484
-274
-38
290
436
689
964
1138
1261
1250
1449
1455
1380
1313
1248
1228
1017
901
828
690
482
315
248
135
-122
-306
-447
-630
-807
-979
-1027
-1116
-1193
-1174
-1083
-964
-845
-679
-465
-251
-29
186
321
489
607
705
753
766
809
786
745
709
703
661
573
507
496
445
349
251
166
77
-77
-193
-277
-376
-475
-540
-509
-461
-454
-360
-250
-117
-34
47
184
223
297
347
424
449
388
393
357
322
262
204
191
132
84
52
16
-29
-102
-151
-193
-254
-317
-379
-424
-459
-469
-443
-402
-348
-253
-159
-71
21
100
179
227
264
298
276
232
182
147
91
-13
-95
-177
-274
-367
-447
-504
-583
-657
-704
-763
-831
-895
-945
-974
-1001
-998
-969
-918
-772
-635
-458
-269
-39
225
397
662
876
1052
1141
1194
1318
1270
1223
1161
1119
1044
876
817
743
609
474
367
309
156
-54
-195
-346
-505
-692
-816
-890
-1000
-1046
-1018
-943
-846
-716
-551
-354
-166
44
227
345
481
571
652
670
671
697
664
652
630
635
609
551
548
534
483
407
319
230
105
-13
-111
-216
-305
-399
-421
-422
-409
-368
-315
-234
-182
-88
7
74
131
151
201
209
201
190
163
139
85
75
49
11
-14
-45
-69
-108
-154
-178
-210
-260
-299
-337
-370
-406
-402
-391
-383
-350
-308
-246
-178
-105
-28
36
77
121
151
164
148
125
113
71
15
-45
-113
-179
-241
-303
-354
-427
-501
-576
-651
-710
-772
-821
-862
-890
-873
-843
-770
-659
-542
-363
-190
27
219
388
625
789
941
1026
1114
1189
1150
1132
1093
1040
951
842
815
740
634
545
420
313
151
-10
-130
-308
-472
-629
-753
-861
-974
-1010
-999
-966
-879
-752
-599
-447
-289
-93
64
191
308
404
470
493
501
509
486
468
476
478
483
474
488
470
426
399
359
291
192
85
23
-85
-188
-234
-289
-265
-289
-242
-158
-132
-34
29
134
187
201
261
263
273
245
225
232
161
139
118
91
68
13
3
-27
-65
-88
-111
-156
-226
-276
-294
-327
-368
-376
-356
-324
-307
-269
-211
-168
-121
-61
5
50
63
86
104
111
97
54
26
-19
-55
-95
-141
-186
-270
-335
-392
-443
-499
-570
-599
-660
-711
-747
-777
-774
-782
-755
-664
-560
-432
-301
-132
74
220
393
564
715
822
885
970
995
963
964
943
920
852
775
738
659
593
507
423
325
189
85
-38
-205
-357
-484
-585
-687
-776
-810
-821
-800
-730
-622
-501
-386
-266
-121
14
124
223
294
330
347
373
383
368
358
351
351
337
333
337
337
327
292
241
192
140
60
-4
-70
-129
-175
-229
-233
-230
-222
-188
-148
-64
-29
29
109
159
197
197
235
240
225
218
198
179
133
98
75
40
3
-14
-24
-38
-80
-110
-129
-159
-180
-190
-202
-208
-194
-159
-116
-92
-55
-29
-10
10
40
68
84
108
117
104
81
64
52
31
-7
-58
-92
-147
-216
-270
-342
-411
-477
-530
-567
-623
-672
-700
-708
-688
-676
-618
-531
-430
-310
-183
-24
107
232
395
531
629
697
742
791
787
784
783
752
721
657
633
586
512
454
379
287
170
64
-19
-145
-270
-379
-481
-565
-648
-660
-666
-672
-641
-565
-474
-376
-282
-164
-53
27
122
198
256
284
311
331
323
320
324
316
326
315
324
327
311
308
282
268
224
186
141
89
38
-6
-32
-86
-116
-118
-129
-115
-97
-46
-6
13
67
110
156
171
192
207
182
159
134
124
83
40
15
-18
-48
-86
-109
-128
-152
-170
-183
-190
-214
-227
-231
-220
-214
-207
-172
-153
-127
-93
-62
-29
-9
14
29
31
37
25
12
1
-15
-30
-65
-91
-120
-155
-202
-248
-278
-316
-358
-403
-428
-461
-494
-506
-514
-507
-475
-437
-389
-321
-255
-157
-51
83
199
298
429
519
612
675
722
771
767
758
740
707
667
604
565
499
418
344
270
200
102
8
-84
-179
-281
-352
-419
-472
-506
-526
-522
-522
-493
-434
-360
-293
-227
-151
-81
-25
25
69
117
147
185
234
257
279
269
287
299
303
315
310
310
282
244
218
172
123
85
32
1
-53
-75
-86
-104
-98
-103
-83
-60
-42
-20
4
36
61
69
96
98
98
99
82
67
44
16
-12
-38
-66
-99
-131
-147
-180
-201
-213
-239
-254
-284
-286
-284
-293
-266
-256
-242
-232
-206
-171
-138
-104
-65
-42
-28
-12
-3
20
8
13
8
-10
-26
-55
-78
-119
-165
-188
-216
-245
-275
-316
-332
-350
-345
-347
-328
-292
-277
-237
-190
-137
-91
-26
52
137
219
301
383
452
521
575
633
666
689
697
679
654
624
584
529
464
407
326
247
188
107
38
-31
-88
-139
-181
-202
-201
-206
-194
-176
-154
-124
-94
-48
-13
17
36
60
93
114
135
166
183
185
195
205
211
203
181
157
124
83
37
8
-16
-54
-95
-128
-144
-157
-152
-138
-133
-127
-126
-118
-105
-100
-91
-82
-86
-90
-94
-96
-94
-95
-91
-92
-91
-97
-113
-128
-152
-186
-208
-241
-270
-303
-332
-353
-372
-381
-382
-376
-366
-342
-312
-282
-257
-227
-205
-182
-151
-115
-83
-50
-17
14
39
50
53
70
71
68
66
57
55
41
34
23
17
1
-7
2
-1
-3
10
31
40
55
88
123
169
212
257
309
335
357
382
415
429
445
474
480
494
494
501
498
496
498
483
468
431
400
359
308
266
210
155
101
41
-11
-56
-92
-123
-149
-165
-177
-187
-184
-181
-173
-162
-165
-160
-161
-165
-169
-175
-178
-179
-187
-193
-183
-167
-152
-140
-122
-111
-112
-119
-126
-131
-154
-170
-193
-206
-209
-211
-208
-196
-192
-191
-185
-177
-165
-152
-143
-126
-116
-118
-118
-121
-116
-117
-109
-110
-113
-117
-113
-108
-115
-114
-124
-142
-154
-167
-175
-181
-184
-192
-197
-193
-195
-200
-189
-174
-153
-129
-104
-86
-65
-46
-17
18
38
75
101
130
162
188
213
217
225
235
229
223
218
192
170
144
126
103
84
82
81
79
70
72
67
69
70
70
86
102
116
132
150
174
193
211
248
275
299
326
342
361
374
371
365
355
344
336
312
289
257
216
170
121
87
55
14
-24
-43
-64
-90
-121
-133
-146
-156
-166
-166
-165
-169
-162
-156
-139
-114
-108
-95
-74
-61
-50
-43
-35
-25
-16
-9
-1
9
6
-4
-20
-33
-47
-73
-84
-91
-103
-113
-126
-131
-126
-125
-113
-90
-64
-58
-47
-39
-31
-31
-43
-46
-59
-63
-66
-69
-74
-72
-76
-80
-91
-104
-122
-141
-161
-182
-194
-208
-225
-242
-254
-266
-267
-269
-259
-246
-226
-192
-161
-114
-67
-31
-5
23
50
78
102
125
147
163
178
176
182
184
185
194
193
198
191
180
174
157
145
128
110
93
79
80
72
79
76
73
79
76
83
91
102
114
128
137
155
172
191
215
234
247
255
255
250
239
231
214
190
163
126
88
51
19
-12
-47
-81
-115
-147
-167
-184
-197
-205
-216
-213
-211
-206
-201
-198
-195
-194
-182
-168
-164
-152
-139
-130
-118
-114
-104
-98
-92
-89
-79
-70
-69
-71
-72
-74
-81
-83
-86
-84
-87
-85
-80
-76
-67
-61
-46
-28
-21
0
10
23
40
53
69
71
77
79
77
72
70
65
59
62
51
36
13
-3
-16
-35
-50
-70
-79
-82
-88
-85
-83
-73
-66
-49
-32
-14
11
27
41
49
58
76
93
108
114
120
138
138
141
146
153
145
140
135
126
115
99
88
67
58
38
21
9
-10
-19
-25
-25
-24
-19
-25
-28
-28
-24
-21
-24
-14
2
17
32
52
83
92
100
116
127
146
143
138
130
120
103
78
59
30
1
-23
-44
-69
-86
-98
-116
-126
-139
-149
-158
-154
-148
-139
-130
-132
-122
-114
-98
-81
-75
-65
-56
-51
-44
-40
-41
-45
-49
-55
-63
-59
-62
-67
-72
-74
-77
-74
-66
-61
-48
-49
-34
-28
-22
-12
-4
5
14
12
14
19
18
19
28
40
46
54
55
62
69
71
73
78
78
76
66
54
48
24
-3
-30
-63
-81
-96
-107
-107
-114
-125
-125
-109
-90
-75
-55
-29
-4
14
36
58
72
95
112
128
145
153
152
153
159
158
155
152
151
148
137
130
122
109
92
89
93
83
66
54
41
20
0
-7
-11
-18
-25
-35
-31
-23
-17
-14
-2
16
35
44
56
64
62
56
45
36
18
3
-16
-28
-42
-60
-70
-88
-96
-104
-105
-106
-104
-101
-105
-110
-118
-114
-116
-117
-116
-116
-106
-99
-86
-74
-60
-52
-45
-31
-14
2
9
24
27
32
32
26
24
19
11
-4
-18
-23
-27
-29
-30
-32
-29
-31
-29
-28
-17
-5
0
14
30
45
53
60
61
62
63
58
53
50
44
36
36
36
34
21
8
1
-6
-20
-32
-45
-60
-74
-93
-95
-97
-101
-107
-109
-102
-88
-79
-70
-52
-36
-21
1
22
50
69
81
96
107
114
111
110
107
98
97
85
71
63
48
34
19
6
-4
-18
-24
-23
-26
-34
-44
-45
-48
-50
-51
-48
-49
-48
-45
-46
-44
-34
-25
-21
-1
12
24
37
43
51
52
59
65
59
50
38
34
17
4
-10
-19
-30
-34
-33
-37
-40
-46
-39
-35
-22
-14
-10
-4
3
15
19
29
36
41
43
46
51
54
52
56
55
51
59
64
71
70
69
61
50
45
38
35
28
22
18
7
-6
-13
-21
-28
-28
-25
-20
-11
-5
-1
1
11
16
15
14
14
13
12
11
7
-1
-16
-29
-43
-58
-74
-85
-95
-113
-115
-118
-117
-117
-121
-127
-130
-125
-119
-112
-97
-81
-72
-57
-40
-23
-9
5
17
39
58
74
84
92
102
105
103
105
104
100
87
76
65
44
28
13
-5
-17
-27
-33
-41
-44
-50
-47
-39
-34
-23
-22
-15
-9
1
7
13
25
29
34
42
50
52
52
54
56
61
63
60
56
47
36
25
12
2
-7
-14
-13
-23
-33
-41
-48
-57
-59
-57
-47
-35
-23
-13
-4
5
9
13
14
14
21
26
29
26
23
20
16
10
6
1
-5
-10
-18
-22
-18
-17
-18
-17
-17
-15
-17
-15
-16
-15
-13
-8
-3
7
12
17
25
28
35
40
43
48
51
51
