-65
-82
-66
-51
-45
-37
-30
-39
-46
-44
-44
2
74
252
367
498
250
-356
-197
44
-89
160
352
-23
-468
-399
-265
-171
-13
511
378
-145
3
-229
-350
-230
3
115
214
48
-88
-98
-125
45
119
363
248
420
420
212
214
259
435
272
509
265
128
41
43
-84
-348
24
-345
-347
-418
-305
-244
-66
-1
-130
-109
-285
-77
-244
94
184
347
451
468
274
101
232
119
397
364
455
436
94
-161
-241
-187
-110
56
70
19
-252
-564
-693
-829
-720
-431
-157
-108
-196
-185
-352
-296
-298
-4
146
237
387
267
543
227
167
74
232
301
460
678
455
267
-311
-355
-625
-186
-136
149
267
-286
-653
-1017
-788
-840
-338
45
84
-213
-373
-566
-506
-191
33
440
492
430
211
63
30
-23
156
418
538
395
349
76
-185
-198
-221
99
171
169
79
-51
-301
-332
-328
-171
15
34
237
22
-63
-239
-304
-145
2
166
308
265
44
-50
-140
83
170
357
517
318
252
-30
-38
9
229
270
293
241
66
66
-80
55
35
150
264
280
190
150
39
-17
14
47
279
346
381
193
46
-116
-10
138
219
361
121
82
-82
-111
-1
-15
106
123
22
-39
-111
-161
-188
-112
-11
-28
-161
-242
-270
-386
-206
-147
-121
-199
-340
-390
-288
-241
-99
-41
-154
-107
-225
-150
-100
1
30
-22
-113
-71
-158
-85
-31
-152
-125
-302
-290
-376
-471
-497
-496
-511
-519
-571
-581
-743
-834
-785
-746
-684
-608
-664
-767
-906
-944
-556
-71
264
40
241
185
140
381
1157
1544
1307
1342
1151
1115
1035
1562
1632
1640
1549
1330
1102
970
975
736
955
936
791
453
302
49
-110
-31
193
291
133
19
-137
-117
-102
85
299
425
474
510
671
560
552
609
794
940
966
900
663
500
312
363
423
466
210
-75
-324
-554
-719
-759
-760
-812
-950
-1114
-1257
-1447
-1450
-1378
-1168
-1032
-1019
-1134
-1180
-1239
-1041
-862
-546
-480
-567
-613
-775
-733
-745
-464
-396
-254
-532
-723
-822
-937
-802
-642
-494
-840
-1087
-1386
-1530
-1659
-1494
-1561
-1765
-2077
-2031
-1129
-546
-384
-853
-407
-660
-347
1012
2329
2187
1282
1463
1161
1779
2550
3588
3150
2760
2283
1911
2057
2063
1960
1538
1829
1206
636
142
-150
-759
-764
-337
-431
-740
-1422
-1638
-1672
-983
-716
-356
-215
-256
-112
375
1089
1069
1388
1639
2035
2061
2261
2220
2129
2090
2079
2160
1914
1503
915
702
494
277
-78
-442
-884
-1260
-1436
-1535
-1654
-1869
-1943
-1873
-1694
-1614
-1556
-1375
-1160
-873
-601
-303
-244
-267
-179
76
320
343
391
329
243
55
-60
-133
-209
-366
-566
-658
-945
-1245
-1451
-1360
-1309
-1373
-1550
-1677
-1658
-1700
-1487
-1259
-1038
-1143
-1125
-968
-782
-702
-668
-612
-779
-829
-941
-1173
-663
395
793
119
-227
-231
-590
-43
1716
2495
1342
158
-59
141
852
2294
2839
2184
1165
852
1055
1620
1981
1825
1672
1387
963
435
279
138
7
129
407
133
-666
-1389
-1441
-953
-408
-33
65
-259
-708
-522
210
881
1211
1460
1591
1545
1466
1656
2098
2421
2513
2518
2385
2067
1688
1504
1506
1405
1151
805
431
-59
-576
-882
-890
-881
-1031
-1203
-1451
-1740
-1894
-1670
-1260
-978
-972
-1144
-1068
-1049
-892
-593
-244
-116
-245
-232
-174
-122
-114
-54
-2
54
-130
-343
-475
-584
-675
-707
-660
-812
-986
-1128
-1240
-1280
-1170
-1201
-1208
-1075
-969
-943
-950
-958
-818
-693
-495
-397
-225
-216
-633
-550
-511
-440
-562
-306
82
314
224
-293
-455
-414
-197
314
1183
1280
190
-509
-204
227
718
1414
1636
1009
405
441
796
1018
1078
1053
1019
901
737
609
561
422
307
572
920
876
489
191
181
337
596
874
975
742
391
574
955
1020
924
885
859
728
775
936
963
738
596
585
565
536
378
274
203
104
-2
-46
-122
-303
-408
-344
-254
-244
-276
-331
-443
-471
-355
-200
-149
-264
-379
-420
-387
-307
-262
-235
-269
-340
-323
-316
-346
-431
-477
-399
-349
-398
-465
-540
-649
-658
-561
-451
-466
-608
-734
-800
-782
-719
-692
-703
-761
-800
-790
-740
-711
-690
-673
-674
-626
-610
-586
-582
-521
-455
-427
-344
-315
-346
-362
-337
-254
-170
-131
-95
-111
-84
-56
11
112
167
185
142
93
140
198
209
211
241
192
85
69
111
138
134
155
140
93
43
73
177
324
371
350
359
314
294
364
529
632
593
582
597
556
576
633
747
735
658
607
541
593
675
634
611
494
415
332
334
522
341
260
201
180
311
207
276
240
57
116
62
131
33
-69
-63
-225
-54
-189
-217
-127
-357
-261
-279
-180
-252
-391
-110
-203
-183
-92
-138
-217
-140
5
-98
-179
-36
-236
-391
6
-63
-321
-245
-123
-181
-157
339
197
-268
13
98
-3
-29
51
-98
-471
-429
-334
-315
-340
-265
-85
-290
-331
-361
-429
-82
-147
192
54
-375
-460
-310
-56
160
377
76
85
-336
37
163
266
414
-38
210
84
31
-13
332
226
-88
87
130
-127
-388
-52
-148
-272
-139
-286
-683
-563
-296
-343
-225
107
-44
-490
-289
-65
-3
178
450
521
198
-83
-33
340
636
743
752
624
307
167
662
777
765
634
490
451
474
572
464
301
173
219
35
152
67
-189
-339
-197
74
-134
-265
-450
-373
-359
-204
-22
-200
-550
-553
-200
-166
-121
-148
-247
-435
-274
111
69
-142
-104
-89
-231
12
121
-93
-86
-4
80
98
173
-105
-285
65
115
165
360
306
-149
-259
155
298
346
420
89
-284
-198
-30
200
252
184
106
-195
-316
-336
87
132
66
224
17
-268
-449
56
273
334
396
224
-212
-137
142
330
367
144
25
-217
153
-45
6
127
-83
-152
-170
-72
-299
-213
-214
-438
-308
-224
-475
-667
-569
-558
-641
-523
-699
-947
-1057
-848
-726
-354
-46
-395
-874
-1053
-419
189
612
592
71
-566
-523
469
1360
1402
896
323
-5
322
1113
1627
1204
499
107
249
570
789
708
361
43
-142
-109
-73
-82
-112
-135
-147
-267
-502
-646
-531
-122
117
72
-133
-496
-564
-200
423
595
229
-98
-230
-105
311
714
645
373
24
-61
176
398
679
664
399
89
-67
110
315
503
509
415
217
64
176
452
651
600
425
250
171
183
329
360
277
98
-133
-172
-93
-166
-231
-175
-439
-597
-497
-229
-393
-467
-361
-668
-551
-533
-355
-325
-219
-152
-611
-383
-296
-194
-116
90
-147
-450
-202
-283
64
-143
-148
-538
-543
-333
-494
-460
-954
-1048
-1214
-952
-1106
-1343
-1626
-1755
-793
84
-53
-1541
-2000
-1030
275
1275
1353
332
-1377
-1270
788
2644
2747
1516
239
-241
820
2582
3283
2274
737
132
753
1595
2091
1653
747
54
-351
-63
185
363
-66
-685
-1007
-1166
-1062
-939
-565
-561
-792
-1022
-981
-791
-566
-35
315
155
-266
-206
205
674
962
1042
867
616
580
803
1082
1202
1117
843
589
449
515
724
791
749
551
217
-21
-17
462
725
700
277
-208
-301
22
557
571
276
-137
-423
-253
127
358
119
-401
-583
-593
-370
-197
-203
-413
-798
-906
-846
-619
-507
-521
-690
-920
-1057
-941
-701
-458
-352
-629
-794
-824
-624
-466
-427
-448
-618
-759
-806
-653
-568
-621
-922
-1079
-1252
-1265
-1445
-1540
-1673
-1544
-290
107
-1040
-3035
-2363
-151
1106
1213
237
-1216
-2460
-772
2168
3401
2329
284
-912
-165
2368
4302
3598
1430
-117
-3
1462
2817
2986
1485
-15
-680
-305
590
1174
1036
-384
-1409
-1495
-753
-161
-9
-239
-1036
-1230
-947
-338
-149
40
209
88
-120
-107
477
1095
1410
1212
948
795
1065
1504
1746
1590
1262
1028
839
894
956
992
739
489
126
225
474
334
22
-255
92
69
126
-28
-229
-383
-509
-217
-51
23
-306
-699
-748
-499
-170
-37
-307
-648
-889
-611
-210
18
-110
-518
-654
-659
-326
-75
-36
-400
-819
-768
-499
-168
-165
-407
-761
-776
-528
-275
-252
-446
-709
-882
-814
-725
-670
-810
-1104
-1429
-1565
-1567
-1603
-1714
-1788
-2139
-1095
-10
-427
-2532
-2878
-578
717
1207
620
-216
-1672
-1102
1543
3165
3030
1310
-92
-150
1874
4034
3752
2000
507
329
1276
2419
2890
1663
195
-550
-370
357
863
880
-491
-1712
-1793
-921
-167
-205
-548
-1391
-1512
-951
-157
27
-128
29
25
31
123
708
1262
1447
1218
962
1054
1478
1833
1806
1507
1182
1101
1170
1222
1102
866
543
238
43
90
154
386
-23
-578
-950
-710
-108
-177
-42
-716
-1199
-1344
-780
59
-83
-431
-1240
-1317
-750
-26
370
-243
-860
-1090
-549
264
419
144
-591
-824
-476
90
478
109
-466
-1010
-768
-171
125
-54
-682
-984
-1024
-498
-175
-323
-710
-1143
-1134
-950
-596
-560
-828
-1313
-1630
-1668
-1273
-1225
-1382
-1945
-1907
-279
446
-674
-2938
-1850
383
1469
1363
553
-459
-1666
56
2492
3758
2702
522
-741
342
3248
4483
3012
773
-271
265
1702
2866
2527
589
-912
-1256
-291
805
1251
255
-1736
-2415
-1556
-72
175
-346
-1354
-2018
-1378
-230
494
-2
-333
-381
-151
183
763
1340
1404
1070
677
918
1583
2155
1883
1297
845
1008
1364
1455
1142
697
446
218
218
170
195
-176
-359
-432
-430
-451
-577
-527
-596
-465
-528
-728
-841
-639
-372
-358
-439
-580
-728
-587
-185
88
-82
-491
-594
-395
50
232
82
-287
-511
-345
-97
43
-161
-434
-657
-580
-376
-235
-310
-555
-650
-704
-510
-445
-415
-576
-761
-984
-1032
-877
-749
-908
-1280
-1473
-1553
-1386
-1433
-1315
-1853
-1045
126
-103
-1788
-2488
-211
839
1177
646
216
-855
-978
1122
2782
3234
1548
-51
-186
1942
4001
3631
1923
607
551
1305
2461
2922
1773
93
-715
-417
459
1049
875
-689
-1932
-1817
-689
164
-65
-697
-1645
-1524
-615
330
303
-213
-250
-17
316
545
1109
1441
1366
925
952
1435
2056
2144
1636
1102
1067
1540
1705
1469
966
654
433
290
330
305
81
-480
-843
-431
-357
-389
-941
-1001
-883
-882
-549
-1019
-887
-1117
-930
-713
-571
-381
-957
-884
-581
-84
-27
-367
-448
-429
-81
113
140
42
-245
-271
-278
-59
-23
-148
-398
-670
-526
-487
-384
-566
-696
-830
-903
-646
-613
-710
-1065
-1175
-1004
-962
-955
-1269
-1287
-1488
-1617
-1765
-1654
-1614
-1451
-88
-21
-1337
-2942
-1252
822
1302
916
89
-618
-1349
474
2465
3311
1969
-49
-609
1095
3661
3910
2192
544
186
958
2210
2994
2238
463
-539
-467
496
1238
1329
54
-1575
-1758
-718
474
361
-395
-1441
-1718
-785
367
695
-58
-413
-233
257
652
1115
1397
1312
996
926
1396
1920
2119
1667
1162
966
1362
1714
1598
997
479
322
330
430
371
199
-390
-822
-969
-184
125
-308
-1188
-1540
-871
-614
-184
-707
-1025
-1492
-1369
-619
-194
-74
-953
-1239
-908
-136
203
-90
-451
-738
-559
-118
230
213
-277
-641
-712
-405
14
41
-265
-850
-922
-689
-341
-261
-504
-811
-1215
-992
-658
-379
-720
-1168
-1239
-1188
-906
-1044
-1041
-1440
-1595
-1762
-1521
-1496
-1193
81
-115
-1549
-2948
-859
1002
1214
556
-84
-613
-1192
652
2476
3189
1625
-217
-419
1572
3791
3498
1787
453
407
1111
2245
2763
1852
237
-520
-285
599
1230
1130
-180
-1593
-1544
-403
595
252
-577
-1474
-1478
-495
491
528
-244
-448
-232
188
593
1085
1318
1099
655
622
1341
2122
2152
1407
894
987
1548
1794
1573
980
600
443
408
532
607
454
-293
-755
-751
225
455
-172
-1163
-1308
-536
-241
21
-551
-939
-1432
-1145
-367
97
-107
-1070
-1299
-740
74
264
-114
-587
-813
-557
10
372
212
-387
-804
-755
-222
212
81
-501
-1022
-847
-472
-162
-179
-484
-925
-1246
-806
-381
-400
-921
-1247
-1193
-1171
-1096
-1003
-1200
-1611
-2044
-1903
-1516
-1601
-631
-181
-997
-2866
-2265
399
1180
706
-282
-379
-1003
-161
1858
3067
2382
302
-350
901
3373
3985
2595
929
498
1278
2210
2982
2447
926
-244
-190
657
1230
1206
252
-1235
-1709
-866
353
368
-566
-1484
-1870
-967
106
441
-408
-989
-641
-77
324
537
839
756
483
355
892
1621
1870
1304
682
699
1321
1780
1555
972
547
503
571
713
722
530
-53
-572
-541
232
634
270
-800
-1185
-716
-37
249
-322
-774
-1321
-1102
-628
-24
-85
-890
-1364
-1177
-270
125
-78
-594
-889
-733
-276
269
324
-154
-685
-734
-229
290
377
-134
-635
-679
-346
45
130
-92
-548
-891
-737
-294
-44
-443
-971
-1106
-1040
-874
-932
-933
-1327
-1736
-1836
-1672
-1411
-1497
-502
-298
-1380
-2793
-1657
711
862
243
-372
-370
-977
84
2046
2770
1670
-16
-32
1382
3342
3432
1993
713
667
1433
2230
2689
1954
577
-231
52
869
1228
920
-163
-1362
-1393
-355
540
114
-933
-1623
-1561
-574
233
163
-742
-988
-465
-21
218
534
769
514
203
364
1173
1764
1646
941
578
862
1528
1817
1458
820
434
528
732
879
808
410
-254
-648
-268
518
739
-54
-1171
-1231
-527
210
20
-530
-1096
-1421
-1079
-436
119
-389
-1203
-1556
-901
-42
87
-352
-867
-943
-617
-35
324
125
-457
-829
-563
94
486
188
-464
-712
-416
25
172
51
-227
-567
-733
-414
35
-24
-603
-986
-863
-670
-570
-794
-921
-1389
-1500
-1405
-1237
-1183
-1584
-570
-349
-1044
-2425
-1516
550
524
74
-454
-219
-966
-159
1652
2397
1394
-196
-2
1283
2955
2932
1749
638
637
1474
2125
2433
1666
530
-144
156
917
1151
794
-224
-1197
-1122
-162
536
15
-938
-1412
-1289
-438
187
67
-749
-966
-462
-41
188
493
730
350
12
268
1210
1743
1470
757
451
974
1641
1833
1274
701
546
710
914
1029
891
428
-188
-391
194
805
871
-178
-994
-829
-7
561
25
-487
-1121
-1089
-724
-69
192
-523
-1264
-1423
-554
108
60
-518
-920
-891
-514
39
305
-55
-738
-940
-454
226
334
-185
-719
-791
-427
4
69
-69
-450
-726
-695
-297
82
-220
-735
-1069
-867
-710
-594
-803
-1135
-1568
-1652
-1360
-1296
-1317
-1789
-897
-631
-1271
-2367
-1570
269
105
-354
-676
-357
-1013
-284
1333
1916
1012
-140
144
1144
2527
2555
1639
677
803
1487
1975
2177
1573
708
117
419
957
1159
765
-26
-788
-750
2
503
35
-806
-1094
-947
-252
217
84
-587
-687
-211
168
346
639
821
478
299
632
1426
1691
1402
828
656
1096
1653
1770
1179
690
618
839
962
969
756
291
-161
-215
338
867
472
-483
-1050
-483
246
313
-82
-793
-1019
-946
-434
47
-94
-748
-1442
-1087
-218
213
-153
-800
-1014
-789
-303
139
116
-444
-982
-859
-139
377
142
-455
-795
-537
-51
162
76
-206
-438
-569
-369
65
55
-356
-810
-830
-587
-569
-535
-939
-1282
-1583
-1440
-1145
-1300
-1511
-2073
-1043
-438
-965
-2348
-1883
69
37
-365
-555
-122
-968
-622
1069
1984
1265
17
187
1018
2284
2566
1925
925
689
1273
1899
2187
1682
826
206
275
815
1133
901
183
-673
-797
-148
466
159
-618
-980
-936
-391
130
190
-371
-678
-379
24
320
673
832
468
172
453
1218
1637
1481
902
552
864
1520
1726
1207
638
535
707
778
831
738
375
-166
-292
137
698
531
-371
-1031
-736
60
198
-210
-729
-1018
-1045
-728
-125
-45
-728
-1421
-1190
-332
78
-223
-740
-983
-842
-403
81
189
-326
-894
-844
-202
316
94
-414
-667
-466
-119
90
105
-38
-372
-597
-404
56
132
-310
-765
-837
-628
-499
-488
-802
-1152
-1452
-1254
-1048
-1072
-1415
-1791
-762
-379
-1056
-2339
-1412
242
28
-403
-410
-116
-985
-339
1279
1936
931
-23
274
1209
2357
2478
1810
860
847
1414
2076
2255
1616
721
197
399
924
1131
788
-60
-775
-722
-35
429
-42
-768
-1116
-977
-388
82
-9
-602
-775
-368
3
261
575
635
304
157
555
1235
1494
1241
690
471
860
1435
1562
1026
533
485
680
800
845
661
258
-220
-251
134
341
415
-226
-903
-929
-292
215
-288
-621
-848
-935
-836
-384
-18
-475
-1058
-1059
-527
-95
-152
-418
-586
-729
-551
-114
268
58
-560
-700
-221
265
206
-144
-294
-250
-283
-88
173
257
-146
-568
-488
-84
250
73
-378
-763
-771
-501
-266
-465
-974
-1337
-1416
-1091
-1089
-1130
-1639
-1683
-567
-512
-1437
-2398
-816
213
-377
-591
-197
-181
-1109
-22
1506
1823
717
17
337
1365
2375
2252
1419
631
849
1376
1973
2072
1363
505
166
513
1005
1158
740
-216
-958
-620
180
394
-254
-832
-1121
-1035
-327
221
8
-735
-880
-391
80
505
768
525
-17
-86
599
1424
1588
1003
247
335
1073
1604
1359
789
473
395
504
771
915
579
-32
-466
-220
254
439
-75
-423
-611
-542
-327
-194
-102
-558
-667
-755
-471
-210
-302
-470
-583
-415
-420
-372
-111
10
-236
-493
-427
33
211
-5
-232
-210
-24
-26
0
163
127
-148
-338
-131
275
265
-102
-410
-390
-167
-33
38
-249
-659
-703
-511
-347
-511
-784
-987
-1149
-1069
-1025
-1101
-1176
-1570
-849
-177
-740
-2094
-1827
93
175
-353
-384
-145
-995
-929
983
2147
1300
-232
-403
636
2098
2403
1687
621
257
691
1535
2225
1689
480
-314
-21
777
1298
1059
-6
-1129
-1138
-122
645
317
-733
-1414
-1425
-505
464
431
-534
-1210
-791
-25
626
915
576
-239
-488
341
1498
1731
954
123
90
818
1415
1532
1058
364
-14
319
979
1153
602
-113
-450
-233
268
398
159
-393
-651
-556
-218
66
-194
-565
-794
-521
-198
-178
-341
-527
-522
-419
-246
-49
-26
-219
-365
-233
160
266
-19
-227
-105
111
71
-23
33
54
-99
-143
24
230
54
-166
-174
-56
-24
-71
-79
-224
-333
-246
-86
-208
-442
-564
-491
-510
-660
-727
-852
-949
-1193
-1270
-1225
-1246
-401
-329
-1309
-2375
-1293
474
145
-562
-699
-580
-1033
-289
1231
1489
474
-385
-204
880
2112
2181
1115
186
371
1147
1883
2042
1161
128
-49
601
1234
1217
593
-422
-903
-335
546
576
-223
-943
-1087
-810
19
616
64
-1022
-1204
-158
611
636
274
-114
-229
121
791
1181
1052
554
46
150
925
1443
1053
274
-9
263
561
636
517
235
-89
-368
-218
214
357
-99
-732
-687
-162
97
-78
-404
-488
-506
-353
37
149
-145
-613
-538
-44
271
123
-305
-438
-259
-56
71
146
-10
-316
-462
-100
243
94
-325
-492
-241
-12
-12
-156
-243
-220
-99
-38
-87
-170
-162
-180
-227
-167
-65
-192
-394
-486
-453
-401
-457
-488
-820
-1116
-1189
-1071
-963
-1336
-813
-259
-865
-2119
-1854
201
443
-402
-747
-492
-791
-591
914
1528
798
-144
-219
497
1840
2359
1592
495
367
979
1697
2325
1842
638
-38
488
1255
1474
1042
202
-576
-526
281
776
448
-449
-967
-923
-99
766
582
-467
-1042
-404
357
589
593
338
-201
-402
267
1160
1192
530
-118
-123
462
1078
1179
593
-121
-348
135
724
785
238
-301
-538
-414
50
389
238
-498
-878
-529
123
386
20
-443
-647
-404
60
344
209
-312
-651
-389
144
338
38
-374
-536
-354
35
245
45
-320
-480
-319
-72
92
-14
-302
-554
-523
-208
96
51
-383
-618
-402
-13
-9
-172
-238
-272
-343
-335
-66
-65
-353
-602
-617
-427
-580
-769
-1029
-1062
-1028
-1258
-1279
-1447
-862
-580
-1051
-1884
-1682
-365
-228
-487
-531
-531
-1153
-857
649
1290
602
-189
-184
354
1425
2029
1522
568
349
925
1648
2128
1683
661
189
613
1183
1350
1137
463
-356
-346
551
1108
604
-304
-593
-314
311
731
504
-217
-599
-161
459
778
673
213
-237
21
753
1124
773
379
242
181
490
994
1041
382
-204
-111
381
692
520
-8
-312
-271
-15
162
191
-15
-344
-370
-80
224
170
-71
-321
-298
6
207
161
-35
-251
-336
-153
188
189
-149
-405
-376
-187
-9
-1
-226
-497
-563
-361
-183
-162
-365
-578
-596
-435
-281
-245
-325
-426
-457
-361
-178
-95
-123
-268
-330
-280
-211
-144
-241
-370
-542
-521
-473
-512
-735
-942
-1004
-1046
-1184
-1281
-1352
-1243
-690
-834
-1541
-1982
-945
-319
-680
-744
-610
-875
-1216
-127
868
697
11
-149
94
855
1744
1721
892
388
765
1303
1818
1812
1084
350
466
1044
1374
1304
874
123
-229
369
1058
963
171
-335
-300
190
749
847
280
-360
-277
357
819
755
370
9
27
376
737
799
632
272
-49
154
735
906
394
-132
-167
81
341
471
259
-191
-364
-118
293
403
207
-61
-242
-15
287
509
334
34
-9
56
236
317
333
124
-220
-266
68
272
84
-208
-294
-236
-184
-79
-120
-363
-547
-519
-290
-216
-341
-488
-540
-434
-327
-266
-192
-207
-303
-328
-152
75
66
-103
-246
-177
1
88
-31
-241
-347
-338
-318
-396
-535
-666
-773
-910
-973
-1111
-1115
-1267
-1232
-834
-947
-1426
-1831
-1121
-649
-738
-670
-704
-1069
-1255
-198
669
493
-89
-157
74
644
1345
1447
922
417
606
1088
1645
1708
1095
484
496
942
1289
1296
926
244
-110
346
890
867
213
-274
-293
90
542
540
62
-419
-329
159
468
332
46
-162
-136
30
331
511
320
-71
-289
-34
396
517
172
-268
-337
-74
199
267
86
-238
-394
-214
238
491
202
-210
-322
75
426
531
379
35
-135
45
446
608
394
-6
-279
-168
279
434
93
-381
-489
-276
-39
45
-129
-497
-696
-494
-127
-28
-339
-648
-659
-388
-115
-32
-179
-377
-409
-166
121
193
61
-129
-126
-3
193
228
30
-198
-294
-155
-97
-161
-345
-565
-650
-723
-624
-679
-831
-1100
-1166
-693
-650
-1037
-1450
-979
-593
-685
-534
-435
-715
-1022
-310
407
373
44
26
77
365
1036
1334
976
559
631
957
1366
1552
1174
633
581
843
1060
1131
1042
505
8
295
847
890
338
-54
-75
159
461
494
130
-207
-151
155
323
294
188
-84
-205
-10
376
459
173
-133
-217
-10
289
398
150
-178
-254
-73
105
201
92
-177
-232
-1
183
112
38
75
86
121
198
203
177
166
161
143
209
247
72
-103
-40
115
76
-134
-282
-285
-230
-264
-322
-331
-397
-537
-546
-336
-262
-370
-475
-431
-320
-219
-149
-175
-233
-210
-105
15
63
24
-63
-89
66
176
139
-2
-72
-51
-14
-40
-160
-307
-378
-448
-533
-612
-640
-785
-985
-1055
-1047
-770
-726
-946
-1340
-1114
-622
-562
-577
-566
-610
-790
-328
276
291
7
70
233
385
810
1147
981
662
791
1064
1315
1483
1379
969
804
1029
1299
1289
1074
734
482
622
806
795
560
324
151
156
370
479
274
-39
-125
66
240
214
88
-34
-126
-176
2
178
56
-195
-220
-118
-50
-23
-33
-160
-314
-233
-74
5
-96
-247
-277
-157
-22
-61
-96
-51
-43
-41
5
137
145
36
-26
52
179
174
28
-106
-55
8
-52
-166
-178
-199
-297
-346
-322
-313
-400
-475
-516
-463
-356
-383
-518
-550
-394
-278
-309
-356
-381
-379
-302
-171
-94
-155
-222
-182
-50
18
0
-64
-87
-108
-130
-104
-78
-160
-348
-463
-427
-383
-465
-642
-734
-807
-833
-791
-656
-533
-810
-1003
-928
-464
-369
-488
-402
-432
-482
-386
168
351
226
139
214
346
689
1091
1002
747
722
964
1161
1335
1320
1064
893
995
1108
1149
1123
907
592
577
869
889
697
469
387
349
469
576
474
291
158
154
165
256
215
65
-77
-60
-26
4
-1
-96
-230
-269
-175
-108
-99
-188
-216
-256
-176
-89
-61
-92
-192
-189
-109
9
35
14
-3
-16
12
80
129
70
-3
-35
-42
-56
-71
-83
-133
-202
-306
-320
-257
-247
-362
-465
-438
-411
-433
-457
-446
-412
-411
-458
-468
-390
-290
-326
-370
-302
-251
-266
-222
-97
-82
-167
-160
-50
-15
-50
-58
-40
-80
-183
-202
-145
-137
-245
-388
-393
-358
-404
-449
-486
-533
-595
-616
-596
-439
-432
-593
-707
-518
-329
-430
-285
-85
-211
-462
-99
372
346
199
344
449
408
660
897
858
716
772
838
934
1108
1071
874
883
974
932
945
1021
856
561
615
778
731
568
497
381
300
392
427
285
115
95
106
101
86
40
-14
-70
-124
-137
-72
-38
-157
-239
-220
-169
-139
-190
-252
-277
-214
-217
-256
-222
-182
-236
-269
-167
-114
-148
-141
-109
-145
-160
-51
-7
-91
-175
-179
-157
-151
-145
-184
-260
-313
-288
-271
-291
-332
-365
-374
-358
-354
-367
-356
-344
-324
-318
-316
-324
-291
-223
-176
-158
-169
-150
-119
-105
-94
-83
-72
-70
-80
-114
-90
-60
-109
-199
-238
-199
-165
-206
-270
-293
-288
-290
-317
-321
-337
-370
-390
-405
-372
-246
-221
-345
-466
-363
-163
-147
-145
-76
-86
-137
16
251
271
214
309
373
397
587
767
712
606
672
766
775
850
899
798
779
819
733
678
783
783
573
525
642
554
394
400
426
276
166
215
229
173
122
50
-9
26
72
30
-31
-79
-111
-91
-4
42
-65
-155
-159
-109
-73
-41
-71
-146
-168
-124
-53
-47
-79
-173
-211
-161
-117
-114
-118
-191
-303
-309
-212
-164
-215
-269
-311
-287
-218
-164
-188
-215
-222
-215
-190
-123
-68
-121
-161
-172
-126
-51
-6
-62
-192
-198
-105
-45
-82
-140
-130
-139
-155
-138
-115
-108
-147
-205
-232
-212
-185
-193
-249
-276
-279
-248
-185
-217
-288
-277
-224
-209
-230
-188
-192
-223
-199
-150
-96
-131
-159
-110
-5
16
-39
12
115
129
151
253
301
261
305
409
428
493
562
511
436
551
678
655
649
673
623
535
662
772
659
508
476
505
491
488
440
322
225
200
189
204
165
52
-83
-33
99
79
-4
-61
-48
-62
-13
51
19
-93
-115
-1
62
14
-61
-64
-76
-92
-80
-72
-137
-233
-268
-224
-218
-276
-364
-416
-418
-417
-399
-434
-479
-487
-442
-387
-371
-378
-384
-371
-310
-229
-189
-188
-194
-173
-142
-62
-30
-58
-90
-95
-70
-59
-12
-40
-115
-145
-128
-140
-154
-168
-236
-274
-244
-221
-270
-266
-249
-331
-368
-300
-263
-303
-335
-283
-256
-265
-216
-165
-156
-195
-160
-85
-44
-21
2
7
-10
41
104
111
90
99
121
145
213
245
212
210
268
311
330
343
321
297
349
434
452
445
472
521
554
608
632
629
615
598
630
658
658
599
564
584
596
542
456
441
457
402
295
230
243
229
171
119
97
73
24
-2
-25
-45
-75
-110
-153
-185
-203
-229
-227
-241
-296
-326
-306
-298
-357
-410
-417
-406
-442
-492
-509
-494
-482
-491
-500
-481
-454
-454
-452
-413
-362
-353
-335
-320
-312
-315
-286
-236
-206
-213
-225
-192
-153
-118
-108
-121
-137
-135
-125
-130
-129
-113
-155
-178
-108
-73
-94
-128
-134
-129
-135
-94
-107
-165
-167
-124
-61
-41
-32
-35
-55
-9
37
35
7
9
16
16
75
142
169
143
134
178
227
262
269
271
264
260
279
277
291
308
323
334
365
424
445
445
448
455
471
505
534
517
491
483
513
559
594
622
575
519
547
566
534
477
427
373
307
297
304
271
196
148
125
105
108
78
-6
-91
-107
-111
-156
-198
-226
-245
-269
-262
-241
-253
-294
-363
-395
-385
-370
-432
-505
-529
-527
-536
-533
-501
-520
-561
-558
-515
-506
-532
-553
-550
-530
-499
-473
-450
-443
-429
-396
-334
-287
-289
-309
-326
-284
-234
-235
-273
-284
-246
-213
-194
-194
-222
-264
-246
-197
-174
-187
-195
-177
-169
-118
-80
-74
-81
-52
-26
-8
39
40
13
37
104
131
140
145
152
185
229
271
272
240
241
288
339
347
349
367
391
389
397
430
447
463
463
473
507
548
565
557
552
568
578
569
575
560
543
525
520
502
481
467
417
382
381
411
413
367
333
314
300
293
255
188
138
130
102
71
62
58
37
5
-13
-38
-56
-86
-121
-169
-209
-224
-240
-260
-322
-366
-372
-382
-398
-419
-423
-445
-471
-494
-508
-526
-562
-595
-602
-587
-566
-548
-539
-535
-535
-509
-482
-486
-497
-466
-411
-397
-398
-371
-323
-298
-295
-248
-198
-191
-206
-180
-147
-156
-200
-228
-222
-204
-188
-179
-164
-176
-197
-193
-150
-128
-161
-180
-153
-109
-92
-81
-50
-16
-4
30
87
143
157
169
197
247
275
290
318
312
325
380
436
422
408
436
477
494
510
509
480
455
453
479
499
506
468
440
471
528
515
472
460
442
416
414
460
445
376
332
345
375
372
347
314
277
257
267
283
286
232
182
166
201
196
156
111
61
42
12
-3
-33
-77
-135
-170
-184
-209
-246
-284
-335
-370
-354
-338
-354
-418
-455
-460
-447
-458
-488
-500
-512
-527
-526
-500
-496
-503
-500
-479
-465
-446
-424
-406
-402
-372
-346
-322
-302
-313
-292
-252
-220
-232
-233
-215
-207
-215
-201
-152
-127
-138
-161
-138
-116
-102
-113
-124
-109
-110
-100
-86
-73
-81
-76
-51
-13
28
50
44
52
83
120
142
155
153
146
172
227
287
296
286
271
276
292
335
380
361
331
331
384
418
409
379
372
375
368
391
415
391
330
318
339
351
328
326
332
308
292
285
298
278
247
226
234
233
186
164
176
194
164
129
122
115
82
40
34
41
22
2
-14
-11
-19
-43
-58
-72
-78
-108
-137
-163
-174
-181
-198
-218
-253
-290
-319
-312
-325
-354
-372
-387
-422
-444
-419
-394
-401
-416
-417
-390
-366
-370
-378
-374
-356
-314
-270
-261
-261
-250
-215
-172
-148
-135
-140
-139
-121
-82
-51
-34
-34
-38
-32
-31
-9
9
17
21
27
36
42
47
70
92
94
73
58
82
86
71
42
34
42
22
24
40
34
23
46
87
101
86
85
106
142
171
205
206
191
189
206
246
261
251
244
275
325
335
328
340
348
331
318
349
367
337
304
293
289
281
260
244
236
221
182
154
157
160
141
123
96
64
49
27
17
19
28
3
-24
-32
-28
-36
-67
-85
-101
-108
-104
-108
-128
-141
-160
-171
-192
-210
-232
-273
-298
-311
-308
-323
-361
-402
-418
-416
-418
-419
-419
-419
-417
-414
-408
-374
-354
-378
-383
-362
-334
-310
-287
-282
-266
-215
-161
-124
-109
-87
-73
-63
-29
8
22
6
22
82
134
155
152
171
179
175
185
197
198
173
158
166
178
179
152
118
117
134
140
131
122
103
90
88
94
98
85
80
87
92
89
83
82
99
105
123
161
161
143
146
174
195
199
209
209
213
206
223
246
255
237
208
218
224
212
186
180
187
165
142
152
159
151
118
100
96
83
74
55
55
56
38
27
16
0
-20
-32
-43
-46
-48
-75
-88
-104
-109
-128
-142
-156
-167
-164
-174
-183
-196
-209
-218
-223
-239
-254
-274
-285
-285
-292
-316
-332
-326
-323
-329
-330
-327
-325
-326
-330
-305
-266
-254
-240
-214
-185
-171
-148
-118
-100
-91
-89
-55
-22
13
50
75
85
85
110
151
180
190
181
170
182
206
227
218
190
165
167
196
214
200
181
175
179
180
174
167
141
106
105
119
116
89
61
52
53
51
39
20
3
-17
-39
-28
4
9
-4
-11
-2
20
18
23
35
40
46
45
52
60
69
69
65
70
81
98
112
111
106
116
126
128
126
134
135
134
143
151
147
144
143
137
121
99
83
86
86
67
61
45
25
6
-4
-9
-29
-45
-69
-83
-84
-99
-115
-116
-120
-131
-140
-154
-160
-189
-214
-220
-228
-236
-237
-242
-253
-259
-254
-249
-239
-234
-242
-244
-241
-239
-227
-224
-235
-223
-205
-181
-161
-152
-148
-138
-122
-84
-40
-24
-24
-24
-4
35
51
62
91
111
126
136
156
174
173
183
193
206
217
205
199
206
204
200
193
182
173
168
164
149
133
121
116
108
98
101
86
62
44
22
28
26
2
-24
-29
-17
-25
-37
-52
-56
-55
-68
-67
-60
-59
-66
-57
-28
-9
-13
-40
-54
-54
-48
-40
-29
-31
-35
-26
-9
10
7
-4
-8
2
18
31
38
19
-5
-6
11
24
21
30
49
60
52
64
87
86
57
43
46
47
16
-20
-15
-4
-6
-8
-1
-10
-41
-60
-54
-46
-61
-79
-74
-50
-46
-69
-81
-82
-82
-97
-105
-103
-104
-111
-113
-93
-81
-91
-89
-78
-63
-63
-65
-43
-19
-9
-4
13
27
23
18
35
58
75
84
94
111
127
129
122
124
124
121
121
112
111
100
100
101
93
82
81
78
70
50
33
19
-4
-11
-7
-3
-21
-47
-59
-61
-64
-79
-94
-91
-92
-100
-120
-120
-112
-123
-137
-143
-131
-131
-137
-131
-110
-97
-96
-99
-92
-90
-106
-104
-87
-56
-35
-19
10
40
44
39
51
66
68
59
72
93
104
108
124
149
152
147
157
174
172
160
164
183
186
181
179
177
163
148
144
141
140
135
123
122
112
97
86
64
50
36
22
10
-8
-27
-38
-51
-60
-72
-89
-103
-119
-130
-142
-143
-138
-133
-139
-132
-123
-129
-130
-128
-122
-124
-135
-127
-115
-111
-117
-115
-86
-71
-81
-85
-69
-58
-59
-56
-37
-24
-22
-18
-1
16
10
8
17
32
27
28
38
46
50
40
39
32
21
19
19
19
10
-4
-14
-11
-13
-17
-26
-36
-48
-52
-47
-54
-70
-79
-83
-78
-79
-89
-93
-94
-93
-81
-72
-71
-69
-75
-74
-66
-56
-48
-37
-16
3
22
31
38
40
44
41
47
56
58
66
79
104
125
134
151
176
188
186
193
210
219
212
207
213
202
189
184
186
181
169
170
174
167
142
120
117
110
86
68
55
50
35
17
7
-4
-18
-38
-45
-59
-75
-93
-105
-106
-111
-113
-112
-110
-118
-121
-118
-119
-120
-126
-129
-130
-127
-122
-117
-106
-99
-100
-106
-97
-92
-92
-92
-83
-68
-61
-52
-43
-28
-26
-36
-35
-21
-25
-33
-28
-19
-18
-36
-34
-29
-27
-27
-26
-16
-19
-29
-37
-36
-34
-41
-43
-47
-57
-72
-79
-75
-88
-96
-93
-87
-80
-94
-96
-95
-96
-94
-85
-69
-62
-63
-53
-39
-39
-43
-38
-18
-5
1
-2
10
12
16
28
43
65
68
71
84
110
129
147
165
174
185
193
203
215
217
213
219
226
228
214
206
210
215
221
217
220
213
198
181
175
175
162
147
130
118
102
75
60
46
28
5
-8
-13
-35
-60
-87
-99
-102
-109
-108
-109
-115
-129
-135
-140
-145
-152
-158
-155
-155
-158
-165
-170
-166
-162
-158
-147
-136
-133
-130
-119
-102
-91
-83
-73
-62
-68
-72
-70
-63
-55
-59
-54
-51
-52
-46
-35
-21
-20
-27
-15
-6
-3
-7
-10
0
0
-4
-15
-13
-17
-25
-29
-31
-35
-54
-64
-66
-64
-69
-76
-73
-69
-71
-74
-69
-63
-66
-64
-58
-50
-47
-51
-40
-28
-17
-18
-15
-12
-10
-2
3
27
44
53
66
80
95
101
110
119
142
161
176
186
189
192
195
206
205
207
202
197
200
208
219
219
212
207
208
208
206
198
191
182
169
163
148
133
118
91
75
59
46
27
8
-8
-23
-33
-49
-60
-75
-94
-108
-119
-128
-139
-154
-162
-169
-173
-175
-180
-182
-183
-180
-184
-179
-172
-174
-172
-172
-168
-161
-152
-141
-138
-134
-133
-125
-124
-119
-110
-104
-81
-71
-56
-46
-37
-24
-20
-9
-4
12
23
29
41
45
53
51
54
55
53
51
50
50
45
40
38
43
44
42
37
42
37
30
29
19
17
8
6
2
-10
-17
-25
-30
-38
-39
-43
-43
-44
-46
-42
-41
-37
-33
-31
-27
-31
-26
-16
-9
-8
-3
12
17
19
26
38
46
51
61
74
84
85
85
97
106
107
112
115
122
120
123
124
123
129
123
127
127
115
109
94
92
89
79
64
54
43
29
25
14
15
3
