11
10
13
15
10
3
-1
-9
-12
-10
-7
-14
-24
-29
-24
-25
-25
-29
-34
-44
-52
-51
-50
-49
-55
-51
-53
-53
-62
-64
-68
-73
-71
-74
-80
-95
-97
-97
-94
-96
-99
-99
-105
-102
-99
-86
-88
-88
-88
-85
-78
-80
-80
-87
-84
-77
-63
-55
-53
-49
-40
-26
-16
1
11
17
21
44
71
94
111
122
134
146
166
182
192
192
199
206
214
217
216
213
204
194
188
186
168
150
136
137
135
131
126
120
104
97
103
110
111
103
97
81
72
66
74
68
59
49
45
43
39
38
32
22
-5
-21
-37
-49
-73
-92
-108
-119
-126
-133
-136
-162
-177
-197
-202
-213
-219
-223
-238
-247
-256
-244
-244
-233
-237
-237
-246
-265
-279
-302
-306
-330
-341
-368
-377
-386
-387
-394
-417
-432
-446
-441
-439
-423
-406
-377
-324
-227
-112
-4
70
141
200
281
357
419
430
407
400
405
448
448
449
402
380
355
361
364
319
249
158
137
102
87
31
-13
-59
-70
-36
-4
13
-14
-14
0
43
81
106
125
136
188
265
351
396
411
432
453
485
483
479
434
389
352
347
331
282
226
154
111
60
38
-16
-67
-129
-156
-169
-179
-188
-210
-215
-228
-216
-203
-172
-167
-151
-139
-107
-83
-58
-35
-18
-6
0
16
4
-6
-34
-56
-97
-134
-158
-182
-217
-256
-285
-327
-355
-389
-418
-459
-495
-532
-561
-599
-653
-708
-751
-764
-774
-761
-772
-760
-751
-631
-442
-231
-78
29
153
236
396
523
646
604
547
487
497
551
561
559
462
456
425
513
542
492
370
243
212
150
105
-16
-132
-267
-287
-213
-153
-152
-204
-218
-200
-114
-22
26
27
44
129
269
413
501
491
483
484
503
518
498
424
304
258
257
270
246
205
152
98
94
106
90
14
-52
-110
-143
-137
-123
-121
-120
-87
-32
30
83
129
146
174
209
240
264
273
251
259
287
317
325
288
269
204
165
140
116
64
0
-47
-78
-93
-112
-118
-131
-144
-163
-154
-155
-174
-207
-233
-250
-262
-264
-240
-233
-243
-219
-209
-194
-213
-234
-260
-299
-331
-380
-438
-496
-546
-584
-614
-652
-704
-759
-798
-843
-883
-925
-942
-979
-947
-783
-562
-382
-280
-134
-51
107
279
455
475
413
382
381
476
479
498
377
350
333
399
492
481
412
265
285
272
261
168
63
-49
-105
-30
23
23
-39
-43
-19
76
174
220
230
233
312
435
569
663
652
619
618
613
608
592
536
423
352
328
324
286
231
168
99
73
74
73
39
5
-22
-25
-1
41
39
13
-31
-32
-25
20
25
2
-12
-14
30
65
115
108
105
82
104
91
75
48
-17
-88
-144
-154
-189
-213
-243
-243
-253
-232
-206
-192
-196
-204
-186
-169
-160
-176
-192
-188
-176
-177
-175
-171
-190
-213
-226
-224
-234
-261
-283
-324
-363
-397
-426
-460
-499
-537
-587
-622
-675
-708
-754
-772
-800
-736
-598
-426
-285
-170
9
121
302
454
603
603
573
553
546
590
575
561
448
452
423
501
544
538
472
348
344
276
228
118
34
-74
-125
-100
-104
-121
-163
-160
-138
-76
-13
24
50
101
201
322
453
563
583
591
599
603
579
522
462
342
278
236
215
180
144
103
60
48
35
18
-38
-84
-146
-179
-191
-199
-223
-232
-221
-191
-144
-112
-86
-74
-49
-36
31
63
97
109
105
118
122
134
128
109
67
44
11
-4
-50
-96
-135
-146
-152
-161
-166
-203
-213
-213
-189
-183
-180
-194
-183
-176
-173
-155
-172
-168
-181
-166
-151
-144
-150
-170
-175
-190
-216
-251
-283
-341
-387
-446
-496
-537
-570
-609
-653
-688
-721
-739
-749
-763
-731
-637
-504
-382
-265
-117
11
171
350
520
568
572
551
573
617
643
656
579
551
510
556
593
604
553
464
452
418
382
278
194
69
-1
-16
-28
-55
-126
-162
-183
-123
-63
-34
-33
-20
54
149
278
370
393
401
417
444
450
416
344
263
196
157
152
136
110
61
20
6
-2
2
-37
-85
-147
-178
-193
-199
-191
-221
-236
-246
-221
-206
-180
-157
-139
-110
-76
-24
-11
16
25
46
68
58
53
29
10
-34
-60
-94
-139
-161
-189
-185
-192
-196
-188
-176
-164
-149
-138
-131
-115
-99
-88
-85
-94
-99
-112
-115
-103
-103
-91
-73
-62
-65
-57
-91
-131
-152
-173
-199
-239
-292
-354
-408
-455
-494
-540
-587
-635
-675
-708
-732
-745
-746
-697
-591
-460
-346
-218
-96
35
202
376
493
522
542
550
580
609
656
630
555
533
546
597
626
651
594
553
547
535
486
394
286
151
58
25
4
-81
-155
-184
-173
-116
-64
-27
-24
-4
64
149
232
266
248
210
211
236
233
205
169
129
105
126
144
124
99
77
75
93
108
98
57
25
18
27
6
-20
-51
-91
-101
-88
-69
-80
-73
-60
-8
66
121
155
172
198
220
240
234
217
163
133
110
73
32
-25
-61
-75
-55
-38
-36
-23
-4
23
46
68
53
17
-5
-30
-46
-64
-84
-110
-119
-105
-91
-81
-90
-92
-110
-134
-155
-184
-233
-279
-311
-340
-368
-396
-410
-437
-471
-496
-523
-560
-598
-630
-657
-678
-697
-697
-685
-660
-591
-507
-412
-307
-201
-103
13
167
295
387
452
501
534
550
600
622
613
595
575
561
555
566
553
528
514
493
435
365
293
201
102
37
-10
-68
-106
-146
-164
-176
-160
-127
-121
-105
-77
-35
14
62
82
86
91
112
146
170
181
153
125
113
114
104
77
60
49
47
71
92
88
53
4
0
14
2
-38
-90
-146
-192
-189
-151
-124
-124
-113
-66
-2
75
121
133
136
131
140
127
99
31
-47
-95
-125
-128
-158
-173
-165
-131
-51
39
104
112
135
142
161
154
118
70
8
-17
-27
-18
-29
-40
-51
-48
-38
-22
-18
-54
-88
-123
-149
-181
-221
-290
-353
-403
-434
-451
-487
-518
-567
-563
-545
-533
-511
-524
-516
-522
-505
-514
-521
-539
-553
-498
-461
-406
-350
-257
-154
-29
154
295
431
511
592
642
656
686
666
643
571
558
530
496
495
465
445
416
416
377
330
274
199
142
81
37
-23
-77
-119
-154
-188
-213
-222
-236
-220
-179
-121
-71
4
90
140
191
227
260
266
277
256
210
171
140
153
155
178
199
222
242
256
249
213
181
124
65
17
-19
-67
-106
-131
-163
-153
-129
-70
3
40
85
128
172
207
250
269
260
248
213
169
118
63
5
-25
-49
-43
-9
5
34
54
82
133
156
168
123
95
30
0
-37
-71
-96
-159
-136
-173
23
27
93
150
111
97
-15
13
-112
-194
-313
-410
-527
-592
-615
-633
-617
-601
-567
-570
-546
-555
-546
-589
-606
-652
-710
-709
-742
-750
-727
-637
-535
-413
-232
-12
239
430
714
935
1083
1135
1180
1193
1071
1003
857
717
513
407
286
183
164
114
82
-5
-8
-85
-211
-335
-459
-591
-745
-818
-905
-961
-997
-984
-874
-738
-527
-340
-134
83
291
482
622
735
764
754
704
671
608
520
458
374
325
291
286
254
239
228
174
120
56
-8
-132
-263
-357
-467
-563
-647
-680
-670
-630
-529
-415
-214
-50
154
309
473
630
700
797
776
815
744
683
601
496
422
285
219
96
56
-32
-69
-91
-139
-159
-199
-193
-245
-257
-291
-298
-307
-325
-293
-269
-206
-153
-85
-31
33
98
128
171
159
148
130
89
23
-61
-116
-208
-262
-328
-393
-456
-538
-580
-650
-682
-718
-753
-794
-852
-899
-958
-1051
-1081
-1166
-1046
-742
-498
-267
-45
486
665
986
1423
1695
1717
1527
1703
1436
1243
997
811
485
221
305
102
100
-2
31
-207
-281
-226
-472
-693
-931
-961
-1197
-1259
-1204
-1177
-1085
-919
-565
-274
92
412
648
875
1106
1305
1306
1313
1264
1138
975
864
771
582
479
379
321
266
245
176
24
-68
-181
-308
-461
-551
-679
-816
-859
-810
-719
-640
-449
-273
-85
110
315
496
562
748
835
876
933
967
984
856
888
802
635
474
275
98
-165
-302
-486
-645
-749
-795
-807
-766
-631
-556
-439
-314
-142
-45
13
88
91
95
95
118
107
79
92
108
134
158
159
127
75
0
-104
-245
-404
-565
-762
-892
-1010
-1100
-1178
-1243
-1293
-1306
-1269
-1233
-1248
-1245
-1285
-1373
-1379
-1380
-838
-380
40
249
878
1546
1598
2260
2607
2830
2178
2028
1941
1273
957
468
341
-303
-172
-139
-280
-284
-297
-333
-875
-777
-937
-1310
-1753
-1776
-1712
-1808
-1446
-1016
-586
-243
382
978
1371
1742
1879
1807
1709
1752
1612
1272
1033
824
570
362
368
262
86
-45
-153
-310
-475
-572
-831
-1055
-1143
-1117
-1116
-978
-748
-578
-382
-83
289
467
590
671
663
654
645
604
511
467
470
545
610
739
711
629
553
344
300
-36
-239
-496
-711
-753
-867
-719
-689
-497
-333
-89
122
265
374
358
358
289
300
219
177
186
210
264
321
380
355
278
200
67
-60
-224
-362
-484
-565
-568
-569
-564
-572
-582
-621
-685
-774
-905
-1086
-1237
-1357
-1382
-1451
-1487
-1490
-1513
-1467
-1495
-1254
-515
173
635
736
1516
1975
1963
2551
2833
2807
1794
1677
1423
793
473
128
-9
-565
-190
-156
-207
-318
-319
-670
-1282
-1185
-1378
-1729
-2062
-1745
-1486
-1182
-543
78
515
855
1354
1706
1911
2007
1876
1542
1404
1431
1323
1036
828
629
351
134
6
-244
-559
-823
-1062
-1144
-1087
-1024
-977
-859
-574
-274
-53
234
412
501
492
563
634
615
568
478
448
435
450
455
353
371
253
78
129
19
61
-299
-202
-196
-342
-158
-336
-168
-359
-261
-317
-340
-220
-276
-271
-287
-39
2
127
196
318
311
292
314
201
119
-2
-135
-246
-289
-316
-385
-351
-254
-209
-131
-105
-84
-118
-197
-318
-476
-634
-726
-926
-1041
-1087
-1091
-1130
-1231
-1124
-1187
-1161
-1291
-1316
-1554
-1680
-1773
-1563
-413
306
996
1144
2278
2681
2688
3376
3406
3032
1581
1544
915
359
11
-217
-367
-693
27
21
17
-227
-302
-1051
-1653
-1610
-1814
-2166
-2251
-1605
-1125
-471
287
986
1274
1541
1862
1962
1940
1787
1440
985
932
1063
979
713
538
340
-20
-312
-564
-927
-1286
-1527
-1613
-1509
-1147
-815
-570
-259
164
485
626
751
736
618
422
378
395
371
364
342
382
414
453
325
159
-6
-279
-412
-478
-387
-416
-353
-134
31
302
381
406
315
175
66
-105
-191
-226
-267
-201
-66
168
356
475
527
468
408
239
35
-199
-349
-480
-532
-426
-296
-192
-94
52
149
198
165
57
-88
-232
-336
-465
-585
-638
-679
-746
-787
-792
-900
-1065
-1158
-1227
-1374
-1498
-1574
-1697
-1785
-1735
-1685
-1723
-786
342
1180
1321
1877
2887
2499
2872
3132
3167
1866
955
1020
227
6
-326
-241
-757
-475
-12
-143
-340
-479
-768
-1687
-1757
-1616
-1630
-1887
-1392
-696
-162
540
1166
1530
1508
1705
1791
1780
1649
1442
1059
782
919
987
827
466
163
-175
-590
-807
-1057
-1277
-1449
-1426
-1191
-785
-298
-46
170
388
673
750
745
705
565
433
308
415
420
350
206
54
-47
-177
-309
-539
-765
-802
-716
-523
-257
24
252
265
533
634
600
366
76
-69
-345
-372
-422
-301
-206
-29
162
348
503
449
269
68
-57
-229
-345
-411
-334
-273
-114
66
208
259
226
163
109
52
-24
-132
-210
-176
-152
-127
-150
-188
-296
-494
-683
-873
-1081
-1297
-1439
-1399
-1369
-1286
-1291
-1177
-1141
-1147
-1179
-1243
-1392
-780
432
1196
1505
1714
2876
2550
2732
3181
3106
2015
623
843
-20
-229
-507
-407
-782
-708
-17
-169
-401
-706
-880
-1827
-1997
-1751
-1530
-1730
-1254
-355
238
943
1404
1696
1425
1408
1372
1178
928
741
521
237
431
686
682
326
1
-292
-685
-910
-1162
-1337
-1387
-1168
-809
-361
173
521
639
668
844
822
675
445
288
192
153
294
346
327
170
48
-86
-195
-291
-518
-617
-564
-223
75
454
858
946
1105
1050
1118
726
330
49
-364
-424
-549
-360
-297
-106
111
281
412
402
266
32
-155
-309
-366
-391
-303
-237
-53
123
291
289
204
66
-62
-163
-220
-253
-244
-207
-164
-62
-113
-229
-456
-683
-946
-1207
-1455
-1592
-1704
-1688
-1595
-1418
-1269
-1265
-1208
-1284
-1360
-1425
-1455
-446
758
1557
1641
2040
3089
2606
2921
3034
2803
1303
301
524
-263
-249
-505
-314
-809
-393
100
-228
-641
-936
-1233
-2130
-1947
-1548
-1265
-1384
-609
222
745
1229
1444
1396
974
982
955
938
851
820
611
568
818
908
605
-8
-465
-875
-1139
-1259
-1270
-1170
-901
-465
-25
488
793
826
675
522
479
366
309
211
186
269
439
610
590
423
87
-268
-565
-674
-795
-818
-666
-352
176
538
1106
1290
1358
1233
1005
927
322
148
-170
-357
-331
-307
-115
-82
59
58
15
15
-39
-148
-215
-229
-106
-25
132
247
280
236
174
98
-73
-200
-319
-335
-249
-80
-5
107
94
58
-40
-290
-603
-937
-1178
-1382
-1516
-1590
-1527
-1540
-1447
-1362
-1283
-1255
-1437
-1470
-1779
-1659
-1637
-676
803
1771
2268
2189
3348
2749
2686
2771
2429
1243
-221
284
-389
-301
-399
-168
-577
-554
63
-283
-759
-1222
-1354
-2209
-2005
-1416
-889
-936
-336
500
799
1163
1193
1094
572
562
641
794
982
1171
1056
854
1007
1023
606
-240
-787
-1214
-1454
-1411
-1211
-809
-387
125
494
848
1098
903
574
300
304
275
274
411
551
711
793
848
710
438
5
-463
-763
-832
-770
-632
-383
166
692
1111
1340
1429
1397
966
776
432
197
-16
-204
-196
-182
13
-57
-125
-214
-259
-370
-481
-486
-393
-261
-141
65
228
364
305
202
61
-98
-279
-495
-595
-564
-414
-215
-13
198
296
172
-56
-277
-565
-977
-1351
-1556
-1575
-1585
-1550
-1408
-1332
-1226
-1273
-1349
-1423
-1686
-1784
-2032
-1915
-1694
-447
1229
2151
2441
2624
3605
2720
2652
2708
2213
674
-415
287
-381
-181
-166
98
-497
-339
224
-292
-855
-1174
-1304
-2083
-1616
-832
-329
-498
187
862
994
1101
1015
843
291
366
552
868
1168
1440
1295
998
1025
901
337
-611
-1211
-1527
-1579
-1345
-1031
-502
6
478
712
945
1019
701
265
-48
35
69
254
382
537
641
642
559
193
-168
-708
-1070
-1307
-1166
-933
-574
-31
448
955
1110
1437
1271
1152
893
559
340
22
165
-77
-8
-106
-135
-248
-393
-410
-599
-571
-605
-460
-312
-12
167
266
312
387
266
64
-118
-293
-412
-493
-396
-262
-48
102
224
256
289
140
-85
-381
-620
-857
-1095
-1193
-1269
-1308
-1442
-1388
-1421
-1410
-1524
-1606
-1667
-1802
-1829
-1841
-1728
-1043
745
2047
2550
2320
3232
3109
2412
2798
2541
1686
-173
188
29
-278
-132
-68
-369
-880
-71
-122
-606
-1022
-918
-1591
-1678
-898
-165
-202
-96
738
930
1126
1068
961
460
235
443
644
887
1150
1180
906
812
794
456
-331
-1075
-1511
-1663
-1449
-1109
-738
-228
286
682
828
980
857
553
231
163
222
215
406
448
493
384
309
29
-434
-740
-1021
-1112
-1115
-831
-534
-195
399
822
1087
1121
1242
1136
937
947
797
498
313
358
137
-26
-288
-483
-764
-826
-742
-724
-528
-391
-150
-3
305
366
207
36
0
-107
-245
-262
-244
-250
-247
-107
-20
125
100
37
-23
-52
-140
-313
-487
-587
-762
-978
-1123
-1254
-1434
-1632
-1735
-1742
-1803
-1808
-1844
-1835
-1733
-1678
-1661
-1110
799
2085
2621
2228
3142
3144
2399
2959
2655
1864
-156
243
26
-369
-170
-142
-472
-1063
-70
-90
-528
-995
-774
-1406
-1454
-629
95
107
39
832
988
1225
1037
836
362
221
457
682
1007
1160
1108
783
754
660
278
-507
-1240
-1594
-1693
-1369
-997
-623
-197
291
690
852
949
771
434
210
322
474
481
561
603
494
259
101
-205
-725
-1148
-1271
-1215
-1038
-731
-374
-104
153
713
960
1222
1074
1069
952
818
1113
750
707
255
149
-228
-549
-630
-968
-1004
-1062
-688
-423
-126
-4
136
186
335
246
47
-118
-150
-119
-169
-13
33
23
-112
-55
16
113
48
28
-14
-13
-26
-191
-309
-544
-747
-1064
-1254
-1377
-1482
-1577
-1593
-1488
-1517
-1567
-1664
-1601
-1737
-1657
-1540
-229
1541
2489
2568
2428
3360
2400
2419
2542
2093
639
-424
382
-308
-95
-110
-34
-845
-779
-112
-470
-888
-1105
-1004
-1449
-741
-15
471
222
482
858
856
980
661
426
118
346
621
979
1279
1209
784
426
368
100
-424
-1083
-1428
-1478
-1207
-731
-435
-84
195
496
623
742
762
506
398
443
721
727
752
697
440
108
-170
-329
-796
-1104
-1238
-1160
-1051
-759
-353
-72
127
302
590
654
888
961
1059
1084
1017
1070
727
636
392
-7
-340
-623
-654
-743
-703
-601
-480
-321
-224
-136
-57
-45
-41
-106
-109
-21
23
14
-37
38
45
-44
-137
-184
-102
-86
-64
41
89
0
-176
-347
-512
-737
-1012
-1195
-1286
-1238
-1259
-1331
-1280
-1289
-1268
-1424
-1435
-1507
-1554
-1595
-1450
-1285
-389
1341
2222
2346
1916
2552
1802
1295
1974
2066
1144
-140
787
547
100
90
251
-519
-1169
-363
-151
-466
-811
-441
-764
-684
-250
176
77
36
391
355
700
803
818
487
612
994
1195
1300
1167
831
192
-62
-113
-252
-755
-1125
-1103
-968
-633
-272
6
105
143
262
432
604
686
601
498
575
702
688
542
311
-17
-377
-603
-686
-858
-1036
-1062
-749
-349
-49
291
408
496
540
760
958
963
945
813
679
645
611
306
15
-307
-491
-574
-569
-513
-456
-252
-116
19
155
314
263
70
-52
-26
-2
-62
-94
-87
-63
-16
12
-36
-19
-7
-34
-11
116
128
-37
-280
-410
-557
-770
-941
-1070
-1080
-1092
-1074
-1094
-1112
-1238
-1334
-1340
-1343
-1353
-1446
-1237
-1283
-1090
-1016
-283
1256
1945
2050
1380
1907
1246
832
1839
2126
1464
189
1032
787
163
61
22
-678
-1362
-566
-243
-370
-704
-603
-1072
-997
-547
-289
-299
-279
127
160
749
1053
969
613
642
993
1174
1331
1134
668
29
-123
-117
-233
-604
-998
-1010
-791
-368
-135
40
64
5
47
280
580
510
404
415
637
726
694
608
264
-195
-526
-528
-566
-727
-740
-627
-408
-108
89
584
644
483
325
374
753
536
851
854
728
639
397
243
-237
-382
-616
-660
-472
-171
-57
-37
50
95
77
7
-35
-217
-185
-158
-67
-66
-59
-80
-243
-174
-91
-6
18
52
104
139
64
-72
-245
-455
-584
-708
-816
-844
-866
-889
-955
-1018
-1073
-1258
-1401
-1421
-1305
-1167
-1015
-883
-840
-859
-975
-703
626
1735
1952
1427
1570
1498
684
1554
2350
1975
618
662
1178
352
129
134
-188
-989
-734
16
-30
-402
-755
-1093
-1344
-938
-501
-370
-360
-4
218
511
938
901
634
443
788
1155
1466
1559
1204
492
-17
-107
-159
-468
-885
-908
-805
-482
-152
56
67
-157
-326
-291
67
300
310
328
567
755
765
719
449
-24
-492
-620
-503
-391
-271
-137
-43
203
277
310
233
0
-70
-81
382
573
595
682
605
509
233
137
-79
-250
-280
-199
28
129
204
165
189
162
65
26
-12
-122
-249
-257
-238
-287
-329
-215
-191
-140
9
108
91
90
110
98
98
46
-63
-265
-331
-455
-600
-724
-869
-1037
-1166
-1126
-1143
-1139
-1217
-1240
-1289
-1243
-1120
-1111
-1100
-1062
-910
-798
215
1450
1934
1584
1425
1596
864
1050
2003
2157
1155
698
1160
630
42
203
122
-597
-852
-172
15
-434
-720
-1036
-1405
-1382
-817
-453
-381
-186
-10
46
340
615
568
480
684
1146
1478
1757
1691
1033
223
-174
-199
-242
-450
-565
-536
-481
-362
-275
-261
-491
-799
-832
-462
25
316
454
527
546
504
501
420
144
-197
-291
-87
251
540
505
340
100
-111
-154
-79
7
-136
-192
61
248
358
417
261
14
-172
-78
10
1
11
-2
55
183
296
307
298
227
92
12
3
-128
-362
-510
-476
-442
-397
-235
-163
-203
-246
-189
-91
-22
53
130
173
212
185
81
-77
-258
-467
-634
-753
-829
-940
-1064
-1126
-1178
-1300
-1344
-1303
-1235
-1165
-1054
-960
-1025
-890
-832
-117
1085
1874
1687
1397
1679
1116
920
1890
2562
1620
845
1174
875
56
216
631
-118
-664
-269
144
-322
-661
-844
-1363
-1500
-1112
-449
-255
-83
-62
-162
11
338
581
604
857
1098
1412
1718
1922
1445
531
53
-35
100
43
1
-168
-475
-666
-653
-516
-581
-803
-946
-718
-260
152
311
259
79
-63
22
252
382
243
112
203
429
520
600
489
154
-137
-91
171
144
126
87
-84
-139
40
171
68
-74
-87
-123
-78
64
54
-20
-74
43
210
401
558
511
310
87
0
-59
-208
-286
-306
-299
-261
-187
-77
-117
-301
-353
-288
-180
-50
31
92
2
-85
-178
-291
-359
-531
-708
-826
-898
-1037
-1219
-1310
-1372
-1485
-1480
-1443
-1338
-1276
-1285
-1304
-1253
-1061
-341
815
1560
1549
1355
1546
1129
992
1686
2175
1465
710
925
610
-105
-82
408
-15
-546
-269
36
-280
-480
-370
-661
-868
-590
-48
225
432
537
235
25
90
282
489
821
1057
1013
1063
1206
1055
553
215
82
-3
33
209
291
34
-230
-368
-367
-318
-306
-326
-351
-294
-196
-54
30
-44
-261
-327
-211
-150
-177
-156
-79
-37
38
216
389
383
314
302
293
206
182
247
197
83
89
152
146
118
44
-159
-368
-417
-401
-333
-159
-10
81
184
332
382
236
90
-66
-123
-93
-35
-37
-101
-124
-210
-261
-251
-180
-257
-298
-166
13
51
25
55
-17
-142
-272
-277
-357
-491
-671
-790
-892
-1041
-1139
-1132
-1083
-1146
-1216
-1247
-1235
-1260
-1198
-1131
-958
-922
-347
633
1280
1236
970
1251
843
768
1426
2140
1658
883
1190
881
87
-123
648
522
-94
155
409
-159
-869
-510
-417
-743
-740
-262
-154
-299
1
98
-113
-411
-248
35
414
883
1126
1105
893
663
393
314
377
467
487
548
576
392
142
-66
-142
-215
-290
-317
-273
-241
-257
-240
-236
-359
-571
-587
-448
-325
-215
-31
148
204
236
346
413
421
464
564
589
497
459
470
442
310
204
174
130
78
10
-85
-223
-379
-410
-289
-153
-92
-58
8
34
31
47
31
-55
-103
-39
62
61
15
-28
-79
-115
-78
-5
-26
-55
23
137
182
168
123
17
-126
-201
-226
-258
-368
-511
-598
-604
-669
-820
-926
-940
-939
-961
-889
-794
-752
-793
-781
-698
-680
-658
-588
-448
-182
106
289
188
87
66
35
164
393
625
596
631
786
857
770
663
751
794
818
865
947
844
558
382
332
266
84
-46
-188
-289
-271
-207
-131
-200
-255
-247
-180
-82
-31
22
-1
-10
72
194
275
320
350
344
346
362
372
342
313
286
267
243
210
177
76
-79
-227
-276
-277
-214
-104
-57
-40
-27
-24
-73
-107
-85
-116
-161
-116
23
114
126
146
136
137
189
242
254
181
141
110
132
205
247
254
209
207
187
160
127
79
21
8
25
16
-7
-33
-86
-147
-96
-50
-29
-53
-7
65
57
45
44
38
-60
-96
-100
-119
-178
-207
-239
-335
-404
-475
-557
-646
-667
-680
-717
-741
-723
-752
-802
-788
-758
-757
-762
-689
-604
-535
-390
-222
-177
-256
-276
-233
-133
83
338
559
585
680
751
811
794
806
915
909
931
1016
1138
947
662
491
353
206
63
86
3
-138
-145
-129
-144
-307
-383
-390
-391
-342
-279
-206
-236
-223
-196
-166
-148
-130
-86
-73
18
81
179
266
294
248
217
244
213
143
36
-23
-141
-156
-44
42
53
33
39
5
-55
-35
7
-71
-145
-109
-16
-12
-20
30
57
24
46
125
172
161
189
257
314
368
409
433
428
392
362
321
310
234
165
147
129
56
-39
-45
-62
-150
-156
-49
47
58
69
143
123
41
12
13
-57
-109
-106
-148
-282
-361
-424
-491
-570
-609
-651
-690
-702
-716
-705
-693
-680
-758
-769
-709
-698
-722
-708
-638
-646
-649
-543
-373
-262
-240
-237
-202
-143
31
293
505
649
697
779
793
864
896
908
924
952
1046
1027
985
787
567
393
279
190
105
41
-83
-168
-207
-207
-257
-350
-347
-313
-238
-190
-115
-76
-84
-53
-24
40
32
67
139
188
203
206
277
309
294
259
242
222
161
125
89
27
-49
-51
-32
-18
-42
-61
-83
-106
-49
5
-21
-101
-131
-168
-180
-135
-58
-7
0
29
69
109
116
131
123
131
225
317
380
373
359
277
167
116
90
27
-50
-81
-118
-182
-200
-159
-205
-258
-193
-68
15
44
89
109
67
82
120
110
39
10
39
4
-90
-212
-327
-433
-520
-528
-505
-521
-568
-572
-538
-546
-629
-679
-678
-685
-680
-609
-521
-544
-595
-570
-534
-529
-413
-271
-188
-171
-48
99
228
394
532
591
562
613
685
779
801
816
824
804
784
774
737
561
387
264
182
93
14
-47
-146
-194
-200
-180
-194
-246
-290
-274
-214
-180
-151
-110
-41
-3
35
85
146
164
161
198
250
289
306
342
356
284
181
121
101
55
45
91
95
100
120
152
125
64
39
63
69
38
17
-16
-55
-58
12
59
61
32
29
80
112
160
177
148
139
203
307
333
302
247
167
92
56
19
-64
-143
-224
-251
-235
-198
-218
-234
-187
-119
-62
-27
27
46
52
75
120
135
110
77
21
-59
-165
-232
-315
-425
-518
-575
-585
-603
-636
-668
-724
-750
-762
-747
-744
-759
-738
-694
-636
-637
-637
-666
-678
-682
-626
-536
-401
-221
-97
14
100
193
277
409
553
642
689
722
776
863
896
907
884
828
780
763
729
593
412
296
248
176
158
147
57
-62
-111
-103
-129
-149
-141
-113
-56
23
104
97
27
-54
-50
4
39
120
172
213
192
209
258
224
153
85
86
97
104
113
108
95
85
140
176
138
74
28
30
17
-6
-52
-109
-122
-99
-51
-15
-40
-82
-99
-57
5
43
88
112
152
228
291
282
216
112
47
35
12
-36
-99
-141
-208
-202
-178
-182
-219
-211
-145
-88
5
81
134
129
125
122
120
124
112
80
26
-51
-123
-191
-273
-353
-429
-490
-504
-482
-483
-561
-634
-649
-650
-627
-603
-558
-555
-547
-522
-521
-558
-607
-613
-590
-510
-412
-329
-261
-165
-49
6
70
154
265
390
549
719
773
750
724
723
720
707
710
696
636
592
583
515
359
214
123
75
37
30
-2
-71
-91
-73
-55
-95
-126
-87
-39
-19
-9
-14
-67
-111
-114
-52
30
70
104
120
146
135
117
122
116
98
125
185
202
193
208
230
209
187
195
200
184
187
199
175
139
114
106
88
70
55
63
115
120
121
110
101
105
114
148
165
155
114
78
74
27
-46
-122
-153
-186
-210
-195
-200
-228
-241
-190
-163
-156
-114
-44
8
30
66
70
31
-12
-8
4
-53
-103
-157
-207
-270
-328
-369
-438
-486
-515
-521
-543
-576
-601
-617
-603
-584
-539
-526
-518
-518
-515
-514
-534
-540
-514
-468
-419
-359
-325
-299
-256
-152
-1
147
224
294
399
524
620
703
747
695
643
667
755
765
686
641
587
522
458
446
349
179
80
65
79
13
-8
-20
-88
-134
-101
-59
-101
-136
-96
-50
-48
-40
-30
-34
-44
-36
15
71
90
92
112
138
95
73
93
95
78
99
203
246
243
224
210
167
135
155
162
144
80
72
50
26
4
-33
-57
-58
-6
33
76
91
78
54
85
118
129
108
85
69
26
1
-54
-98
-166
-188
-173
-169
-179
-182
-144
-109
-75
-21
45
66
78
94
112
107
75
49
18
-15
-54
-77
-115
-164
-222
-270
-305
-365
-403
-427
-442
-450
-443
-449
-457
-464
-478
-485
-493
-529
-550
-543
-532
-521
-509
-481
-497
-511
-492
-451
-395
-308
-220
-101
55
164
224
263
345
401
496
598
648
629
601
633
643
626
535
468
403
353
323
312
247
128
76
82
91
35
5
-30
-81
-85
-48
-23
-70
-104
-112
-93
-91
-92
-73
-73
-80
-60
17
99
135
158
173
186
178
183
229
277
299
314
368
380
347
312
286
264
229
220
218
201
144
117
130
105
53
21
13
-6
14
66
94
86
66
77
96
112
123
100
71
35
17
4
-10
-32
-69
-79
-84
-79
-88
-94
-106
-91
-48
-11
1
-20
-36
-47
-39
-41
-53
-74
-106
-137
-170
-205
-244
-264
-290
-311
-325
-348
-380
-407
-415
-405
-394
-381
-372
-372
-351
-336
-332
-362
-370
-377
-369
-351
-329
-327
-344
-316
-274
-200
-144
-113
-91
-55
15
83
134
203
286
337
367
414
446
433
441
454
424
370
352
357
342
321
309
316
291
260
239
228
190
139
142
138
111
80
63
31
-18
-47
-63
-102
-134
-148
-141
-122
-108
-89
-75
-66
-69
-54
-15
55
103
153
211
230
239
230
229
198
180
144
114
130
151
164
144
138
108
82
36
10
-3
-28
-26
-15
5
15
17
-1
-19
-32
-31
-28
-17
-10
-33
-53
-75
-91
-119
-155
-181
-196
-209
-200
-171
-162
-151
-139
-105
-85
-79
-76
-73
-82
-77
-53
-43
-69
-104
-127
-134
-137
-150
-168
-213
-242
-248
-245
-243
-265
-290
-299
-285
-279
-287
-302
-313
-301
-291
-273
-274
-283
-292
-278
-251
-228
-204
-177
-134
-82
-36
4
56
86
114
163
201
223
243
279
308
334
348
342
331
313
317
332
306
272
235
218
214
203
187
166
157
139
135
138
138
127
100
89
83
78
65
68
67
52
47
61
69
56
50
61
57
62
94
122
126
132
179
222
243
255
249
204
185
200
204
211
192
180
165
143
118
69
30
-6
-10
-6
-8
1
5
-1
-16
-17
-31
-59
-77
-82
-69
-77
-90
-110
-160
-223
-262
-280
-298
-309
-310
-282
-260
-253
-249
-258
-260
-229
-179
-146
-122
-107
-95
-100
-108
-115
-128
-133
-122
-101
-89
-92
-124
-152
-183
-180
-162
-131
-116
-104
-75
-50
-26
-23
-35
-49
-39
-22
7
12
12
3
-6
1
11
16
12
21
56
95
126
156
193
230
278
308
350
377
387
394
399
407
388
358
338
331
308
283
257
227
196
189
171
144
95
64
68
81
91
82
49
7
-12
-40
-55
-82
-105
-130
-125
-103
-111
-116
-125
-127
-126
-114
-89
-75
-51
-36
-6
3
19
33
34
38
30
34
30
44
39
33
21
14
6
-10
-13
-20
-26
-48
-43
-49
-54
-65
-60
-53
-51
-43
-36
-33
-54
-77
-105
-123
-147
-154
-159
-175
-185
-212
-232
-246
-246
-257
-262
-261
-249
-232
-216
-188
-183
-179
-174
-169
-162
-160
-159
-159
-153
-146
-148
-158
-167
-172
-187
-201
-209
-193
-176
-152
-125
-108
-95
-82
-54
-30
-7
21
39
69
70
66
42
25
23
20
30
27
44
50
76
101
127
152
179
212
251
298
329
353
364
374
363
336
321
314
287
268
274
264
224
179
155
144
120
106
96
95
93
99
105
80
36
2
-7
-18
-27
-35
-41
-39
-49
-51
-59
-79
-78
-87
-82
-74
-61
-41
-32
-38
-35
2
25
47
66
88
97
107
123
135
135
126
120
105
100
102
94
67
36
30
27
31
32
28
24
19
30
37
39
26
9
1
-8
-13
-27
-47
-74
-95
-118
-146
-169
-183
-176
-176
-179
-165
-159
-158
-158
-154
-143
-138
-130
-119
-110
-107
-96
-92
-96
-106
-113
-116
-113
-108
-103
-103
-99
-85
-63
-35
-27
-13
4
28
40
47
51
53
50
50
60
61
48
27
22
18
19
9
13
19
28
53
80
100
109
137
172
199
228
243
240
231
229
237
222
193
174
154
136
105
80
50
23
-5
-25
-26
-47
-64
-85
-94
-114
-136
-146
-158
-161
-170
-171
-186
-202
-219
-223
-234
-249
-243
-229
-214
-200
-181
-165
-152
-130
-94
-73
-53
-25
-4
9
34
64
78
77
85
95
86
87
87
82
85
92
94
96
99
104
115
124
134
140
143
148
146
139
131
122
108
93
80
63
54
39
21
3
-13
-20
-22
-31
-34
-30
-30
-39
-48
-62
-76
-77
-80
-62
-57
-50
-50
-54
-51
-52
-51
-57
-59
-53
-42
-38
-27
-23
-19
-11
1
12
11
12
15
10
13
13
0
-19
-25
-22
-24
-35
-51
-74
-87
-85
-94
-105
-106
-89
-61
-30
-2
23
26
36
56
72
76
83
81
78
70
71
58
29
9
-2
-1
-4
-6
-17
-22
-27
-22
-26
-45
-64
-89
-87
-76
-78
-88
-107
-123
-136
-145
-155
-161
-172
-169
-169
-165
-155
-151
-146
-140
-115
-96
-82
-76
-72
-62
-53
-22
4
11
20
33
54
76
84
79
71
66
82
98
105
108
112
118
128
137
150
150
149
159
187
194
185
175
168
171
164
162
147
118
84
62
58
55
48
37
35
41
49
45
33
30
24
32
41
47
48
46
50
51
49
37
27
9
9
22
32
39
45
47
46
45
46
52
54
59
55
49
47
32
15
-3
-8
-3
-7
-19
-35
-52
-69
-81
-83
-77
-73
-58
-45
-27
-12
-10
4
16
32
49
64
69
71
66
56
40
25
25
17
19
32
41
50
47
39
11
-14
-30
-37
-51
-74
-87
-90
-94
-97
-99
-105
-111
-115
-119
-124
-123
-127
-125
-117
-115
-111
-111
-102
-92
-80
-61
-47
-45
-43
-34
-22
-9
6
17
17
18
17
17
21
23
22
27
25
31
31
30
32
41
53
62
79
83
88
85
86
87
94
90
80
74
66
64
60
55
48
39
34
33
35
23
11
-1
-6
-4
-14
-17
-21
-19
-14
-4
1
7
6
7
11
18
16
16
13
8
6
4
7
3
-1
-6
-4
0
-2
-7
-16
-27
-41
-47
-53
-58
-70
-75
-63
-54
-47
-58
-60
-67
-68
-61
-55
-55
-64
-63
-47
-32
-19
-3
8
18
34
53
56
51
47
52
59
61
66
55
36
24
23
18
2
-14
-29
-36
-32
-27
-27
-31
-36
-38
-43
-55
-65
-74
-83
-81
-80
-92
-110
-117
-116
-110
-102
-91
-82
-81
-76
-68
-56
-54
-58
-52
-43
-30
-25
-18
-17
-16
-12
-9
-3
-10
-8
-5
0
12
20
23
23
29
41
55
62
66
70
70
69
66
57
41
38
39
41
44
47
47
43
34
33
23
16
11
10
11
5
4
-1
-13
-27
-36
-32
-29
-31
-26
-18
-21
-22
-23
-22
-19
-17
-3
12
21
23
29
27
32
29
26
29
21
18
22
28
21
5
-4
-10
-15
-8
-5
-5
-8
-7
-9
-12
-4
6
17
26
45
60
70
73
75
75
73
78
81
89
90
92
94
90
83
81
85
88
87
91
94
90
85
75
64
56
55
46
36
21
5
-7
-19
-27
-36
-45
-50
-50
-51
-55
-57
-56
-54
-55
-55
-54
-56
-58
-56
-51
-48
-45
-49
-50
-45
-39
-33
-31
-31
-29
-22
-16
-8
1
7
12
19
31
39
40
37
34
32
31
29
25
22
20
20
17
16
11
1
-6
-9
-14
-21
-23
-29
-31
-34
-29
-25
-29
-32
-38
-41
-44
-48
-57
-64
-65
-60
-49
-44
-44
-44
-40
-35
-32
-28
-26
-26
-19
-13
-7
-7
-8
-6
-3
2
9
11
4
-2
-9
-13
-21
-31
-37
-36
-28
-21
-10
-3
2
2
6
8
6
7
6
10
15
20
17
12
8
10
16
22
26
26
25
24
25
23
19
15
19
22
25
28
25
19
8
-1
-8
-15
-24
-31
-32
-35
-36
-40
-42
-46
-44
-41
-37
-36
-36
-37
-35
-33
-32
-32
-30
-22
-11
-1
3
12
15
18
18
17
20
23
32
43
54
58
55
52
50
48
48
49
48
46
42
40
34
32
29
28
31
38
42
40
36
27
19
10
0
-5
-5
-5
-3
1
5
3
-5
-12
-17
-24
-28
-31
-31
-32
-32
-30
-29
-33
-34
-32
-26
-20
-22
-23
-28
-33
-37
-40
-44
-45
-49
-50
-47
-44
-48
-55
-61
-65
-65
-66
-65
-66
-60
-54
-45
-38
-36
-33
-29
-20
-15
-9
-6
-2
3
11
18
24
32
38
47
55
64
66
64
64
68
74
77
82
85
90
94
96
92
83
78
73
68
64
55
47
40
32
28
22
14
4
-4
-12
-19
-30
-40
-53
-61
-61
-64
-67
-69
-70
-70
-66
-65
-65
-67
-68
-64
-63
-62
-62
-63
-60
-55
-47
-39
-33
-30
-24
-19
-16
-14
-12
-10
-7
0
7
11
15
17
19
22
24
26
27
31
32
35
38
40
42
46
53
61
69
71
72
71
71
71
70
68
67
67
70
72
68
64
57
52
49
45
42
39
35
33
32
30
28
23
19
16
15
11
4
-4
-15
-22
-26
-32
-37
-41
-43
-42
-39
-39
-42
-44
-45
-45
-45
-46
-46
-45
-43
-42
-41
-42
-44
-43
-42
-40
-41
-44
-47
-50
-48
-46
-43
-42
-38
-34
-27
-24
-23
-25
-27
-29
-26
-24
-24
-26
-27
-23
-18
-13
-12
-13
-12
-8
-3
2
4
5
9
15
24
32
37
41
44
47
49
49
47
45
44
46
48
49
49
50
53
55
59
59
58
57
57
56
54
49
44
40
37
35
31
25
18
10
4
-4
-13
-22
-31
-36
-37
-37
-38
-41
-44
-45
-44
-44
-47
-51
-54
-55
-56
-56
-59
-61
-62
-60
-55
-51
-48
-47
-45
-43
-42
-37
-32
-29
-22
-15
-6
0
3
6
9
10
11
12
14
15
17
18
19
22
24
27
31
37
40
44
47
49
50
51
50
51
52
56
60
62
62
60
56
54
52
49
45
42
42
42
43
40
38
34
31
28
27
25
19
14
7
2
-5
-10
-15
-22
-25
-29
-32
-38
-44
-50
-55
-59
-62
-63
-65
-67
-68
-70
-70
-72
-74
-75
-74
-74
