5
4
-2
-4
-5
-3
-8
-5
-8
-14
-20
-19
-20
-23
-10
-7
-1
-3
-6
-10
-14
-9
-6
1
-2
-8
-12
-17
-17
-14
-13
-14
-17
-29
-30
-33
-36
-35
-40
-37
-41
-50
-55
-47
-39
-34
-32
-35
-40
-49
-56
-51
-39
-32
-25
-24
-27
-25
-21
-16
-9
-4
-5
-3
8
15
20
24
22
16
14
17
24
24
28
30
32
50
47
42
45
42
31
36
47
41
40
41
41
42
38
36
40
41
35
41
47
45
33
27
17
12
11
14
16
16
10
-5
-11
-17
-19
-30
-34
-37
-41
-30
-32
-34
-42
-46
-43
-42
-44
-33
-23
-23
-18
-19
-24
-23
-13
-15
-17
-11
-9
2
9
0
6
10
6
6
13
12
19
29
25
10
4
9
10
11
14
11
11
7
6
7
9
6
-12
-17
-12
-5
-1
3
7
6
12
10
-4
-11
-7
-7
-3
-4
-3
-13
-28
-28
-25
-23
-26
-35
-49
-42
-24
-11
-8
-6
-10
-15
-18
-17
-7
14
18
17
15
10
6
3
7
13
12
0
-8
-6
-14
-28
-38
-34
-23
-33
-26
-15
-11
-17
-31
-29
-27
-18
-5
-6
-13
-17
-14
-15
-12
-7
-8
-14
-22
-25
-24
-17
-26
-24
-7
10
6
24
12
32
5
39
11
117
389
378
92
-66
165
151
407
553
451
138
74
115
79
330
344
475
129
-122
-299
-124
78
102
138
-164
-282
-515
-338
-144
-21
-94
-266
-299
-388
-180
-116
-27
-50
-63
-43
-57
0
-8
132
134
96
17
-4
14
-5
21
-41
-45
-109
-165
-231
-244
-235
-224
-215
-224
-265
-329
-350
-299
-241
-226
-135
-141
-137
-151
-58
7
91
150
143
188
178
260
277
302
250
225
222
170
156
67
82
26
19
-21
-37
-71
-109
-42
-40
-30
-85
-55
-42
-11
39
97
105
51
73
123
175
239
281
249
189
182
199
218
217
166
83
2
-42
-44
-45
-92
-162
-260
-339
-364
-322
-334
-360
-378
-388
-372
-345
-276
-250
-210
-180
-136
-80
-5
83
116
152
135
123
174
211
256
207
180
128
99
88
48
34
-49
-25
-74
-100
-120
-158
-115
-139
-41
-109
-98
-34
28
85
107
243
132
209
256
259
332
374
360
184
168
146
233
314
207
115
-79
-79
-49
-33
-18
-83
-149
-277
-203
-207
-174
-56
-86
-83
-105
-33
-26
57
148
111
189
106
162
172
221
190
148
225
137
202
117
94
-11
-42
17
-33
-40
-230
-238
-274
-247
-167
-205
-222
-397
-324
-294
-171
-44
-102
-180
-361
-116
25
193
138
-84
-169
-120
232
180
156
-79
-185
-155
-25
80
-62
-11
-219
-399
-361
-109
-96
-135
-106
-369
-442
-93
80
-21
-29
-14
-191
-17
193
283
316
225
188
289
534
444
558
568
495
453
554
678
468
563
594
504
229
285
438
260
300
189
106
-93
-5
11
-48
-44
-154
-82
-170
-144
-181
-101
-133
-148
-75
-168
-149
-143
-12
-39
-40
-54
-119
-94
-72
37
-47
-42
-153
-244
-225
-217
-121
-238
-242
-413
-440
-530
-546
-442
-552
-578
-1002
-960
-877
-782
-915
-996
-969
-1333
-1051
-959
-715
-736
-464
-147
-71
153
176
776
896
1089
1323
1566
1494
1184
1551
1641
1694
1561
1667
1371
756
755
715
567
113
105
-209
-799
-1020
-957
-880
-1203
-1219
-1296
-1397
-1410
-1093
-711
-645
-410
-174
41
202
660
1067
1199
1342
1486
1606
1609
1768
1838
1763
1609
1478
1345
1105
806
511
253
83
-117
-299
-602
-1014
-1262
-1238
-1102
-1184
-1144
-1230
-1256
-1179
-841
-472
-312
-155
-103
84
184
466
709
779
710
598
622
533
548
494
361
130
-107
-250
-451
-567
-692
-789
-1017
-1202
-1262
-1323
-1384
-1413
-1371
-1405
-1515
-1488
-1436
-1376
-1301
-1184
-1232
-1378
-1194
-1058
-1021
-1159
-881
-617
-100
980
1468
345
-991
206
2221
3009
2741
2280
788
-520
1027
3513
3712
2009
1288
609
-736
-249
2042
2528
133
-1389
-1373
-1722
-1935
-685
274
-1165
-2765
-2768
-2109
-1730
-774
168
-460
-1431
-1047
239
852
1169
1686
1850
1573
1545
2041
2377
2578
2770
2719
2261
1768
1495
1329
1278
1156
783
54
-620
-1043
-1174
-1253
-1085
-991
-1515
-2287
-2311
-1554
-1054
-548
-380
-450
-813
-413
484
1233
1630
1650
1642
1111
1224
1724
2334
2106
1597
1167
662
480
395
612
263
-331
-956
-1303
-1400
-1382
-1224
-1447
-1690
-1942
-1918
-1840
-1660
-1382
-1271
-1167
-1173
-1067
-915
-581
-280
-212
-232
-244
-406
-465
-507
-487
-560
-588
-981
-1577
-1553
-1460
-727
230
706
-1050
-2557
-1267
1049
2202
1921
1650
-325
-1599
373
3610
3949
2185
1740
713
-679
234
3263
3401
580
-706
-789
-1518
-1760
117
666
-1508
-3124
-2936
-2600
-2461
-1059
-233
-1290
-2285
-1549
-434
29
838
1619
1610
1245
1545
2046
2415
3047
3531
3273
2619
2335
2152
1995
2123
2152
1463
447
-171
-589
-897
-1006
-945
-1290
-1948
-2287
-2147
-1741
-1746
-1674
-1429
-900
-668
-430
115
422
686
975
1719
1897
1853
1890
1989
1919
1772
2068
1852
1272
653
539
380
14
-221
-602
-1083
-1652
-1784
-1818
-1811
-1813
-1981
-2254
-2404
-2113
-1726
-1450
-1340
-1276
-1201
-1027
-731
-462
-223
-25
53
-85
-251
-209
-247
-382
-512
-692
-1188
-1720
-1721
-1659
-1380
-676
134
-342
-1871
-2209
-630
1642
2588
2353
962
-585
-393
1918
4239
4224
3073
1712
536
213
1776
3662
3086
935
-689
-1108
-1266
-790
93
-140
-1594
-2979
-3186
-2844
-2043
-1131
-927
-1581
-2096
-1568
-619
306
988
1461
1587
1630
1878
2254
2843
3472
3765
3441
2936
2600
2346
2174
2168
2083
1395
348
-442
-752
-930
-1110
-1302
-1670
-2268
-2778
-2652
-1912
-1395
-1770
-2142
-1714
-937
-478
155
840
847
567
915
1820
2205
2330
2504
2269
1603
1396
1854
1824
1285
704
236
-355
-793
-775
-926
-1386
-1914
-2119
-2347
-2494
-2388
-2288
-2311
-2352
-2145
-1970
-1771
-1575
-1312
-1015
-682
-449
-448
-338
-8
310
210
100
-117
-357
-467
-290
-327
-1022
-1585
-1909
-1622
-971
521
1255
-486
-2860
-2575
751
3126
3618
2370
3
-1872
-421
3665
5432
4247
2178
704
-728
2
3165
4618
2443
-701
-1609
-1696
-1370
-244
610
-570
-2894
-3722
-3341
-2473
-1430
-483
-817
-1953
-2046
-1067
121
919
1709
2087
1960
1763
1908
2522
3273
3939
3927
3390
2671
2183
2018
2191
2368
1940
906
-233
-838
-1011
-1026
-1145
-1500
-2131
-2778
-3107
-2810
-2292
-1569
-1162
-1363
-2004
-1795
-572
555
1490
1556
1024
338
1202
2365
2892
2741
2356
1827
1011
1209
1597
1738
840
41
-682
-1192
-1178
-1105
-1236
-1955
-2316
-2587
-2685
-2660
-2279
-1930
-2149
-2306
-2161
-1707
-1353
-860
-548
-452
-295
-109
131
193
353
494
564
494
144
-175
-527
-522
-534
-899
-1409
-1974
-2165
-2080
-447
1188
424
-2461
-3247
-478
2153
3482
3341
1518
-1696
-1463
2800
5641
4782
2919
1904
-161
-798
2005
4796
3369
-93
-1363
-1722
-2001
-1266
309
-203
-2478
-3572
-3513
-3181
-2471
-853
-485
-1588
-2072
-1186
-103
488
1546
2410
2537
2143
2106
2535
3188
4114
4509
4178
3240
2530
2203
2204
2392
2190
1468
211
-827
-1444
-1508
-1469
-1703
-2269
-3022
-3494
-3486
-2950
-2511
-1914
-1418
-1477
-1944
-1276
256
1233
1743
2022
1766
1176
1995
3238
3586
2989
2565
2086
1338
1242
1584
1522
365
-626
-1268
-1624
-1806
-1852
-2098
-2704
-3030
-3222
-3219
-3099
-2681
-2385
-2402
-2314
-1972
-1488
-1083
-461
-30
176
312
555
721
779
1072
1208
1018
507
171
24
-143
-510
-1139
-1604
-1982
-2290
-2381
-1850
-431
205
-1276
-3573
-2996
223
2655
3225
2109
-251
-2255
-108
4208
5833
4172
2414
1274
-319
438
3666
5332
2653
-575
-1420
-1468
-1287
-302
684
-664
-2849
-3784
-3697
-3164
-1883
-341
-752
-2137
-2375
-1230
-151
717
1901
2421
2109
1645
1938
2648
3635
4559
4598
3765
2759
2416
2412
2605
2622
2120
1109
-128
-920
-1275
-1175
-1276
-1721
-2410
-3042
-3434
-3373
-2779
-2143
-1526
-1522
-1758
-1720
-686
382
1332
1899
1803
1410
1467
2340
2835
3035
2689
2315
1619
1183
1130
1108
805
-24
-748
-1445
-1689
-1882
-2048
-2330
-2581
-2712
-2983
-3049
-2877
-2373
-2109
-2004
-1830
-1529
-1128
-708
-157
192
473
650
787
860
936
988
945
924
740
260
-424
-839
-956
-1204
-1559
-2081
-2549
-2958
-2494
-773
480
-902
-3698
-3458
-289
2563
3381
2593
-9
-2326
-320
4157
6093
4521
2979
1608
-195
327
3819
5735
3059
-221
-1284
-1371
-1368
-272
744
-641
-2890
-3864
-3618
-3220
-1994
-512
-725
-2049
-2391
-1231
-129
835
1858
2432
2248
1902
2098
2738
3827
4698
4730
3851
2935
2469
2313
2488
2608
2199
958
-319
-1123
-1513
-1698
-1786
-1875
-2456
-3364
-3971
-3725
-2961
-2528
-2138
-1520
-1458
-1967
-1543
67
1241
2074
2399
1697
860
1586
3052
3548
3419
2852
1833
596
651
1554
1763
752
-588
-1490
-2083
-2016
-1740
-1727
-2244
-2841
-3252
-3448
-3103
-2378
-1773
-1880
-2110
-1868
-1296
-633
-4
464
571
686
920
1117
1253
1468
1496
1274
1005
672
37
-455
-643
-939
-1357
-1700
-2340
-3315
-3536
-2585
-382
628
-1584
-4922
-4175
-1
3036
3635
2150
-914
-2941
167
5115
6557
4668
3103
1564
-322
1047
5137
6479
2958
-322
-957
-981
-937
182
1108
-583
-2978
-3942
-3805
-3375
-1964
-379
-1070
-2767
-3058
-1633
-446
500
1553
1986
1731
1315
1644
2451
3791
4709
4451
3449
2716
2579
2476
2770
3010
2526
1117
-276
-951
-1202
-1072
-1035
-1425
-2599
-3684
-3925
-3354
-2602
-2324
-2054
-1975
-2271
-2520
-1356
435
1410
1666
1321
622
566
2080
3478
3578
2785
1895
1169
929
1598
2161
1672
261
-920
-1468
-1418
-1042
-1047
-1659
-2488
-2920
-3033
-2856
-2470
-2061
-2020
-2264
-2134
-1630
-1068
-530
40
304
284
456
915
1233
1237
1308
1441
1172
748
520
326
-196
-661
-958
-1340
-1801
-2409
-2869
-3050
-2849
-2057
-616
-464
-2667
-4298
-2299
1197
2949
2824
1252
-1188
-1476
2242
5829
5753
3966
2860
1403
379
2431
5620
5235
1611
-765
-971
-912
-663
289
295
-1637
-3640
-4163
-3733
-2895
-1559
-917
-1970
-3258
-2931
-1393
-115
754
1356
1522
1311
1316
1957
3074
4173
4518
3969
3177
2896
2985
3034
3050
2940
2195
773
-413
-734
-566
-719
-1326
-2095
-2892
-3451
-3464
-2971
-2657
-2648
-2483
-2313
-2137
-1554
-685
-130
381
1072
1329
1357
1638
2066
2415
2811
2950
2547
2005
1685
1577
1411
1215
809
87
-700
-1176
-1377
-1471
-1566
-1876
-2350
-2801
-2985
-2817
-2378
-2016
-1868
-1835
-1828
-1606
-978
-226
163
234
310
455
622
908
1271
1212
761
408
377
145
-315
-596
-809
-1302
-2103
-2482
-2505
-2572
-2514
-1101
319
-1087
-3992
-3802
-285
2411
3101
2267
-145
-2195
-171
4255
5991
4704
3375
2129
321
787
4135
5909
3512
251
-853
-942
-827
56
839
-389
-2721
-3851
-3756
-3299
-2270
-905
-1167
-2879
-3597
-2296
-672
137
673
1111
1225
969
1182
2158
3415
4064
3834
3399
3191
3030
2708
2790
3137
2919
1773
480
-127
-304
-472
-781
-1069
-1726
-2703
-3315
-3056
-2482
-2372
-2428
-2288
-2170
-2150
-1505
-559
21
354
695
820
928
1394
1896
2209
2389
2436
2159
1762
1522
1510
1535
1377
898
172
-438
-768
-921
-1045
-1175
-1450
-2011
-2536
-2664
-2307
-1848
-1717
-1866
-1953
-1770
-1400
-869
-370
-118
-76
-31
210
605
866
844
660
557
522
419
125
-253
-514
-812
-1288
-1698
-1890
-2032
-2403
-2260
-685
531
-1005
-3749
-3312
-31
2482
3066
2061
-445
-2270
-70
4039
5470
4176
3010
1760
-62
433
3780
5601
3263
86
-1030
-1007
-753
79
775
-327
-2390
-3565
-3630
-3163
-1962
-627
-1057
-2786
-3408
-2119
-715
-6
595
1077
1003
693
1039
1915
2936
3686
3911
3498
2824
2489
2551
2953
3262
3085
2070
725
-108
-256
-40
-44
-496
-1576
-2687
-3085
-2629
-2179
-2287
-2506
-2478
-2404
-2292
-1491
-741
-612
-516
109
568
716
1177
1556
1628
1789
2331
2398
1885
1540
1646
1787
1633
1361
865
199
-348
-492
-445
-533
-921
-1594
-2182
-2392
-2184
-1871
-1718
-1820
-2035
-2161
-1922
-1277
-722
-544
-550
-406
-128
189
474
643
673
643
592
452
275
105
68
-138
-624
-1184
-1386
-1506
-1883
-2169
-1843
-419
458
-945
-3428
-3221
-245
2247
2947
1893
-576
-2458
-501
3503
5113
4021
2731
1361
-441
225
3587
5339
3204
272
-864
-1036
-611
494
1152
-96
-2085
-3140
-3272
-2758
-1524
-363
-1146
-2977
-3376
-1855
-465
-145
122
619
829
562
779
1639
2693
3389
3485
3069
2492
2444
2847
3289
3172
2648
1946
1101
419
225
460
215
-697
-1696
-2194
-2324
-2425
-2376
-2345
-2458
-2663
-2568
-2229
-1857
-1466
-1125
-658
-198
124
221
471
1001
1604
2047
2095
1850
1576
1647
1942
2178
2054
1621
1012
390
101
162
238
-122
-847
-1554
-1970
-2034
-1833
-1624
-1745
-2094
-2319
-2227
-1922
-1466
-986
-775
-839
-801
-351
178
439
535
666
726
636
645
755
703
400
85
-233
-583
-919
-1097
-1286
-1698
-2150
-2221
-1122
21
-717
-2918
-3390
-1259
996
2102
1797
-149
-2291
-1224
2426
4401
3764
2756
1804
130
-12
2578
4834
4005
1490
-271
-1080
-780
532
1492
633
-1261
-2607
-3161
-2868
-1688
-461
-786
-2329
-3205
-2544
-1222
-258
198
206
146
261
646
1198
2040
2966
3266
2810
2303
2478
2943
3095
2913
2712
2387
1667
928
498
371
228
-91
-727
-1603
-2290
-2490
-2265
-2124
-2174
-2489
-2482
-2135
-2012
-1995
-1607
-900
-428
155
381
49
44
921
1863
2156
2217
1959
1491
1417
2067
2562
2204
1470
829
413
277
508
480
-155
-960
-1550
-1780
-1684
-1406
-1378
-1676
-2127
-2354
-2192
-1728
-1129
-818
-979
-1306
-1216
-650
23
354
295
112
41
193
432
566
399
53
-326
-647
-852
-917
-1059
-1424
-1865
-1934
-899
178
-556
-2701
-3075
-901
1274
2043
1396
-428
-2151
-983
2320
4041
3438
2441
1375
-260
-44
2859
4992
3710
967
-508
-787
-114
1209
1909
716
-1226
-2285
-2527
-2110
-955
217
-408
-2283
-3115
-2044
-587
5
195
254
169
-15
286
1081
2041
2733
2751
2268
1796
1931
2351
2727
2878
2708
2069
1108
541
563
878
795
161
-758
-1541
-1889
-1767
-1411
-1400
-1798
-2298
-2401
-2146
-1760
-1439
-1211
-961
-794
-633
-440
-68
356
758
1121
1313
1273
1143
1254
1566
1833
1747
1389
978
697
647
736
703
303
-183
-575
-876
-1108
-1134
-1005
-1139
-1534
-1845
-1882
-1792
-1540
-1165
-1056
-1254
-1408
-1166
-699
-327
-174
-157
-156
-115
15
112
172
156
21
-239
-471
-555
-669
-845
-1091
-1258
-1298
-1073
-376
63
-701
-2049
-1875
-150
1523
2044
949
-1182
-2029
126
2943
3609
2438
1037
-133
-399
1253
3406
3811
2279
275
-1104
-1027
702
2212
1688
-314
-1894
-2267
-1685
-586
202
4
-1079
-2123
-2313
-1339
145
848
282
-601
-660
8
794
1326
1687
1804
1606
1260
1166
1564
2128
2399
2073
1395
830
677
763
771
587
224
-260
-853
-1263
-1262
-1013
-919
-1117
-1450
-1688
-1636
-1368
-1070
-819
-584
-518
-615
-580
-265
197
575
764
746
657
638
737
1033
1386
1443
956
402
381
720
866
642
297
-77
-414
-597
-602
-578
-635
-799
-1061
-1304
-1389
-1218
-952
-775
-796
-943
-992
-813
-511
-258
-41
117
94
-98
-157
46
329
392
206
-15
-206
-363
-452
-405
-377
-612
-1022
-1354
-1429
-1298
-892
-316
-199
-927
-1728
-1482
-350
865
1410
806
-580
-1148
29
1657
2367
2266
1730
705
-30
692
2220
2897
2248
1116
106
-295
365
1422
1612
665
-386
-942
-1030
-684
33
493
17
-1018
-1632
-1242
-346
284
334
51
-239
-425
-295
224
880
1162
929
539
390
554
794
941
984
944
670
209
-113
-40
263
356
81
-314
-549
-639
-558
-299
-69
-113
-370
-613
-681
-381
127
410
197
-207
-326
-111
228
439
503
385
157
-32
-42
148
322
340
157
-141
-368
-345
-147
-40
-179
-422
-541
-513
-467
-457
-364
-279
-398
-526
-421
-200
-131
-165
-99
-9
-44
-48
78
181
142
84
47
-21
-126
-171
-194
-235
-324
-470
-651
-929
-919
-924
-908
-1016
-1220
-1414
-1581
-1325
-1124
-990
-966
-818
-644
-720
-829
-646
18
590
714
373
-13
107
727
1382
1610
1480
1184
809
695
1087
1715
1922
1542
940
476
406
751
1184
1186
693
141
-219
-318
-146
222
399
27
-579
-832
-522
-84
115
31
-172
-362
-491
-427
-115
303
464
233
-126
-276
-101
234
523
539
251
-57
-139
9
290
513
522
300
65
37
152
347
541
628
500
229
55
104
305
438
413
251
-1
-249
-311
-154
57
71
-202
-559
-765
-726
-538
-362
-343
-503
-721
-812
-671
-416
-159
-50
-117
-261
-325
-155
140
339
367
347
274
186
170
315
512
528
348
61
-103
-90
31
104
32
-208
-445
-547
-563
-540
-520
-557
-720
-759
-770
-780
-787
-695
-582
-632
-724
-785
-671
-540
-480
-445
-481
-532
-525
-413
-359
-340
-218
-80
-103
-282
-311
-107
194
363
388
252
96
146
407
782
1056
1087
798
499
612
1100
1494
1457
1177
867
658
644
919
1241
1177
732
273
116
209
407
475
295
-104
-476
-584
-470
-257
-154
-222
-473
-724
-752
-540
-219
-53
-70
-210
-307
-182
119
382
405
254
143
234
433
533
473
369
341
363
348
234
107
57
54
42
-10
-84
-251
-435
-475
-337
-196
-260
-446
-554
-536
-449
-286
-142
-141
-298
-412
-365
-225
-60
26
-19
-138
-160
-61
36
103
130
97
-28
-105
-74
23
64
-4
-83
-148
-136
-123
-140
-145
-114
-77
-111
-132
-90
-37
0
12
24
-2
-41
-69
-68
-33
-14
-57
-135
-184
-153
-137
-189
-245
-280
-305
-298
-233
-179
-212
-290
-300
-224
-118
-49
-58
-112
-96
23
133
163
184
241
268
242
253
328
346
232
167
273
425
400
232
132
157
215
264
330
328
195
-19
-106
30
247
290
63
-200
-266
-164
-55
-4
7
-79
-225
-292
-178
34
178
204
100
-27
4
189
379
441
399
301
175
156
301
461
458
341
250
210
165
174
216
210
132
46
9
-42
-85
-86
-105
-180
-246
-249
-262
-320
-381
-382
-342
-290
-292
-389
-475
-397
-204
-136
-233
-329
-323
-299
-288
-227
-150
-149
-228
-287
-245
-87
54
27
-108
-152
9
154
159
117
115
154
166
186
220
264
270
206
117
76
111
140
95
29
26
46
11
-71
-150
-153
-109
-102
-158
-174
-107
-52
-44
-5
94
157
163
205
311
420
469
477
472
452
441
495
554
523
427
333
311
321
335
289
198
116
63
46
19
-32
-103
-153
-183
-237
-306
-348
-343
-363
-401
-425
-453
-504
-523
-425
-319
-342
-459
-482
-363
-250
-222
-236
-207
-172
-153
-88
14
80
88
89
102
122
148
193
233
237
272
332
336
283
263
303
323
304
272
245
212
190
200
171
101
47
18
-19
-91
-180
-248
-277
-283
-295
-331
-373
-375
-369
-380
-387
-372
-334
-323
-334
-329
-302
-238
-180
-166
-147
-76
14
60
87
104
125
169
249
301
259
214
215
216
209
203
185
130
69
25
-31
-88
-82
-40
-82
-207
-259
-199
-142
-157
-156
-103
-73
-84
-108
-79
24
141
200
175
115
117
197
290
338
337
284
221
213
263
305
298
250
198
162
155
154
171
201
179
92
11
33
111
131
68
14
16
2
-38
-50
-6
15
-22
-74
-118
-161
-162
-103
-75
-133
-221
-238
-214
-202
-191
-167
-155
-200
-232
-216
-186
-161
-121
-60
-21
9
27
23
21
81
182
240
202
139
129
176
231
246
220
159
122
100
71
62
50
27
-46
-117
-148
-166
-191
-205
-185
-182
-214
-252
-253
-228
-168
-114
-113
-148
-153
-103
-71
-56
-19
4
-29
-84
-79
-44
-6
-3
-48
-93
-107
-64
-44
-90
-148
-142
-107
-109
-150
-169
-148
-111
-88
-92
-83
-63
-25
10
47
86
98
98
122
181
234
253
244
237
222
207
233
267
271
237
175
139
154
193
215
157
81
66
94
139
155
143
130
110
109
168
245
258
219
188
178
160
171
214
225
174
98
68
63
47
25
0
-34
-83
-121
-149
-167
-165
-153
-175
-234
-265
-298
-333
-324
-267
-233
-267
-302
-298
-251
-185
-120
-96
-106
-121
-102
-60
-5
16
-12
-26
6
52
31
-18
-28
-6
17
12
-37
-96
-107
-84
-64
-66
-60
-63
-120
-161
-121
-13
39
-5
-74
-80
-5
64
90
45
-16
-17
15
18
-9
-9
3
14
0
-7
4
3
8
22
56
47
-17
-35
22
71
60
26
11
29
71
143
206
222
200
173
189
255
327
325
257
203
201
216
235
247
238
185
107
86
120
146
99
21
-30
-45
-47
-53
-46
-45
-67
-97
-100
-96
-81
-75
-53
-28
-29
-69
-106
-66
6
26
-9
-66
-102
-116
-102
-42
21
9
-60
-102
-82
-22
36
59
9
-54
-95
-94
-57
-26
-19
-34
-59
-76
-77
-56
-4
34
18
-41
-72
-62
-39
-22
-8
-11
-47
-101
-120
-72
-9
-21
-65
-107
-131
-124
-96
-79
-108
-141
-150
-137
-129
-117
-95
-64
-46
-40
-20
-6
12
16
23
32
23
3
-12
-12
20
34
-2
-32
-22
19
26
-8
-37
-29
3
2
-32
-59
-65
-58
-62
-70
-83
-95
-63
-4
17
10
29
88
112
90
114
185
258
291
293
294
310
331
342
372
399
410
382
343
332
347
368
342
291
225
193
184
175
156
106
41
-21
-43
-51
-66
-83
-111
-167
-252
-316
-318
-290
-300
-357
-401
-392
-373
-364
-333
-270
-240
-263
-274
-233
-156
-101
-107
-122
-99
-63
-30
6
28
35
13
0
30
74
93
56
7
-6
-3
8
-10
-52
-77
-77
-58
-63
-104
-161
-213
-239
-229
-187
-168
-220
-277
-271
-212
-162
-121
-100
-114
-143
-118
-29
35
35
32
63
83
98
140
181
190
195
191
176
157
186
224
208
133
110
170
184
148
91
62
33
-12
-36
-48
-40
-58
-120
-164
-123
-54
-36
-58
-79
-77
-69
-32
31
81
75
38
38
101
195
266
269
235
227
245
270
287
301
301
275
235
219
232
228
223
228
224
206
186
174
143
108
101
99
74
26
-5
-23
-48
-62
-71
-101
-157
-192
-199
-203
-208
-217
-248
-288
-288
-253
-230
-226
-201
-170
-186
-207
-194
-148
-93
-58
-33
-36
-56
-42
27
102
102
54
26
27
33
33
42
33
-3
-62
-102
-90
-67
-96
-166
-215
-242
-250
-254
-259
-268
-307
-329
-296
-255
-238
-241
-217
-183
-154
-122
-91
-70
-47
-9
29
67
96
113
107
108
147
178
161
138
137
144
129
105
108
117
95
46
-2
1
26
35
3
-53
-86
-69
-25
-18
-39
-41
-29
-16
4
48
106
133
126
119
139
183
215
243
273
267
239
219
215
234
264
284
281
215
158
160
197
216
177
141
109
79
66
89
114
105
53
5
17
40
54
51
14
-50
-104
-123
-124
-134
-160
-177
-198
-227
-251
-247
-221
-201
-191
-196
-200
-191
-173
-157
-125
-61
-23
-26
-23
27
93
117
118
147
173
160
162
194
228
226
180
130
103
121
131
104
35
-34
-74
-109
-135
-148
-164
-194
-241
-268
-260
-264
-284
-292
-251
-235
-259
-260
-223
-186
-172
-147
-119
-90
-82
-60
-60
-67
-27
18
33
10
14
59
99
100
103
124
115
81
55
58
71
41
-7
-17
1
15
1
-14
9
36
53
70
88
89
93
114
137
146
162
182
197
218
238
251
237
228
227
224
219
214
202
156
122
120
120
102
68
39
26
25
20
18
3
-10
-22
-34
-39
-34
-26
-50
-85
-90
-72
-69
-92
-111
-120
-131
-148
-156
-152
-175
-215
-237
-238
-238
-258
-282
-275
-254
-241
-228
-207
-167
-128
-88
-60
-52
-29
14
33
39
48
60
78
86
79
68
78
90
76
52
39
51
37
5
9
10
-9
-23
-21
-21
-39
-38
-23
-21
-39
-50
-50
-53
-54
-42
-22
-20
-16
1
8
-1
3
22
27
20
16
11
12
7
7
-1
-18
-39
-34
-7
16
27
20
22
31
42
54
74
87
79
75
68
67
86
94
83
83
96
135
168
187
219
248
267
283
300
320
345
353
356
342
327
307
285
266
253
237
202
154
110
90
75
44
-11
-62
-96
-99
-107
-120
-132
-135
-142
-173
-201
-189
-149
-143
-174
-199
-203
-192
-180
-168
-174
-190
-211
-212
-203
-200
-194
-186
-179
-206
-233
-229
-210
-204
-225
-232
-219
-190
-151
-123
-117
-121
-93
-41
1
14
24
41
53
59
59
72
68
58
45
29
28
34
27
-8
-22
4
43
78
85
78
64
62
66
74
86
84
74
70
76
77
69
61
66
53
17
-5
-6
-12
-35
-53
-69
-90
-107
-108
-107
-112
-108
-93
-85
-106
-116
-91
-52
-40
-41
-40
-36
-21
-2
23
44
49
41
44
61
90
114
114
101
104
118
140
154
172
194
189
171
167
194
222
226
219
204
195
176
169
164
160
137
90
45
13
7
2
-7
-38
-55
-64
-61
-60
-60
-47
-40
-48
-51
-32
-14
-7
6
4
-20
-43
-42
-20
-28
-64
-84
-85
-92
-101
-115
-127
-143
-153
-159
-172
-190
-188
-176
-168
-189
-208
-202
-170
-152
-159
-157
-150
-144
-147
-162
-164
-157
-147
-134
-130
-125
-119
-105
-96
-81
-68
-58
-49
-33
-22
-8
9
28
54
78
107
129
152
167
169
163
160
162
161
155
136
103
73
48
35
38
28
6
-20
-33
-32
-24
-9
-9
-24
-22
6
37
48
49
73
87
87
96
128
161
161
148
145
160
169
171
176
181
175
169
178
181
168
148
137
139
143
141
130
122
116
103
84
68
57
46
35
17
15
16
2
-18
-53
-77
-98
-113
-128
-155
-169
-179
-185
-187
-181
-157
-142
-138
-127
-108
-83
-69
-53
-38
-24
-17
-7
10
17
15
10
-4
-13
-12
-13
-5
7
10
9
6
11
24
34
34
26
24
35
46
35
10
-7
-9
-7
-12
-23
-29
-37
-42
-29
-16
-23
-41
-45
-25
4
25
38
35
11
-1
20
40
59
45
11
-21
-39
-28
-17
-19
-47
-82
-108
-117
-106
-106
-134
-168
-194
-201
-199
-192
-187
-192
-205
-213
-202
-177
-135
-106
-98
-87
-60
-17
19
37
59
56
43
41
58
73
66
63
61
64
76
109
140
155
149
151
173
193
208
214
218
211
202
195
186
181
171
161
152
133
109
91
87
75
52
27
6
-21
-46
-50
-50
-65
-91
-116
-125
-126
-126
-115
-108
-109
-120
-131
-133
-128
-106
-87
-94
-111
-112
-90
-72
-56
-45
-42
-49
-61
-59
-48
-49
-59
-70
-75
-74
-62
-49
-39
-27
-26
-21
-19
-9
17
38
42
24
18
26
27
17
10
1
-9
-7
0
3
5
10
8
6
13
30
40
36
25
17
19
11
4
4
-7
-33
-53
-42
-23
-25
-34
-35
-37
-40
-39
-34
-24
-32
-54
-65
-57
-37
-29
-25
-18
-17
-9
-1
4
12
19
24
19
20
33
38
43
56
64
71
91
107
114
118
122
134
138
135
119
109
116
121
111
97
100
95
91
97
109
113
121
104
83
65
49
42
30
4
-36
-69
-95
-105
-113
-118
-111
-107
-109
-105
-98
-84
-66
-60
-71
-89
-97
-92
-86
-82
-76
-76
-77
-68
-45
-28
-12
-5
-4
-9
-22
-33
-22
-9
-8
-8
-13
-10
12
33
38
47
54
52
38
25
18
17
10
-1
-12
-22
-16
0
20
28
36
47
55
66
74
81
82
70
56
50
38
27
22
19
15
4
2
0
0
-11
-19
-26
-25
-22
-24
-21
-22
-38
-51
-44
-34
-35
-38
-37
-38
-43
-45
-26
-3
6
10
10
12
28
61
69
77
89
96
90
92
104
112
117
107
98
89
89
89
77
61
62
63
53
39
28
29
32
24
16
19
14
4
-7
-23
-36
-50
-64
-96
-111
-120
-112
-114
-121
-122
-120
-113
-113
-100
-90
-82
-82
-84
-86
-95
-98
-94
-90
-87
-86
-87
-84
-72
-77
-80
-70
-66
-69
-81
-86
-80
-72
-63
-47
-37
-28
-11
3
14
20
27
23
6
-9
-15
-12
1
16
26
39
56
66
74
97
123
133
126
100
93
95
104
104
89
58
40
49
55
55
43
34
19
19
28
38
44
30
30
27
28
23
14
2
4
-4
-18
-5
-8
-4
0
17
42
52
50
50
58
68
73
76
89
93
98
102
109
110
113
108
97
89
72
67
56
34
24
7
-3
-5
6
18
21
26
17
17
27
35
35
25
10
-10
-30
-35
-30
-40
-46
-68
-89
-103
-96
-66
-57
-46
-49
-67
-63
-61
-53
-41
-56
-70
-73
-83
-94
-84
-83
-94
-106
-115
-104
-85
-75
-67
-62
-50
-36
-25
9
34
49
67
69
64
55
53
78
87
83
83
87
83
86
72
115
112
160
162
276
620
566
86
-35
411
186
-60
134
202
-114
-157
173
-88
-386
-137
205
87
-69
79
125
-204
-397
-260
-82
-56
-109
-88
-55
-130
-308
-443
-415
-292
-70
-57
-248
-261
-147
-166
-418
-385
-81
177
147
-155
-388
-361
-298
-403
-203
23
83
76
-127
-250
-378
-297
-132
-69
55
99
83
-234
-306
-250
-13
172
80
147
172
161
-103
-113
93
103
90
296
347
177
70
78
67
44
179
365
461
225
72
75
-2
2
81
189
171
29
-62
-126
-173
-168
-62
72
75
40
-26
-111
-154
-101
37
166
205
162
110
44
30
63
162
209
207
143
56
15
1
0
26
82
87
44
-7
-77
-89
-63
-10
45
45
11
-82
-149
-164
-128
-61
-21
-21
-52
-90
-89
-56
-22
18
41
66
70
61
60
57
65
92
153
172
146
136
129
104
81
98
95
59
35
27
8
-34
-58
-69
-60
-73
-61
-44
-76
-93
-90
-61
-47
-53
-34
-7
-31
-66
-63
-1
51
48
58
92
104
88
88
130
151
135
131
119
95
58
43
30
10
-8
-29
-59
-95
-107
-127
-141
-137
-124
-127
-120
-113
-107
-75
-63
-56
-39
-32
-26
-13
-5
-4
-21
-23
-25
-27
-34
-36
-6
-3
-5
13
28
33
54
71
93
112
122
127
106
75
32
29
30
27
38
31
8
-36
-48
-29
-4
11
20
30
28
14
1
-7
7
44
65
92
110
97
69
49
50
77
119
134
114
77
43
20
17
10
21
37
7
-33
-64
-80
-84
-82
-77
-74
-86
-101
-107
-110
-125
-137
-122
-100
-81
-64
-50
-41
-29
-23
-5
19
19
29
22
-12
-36
-46
-27
-15
-14
-17
-11
-7
-27
-58
-67
-19
21
-6
-22
20
32
20
23
40
60
62
60
45
26
8
-20
-23
-6
15
3
-31
-47
-34
-34
-51
-59
-15
12
-11
-16
-19
-5
-14
-6
-8
-20
-28
-50
-55
-68
-60
-65
-65
-52
-23
10
11
-16
-29
-21
-11
-10
-21
-17
-27
-51
-47
-21
-20
-31
-34
-10
-15
-50
-70
-59
-36
-51
-62
-52
-48
-76
-92
-60
-52
-64
-76
-63
-37
-32
-29
-28
-15
1
21
36
37
36
43
35
27
40
61
87
76
69
52
41
39
42
32
11
-4
-5
-17
-53
-53
-28
-13
-21
-15
1
15
9
8
11
26
51
61
73
69
71
82
86
75
65
75
81
64
39
31
20
8
2
26
67
74
60
34
53
89
87
68
71
98
102
82
67
62
58
48
43
45
43
40
34
8
2
22
35
37
22
27
30
26
2
-18
-10
-9
-16
-31
-26
-28
-45
-59
-50
-46
-60
-69
-58
-58
-78
-82
-87
-74
-72
-72
-74
-89
-93
-92
-93
-101
-92
-74
-73
-80
-99
-101
-90
-77
-52
-43
-32
-21
-19
-30
-34
-23
-5
4
7
13
11
1
-10
-19
-9
11
7
6
29
24
14
11
34
57
44
39
51
57
53
38
24
28
36
34
32
33
35
27
17
16
21
17
12
14
15
16
9
18
26
15
27
54
73
63
41
54
46
15
-2
6
26
25
6
-3
17
30
21
14
31
67
73
54
49
63
70
62
55
65
75
59
35
20
32
41
25
15
27
40
38
27
15
22
19
17
10
6
13
11
-6
-16
-10
-10
-12
-31
-27
-30
-45
-55
-57
-51
-54
-60
-58
-45
-55
-62
-52
-39
-49
-47
-37
-42
-66
-89
-77
-74
-77
-69
-52
-38
-24
-22
-22
-29
-29
-20
-9
-3
-3
-3
-7
-9
-14
-3
10
2
-16
-20
-9
-6
-12
-13
10
25
24
12
16
26
26
11
4
25
28
15
4
13
29
34
22
10
12
13
6
-10
-6
4
9
5
3
-4
-12
-18
-22
-17
-16
-5
-7
-21
-24
-17
-21
-23
-9
8
15
4
-6
6
12
5
5
12
26
26
19
12
24
32
34
34
35
49
43
26
21
31
27
21
17
29
38
30
23
13
6
8
13
8
6
1
-1
-8
-26
-33
-37
-44
-58
-69
-71
-66
-76
-90
-82
-64
-61
-63
-66
-55
-49
-64
-64
-51
-38
-34
-36
-40
-35
-36
-40
-38
-39
-29
-22
-22
-25
-24
-17
-11
-7
5
22
27
27
24
31
41
52
53
53
58
59
57
54
60
70
70
67
73
82
83
71
65
68
70
63
60
60
58
57
46
36
33
37
31
26
27
31
27
20
20
15
7
1
-4
-12
-12
-14
-24
-36
-36
-30
-28
-31
-32
-33
-39
-46
-46
-44
-41
-42
-45
-38
-33
-32
-32
-26
-16
-13
-19
-18
-9
-5
-6
-13
-9
-10
-17
-22
-21
-24
-32
-30
-28
-23
-26
-31
-34
-33
-24
-9
-8
-16
-9
-9
-11
-11
-8
-7
-13
-21
-19
-19
-27
-23
-27
-30
-26
-24
-26
-31
-35
-23
-9
-7
-8
-5
-1
-3
-8
-9
-1
0
-4
-8
-10
-6
6
11
15
26
32
35
32
36
44
47
46
52
57
62
64
55
51
55
60
62
66
66
67
67
67
70
67
67
75
73
61
56
49
40
29
23
22
18
5
2
1
-5
-14
-27
-32
-31
-33
-31
-34
-40
-45
-46
-46
-42
-41
-43
-43
-43
-41
-46
-54
-53
-48
-49
-46
-38
-37
-43
-50
-44
-33
-32
-34
-29
-26
-23
-20
-19
-11
3
5
5
6
12
18
15
11
15
16
14
17
17
20
17
10
11
17
18
19
18
16
20
24
23
22
22
23
19
10
7
9
1
-7
-8
-11
-10
-13
-18
-17
-15
-17
-23
-29
-27
-23
-27
-33
-34
-34
-32
-33
-36
-33
-30
-32
-29
-22
-12
-8
-12
-4
9
16
17
19
21
29
30
28
30
33
37
40
38
41
46
45
41
44
50
58
54
46
51
56
49
42
40
42
42
34
29
25
17
12
9
6
11
10
2
0
0
-1
-6
-13
-13
-10
-15
-19
-23
-30
-29
-28
-28
-26
-23
-20
-19
-24
-26
-22
-21
-23
-22
-21
-20
-23
-28
-29
-30
-30
-29
-30
-29
-25
-23
-20
-13
-7
-2
0
2
7
5
1
2
4
5
5
4
9
14
12
10
12
15
19
15
10
13
10
1
-2
2
0
-7
-13
-14
-18
-28
-29
-28
-29
-29
-25
-24
-28
-31
-29
-29
-32
-34
-36
-38
-43
-45
-45
-45
-43
-40
-35
-28
-22
-19
-18
-16
-7
2
5
7
12
15
19
21
21
23
26
29
32
32
31
35
37
41
45
48
53
53
53
54
54
52
48
43
39
43
45
40
39
41
45
45
43
38
39
40
37
32
27
26
23
15
8
3
-3
-11
-18
-20
-21
-23
-25
-23
-20
-19
-19
-18
-16
-16
-17
-23
-28
-31
-35
-39
-42
-44
-42
-41
-40
-36
-30
-27
-23
-20
-15
-12
-13
-14
-10
-5
-3
-3
-4
-1
0
-3
-5
-2
1
0
-1
4
8
8
3
1
3
7
3
-5
-9
-7
-6
-10
-16
-17
-14
-12
-15
-18
-13
-9
-13
-20
-18
-13
-15
-23
-25
-21
-20
-23
-22
-22
-21
-20
-20
-18
-17
-11
-5
1
2
5
10
11
11
11
11
8
5
7
13
12
11
12
18
22
24
29
30
28
29
33
37
37
36
34
35
36
38
33
29
33
34
31
30
29
28
29
25
21
20
16
11
4
1
-4
-10
-16
