91
102
120
127
148
153
172
180
199
207
219
229
234
239
235
235
226
224
213
204
195
187
178
172
163
156
146
136
124
114
101
89
80
71
65
59
56
50
44
39
35
28
16
6
-8
-26
-42
-60
-76
-92
-105
-118
-135
-147
-168
-180
-201
-213
-232
-245
-259
-267
-271
-276
-268
-270
-253
-252
-238
-234
-223
-222
-219
-216
-222
-213
-226
-213
-222
-209
-215
-205
-203
-202
-194
-200
-180
-186
-163
-161
-135
-115
-80
-37
-6
44
71
119
145
184
205
235
259
283
308
325
349
367
387
400
407
406
408
400
382
359
338
305
284
250
229
209
192
181
161
148
121
111
96
90
71
67
65
71
79
89
98
101
103
99
101
88
76
52
35
9
-12
-33
-45
-59
-83
-102
-120
-136
-161
-181
-203
-236
-261
-285
-306
-321
-344
-356
-365
-357
-353
-339
-324
-316
-299
-291
-267
-260
-250
-244
-225
-213
-203
-199
-196
-201
-203
-212
-233
-234
-244
-232
-230
-203
-174
-134
-95
-43
9
64
128
171
212
236
281
306
323
331
334
352
364
382
391
394
394
393
370
353
324
289
261
223
201
164
124
85
54
28
-2
-23
-44
-46
-43
-46
-44
-42
-23
6
31
41
58
88
115
130
142
162
157
181
192
217
212
221
208
205
202
201
210
191
192
144
136
102
91
54
30
0
-35
-47
-66
-80
-107
-104
-101
-94
-98
-91
-94
-72
-59
-35
-30
-24
-9
-1
12
8
11
4
-5
-23
-18
-38
-55
-73
-85
-111
-135
-147
-186
-214
-247
-271
-295
-317
-344
-368
-387
-399
-435
-458
-502
-540
-577
-609
-672
-719
-782
-763
-628
-468
-343
-278
-110
-37
115
240
364
343
326
346
375
448
418
408
292
337
346
461
520
517
417
293
324
293
248
141
77
-28
-71
-21
3
-57
-119
-148
-139
-115
-62
-84
-89
-71
-17
75
156
258
246
277
325
405
426
435
418
360
343
351
368
333
308
264
237
233
233
201
152
90
31
-14
-32
-67
-132
-172
-200
-227
-233
-192
-181
-160
-158
-102
-52
-2
53
70
113
140
194
226
256
253
255
249
257
234
214
187
155
166
156
167
132
86
33
11
-2
-24
-64
-112
-149
-182
-198
-211
-235
-261
-282
-274
-252
-237
-231
-241
-219
-224
-206
-220
-247
-272
-304
-307
-331
-340
-381
-418
-453
-486
-513
-539
-555
-599
-616
-636
-649
-693
-727
-763
-768
-677
-563
-465
-400
-266
-167
-31
113
256
279
254
282
331
405
433
442
371
368
400
498
578
647
622
547
547
534
471
377
308
212
147
163
195
143
78
43
37
34
50
21
-1
-6
20
56
115
182
165
174
200
247
249
257
247
198
157
148
144
146
139
112
98
101
130
128
109
78
52
34
31
12
-23
-81
-109
-112
-108
-95
-98
-103
-104
-76
-40
-4
13
-2
-28
-44
-43
-56
-66
-76
-92
-93
-107
-96
-99
-110
-114
-101
-76
-72
-75
-73
-67
-65
-56
-51
-51
-45
-19
-12
4
31
51
67
75
82
82
81
83
74
37
15
1
-23
-52
-88
-120
-153
-173
-191
-218
-245
-275
-314
-346
-382
-413
-463
-515
-548
-572
-583
-548
-493
-460
-433
-346
-239
-143
15
150
242
269
326
375
374
397
405
381
337
320
317
315
354
382
376
375
383
363
305
253
195
130
72
56
19
-25
-53
-78
-96
-119
-125
-136
-137
-100
-64
-17
49
99
155
175
209
219
212
225
201
176
137
126
113
119
118
115
105
87
98
97
108
95
92
82
58
44
13
-38
-91
-122
-138
-153
-160
-138
-126
-100
-74
-15
44
91
131
135
154
153
136
98
41
-8
-43
-58
-60
-55
-69
-67
-40
-15
15
20
33
23
35
49
34
11
-32
-38
-34
-25
-23
-34
-41
-46
-31
-2
6
-11
-25
-28
-31
-23
-42
-77
-120
-170
-199
-250
-281
-321
-348
-349
-352
-337
-339
-342
-340
-347
-353
-382
-412
-450
-470
-499
-496
-471
-447
-406
-340
-202
-117
34
197
315
379
428
506
494
485
471
461
408
380
361
322
344
360
374
392
425
420
363
328
305
249
168
130
76
-6
-64
-117
-161
-200
-211
-223
-234
-192
-141
-96
-24
38
56
60
96
126
120
109
76
32
7
17
12
1
-1
12
42
83
125
118
104
99
97
101
75
39
-15
-74
-104
-140
-151
-171
-180
-193
-173
-123
-74
-6
21
87
106
172
208
191
210
151
142
78
58
34
-15
-5
-26
-6
8
48
56
88
108
139
152
118
135
59
35
-10
-50
-65
-128
-132
-148
-134
-122
-108
-99
-100
-82
-85
-83
-107
-130
-160
-188
-203
-213
-228
-272
-292
-293
-294
-291
-308
-316
-323
-325
-317
-323
-332
-364
-426
-458
-479
-514
-498
-476
-448
-426
-320
-183
-85
86
248
373
421
519
579
559
545
505
467
387
382
333
295
324
355
365
344
396
370
329
299
255
167
69
25
-77
-163
-229
-274
-321
-351
-308
-287
-237
-147
-75
-8
61
143
172
207
235
240
244
219
207
163
153
154
151
164
175
186
199
244
267
252
229
194
161
108
60
9
-56
-126
-185
-231
-288
-294
-308
-297
-263
-177
-111
-57
31
81
120
144
212
210
208
192
162
170
142
150
113
116
117
141
177
211
262
253
276
280
296
246
201
153
56
12
-46
-80
-145
-166
-175
-185
-150
-138
-117
-135
-113
-119
-140
-153
-180
-201
-238
-250
-271
-295
-314
-329
-356
-358
-334
-342
-350
-347
-358
-356
-361
-369
-402
-453
-480
-554
-590
-645
-605
-547
-534
-497
-400
-217
-161
36
219
342
357
422
551
497
509
471
469
387
373
388
330
352
366
372
327
401
390
310
272
222
160
31
1
-93
-218
-272
-304
-309
-337
-281
-244
-195
-75
46
131
184
269
284
301
326
334
283
248
262
223
208
199
202
200
216
254
262
249
237
214
175
129
67
-2
-82
-135
-204
-287
-350
-386
-405
-418
-396
-348
-293
-240
-167
-33
-7
71
121
224
216
245
309
260
277
197
254
138
386
306
293
346
219
270
112
283
190
136
49
-5
-74
-168
-157
-203
-192
-240
-251
-291
-306
-299
-277
-281
-231
-197
-146
-71
-3
12
25
20
-20
-36
-106
-133
-196
-248
-266
-308
-303
-352
-354
-371
-411
-440
-556
-647
-751
-886
-964
-1073
-1159
-974
-811
-660
-607
-192
145
220
647
956
1147
945
1173
1231
992
883
729
628
319
480
387
283
285
317
244
68
238
66
-154
-298
-368
-577
-791
-757
-901
-1010
-908
-734
-614
-442
-119
59
265
554
795
880
921
1020
958
916
878
809
638
567
548
447
405
389
351
256
204
175
69
-74
-166
-292
-446
-552
-624
-703
-760
-743
-716
-673
-561
-438
-340
-212
-67
84
182
290
424
516
583
642
749
782
747
840
810
750
642
527
428
216
123
-28
-127
-213
-262
-284
-306
-268
-258
-219
-201
-146
-174
-185
-163
-199
-207
-220
-192
-173
-136
-67
-14
51
98
132
140
112
67
4
-82
-173
-284
-396
-491
-552
-620
-653
-686
-700
-718
-706
-737
-803
-891
-955
-1107
-1183
-1437
-1414
-932
-723
-475
-482
502
619
822
1485
1800
1825
1158
1733
1302
1038
639
519
180
-179
271
-19
21
-32
199
-190
-239
-60
-441
-842
-1025
-1026
-1332
-1350
-1094
-1129
-989
-519
-116
179
511
978
1029
1174
1440
1560
1392
1285
1255
1080
976
954
823
622
596
546
363
227
164
-101
-329
-477
-520
-731
-872
-885
-911
-861
-810
-650
-595
-460
-332
-265
-155
-71
2
18
99
213
246
313
321
492
508
512
562
603
652
413
571
412
271
120
56
-21
-240
-203
-338
-323
-404
-271
-304
-212
-115
-78
-9
-5
124
31
63
81
104
74
106
113
63
74
87
103
36
39
-14
-67
-146
-225
-319
-453
-505
-584
-599
-663
-672
-674
-700
-679
-734
-725
-837
-876
-1015
-1076
-1199
-1332
-1431
-1707
-1039
-498
-28
-118
584
1482
1185
1904
2355
2635
1575
1541
1663
880
562
213
149
-548
28
167
1
-72
144
-111
-775
-608
-883
-1507
-1917
-1717
-1771
-1700
-1153
-700
-520
164
859
1158
1376
1710
1715
1363
1435
1583
1394
1138
1114
1076
965
959
902
556
366
190
-135
-529
-668
-929
-1241
-1333
-1190
-1046
-1009
-728
-522
-250
-69
108
144
122
145
90
77
124
177
187
277
430
520
560
545
475
362
218
108
-76
-158
-271
-268
-224
-133
54
83
220
254
255
280
186
120
14
-2
21
27
146
263
363
414
459
475
419
328
203
41
-117
-217
-298
-335
-296
-262
-238
-189
-124
-146
-223
-280
-356
-449
-544
-576
-572
-577
-524
-425
-391
-346
-379
-359
-501
-643
-820
-1102
-1213
-1559
-1631
-1984
-1573
-701
-103
218
306
1666
1590
1793
2324
2612
1892
821
1289
671
323
-47
94
-366
-256
379
225
-49
-202
-227
-1118
-1337
-1390
-1766
-2298
-1989
-1552
-1228
-617
100
320
590
1220
1353
1353
1367
1461
1078
1062
1430
1598
1505
1429
1417
1249
1035
735
140
-446
-842
-1173
-1517
-1550
-1421
-1380
-1164
-771
-278
-105
59
166
246
230
155
108
-4
1
82
202
365
508
591
604
567
525
341
75
-197
-313
-389
-520
-452
-301
-132
-76
157
351
229
307
187
140
39
7
23
-56
181
349
475
531
650
649
543
402
259
53
-168
-260
-373
-364
-267
-203
-154
-41
77
32
-73
-101
-228
-365
-467
-436
-399
-334
-231
-124
14
50
10
-171
-283
-474
-683
-875
-1012
-1105
-1269
-1227
-1346
-1409
-1545
-1685
-954
-102
424
180
748
1743
1542
2028
2654
2790
1511
1180
1464
754
244
-28
-126
-789
-304
37
-246
-634
-490
-809
-1497
-1366
-1347
-1782
-2086
-1463
-1102
-678
-89
439
476
974
1481
1486
1466
1547
1539
1149
1360
1676
1675
1371
1181
996
703
376
-103
-736
-1127
-1298
-1508
-1561
-1326
-1130
-997
-675
-192
137
189
307
322
353
332
322
273
262
327
380
468
516
497
336
165
30
-135
-321
-523
-665
-741
-673
-347
-287
-8
124
458
489
525
820
481
517
279
403
254
197
269
218
327
341
439
323
352
145
32
-158
-209
-356
-472
-402
-373
-307
-260
-173
-180
-167
-172
-225
-330
-325
-378
-388
-338
-286
-275
-259
-176
-131
-223
-299
-493
-626
-813
-885
-981
-1276
-1307
-1405
-1376
-1618
-1785
-1669
-593
323
591
610
1607
2147
1769
2607
2982
2418
864
1112
892
74
-257
-277
-634
-1017
-127
-106
-461
-751
-447
-1276
-1705
-1476
-1418
-1924
-1779
-960
-564
111
778
1156
1029
1614
1869
1750
1581
1724
1490
1202
1505
1822
1683
1290
1042
655
257
-145
-656
-1322
-1561
-1581
-1559
-1381
-956
-689
-480
-96
352
485
459
491
452
464
452
512
451
453
505
516
438
309
101
-190
-487
-582
-682
-782
-809
-762
-584
-486
-186
-72
107
183
341
276
248
312
251
384
240
400
318
371
297
205
178
6
-89
-203
-178
-219
-213
-264
-176
-168
-151
-144
-191
-225
-293
-340
-381
-380
-342
-391
-361
-237
-150
-120
-189
-210
-300
-364
-417
-488
-551
-619
-625
-730
-698
-681
-773
-1004
-1192
-1332
-1668
-1762
-2016
-1119
72
733
707
1232
2592
2200
2535
2968
2859
1224
545
934
98
-359
-559
-396
-1026
-406
90
-246
-871
-803
-1055
-1920
-1837
-1583
-1646
-1772
-849
-194
398
959
1418
1222
1360
1639
1493
1250
1277
1366
1072
1284
1681
1841
1419
1080
643
144
-427
-957
-1504
-1781
-1681
-1525
-1225
-726
-274
-65
200
531
714
603
556
529
581
615
703
723
681
675
620
412
125
-184
-520
-821
-1020
-1054
-1021
-890
-713
-482
-208
112
284
426
383
524
486
452
422
368
551
473
582
447
493
386
223
67
-66
-84
-290
-289
-301
-175
-205
-160
-121
-74
-51
-125
-195
-286
-299
-373
-382
-357
-300
-335
-343
-244
-162
-188
-332
-393
-435
-459
-544
-611
-611
-615
-682
-775
-738
-743
-878
-1117
-1359
-1610
-1648
-1941
-1014
255
1056
830
1189
2639
2142
2453
2721
2720
922
273
794
42
-358
-522
-316
-1083
-374
107
-319
-1166
-1002
-1256
-2048
-1903
-1520
-1455
-1507
-407
228
787
1223
1595
1205
1310
1598
1495
1193
1260
1492
1188
1375
1603
1656
1132
702
173
-345
-772
-1191
-1628
-1660
-1283
-1012
-731
-246
158
265
370
580
689
563
599
672
852
957
1066
977
797
607
379
35
-346
-655
-942
-1097
-1182
-1081
-861
-616
-493
-296
-143
141
186
285
297
310
496
514
592
603
648
558
532
418
291
77
-29
-185
-277
-215
-237
-269
-286
-173
-107
-126
-202
-178
-208
-178
-250
-284
-273
-251
-300
-368
-329
-374
-486
-530
-420
-435
-483
-578
-561
-565
-574
-647
-716
-709
-742
-867
-955
-867
-1029
-1095
-1387
-1288
-1647
-1200
455
1216
1204
821
2415
2141
1837
2693
2841
1520
-105
862
319
-284
-533
-323
-1127
-1110
-100
-334
-1112
-1413
-1090
-1907
-1806
-1389
-1103
-1385
-651
174
655
1205
1458
1205
942
1534
1577
1442
1237
1475
1256
1192
1464
1440
998
296
-98
-466
-715
-959
-1316
-1452
-1138
-650
-385
-147
162
280
346
488
826
838
728
764
1002
1175
1091
981
666
294
-19
-250
-538
-851
-992
-1054
-1057
-916
-685
-564
-564
-440
-280
-32
117
355
509
624
846
878
960
772
672
442
213
132
-2
-76
-173
-76
-44
-17
-51
-50
-147
-268
-333
-384
-329
-287
-147
-43
107
207
141
15
-79
-267
-522
-675
-734
-746
-708
-524
-399
-379
-388
-429
-518
-691
-936
-1032
-1146
-1125
-1120
-988
-921
-884
-931
-1024
-1238
-846
785
1467
1329
860
2389
2209
1696
2718
2941
1718
-219
853
287
-469
-764
-520
-1232
-1392
-209
-392
-1074
-1394
-1008
-1887
-1781
-1300
-974
-1310
-598
250
650
1279
1609
1326
871
1443
1594
1476
1224
1372
1077
934
1145
1161
692
-14
-457
-725
-839
-912
-1133
-1305
-1001
-577
-244
-55
193
273
332
447
794
984
919
797
871
1068
997
823
424
-15
-374
-549
-702
-909
-955
-961
-897
-822
-541
-474
-290
-43
-46
232
348
790
458
721
995
662
494
197
320
-113
-122
-174
-142
-100
95
164
169
230
47
-83
-261
-166
-362
-408
-279
-56
52
139
218
179
107
-26
-230
-447
-563
-640
-683
-683
-566
-425
-355
-451
-592
-781
-844
-1047
-1190
-1227
-1076
-945
-995
-714
-645
-591
-940
-1002
-1034
220
1750
1976
1404
1747
2894
1902
2244
2716
2247
156
-127
626
-199
-542
-641
-597
-1444
-685
-289
-777
-1601
-1459
-1612
-1912
-1397
-989
-882
-727
211
462
931
1318
1348
765
864
1356
1535
1452
1324
1169
879
869
734
408
-205
-769
-1141
-1126
-956
-846
-940
-779
-496
-219
-10
100
72
46
242
501
805
983
1101
1010
906
784
625
317
-221
-656
-855
-808
-741
-732
-670
-572
-519
-498
-489
-447
-423
-348
-1
388
912
1096
1105
1060
960
803
225
-99
-371
-528
-662
-531
-229
-35
173
292
325
188
96
-104
-273
-337
-239
-109
34
251
331
319
219
110
-98
-364
-558
-729
-704
-600
-432
-498
-519
-534
-598
-722
-967
-1078
-1348
-1321
-1354
-1127
-989
-764
-820
-823
-758
-809
-1045
-612
1426
2438
2527
1865
3016
2708
2067
2651
2593
1276
-727
191
97
-265
-584
-269
-878
-1229
-420
-375
-1045
-1749
-1596
-2006
-1480
-799
-345
-647
-56
590
679
885
1070
829
316
817
1392
1804
1789
1720
1196
859
833
509
-235
-959
-1304
-1397
-1140
-703
-513
-433
-218
-12
66
124
146
-53
40
427
948
1174
1311
1308
1153
863
431
-22
-468
-806
-1019
-975
-782
-494
-352
-229
-193
-98
-87
-227
-234
-163
77
207
569
913
952
920
729
442
-34
-335
-606
-717
-679
-486
-297
-151
128
244
246
38
-92
-213
-265
-210
-144
-72
19
163
201
130
4
-186
-325
-398
-439
-451
-487
-496
-465
-428
-567
-802
-1083
-1296
-1460
-1450
-1430
-1429
-1408
-1326
-1145
-1144
-1109
-1149
-1216
-1368
-1241
-649
1202
2820
3285
2603
2920
3211
1956
2299
2573
1925
-277
-75
697
62
-212
-271
-508
-1559
-996
-735
-1084
-1617
-1426
-1662
-1484
-424
119
-99
-138
532
410
552
884
952
372
620
1331
1813
2045
1928
1387
592
447
300
-101
-774
-1257
-1349
-1115
-611
-340
-307
-238
-134
-23
122
329
289
260
471
931
1286
1358
1220
858
488
191
-54
-372
-759
-903
-810
-595
-444
-373
-241
-272
-295
-344
92
372
542
578
791
1108
977
1176
839
601
85
-315
-526
-721
-585
-666
-527
-351
-59
7
57
58
-36
-174
-193
-58
-77
12
134
191
167
118
64
-127
-292
-337
-367
-299
-180
-140
-297
-429
-478
-658
-993
-1274
-1457
-1648
-1682
-1552
-1438
-1565
-1555
-1610
-1575
-1679
-1542
-1527
-1571
-1437
-588
2089
3376
3432
2521
3251
2774
1542
2585
2667
1445
-680
489
820
118
-256
-410
-1092
-1891
-1085
-962
-1117
-1481
-1304
-1617
-960
-68
133
-241
-16
412
327
703
923
828
395
788
1222
1668
1827
1687
1134
586
461
265
-64
-647
-1194
-1447
-1202
-709
-509
-477
-334
-200
36
278
575
566
645
814
1056
1250
1334
1261
827
397
30
-129
-380
-672
-876
-860
-733
-555
-400
-208
-264
-48
313
414
504
515
1004
829
1115
1301
937
583
95
-38
-573
-724
-811
-864
-772
-455
-181
-109
-5
-42
14
-26
12
-32
11
159
152
166
220
160
-121
-323
-284
-228
-166
-145
-40
-8
-66
-156
-303
-479
-921
-1310
-1502
-1509
-1445
-1457
-1461
-1488
-1570
-1576
-1599
-1555
-1710
-1778
-1724
-1564
-1181
837
3017
3396
2558
2623
3283
1650
2000
3077
2649
433
67
1398
420
-101
-288
-486
-1714
-1444
-715
-878
-1046
-1149
-1426
-1722
-653
-143
-293
-219
506
471
504
1142
1201
620
358
859
1131
1484
1655
1424
833
568
440
120
-327
-966
-1534
-1677
-1189
-723
-559
-401
-259
-214
-35
283
351
291
458
810
1154
1284
1398
1193
726
253
-73
-296
-624
-809
-928
-879
-778
-610
-387
-240
-197
-152
-27
178
334
637
976
1143
1224
1036
813
523
233
-138
-411
-458
-502
-546
-507
-395
-415
-474
-450
-353
-190
-55
-17
-5
169
238
93
-36
-22
-50
-289
-284
-81
37
-45
-110
-79
-131
-313
-520
-699
-850
-1009
-1238
-1321
-1257
-1417
-1544
-1722
-1757
-1878
-2026
-1784
-1791
-1564
-1648
-1662
-1289
634
2803
3181
2364
2364
2770
1572
2211
3499
2989
731
266
1320
496
-107
-190
-545
-1530
-1277
-416
-497
-716
-1058
-1551
-1821
-869
-167
-274
-114
458
603
694
1272
1200
616
327
809
1267
1666
1827
1416
900
631
497
157
-258
-868
-1431
-1577
-1178
-827
-722
-603
-544
-482
-222
170
326
324
364
684
1031
1150
1094
1013
766
331
159
140
-78
-414
-565
-651
-757
-683
-434
-315
-295
-153
72
322
538
635
652
868
964
826
695
674
561
129
-81
-73
-181
-359
-446
-349
-264
-218
-248
-273
-197
-114
-119
-156
-51
3
5
42
168
220
91
-23
4
88
98
42
-9
6
-49
-179
-447
-634
-800
-1029
-1298
-1372
-1390
-1580
-1760
-1879
-1818
-1870
-2000
-1966
-1784
-1463
-1511
-1032
1091
2669
2668
1671
2165
2149
1106
2288
3613
2809
729
824
1202
-66
-450
-9
-562
-1388
-931
-40
-439
-688
-912
-1760
-2040
-1232
-254
-206
283
641
453
452
965
953
482
552
948
1384
1897
2417
1943
1042
526
316
18
-354
-689
-1117
-1400
-1331
-989
-862
-819
-907
-918
-606
-99
287
418
548
702
851
858
992
1005
758
335
219
353
202
-112
-264
-318
-562
-508
-174
-133
-330
-450
-279
-105
106
326
233
402
569
562
623
686
612
197
-39
45
-7
-43
-8
49
38
-48
-40
-97
-115
-197
-294
-353
-303
-229
-240
-171
-122
-151
-163
-72
50
111
126
141
67
-31
-134
-303
-565
-722
-788
-811
-956
-1065
-1130
-1397
-1670
-1959
-1945
-1929
-1894
-1843
-1762
-1560
-1682
-792
1059
2394
2008
1310
1914
1575
1186
2501
3758
2388
788
1136
1125
-212
-282
524
-230
-877
-463
54
-746
-1069
-1090
-1732
-1937
-1323
-475
-192
311
438
31
-100
224
251
395
1019
1395
1602
1851
2192
1818
1178
768
488
259
-51
-137
-291
-645
-1150
-1349
-1272
-1102
-1015
-877
-555
-340
-144
45
334
459
485
487
729
1026
954
645
505
490
109
-198
-132
125
70
-48
66
86
-78
-297
-181
-6
-60
-163
46
404
522
347
277
361
258
61
8
112
4
-97
-32
82
120
81
104
125
141
113
11
-79
-240
-419
-517
-434
-289
-274
-223
-93
-58
-158
-172
-87
-187
-335
-357
-330
-420
-527
-585
-779
-980
-1204
-1328
-1438
-1628
-1732
-1863
-1746
-1884
-1897
-1768
-1483
35
1409
2016
1316
1701
1817
1123
1617
3021
2972
1046
968
1156
218
-1030
-123
300
-544
-698
-127
-82
-984
-756
-600
-734
-911
-567
-76
420
826
581
308
310
316
226
791
1367
1418
1164
1220
1254
794
645
706
822
559
281
82
-189
-542
-979
-1014
-871
-794
-788
-371
52
108
-81
-116
-72
-125
34
285
515
492
389
297
183
4
-210
-266
-187
-29
134
278
278
180
138
179
210
193
174
170
204
210
188
185
170
126
105
121
103
10
-101
-157
-110
-81
-140
-44
216
325
235
177
187
8
-273
-397
-378
-396
-427
-269
-121
-124
-296
-405
-426
-421
-433
-488
-454
-457
-472
-566
-578
-723
-1000
-1244
-1352
-1367
-1491
-1419
-1593
-1673
-1926
-1861
-1908
-1306
99
1011
1057
607
1393
1076
832
1444
2596
2067
899
1520
1528
606
-373
446
411
-337
-350
188
6
-877
-605
-321
-372
-791
-645
-374
-287
-86
19
241
104
-47
-4
586
994
1014
1030
1179
1125
780
867
1132
1224
950
839
711
338
-35
-220
-238
-480
-705
-781
-543
-385
-390
-348
-327
-382
-504
-385
-239
-176
-213
-141
44
82
18
15
146
204
134
201
333
388
258
441
726
748
553
414
497
295
195
155
242
205
152
181
100
-70
-378
-526
-541
-440
-388
-270
-126
48
177
245
241
172
137
122
112
94
148
118
38
-51
-36
-69
-193
-226
-151
-153
-313
-439
-532
-597
-697
-727
-824
-936
-983
-1022
-1026
-1184
-1215
-1352
-1403
-1527
-1493
-1408
-1250
-608
-115
180
-99
165
178
121
313
730
890
369
622
799
826
352
441
589
310
340
570
853
402
371
599
636
404
258
454
257
166
255
462
332
16
-4
21
115
24
103
177
157
54
25
220
273
253
154
221
245
208
211
324
337
121
-21
100
312
323
314
311
272
161
191
297
253
62
-113
-118
-79
-52
-136
-231
-337
-467
-519
-459
-358
-404
-421
-210
78
167
152
218
282
250
254
380
493
552
571
641
617
449
224
102
9
-76
-101
-60
45
100
150
140
161
124
44
-4
24
50
-93
-233
-262
-269
-409
-462
-424
-432
-490
-507
-442
-481
-558
-637
-702
-722
-752
-717
-667
-638
-689
-817
-891
-993
-1175
-1338
-1386
-1134
-868
-632
-593
-574
-457
-471
-173
50
352
248
301
576
784
949
715
888
818
890
963
1248
1375
989
970
960
1086
763
638
627
449
340
245
467
190
-119
-240
-148
-149
-334
-182
-169
-253
-441
-352
-209
-179
-116
-84
59
55
124
172
293
279
150
97
210
418
463
509
483
418
294
312
353
198
-15
-112
-58
-83
-121
-165
-278
-423
-548
-534
-542
-553
-562
-504
-341
-193
-13
40
133
216
274
308
373
534
561
618
659
670
543
420
377
284
202
114
117
101
101
132
156
167
160
157
116
77
46
16
-22
-127
-240
-345
-381
-399
-416
-423
-457
-468
-470
-449
-482
-522
-580
-619
-586
-564
-530
-565
-629
-769
-858
-907
-1006
-1147
-1236
-906
-642
-556
-679
-559
-471
-409
-51
232
432
251
483
627
850
910
874
963
847
1023
1046
1322
1156
902
835
826
842
542
537
336
183
102
153
195
-106
-198
-253
-165
-235
-277
-216
-278
-333
-453
-278
-133
-62
-93
-6
177
161
201
353
488
321
227
338
461
490
484
509
396
272
201
242
191
-39
-235
-245
-180
-299
-403
-433
-477
-586
-595
-475
-507
-592
-579
-375
-248
-155
-16
142
261
266
343
386
479
496
540
624
641
586
451
418
372
286
176
124
91
8
-25
-2
-5
-58
-71
-21
-25
-46
-19
2
-71
-198
-276
-349
-395
-405
-394
-451
-511
-561
-571
-542
-556
-585
-634
-577
-559
-551
-527
-547
-633
-788
-773
-816
-905
-1048
-1149
-923
-692
-526
-672
-679
-642
-609
-281
37
375
197
288
478
783
913
777
904
802
987
1092
1439
1394
1008
839
742
858
636
587
413
280
232
202
342
95
-110
-300
-180
-83
-137
-50
-74
-75
-259
-148
-8
-48
-94
-46
175
171
225
329
419
309
192
307
422
482
446
443
352
235
212
252
201
-62
-257
-282
-195
-245
-391
-459
-554
-632
-661
-585
-580
-654
-650
-509
-273
-179
-107
15
119
179
247
414
468
439
422
510
542
436
334
287
307
239
216
175
120
17
-37
1
-4
-36
-98
-27
32
72
60
57
-3
-142
-174
-188
-171
-251
-277
-284
-314
-374
-430
-357
-351
-387
-422
-342
-284
-339
-337
-334
-353
-480
-550
-559
-632
-812
-1005
-1049
-1082
-878
-648
-536
-686
-722
-597
-445
-134
95
311
254
441
661
879
905
874
1001
1000
1157
1261
1487
1276
928
803
810
819
591
561
400
263
178
212
211
-116
-292
-324
-165
-165
-177
-97
-116
-192
-276
-95
-2
-34
-45
63
203
194
262
370
443
327
244
340
414
372
277
340
348
221
98
98
65
-144
-292
-303
-285
-398
-447
-397
-439
-555
-586
-472
-410
-399
-316
-144
-14
29
76
165
238
277
323
438
507
500
443
438
424
314
231
213
228
139
92
108
101
55
-16
-31
-69
-72
-37
41
95
53
-44
-138
-140
-194
-273
-299
-291
-319
-387
-416
-444
-489
-541
-545
-503
-498
-488
-465
-454
-446
-457
-491
-559
-642
-700
-742
-812
-938
-1038
-1089
-1121
-899
-629
-507
-681
-735
-601
-460
-157
120
387
307
421
602
819
925
913
1113
1154
1307
1315
1458
1328
958
790
738
814
588
518
436
295
160
46
114
-96
-246
-320
-214
-180
-299
-210
-163
-158
-342
-307
-139
-71
-35
13
153
86
101
260
402
278
88
139
281
389
341
305
209
109
60
70
24
-219
-411
-394
-251
-259
-356
-409
-478
-517
-485
-319
-259
-250
-197
-66
64
55
114
146
260
309
395
499
515
542
481
498
392
283
247
278
287
190
192
170
162
84
35
6
-81
-48
13
74
-22
-134
-167
-183
-166
-215
-264
-344
-358
-313
-281
-308
-426
-517
-514
-424
-378
-402
-454
-459
-389
-344
-397
-530
-647
-695
-702
-703
-741
-888
-1008
-1018
-852
-561
-426
-477
-629
-511
-364
-157
60
238
330
311
561
722
898
849
927
1051
1108
1212
1227
1319
1017
789
693
699
589
400
398
234
139
57
111
39
-166
-247
-281
-198
-260
-211
-156
-162
-245
-296
-143
-80
-29
-3
112
119
78
211
364
386
232
220
315
407
393
359
324
186
101
78
96
-11
-163
-235
-200
-178
-237
-272
-300
-314
-372
-314
-238
-216
-229
-183
-90
-72
-19
77
222
266
276
360
453
436
378
363
328
262
244
329
361
284
163
121
108
81
47
39
40
10
18
63
50
-71
-181
-193
-161
-173
-192
-201
-228
-250
-248
-257
-337
-433
-426
-335
-252
-246
-272
-304
-309
-322
-337
-363
-480
-563
-596
-542
-587
-682
-761
-794
-814
-837
-632
-470
-389
-440
-320
-187
-108
41
225
442
423
561
673
831
844
858
991
974
1003
978
1080
923
709
615
575
520
308
281
199
135
43
-4
-47
-243
-337
-373
-285
-325
-362
-324
-281
-300
-386
-292
-218
-160
-140
-12
98
80
149
260
320
183
120
185
253
260
216
172
66
-1
-1
39
-31
-206
-303
-254
-189
-199
-211
-241
-307
-349
-292
-220
-218
-257
-210
-94
-25
12
85
185
183
158
217
294
279
246
287
296
262
239
272
281
210
134
132
187
194
149
88
22
-65
-88
-62
-65
-153
-264
-266
-227
-226
-280
-332
-359
-394
-357
-304
-299
-361
-403
-334
-268
-258
-329
-385
-428
-432
-393
-402
-458
-574
-627
-605
-590
-643
-742
-770
-755
-619
-395
-238
-238
-313
-243
-133
68
262
456
527
544
661
764
896
879
937
1002
1058
1086
1110
1128
905
729
650
677
576
440
400
265
134
2
-13
-113
-261
-323
-290
-212
-258
-231
-185
-187
-310
-345
-204
-105
-41
31
148
155
141
229
305
239
88
92
189
256
236
180
74
-69
-116
-91
-62
-169
-266
-240
-133
-80
-108
-163
-254
-340
-354
-260
-193
-171
-167
-98
-26
20
66
114
158
157
194
278
356
349
334
317
282
256
267
308
282
248
243
261
253
197
133
49
-43
-104
-85
-56
-105
-210
-260
-240
-239
-259
-277
-303
-344
-339
-264
-234
-280
-349
-370
-326
-296
-304
-333
-348
-343
-347
-361
-406
-485
-540
-542
-522
-551
-633
-659
-656
-612
-554
-472
-351
-256
-193
-177
-82
-19
49
213
415
526
533
609
695
760
777
808
842
859
920
974
1014
872
696
611
579
519
377
309
220
120
49
22
-25
-167
-242
-228
-164
-205
-241
-207
-211
-249
-238
-122
-73
-52
-30
36
82
68
108
149
127
56
72
129
98
22
-6
-27
-55
-21
31
22
-51
-96
-99
-65
-46
-93
-158
-184
-190
-205
-142
-106
-129
-149
-104
-46
-56
-30
-13
37
85
155
218
236
218
173
181
212
233
223
224
201
163
125
84
48
-26
-90
-120
-141
-125
-123
-143
-205
-279
-314
-322
-302
-316
-345
-359
-332
-306
-294
-297
-322
-335
-301
-254
-217
-219
-265
-312
-307
-289
-331
-389
-462
-505
-532
-503
-492
-518
-555
-548
-507
-524
-538
-518
-453
-391
-256
-131
-84
-41
69
211
361
489
568
595
632
719
777
821
810
817
821
851
855
838
765
623
529
479
451
348
282
241
159
64
-6
-26
-109
-161
-165
-138
-117
-148
-129
-118
-113
-131
-115
-54
4
69
127
192
169
140
166
192
165
101
98
121
159
179
172
152
102
70
40
24
-13
-63
-39
-13
-22
-100
-123
-132
-149
-139
-122
-73
-75
-33
1
25
0
-31
40
101
141
163
217
232
214
203
175
139
75
82
105
106
72
18
9
-39
-67
-78
-79
-133
-195
-189
-186
-186
-205
-207
-217
-213
-185
-173
-186
-216
-223
-224
-238
-277
-333
-351
-366
-375
-411
-458
-477
-505
-505
-510
-538
-572
-584
-542
-501
-480
-480
-478
-460
-428
-377
-321
-210
-112
-15
43
120
186
231
354
452
548
558
611
662
674
686
652
664
614
599
588
607
543
379
316
274
201
87
57
4
-92
-133
-119
-137
-234
-268
-262
-232
-252
-279
-243
-200
-169
-152
-83
-50
-56
-25
60
118
103
121
163
189
162
145
160
164
157
158
176
151
115
96
91
86
39
-4
-23
-25
-42
-36
8
2
15
41
87
113
106
115
120
152
155
191
224
243
257
268
266
199
159
116
96
81
61
59
49
30
9
-24
-70
-110
-151
-152
-150
-165
-183
-188
-178
-185
-205
-198
-177
-163
-149
-160
-184
-210
-225
-208
-214
-256
-295
-301
-289
-299
-288
-286
-322
-363
-382
-387
-407
-402
-375
-340
-313
-301
-260
-218
-185
-141
-85
-12
58
121
161
200
262
297
338
410
456
481
506
535
530
518
497
463
423
391
380
370
336
248
175
135
92
36
-17
-80
-139
-134
-123
-144
-179
-216
-219
-205
-162
-130
-112
-102
-134
-124
-77
-34
-26
3
67
106
132
157
145
97
60
80
122
121
111
103
106
109
82
66
34
-3
-25
-25
21
42
50
50
53
24
7
40
71
84
80
112
145
168
180
172
147
125
127
137
158
130
80
40
21
6
-29
-48
-74
-104
-119
-113
-127
-145
-171
-188
-167
-169
-174
-184
-191
-200
-205
-168
-137
-143
-179
-193
-196
-237
-275
-277
-283
-304
-289
-257
-245
-250
-251
-242
-252
-277
-278
-261
-246
-237
-226
-209
-183
-149
-110
-49
-5
23
48
98
145
186
234
264
278
301
353
396
425
435
439
455
467
451
413
389
361
347
337
310
308
293
268
236
190
136
72
53
41
33
16
6
-17
-42
-47
-62
-77
-91
-95
-112
-122
-113
-99
-72
-34
-3
-6
3
19
35
66
68
62
51
36
15
-23
-55
-80
-91
-101
-102
-114
-127
-129
-115
-87
-91
-97
-94
-64
-30
-8
5
-1
-9
-25
-13
-13
-29
-59
-90
-113
-124
-120
-117
-125
-144
-149
-161
-169
-185
-191
-187
-206
-199
-197
-197
-202
-198
-199
-201
-195
-177
-135
-120
-117
-89
-69
-42
-16
-8
9
31
68
98
105
106
95
83
87
100
97
95
110
116
127
135
164
174
162
155
139
164
176
196
218
252
266
255
271
261
259
262
288
310
315
344
358
374
376
360
334
309
308
281
243
210
184
159
131
113
71
17
-18
-32
-56
-97
-137
-175
-198
-219
-246
-285
-321
-344
-354
-360
-366
-361
-375
-367
-357
-346
-342
-347
-335
-307
-273
-253
-242
-228
-223
-209
-196
-188
-192
-203
-194
-164
-144
-135
-125
-126
-112
-97
-93
-93
-92
-80
-63
-40
-21
-1
4
7
28
47
61
60
53
40
28
37
29
9
-25
-42
-56
-63
-57
-60
-70
-80
-75
-74
-73
-64
-42
-30
-24
-14
5
17
31
45
60
83
87
97
99
109
104
96
118
141
156
146
142
137
128
132
137
136
100
77
73
83
81
45
16
-2
2
27
65
71
71
87
109
140
153
171
206
239
270
306
335
345
360
372
365
359
347
344
333
311
298
274
229
190
161
111
68
18
-22
-58
-88
-122
-169
-218
-259
-290
-331
-347
-374
-398
-412
-421
-416
-427
-424
-417
-395
-370
-356
-347
-334
-311
-298
-277
-265
-253
-234
-204
-190
-193
-185
-186
-167
-155
-147
-122
-99
-68
-54
-29
-5
25
57
66
78
88
107
127
141
155
155
163
181
193
202
196
196
204
215
214
213
206
191
180
187
189
163
143
115
103
90
86
74
48
36
32
52
52
53
55
50
61
76
82
87
91
94
99
101
100
100
97
100
105
98
73
54
40
28
16
-11
-18
-26
-30
-35
-41
-55
-53
-61
-69
-65
-73
-70
-60
-38
-29
-25
-25
-6
21
29
40
49
50
53
54
60
54
29
20
25
17
-11
-38
-67
-94
-124
-163
-198
-230
-260
-288
-306
-331
-352
-374
-378
-379
-377
-375
-384
-370
-353
-328
-305
-294
-289
-285
-263
-237
-206
-183
-163
-135
-111
-82
-56
-23
16
54
81
91
116
135
136
142
147
160
176
202
230
243
251
260
278
301
318
319
341
358
365
362
360
353
338
333
318
310
293
277
258
238
214
187
180
174
149
113
86
69
68
59
35
10
-17
-39
-48
-47
-48
-64
-74
-62
-55
-46
-59
-70
-71
-72
-67
-61
-64
-80
-97
-96
-91
-97
-102
-105
-110
-113
-118
-135
-144
-139
-137
-125
-116
-118
-118
-130
-127
-128
-123
-117
-108
-80
-64
-46
-35
-27
-4
13
23
49
61
67
70
62
62
63
66
51
36
29
16
4
-6
-23
-44
-59
-47
-42
-53
-72
-86
-100
-111
-108
-112
-119
-136
-155
-152
-133
-118
-114
-119
-106
-88
-73
-55
-32
-22
-22
-3
17
31
24
24
30
47
61
62
75
77
82
95
109
131
148
170
199
222
237
243
248
254
253
249
242
246
247
245
226
210
207
200
190
182
169
149
135
120
104
79
61
39
29
17
-18
-35
-50
-65
-91
-108
-108
-112
-114
-119
-111
-108
-112
-110
-104
-101
-105
-101
-97
-101
-100
-96
-101
-107
-112
-113
-113
-113
-127
-148
-159
-158
-155
-152
-163
-177
-166
-155
-141
-139
-144
-132
-121
-117
-107
-96
-99
-82
-65
-49
-31
-20
1
21
23
29
36
40
43
41
41
43
44
42
41
31
20
10
4
-13
-30
-44
-58
-57
-62
-79
-97
-99
-102
-93
-93
-88
-93
-103
-94
-81
-66
-61
-48
-43
-36
-28
-27
-23
-22
-15
2
13
28
51
60
70
91
106
107
112
120
141
162
169
172
178
190
198
204
202
202
209
216
217
216
209
193
185
185
182
162
149
147
144
125
101
93
77
46
29
18
0
-22
-42
-56
-77
-105
-127
-132
-144
-154
-163
-171
-166
-178
-195
-196
-191
-201
-195
-178
-161
-148
-146
-142
-141
-138
-125
-115
-108
-95
-82
-75
-65
-49
-44
-52
-52
-33
-22
-21
-12
-3
0
1
3
7
8
6
7
17
37
53
54
62
76
91
111
124
139
137
122
124
128
128
116
108
107
103
99
93
88
82
66
53
43
25
3
-3
-11
-28
-45
-63
-75
-86
-94
-109
-117
-112
-113
-113
-115
-121
-123
-130
-126
-107
-98
-99
-93
-87
-79
-70
-66
-58
-48
-26
-10
-10
-8
7
12
19
49
58
58
59
68
87
99
99
105
121
128
134
139
142
139
131
127
124
122
113
104
99
92
83
76
71
58
38
19
-1
-17
-24
-37
-51
-65
-75
-84
-86
-92
-99
-110
-119
-113
-114
-113
-113
-108
-96
-89
-86
-81
-78
-76
-71
-59
-47
-44
-41
-33
-29
-28
-27
-28
-18
-8
-2
0
4
9
5
6
15
27
30
29
44
45
43
38
46
61
70
83
92
99
107
106
113
119
119
123
123
127
128
120
109
101
97
94
87
84
79
63
52
39
29
15
-3
-16
-31
-45
-59
-69
-73
-81
-86
-91
-99
-98
-99
-95
-99
-93
-83
-70
-58
-49
-41
-38
-30
-22
-12
-17
-16
-12
-5
-4
-9
-6
0
7
17
27
26
30
44
52
56
60
49
44
44
41
53
51
41
35
32
31
26
19
10
3
-1
-9
-12
-24
-35
-43
-55
-61
-68
-71
-79
-83
-95
-101
-95
-98
-103
-104
-93
-78
-73
-68
-59
-60
-59
-52
-47
-34
-19
-14
-6
0
0
-4
-9
-8
2
12
22
32
36
36
40
45
36
28
20
16
21
21
15
13
17
15
26
36
50
62
70
82
86
85
79
79
85
88
86
76
65
59
55
48
44
44
43
37
32
31
15
8
5
-1
-4
-11
-15
-24
-39
-48
-52
-49
-48
-49
-54
-49
-43
-37
-28
-13
-12
-11
2
17
27
21
21
25
24
31
30
30
27
22
19
22
36
39
37
46
52
51
51
49
49
