-142
-135
-131
-125
-116
-104
-94
-85
-72
-60
-49
-35
-19
-3
16
38
60
83
103
128
152
175
197
223
246
268
288
304
320
329
336
340
342
338
333
326
312
298
278
259
235
213
187
162
135
109
84
59
34
14
-1
-16
-26
-35
-40
-45
-48
-52
-51
-49
-50
-44
-39
-33
-28
-24
-23
-28
-32
-39
-45
-55
-67
-76
-91
-105
-118
-137
-158
-175
-190
-206
-215
-229
-240
-253
-260
-271
-281
-287
-296
-297
-300
-293
-292
-288
-281
-274
-264
-256
-253
-244
-237
-232
-216
-209
-204
-191
-170
-155
-137
-104
-67
-29
6
38
78
108
134
179
211
250
294
331
361
391
418
441
450
463
476
475
467
451
441
408
365
317
272
231
190
159
132
103
69
47
12
-25
-46
-57
-62
-66
-48
-28
-21
-7
16
27
33
55
80
103
118
134
159
163
161
158
145
129
118
116
99
78
54
40
-4
-57
-89
-103
-133
-160
-180
-204
-226
-236
-245
-269
-275
-280
-276
-282
-268
-258
-247
-227
-223
-200
-192
-181
-161
-139
-124
-117
-113
-113
-120
-135
-138
-139
-148
-136
-126
-161
-177
-164
-189
-227
-237
-241
-255
-292
-285
-290
-328
-337
-333
-330
-332
-305
-260
-219
-172
-150
-127
-68
-69
-57
28
67
101
146
229
264
256
311
365
362
367
442
472
447
448
484
438
375
375
367
323
266
270
241
174
141
113
80
24
-1
9
-3
-33
-53
-23
-18
-53
-57
-49
-58
-55
-23
16
20
28
62
80
74
89
137
163
180
226
256
234
226
244
238
223
238
253
255
245
254
266
246
238
217
198
174
145
125
85
48
19
-11
-72
-111
-132
-148
-169
-183
-182
-199
-193
-248
-219
-211
-285
-246
-228
-200
-243
-223
-85
-223
-227
-128
-171
-187
-163
-100
-162
-149
-49
-147
-189
-118
-169
-203
-263
-150
-226
-357
-210
-182
-382
-363
-211
-307
-351
-320
-240
-330
-417
-280
-301
-376
-310
-212
-210
-297
-169
-158
-211
-86
-44
-3
14
92
171
178
193
283
325
321
367
443
427
430
524
486
486
471
478
446
400
409
407
365
292
254
224
159
135
148
120
89
67
91
77
11
29
51
9
-26
-7
33
-4
-16
36
56
33
22
75
68
55
114
158
151
136
146
169
132
118
137
139
126
124
155
139
92
103
118
89
54
50
33
-22
-47
-50
-84
-138
-159
-142
-183
-199
-238
-219
-207
-292
-295
-205
-202
-344
-230
-187
-298
-210
-185
-177
-133
-224
-212
-62
-216
-262
-6
-129
-191
-117
-29
-155
-213
-26
-52
-191
-81
8
-117
-185
-16
-89
-286
-145
-74
-257
-212
-135
-200
-258
-204
-224
-214
-154
-183
-70
-123
-129
-54
-118
-62
16
-17
-24
146
131
82
214
242
210
258
369
374
334
388
431
401
380
366
387
305
277
303
277
243
187
185
172
72
67
86
58
2
11
44
-13
-38
-24
-7
-23
-60
-18
-2
-18
-3
58
60
28
37
55
56
29
59
98
74
41
66
74
43
34
58
62
49
71
104
45
17
43
17
-13
-24
-14
-41
-65
-54
-49
-69
-114
-105
-98
-157
-193
-146
-132
-190
-208
-164
-174
-352
-147
-182
-250
-87
-271
16
-187
-240
94
-242
-120
-17
-75
-92
-128
109
-236
-57
-59
-203
64
-226
-119
25
-226
-131
-78
-136
-127
-232
-145
-123
-293
-283
-88
-256
-385
-199
-223
-398
-298
-184
-223
-184
-181
-131
-108
-208
-129
-22
-105
-82
50
130
51
125
226
188
274
256
388
427
335
412
484
423
378
434
451
373
347
378
363
298
261
292
231
171
180
169
133
99
75
101
73
22
40
54
23
28
86
98
58
103
121
94
64
75
91
63
34
68
99
77
76
93
97
45
47
79
71
28
17
41
32
-23
-13
-6
-50
-78
-26
7
-50
-46
-8
-73
-120
-121
-91
-151
-158
-44
-144
-177
-181
-84
-316
-203
-121
-244
-181
-194
-69
-292
-121
-53
-252
-109
-65
-123
-174
25
-128
-102
-134
-146
26
-458
82
-85
-331
123
-255
40
-157
-196
102
-355
-77
-74
-237
-87
-243
-164
-217
-312
-188
-311
-246
-314
-326
-261
-261
-221
-257
-160
-207
-276
-179
-162
-152
-106
-58
-49
107
25
85
227
150
315
300
429
462
410
540
468
451
431
436
492
408
445
472
395
364
332
318
255
211
225
178
172
121
115
117
66
42
55
46
-10
14
65
35
4
62
68
16
-16
23
18
-17
42
64
32
4
6
32
-6
-15
37
33
47
26
37
64
2
-1
11
-2
-38
-41
-2
-36
-65
-25
-49
-69
-77
-54
-81
-74
-79
-136
-47
-171
-135
-110
-178
-113
-117
-138
48
-217
-63
38
-323
30
-235
31
-161
-225
154
-300
-82
-42
-129
-124
-133
-123
7
-284
-97
48
-294
-45
-63
-151
-171
-78
-152
-140
-167
-213
-159
-215
-275
-214
-262
-363
-219
-383
-311
-227
-411
-231
-205
-313
-216
-200
-156
-249
-98
-61
-94
14
24
121
97
150
225
311
253
384
492
416
456
493
491
434
455
453
486
423
378
404
362
246
243
234
137
127
95
112
64
15
57
37
-1
-20
-4
-16
-30
-36
-9
-10
-48
-65
-50
-61
-108
-36
-28
-17
3
55
42
9
66
53
73
59
121
157
146
158
174
177
131
165
177
178
193
164
182
168
132
132
80
111
23
19
153
-69
74
48
-84
21
-150
-22
-80
-221
74
-222
-63
-82
-259
126
-396
-41
-76
-238
39
-356
60
-49
-479
103
-177
-280
10
-229
83
-192
-163
169
-379
-23
2
-270
-53
-103
-227
-103
-251
-241
-78
-429
-188
-170
-379
-234
-267
-322
-311
-302
-309
-254
-254
-319
-126
-286
-228
-122
-226
-78
-84
-132
8
83
54
127
182
256
231
353
437
388
499
472
501
503
444
426
492
366
337
405
263
207
200
159
124
76
54
91
34
-19
25
-3
-85
-111
-76
-92
-95
-58
-62
-42
-75
-91
-35
-68
-44
-32
-7
65
25
50
116
53
57
82
114
109
121
189
171
154
153
149
147
104
159
178
176
143
169
158
78
37
62
23
-22
-95
134
-67
-202
166
-204
-132
-89
-120
-65
-258
144
-225
-102
107
-396
202
-349
73
-97
-184
274
-401
293
-159
-60
157
-270
334
-271
148
173
-323
372
-321
84
89
-403
269
-296
-58
-77
-333
48
-468
-234
-155
-452
-309
-259
-363
-458
-281
-535
-378
-444
-514
-225
-508
-269
-263
-304
-253
-281
-110
-246
2
22
-60
177
113
168
163
274
338
245
479
494
443
517
428
489
390
348
451
335
325
301
270
211
115
66
52
-8
-44
-36
-43
-54
-121
-102
-135
-143
-160
-199
-30
-92
-133
44
-14
-34
1
28
75
41
57
218
147
136
176
194
161
83
208
211
203
192
259
267
160
234
208
183
186
218
242
186
191
151
139
93
-12
-4
181
-124
61
158
-249
110
-207
-73
-142
-175
53
-325
102
-182
-74
-117
-191
-5
-236
106
-333
117
78
-457
295
-324
25
-147
-116
153
-327
207
-252
-20
13
-412
231
-407
17
-171
-344
227
-544
-130
-63
-445
-196
-243
-249
-303
-344
-279
-307
-443
-327
-297
-474
-305
-473
-276
-252
-521
26
-320
-282
-19
-226
34
-39
179
48
190
382
138
390
341
360
462
382
569
477
491
434
444
435
339
348
365
331
173
280
178
55
56
-46
20
-91
-87
-30
-128
-70
-180
-100
-131
-177
-150
-127
-29
-143
-9
40
-95
24
17
23
69
81
113
154
92
109
169
28
104
182
123
168
174
157
154
101
110
102
114
66
169
202
25
159
120
32
-80
85
5
-55
31
-33
121
-346
63
-155
-236
-31
-245
93
-274
-9
-160
-125
-144
-288
100
-310
91
-170
-32
14
-402
138
-372
-31
-120
-190
159
-326
97
-190
-56
-186
-173
177
-430
98
-106
-301
-18
-481
-16
-355
-449
71
-575
-271
-195
-496
-356
-327
-401
-456
-219
-466
-321
-326
-409
-215
-485
-56
-199
-308
79
-127
-21
-40
154
169
92
317
285
433
267
473
561
402
605
604
655
554
577
653
472
515
474
458
399
330
272
209
181
-24
104
87
-27
51
8
-12
-99
-56
-65
-79
-54
-84
-13
-73
-33
9
-7
54
-9
57
74
47
121
82
125
118
89
113
106
155
128
188
222
164
199
189
102
134
129
97
166
74
96
122
54
-57
-36
11
-149
-72
-92
-64
-193
-200
-158
-259
-247
-246
-91
-352
-100
-219
-309
-129
-367
-40
-344
-29
-171
-129
-5
-168
29
-164
129
-190
77
15
-47
123
-228
207
-169
-126
12
-49
-101
-178
83
-272
-59
-235
-200
53
-441
-42
14
-493
-36
-280
-393
-107
-465
-225
-261
-379
-259
-383
-290
-318
-206
-203
-110
-111
-72
-31
-54
189
3
251
228
227
440
284
473
426
531
530
559
656
526
641
499
535
496
359
412
355
233
218
143
43
14
-40
-99
-69
-164
-151
-160
-245
-168
-206
-188
-157
-129
-108
-122
9
-27
0
136
16
111
196
111
189
135
169
220
104
118
249
197
119
248
254
174
157
213
238
106
165
173
114
77
111
76
-21
53
30
-101
0
-17
-186
-25
-158
-95
-314
-157
-258
-265
-211
-375
-106
-411
-249
-281
-284
-329
-274
-221
-252
-223
-226
-141
-157
-193
-57
7
-192
31
41
-98
-78
41
4
-196
81
-124
-126
-71
-264
70
-364
-234
-67
-383
-256
-341
-258
-437
-400
-359
-442
-474
-471
-551
-505
-444
-548
-200
-199
-308
-207
-192
-106
-126
53
290
257
108
434
466
317
426
606
723
575
814
811
687
559
569
699
505
512
543
473
309
193
169
70
-65
-106
-21
-24
-112
-132
-99
-188
-295
-234
-147
-152
-116
-59
-5
-1
-87
-18
28
23
91
189
262
168
155
184
146
145
137
245
266
227
247
263
181
73
170
192
196
229
249
228
125
108
119
33
72
87
108
72
-30
-6
-129
-192
-173
-219
-118
-312
-78
-284
-371
-196
-463
-154
-430
-47
-211
-210
-197
-127
-104
-312
80
-104
174
-214
165
136
-229
-3
74
34
-137
37
-1
27
-249
-151
-77
-220
-188
-166
-168
-193
-245
-459
-238
-399
-539
-437
-439
-381
-653
-521
-539
-688
-562
-461
-162
-311
-320
-180
-216
-242
-155
260
184
146
237
436
355
294
492
655
661
578
904
859
671
589
683
742
576
605
681
565
245
227
158
60
-137
-95
21
-87
-197
-299
-237
-368
-407
-243
-156
-215
-188
-189
-154
-228
-235
-77
-31
65
88
181
205
88
127
231
291
304
341
390
380
307
267
362
288
248
298
412
336
275
324
230
175
86
122
170
86
85
101
63
-64
-146
-91
-152
-143
-135
-122
-173
-311
-296
-353
-328
-399
-319
-338
-281
-306
-387
-307
-370
-291
-198
-229
-53
-63
-331
47
-94
-270
-6
-16
15
-44
-196
127
-166
-418
31
-209
-294
-182
-286
-275
-461
-576
-421
-523
-602
-465
-616
-687
-700
-831
-751
-797
-663
-385
-357
-410
-506
-403
-343
-303
49
287
318
127
241
423
399
458
676
1036
974
906
1119
1011
827
771
903
1043
923
787
817
618
229
142
194
106
3
-64
-65
-201
-430
-497
-460
-433
-444
-307
-226
-325
-450
-452
-323
-294
-222
-45
23
3
-9
70
81
70
136
311
443
340
338
357
294
238
276
410
415
360
356
294
215
126
165
285
302
214
189
125
-10
-92
-25
45
17
24
-11
8
-130
-214
-168
-186
-129
-113
-109
-149
-257
-362
-283
-269
-244
-224
-190
-215
-151
-259
-224
27
-207
-129
-16
-46
-107
-168
-50
-52
-172
-152
10
-113
-177
-126
-270
-175
-233
-444
-307
-256
-455
-604
-525
-593
-835
-806
-665
-714
-916
-920
-852
-655
-542
-381
-435
-477
-337
-252
-90
208
451
219
91
433
613
582
717
1039
1213
946
986
1213
1088
890
956
1232
1130
840
770
720
459
167
310
407
134
-87
-138
-135
-362
-485
-350
-273
-378
-395
-277
-359
-516
-521
-277
-141
-139
-75
14
31
-10
95
331
375
338
381
524
454
372
426
515
524
464
462
470
422
239
386
395
389
268
250
361
156
142
100
159
98
-85
77
-19
-133
-173
-131
-7
-224
-194
-157
-229
-241
-290
-190
-234
-289
-281
-254
-270
-369
-321
-269
-265
-247
-294
-266
-210
-244
-221
-146
-100
-201
-318
-162
-96
-223
-244
-145
-183
-370
-352
-229
-294
-414
-453
-349
-476
-598
-494
-581
-642
-705
-781
-806
-960
-990
-954
-932
-658
-411
-415
-722
-770
-489
-295
-14
368
557
267
-159
141
659
770
861
1204
1372
963
770
1081
1236
1140
1126
1386
1294
805
579
657
607
392
435
493
235
-193
-339
-212
-166
-264
-244
-256
-400
-518
-482
-356
-360
-374
-277
-143
-186
-262
-172
-28
74
138
235
278
184
181
341
460
463
435
437
424
382
378
417
419
298
226
321
297
291
143
283
253
130
174
87
181
0
22
131
6
-15
-178
-2
18
-113
-1
-126
-50
-233
-251
-109
-198
-162
-242
-158
-264
-398
-320
-236
-184
-226
-228
-191
-289
-302
-205
-129
-86
-241
-187
-127
-242
-243
-186
-172
-231
-304
-245
-246
-415
-433
-451
-432
-462
-624
-610
-740
-856
-889
-911
-893
-1079
-1100
-1114
-975
-643
-446
-535
-945
-767
-417
-181
176
440
426
-151
-127
580
1042
1005
1040
1384
1238
888
1123
1567
1590
1268
1301
1446
1097
786
850
968
766
426
379
309
8
-211
-87
27
-121
-409
-494
-434
-414
-406
-362
-342
-499
-553
-398
-220
-179
-228
-176
-94
-62
8
116
202
194
179
242
268
261
255
374
416
391
301
246
224
239
259
353
420
232
149
97
331
223
197
244
178
90
-140
81
137
44
-60
-5
59
-142
-184
-23
2
-128
-239
-113
-137
-304
-262
-137
-140
-380
-359
-247
-251
-318
-298
-216
-250
-283
-238
-120
-143
-198
-176
-105
-173
-236
-226
-176
-206
-299
-311
-281
-358
-453
-544
-501
-584
-698
-631
-765
-907
-1111
-1099
-1012
-1143
-1072
-1133
-887
-547
-549
-891
-1115
-512
-76
97
323
468
112
-466
280
1345
1440
964
959
1372
1125
1052
1683
2055
1567
990
1223
1416
1149
972
1044
950
388
97
260
300
11
-268
-223
-280
-528
-665
-515
-363
-485
-691
-754
-729
-657
-533
-327
-267
-402
-508
-361
-55
127
156
88
78
90
194
391
482
408
292
295
365
398
419
486
458
337
237
381
423
376
311
339
344
71
156
274
235
10
-97
120
15
-67
-39
48
-15
-276
-153
-33
-64
-149
-158
-58
-204
-232
-137
-74
-137
-228
-116
-71
-155
-222
-158
-94
-105
-124
-72
-89
-124
-146
-102
-101
-190
-189
-204
-175
-266
-308
-337
-455
-510
-551
-565
-666
-770
-847
-958
-1051
-1171
-1132
-1167
-1265
-1212
-793
-398
-670
-1265
-1113
-337
59
99
380
450
-230
-480
689
1717
1319
656
1026
1470
1190
1276
1952
2043
1229
929
1465
1645
1235
986
1002
706
216
200
457
311
-192
-497
-427
-366
-434
-545
-542
-594
-687
-746
-668
-521
-470
-502
-524
-453
-377
-261
-131
54
116
59
30
161
349
414
387
409
379
382
424
476
506
430
323
252
299
286
368
376
311
48
40
223
257
153
106
119
-132
-210
24
148
-97
-379
-190
-25
-148
-227
-112
-49
-290
-268
-33
-16
-206
-323
-148
-186
-309
-242
-95
-125
-341
-350
-212
-103
-139
-163
-152
-163
-204
-149
-73
-107
-247
-310
-252
-243
-252
-412
-457
-539
-596
-583
-632
-684
-816
-1037
-1103
-1165
-1116
-1139
-1191
-654
-346
-601
-1435
-1260
-143
189
10
114
412
-225
-636
791
1921
1296
305
804
1753
1412
1246
1836
2026
1257
841
1615
1925
1367
897
912
863
445
330
491
341
-148
-568
-416
-127
-201
-533
-771
-669
-589
-607
-538
-390
-341
-613
-728
-487
-187
-124
-209
-119
-27
-69
-46
227
439
376
154
194
465
584
550
448
416
364
328
382
471
513
234
114
286
398
262
-31
170
205
69
41
79
60
-283
-222
20
1
-192
-274
-92
-142
-308
-259
-189
-178
-249
-182
-155
-282
-282
-195
-131
-193
-241
-194
-181
-144
-152
-178
-168
-189
-159
-184
-173
-189
-223
-226
-271
-257
-309
-359
-411
-480
-478
-540
-622
-692
-779
-851
-956
-1036
-1082
-1208
-1284
-1292
-1257
-719
-466
-757
-1561
-1329
-178
91
-21
98
268
-405
-565
1006
1893
1099
269
929
1754
1409
1450
1984
1851
1057
987
1868
1962
1369
959
891
826
643
741
714
338
-132
-387
-199
119
23
-422
-810
-640
-331
-334
-420
-463
-395
-573
-587
-315
-75
-126
-321
-218
-52
-6
-15
174
338
279
96
158
395
530
469
333
313
338
349
405
431
381
149
118
346
373
222
-56
184
209
145
138
53
-13
-307
-95
119
12
-214
-316
-73
-54
-142
-100
-158
-186
-238
-51
29
-137
-198
-246
-107
-100
-96
-88
-186
-229
-232
-154
-68
-92
-138
-203
-177
-73
-113
-131
-235
-249
-286
-318
-315
-423
-526
-639
-686
-729
-865
-814
-902
-1035
-1239
-1321
-1409
-1387
-1325
-1060
-613
-818
-1372
-1652
-601
58
-125
-199
53
-71
-647
285
1581
1400
354
474
1475
1626
1335
1690
1836
1300
923
1491
2007
1598
1096
776
767
718
788
758
459
-2
-347
-339
55
245
-185
-754
-816
-334
-213
-325
-454
-424
-565
-661
-391
-106
-64
-375
-390
-135
56
39
63
207
238
102
81
340
492
452
258
246
381
392
386
362
432
385
197
250
348
385
189
112
230
218
119
5
68
22
-102
-137
-115
-69
-196
-236
-163
-173
-212
-253
-187
-121
-181
-211
-171
-151
-149
-175
-83
-33
-73
-143
-70
59
26
-18
-6
89
53
-2
15
22
-9
-112
-95
-100
-180
-300
-371
-334
-493
-626
-700
-658
-699
-903
-963
-1034
-1117
-1250
-1285
-1233
-1299
-1349
-960
-603
-817
-1416
-1163
-302
-44
-119
21
198
-282
-306
874
1622
1089
464
896
1508
1532
1611
1819
1572
1053
1117
1665
1803
1456
967
646
583
685
775
593
238
-177
-417
-286
35
-39
-487
-796
-663
-437
-405
-449
-503
-596
-719
-617
-340
-128
-225
-369
-293
-109
22
44
119
211
162
117
259
459
527
357
261
327
435
430
367
448
369
245
285
407
441
178
138
226
206
188
22
15
-108
-86
36
-40
-128
-295
-219
-104
-163
-160
-241
-228
-192
-177
-96
-168
-220
-234
-160
-42
-31
-43
-82
-53
-75
-57
39
89
39
-42
-25
53
83
-7
-107
-123
-131
-181
-196
-245
-356
-533
-628
-599
-599
-715
-849
-931
-1024
-1124
-1221
-1186
-1292
-1348
-1379
-1177
-730
-605
-936
-1358
-852
-154
-57
14
268
161
-317
123
1360
1562
875
707
1312
1615
1550
1862
1919
1438
1004
1307
1851
1840
1466
1011
623
499
630
764
632
182
-296
-539
-264
48
-104
-578
-830
-671
-531
-430
-393
-455
-643
-754
-545
-219
-72
-214
-335
-218
-16
104
168
225
224
160
206
411
514
400
284
326
449
422
374
442
355
329
329
407
394
238
236
174
173
174
90
-43
-175
-111
-93
-151
-171
-201
-200
-261
-267
-245
-268
-284
-271
-238
-260
-269
-241
-162
-119
-147
-160
-91
21
54
-10
-44
27
57
77
95
89
20
-37
-45
-43
-63
-146
-210
-291
-346
-422
-463
-497
-587
-701
-843
-843
-950
-1050
-1165
-1173
-1285
-1545
-1563
-1476
-1305
-1129
-761
-692
-1109
-1237
-638
1
127
180
358
112
-52
679
1630
1616
996
940
1387
1706
1912
2145
1949
1335
1059
1431
1911
1950
1484
802
348
353
636
710
436
-145
-663
-722
-358
-53
-292
-752
-988
-850
-579
-397
-406
-599
-798
-776
-448
-133
-81
-229
-322
-167
69
176
211
281
292
307
370
507
507
472
437
539
544
429
377
391
537
508
524
220
160
116
276
332
183
83
-256
-313
-148
27
-47
-340
-451
-401
-324
-171
-176
-244
-458
-497
-302
-166
-103
-213
-231
-251
-223
-122
43
110
-4
-88
-46
71
186
213
147
47
-69
16
91
110
-83
-229
-298
-320
-281
-326
-416
-662
-837
-852
-772
-831
-1000
-1200
-1258
-1358
-1373
-1440
-1463
-1519
-1570
-1236
-794
-645
-1024
-1214
-704
-119
124
397
625
383
-36
490
1582
1800
1298
1125
1474
1668
1857
2250
2270
1675
1130
1285
1787
1989
1683
1029
470
249
336
511
477
85
-569
-921
-668
-306
-363
-677
-914
-928
-830
-603
-418
-463
-629
-680
-479
-231
-73
-64
-78
29
118
185
253
393
533
543
520
561
538
488
506
612
640
410
236
240
411
396
267
82
-22
-46
-14
79
-4
-231
-416
-420
-304
-282
-361
-435
-522
-499
-431
-350
-346
-369
-375
-316
-227
-208
-155
-129
-68
-47
-21
8
57
130
196
210
115
73
70
186
251
183
55
-15
-30
-9
-38
-87
-194
-330
-338
-337
-322
-507
-700
-758
-770
-778
-897
-931
-1067
-1239
-1221
-1262
-1306
-1467
-1461
-1270
-1008
-575
-523
-851
-1055
-630
45
314
561
680
368
51
638
1670
1777
1309
1151
1376
1564
1821
2239
2172
1491
980
1100
1544
1759
1540
984
299
-51
-1
250
313
-20
-611
-997
-818
-534
-500
-671
-791
-850
-879
-697
-432
-322
-396
-498
-447
-276
-71
96
254
362
354
299
338
540
714
798
773
731
592
481
574
746
721
473
221
164
399
407
296
24
-78
-175
-314
-18
75
-187
-588
-662
-348
-338
-389
-380
-413
-490
-593
-326
-144
-240
-342
-311
-118
-95
-13
113
114
43
-19
91
217
239
205
153
121
65
9
72
147
130
-38
-144
-161
-217
-226
-275
-323
-495
-665
-640
-636
-630
-798
-927
-948
-1037
-1027
-1107
-1124
-1225
-1368
-1370
-1493
-1463
-1417
-1178
-767
-509
-601
-949
-869
-279
202
515
746
669
255
263
1141
1855
1751
1391
1288
1439
1591
1982
2310
2026
1364
863
1022
1409
1550
1297
691
91
-276
-231
5
46
-327
-854
-1083
-964
-802
-792
-797
-817
-877
-913
-804
-562
-410
-327
-291
-235
-156
-57
161
429
678
672
523
436
531
764
971
1027
909
611
406
519
708
796
483
293
167
113
110
91
230
-120
-347
-341
-285
-225
-373
-264
-354
-494
-516
-457
-242
-252
-245
-212
-238
-187
-141
17
100
109
115
115
169
224
270
304
259
187
184
209
229
138
66
45
69
55
-46
-129
-182
-190
-292
-309
-377
-473
-591
-621
-547
-636
-746
-923
-942
-983
-1000
-998
-1114
-1206
-1380
-1412
-1410
-1398
-1278
-1017
-500
-447
-783
-943
-473
33
254
692
929
514
17
623
1655
1805
1458
1378
1483
1350
1514
2165
2300
1673
1047
936
1058
1141
1208
1028
491
-73
-394
-407
-302
-273
-530
-868
-952
-985
-1052
-1007
-757
-578
-720
-803
-709
-510
-345
-139
95
114
1
6
270
627
863
867
725
599
555
636
830
1016
960
604
364
316
388
415
279
301
-16
-230
-344
-219
-56
-294
-344
-477
-549
-557
-493
-256
-388
-509
-468
-436
-288
-311
-120
-4
-42
21
-23
97
144
234
362
339
252
185
170
253
269
225
203
148
90
-21
-5
24
15
-81
-191
-272
-300
-313
-406
-454
-544
-585
-705
-730
-693
-759
-780
-869
-835
-950
-1032
-998
-1029
-1003
-1163
-1174
-1314
-1353
-1229
-846
-277
-318
-640
-878
-432
51
259
772
1023
660
102
564
1550
1758
1524
1497
1641
1400
1319
1837
2167
1795
1213
1054
1033
893
795
833
655
220
-226
-506
-605
-625
-609
-636
-637
-758
-1017
-1163
-901
-477
-371
-504
-532
-412
-347
-211
153
429
348
145
230
518
747
817
823
838
729
573
550
667
729
565
403
335
253
128
-24
66
37
-104
-307
-322
-229
-310
-336
-383
-373
-453
-497
-399
-402
-439
-436
-327
-216
-225
-216
-168
-118
-53
16
60
74
57
51
95
108
111
84
68
73
56
54
29
20
-21
-84
-90
-98
-143
-214
-263
-232
-271
-356
-439
-497
-479
-511
-559
-568
-568
-652
-761
-777
-766
-792
-899
-920
-940
-1045
-1159
-1204
-1128
-865
-487
-251
-425
-694
-518
-67
264
474
764
835
511
441
991
1573
1540
1304
1466
1705
1596
1427
1622
1792
1505
1107
1099
1203
922
518
412
507
324
-73
-328
-443
-576
-674
-541
-364
-474
-767
-855
-648
-426
-416
-465
-382
-264
-228
-168
38
174
135
102
251
453
495
445
436
465
452
416
420
435
373
254
180
162
201
158
60
13
-43
-97
-175
-165
-80
-85
-177
-271
-312
-312
-283
-286
-278
-292
-324
-317
-274
-203
-174
-188
-198
-148
-60
-40
-38
-41
-17
-17
-20
9
22
11
-17
-1
54
71
34
-19
-21
5
-11
-56
-52
-30
-50
-91
-130
-205
-279
-326
-304
-292
-407
-511
-587
-596
-611
-656
-731
-811
-860
-924
-944
-990
-1062
-1163
-1156
-956
-690
-459
-420
-496
-502
-342
-77
135
336
509
610
614
692
899
1057
1130
1197
1369
1514
1500
1410
1349
1322
1243
1151
1115
1074
961
743
506
321
203
78
-80
-199
-268
-328
-373
-426
-466
-471
-443
-394
-393
-432
-457
-442
-364
-217
-113
-74
-72
-73
-43
30
186
319
357
325
310
377
440
437
402
368
370
387
387
363
358
303
174
98
113
141
61
-35
-51
-84
-145
-200
-207
-261
-396
-450
-441
-398
-377
-364
-315
-305
-335
-340
-284
-224
-206
-206
-153
-79
-70
-66
-35
19
26
58
154
212
200
152
177
216
211
163
123
87
15
-58
-93
-111
-116
-144
-213
-297
-430
-539
-557
-528
-514
-547
-604
-702
-860
-941
-929
-943
-962
-971
-967
-1000
-1057
-1026
-878
-672
-447
-336
-304
-260
-160
41
221
416
591
674
764
896
1030
1069
1074
1181
1347
1471
1503
1450
1345
1201
1066
1014
985
890
713
535
371
207
90
-13
-160
-302
-413
-439
-426
-494
-584
-652
-603
-560
-580
-600
-611
-556
-452
-350
-281
-233
-161
-62
7
48
118
241
382
433
442
468
455
448
455
487
480
425
350
339
357
358
277
166
84
18
14
3
-4
-61
-177
-227
-224
-212
-272
-338
-328
-298
-258
-215
-168
-156
-176
-184
-142
-66
7
32
66
127
182
198
216
252
234
240
260
288
281
264
287
274
243
203
147
63
-16
-13
-34
-90
-187
-221
-260
-379
-467
-532
-562
-628
-664
-702
-806
-887
-940
-959
-957
-964
-1013
-1088
-1119
-1091
-1046
-1034
-946
-772
-512
-258
-121
-106
-101
19
214
452
668
844
943
984
1048
1151
1222
1241
1320
1454
1557
1503
1358
1188
1007
851
694
600
463
284
110
-57
-220
-371
-517
-677
-814
-878
-849
-829
-844
-849
-806
-694
-602
-588
-579
-529
-354
-134
40
188
257
324
439
574
707
756
760
802
843
858
818
739
656
560
480
437
360
248
146
103
67
-20
-86
-224
-333
-387
-387
-358
-420
-457
-475
-427
-411
-436
-411
-374
-303
-244
-195
-107
-23
32
108
158
191
197
221
297
337
364
352
357
370
340
320
286
246
194
166
168
141
84
-29
-78
-91
-136
-189
-280
-344
-407
-420
-445
-500
-612
-741
-768
-807
-827
-891
-950
-991
-1022
-1005
-1037
-1049
-1123
-1181
-1177
-1101
-967
-701
-334
-9
56
7
131
333
562
741
995
1186
1238
1302
1412
1542
1540
1469
1502
1578
1559
1384
1229
1093
900
619
375
225
10
-261
-524
-682
-837
-997
-1141
-1258
-1349
-1382
-1271
-1152
-1091
-1084
-963
-709
-516
-426
-342
-124
121
300
441
628
804
908
1006
1095
1189
1151
1064
1010
999
960
816
670
496
358
220
99
-54
-241
-354
-452
-475
-596
-678
-701
-720
-698
-736
-620
-572
-521
-455
-355
-184
-127
-13
96
245
338
400
496
562
611
619
622
610
579
522
492
426
334
268
166
85
-23
-71
-97
-175
-262
-345
-352
-373
-402
-428
-427
-446
-481
-490
-486
-457
-460
-460
-456
-503
-559
-586
-617
-674
-753
-820
-850
-958
-1034
-1151
-1197
-1223
-1298
-1223
-980
-495
-178
-127
-107
131
406
521
638
946
1196
1097
1126
1451
1817
1723
1477
1624
1827
1764
1387
1247
1232
970
589
351
304
78
-272
-560
-661
-808
-1035
-1230
-1366
-1367
-1354
-1154
-979
-857
-730
-502
-151
40
150
252
468
644
803
1004
1186
1314
1329
1407
1467
1456
1279
1086
962
826
667
454
294
91
-126
-319
-481
-646
-863
-1030
-1088
-1083
-1086
-1033
-925
-830
-738
-677
-484
-354
-253
-126
9
195
229
369
517
676
737
734
789
809
751
596
524
405
297
147
56
-10
-165
-270
-419
-490
-577
-668
-715
-784
-788
-756
-682
-622
-544
-444
-354
-301
-282
-203
-151
-115
-98
-40
-10
-79
-98
-159
-237
-388
-536
-627
-768
-919
-1066
-1189
-1289
-1430
-1530
-1535
-1432
-1017
-630
-354
-323
-72
351
497
672
884
1302
1214
1132
1408
1856
1945
1613
1736
2041
2078
1585
1418
1458
1192
590
155
214
-33
-469
-802
-790
-887
-1232
-1412
-1439
-1393
-1491
-1415
-1189
-931
-743
-493
-53
264
527
628
785
906
988
1144
1204
1304
1337
1469
1481
1443
1392
1225
968
572
360
110
-143
-500
-669
-716
-896
-1039
-1167
-1102
-1265
-1380
-1335
-1227
-1103
-1059
-699
-331
-100
96
301
576
669
708
842
943
935
924
993
1087
1034
940
914
759
540
260
90
-74
-399
-568
-656
-719
-856
-964
-911
-914
-926
-916
-839
-832
-820
-717
-514
-356
-254
-75
94
250
283
328
341
268
165
68
6
-147
-259
-400
-535
-662
-868
-1027
-1313
-1498
-1671
-1840
-1954
-2063
-2011
-1773
-1237
-776
-509
-291
218
571
630
977
1371
1646
1339
1461
1991
2191
2034
1840
2259
2265
1849
1508
1572
1361
627
82
1
-79
-645
-925
-1019
-1036
-1281
-1412
-1307
-1428
-1452
-1353
-1038
-813
-596
-267
114
510
901
1263
1378
1456
1515
1632
1588
1449
1514
1517
1444
1253
1298
1320
941
482
159
-24
-441
-849
-1030
-1121
-1361
-1531
-1461
-1344
-1336
-1461
-1317
-1095
-984
-894
-610
-265
-9
163
506
920
1047
1208
1206
1307
1266
1152
1111
938
879
706
587
461
327
164
-54
-325
-534
-706
-882
-1024
-1174
-1127
-1121
-1057
-928
-777
-644
-630
-531
-329
-164
-69
55
218
395
492
578
675
677
593
484
325
195
-29
-237
-449
-624
-736
-954
-1130
-1391
-1460
-1621
-1796
-1950
-2053
-1991
-2159
-1843
-1200
-698
-402
-196
602
1023
1087
1490
1888
2102
1612
1687
2140
2162
1823
1714
2100
2035
1632
1390
1481
986
300
-227
-405
-753
-1332
-1434
-1544
-1569
-1663
-1504
-1423
-1473
-1365
-1097
-941
-851
-437
-73
222
515
1101
1571
1570
1662
1852
1960
1714
1442
1483
1300
973
743
816
776
374
62
-55
-301
-741
-1070
-1276
-1492
-1798
-1838
-1723
-1620
-1509
-1300
-1046
-723
-472
-192
46
154
496
654
933
1079
1256
1449
1391
1449
1449
1386
1169
956
836
675
334
110
-54
-238
-482
-662
-710
-850
-970
-1046
-1035
-1055
-1045
-945
-789
-645
-543
-381
-155
53
241
374
540
631
696
714
649
630
504
390
149
40
-93
-311
-535
-734
-803
-1081
-1259
-1469
-1595
-1798
-1999
-2053
-2106
-2097
-2054
-1855
-1687
-1301
-724
-219
128
425
1006
1361
1556
1884
2152
2234
1952
2010
2197
2107
1817
1653
1733
1564
1256
1090
984
532
13
-381
-600
-948
-1338
-1497
-1659
-1680
-1656
-1480
-1332
-1223
-964
-669
-412
-130
219
474
711
1027
1454
1637
1622
1727
1807
1792
1593
1459
1336
1015
726
553
430
158
-205
-430
-600
-815
-1038
-1231
-1404
-1553
-1650
-1629
-1601
-1508
-1318
-1128
-910
-594
-236
5
304
492
927
986
1062
1229
1202
1367
1078
1153
1072
912
775
580
507
262
27
-150
-312
-523
-649
-840
-850
-927
-948
-899
-883
-712
-591
-477
-348
-229
-52
67
167
364
499
615
712
792
876
851
748
685
506
333
101
-129
-283
-543
-683
-849
-986
-1095
-1302
-1397
-1495
-1592
-1669
-1802
-1750
-1744
-1699
-1564
-1412
-1152
-897
-435
85
449
776
1172
1568
1768
1932
2178
2246
2050
1886
1863
1762
1479
1231
1182
1072
885
693
558
333
-69
-385
-630
-888
-1204
-1463
-1599
-1662
-1614
-1442
-1254
-1041
-783
-493
-219
4
303
546
638
794
1051
1247
1291
1284
1379
1416
1314
1190
1068
949
704
399
172
-53
-291
-544
-692
-789
-882
-1014
-1115
-1134
-1137
-1137
-1154
-977
-924
-735
-635
-336
-37
122
451
602
961
983
1140
1182
1212
1140
967
952
780
685
457
358
210
99
-82
-212
-305
-433
-568
-704
-751
-801
-787
-752
-649
-539
-420
-290
-129
30
156
240
364
423
459
434
436
464
412
366
249
221
72
-80
-266
-408
-601
-790
-961
-1139
-1238
-1408
-1437
-1539
-1536
-1581
-1558
-1466
-1418
-1330
-1248
-1135
-1026
-924
-784
-531
-166
306
599
979
1313
1695
1873
2028
2236
2202
2035
1752
1715
1539
1266
987
905
861
701
586
534
416
85
-201
-469
-682
-1023
-1297
-1455
-1511
-1463
-1362
-1131
-912
-615
-311
0
260
474
629
688
784
924
1001
979
977
1091
1169
1161
1111
1069
971
741
513
299
88
-205
-481
-657
-790
-932
-1062
-1099
-1078
-1053
-976
-851
-738
-668
-546
-346
-206
-31
93
278
444
576
777
893
985
999
1012
1000
904
756
600
446
296
152
29
-63
-168
-216
-248
-305
-353
-394
-419
-440
-461
-444
-444
-426
-340
-231
-99
5
96
195
232
289
329
288
210
96
52
-20
-159
-278
-336
-399
-479
-580
-663
-749
-916
-1044
-1156
-1258
-1367
-1438
-1441
-1362
-1332
-1236
-1139
-1057
-877
-853
-698
-629
-513
-290
-8
333
520
811
1136
1423
1571
1792
1941
1938
1775
1617
1565
1298
1026
787
706
591
403
318
240
99
-81
-255
-429
-649
-937
-1155
-1339
-1428
-1442
-1369
-1192
-999
-674
-320
-19
287
547
765
882
1005
1143
1168
1125
1122
1183
1172
1137
1104
1111
1021
863
720
532
311
-3
-232
-439
-660
-862
-993
-1004
-988
-953
-849
-655
-455
-313
-180
-34
66
146
214
315
410
448
498
588
746
829
856
883
881
832
688
536
403
228
4
-182
-318
-412
-502
-565
-568
-536
-504
-482
-467
-429
-414
-440
-441
-423
-350
-300
-235
-131
-52
39
81
109
121
90
43
-28
-126
-247
-356
-464
-545
-694
-805
-862
-925
-958
-1053
-1075
-1063
-1133
-1121
-1121
-1062
-1044
-1084
-950
-857
-742
-668
-525
-288
-43
222
498
752
996
1258
1453
1640
1750
1810
1766
1643
1572
1471
1279
1035
864
778
626
441
332
216
51
-183
-393
-557
-791
-1017
-1191
-1269
-1292
-1324
-1238
-1060
-877
-649
-405
-93
196
421
663
854
1005
1070
1089
1092
1085
1043
995
911
838
776
646
533
394
239
47
-149
-340
-530
-722
-838
-913
-963
-909
-856
-702
-572
-391
-197
-92
59
155
278
352
374
447
492
514
548
626
707
714
719
751
722
636
488
357
191
-39
-238
-368
-491
-609
-676
-668
-617
-557
-475
-425
-344
-309
-287
-273
-244
-184
-151
-111
-66
16
82
115
144
202
217
158
85
17
-90
-238
-401
-550
-705
-865
-959
-1042
-1106
-1161
-1178
-1159
-1179
-1159
-1123
-1064
-1037
-997
-883
-831
-712
-588
-278
72
272
575
899
1317
1476
1674
1948
2004
1933
1753
1727
1543
1219
974
866
721
494
351
298
171
-46
-180
-350
-537
-797
-1025
-1218
-1397
-1477
-1506
-1466
-1348
-1123
-842
-547
-219
156
486
697
909
1129
1244
1212
1195
1270
1222
1101
1000
988
921
755
669
613
491
281
103
-29
-251
-484
-693
-792
-857
-910
-873
-820
-626
-512
-313
-108
28
202
296
421
479
516
560
555
590
656
663
686
690
725
716
638
564
440
259
49
-171
-370
-544
-723
-800
-831
-808
-756
-665
-533
-428
-340
-230
-135
-92
-78
-72
-38
-43
8
52
108
191
256
320
326
326
297
216
74
-72
-232
-438
-619
-782
-909
-998
-1086
-1106
-1125
-1077
-1023
-1014
-933
-898
-836
-794
-796
-693
-711
-512
-149
16
340
559
1080
1290
1440
1866
1935
1961
1684
1745
1682
1271
941
745
652
410
195
152
122
-74
-184
-329
-429
-665
-968
-1170
-1389
-1541
-1675
-1695
-1662
-1484
-1225
-911
-611
-213
220
460
736
1006
1225
1197
1118
1192
1129
937
794
765
754
624
581
630
577
457
336
247
117
-88
-301
-458
-627
-686
-807
-793
-705
-601
-388
-282
-28
166
289
358
401
520
522
411
408
424
402
343
347
470
446
409
383
366
249
43
-112
-288
-464
-661
-773
-863
-895
-907
-852
-723
-577
-397
-272
-135
-27
45
84
79
68
93
86
94
118
182
228
255
321
327
295
188
110
-12
-193
-418
-622
-815
-998
-1110
-1193
-1218
-1235
-1202
-1124
-1013
-921
-833
-777
-673
-610
-476
-181
-18
223
412
780
1083
1234
1590
1779
1898
1816
1812
1813
1536
1271
1066
890
666
413
275
167
-36
-160
-276
-381
-551
-750
-920
-1124
-1293
-1420
-1469
-1509
-1473
-1302
-1070
-838
-510
-102
210
485
781
1049
1169
1142
1175
1153
1016
879
773
706
560
496
509
474
437
359
313
224
64
-69
-264
-412
-593
-705
-751
-828
-763
-667
-480
-335
-146
100
246
364
463
560
553
482
462
434
375
335
317
324
298
268
259
206
123
4
-114
-257
-418
-568
-709
-831
-914
-926
-879
-793
-678
-539
-365
-215
-58
68
134
193
212
251
233
229
211
191
184
186
220
228
225
182
143
38
-106
-259
-432
-589
-768
-921
-1032
-1104
-1138
-1147
-1079
-986
-907
-802
-708
-585
-485
-383
-140
35
208
373
634
944
1058
1325
1578
1745
1731
1715
1789
1655
1413
1201
1055
822
588
390
265
99
-83
-205
-329
-452
-634
-766
-909
-1052
-1200
-1295
-1353
-1368
-1291
-1161
-976
-758
-423
-131
116
395
676
852
885
949
1003
937
793
714
649
543
433
395
394
353
332
296
283
220
83
-10
-135
-259
-411
-529
-538
-567
-544
-461
-358
-224
-109
14
134
235
319
334
326
350
322
275
227
220
217
144
98
62
15
-58
-135
-204
-289
-379
-482
-563
-627
-659
-687
-657
-593
-522
-434
-339
-214
-120
-14
64
130
202
228
240
239
231
216
192
168
166
132
109
90
58
-28
-124
-226
-355
-487
-632
-732
-866
-951
-1007
-1033
-1029
-1020
-944
-874
-788
-699
-585
-492
-314
-88
91
300
487
774
925
1104
1361
1491
1561
1513
1579
1533
1330
1180
1043
874
657
473
368
219
16
-111
-230
-322
-482
-636
-736
-863
-985
-1091
-1129
-1148
-1128
-1049
-915
-734
-500
-272
-73
180
431
615
712
793
903
899
823
782
732
652
539
504
487
433
388
370
355
300
210
111
25
-90
-195
-309
-389
-439
-472
-453
-421
-339
-238
-138
-53
49
161
241
261
307
342
326
304
276
274
218
148
108
62
-5
-72
-133
-191
-254
-297
-341
-384
-408
-435
-433
-435
-417
-383
-340
-280
-210
-138
-87
-15
51
124
166
189
241
260
260
265
256
232
185
133
101
24
-67
-168
-262
-358
-480
-570
-666
-737
-807
-852
-860
-853
-837
-796
-738
-674
-582
-492
-382
-271
-130
18
195
334
487
655
820
960
1028
1172
1232
1239
1192
1162
1108
941
783
646
501
325
151
15
-82
-236
-348
-448
-532
-619
-702
-735
-799
-845
-874
-852
-819
-760
-661
-533
-398
-229
-29
136
304
456
590
667
714
754
746
696
652
600
550
503
461
432
396
371
345
307
253
194
111
33
-65
-157
-227
-300
-329
-342
-323
-283
-218
-130
-34
42
119
183
219
237
225
205
140
93
49
-3
-53
-98
-136
-167
-195
-208
-207
-227
-237
-265
-263
-284
-300
-308
-320
-317
-326
-289
-250
-199
-136
-58
23
98
159
224
273
289
297
282
255
198
146
69
4
-70
-157
-248
-337
-400
-457
-511
-565
-580
-597
-604
-624
-612
-601
-577
-529
-487
-399
-337
-252
-152
-34
80
173
268
375
469
548
615
670
736
769
795
782
793
759
691
619
533
435
279
163
56
-52
-168
-270
-334
-397
-468
-495
-499
-503
-513
-510
-460
-423
-401
-367
-306
-246
-187
-98
0
95
184
283
374
456
528
575
586
597
583
545
494
444
399
322
271
222
162
104
67
48
19
-28
-53
-61
-76
-90
-100
-84
-83
-73
-49
-17
10
23
54
77
79
76
79
68
43
24
22
-15
-54
-89
-124
-164
-209
-223
-242
-266
-294
-308
-298
-299
-284
-252
-222
-183
-146
-109
-66
-17
42
83
120
156
182
211
220
244
236
203
167
115
69
5
-76
-137
-191
-268
-335
-384
-435
-491
-518
-530
-543
-548
-528
-484
-445
-387
-313
-242
-158
-66
37
131
208
291
359
428
480
531
563
566
575
571
552
513
473
438
384
306
252
179
99
27
-58
-112
-176
-237
-282
-322
-351
-365
-349
-330
-309
-263
-211
-155
-110
-65
-4
28
64
109
134
177
223
273
322
337
340
337
333
313
288
250
191
144
105
65
17
-14
-26
-35
-42
-29
-12
-11
-5
18
41
61
73
73
91
91
77
70
53
50
36
17
6
-36
-62
-92
-123
-169
-231
-275
-323
-361
-394
-419
-426
-432
-433
-424
-419
-396
-381
-356
-300
-246
-187
-139
-78
-1
67
114
153
182
195
216
220
224
209
190
183
152
120
59
8
-30
-95
-147
-201
-248
-281
-320
-339
-356
-356
-340
-315
-273
-235
-183
-125
-59
12
84
149
208
268
319
385
437
477
521
546
570
578
567
549
505
461
394
330
273
209
165
109
60
13
-42
-78
-117
-154
-185
-219
-239
-252
-256
-237
-224
-209
-186
-153
-116
-90
-60
-18
24
49
68
88
99
97
98
97
88
95
91
106
107
88
78
62
42
6
-17
-25
-30
-43
-50
-37
-19
-5
7
20
35
50
51
54
54
40
33
34
34
26
4
-4
-15
-48
-75
-112
-143
-188
-240
-277
-305
-325
-353
-368
-366
-360
-341
-323
-302
-270
-239
-202
-172
-145
-103
-46
9
58
105
149
186
218
241
245
245
234
213
180
138
115
89
68
44
18
-4
-30
-65
-101
-137
-173
-196
-217
-218
-218
-217
-194
-176
-138
-97
-53
1
44
96
148
203
246
280
324
362
395
425
432
443
439
408
388
342
285
233
174
124
70
22
-11
-36
-59
-86
-105
-130
-141
-144
-148
-143
-133
-122
-110
-89
-83
-82
-81
-77
-62
-59
-49
-38
-18
-1
17
27
25
25
8
-6
-16
-33
-40
-50
-48
-46
-42
-39
-37
-38
-43
-38
-32
-24
-17
-8
9
22
38
57
77
94
99
100
91
87
79
62
49
26
-2
-18
-41
-62
-86
-108
-119
-138
-162
-187
-212
-240
-254
-269
-270
-261
-252
-227
-193
-153
-124
-84
-40
-14
8
38
68
97
122
147
181
199
211
207
205
203
173
145
119
112
92
75
65
52
26
-5
-23
-43
-63
-93
-104
-109
-121
-116
-119
-92
-68
-50
-29
-20
28
44
84
117
156
210
225
247
262
275
267
260
261
249
226
193
157
120
86
53
40
21
-10
-13
-15
-28
-41
-62
-67
-75
-99
-78
-85
-92
-104
-125
-108
-136
-128
-124
-124
-108
-144
-120
-83
-72
-66
-56
-36
-45
-56
-48
-50
-70
-80
-81
-69
-74
-80
-56
-47
-23
-5
18
36
28
34
45
55
64
77
83
92
83
83
92
75
66
54
52
43
18
12
-6
-16
-30
-39
-41
-56
-77
-97
-112
-127
-135
-151
-158
-155
-155
-143
-120
-86
-58
-31
7
44
74
91
109
125
139
155
175
198
200
188
176
166
146
129
116
92
67
41
28
13
-11
-25
-35
-61
-95
-113
-148
-180
-203
-204
-203
-196
-176
-167
-144
-115
-80
-38
-8
19
55
81
110
138
158
168
162
169
171
161
145
129
110
73
44
23
7
-13
-40
-52
-62
-64
-62
-67
-71
-82
-96
-103
-105
-102
-109
-101
-93
-86
-70
-64
-55
-54
-50
-42
-41
-36
-34
-24
-11
-15
1
-1
-16
-31
-49
-60
-81
-77
-72
-61
-51
-32
0
14
23
34
45
53
58
60
59
61
49
47
48
45
35
37
44
38
34
26
17
6
-7
-31
-43
-60
-73
-86
-105
-118
-132
-141
-149
-154
-159
-155
-137
-112
-87
-46
-6
28
51
68
81
93
108
112
126
132
139
148
158
167
159
156
138
127
122
105
92
75
58
46
32
12
-12
-22
-37
-59
-70
-81
-94
-111
-111
-104
-101
-91
-73
-55
-39
-23
-3
17
28
43
51
59
67
68
73
68
53
44
27
11
-8
-31
-49
-68
-80
-93
-99
-93
-90
-92
-99
-104
-108
-114
-118
-120
-117
-107
-93
-67
-38
-21
-11
-1
11
15
14
6
4
9
8
14
13
18
27
24
29
29
30
33
29
35
34
54
65
72
87
100
111
122
127
127
123
112
117
107
94
86
84
81
77
85
79
71
65
53
43
22
-4
-31
-52
-73
-98
-109
-123
-129
-142
-151
-150
-146
-143
-132
-114
-99
-78
-64
-42
-21
0
20
37
47
55
59
60
61
63
65
71
80
84
86
80
72
57
44
32
21
12
2
-5
-24
-37
-48
-63
-66
-63
-63
-52
-36
-19
-11
-1
18
30
48
60
68
78
92
97
105
103
101
101
94
96
101
112
116
108
101
87
69
50
30
14
-2
-20
-25
-31
-37
-35
-35
-28
-22
-12
-2
-1
-7
-4
9
14
12
5
-3
-23
-42
-62
-63
-60
-65
-63
-67
-73
-74
-75
-78
-72
-62
-50
-40
-30
-22
-15
-3
-8
-4
7
13
27
38
55
74
87
98
103
106
107
101
93
84
66
48
38
22
4
-10
-12
-28
-60
-70
-92
-129
-152
-163
-173
-184
-194
-198
-188
-180
-173
-164
-155
-142
-128
-110
-95
-79
-65
-48
-34
-21
-2
15
28
38
47
52
57
49
37
31
24
15
8
-3
-12
-22
-35
-43
-55
-60
-70
-77
-79
-83
-75
-68
-54
-39
-22
-8
5
12
25
40
50
65
78
96
110
120
130
134
135
139
141
142
142
141
130
118
110
98
81
75
69
60
54
52
55
42
38
34
32
33
37
40
40
40
29
21
8
-6
-21
-30
-34
-45
-47
-51
-49
-50
-53
-50
-49
-51
-54
-53
-60
-63
-67
-62
-61
-56
-49
-45
-33
-21
-10
-2
16
36
54
72
89
102
110
113
103
89
80
72
63
52
39
26
8
-8
-19
-24
-34
-45
-54
-67
-77
-87
-98
-111
-120
-119
-118
-111
-106
-93
-81
-70
-61
-47
-25
-12
-2
7
17
28
37
40
36
37
30
26
25
28
29
21
18
17
19
17
14
6
-7
-19
-27
-39
-49
-53
-57
-58
-60
-56
-49
-43
-30
-15
-2
12
28
37
43
45
50
54
52
58
66
67
64
61
61
55
51
43
39
42
39
36
31
30
24
21
18
19
25
28
29
26
26
22
19
22
23
23
28
31
32
26
18
15
6
-2
-12
-19
-27
-38
-44
-55
-65
-73
-76
-77
-77
-76
-71
-67
-58
-50
-43
-30
-15
-1
15
28
43
55
66
75
77
84
91
92
91
90
88
84
72
61
56
42
29
14
-2
-22
-42
-54
-66
-73
-79
-84
-82
-78
-79
-78
-69
-65
-53
-39
-21
-9
5
22
31
34
35
39
37
38
39
33
29
26
19
19
18
10
3
-11
-27
-43
-59
-66
-75
-82
-85
-93
-98
-97
-96
-100
-96
-93
-89
-80
-69
-60
-51
-37
-26
-21
-16
-14
-10
-7
-10
-13
-14
-16
-16
-11
-11
-13
-10
-3
2
2
0
2
2
3
4
8
14
21
24
31
39
43
44
46
49
52
58
59
60
56
57
60
58
54
48
38
29
17
4
-7
-17
-22
-26
-32
-29
-29
-28
-30
-33
-28
-24
-19
-12
2
16
27
38
53
67
76
86
94
101
105
106
104
102
103
102
100
94
87
73
62
47
28
10
-13
-29
-45
-55
-61
-58
-60
-64
-60
-53
-48
-46
-39
-33
-25
-14
-3
6
23
37
43
55
62
61
56
53
49
42
38
34
32
32
30
24
14
0
-13
-27
-39
-51
-61
-64
-65
-63
-60
-57
-52
-51
-49
-49
-51
-56
-58
-55
-53
-49
-43
-38
-34
-34
-36
-43
-46
-54
-57
-56
-59
-57
-46
-44
-45
-40
-33
-34
-41
-41
-40
-40
-39
-35
-34
-28
-17
-8
6
15
20
25
27
25
28
34
36
42
48
54
52
50
49
41
37
29
16
4
-2
-6
-12
-16
-16
-12
-9
-11
-12
-11
-13
-13
-11
-7
1
7
20
30
44
53
58
64
67
73
73
74
71
72
73
73
69
66
61
51
42
29
19
6
-5
-13
-20
-23
-23
-21
-23
-24
-23
-24
-25
-28
-23
-19
-17
-9
0
10
18
26
32
36
39
40
34
35
30
27
24
20
17
10
3
-5
-15
-24
-34
-44
-52
-59
-62
-62
-62
-57
-48
-41
-37
-34
-28
-22
-18
-13
-8
-1
-2
2
2
3
4
2
2
-6
-10
-18
-26
-32
-37
-39
-41
-43
-47
-49
-53
-58
-61
-62
-64
-65
-63
-59
-57
-52
-46
-44
-38
-27
-18
-11
-6
-1
2
6
9
13
18
25
25
26
28
23
20
16
13
13
12
9
3
2
-1
-4
-6
-5
-1
2
4
9
13
20
24
30
38
44
51
59
67
73
77
80
82
84
80
76
75
