31
6
-27
-14
17
-12
-9
27
8
-11
-36
14
-10
-7
17
11
13
-39
9
12
-20
1
-1
-17
-11
-3
17
2
-12
4
0
-19
15
8
-7
-18
-12
23
-15
-3
8
-18
-10
24
16
9
-1
-5
-32
-20
22
-22
26
-17
-8
-17
-16
23
-9
-2
-11
-2
-14
-7
-29
6
-11
-7
22
7
-11
1
-31
5
-10
6
41
-21
-7
-3
-21
-18
-20
-5
7
-6
16
19
-52
-3
-22
-1
16
-7
30
-38
-13
-28
4
16
42
-7
-13
-3
-34
24
-3
25
-16
-14
6
-4
3
1
16
-14
3
-5
-7
20
-28
24
-5
18
31
-2
18
-18
3
5
-1
21
9
24
0
-10
5
-18
43
15
48
-9
-5
-14
1
13
-13
41
16
45
-11
12
23
-13
10
19
19
4
26
28
-19
-5
-10
32
34
6
38
-20
-16
20
7
50
17
16
5
-28
7
22
19
17
14
0
28
4
9
8
17
7
19
-8
8
9
-3
34
-8
36
-28
55
9
10
6
1
24
-36
21
14
28
-11
15
-22
-9
26
-3
62
-37
3
-26
0
19
35
27
-1
-25
-13
0
9
53
-7
16
-51
57
-41
5
1
16
11
-13
43
-36
0
-25
31
-9
-17
32
0
6
14
-5
19
-38
-7
2
-20
6
37
11
-15
-46
-37
6
-47
20
-9
-42
-11
-20
18
-28
-24
-34
-42
-15
-34
-16
-31
-4
-39
-35
-1
-56
-46
-47
-32
-9
-53
20
-56
-80
-29
-59
9
-38
-18
-18
-62
-34
-6
-53
-12
-19
-50
-18
-70
19
10
-4
-18
-48
-29
-67
-13
-22
-12
-7
-22
18
-59
-45
-17
-12
16
18
-19
16
-22
-6
8
0
12
-11
17
-6
6
19
16
6
-27
8
-16
-3
24
-12
10
-6
17
16
-9
9
-10
25
-2
-1
26
10
-9
-7
-7
-12
-23
30
38
-21
16
-17
-9
-27
-27
30
-12
-3
33
-7
4
-13
36
37
-4
26
-12
-14
-9
43
47
9
16
-16
34
0
45
42
-1
13
-16
51
9
-1
9
0
-26
45
58
45
48
-40
12
-18
35
54
18
68
-45
1
-3
15
70
-30
49
-27
-34
31
-24
50
-24
-26
24
-18
38
0
-16
28
-21
0
7
-6
16
-64
25
-21
0
48
-52
6
-40
-31
-19
-10
30
-69
6
-35
-22
-22
-8
50
-7
2
-35
-33
-23
21
9
-27
-14
-33
-7
-8
34
38
-47
13
-30
7
-9
28
44
-16
-12
-58
33
55
37
40
48
-49
-18
37
71
58
-6
49
6
19
52
37
59
-1
12
86
-2
19
-9
-33
42
-50
79
61
-36
55
-40
30
4
3
76
-11
-19
-16
-12
-21
-18
20
2
-27
-20
-25
-4
-41
-29
-44
-63
2
-13
-14
2
-31
-49
-70
-32
-29
-31
-13
10
-61
-71
-28
-49
49
-25
-9
-35
-47
0
-50
40
-49
-35
-73
-40
-25
-6
30
-27
11
-83
-16
-21
-17
-18
-40
22
-19
-6
24
-17
-33
-1
11
-9
-21
-38
39
2
-58
48
-32
-40
-24
-20
28
-10
45
26
-18
-6
-26
3
35
28
-22
46
-5
1
-6
-4
-2
-29
10
-52
-17
-40
-42
-14
-39
9
-28
-24
-10
-2
-29
-27
18
-8
-2
-9
20
-4
-4
-10
-9
0
9
2
-8
-21
-31
-19
-37
20
-10
-18
-25
-15
7
-52
26
5
-17
-28
-43
-5
6
71
46
59
22
5
3
36
78
61
55
20
29
-15
-23
39
67
12
36
15
2
-29
22
46
39
56
22
38
13
16
20
10
4
-5
41
50
-10
39
4
-6
34
56
42
11
24
41
-10
-37
9
0
-3
-1
-7
26
-7
13
73
4
26
-19
7
29
-24
17
12
-11
-42
-33
-27
-5
13
18
1
-37
-21
-8
19
57
11
12
-16
10
31
33
23
-11
-3
-43
3
55
26
30
6
-7
-19
-19
10
-5
21
-4
-15
-48
-49
-13
-22
-7
-20
-12
8
-21
19
2
-37
-17
4
52
32
35
-3
-44
-66
-52
12
9
16
-21
-12
-61
-70
-16
-3
3
5
2
-11
-45
-19
-12
-24
-13
-33
-14
-34
-52
-39
-8
-11
2
-18
-14
-25
-38
-16
-34
-25
-39
-43
-51
-41
-27
-14
13
21
16
-13
13
36
48
62
78
31
-3
10
15
21
37
29
19
-6
-2
36
47
42
29
26
18
17
20
-2
-30
-4
-9
-2
14
36
46
47
34
8
3
-4
24
32
10
-5
-3
-10
15
60
67
45
41
61
57
56
47
56
44
41
54
48
37
3
35
13
12
7
29
16
1
31
4
19
8
16
4
5
-3
20
39
63
79
59
76
44
73
51
73
41
28
39
-6
3
12
11
-23
-23
-40
-40
-67
-61
-79
-101
-99
-110
-83
-83
-76
-71
-73
-72
-66
-58
-66
-89
-79
-90
-50
-37
-31
-30
-52
-63
-72
-48
-54
-51
-44
-39
-8
33
25
2
-32
-36
-76
-56
-56
-77
-71
-73
-35
-19
9
-16
-1
1
1
-1
-11
-16
-52
-37
-29
19
38
52
51
46
51
58
74
55
69
55
92
102
137
159
163
189
179
186
170
156
121
92
55
23
21
30
49
59
79
83
104
105
93
77
56
59
45
49
39
57
47
59
56
33
33
13
-12
-31
-58
-65
-66
-112
-126
-142
-133
-154
-154
-152
-190
-197
-212
-196
-242
-237
-258
-275
-265
-276
-235
-249
-253
-269
-285
-319
-333
-353
-393
-449
-521
-540
-543
-529
-515
-447
-391
-310
-214
-103
19
100
218
297
413
569
705
823
926
1013
1092
1135
1156
1132
1041
890
712
549
388
251
119
25
-43
-62
-37
15
69
91
102
117
132
130
149
164
187
227
250
270
292
300
285
258
223
183
116
47
-11
-62
-65
-58
-40
-7
-10
-35
-90
-171
-242
-338
-445
-541
-620
-652
-664
-641
-596
-556
-526
-527
-507
-504
-501
-547
-591
-644
-698
-680
-681
-680
-657
-656
-686
-764
-897
-1070
-1255
-1454
-1692
-1972
-2109
-2242
-2237
-1313
-351
523
1088
1969
2658
2681
3528
3745
3376
2457
1807
1010
92
-148
-374
-603
-942
-583
-520
-154
210
200
-17
-561
-590
-736
-839
-1006
-892
-719
-515
-22
589
1228
1420
1556
1437
1367
1358
1310
1132
809
656
551
574
510
539
432
230
21
-100
-96
-39
-46
-99
-32
82
319
337
424
329
188
86
-51
-105
-157
-181
-255
-181
-8
293
397
477
489
438
428
259
116
-39
-207
-411
-489
-491
-419
-410
-416
-384
-386
-307
-349
-400
-435
-383
-318
-260
-108
11
83
56
18
-42
-183
-385
-673
-906
-1044
-1163
-1212
-1215
-1197
-1101
-1022
-915
-883
-917
-1095
-1378
-1727
-2045
-2399
-2703
-2997
-3081
-1479
3
1302
2012
2965
3712
3298
4418
4532
3942
2416
1176
52
-1162
-1203
-1302
-1250
-1665
-1191
-981
-258
284
171
-22
-1040
-1169
-1284
-1119
-1181
-1010
-540
-350
240
1047
1876
1814
1614
1186
838
790
904
992
751
764
804
936
982
1073
827
373
-97
-517
-509
-411
-261
-259
-40
266
518
763
896
783
440
156
-166
-235
-190
-44
-55
104
555
881
1192
1212
1136
896
660
347
95
-14
-114
-375
-483
-310
-251
-87
-215
-294
-427
-490
-529
-632
-553
-451
-373
-239
75
294
582
573
530
422
236
46
-347
-601
-817
-939
-1029
-969
-888
-733
-682
-702
-699
-730
-703
-895
-893
-924
-902
-871
-854
-740
-844
-838
-1172
-1461
-1741
-2146
-2518
-3016
-3185
-3379
-2049
8
1590
2633
3274
4242
3816
4326
4856
4150
2576
628
-451
-1855
-2179
-2013
-1812
-1957
-1786
-1270
-656
212
267
160
-759
-1128
-870
-564
-225
-103
454
668
938
1513
2179
2159
1587
961
444
407
565
922
841
775
861
935
996
905
686
73
-508
-916
-854
-498
-66
261
432
785
958
1051
940
643
160
-435
-835
-998
-838
-593
-417
-173
337
738
1118
1190
1225
1142
923
824
431
444
292
77
-155
-281
-210
-365
-570
-772
-805
-810
-579
-505
-212
58
233
409
387
479
361
161
-106
-338
-529
-691
-963
-1110
-1106
-1044
-940
-857
-678
-575
-439
-380
-295
-205
-194
-208
-259
-224
-194
-276
-488
-621
-906
-1068
-1356
-1550
-1628
-1942
-2093
-2487
-2641
-2750
-3029
-2557
-474
1533
2924
3288
3898
4240
3697
4847
4670
3698
1757
26
-1031
-2315
-1997
-1667
-1571
-1905
-1710
-1221
-340
208
138
-132
-1039
-830
-421
188
635
932
1456
1251
1441
1894
2066
1555
561
-206
-591
-422
57
537
655
729
770
829
884
760
529
-76
-530
-682
-344
266
676
867
753
622
306
49
-311
-733
-1268
-1710
-1656
-1382
-773
-320
67
408
592
925
1072
1107
995
759
866
654
681
695
409
41
-619
-827
-1115
-1252
-1367
-1386
-1227
-808
-372
126
646
753
928
680
550
318
90
-95
-353
-436
-445
-456
-509
-467
-545
-502
-635
-629
-518
-301
-92
58
230
290
367
202
115
-167
-432
-808
-1150
-1341
-1436
-1392
-1470
-1393
-1472
-1567
-1779
-2090
-2375
-2873
-3230
-3665
-3166
-486
2012
3831
4326
4977
4938
3997
4959
4639
3461
974
-897
-2090
-3127
-2354
-1634
-1111
-1588
-1583
-1253
-419
152
199
39
-891
-626
107
1184
1805
2179
2357
1491
1024
1016
1213
771
-75
-662
-873
-424
417
1303
1532
1341
881
439
166
149
227
-146
-449
-494
152
1019
1584
1652
1158
556
-170
-605
-898
-979
-1166
-1393
-1311
-878
-40
469
665
499
418
375
440
660
766
830
684
791
712
806
673
-8
-898
-1563
-1620
-1783
-1526
-1136
-689
-267
142
569
990
1209
925
527
213
217
91
54
-139
-378
-504
-694
-857
-981
-1018
-1221
-1296
-1159
-600
41
476
730
862
922
818
597
266
-140
-676
-1114
-1364
-1404
-1303
-1268
-1388
-1640
-1786
-1991
-2246
-2591
-2978
-3295
-3648
-3684
-3399
-684
2684
4924
5581
5325
5388
3691
4001
4321
3585
1602
-1005
-2077
-3466
-2963
-2049
-1226
-1577
-2237
-2083
-1341
-181
379
971
262
48
630
1615
2290
2277
2325
1173
41
-221
239
501
-35
-542
-883
-743
7
1065
1671
1598
1109
583
365
485
827
732
434
150
220
740
1133
1234
747
28
-827
-1407
-1488
-1353
-1172
-1209
-1186
-994
-407
189
483
574
423
439
630
1031
1510
1685
1600
1227
888
745
468
-143
-994
-1832
-2026
-2009
-1624
-986
-576
-166
-63
257
624
953
1051
814
634
585
524
431
226
-185
-701
-1200
-1534
-1672
-1540
-1386
-1205
-927
-427
258
793
960
914
731
485
140
-209
-407
-709
-1042
-1303
-1435
-1324
-1254
-1480
-1647
-1945
-1984
-2135
-2223
-2182
-2385
-2561
-2844
-3070
-1996
1399
4109
5596
5141
4914
3855
2498
3779
3701
3075
343
-1611
-2931
-3982
-2801
-1867
-1015
-1701
-2090
-1656
-547
629
1451
1605
731
648
984
1759
1977
2145
1813
246
-522
-532
148
220
-305
-693
-1216
-928
-5
1213
1939
1738
1195
625
365
599
856
765
432
-45
2
359
742
805
160
-644
-1575
-1980
-1849
-1434
-902
-695
-557
-309
191
655
892
790
618
594
786
1165
1500
1718
1462
1121
620
203
-92
-673
-1169
-1687
-1471
-1073
-665
-45
246
431
339
336
519
738
785
745
594
485
307
39
-252
-778
-1175
-1552
-1729
-1597
-1150
-697
-374
-64
359
768
899
841
690
473
101
-181
-370
-419
-626
-949
-1207
-1451
-1518
-1643
-1801
-1898
-1963
-1987
-1942
-1996
-2034
-2206
-2665
-3029
-3082
-83
3578
5661
5933
4771
4109
1822
2421
3625
3502
1949
-1122
-2628
-4520
-3954
-2447
-1127
-1131
-2171
-2135
-1455
163
1321
2234
1527
809
871
1224
1985
2260
2600
1195
-417
-889
-558
88
-270
-485
-990
-1252
-563
767
2171
2463
1970
1025
214
15
387
662
616
347
20
169
429
752
450
-375
-1367
-2231
-2248
-1817
-910
-225
80
152
219
404
531
708
707
725
647
910
1295
1919
2126
1580
913
48
-438
-773
-880
-954
-1065
-1037
-897
-748
-268
19
-37
-81
-120
340
804
1235
1381
1040
488
-137
-595
-815
-1061
-1240
-1404
-1506
-1136
-698
-280
-109
-62
44
102
323
586
836
790
363
-52
-391
-727
-1114
-1515
-1764
-1961
-1913
-1884
-1889
-1815
-1909
-2049
-2263
-2271
-2316
-2685
-2967
-3431
-1434
2580
5392
6402
4826
3958
1486
829
3109
4035
3997
788
-1360
-3737
-4848
-3388
-1697
-413
-1310
-1898
-1659
-375
844
1976
1873
767
554
540
1508
2267
3174
2782
575
-557
-945
-320
-146
-347
-342
-882
-655
268
1703
2467
2082
1036
-104
-581
-218
643
1086
1196
664
187
16
-22
90
-397
-969
-1672
-1864
-1441
-723
14
193
-23
-405
-404
-245
234
687
1074
1216
992
911
736
981
1272
938
671
329
-232
-573
-926
-424
-496
-822
-762
-1164
-716
-558
-294
168
259
536
575
725
1075
930
602
108
-501
-541
-747
-886
-1001
-1190
-1069
-1030
-718
-148
353
716
620
464
525
552
601
355
138
-179
-608
-885
-1167
-1397
-1711
-1925
-2193
-2147
-1893
-1783
-1726
-1934
-2020
-2331
-2766
-2964
-3328
-681
3050
5356
5782
3833
2957
297
670
3377
4630
4671
1177
-872
-3726
-4653
-2958
-1017
374
-833
-1499
-1838
-1062
-336
664
746
-28
190
192
1549
2467
3390
2737
373
-492
-877
-35
402
706
834
-68
-276
78
1129
1518
1166
348
-506
-736
-426
459
817
877
274
-195
-143
86
566
518
234
-474
-957
-976
-557
-78
40
-59
-315
-288
-339
-107
209
477
505
239
311
573
1327
1707
1749
1378
596
-177
-962
-694
-218
44
-122
-651
-1023
-1308
-1324
-1010
-502
-38
411
615
1138
1356
1133
536
-357
-715
-876
-625
-401
-298
-309
-663
-998
-1078
-776
-412
-244
-301
-221
24
261
353
260
203
-302
-846
-1155
-1261
-1258
-1533
-1862
-2115
-2058
-1805
-1661
-1635
-1729
-2112
-2650
-3180
-3545
-2956
554
3880
5353
4305
2385
1334
-417
2265
5221
6509
4902
763
-1592
-4631
-3997
-1525
898
1679
-304
-1618
-2648
-2347
-1738
-696
-332
-199
358
813
2057
2495
2887
1491
-211
-218
377
1851
2219
2333
1432
-192
-631
-230
944
1384
1246
411
-622
-1210
-1323
-796
-434
-86
-183
105
593
876
1033
539
-16
-827
-1025
-529
444
1335
1370
886
103
-618
-1217
-1142
-519
155
398
332
255
296
163
551
584
941
1239
393
575
-146
644
697
210
525
-922
-1002
-1775
-1651
-661
-207
532
532
292
263
-125
-443
-188
-464
37
66
136
619
218
7
-794
-1258
-1037
-912
-489
-300
-268
-141
-273
-145
257
194
-36
-738
-1213
-1341
-1552
-1224
-1262
-1151
-1394
-1822
-2136
-2525
-2492
-2593
-2770
-2918
-3160
-2214
1354
4003
4754
2793
1174
370
-71
3835
6426
7023
3954
-220
-2635
-4651
-2213
909
3052
2404
-588
-2800
-4306
-3798
-2535
-966
-171
239
308
248
790
801
1148
294
186
1157
2350
3597
3074
2486
902
-278
12
1029
2338
2143
1203
-511
-2029
-2603
-2280
-1172
-141
451
312
206
-81
-309
-357
-297
118
282
850
1336
1654
1543
685
-45
-671
-804
-664
-84
532
699
235
-383
-760
-607
-39
203
776
888
813
384
46
378
253
416
379
35
-211
-781
-1083
-983
-685
-7
281
321
267
-393
-815
-1097
-888
-110
388
792
824
572
146
-569
-1017
-1133
-930
-510
-166
-14
54
-131
-419
-659
-643
-526
-689
-684
-847
-963
-1050
-1263
-1252
-1627
-1783
-2129
-2299
-2172
-2208
-2137
-2494
-2871
-3072
-329
2811
4217
3074
1063
660
-52
2907
6239
7013
4671
55
-2127
-3587
-1576
2350
4453
3695
-363
-3506
-5174
-4464
-2257
-173
629
-44
-784
-1748
-1588
-1055
183
780
783
1853
2625
3381
2785
2066
1326
605
1428
2600
3626
3031
1431
-507
-2006
-2188
-1495
-431
22
-186
-1042
-1639
-1641
-1284
-731
-323
92
201
290
515
838
1114
997
779
670
689
570
486
528
535
469
183
19
-175
-253
-83
-36
112
-29
-283
-427
-304
413
719
454
-116
-776
-1026
-909
-236
605
935
638
-118
-828
-1037
-922
-566
-143
159
397
353
126
-99
-290
-495
-726
-827
-592
-308
-213
-297
-418
-364
-327
-280
-269
-380
-592
-888
-870
-779
-584
-609
-928
-1383
-1903
-2198
-2272
-2191
-2073
-2347
-2832
-3214
-3647
-1014
2265
3945
2536
147
89
-130
2909
6626
7380
4666
-297
-2175
-2552
-277
3916
5768
4187
-718
-4315
-5246
-3675
-914
1169
1119
-718
-2333
-3579
-3254
-2144
-252
876
623
1122
1480
1945
1594
1351
1786
2035
3062
4052
4353
3265
1445
-87
-781
-417
333
627
-140
-1259
-2411
-2735
-2149
-1283
-776
-960
-1257
-1505
-1314
-728
172
851
1079
1012
934
1052
1017
1138
1297
1557
1650
1501
1114
675
177
-45
0
128
476
-42
-556
-1232
-1294
-831
-660
-346
-552
-945
-1183
-1188
-465
239
456
344
-264
-473
-436
-159
387
628
698
532
204
20
-91
-220
-375
-660
-733
-591
-499
-413
-589
-767
-850
-967
-779
-665
-569
-614
-850
-830
-890
-746
-676
-1051
-1236
-1816
-1938
-2073
-2049
-2164
-2675
-3036
-2618
438
2545
2767
208
-942
-553
701
4840
7057
6224
1545
-2035
-2067
-632
3111
6002
5895
2071
-2650
-4297
-3105
-362
1727
1918
-166
-2579
-3897
-3828
-2692
-1339
117
-58
-668
-535
70
573
384
1014
1931
2750
3626
3996
3701
2534
1739
1511
1776
2115
1911
902
-630
-1614
-1735
-1170
-622
-671
-1450
-2462
-2978
-2778
-1935
-1063
-495
-478
-673
-654
-255
442
925
1291
1557
1755
1891
1807
1824
1682
1538
1278
1074
1058
820
289
-615
-1037
-1051
-825
-582
-607
-904
-1619
-2010
-1909
-1221
-377
12
-7
-511
-750
-719
-348
290
659
773
592
450
454
538
619
544
277
82
-4
-42
-114
-318
-496
-790
-973
-1044
-1041
-1038
-1234
-1350
-1421
-1315
-1297
-1114
-1338
-1593
-1844
-1921
-1694
-1658
-1516
-1919
-2323
-2647
-445
2205
3083
1134
-937
-481
104
3124
6175
6383
2738
-1701
-1969
-485
2192
5151
5876
3088
-1562
-3614
-2418
38
1975
2384
407
-2253
-3551
-3235
-2127
-1080
24
-46
-1296
-1785
-1133
-240
34
380
1347
1949
2369
2921
3087
2707
2133
2243
2529
2613
2369
1617
706
-2
-8
261
336
-116
-1143
-2164
-2765
-2580
-2054
-1572
-1382
-1643
-1861
-1836
-1253
-499
42
240
360
706
1094
1510
1595
1807
1724
1592
1380
1249
1364
888
687
212
159
-57
-321
-358
-758
-948
-1263
-1466
-1365
-1187
-964
-832
-1046
-1034
-1243
-1278
-933
-546
-11
119
187
281
325
552
783
800
810
729
568
487
234
284
209
-64
-277
-558
-541
-785
-1009
-1088
-1224
-1328
-1501
-1640
-1671
-1819
-1821
-1935
-1826
-1794
-1871
-2255
-2437
-2444
-1879
818
2494
2376
-241
-1029
41
1467
4609
6076
4734
436
-1850
-276
2128
4661
5933
4536
314
-3067
-2590
235
2297
2596
1047
-1965
-4020
-3908
-2252
-881
-389
-706
-1980
-3157
-2763
-1355
-188
256
531
1098
1395
1943
2537
2649
2329
2201
2645
2765
2479
2037
1716
1359
992
1059
911
384
-733
-1504
-1750
-1685
-1485
-1494
-1577
-1978
-2298
-2289
-1869
-1305
-990
-940
-901
-365
220
623
663
668
1002
1207
1554
1561
1635
1492
1096
984
1110
1388
1078
437
58
-94
-216
-318
-570
-696
-991
-1205
-1236
-1339
-1377
-1579
-1683
-1525
-1093
-664
-326
-230
-22
95
67
212
373
768
905
986
1091
1114
1028
714
508
492
398
225
27
-168
-438
-882
-1167
-1354
-1387
-1420
-1510
-1645
-1889
-2154
-2361
-2547
-2516
-2615
-2387
-2502
-1957
453
1809
1478
-1198
-1544
-228
1430
4405
5678
4483
510
-1079
1011
3436
5137
5556
4074
476
-2015
-1029
1731
2970
2289
196
-2732
-4108
-3137
-1221
-608
-1376
-2234
-3411
-4150
-3090
-1083
74
-233
-576
-132
257
1051
1892
2314
2066
1895
2297
2450
2491
2509
2594
2271
1770
1540
1156
750
141
-178
-463
-642
-598
-805
-1193
-1834
-2145
-2072
-1822
-1419
-1141
-1139
-1434
-1564
-1312
-834
-390
-56
141
364
645
726
845
1032
1242
1412
1515
1798
1758
1203
861
732
1005
1089
873
524
-182
-787
-1108
-1178
-1014
-973
-1108
-1244
-1450
-1297
-1138
-1233
-1317
-1358
-974
-505
-53
336
439
369
272
386
726
1058
1145
1121
917
727
518
386
394
235
28
-265
-581
-882
-1254
-1581
-1859
-2180
-2321
-2496
-2472
-2603
-2750
-2987
-2472
-584
310
-391
-2182
-1777
-235
1491
3654
4486
3195
246
-166
2082
4310
5385
5411
3894
884
-752
661
3007
3366
2176
320
-1737
-2910
-2394
-1121
-980
-1734
-2532
-3220
-3603
-2861
-1596
-1162
-1564
-1587
-967
-567
82
728
1126
763
813
1622
2114
2226
2152
2255
1932
1604
1773
1968
1805
1272
955
692
571
589
423
-86
-773
-996
-930
-855
-942
-1238
-1646
-1937
-1833
-1466
-1273
-1365
-1434
-1335
-914
-493
-6
267
317
384
558
1046
1529
1795
1727
1532
1395
1445
1475
1398
1070
591
246
88
241
309
136
-333
-791
-1049
-1164
-1171
-1205
-1164
-1192
-1152
-1118
-982
-855
-754
-661
-517
-262
-20
174
249
364
433
501
638
839
920
720
379
103
-24
-119
-230
-558
-931
-1382
-1635
-1745
-1874
-2060
-2650
-2991
-3322
-2423
-889
-216
-938
-2268
-1844
-838
770
2642
3452
2282
53
2
1708
3498
4427
4743
3616
1215
7
1247
3196
3488
2441
754
-1036
-1954
-1212
-53
144
-677
-1640
-2617
-3211
-2407
-1158
-734
-1427
-1859
-1643
-1377
-801
-197
204
-12
71
513
814
957
1088
1370
1320
1445
1796
2007
1754
1382
1367
1474
1654
1681
1451
888
300
11
-33
9
-75
-409
-1012
-1563
-1758
-1609
-1438
-1340
-1366
-1466
-1517
-1464
-1110
-512
-176
-136
-143
177
653
779
883
881
797
730
784
1083
1221
1162
994
807
549
380
225
146
177
58
-125
-503
-689
-628
-649
-679
-711
-709
-766
-963
-949
-725
-517
-384
-239
-35
91
80
39
136
184
261
332
363
320
80
-130
-245
-439
-643
-932
-1142
-1394
-1672
-1927
-2157
-2200
-2240
-1487
-631
-283
-956
-1650
-1297
-629
638
1924
2491
1395
-174
-312
810
2292
3378
3989
2928
948
-172
522
1969
2713
2674
1528
-136
-1122
-745
68
371
217
-318
-1304
-2127
-1897
-1101
-911
-1197
-1226
-981
-844
-868
-733
-675
-737
-435
-48
254
315
438
544
487
679
1251
1729
1698
1513
1366
1366
1311
1383
1593
1545
1252
714
166
-143
-233
-227
-395
-754
-958
-1123
-1271
-1329
-1198
-987
-994
-970
-764
-496
-475
-490
-358
-168
-92
-67
95
247
373
444
532
500
437
353
273
242
304
450
502
483
366
164
-129
-200
-53
143
119
-115
-369
-572
-547
-339
-99
1
-28
-134
-313
-423
-323
-5
236
238
73
-102
-152
-180
-183
-194
-290
-507
-815
-1024
-1080
-1127
-1218
-1404
-1579
-1714
-1773
-1758
-1506
-781
-122
-24
-585
-888
-787
-349
537
1606
2004
1186
314
197
667
1279
2113
2710
2261
1151
482
642
991
1384
1705
1480
774
59
-215
-407
-398
-135
-64
-450
-925
-995
-1010
-1124
-1065
-794
-716
-862
-857
-732
-717
-751
-596
-294
13
405
683
775
684
742
971
1291
1633
1824
1799
1534
1296
1142
1024
897
747
585
323
55
-214
-404
-474
-511
-481
-559
-648
-655
-607
-520
-445
-366
-394
-482
-442
-186
55
132
97
27
-18
-9
111
183
154
91
80
128
153
132
61
-9
-30
44
109
107
-1
-145
-187
-149
36
164
156
17
-106
-118
-125
-54
33
109
43
-15
23
62
59
7
-7
-153
-344
-500
-536
-541
-594
-681
-798
-920
-997
-968
-925
-841
-831
-941
-1044
-1020
-853
-753
-758
-805
-862
-714
-353
48
179
-2
-192
-272
-127
304
781
930
683
417
384
518
762
1126
1332
1228
955
792
826
862
943
1013
968
828
615
431
230
-3
-134
-190
-278
-409
-576
-700
-803
-852
-753
-646
-543
-448
-391
-279
-148
35
206
338
513
649
663
622
649
713
703
598
535
484
397
270
180
191
173
134
51
-14
-69
-94
-73
-55
22
12
2
-37
-1
83
120
178
184
136
33
-56
-66
-42
-54
-112
-143
-134
-108
-122
-185
-249
-305
-300
-276
-199
-96
-28
-36
-62
-6
118
238
224
174
226
333
392
398
430
485
499
426
342
268
229
165
80
-9
-121
-214
-309
-408
-517
-625
-714
-725
-746
-694
-621
-625
-723
-821
-735
-569
-524
-438
-347
-312
-345
-380
-281
-221
-185
-166
-165
-191
-242
-308
-285
-181
-81
-42
-35
-58
-130
-188
-119
21
94
91
86
126
124
92
49
48
68
103
123
138
171
153
135
102
141
250
353
415
411
376
356
374
478
632
709
682
549
431
350
345
415
453
361
141
-44
-141
-170
-184
-157
-107
-92
-153
-192
-147
-105
-75
-35
65
156
211
267
267
283
286
383
489
584
618
524
365
183
155
225
316
272
156
23
-111
-184
-255
-259
-254
-176
-131
-184
-241
-306
-332
-367
-331
-154
40
107
75
18
34
64
170
281
368
384
316
223
105
121
174
205
156
73
-35
-199
-291
-311
-270
-252
-291
-349
-464
-518
-534
-637
-674
-625
-470
-400
-436
-453
-489
-533
-514
-357
-167
-31
-87
-167
-195
-58
137
298
426
417
336
246
274
425
593
637
544
362
192
115
73
38
-33
-166
-361
-606
-768
-822
-831
-860
-907
-924
-963
-1005
-979
-906
-772
-667
-539
-403
-262
-82
33
56
103
201
338
434
477
538
496
375
291
285
355
440
413
304
157
73
48
56
140
206
219
124
62
86
180
292
333
350
348
323
265
298
356
435
409
353
364
379
408
360
267
206
177
173
195
201
202
127
39
-71
-115
-37
59
142
156
154
131
90
82
171
263
348
362
296
297
258
349
450
417
376
250
210
205
192
283
253
141
60
-61
-44
-76
-111
-153
-288
-371
-493
-461
-485
-482
-466
-528
-601
-694
-661
-614
-548
-497
-391
-373
-354
-324
-200
41
101
147
176
282
420
500
566
596
592
596
537
521
540
456
319
146
2
-58
-167
-222
-267
-433
-525
-673
-706
-639
-587
-461
-522
-593
-615
-586
-391
-265
-176
-111
-94
-127
-168
-76
2
8
-54
-65
-86
-88
-150
-167
-181
-272
-258
-276
-271
-248
-282
-269
-269
-221
-153
-144
-73
7
94
75
94
109
170
239
209
253
268
299
320
324
367
369
350
259
239
298
336
350
182
58
-76
-120
-63
17
41
-82
-208
-246
-191
-113
14
26
-25
-102
-69
89
154
192
183
175
227
219
166
190
215
320
387
455
489
363
243
162
211
277
311
341
294
165
52
-98
-115
-114
-114
-167
-299
-416
-478
-459
-419
-281
-220
-195
-231
-245
-111
35
225
362
401
416
427
557
649
712
717
657
570
497
458
384
340
242
176
-60
-120
-195
-223
-212
-315
-294
-388
-399
-376
-337
-297
-296
-349
-259
-245
-187
-105
-74
-17
-122
-91
-49
-56
-56
-30
-66
-147
-181
-127
-226
-364
-349
-362
-248
-291
-275
-224
-376
-365
-365
-230
-43
-147
-123
-121
-140
5
103
106
82
47
102
137
68
181
195
137
188
160
227
150
92
167
32
96
38
29
80
23
-22
-119
-213
-152
-57
-101
9
-79
-117
-208
-317
-127
-143
86
18
-129
-36
-82
13
10
136
233
95
63
118
141
141
145
97
147
120
101
180
57
-84
-123
-192
-229
-223
-156
-284
-375
-493
-555
-479
-445
-304
-274
-269
-267
-145
-48
115
298
347
453
450
459
616
613
653
739
682
637
516
449
446
381
322
276
181
90
53
-55
-54
-54
-94
-121
-170
-122
-95
-98
-85
-36
-110
-21
-44
36
126
131
197
110
131
90
45
102
58
108
34
16
-47
-39
-6
-56
-13
-101
-130
-153
-113
-168
-102
-88
-109
-41
-73
-91
-107
44
5
68
17
18
94
57
228
240
275
226
158
221
130
88
205
-28
206
122
141
102
-167
-111
-340
-240
-99
-87
-79
-257
-309
-432
-448
-274
-272
-87
-317
-280
-340
-349
-213
-85
-29
-47
-183
-119
-31
-42
125
84
165
100
32
100
28
42
21
-59
-9
-94
-21
-140
-284
-341
-488
-427
-411
-313
-380
-558
-442
-474
-281
-132
-68
6
-162
-5
33
85
170
228
334
324
373
388
291
148
212
142
240
300
188
113
-39
-124
-88
-164
76
-30
-70
-75
-238
-65
-188
21
-82
-22
-110
-130
95
47
116
136
84
-47
-8
113
186
263
180
-7
-9
-108
-6
50
85
122
-58
-62
52
-28
4
14
62
30
70
120
94
58
14
213
161
296
386
211
252
262
246
327
289
441
356
331
475
376
445
331
290
301
89
141
71
180
-13
36
-94
-240
-191
-330
-223
-281
-275
-257
-310
-314
-329
-277
-299
-288
-177
-150
-129
-155
-106
-88
-24
17
94
187
108
117
-32
16
-38
47
167
95
114
-126
-50
-258
-348
-175
-300
-247
-219
-394
-358
-422
-256
-152
-222
61
-71
-100
-36
-1
121
146
333
352
265
304
189
292
240
222
230
214
128
124
100
-84
-97
-119
-43
-98
-91
-51
-155
-249
-314
-230
-250
-206
-126
-146
-229
-265
-186
-184
-144
-190
25
-97
-198
-113
-255
-61
-121
58
45
-101
-3
-106
-137
-7
121
12
34
41
-1
-129
-31
55
83
3
154
137
24
173
81
156
116
205
251
318
292
294
376
294
317
359
425
331
314
397
316
325
363
302
152
123
62
106
-8
39
27
-13
-129
-292
-109
-289
-153
-144
-188
-183
-326
-201
-130
-106
25
-106
-143
-70
-134
142
137
137
120
17
19
-46
38
51
92
-99
-72
-139
-356
-154
-372
-129
-283
-380
-182
-458
-279
-255
-347
-218
-343
-62
-196
-98
47
14
113
-40
143
207
146
254
262
192
295
244
244
116
198
127
177
187
199
215
24
120
18
-39
90
62
66
-155
-47
-72
-122
13
-105
11
-173
-214
-227
-158
-194
-84
-129
-259
-136
-251
-184
-183
-145
-85
-195
-268
-184
-243
-146
-129
-104
-129
-229
-170
-204
9
-115
-140
-210
-190
-51
-172
-52
-53
27
-53
13
-16
96
145
121
171
287
356
325
452
304
291
188
225
272
181
341
139
194
18
-18
-107
-55
200
-253
96
-233
-179
-162
-236
-95
-176
-141
-43
-108
-94
29
-172
50
-52
-20
233
215
313
207
185
236
193
109
172
225
149
129
158
113
-35
-83
-7
2
-51
-28
96
-88
-148
-113
-92
33
36
46
95
52
71
55
160
-2
50
134
69
228
170
154
54
90
47
175
132
90
128
-111
-73
-81
-19
153
10
109
116
-105
-97
-150
92
-14
50
8
-247
-148
-196
-51
64
-49
-33
-128
-86
-104
-84
-67
-73
-180
-122
-29
5
-22
-70
-34
-123
-145
-90
-64
-65
-56
-117
-52
-196
-16
-9
-64
-42
-177
-77
44
-30
193
33
-18
28
-124
243
-12
259
249
-42
272
-77
206
182
97
271
8
169
32
-144
-5
-90
12
71
39
-13
-59
-136
-108
-139
-152
-163
-142
-1
-78
-103
-101
-181
-21
-92
29
134
49
79
-83
-3
-36
124
129
86
135
-12
-13
58
0
1
-9
8
10
-57
1
57
69
41
130
49
-9
-26
-40
59
149
67
43
17
27
60
104
107
231
-6
-90
12
-2
119
10
226
21
-120
-119
-64
85
-122
89
-90
-104
-73
-158
90
-39
179
13
8
83
-65
148
30
42
-20
-63
-76
29
124
36
-25
-35
-25
-41
40
128
141
-54
-9
-127
-61
22
42
-43
-59
-22
-162
-68
-58
35
-123
-231
53
-16
-117
124
37
-43
-43
-94
183
100
124
154
67
-107
5
36
-8
230
-8
268
-76
-46
76
-153
-17
-9
-86
-124
-114
-106
-68
-181
-53
-175
-171
-121
-248
23
-11
-158
-109
-40
-89
50
-27
21
-47
-172
35
-48
34
17
25
-37
-97
-132
-130
13
100
68
128
-3
-172
64
-171
30
108
95
117
-19
90
-61
-80
-52
103
50
33
116
-36
-55
-130
20
63
226
76
39
-51
-177
-9
-65
82
152
26
12
-10
-158
9
34
64
41
-55
56
-22
36
51
20
21
-45
6
5
-126
-62
5
53
54
-46
-2
-40
-30
-36
36
122
91
3
76
38
19
64
72
210
36
122
188
-23
30
97
53
110
26
72
64
-61
129
-1
-19
43
64
-63
-67
-34
-175
-15
-84
53
7
69
8
43
-27
-113
40
0
84
-53
74
49
-176
-107
102
-10
79
56
-36
-98
-217
-120
-101
81
10
0
17
-144
-99
-160
-116
55
-34
-30
-167
-133
-51
-124
-59
22
-108
-93
-114
79
-24
17
86
-55
9
-23
59
20
103
13
74
119
179
211
38
-69
-90
-96
63
-43
140
88
1
-99
-76
45
-132
13
72
-10
-21
-62
-117
-25
-70
79
27
-37
-35
-90
40
-52
24
-35
-112
-59
22
37
-64
-36
-127
-68
-200
-28
-59
-23
40
-71
30
-33
4
134
156
117
61
-11
155
126
81
197
60
138
17
37
202
-20
149
84
71
93
-68
160
83
64
93
-20
50
-63
7
6
94
27
86
75
-7
31
-100
46
27
-26
177
-38
7
-18
-44
150
-117
103
35
-97
44
-38
86
14
-56
24
-34
-142
-198
-105
-129
-56
-106
14
82
-173
4
-61
-113
-70
-33
12
-49
35
-94
-19
96
-29
77
72
103
86
26
112
23
83
29
112
210
84
75
16
64
16
-77
115
-18
-164
21
-118
15
-43
-141
16
-79
-39
-57
-45
-148
-140
-53
17
-8
-51
-85
-65
-95
-22
1
-72
57
-156
-96
-181
-155
-70
-280
-134
-87
-64
-118
-107
-13
-217
-115
-162
-25
-37
-11
69
23
14
-50
22
111
149
54
94
208
71
149
129
127
131
-91
124
18
75
-80
68
93
-45
-67
-40
-19
-76
22
37
-12
61
11
45
96
24
161
75
121
23
149
103
57
144
31
42
69
101
42
-44
-49
96
23
8
13
40
2
-32
50
3
-67
-133
-23
-65
-133
-55
-33
15
8
-62
83
29
-44
32
77
-26
160
98
23
34
12
216
34
185
76
-2
14
15
154
167
89
81
-88
-63
-160
90
38
28
-45
-8
-77
-227
-7
-246
36
-155
-55
-42
-135
-92
78
-28
-27
16
-43
-23
-74
1
-138
-144
-170
-21
-154
-5
-18
-114
-163
-225
-1
-102
48
-120
-69
-87
-210
-37
-31
75
-19
29
53
-73
-23
63
40
73
61
49
-15
4
115
75
72
40
136
12
67
79
-93
119
-54
125
19
-51
-71
-145
-48
5
102
33
-40
-239
-32
-69
58
99
106
88
-63
-95
36
-21
-17
159
-80
51
-134
-19
28
-52
82
10
-5
-44
-13
-72
-97
-63
-5
-28
45
30
-113
9
-151
-6
27
-30
106
45
85
16
98
99
156
41
178
194
49
145
-52
75
98
169
95
202
169
104
123
0
149
7
154
108
102
16
-6
9
-100
-58
-110
-9
-14
6
-66
35
-104
2
0
-71
52
-86
129
-24
45
-82
-40
22
-5
115
17
3
-159
-154
-150
10
-15
41
-15
-97
-27
-106
-47
11
-36
-22
7
-68
-10
-37
-69
-23
-5
45
32
96
45
23
-62
65
113
75
181
71
106
83
214
116
118
138
42
115
29
-12
22
36
24
106
-7
81
34
-75
40
-68
7
-87
7
41
-72
39
-75
18
-73
-29
-63
-44
-111
-50
-50
-63
-31
-85
55
-30
-102
-75
-43
-102
-157
-9
-20
-126
-52
-58
17
-173
-83
-76
-79
-29
-31
-19
-81
-153
-4
-29
-41
7
-29
-65
-115
-39
38
57
53
56
80
-31
-12
112
35
85
49
-5
55
61
63
85
19
15
22
-98
137
-120
-17
-3
-88
75
-54
143
5
144
9
35
23
33
46
66
49
-106
68
92
101
-20
46
-72
-78
30
65
128
32
33
-24
19
4
91
103
-38
-27
-91
49
76
67
19
-24
1
-60
4
94
101
42
140
-9
68
-82
16
109
36
31
-13
4
-88
81
-154
142
-161
44
89
-59
7
-109
-30
-112
6
-103
87
-131
-90
-73
-108
-41
-61
14
-152
17
-92
-25
-10
-7
-10
1
-71
-28
18
-40
25
-91
18
-63
-113
39
13
-97
-118
-67
-41
-33
-19
30
-126
-193
-129
-69
67
-79
3
-91
-124
-109
-40
46
99
-38
38
-16
-96
127
-55
157
-9
-49
84
-90
42
46
-90
18
-175
-8
-60
-55
64
-129
36
-90
-26
70
125
117
104
103
91
-7
7
75
96
134
160
108
118
134
48
63
42
62
60
105
103
160
-48
99
29
87
55
67
98
-26
34
-38
102
-39
32
45
26
46
69
81
94
81
-57
60
-39
-63
-34
26
67
-18
25
-11
-39
-62
24
38
35
8
-104
-44
-51
-126
-7
43
-133
-49
-187
-46
-135
-44
14
-148
-44
-108
-30
-127
-54
-53
-41
-45
-45
21
-105
-93
-13
-126
-159
-131
-96
34
-79
28
-27
-203
29
-158
73
-51
-64
43
-162
83
-122
11
67
-81
-2
-83
-80
80
-192
100
8
-93
66
-42
96
4
94
85
145
49
-25
100
59
135
53
93
-58
-97
-7
23
46
44
50
11
-116
20
41
-62
56
-70
142
3
62
-31
-39
-64
-31
139
25
48
-95
11
-52
-42
138
-109
60
-28
-143
136
-169
26
-35
-150
14
-66
-16
-17
-106
14
40
-82
128
113
-17
47
9
37
-33
-9
57
-119
-38
-70
8
10
-66
-15
4
-49
-145
-36
-24
34
10
65
-18
-73
-109
-26
-39
87
49
-81
-5
-144
-62
-137
-57
14
-40
-52
38
-25
-134
4
-46
69
60
-60
-52
-53
39
32
105
5
52
-81
-11
151
11
107
2
166
-29
70
119
21
230
-43
90
70
-40
153
40
6
-6
-141
83
-3
26
49
49
-8
-140
58
-33
-8
64
38
51
-9
-56
-4
-13
-71
86
29
-11
12
-31
27
-27
78
17
-35
-84
-50
104
-86
25
123
-81
-56
-103
-83
10
-31
72
12
-81
-91
-6
-126
58
114
-64
46
-162
68
-76
-39
109
12
19
-56
35
33
-22
58
-1
25
131
-10
97
-27
13
-48
60
143
-4
115
24
51
-106
72
44
12
157
4
81
-89
17
-34
70
113
91
80
-19
85
-53
87
51
105
38
15
-48
-51
0
-58
33
32
-72
-112
18
-144
22
-107
50
4
-57
148
-108
157
-13
109
71
-53
95
-23
23
111
33
70
26
-4
93
-38
26
144
9
20
20
11
76
26
45
-10
5
51
48
54
34
41
-6
36
19
67
2
-28
-16
-59
-52
-55
19
-55
48
-80
10
-75
-148
-50
-73
30
-88
15
-66
-81
-13
-109
-90
-59
41
-32
25
-95
-2
-108
-52
23
-67
73
-138
-12
-39
9
42
62
5
-41
-53
-85
46
43
45
-90
19
-73
-104
-42
-39
65
-73
-12
-1
-66
-50
21
-6
-80
-125
62
35
-83
162
-15
-7
-25
33
61
-28
60
83
-1
101
58
95
120
-29
161
-101
52
-37
-95
16
-77
106
-28
-79
48
15
-74
34
-12
41
2
14
43
-62
-111
-42
11
11
98
71
86
68
16
81
-21
48
64
109
133
93
61
58
33
98
20
13
84
-14
-9
-7
1
-4
-1
-15
160
-4
115
-5
-57
21
-35
-40
-24
9
-57
-57
-55
25
-26
-97
-57
-12
-87
-111
-37
12
-52
-10
70
40
-66
6
-52
-28
-102
-1
16
-92
13
-109
-77
-142
-42
72
-41
-1
27
-58
-43
-101
15
42
-50
110
20
105
45
24
87
-6
21
40
27
33
-30
1
83
-8
26
6
-52
19
-10
57
47
-41
13
-62
42
14
28
111
56
11
-40
88
83
54
221
60
30
68
-91
62
45
40
87
-51
28
-54
-42
5
1
28
8
60
20
55
6
10
18
22
-6
-18
-3
-28
57
-28
-21
-3
-5
24
24
76
29
60
3
8
78
7
34
77
32
-49
-8
-27
26
-91
-9
51
4
49
6
14
-11
-56
17
31
-25
70
-59
54
-44
-62
33
-68
-25
5
-23
29
33
-65
8
-40
-127
-38
-22
-36
8
-51
-1
-50
-22
-34
-18
-5
-27
-22
-76
0
-50
2
-12
23
-36
-19
-34
-69
-56
-73
-15
-36
-3
-22
-12
-28
-63
-76
-76
-17
-22
-59
-23
-43
-70
-65
-92
-54
-76
-52
-22
-16
-5
-26
-27
-46
-94
-17
5
73
79
77
-1
-13
-45
11
90
37
145
28
79
-20
-24
46
-48
63
62
-32
42
-81
-34
-66
-18
72
-74
45
-48
32
-7
-44
23
-56
6
-41
11
-35
-34
-32
-91
-1
-70
20
30
1
-2
-14
19
-36
-8
-4
24
81
28
50
13
-62
-32
-45
14
-3
-30
19
-37
-28
-39
-63
35
-3
108
99
119
113
25
42
43
57
87
77
106
35
29
1
-53
73
45
74
65
2
-42
-19
-59
20
25
7
78
-4
14
12
19
125
42
0
97
-29
60
9
35
34
-73
43
-39
-28
29
19
92
9
-6
66
-38
15
-25
27
28
-52
52
-6
-39
-30
-56
-27
-58
-38
-11
-73
-71
-78
-62
-79
-39
15
-60
-33
2
10
-10
-45
18
-24
-44
31
16
-14
-73
-29
-34
-99
-11
29
19
-27
-85
-37
-107
-44
-13
43
28
-85
-16
-66
-58
-26
44
66
34
43
74
42
29
47
-1
-31
-4
10
69
-1
0
48
-68
-39
1
-34
-4
-22
-9
-33
-62
-42
-61
-15
-63
11
-30
-38
19
-30
24
-18
-1
14
-17
-28
3
20
29
87
66
85
29
43
44
76
52
46
34
7
17
-3
12
-25
-3
-65
-21
-5
-10
15
-18
35
-8
39
42
44
69
30
93
51
83
38
52
12
-3
13
-14
47
33
27
27
-2
9
33
-1
64
22
9
27
30
39
3
63
-3
-54
-71
13
5
-17
19
-3
-54
-91
-33
-15
1
-24
21
20
-58
-21
-32
16
-46
-58
12
-79
-42
-87
-39
-56
-92
7
-51
-53
3
-76
-33
-54
-14
-40
-50
1
-15
-22
-85
0
-25
-38
28
29
-12
-33
-108
-6
-26
-43
91
-21
8
-47
-107
8
-51
33
35
15
40
6
28
19
48
54
69
82
98
35
60
63
10
8
-2
23
-34
53
74
-4
5
45
12
31
33
53
26
-25
1
-10
15
17
-16
16
-24
22
40
21
21
-5
10
16
36
75
25
14
19
22
41
-10
112
2
25
-12
-12
4
-109
-21
-62
-33
-12
-2
35
-31
27
7
-39
37
-13
19
47
34
82
-2
29
-1
14
-1
35
17
-7
12
-33
37
16
7
24
16
17
-29
2
21
-1
82
75
-5
5
-56
4
1
37
36
-11
1
-69
10
-24
47
8
0
9
-28
3
2
9
-36
19
-10
60
-47
27
-14
-24
11
-85
27
-37
27
-25
-18
3
-61
-17
-8
-20
-9
-41
16
-32
-18
-1
-71
85
-80
33
-69
-43
-14
-90
4
-7
-14
-89
-62
-19
-77
-34
-16
-86
-77
-92
-41
-12
-43
-61
-29
-78
-74
-58
-11
-26
-4
54
-55
17
-30
-23
10
-21
19
10
2
17
-34
20
11
-76
36
12
-32
58
-3
-32
-50
-54
44
-13
-1
-3
-32
-20
-12
-17
24
-28
25
-36
-22
-49
26
5
43
61
-13
20
-84
51
2
33
18
2
-8
-51
-25
48
13
-31
13
-28
-8
-51
-12
-49
-38
-46
-37
-7
-67
-17
-22
-14
29
3
28
-6
-8
31
-41
56
78
18
22
-6
14
-10
-59
91
73
19
47
34
47
24
28
109
92
-1
