1
-1
-1
-3
-3
-3
-5
-9
-11
-9
-8
-7
-5
-4
-3
-1
1
1
1
1
1
1
2
3
2
1
3
2
1
0
0
0
1
2
5
6
7
7
5
5
5
7
8
9
8
7
6
4
4
4
3
3
2
4
4
5
6
3
3
4
4
3
2
-1
-3
-4
-2
-2
-3
-4
-5
-3
-1
0
3
5
7
8
8
8
10
13
16
18
19
21
21
19
20
17
12
8
7
9
12
12
10
9
9
9
8
9
13
16
18
18
19
17
12
9
9
10
10
8
6
4
0
-6
-11
-15
-19
-22
-26
-29
-31
-36
-41
-42
-42
-41
-41
-40
-39
-39
-42
-43
-37
-34
-31
-29
-29
-30
-28
-26
-22
-16
-11
-17
-22
-22
-29
-37
-41
-45
-51
-52
-54
-54
-55
-55
-52
-48
-43
-42
-40
-38
-37
-34
-26
-26
-27
-21
-10
-2
7
17
30
36
39
48
50
50
50
54
58
58
57
61
70
79
84
86
92
100
110
121
131
132
127
123
124
121
112
103
89
85
85
85
77
67
56
40
26
22
19
19
24
30
30
17
-1
-20
-27
-22
-9
-1
-5
-15
-20
-27
-34
-32
-27
-29
-29
-18
-7
-9
-22
-30
-39
-43
-41
-31
-22
-18
-16
-13
-18
-22
-23
-24
-34
-40
-38
-44
-54
-56
-59
-75
-81
-75
-73
-73
-70
-67
-63
-54
-45
-44
-54
-64
-69
-64
-60
-50
-41
-39
-40
-39
-39
-47
-56
-60
-59
-63
-72
-88
-104
-117
-120
-119
-125
-132
-128
-115
-103
-89
-76
-68
-67
-58
-40
-32
-36
-30
-19
-16
-13
3
17
22
33
49
58
56
71
90
106
115
126
143
159
175
195
214
215
220
231
244
249
254
259
264
257
241
230
220
202
193
208
216
204
197
198
181
167
161
153
135
124
116
106
107
115
107
87
74
61
50
48
52
46
37
25
7
-7
-20
-44
-75
-99
-118
-149
-181
-198
-227
-263
-292
-315
-341
-369
-402
-443
-485
-517
-537
-552
-580
-627
-660
-675
-695
-730
-766
-806
-833
-765
-570
-378
-346
-429
-476
-446
-326
-86
156
264
255
289
409
529
569
560
593
662
747
853
939
849
655
562
537
421
299
278
247
155
98
79
-15
-164
-228
-222
-249
-309
-313
-232
-143
-111
-117
-116
-131
-128
-37
117
202
232
347
522
606
582
571
565
549
582
697
774
734
682
680
659
568
480
432
398
347
323
318
245
131
52
-5
-103
-205
-237
-201
-181
-196
-207
-226
-272
-300
-279
-246
-241
-225
-155
-83
-59
-82
-85
-92
-110
-115
-79
-63
-97
-101
-112
-169
-272
-350
-399
-462
-528
-588
-642
-714
-788
-855
-933
-1062
-1177
-1236
-1268
-1326
-1415
-1445
-1376
-1167
-906
-764
-837
-923
-887
-705
-374
-22
198
223
271
391
583
680
688
710
788
930
1083
1222
1166
974
811
784
683
515
432
408
334
239
227
132
-41
-180
-211
-231
-303
-325
-262
-143
-65
-69
-93
-109
-117
-83
43
178
237
313
496
652
658
603
589
577
561
607
679
678
608
582
585
532
394
273
240
236
208
223
255
215
141
109
123
74
-2
-3
62
100
112
129
164
157
114
104
137
150
153
248
326
308
257
268
291
237
188
192
203
177
167
201
177
98
18
-15
-47
-110
-157
-170
-177
-228
-280
-313
-362
-466
-525
-534
-563
-627
-666
-668
-725
-805
-881
-920
-979
-1058
-1096
-1111
-1146
-1219
-1260
-1307
-1361
-1383
-1211
-895
-669
-687
-779
-740
-655
-455
-138
174
225
202
311
525
678
654
663
693
761
830
982
1081
937
739
692
694
496
313
291
289
175
114
106
16
-137
-229
-173
-184
-281
-285
-107
83
111
95
130
156
123
179
350
453
445
534
747
857
816
742
760
724
634
607
656
639
546
523
525
440
233
120
104
69
0
-18
36
54
16
22
51
-22
-99
-62
57
103
86
93
171
206
174
173
186
151
93
132
207
207
139
134
159
128
43
5
28
-23
-90
-120
-118
-168
-233
-255
-262
-346
-436
-440
-411
-429
-481
-498
-503
-536
-571
-547
-533
-572
-591
-569
-550
-562
-622
-673
-698
-732
-783
-818
-845
-905
-980
-1007
-1018
-1110
-1176
-1134
-864
-539
-414
-536
-631
-610
-543
-287
60
280
241
265
466
699
765
721
744
806
903
1024
1260
1283
1089
903
1029
1006
691
588
550
429
250
256
273
128
-51
-134
-207
-322
-497
-441
-219
-78
-42
-18
106
176
151
228
411
455
450
635
909
962
846
795
782
702
562
503
467
366
267
202
199
-32
-294
-421
-441
-469
-579
-536
-414
-361
-372
-316
-244
-250
-329
-203
-33
-21
88
196
378
375
343
392
259
304
241
220
302
279
160
122
188
86
-146
-168
-158
-209
-219
-211
-139
-245
-290
-298
-283
-370
-395
-293
-233
-194
-174
-170
-201
-253
-299
-282
-310
-353
-396
-399
-431
-553
-651
-767
-951
-1057
-1178
-1257
-1247
-1334
-1401
-1552
-1680
-1784
-1590
-542
570
1054
926
1042
1105
1041
1493
1999
1817
1284
1378
1437
902
482
466
242
-149
-82
106
-13
-344
-503
-560
-699
-787
-731
-449
-246
-223
-180
-36
30
23
221
526
636
639
879
1238
1429
1420
1267
1071
912
760
622
582
547
394
283
269
168
-131
-371
-491
-604
-686
-701
-605
-507
-466
-456
-457
-474
-527
-456
-251
-36
62
194
380
445
603
678
712
566
530
515
499
513
323
49
-150
-273
-441
-525
-503
-399
-342
-221
-131
-125
-153
-140
-86
-13
96
211
334
353
303
188
83
11
-52
-36
21
60
61
111
110
49
-27
-45
-54
-74
-68
-91
-154
-290
-463
-649
-780
-934
-994
-1004
-995
-991
-1039
-1050
-1141
-1189
-1258
-1293
-1394
-1458
-1481
-1551
-1582
-1511
-170
1526
2416
1892
1543
1580
1111
1410
2076
2003
833
631
865
-11
-881
-797
-559
-876
-482
266
274
-265
-326
-191
-360
-343
-45
282
326
349
243
59
-138
-213
-6
269
420
559
814
1062
1272
1342
1177
701
519
510
404
278
292
256
-51
-204
-241
-414
-725
-837
-800
-701
-565
-425
-285
-281
-311
-341
-223
-85
13
92
229
331
284
293
280
338
285
348
399
468
445
395
391
167
-6
-129
-90
-82
-44
83
159
143
81
72
52
29
65
128
163
174
211
218
118
17
-49
-54
-83
-80
-53
-28
-19
-75
-53
-60
-59
-79
-82
-60
-120
-170
-245
-308
-419
-527
-666
-777
-890
-1011
-1073
-1165
-1189
-1299
-1322
-1300
-1331
-1284
-1282
-1313
-1542
-1633
-1729
-1698
-1645
-684
1405
2983
2927
1841
1633
1183
990
1604
2076
1322
321
580
135
-964
-1311
-727
-498
-379
456
853
360
15
150
-44
-235
43
391
331
363
383
38
-376
-423
-153
96
389
708
1057
1225
1408
1549
1456
863
328
282
229
70
-105
27
-68
-307
-415
-508
-680
-921
-806
-492
-140
-18
-14
-11
-32
-80
-122
-37
41
141
221
354
321
211
58
-62
-62
-65
232
431
718
757
653
488
211
159
96
264
412
560
575
440
257
99
-40
-96
-46
141
312
342
406
373
284
90
21
10
-25
-84
-101
-33
-55
-129
-218
-220
-248
-279
-297
-220
-154
-144
-153
-195
-216
-336
-456
-619
-753
-884
-998
-1094
-1137
-1191
-1276
-1396
-1402
-1480
-1555
-1522
-1419
-1390
-1624
-1701
-1812
-1796
-1441
545
2692
3174
1992
1248
930
317
998
1882
1600
198
61
-18
-1052
-1441
-838
-346
-317
554
1138
619
72
125
-91
-415
-114
294
156
110
341
-15
-541
-734
-434
-58
462
1026
1286
1333
1241
1339
1297
894
250
100
237
231
80
1
-32
-349
-488
-471
-365
-385
-291
74
361
433
210
51
9
5
10
75
202
255
310
262
149
-67
-253
-344
-284
-89
38
424
743
823
550
298
168
-5
204
348
412
325
223
30
-282
-434
-399
-322
-113
201
468
479
379
438
329
268
241
363
333
210
159
52
-82
-327
-367
-329
-239
-223
-137
-49
-29
25
-17
-45
-216
-236
-298
-442
-612
-887
-1048
-1275
-1306
-1400
-1387
-1296
-1210
-1049
-1072
-1011
-1238
-1267
-1471
-1513
-1735
-1741
-1660
-912
1536
3370
3400
1601
1062
492
455
1697
2554
1765
187
274
-456
-1426
-1302
-364
-136
33
1048
1066
215
-132
-43
-473
-504
140
500
279
370
300
-440
-1052
-1113
-651
22
837
1141
1054
872
853
931
954
619
192
264
446
434
183
96
-129
-352
-354
-128
98
118
219
394
459
151
-188
-248
-136
-28
97
221
268
274
198
71
-135
-278
-396
-288
-13
286
258
164
378
354
397
328
429
224
262
569
493
408
153
-41
-366
-374
-173
-56
109
306
413
443
414
445
446
446
456
374
274
102
-6
-146
-327
-524
-612
-516
-318
-194
-142
-104
-132
-118
-126
-138
-170
-253
-435
-748
-1041
-1277
-1473
-1569
-1593
-1581
-1493
-1412
-1170
-1014
-954
-1051
-1097
-1062
-1141
-1389
-1504
-1630
-950
1421
3661
3701
1594
730
119
284
1741
2913
2097
101
-86
-860
-1698
-1326
-255
-47
-80
879
824
-133
-562
-544
-913
-716
292
831
495
326
16
-919
-1401
-1135
-332
456
1230
1439
1074
657
473
687
990
891
530
554
621
448
69
-78
-262
-416
-226
117
427
350
148
9
-36
-170
-375
-327
-109
38
111
154
101
29
-17
-7
-36
-72
-149
-157
-96
162
127
113
275
363
413
178
269
-49
50
198
206
103
-71
-48
-274
-186
4
138
164
288
384
435
389
465
389
292
230
163
124
-49
-100
-225
-279
-397
-468
-410
-260
-140
-84
-27
-86
-158
-270
-311
-451
-569
-761
-1048
-1263
-1424
-1481
-1487
-1421
-1382
-1337
-1339
-1162
-1042
-884
-969
-968
-1164
-1340
-1458
-967
1532
3789
4058
1864
875
383
429
2010
3191
2284
-101
-384
-814
-1408
-965
79
198
-43
778
690
-202
-646
-600
-941
-678
442
878
309
-209
-521
-1169
-1358
-799
156
904
1318
1176
803
565
573
966
1451
1526
1037
780
394
-99
-493
-436
-202
-79
234
339
305
-14
-363
-504
-391
-20
281
515
424
20
-326
-470
-407
-202
150
405
484
444
201
-112
-395
-375
-246
165
742
900
745
270
-103
-602
-470
95
431
616
506
216
-331
-552
-483
-336
9
458
682
598
345
149
-40
-34
155
401
543
435
207
-140
-380
-539
-487
-261
34
160
41
-133
-373
-475
-447
-376
-355
-383
-478
-753
-1118
-1419
-1628
-1651
-1526
-1329
-1126
-1218
-1364
-1562
-1486
-1376
-1094
-1042
-1096
-1362
-1181
1076
3496
4057
1792
586
239
650
2415
3661
2708
-151
-902
-1279
-1497
-689
658
838
128
418
72
-727
-922
-389
-306
-87
777
796
-87
-902
-1154
-1324
-994
-49
803
1177
1014
426
21
70
602
1454
2160
2028
902
83
-450
-809
-735
-77
565
495
220
-192
-550
-699
-573
-223
149
483
520
311
-55
-518
-802
-661
-143
341
566
431
148
-163
-257
-203
75
338
532
387
256
385
307
341
-90
-43
-204
257
616
534
273
-355
-471
-599
-157
110
368
383
317
166
125
149
163
254
387
527
441
247
-87
-255
-373
-235
-98
96
167
42
-125
-338
-336
-415
-291
-164
-168
-326
-611
-821
-1117
-1309
-1438
-1522
-1588
-1606
-1589
-1548
-1686
-1706
-1623
-1478
-1324
-1384
-1384
-1578
-1615
-110
2542
3984
2377
337
82
505
2166
3900
3887
931
-1172
-1185
-1176
-545
732
1505
474
-125
-356
-1095
-1214
-302
541
343
579
580
-361
-1188
-1071
-425
-66
542
943
866
520
144
73
458
1216
2015
2448
1960
567
-494
-562
-222
239
852
1068
470
-349
-811
-835
-472
151
554
561
380
-55
-541
-750
-601
-269
-23
181
101
-155
-377
-445
-209
66
376
434
361
312
288
191
151
441
581
363
-188
-364
-396
-78
197
169
15
-182
-130
-179
-58
53
221
361
513
569
462
244
149
246
338
370
255
156
-21
-128
-110
4
186
295
331
202
1
-164
-186
-76
11
-99
-366
-638
-818
-999
-1176
-1216
-1234
-1203
-1409
-1499
-1706
-1794
-1821
-1594
-1190
-1112
-1178
-1436
-1666
-1437
804
3020
3072
749
-161
440
1579
3617
4213
2302
-1047
-1424
-748
-202
1026
1700
727
-1362
-1604
-1623
-1431
-234
848
677
-388
-691
-1331
-1697
-1010
103
497
379
277
-125
-281
-5
533
948
1441
1664
1653
1436
678
-150
-169
526
754
518
234
-127
-537
-574
-207
180
392
236
-112
-460
-395
-182
117
331
181
-229
-622
-547
-270
41
250
312
267
108
47
64
280
812
1001
919
510
380
174
47
232
154
173
-32
-156
-445
-557
-341
-122
86
45
-95
-150
-121
38
239
432
446
264
135
62
46
-38
-101
-117
-158
-204
-218
-129
19
87
41
-47
-107
-180
-187
-125
-126
-404
-718
-961
-1144
-1213
-1332
-1255
-1304
-1366
-1615
-1780
-1754
-1788
-1570
-1442
-1198
-1267
-1205
-1030
582
2308
2297
344
-447
841
2147
3830
3876
1942
-1021
-1086
471
1158
1970
1894
621
-1391
-1584
-988
-542
523
1001
220
-1127
-1333
-1263
-1073
-199
710
420
-454
-772
-645
39
846
1375
1154
916
763
830
1217
1384
1060
659
484
131
-258
-344
-109
69
47
-173
-446
-534
-581
-491
-283
-142
-218
-363
-399
-482
-467
-310
-153
-58
-78
-119
-251
-50
308
585
572
517
880
899
929
559
614
562
793
915
436
21
-321
-87
26
118
-16
-241
-310
-209
-95
142
193
247
127
49
193
305
476
483
509
284
-72
-206
-127
59
140
143
58
-152
-349
-370
-220
-87
-114
-376
-588
-767
-832
-971
-1124
-1269
-1578
-1660
-1679
-1632
-1877
-1881
-1836
-1842
-2022
-2098
-1789
-1575
226
1835
1890
-378
-1004
827
2284
3800
3627
1909
-1033
-905
1104
1819
2184
1751
458
-1439
-1370
-291
180
685
663
-397
-1685
-1405
-528
-67
182
305
-331
-1059
-795
-55
811
1215
1138
563
279
607
1326
2099
2089
1289
681
675
653
498
503
513
184
-269
-571
-644
-442
-271
-244
-322
-387
-587
-830
-691
-358
-184
-299
-430
-402
-228
-16
85
94
34
123
255
589
834
849
748
715
923
800
561
232
117
151
184
30
-224
-343
-293
-310
-336
-349
-341
-171
-67
32
-70
-195
-205
-124
39
104
151
133
107
119
101
-9
-66
31
219
296
148
-4
-133
-103
-157
-287
-421
-559
-617
-774
-918
-1139
-1242
-1241
-1295
-1516
-1737
-1741
-1714
-1751
-1906
-1931
-2007
-1785
-1609
-384
1100
1137
-365
-926
925
2144
2988
2789
1502
-303
16
1952
2300
1954
1326
346
-660
-352
563
630
557
186
-872
-1659
-1014
35
145
-185
-507
-1019
-1344
-705
264
901
872
351
-128
92
883
1656
2065
1795
891
450
819
1258
1261
771
288
-10
-43
-142
-215
-159
-351
-718
-839
-751
-685
-642
-493
-593
-833
-965
-879
-602
-202
-30
-258
-496
-354
131
348
747
677
576
528
857
1228
1094
1134
715
459
402
469
438
210
54
-123
-286
-240
-279
-175
-97
-144
-124
-216
-126
-22
48
76
66
137
111
86
165
199
131
5
49
268
331
215
183
131
90
-14
-56
-219
-442
-547
-712
-864
-1105
-1359
-1553
-1660
-1580
-1658
-1790
-1865
-1827
-1903
-2031
-2066
-1820
-1547
-998
366
651
-156
-1153
388
1962
2469
2421
1388
306
41
1928
2667
2000
1307
613
77
108
896
955
465
74
-567
-1145
-803
174
257
-439
-1094
-1322
-1216
-571
141
341
264
-58
-158
205
1048
1708
1878
1614
1038
851
1335
1774
1586
1027
608
420
376
425
380
141
-254
-639
-636
-409
-289
-496
-722
-789
-839
-881
-796
-542
-471
-599
-727
-638
-342
-136
160
284
236
418
608
1019
1026
1233
1114
728
814
822
909
631
453
347
34
-66
-182
-166
-88
-351
-389
-460
-354
-171
-174
-211
-336
-256
-162
-99
55
157
96
-133
-240
-70
111
221
208
115
2
64
120
65
-38
-112
-345
-538
-707
-845
-1040
-1149
-1336
-1649
-1755
-1745
-1752
-2006
-2021
-2148
-2111
-1949
-1669
-1449
-451
347
40
-966
-274
1398
1892
2029
1563
944
343
1481
2529
1951
1315
1034
833
615
928
1115
564
150
-247
-668
-547
39
182
-518
-1185
-1389
-1268
-853
-337
-246
-408
-588
-427
13
541
999
1228
1250
964
841
1378
1863
1687
1028
628
698
863
887
674
317
-84
-435
-501
-282
-210
-433
-771
-828
-818
-847
-862
-742
-705
-761
-906
-775
-529
-273
-242
-247
94
265
546
555
1008
1098
1186
1099
1076
1089
995
1011
821
701
575
512
392
267
44
-104
-242
-151
-143
-191
-249
-215
-157
-192
-196
-122
-36
-5
-65
-132
-79
-1
100
132
42
-29
-22
97
140
142
25
-143
-262
-294
-376
-622
-839
-1045
-1170
-1387
-1486
-1608
-1667
-1890
-2071
-2395
-2313
-2206
-1872
-1845
-975
-132
-410
-1098
-767
1048
1276
1464
1187
921
582
1351
2390
1829
1293
1118
1083
972
1093
1099
689
382
19
-470
-388
173
289
-400
-1059
-1250
-1076
-813
-513
-575
-749
-813
-552
-57
376
608
794
938
858
801
1355
1990
1895
1257
830
1030
1337
1348
1028
680
412
115
-12
113
105
-208
-547
-555
-506
-624
-738
-749
-651
-775
-885
-921
-688
-515
-519
-525
-476
162
298
420
275
748
1018
963
1199
1066
1056
882
1015
1011
800
621
491
430
389
69
11
8
-114
-385
-576
-322
-106
-140
-412
-557
-381
-237
-216
-317
-427
-402
-296
-136
-80
-194
-259
-183
-60
-69
-184
-161
-176
-243
-391
-500
-591
-804
-986
-1095
-1133
-1321
-1482
-1563
-1646
-1944
-2227
-2240
-2050
-1862
-1659
-651
-438
-766
-1217
146
1073
1092
1170
892
820
845
2090
2262
1683
1367
1203
1253
1343
1534
1292
872
515
-99
-304
186
596
190
-657
-1076
-956
-711
-460
-470
-722
-861
-879
-512
-86
247
403
418
463
377
706
1418
1669
1255
691
777
1204
1396
1196
895
659
390
164
212
268
29
-345
-524
-486
-562
-747
-784
-704
-721
-919
-1036
-890
-645
-595
-703
-699
-512
-63
51
181
135
408
612
708
1006
891
925
805
974
1025
786
683
560
585
470
250
283
247
61
-196
-286
-78
-41
-168
-338
-383
-225
-157
-124
-226
-314
-335
-273
-131
-57
-80
-84
-37
-63
-132
-214
-87
-60
-157
-310
-380
-425
-620
-795
-913
-1031
-1174
-1279
-1428
-1488
-1868
-1925
-2084
-1865
-1855
-1818
-790
-558
-631
-1455
-324
681
817
935
556
679
596
1756
2133
1691
1290
1015
1273
1449
1505
1223
965
747
179
-162
199
659
402
-351
-977
-924
-642
-328
-311
-563
-783
-1000
-711
-213
121
130
85
193
259
462
1000
1248
1064
687
759
1131
1296
1269
1100
953
695
478
524
579
356
-15
-250
-318
-468
-572
-479
-456
-677
-963
-983
-705
-533
-532
-728
-723
-624
-414
-205
44
136
48
140
338
663
711
793
792
851
868
813
832
807
723
532
431
427
351
201
84
2
-96
-257
-347
-295
-235
-286
-424
-431
-344
-316
-366
-381
-333
-305
-233
-144
-121
-181
-209
-221
-215
-243
-215
-214
-304
-466
-614
-600
-623
-698
-940
-1092
-1191
-1238
-1366
-1530
-1565
-1725
-1672
-1768
-984
-443
-446
-997
-889
230
453
926
727
726
499
966
1881
1811
1603
1092
1264
1543
1521
1261
1064
1136
769
240
237
566
578
126
-381
-528
-555
-512
-390
-214
-308
-756
-871
-400
86
47
-129
-91
85
102
338
607
732
575
437
612
806
894
843
887
818
586
334
350
445
350
85
-198
-375
-497
-444
-409
-518
-757
-952
-904
-737
-560
-638
-719
-720
-664
-444
-285
-23
10
85
79
116
363
460
688
679
722
615
510
674
748
807
679
530
433
377
430
412
274
57
-129
-124
-48
-18
-88
-218
-262
-293
-280
-208
-156
-141
-203
-214
-179
-123
-77
-85
-138
-159
-160
-197
-244
-310
-358
-460
-514
-563
-601
-694
-791
-911
-1012
-1087
-1192
-1244
-1326
-1264
-1261
-1095
-750
-667
-662
-749
-400
-118
117
446
513
525
364
523
867
1185
1285
1008
952
976
882
878
1011
1032
683
425
388
368
278
130
51
-35
-172
-272
-210
-118
-175
-286
-246
-134
-175
-216
-140
17
-24
-167
-76
109
211
141
193
293
294
311
392
549
572
470
376
374
430
402
327
232
147
69
0
-46
-58
-77
-133
-229
-263
-247
-259
-245
-228
-201
-233
-237
-203
-116
-75
-122
-138
-76
75
110
40
34
120
194
228
273
327
356
365
363
385
333
238
211
254
271
181
67
62
110
86
-33
-95
-83
-61
-117
-157
-171
-222
-263
-310
-269
-262
-326
-430
-485
-477
-544
-615
-649
-591
-605
-691
-759
-777
-757
-816
-872
-879
-876
-892
-933
-958
-967
-934
-810
-617
-469
-435
-405
-313
-204
-22
246
438
499
515
565
748
941
1029
1057
1143
1141
1041
1134
1264
1125
887
847
920
858
685
497
379
297
205
127
132
82
-146
-286
-269
-225
-337
-454
-477
-448
-440
-484
-434
-351
-293
-280
-156
11
93
98
132
276
402
420
414
451
450
357
289
285
281
223
115
47
41
8
-82
-158
-154
-138
-168
-190
-173
-149
-179
-177
-128
-73
-75
-64
28
116
122
58
75
191
318
390
437
480
520
542
543
575
590
593
554
518
469
378
331
312
260
169
128
175
133
7
-62
-87
-81
-148
-169
-169
-222
-319
-426
-445
-424
-489
-609
-619
-572
-603
-727
-764
-713
-737
-804
-845
-820
-852
-925
-944
-916
-920
-998
-1010
-854
-661
-581
-603
-537
-374
-272
-193
73
329
307
218
348
642
761
737
811
1017
1053
888
903
1121
1080
782
648
817
850
616
390
343
343
198
111
180
186
-65
-295
-262
-145
-197
-354
-379
-304
-301
-348
-300
-172
-108
-85
18
152
242
288
343
442
528
538
511
547
549
451
341
272
244
218
176
87
40
-43
-180
-251
-231
-218
-306
-367
-391
-390
-368
-360
-350
-375
-357
-319
-244
-168
-151
-139
-120
-56
11
97
162
232
265
266
294
355
391
344
326
351
352
282
209
174
142
122
75
25
-7
-38
-92
-99
-77
-74
-110
-136
-130
-143
-150
-185
-218
-263
-318
-325
-349
-385
-407
-435
-455
-529
-599
-614
-624
-622
-684
-735
-778
-818
-817
-838
-817
-824
-847
-839
-742
-604
-498
-409
-337
-259
-154
21
180
291
385
492
589
648
756
865
955
959
914
943
961
925
813
744
672
587
503
427
328
202
55
-65
-92
-134
-250
-405
-431
-429
-469
-496
-445
-329
-247
-232
-195
-91
38
142
231
361
432
464
484
529
578
579
533
495
466
425
387
349
271
148
73
46
30
-51
-182
-247
-277
-298
-322
-337
-329
-353
-363
-367
-359
-311
-278
-217
-150
-89
-50
-44
-12
41
112
203
268
305
321
336
346
348
381
405
434
411
344
280
225
202
203
195
150
114
120
135
118
73
31
7
9
-10
-24
-45
-67
-93
-141
-171
-202
-223
-262
-306
-326
-340
-378
-454
-506
-508
-494
-530
-596
-630
-645
-696
-751
-750
-740
-736
-737
-709
-662
-617
-553
-463
-330
-199
-86
8
98
214
338
436
536
642
727
764
803
863
899
902
874
843
826
785
689
570
519
447
292
146
82
56
-39
-183
-296
-296
-285
-315
-321
-258
-227
-259
-199
-79
14
39
75
137
188
236
279
355
361
306
296
348
356
278
243
243
255
210
132
55
2
-61
-126
-137
-152
-197
-276
-304
-315
-333
-322
-304
-259
-254
-242
-200
-169
-156
-127
-51
6
46
82
122
155
172
188
190
232
272
272
223
200
231
211
193
159
157
144
128
155
136
124
95
113
123
114
88
32
62
68
48
4
-2
-6
-63
-98
-121
-140
-209
-270
-329
-360
-383
-439
-505
-545
-544
-577
-625
-670
-729
-773
-786
-755
-715
-710
-710
-696
-643
-570
-486
-377
-279
-177
-90
-23
82
208
320
395
470
550
596
608
630
712
738
661
596
601
588
513
452
410
339
245
160
93
35
-25
-111
-150
-134
-144
-192
-212
-191
-158
-110
-64
-52
-48
-22
28
73
96
118
157
189
226
238
250
277
280
261
226
206
203
184
143
101
52
3
-10
-40
-103
-152
-178
-187
-201
-209
-211
-215
-240
-250
-234
-214
-178
-146
-126
-139
-120
-64
-17
12
27
71
110
120
97
84
126
153
159
176
181
175
170
174
181
189
179
189
212
219
208
207
237
246
224
215
225
210
174
170
164
137
89
48
13
-52
-90
-116
-167
-236
-312
-369
-403
-419
-460
-519
-573
-602
-629
-644
-657
-660
-630
-586
-568
-545
-476
-397
-348
-309
-219
-111
-7
57
135
224
265
300
387
487
502
465
441
449
467
460
417
377
329
256
191
171
141
59
-14
-76
-123
-175
-219
-251
-273
-278
-264
-235
-225
-204
-171
-145
-120
-86
-37
20
83
97
109
168
221
235
244
270
275
281
283
250
218
206
187
142
110
69
24
11
-7
-30
-75
-116
-153
-175
-179
-200
-216
-229
-204
-174
-161
-169
-192
-181
-164
-136
-91
-48
-23
-44
-76
-61
-19
-8
3
40
78
57
25
44
79
89
100
161
222
215
191
210
251
262
253
291
324
316
283
281
278
233
181
190
224
202
125
79
54
-8
-62
-92
-108
-145
-216
-265
-293
-338
-401
-415
-374
-381
-429
-462
-448
-401
-379
-356
-335
-301
-283
-236
-149
-96
-71
-27
64
123
158
198
234
223
215
258
292
290
252
210
187
179
163
125
95
66
15
-39
-87
-136
-189
-219
-235
-266
-297
-329
-335
-340
-348
-338
-308
-275
-246
-217
-202
-161
-114
-74
-29
24
73
100
129
154
166
198
247
288
277
257
274
302
326
309
298
308
310
291
283
304
321
308
297
298
302
306
307
292
274
256
246
250
224
161
115
105
93
67
40
26
24
-10
-55
-75
-73
-75
-90
-90
-80
-72
-67
-46
-32
-15
-3
7
-6
-8
-4
-18
-31
-46
-77
-128
-152
-168
-206
-258
-336
-416
-455
-505
-571
-655
-716
-756
-787
-819
-836
-805
-747
-693
-652
-611
-544
-425
-294
-198
-128
-28
87
199
309
396
471
554
619
665
704
729
747
744
727
694
651
605
529
437
335
252
182
121
59
-3
-60
-101
-148
-178
-207
-214
-192
-173
-147
-138
-125
-95
-61
-39
-1
48
111
137
151
188
221
233
219
221
217
233
221
185
133
85
69
65
62
16
-32
-55
-62
-91
-124
-115
-85
-66
-79
-91
-83
-54
-52
-65
-30
19
58
74
99
125
139
149
183
210
203
170
167
195
176
115
92
98
67
28
21
24
-11
-46
-58
-61
-86
-112
-93
-49
-42
-62
-63
-56
-78
-99
-94
-65
-50
-55
-54
-71
-99
-121
-131
-156
-167
-144
-136
-183
-267
-322
-341
-356
-387
-412
-426
-440
-480
-514
-518
-504
-499
-492
-456
-417
-374
-328
-283
-234
-209
-189
-125
-28
35
66
103
150
165
168
193
232
268
301
328
337
325
298
284
288
287
271
275
288
275
230
194
175
162
165
167
194
198
183
154
132
133
136
146
160
182
181
165
148
156
174
175
161
152
144
133
135
129
111
95
96
91
85
83
78
82
91
78
57
49
79
103
101
84
63
73
60
48
54
69
54
12
-18
-24
-42
-74
-88
-88
-114
-170
-202
-228
-252
-302
-350
-371
-388
-384
-385
-397
-427
-437
-425
-410
-388
-380
-359
-321
-279
-242
-214
-187
-153
-121
-84
-44
-14
16
24
19
24
54
77
66
57
42
5
-25
-50
-65
-68
-81
-101
-108
-107
-107
-100
-100
-80
-61
-41
-2
47
79
82
99
142
207
244
275
323
365
393
416
460
502
525
532
531
545
539
525
526
514
478
427
390
367
325
271
237
204
160
106
72
52
17
-24
-76
-102
-121
-146
-179
-208
-232
-257
-275
-285
-277
-288
-318
-332
-335
-338
-346
-375
-391
-396
-393
-385
-368
-368
-394
-399
-375
-342
-338
-331
-299
-275
-251
-216
-178
-143
-116
-84
-42
-4
30
46
74
86
104
138
162
172
167
157
144
138
132
126
105
68
37
14
-11
-30
-43
-43
-59
-73
-59
-48
-40
-39
-32
-16
-10
12
52
97
135
156
176
197
214
243
285
316
327
324
319
313
305
298
296
289
269
246
216
186
147
109
83
56
43
39
35
23
-2
-18
-19
-8
5
19
24
37
52
67
96
110
125
146
164
183
187
195
213
212
197
176
161
146
125
119
95
56
30
3
-28
-65
-112
-160
-198
-225
-251
-276
-298
-316
-349
-381
-396
-412
-407
-401
-416
-420
-429
-427
-414
-382
-354
-354
-355
-338
-303
-272
-248
-243
-248
-248
-224
-166
-115
-83
-66
-60
-42
-19
8
46
88
129
152
174
196
209
220
224
235
251
260
283
294
282
259
231
236
251
249
236
223
198
161
139
120
125
120
97
64
32
16
6
-1
-12
-25
-32
-29
-37
-51
-65
-75
-68
-56
-45
-45
-51
-53
-71
-75
-60
-45
-35
-30
-48
-58
-60
-68
-67
-70
-66
-73
-72
-59
-57
-57
-61
-64
-54
-43
-33
-18
4
12
8
14
13
17
38
68
88
89
95
93
93
101
101
103
120
123
119
107
98
87
68
62
56
49
44
32
15
6
-5
-27
-41
-49
-60
-67
-71
-78
-105
-134
-138
-138
-142
-151
-151
-138
-132
-145
-147
-155
-162
-152
-131
-97
-86
-79
-64
-48
-50
-50
-36
-20
5
16
40
65
77
89
97
111
123
144
163
185
195
197
197
200
211
205
209
213
209
201
185
177
159
135
103
86
79
78
75
59
18
-24
-43
-47
-34
-29
-27
-35
-45
-54
-54
-54
-52
-33
-24
-24
-24
-19
-9
-22
-31
-36
-41
-38
-34
-25
-25
-36
-47
-53
-66
-90
-100
-99
-93
-97
-93
-91
-103
-130
-151
-150
-134
-113
-119
-135
-131
-126
-119
-116
-100
-74
-64
-57
-54
-53
-56
-39
-8
14
25
38
60
71
56
45
45
57
68
68
65
62
67
74
79
77
67
59
63
55
50
56
55
59
55
52
44
31
21
16
15
15
7
-1
-2
-19
-26
-26
-29
-25
-25
-22
-27
-33
-37
-20
-1
19
27
26
37
48
69
81
93
109
122
136
143
149
150
152
152
157
151
141
147
140
132
120
100
91
75
49
36
26
4
-23
-40
-48
-58
-71
-71
-77
-89
-107
-127
-124
-113
-110
-104
-88
-78
-78
-82
-82
-80
-77
-65
-50
-42
-36
-39
-42
-36
-40
-55
-59
-58
-56
-72
-88
-94
-99
-110
-116
-118
-117
-121
-133
-134
-138
-145
-146
-136
-115
-99
-101
-107
-112
-114
-111
-90
-65
-48
-36
-30
-31
-34
-22
-6
10
20
21
20
25
47
67
76
72
65
64
62
67
71
83
89
85
77
71
76
76
81
86
86
75
62
60
69
73
68
69
69
66
54
35
21
12
12
17
18
13
-9
-27
-26
-18
-19
-17
-10
-5
-6
-15
-8
11
18
27
39
46
51
54
65
78
88
97
105
115
114
101
91
95
103
108
104
98
84
63
43
34
26
18
3
-14
-26
-43
-54
-57
-58
-70
-86
-101
-110
-120
-122
-113
-115
-116
-119
-110
-94
-86
-83
-83
-79
-69
-56
-43
-22
2
15
16
17
23
33
38
40
40
41
43
37
31
26
20
18
14
4
-5
-18
-28
-35
-40
-46
-51
-52
-49
-52
-58
-65
-73
-69
-68
-64
-56
-53
-52
-49
-43
-33
-31
-24
2
20
24
24
29
42
54
63
76
85
91
95
96
99
100
102
107
113
110
99
85
86
99
99
88
78
66
61
59
53
42
29
19
10
5
1
-5
-6
-3
-13
-30
-42
-44
-48
-57
-58
-55
-52
-50
-50
-51
-51
-52
-50
-45
-43
-43
-43
-41
-34
-24
-16
-17
-20
-27
-37
-41
-37
-34
-31
-26
-25
-31
-36
-37
-35
-35
-37
-41
-36
-26
-21
-24
-29
-34
-32
-23
-7
2
7
4
1
5
11
20
28
39
44
44
44
46
58
67
65
64
66
73
71
60
47
38
35
35
37
32
28
16
2
-10
-18
-23
-29
-32
-32
-35
-36
-37
-40
-45
-50
-55
-51
-47
-44
-40
-43
-45
-46
-37
-20
-10
-13
-20
-19
-9
1
6
10
17
29
36
39
42
45
47
47
48
50
59
65
70
66
54
40
40
44
45
42
37
33
27
23
22
16
7
-1
-6
-4
-5
-5
-7
-15
-19
-22
-22
-24
-30
-35
-37
-35
-32
-28
-25
-23
-25
-33
-43
-47
-41
-32
-29
-30
-35
-38
-41
-46
-46
-45
-44
-42
-45
-54
-64
-62
-56
-49
-44
-36
-31
-31
-32
-34
-33
-25
-9
11
23
31
36
37
35
39
51
69
81
82
83
84
83
90
96
101
102
101
102
98
94
90
91
92
86
80
73
67
57
47
39
32
31
29
22
8
-5
-19
-33
-40
-40
-41
-50
-58
-62
-70
-83
-94
-96
-98
-97
-94
-92
-93
-99
-99
-94
-90
-84
-78
-70
-65
-65
-59
-48
-33
-20
-10
-5
-1
6
17
29
34
35
35
35
41
51
57
53
44
37
30
24
23
25
24
17
9
2
-2
-7
-9
-13
-11
-8
-6
-3
-3
0
1
0
4
10
20
31
36
40
37
36
37
42
48
51
52
49
45
37
31
29
28
24
16
4
-10
-23
-30
-33
-35
-41
-49
-56
-62
-68
-71
-71
-65
-61
-59
-56
-53
-47
-39
-29
-18
-8
2
10
15
22
32
42
49
54
59
66
66
66
69
72
75
77
75
69
64
61
57
53
47
42
40
37
28
15
4
-6
-11
-16
-18
-24
-33
-43
-52
-58
-63
-67
-67
-68
-71
-77
-80
-82
-80
-78
-77
-75
-70
-64
-61
-59
-55
-52
-49
-41
-33
-28
-22
-16
-9
-5
-1
3
8
10
14
19
24
23
21
20
20
20
17
15
17
17
18
17
14
11
7
5
6
9
18
25
29
33
35
37
39
44
51
58
64
70
75
79
77
78
78
75
75
76
75
68
59
51
42
36
32
27
18
9
-1
-10
-19
-27
-34
-40
-46
-51
-51
-52
-57
-60
-63
-64
-62
-56
-49
-43
-43
-41
-36
-32
-25
-19
-13
-6
1
7
11
9
10
8
8
10
16
22
26
21
13
8
6
5
7
4
3
4
2
-1
-4
-7
-9
-11
-12
-15
-15
-15
-19
-24
-31
-34
-35
-33
-34
-35
-36
-37
-38
-40
-42
-43
-42
-40
-35
-26
-22
-17
-19
-23
-23
-18
-9
1
9
13
14
13
11
12
16
24
32
36
36
31
28
24
21
20
18
23
23
22
19
11
4
-3
-3
-3
-2
1
2
0
-8
-11
-12
-9
-3
0
5
8
6
5
6
11
18
21
25
29
32
33
33
33
32
35
38
42
40
38
37
38
35
32
29
25
22
20
21
20
16
10
6
2
1
-1
0
-3
-9
-12
-14
-14
-12
-11
-10
-12
-13
-11
-7
-7
-7
-7
-5
-4
-2
2
2
3
3
2
3
4
3
1
-5
-10
-11
-12
-14
-15
-15
-16
-23
-31
-39
-42
-40
-41
-42
-46
-48
-53
-57
-58
-59
-56
-50
-47
-47
-47
-46
-44
-40
-33
-24
-14
-7
-4
-2
0
7
12
20
27
35
38
40
39
37
38
42
48
51
53
52
47
37
29
25
27
33
35
32
23
14
8
6
3
2
1
1
-2
-8
-10
-12
-11
-13
-14
-13
-13
-13
-15
-16
-15
-12
-10
-7
-5
-3
-2
-2
-5
-4
-1
4
7
5
5
4
3
4
6
9
9
7
5
5
6
8
10
11
10
10
8
7
9
12
13
15
13
15
16
14
11
9
12
16
20
20
18
14
9
6
3
4
6
6
4
2
-1
-3
-7
-11
-13
-14
-15
-19
-23
-23
-25
-27
-30
-30
-30
-28
-30
-32
-34
-36
-35
-32
-30
-31
-31
-29
-26
-25
-25
-25
-22
-18
-14
-9
-6
-6
-3
-4
-4
-3
1
6
10
16
18
20
23
23
26
27
27
27
28
31
33
34
32
29
28
28
28
26
21
19
16
16
14
12
10
7
1
-4
-7
-11
-12
-12
-13
-15
-16
-21
-23
-26
-28
-29
-31
-33
-31
-29
-26
-23
-23
-23
-20
-17
-16
-18
-16
-15
-14
-12
-9
-3
3
7
6
5
7
8
12
16
22
26
27
26
22
20
18
18
19
21
24
27
26
23
19
16
12
10
6
5
7
5
4
-2
-4
