-7
-11
-9
-8
1
11
11
6
5
4
-1
-4
-6
-1
0
10
29
34
23
11
-5
-5
8
16
15
8
9
1
-5
-3
-7
-15
-16
-9
3
10
26
22
10
5
2
9
18
24
31
29
26
31
22
15
13
7
4
5
10
9
12
18
18
19
10
-1
-6
-7
-2
-3
-4
-19
-28
-40
-47
-47
-40
-23
-9
12
15
10
4
6
-5
-11
-16
-25
-28
-41
-42
-44
-52
-69
-77
-88
-87
-83
-65
-45
-31
-22
-24
-18
-9
2
6
0
2
-2
-5
-10
-23
-28
-34
-28
-25
-5
10
15
13
35
4
115
287
281
60
-26
115
190
415
542
291
-102
-87
62
170
327
448
265
-107
-165
-66
252
597
684
322
-98
-174
-49
360
667
538
15
-347
-402
-151
168
356
260
-147
-416
-402
-159
45
147
15
-269
-448
-459
-286
-120
-80
-216
-398
-483
-393
-235
-150
-103
-168
-244
-188
-162
-176
-133
-93
-155
-220
-247
-245
-238
-243
-218
-215
-201
-188
13
178
132
26
-53
-26
82
337
387
145
-110
-155
-74
101
254
218
62
-223
-338
-276
-129
-41
-56
-254
-604
-630
-509
-410
-411
-379
-509
-654
-526
-147
172
193
187
223
344
569
960
1122
973
894
979
1072
1125
1247
1255
1045
762
662
664
632
572
424
165
-80
-211
-267
-337
-373
-445
-569
-642
-628
-560
-494
-437
-393
-312
-201
-78
27
138
271
392
491
537
566
546
515
525
545
521
373
165
-80
-266
-382
-425
-587
-834
-1157
-1343
-1444
-1495
-1500
-1699
-1903
-2093
-1960
-1989
-1833
-1571
-1237
-513
178
-13
-819
-343
834
1815
2338
2628
1777
615
1042
2334
2915
2771
3042
2255
401
-339
872
1775
1265
616
-236
-1616
-2660
-1926
-783
-767
-1548
-2297
-2914
-3187
-2254
-989
-564
-963
-1070
-824
-568
7
932
1695
1719
1551
1594
1865
2137
2449
2727
2615
2197
1783
1588
1319
1093
928
702
208
-372
-839
-1183
-1375
-1416
-1391
-1610
-1766
-1846
-1814
-1728
-1300
-929
-736
-498
-283
-115
237
870
1212
1362
1386
1421
1392
1554
1780
1764
1536
1227
961
642
489
397
198
-169
-489
-769
-1060
-1168
-1180
-1193
-1322
-1455
-1544
-1529
-1410
-1244
-1110
-1056
-987
-918
-861
-784
-626
-549
-599
-727
-900
-1103
-1014
-789
-791
-1102
-809
468
698
-890
-1950
-494
1128
1633
2026
1664
-538
-1770
474
2866
2757
2474
2979
1014
-1992
-862
2924
3629
1521
544
-316
-2399
-2749
-125
1533
113
-1781
-2826
-3596
-3259
-1052
419
-560
-2003
-2055
-1559
-1196
-155
1213
1539
740
275
672
1403
2115
2655
2820
2454
1958
1700
1765
1922
2011
1912
1486
794
136
-294
-488
-533
-500
-504
-788
-1352
-1905
-1989
-1488
-709
-357
-506
-907
-1110
-823
98
870
1114
1067
756
446
669
1513
2107
2124
1595
1012
618
655
1071
1332
1045
362
-280
-760
-736
-425
-312
-655
-1185
-1625
-1720
-1501
-1265
-1158
-1278
-1469
-1633
-1574
-1317
-1049
-952
-1054
-1183
-1296
-1285
-1289
-1359
-1428
-1441
-1452
-1380
-242
1009
265
-1925
-2027
263
1901
2639
2690
1043
-1538
-992
2129
3612
3156
3155
2563
-499
-1903
946
4090
3415
1135
-242
-1659
-2698
-1539
907
1138
-962
-3002
-3862
-3725
-2279
-392
-222
-1703
-2758
-2339
-1533
-759
323
1272
1167
380
279
1057
2096
2739
3079
3017
2576
2117
1998
2184
2309
2337
2006
1398
636
54
-319
-465
-361
-381
-767
-1533
-2027
-2138
-1865
-1351
-850
-760
-1231
-1397
-1006
-317
177
628
833
672
721
1073
1541
1940
2284
2133
1734
1517
1541
1654
1638
1499
1106
576
60
-173
-281
-375
-549
-872
-1265
-1607
-1787
-1776
-1569
-1478
-1444
-1491
-1583
-1614
-1434
-1101
-862
-733
-824
-918
-958
-753
-609
-737
-930
-1146
-1244
-1572
-1689
-1772
-1445
14
1201
68
-2610
-2586
-11
2165
3002
2792
708
-2009
-1203
1978
3802
3784
3936
2572
-1137
-2297
1212
4719
4002
1630
-137
-1916
-2973
-1393
1308
1500
-807
-3181
-4292
-4089
-2284
-343
-369
-1968
-2907
-2506
-1785
-836
464
1427
1156
440
468
1349
2389
3016
3281
3114
2803
2492
2414
2476
2553
2588
2267
1619
907
433
7
-250
-268
-323
-789
-1548
-2009
-2142
-2037
-1732
-1379
-1404
-1599
-1648
-1596
-1129
-252
385
380
423
513
643
1117
1889
2272
2054
1824
1630
1534
1539
1807
1808
1290
684
265
3
-132
-129
-361
-828
-1342
-1650
-1698
-1601
-1562
-1660
-1863
-2053
-2036
-1882
-1613
-1343
-1173
-1157
-1159
-1074
-834
-532
-299
-315
-416
-517
-646
-839
-976
-907
-1183
-1427
-1755
-732
1167
1172
-1589
-3297
-982
1332
2521
2902
1897
-1477
-2649
754
3538
3576
3345
3626
392
-2924
-631
4291
5162
2248
328
-1182
-2725
-2108
941
2225
70
-2520
-3911
-4223
-3068
-500
440
-1251
-3020
-2821
-1903
-1215
11
1405
1619
395
-202
529
1997
3063
3534
3498
2920
2497
2458
2852
3002
3095
3026
2527
1587
634
305
274
334
32
-561
-1348
-1944
-2232
-2224
-1788
-1516
-1654
-2017
-1859
-1625
-1472
-873
-18
480
348
376
486
975
1791
2330
2269
1903
1788
1643
1696
1928
2091
1785
1135
568
60
-215
-202
-203
-645
-1257
-1783
-2229
-2457
-2317
-2046
-2118
-2468
-2685
-2493
-2142
-1747
-1523
-1392
-1313
-1140
-821
-450
-122
11
49
-74
-213
-293
-496
-555
-426
-591
-1277
-1870
-214
2095
1558
-2097
-3337
-745
1521
2800
3133
1375
-2480
-2625
1090
3338
3318
3693
3368
-1074
-3676
60
5097
4971
1866
41
-1796
-3078
-1617
1762
2511
133
-2428
-4028
-4290
-2391
538
988
-1227
-2893
-2546
-1707
-909
532
1905
1656
172
-403
499
2144
3202
3564
3233
2564
2092
2094
2514
2749
3004
2775
1978
852
97
-121
-102
123
-67
-806
-1915
-2487
-2557
-2332
-1831
-1438
-1517
-2106
-2179
-1975
-1283
-247
594
697
217
89
223
1232
2251
2727
2320
1610
1194
1129
1665
2032
2007
1215
340
-280
-607
-482
-207
-324
-1195
-2084
-2566
-2476
-2186
-1957
-1993
-2276
-2573
-2598
-2159
-1560
-1032
-938
-1021
-942
-528
-118
266
526
519
272
15
-100
-123
-163
-360
-614
-1229
-1692
-2026
-568
1601
1254
-2362
-4324
-1656
1070
2621
2935
1422
-2622
-3674
310
3454
3782
3563
3340
-697
-3758
-311
5226
5887
2435
212
-1522
-2665
-1247
2033
2968
397
-2230
-3740
-3927
-2272
546
1258
-951
-2959
-2793
-1615
-626
531
1595
1506
286
-271
533
2202
3307
3577
3261
2696
2354
2203
2508
2795
3135
2938
2080
1025
218
-119
-264
149
177
-691
-2087
-2737
-2540
-2287
-1887
-1649
-1677
-2292
-2484
-2280
-1531
-391
340
321
-286
-235
82
976
1861
2434
2205
1423
1054
1125
1733
2064
2108
1465
641
-19
-368
-233
64
107
-662
-1613
-2230
-2231
-1975
-1748
-1727
-1954
-2260
-2424
-2181
-1630
-993
-778
-924
-1021
-790
-361
55
468
527
257
-63
-33
113
-113
-245
-203
-550
-1310
-1953
-1128
1208
2105
-698
-3940
-2748
255
2322
3049
2235
-1333
-3896
-1126
2729
3888
3586
3742
888
-3261
-1716
3945
6338
3411
633
-949
-2370
-1809
1025
3034
1336
-1407
-3370
-4109
-2982
-209
1370
-265
-2529
-2896
-1879
-888
162
1326
1604
632
-281
62
1558
2906
3403
3169
2597
2206
2043
2256
2523
2861
2953
2289
1125
57
-267
-146
292
291
-582
-1892
-2671
-2573
-2224
-1767
-1450
-1470
-2090
-2588
-2358
-1380
-136
645
660
-48
-422
-41
1143
2273
2574
2130
1333
855
923
1659
2245
2134
1253
226
-275
-317
22
229
-54
-949
-1811
-2154
-2072
-1809
-1682
-1769
-2055
-2313
-2350
-2023
-1441
-928
-819
-955
-891
-542
-178
87
382
504
362
44
-108
-176
-368
-572
-661
-794
-1564
-2299
-2581
-866
1456
960
-2660
-4458
-1956
670
2666
3372
1407
-3068
-3759
701
3780
4059
4037
3699
-660
-3412
626
5998
6108
2496
401
-1336
-2307
-704
2259
2804
245
-2177
-3919
-4276
-2350
545
905
-1668
-3404
-3027
-1876
-999
147
1249
1161
70
-501
281
1906
3125
3483
3110
2471
2079
2099
2536
2876
3138
2973
2080
727
-307
-237
371
714
-15
-1245
-2169
-2505
-2413
-2130
-1608
-1514
-1820
-2444
-2440
-1925
-986
-141
227
180
-203
-68
262
1288
2119
2396
1889
1273
1226
1347
1846
1987
1907
1277
584
90
-154
27
96
-144
-889
-1470
-1860
-2042
-1952
-1623
-1455
-1665
-1991
-2185
-1910
-1304
-625
-452
-594
-642
-462
-170
226
770
814
431
45
-39
-27
-212
-185
-190
-740
-1742
-2358
-2158
-2365
-1586
632
1236
-2047
-5172
-3233
189
2608
3468
2221
-1877
-4004
-264
3856
4990
4642
4316
917
-2688
-128
5308
6736
3496
968
-604
-2110
-1343
1448
2909
682
-2185
-3792
-4153
-2907
-644
409
-1309
-3376
-3586
-2409
-1160
-226
587
767
110
-340
313
1854
2980
3209
2976
2772
2764
2627
2628
2865
3208
3026
2011
1019
543
440
218
14
-310
-1051
-1795
-2217
-2342
-2450
-2250
-1827
-1846
-2266
-2354
-1907
-1332
-757
-154
71
-93
-148
271
1116
1723
1958
1807
1590
1428
1381
1609
1958
2133
1529
691
201
125
127
89
32
-395
-1162
-1935
-2106
-1702
-1259
-1263
-1737
-2150
-2129
-1745
-1307
-878
-627
-655
-795
-689
-246
231
479
406
235
62
-87
-140
-123
-291
-603
-992
-1323
-1890
-2231
-2551
-1880
443
1484
-1171
-4817
-3821
-369
2513
3824
2752
-1259
-4229
-1115
3455
5020
4686
4513
1678
-2688
-1352
4274
6941
4247
1156
-641
-2246
-1679
864
2461
804
-1564
-3146
-4386
-3876
-1320
631
-794
-3277
-3696
-2491
-1421
-807
104
800
472
-147
24
1182
2300
2939
3378
3338
2815
2259
2372
2751
2981
3160
2937
2069
665
-164
-26
513
475
-402
-1317
-1945
-2376
-2734
-2367
-1573
-1283
-1814
-2354
-2520
-2100
-1096
-155
163
-141
-400
-432
203
1202
2112
2285
1653
971
768
1391
2156
2551
2079
1175
328
-156
94
680
910
158
-1022
-1914
-2009
-1588
-1222
-1175
-1544
-2088
-2455
-2248
-1590
-976
-871
-1094
-1073
-845
-575
-264
183
356
130
20
-23
15
-15
10
-303
-534
-643
-1022
-1567
-1914
-1924
-1749
-21
1364
-94
-3534
-3982
-1044
1786
3624
3431
268
-3703
-2460
2434
4944
4655
4096
2594
-1323
-2098
2149
5867
4968
2032
-10
-2060
-2305
59
2281
1325
-1181
-2621
-3659
-3901
-2283
3
-146
-2417
-3561
-2801
-1554
-844
-212
475
680
361
152
661
1812
2880
3420
3185
2642
2436
2760
3101
2929
2898
2966
2469
1238
349
417
568
251
-375
-928
-1566
-2251
-2531
-2383
-2029
-1790
-1880
-2365
-2708
-2387
-1665
-953
-460
-284
-397
-504
-96
713
1500
1898
1814
1492
1182
1380
2015
2561
2466
1777
1065
641
582
738
882
601
-262
-1233
-1734
-1638
-1299
-1201
-1469
-1853
-2121
-2190
-2039
-1669
-1299
-1137
-1109
-1019
-915
-824
-433
145
311
142
158
248
43
-148
-70
-90
-294
-625
-943
-1493
-1899
-1944
-1366
254
1177
-483
-3536
-3682
-843
2100
3620
2841
-626
-3967
-2272
2558
4957
4463
3653
1546
-2271
-2295
2650
6200
4778
1750
-468
-2509
-2396
670
2951
1568
-1003
-2473
-3719
-3913
-1683
671
118
-2161
-3244
-2839
-1776
-480
489
646
437
356
213
415
1620
3099
3549
2934
2291
2178
2393
2594
2755
2971
2901
2089
887
106
162
601
679
66
-972
-1813
-2273
-2248
-1882
-1384
-1316
-1928
-2522
-2576
-2008
-1373
-681
-257
-504
-901
-755
55
758
1338
1705
1590
1094
884
1499
2271
2576
2166
1440
851
708
930
1059
918
413
-300
-1035
-1398
-1239
-873
-825
-1279
-1833
-2114
-2096
-1869
-1380
-894
-857
-1298
-1531
-1250
-693
-113
184
67
-284
-367
-242
-96
2
77
-176
-763
-1197
-1274
-1210
-1331
-1515
-1763
-799
611
53
-2618
-3585
-1166
1438
2885
2416
-188
-3229
-2240
2217
4425
3785
2760
1695
-911
-1426
2066
5003
4408
1833
-149
-1867
-1635
931
2473
1150
-1172
-2074
-2813
-3096
-1672
156
5
-1946
-2946
-2589
-1477
-336
372
447
130
178
396
730
1431
2424
3054
2821
2186
1834
2022
2549
2924
2904
2405
1597
956
633
631
680
639
156
-859
-1644
-1709
-1303
-1210
-1384
-1614
-1915
-2051
-1867
-1556
-1322
-949
-669
-744
-760
-324
157
344
596
1087
1331
1185
1151
1335
1595
1815
1855
1454
1004
980
1044
855
559
499
311
-264
-893
-1087
-877
-719
-816
-1217
-1646
-1847
-1732
-1407
-1137
-1067
-1240
-1403
-1407
-1196
-782
-363
-204
-453
-699
-657
-448
-351
-350
-345
-528
-888
-1162
-1242
-1278
-1320
-1272
-568
460
301
-1491
-2657
-1558
652
2533
2751
691
-2194
-2201
928
3386
3481
2727
1881
-107
-1159
728
3470
4121
2692
764
-1232
-1696
123
2101
1834
-23
-1245
-1995
-2353
-1660
-196
336
-648
-1779
-2204
-1667
-583
289
361
21
-16
128
302
729
1505
2149
2189
1786
1352
1351
1821
2299
2319
1914
1456
1068
696
461
444
499
291
-262
-873
-1248
-1266
-1078
-826
-820
-1219
-1561
-1508
-1318
-1164
-806
-431
-463
-634
-557
-248
63
440
824
820
516
457
808
1105
1140
1022
903
857
789
670
539
499
477
275
-162
-613
-778
-712
-587
-627
-886
-1171
-1356
-1379
-1263
-1027
-896
-968
-1128
-1213
-1107
-751
-295
-162
-500
-833
-672
-325
-199
-248
-348
-588
-856
-840
-707
-797
-1134
-1346
-1327
-783
212
417
-889
-2268
-1821
10
1753
2160
744
-1410
-1907
101
2324
2990
2512
1660
298
-536
594
2634
3613
2855
1236
-417
-963
240
1858
2124
905
-369
-1207
-1465
-903
112
547
-86
-936
-1482
-1494
-945
-95
384
99
-325
-391
-145
140
562
1126
1383
1126
668
615
1016
1421
1576
1441
1125
787
579
446
328
391
509
261
-347
-693
-503
-235
-253
-349
-408
-490
-582
-685
-714
-470
83
270
-176
-667
-530
-2
342
498
412
145
-83
25
227
339
493
559
324
-156
-288
-11
312
331
-18
-468
-733
-660
-462
-316
-299
-450
-777
-1004
-802
-402
-199
-216
-295
-425
-505
-341
-5
245
190
6
-197
-283
-220
-141
-68
-131
-363
-733
-943
-887
-958
-1133
-1175
-1353
-1441
-1197
-702
-557
-1096
-1610
-1505
-697
290
742
233
-777
-1000
-74
966
1581
1753
1441
711
247
752
1714
2324
2261
1742
831
237
627
1518
1887
1376
598
-8
-224
-113
283
657
506
-182
-854
-932
-528
-100
57
-15
-222
-523
-628
-368
79
365
293
-1
-119
106
341
309
170
226
336
286
137
42
42
109
115
-24
-80
74
239
110
-80
-74
173
333
315
259
174
206
314
432
314
158
124
131
108
55
75
43
-60
-248
-428
-477
-391
-311
-431
-614
-643
-558
-478
-434
-436
-464
-458
-340
-184
-82
-85
-79
-29
-29
72
302
508
457
206
96
222
464
543
386
168
19
-49
-69
-96
-90
-142
-367
-704
-927
-855
-686
-651
-858
-1167
-1385
-1385
-1213
-1096
-1147
-1227
-1276
-1222
-955
-622
-559
-809
-914
-713
-259
193
324
29
-345
-235
291
845
1096
1037
768
569
715
1114
1485
1578
1452
1201
940
839
1004
1380
1577
1314
722
348
400
592
704
669
547
233
-97
-276
-218
-24
102
31
-254
-444
-437
-330
-236
-143
-123
-237
-328
-359
-353
-229
26
154
-14
-195
-154
37
201
301
313
186
156
332
529
499
430
485
512
462
387
345
301
266
262
239
163
37
-112
-229
-217
-90
-63
-237
-425
-457
-366
-303
-262
-273
-317
-386
-379
-234
-143
-71
-43
-72
-145
-86
134
200
148
95
139
148
131
179
161
109
37
17
22
78
106
-20
-234
-335
-277
-217
-197
-212
-296
-440
-523
-484
-385
-344
-391
-464
-496
-469
-446
-402
-337
-334
-443
-569
-565
-495
-434
-403
-389
-454
-569
-591
-462
-298
-249
-262
-258
-231
-216
-90
126
206
100
42
204
409
551
632
609
458
406
600
801
801
699
667
623
531
504
610
673
528
281
142
203
323
328
167
-25
-109
-120
-88
-44
-16
-94
-229
-271
-192
-24
115
159
54
-83
-80
71
306
455
406
204
39
80
263
428
410
249
71
-3
55
147
173
49
-119
-227
-200
-103
-73
-137
-266
-332
-289
-187
-174
-270
-363
-384
-316
-188
-102
-183
-329
-328
-178
-62
-53
-65
-101
-199
-219
-87
46
74
22
-67
-146
-89
90
154
69
16
59
65
30
100
203
212
176
158
138
134
196
219
151
108
128
94
-43
-115
-40
3
-88
-225
-333
-363
-297
-229
-273
-348
-343
-309
-322
-289
-157
-74
-86
-98
-59
-13
92
246
251
147
157
312
359
225
132
175
252
275
236
131
5
-49
-41
-10
2
-48
-202
-363
-390
-299
-216
-236
-351
-486
-555
-508
-423
-370
-351
-312
-324
-389
-380
-222
-35
4
-66
-108
-38
91
244
359
377
305
244
290
454
631
653
543
447
470
591
672
642
547
481
462
442
429
410
359
271
184
160
147
90
11
-43
-74
-129
-197
-265
-314
-322
-295
-292
-373
-482
-518
-458
-405
-397
-393
-386
-376
-359
-303
-222
-176
-172
-135
-61
0
57
122
153
150
201
299
320
250
191
222
254
242
201
149
81
33
15
-26
-55
-50
-67
-196
-318
-291
-178
-167
-250
-258
-174
-124
-133
-107
-42
15
57
109
170
207
245
301
325
334
352
372
371
366
366
353
327
291
274
292
306
245
170
143
138
103
57
64
50
-73
-179
-191
-170
-234
-310
-351
-367
-386
-401
-405
-458
-483
-458
-383
-374
-428
-462
-444
-381
-321
-260
-200
-163
-155
-156
-110
-50
-24
9
72
142
195
236
227
181
186
289
362
340
289
253
246
256
289
304
241
169
99
36
45
104
116
-16
-151
-188
-180
-193
-205
-207
-267
-346
-385
-364
-344
-310
-283
-309
-337
-330
-282
-249
-175
-94
-53
-73
-102
-46
42
131
155
120
67
54
119
198
202
140
104
88
38
-29
-4
81
100
-5
-145
-184
-120
-42
-32
-57
-93
-95
-71
-20
32
80
106
111
90
67
124
248
311
267
254
280
269
219
253
334
328
275
255
280
285
282
276
253
223
212
226
225
184
149
137
112
117
122
106
55
20
32
42
10
-41
-74
-85
-80
-66
-78
-130
-170
-170
-142
-133
-123
-125
-185
-245
-232
-161
-131
-148
-152
-157
-178
-147
-71
-37
-37
-18
20
-17
-61
-21
44
73
77
75
27
-37
-67
-34
18
26
-16
-81
-133
-144
-111
-74
-64
-114
-196
-235
-203
-117
-73
-81
-111
-143
-108
-57
-24
-37
-29
33
62
20
-24
-27
-14
-11
-4
-12
-73
-110
-84
-52
-74
-98
-107
-118
-120
-130
-144
-150
-146
-120
-79
-61
-49
-24
6
15
48
114
152
158
151
171
199
219
254
294
269
173
104
112
180
225
204
121
37
38
75
114
131
132
121
97
105
140
175
195
204
217
203
166
163
215
270
255
212
157
106
54
57
113
140
73
-23
-56
-12
60
81
63
13
-39
-68
-50
0
24
-21
-90
-111
-89
-82
-94
-103
-126
-143
-165
-181
-178
-174
-172
-188
-184
-180
-182
-175
-164
-163
-177
-183
-155
-147
-134
-96
-86
-130
-152
-102
-74
-72
-56
-24
-46
-90
-78
-30
10
8
-10
-39
-42
-24
-26
-61
-70
-43
-57
-117
-134
-73
-19
-11
-44
-75
-101
-75
-3
37
11
-41
-76
-65
-6
59
70
22
-12
-12
9
90
190
200
117
49
87
195
298
340
286
197
158
200
266
298
295
272
226
168
165
212
232
203
127
70
46
42
46
2
-56
-100
-106
-113
-155
-179
-178
-158
-170
-216
-277
-298
-263
-215
-172
-158
-189
-239
-249
-181
-85
-42
-69
-89
-77
-49
-3
56
104
85
46
51
110
140
135
151
184
184
134
60
36
97
171
198
128
29
-10
28
105
158
127
14
-98
-132
-73
15
43
-34
-154
-214
-177
-103
-70
-74
-109
-174
-224
-207
-145
-85
-35
-30
-61
-77
-25
30
34
26
52
50
20
25
66
57
5
6
43
38
2
-20
-40
-66
-79
-67
-81
-123
-164
-193
-197
-153
-106
-114
-175
-225
-220
-199
-127
2
77
41
-30
-6
110
237
328
337
296
262
302
378
452
508
510
418
327
343
418
471
445
377
290
241
234
244
244
195
131
55
12
11
2
-28
-77
-149
-213
-258
-259
-257
-287
-318
-338
-353
-397
-414
-363
-328
-342
-383
-362
-296
-247
-237
-234
-211
-179
-131
-96
-68
-31
12
47
82
99
97
98
77
74
78
81
63
6
-28
-16
-2
-18
-72
-119
-155
-178
-175
-165
-157
-188
-246
-257
-232
-206
-187
-168
-139
-136
-106
-62
-32
-10
28
83
122
160
194
199
199
250
308
308
258
256
282
269
222
187
178
167
136
80
35
18
32
36
12
-33
-59
-64
-61
-40
-32
-38
-55
-90
-119
-128
-74
0
18
-3
-13
5
17
34
74
113
106
78
86
140
178
199
195
169
142
137
164
172
164
168
167
135
95
96
146
157
126
77
41
32
28
17
-22
-47
-68
-99
-136
-161
-146
-127
-144
-194
-220
-209
-188
-170
-162
-144
-123
-96
-69
-76
-79
-57
-15
31
52
63
76
86
112
154
198
214
186
161
161
174
178
171
159
143
100
45
-2
-49
-78
-114
-164
-221
-270
-297
-320
-351
-375
-397
-418
-430
-406
-370
-352
-330
-327
-363
-378
-326
-242
-192
-180
-163
-147
-111
-38
39
63
47
42
61
88
125
168
172
129
88
84
87
85
74
73
59
45
39
28
30
41
48
40
45
68
93
101
108
128
151
156
152
147
150
173
203
236
243
224
220
234
252
260
252
234
220
234
257
257
235
200
168
138
105
109
126
114
79
41
35
28
-4
-23
-24
-28
-68
-124
-140
-134
-132
-140
-164
-213
-271
-288
-279
-248
-228
-231
-219
-225
-208
-190
-171
-133
-98
-72
-49
-14
25
64
90
84
71
83
118
148
139
134
148
165
179
175
149
124
96
67
43
5
-37
-67
-103
-143
-188
-216
-205
-207
-254
-305
-286
-223
-210
-231
-233
-237
-245
-211
-143
-123
-119
-103
-112
-129
-123
-59
-21
-43
-59
-42
-14
5
24
24
9
0
-5
1
-12
-34
-34
-19
0
2
-9
-17
-7
4
14
32
51
77
106
137
175
209
224
231
252
272
276
280
297
320
318
300
285
278
261
255
259
240
208
184
170
163
172
173
158
126
104
97
90
67
35
15
-8
-47
-91
-105
-71
-63
-101
-144
-161
-145
-130
-130
-135
-143
-147
-150
-160
-169
-168
-151
-148
-159
-187
-190
-162
-140
-141
-146
-146
-141
-122
-98
-83
-76
-50
-24
-31
-56
-61
-47
-37
-41
-40
-36
-33
-36
-34
-38
-50
-39
-47
-63
-63
-54
-37
-22
-5
-13
-38
-45
-37
-33
-27
-29
-37
-29
-5
9
-8
-9
-4
-14
-24
-27
-13
-14
-34
-35
-40
-61
-86
-105
-115
-111
-86
-67
-76
-117
-140
-117
-82
-69
-69
-61
-51
-32
4
60
108
115
103
94
112
156
199
217
236
260
272
273
272
307
333
324
306
315
344
361
352
314
275
246
243
234
199
170
156
135
97
71
72
63
22
-23
-51
-60
-76
-91
-117
-108
-94
-113
-136
-157
-150
-142
-129
-128
-132
-148
-147
-136
-131
-134
-138
-133
-157
-191
-199
-186
-180
-195
-209
-210
-205
-190
-170
-154
-156
-160
-135
-114
-113
-115
-93
-65
-58
-45
-26
-15
-7
9
18
18
19
22
32
44
46
45
49
58
67
74
98
111
107
105
104
107
118
124
119
105
93
87
113
133
125
101
66
49
64
85
90
57
7
-13
-20
-18
-20
-36
-59
-88
-102
-86
-72
-59
-58
-69
-73
-62
-38
-19
-1
3
10
31
66
103
111
104
105
112
143
183
209
194
159
143
144
157
158
151
138
107
80
59
45
23
-13
-38
-59
-86
-102
-106
-101
-86
-97
-120
-134
-129
-130
-138
-144
-143
-131
-111
-92
-90
-90
-78
-63
-59
-52
-44
-35
-26
-15
-8
2
-6
-19
-20
-13
10
25
27
10
-18
-22
-3
16
7
-8
-24
-51
-64
-49
-36
-41
-52
-68
-71
-63
-56
-50
-57
-66
-57
-34
-3
8
-5
-15
6
53
78
87
81
68
72
87
114
148
153
131
97
80
90
107
120
109
67
17
-9
-16
-8
-4
-25
-54
-78
-89
-83
-77
-72
-65
-74
-91
-92
-59
-22
7
3
-16
-12
0
16
35
63
81
84
83
84
92
93
101
111
98
93
112
116
111
107
118
140
135
120
117
118
113
111
93
67
38
18
23
35
23
2
-34
-54
-50
-54
-64
-88
-120
-150
-161
-161
-156
-164
-177
-179
-176
-178
-178
-175
-166
-148
-135
-124
-105
-94
-94
-92
-89
-70
-45
-42
-39
-40
-38
-21
-2
10
17
31
37
36
25
18
25
24
26
31
43
50
46
53
51
44
32
33
45
50
50
52
57
49
47
58
74
78
74
70
53
41
55
83
89
74
49
34
33
33
28
14
-2
-9
-17
-26
-23
-27
-36
-32
-27
-42
-60
-74
-74
-67
-67
-63
-63
-69
-70
-57
-58
-61
-50
-26
-2
10
13
23
29
35
43
44
36
40
49
54
49
34
40
56
77
99
109
109
114
131
142
143
138
132
118
99
82
71
68
61
47
12
-26
-43
-50
-52
-49
-67
-94
-112
-105
-92
-96
-105
-105
-106
-117
-124
-121
-114
-121
-123
-118
-117
-117
-104
-76
-52
-30
-23
-24
-30
-25
1
26
41
45
43
27
3
-6
4
12
0
-26
-44
-48
-36
-19
-4
-5
-17
-23
-17
-2
21
46
59
53
22
4
14
33
48
42
19
6
16
34
57
69
83
99
100
90
81
79
78
62
33
8
-16
-36
-46
-61
-71
-79
-90
-100
-104
-99
-97
-90
-74
-44
-26
-29
-13
1
-5
-8
0
17
30
36
37
36
28
31
40
46
50
56
57
63
78
96
111
99
89
97
112
120
112
107
107
102
91
82
76
85
90
86
86
84
76
52
23
31
45
52
41
5
-33
-63
-78
-72
-69
-86
-100
-115
-131
-126
-103
-72
-51
-47
-46
-50
-36
-26
-29
-25
-22
-19
-41
-70
-71
-69
-65
-63
-69
-71
-73
-63
-42
-33
-34
-23
-26
-30
-22
-16
-14
-29
-45
-54
-51
-44
-43
-28
-26
-38
-43
-50
-43
-25
-9
0
1
-22
-33
-41
-51
-33
-7
-2
-25
-49
-59
-34
5
10
11
-8
-25
-21
-13
-21
-22
-17
-20
-22
-35
-55
-62
-54
-49
-29
-30
-42
-30
-25
-9
-14
-1
25
50
74
76
90
104
104
84
74
72
91
94
77
52
29
22
39
41
39
33
24
30
39
49
43
35
30
29
23
11
-2
-10
-27
-41
-49
-49
-45
-26
4
17
23
9
6
2
5
8
3
-13
-42
-73
-96
-118
-115
-86
-80
-88
-96
-96
-102
-76
-42
-20
-18
-8
8
10
6
1
24
42
26
10
-9
-22
-21
-3
15
6
0
-11
18
24
22
47
60
59
44
37
55
63
60
51
44
36
15
9
25
38
53
61
49
42
45
40
35
27
16
4
-10
-33
-64
-87
-106
-101
-103
-102
-104
-123
-121
-133
-148
-145
-138
-113
-90
-100
-110
-111
-101
-91
-70
-51
-48
-42
-48
-34
-27
-3
17
25
26
6
15
41
39
38
39
52
75
68
54
48
80
105
116
112
104
120
118
112
120
133
138
128
117
122
129
157
155
126
99
74
74
84
90
89
101
88
67
50
27
24
36
43
36
29
24
18
13
0
-6
-17
-29
-54
-57
-39
-67
-83
-97
-108
-98
-47
-50
33
13
347
260
-105
-37
7
200
393
928
105
-616
0
460
247
409
926
118
-440
286
652
581
649
535
22
-657
-78
848
448
-324
-852
-776
-652
-239
78
-336
-629
-827
-896
-734
-694
-552
-450
-599
-732
-695
-621
-707
-597
-275
98
297
151
-132
121
201
327
625
758
864
622
382
398
369
447
539
468
328
157
173
58
-251
-421
-454
-212
-141
-352
-560
-882
-1025
-862
-582
-278
-289
-479
-565
-549
-321
-92
160
205
138
212
311
403
469
501
542
606
691
741
615
430
294
311
437
489
389
181
-69
-216
-230
-184
-180
-311
-486
-603
-621
-584
-514
-484
-513
-489
-438
-384
-283
-210
-145
-55
52
166
217
217
196
225
325
413
454
409
278
168
152
208
222
178
95
-23
-99
-130
-171
-203
-256
-301
-312
-309
-319
-334
-301
-254
-180
-77
10
64
78
116
218
300
415
476
465
434
437
487
531
524
476
423
360
319
294
268
179
86
13
-43
-81
-113
-158
-230
-295
-281
-267
-260
-248
-274
-275
-245
-220
-193
-138
-87
-80
-88
-44
4
45
82
115
151
151
180
183
122
67
62
91
75
35
-14
-69
-75
-43
-43
-76
-100
-104
-97
-88
-107
-106
-73
-49
-16
1
9
16
26
37
67
96
104
133
150
139
143
155
178
173
131
101
126
123
83
45
-14
-68
-100
-107
-102
-125
-168
-186
-174
-174
-175
-167
-166
-158
-142
-125
-105
-92
-82
-48
-6
10
23
30
39
46
32
40
50
55
38
2
-25
-35
-28
-28
-47
-58
-60
-58
-78
-101
-92
-68
-58
-48
-34
-23
-37
-36
-24
3
35
72
101
97
101
113
125
153
151
162
185
190
171
130
99
87
112
111
87
74
74
89
87
50
13
15
32
66
65
14
2
13
-3
10
65
98
111
134
119
112
150
170
167
119
119
186
190
165
150
114
86
94
114
115
71
22
-15
-32
-42
-38
-52
-83
-117
-166
-175
-144
-136
-137
-154
-189
-184
-173
-183
-197
-208
-210
-197
-175
-155
-139
-114
-110
-109
-83
-61
-44
-63
-59
-53
-71
-73
-75
-103
-125
-137
-112
-89
-128
-167
-183
-161
-141
-136
-152
-176
-180
-174
-137
-115
-124
-125
-98
-71
-57
-47
-40
-27
-2
45
100
128
117
114
139
179
226
252
228
199
153
129
129
126
130
105
70
44
38
41
30
-17
-69
-49
-16
-2
3
-25
-65
-77
-84
-58
-16
-14
-17
-43
-71
-65
-43
-38
-63
-53
-25
22
44
23
20
52
86
94
103
107
112
109
78
59
70
61
35
34
45
49
39
28
12
25
52
62
48
38
54
77
75
74
59
39
49
64
82
87
54
20
16
31
43
51
51
34
24
20
32
49
31
13
20
24
22
23
18
-1
0
21
30
45
29
18
15
10
2
3
7
28
40
-3
-30
-30
-28
-38
-56
-77
-71
-65
-86
-115
-130
-105
-85
-82
-69
-56
-58
-46
-24
-3
22
-3
-19
10
17
13
11
2
-13
-16
-15
-12
4
4
14
22
24
38
40
14
6
21
39
60
59
44
26
43
64
44
27
38
33
8
1
-1
0
-12
-40
-45
-36
-20
-20
-47
-84
-85
-63
-45
-43
-61
-79
-96
-92
-47
-25
-39
-46
-54
-46
-29
-24
-17
4
9
-1
6
14
9
-5
-21
-26
0
12
12
2
1
-8
0
21
14
27
49
58
58
56
80
105
107
95
83
83
81
84
97
95
73
57
38
-1
-27
-28
-44
-57
-52
-63
-86
-99
-102
-101
-89
-58
-28
-21
-14
-6
-8
-2
5
19
20
35
58
54
30
29
49
37
32
22
0
-13
-4
6
-14
-40
-54
-62
-47
-17
-34
-57
-48
-46
-56
-48
-41
-40
-29
-24
-18
-4
18
39
37
15
14
38
59
71
68
55
56
57
53
53
63
66
42
14
0
1
5
-2
-3
-10
-28
-41
-45
-58
-69
-69
-76
-82
-86
-99
-120
-143
-138
-127
-133
-121
-105
-105
-116
-112
-104
-95
-66
-35
-16
-8
-6
16
42
56
61
61
63
67
94
97
77
57
40
38
42
30
-10
-34
-24
-13
-9
-19
-31
-30
-41
-37
-11
1
6
-7
-11
-9
8
30
39
48
54
71
86
89
100
96
90
89
100
110
101
75
50
46
38
35
47
37
11
11
7
8
25
13
1
-11
-8
7
22
30
22
19
28
50
58
49
42
53
55
48
39
40
25
9
26
30
21
16
4
-11
-9
11
10
-7
-21
-38
-44
-38
-27
-12
-19
-30
-21
3
4
-8
-16
-14
12
42
42
29
19
6
5
3
11
12
3
0
-10
-17
-22
-30
-34
-50
-65
-54
-40
-49
-70
-80
-92
-89
-69
-58
-65
-59
-47
-44
-40
-35
-24
-23
-23
-17
5
29
26
15
0
-4
11
26
27
18
5
-9
-15
-13
-26
-49
-50
-45
-55
-67
-63
-71
-91
-88
-82
-76
-79
-90
-91
-89
-71
-55
-55
-56
-40
-16
-9
-3
6
7
5
6
15
16
16
9
3
3
13
26
12
-3
-5
-5
3
1
-9
-12
-3
-6
-13
-3
3
18
30
18
21
43
48
56
68
77
88
79
78
85
94
110
124
108
94
105
109
107
105
95
82
74
67
56
35
23
26
17
-1
-9
-2
-8
-15
-13
-32
-46
-43
-38
-27
-29
-38
-40
-29
-23
-13
-3
0
20
37
34
33
48
62
62
51
42
35
31
43
38
18
1
-25
-45
-50
-49
-53
-64
-79
-101
-112
-118
-116
-113
-111
-115
-114
-93
-76
-74
-71
-58
-36
-16
-6
-3
-2
10
30
37
28
16
17
29
39
34
16
-1
-4
-2
-10
-26
-45
-69
-82
-79
-79
-87
-94
-106
-106
-95
-85
-73
-68
-62
-57
-46
-30
-17
-6
2
16
31
45
52
54
65
76
86
93
88
80
78
84
86
82
77
69
61
67
68
58
48
39
38
48
55
45
27
17
15
23
33
32
25
19
20
19
18
25
22
14
12
17
25
24
18
8
4
11
21
29
29
26
28
30
38
39
32
26
32
38
40
43
31
18
14
7
4
8
8
3
-1
-3
-7
-17
-26
-39
-46
-41
-34
-33
-40
-49
-64
-60
-50
-49
-45
-49
-54
-47
-42
-44
-51
-58
-62
-49
-33
-31
-39
-46
-42
-32
-22
-25
-31
-33
-27
-20
-16
-18
-22
-23
-19
-8
-10
-16
-20
-20
-15
-16
-27
-38
-51
-58
-57
-59
-67
-73
-77
-76
-65
-60
-60
-56
-53
-50
-33
-23
-20
-14
-4
6
12
21
24
36
52
67
73
67
70
76
77
76
74
66
64
68
69
69
69
58
46
46
50
55
62
63
63
52
43
47
51
53
57
58
50
48
53
51
45
36
29
25
23
22
21
8
-5
-15
-22
-26
-27
-24
-24
-21
-22
-22
-23
-25
-20
-18
-25
-27
-24
-29
-30
-25
-30
-36
-39
-41
-37
-32
-31
-38
-47
-55
-53
-59
-70
-72
-66
-62
-63
-62
-62
-58
-50
-40
-33
-30
-24
-16
-15
-12
-4
3
2
1
0
2
11
18
17
7
2
6
7
4
6
3
-8
-9
-1
7
14
13
7
5
9
20
30
31
29
28
25
24
29
31
27
23
26
32
34
32
33
31
26
30
34
32
30
33
34
33
31
29
30
37
46
52
55
58
64
62
56
56
56
51
45
39
34
30
25
15
1
-14
-19
-18
-22
-27
-33
-39
-44
-51
-59
-61
-55
-46
-38
-39
-41
-35
-30
-28
-23
-19
-17
-15
-16
-18
-13
-13
-20
-26
-33
-35
-29
-25
-28
-32
-36
-42
-40
-40
-37
-40
-45
-43
-40
-35
-26
-20
-22
-23
-22
-18
-9
1
8
0
-13
-19
-14
-15
-14
-13
-19
-26
-23
-19
-20
-17
-14
-13
-12
-9
-1
5
8
11
12
10
13
26
33
29
25
24
27
30
33
30
16
4
5
6
7
11
6
-8
-13
-6
2
8
12
15
21
24
33
41
38
40
52
60
65
70
71
73
73
76
78
73
69
68
65
56
48
39
29
26
22
13
1
-4
-3
2
3
2
-1
-9
-12
-9
-10
-10
-5
-7
-13
-15
-18
-25
-27
-30
-27
-23
-26
-32
-39
-48
-51
-47
-44
-45
-48
-49
-48
-48
-48
-41
-35
-33
-28
-28
-28
-23
-15
-12
-12
-18
-22
-23
-22
-21
-22
-26
-25
-23
-28
-33
-38
-45
-50
-47
-44
-38
-37
-39
-40
-39
-36
-23
-14
-8
-3
2
5
6
9
14
20
21
27
27
22
21
24
27
29
27
22
16
20
24
28
28
28
29
30
30
33
36
38
45
52
56
59
58
56
53
55
59
59
53
48
47
42
39
37
29
21
19
20
16
7
-4
-7
-10
-10
-9
-14
-20
-21
-18
-17
-14
-12
-13
-14
-13
-14
-14
-10
-6
-4
-10
-17
-21
-23
-19
-12
-14
-21
-26
-26
-21
-16
-17
-19
-23
-22
-14
-9
-11
-12
-13
-11
-4
0
2
-1
-2
-1
2
0
-3
-7
-11
-12
-15
-22
-28
